9.116551e+11 5.340420e+11
1.031122e+07 6.949622e+06
8.884966e+06 6.689830e+06
2.878342e+04 2.227621e+04
8.450618e+03 8.441873e+03
8.419201e+03 8.419086e+03
8.417714e+03 8.414359e+03
8.412853e+03 8.283398e+03
6.054646e+03 4.483946e+03
2.874201e+01 1.870786e+01
2.334379e-02 1.578281e-02
1.004996e-05 6.905381e-06
5.340468e-09 3.060222e-09
9.051363e+11 5.933386e+11
1.711240e+02 1.042360e+02
9.391596e+01 6.061083e+01
4.912327e+01 2.927784e+01
2.643890e+01 1.527385e+01
1.345000e+01 7.847438e+00
7.484952e+00 4.665022e+00
3.956096e+00 2.485357e+00
2.123977e+00 1.249067e+00
1.129913e+00 7.135579e-01
5.992792e-01 4.015085e-01
3.006004e-01 1.765949e-01
1.648069e-01 1.020795e-01
8.635745e-02 5.209151e-02
4.763465e-02 2.707323e-02
2.419488e-02 1.509956e-02
1.301081e-02 6.299842e-03
6.776610e-03 4.077870e-03
3.710554e-03 2.250574e-03
1.916165e-03 1.110658e-03
1.029777e-03 6.031731e-04
5.205441e-04 3.307189e-04
2.848878e-04 1.658986e-04
1.534610e-04 9.373545e-05
8.127313e-05 4.751820e-05
4.316599e-05 2.604303e-05
2.375461e-05 1.461438e-05
1.235118e-05 7.924644e-06
6.602767e-06 4.148979e-06
3.543018e-06 2.156557e-06
1.903135e-06 1.148313e-06
9.928514e-07 6.032887e-07
5.590462e-07 3.744777e-07
3.148785e-07 2.288300e-07
1.944637e-07 1.433765e-07
1.315897e-07 1.035393e-07
9.886702e-08 8.291727e-08
7.969615e-08 7.158545e-08
7.042735e-08 6.570795e-08
6.459567e-08 6.205238e-08
6.189765e-08 6.057709e-08
6.023919e-08 5.960015e-08
5.948252e-08 5.905227e-08
5.901794e-08 5.881370e-08
5.878846e-08 5.868580e-08
5.865920e-08 5.860093e-08
5.859525e-08 5.855586e-08
5.855381e-08 5.853911e-08
5.853465e-08 5.852490e-08
5.852473e-08 5.851777e-08
5.851646e-08 5.851371e-08
5.851584e-08 5.851160e-08
5.851001e-08 5.851047e-08
5.850987e-08 5.850961e-08
5.850836e-08 5.850919e-08
5.850833e-08 5.850879e-08
5.850822e-08 5.850853e-08
5.850822e-08 5.850836e-08
5.850822e-08 5.850825e-08
5.850822e-08 5.850814e-08
5.850819e-08 5.850808e-08
5.850819e-08 5.850805e-08
5.850819e-08 5.850802e-08
5.850819e-08 5.850799e-08
5.850819e-08 5.850799e-08
5.850819e-08 5.850799e-08
5.850819e-08 5.850796e-08
5.850819e-08 5.850796e-08
5.850819e-08 5.850796e-08
5.850819e-08 5.850796e-08
5.850819e-08 5.850796e-08
5.850819e-08 5.850796e-08
5.850819e-08 5.850796e-08
5.850819e-08 5.850796e-08
5.850819e-08 5.850796e-08
5.850819e-08 5.850796e-08
5.850819e-08 5.850796e-08
5.850819e-08 5.850796e-08
5.850819e-08 5.850796e-08
5.850819e-08 5.850796e-08
5.850819e-08 5.850796e-08
5.850819e-08 5.850796e-08
5.850819e-08 5.850796e-08
5.850819e-08 5.850796e-08
5.850819e-08 5.850796e-08
5.850819e-08 5.850796e-08
5.850819e-08 5.850796e-08
5.850819e-08 5.850796e-08
9.159030e+11 5.994242e+11
1.005968e+07 5.704269e+06
8.583847e+06 5.927227e+06
2.956581e+04 2.230516e+04
7.621970e+03 7.611403e+03
7.589510e+03 7.589317e+03
7.591807e+03 7.586905e+03
7.552104e+03 7.453212e+03
4.627923e+03 3.416773e+03
1.633178e+01 1.089040e+01
1.020456e-02 6.576504e-03
7.136340e-06 4.580992e-06
9.066137e+11 6.177190e+11
1.698320e+02 1.040197e+02
1.453091e+02 8.986485e+01
8.086874e+01 4.746210e+01
4.200885e+01 2.688748e+01
2.286886e+01 1.338148e+01
1.167338e+01 7.061860e+00
6.269929e+00 3.437670e+00
3.209561e+00 1.930089e+00
1.767386e+00 1.129002e+00
9.141482e-01 5.509442e-01
4.894887e-01 3.115782e-01
2.527792e-01 1.376584e-01
1.378007e-01 8.349259e-02
7.024405e-02 4.750980e-02
3.694991e-02 2.183778e-02
1.931781e-02 1.071224e-02
1.084659e-02 6.953312e-03
5.810200e-03 3.187983e-03
3.134670e-03 1.856598e-03
1.592525e-03 9.637340e-04
8.956376e-04 5.270148e-04
4.507082e-04 2.762999e-04
2.467522e-04 1.470286e-04
1.263424e-04 7.604984e-05
7.113718e-05 4.156080e-05
3.622150e-05 2.285601e-05
1.937285e-05 1.265067e-05
9.941683e-06 6.000252e-06
5.489770e-06 3.428595e-06
2.925045e-06 1.781861e-06
1.627771e-06 1.056898e-06
9.451926e-07 6.641681e-07
5.927477e-07 4.464490e-07
3.946450e-07 3.037866e-07
2.926269e-07 2.409986e-07
2.358414e-07 2.113221e-07
2.066879e-07 1.923526e-07
1.894281e-07 1.825996e-07
1.816174e-07 1.773324e-07
1.770777e-07 1.750905e-07
1.747599e-07 1.736916e-07
1.734399e-07 1.729915e-07
1.727785e-07 1.724794e-07
1.724289e-07 1.722933e-07
1.722472e-07 1.721663e-07
1.721472e-07 1.721047e-07
1.720923e-07 1.720740e-07
1.720618e-07 1.720514e-07
1.720499e-07 1.720443e-07
1.720417e-07 1.720382e-07
1.720350e-07 1.720347e-07
1.720328e-07 1.720327e-07
1.720327e-07 1.720316e-07
1.720322e-07 1.720306e-07
1.720321e-07 1.720299e-07
1.720320e-07 1.720294e-07
1.720320e-07 1.720291e-07
1.720305e-07 1.720289e-07
1.720305e-07 1.720288e-07
1.720305e-07 1.720287e-07
1.720305e-07 1.720287e-07
1.720305e-07 1.720286e-07
1.720305e-07 1.720286e-07
1.720305e-07 1.720286e-07
1.720305e-07 1.720286e-07
1.720305e-07 1.720286e-07
1.720305e-07 1.720286e-07
1.720305e-07 1.720286e-07
1.720305e-07 1.720286e-07
1.720305e-07 1.720286e-07
1.720305e-07 1.720286e-07
1.720305e-07 1.720286e-07
1.720305e-07 1.720286e-07
1.720305e-07 1.720286e-07
1.720305e-07 1.720286e-07
1.720305e-07 1.720286e-07
1.720305e-07 1.720286e-07
1.720305e-07 1.720286e-07
1.720305e-07 1.720286e-07
1.720305e-07 1.720286e-07
1.720305e-07 1.720286e-07
1.720305e-07 1.720286e-07
1.720305e-07 1.720286e-07
1.720305e-07 1.720286e-07
1.720305e-07 1.720286e-07
1.720305e-07 1.720286e-07
1.720305e-07 1.720286e-07
1.720305e-07 1.720286e-07
8.941828e+11 5.662816e+11
1.018126e+07 6.817056e+06
8.997128e+06 5.683553e+06
2.659857e+04 1.625589e+04
1.585847e+03 1.573729e+03
1.552983e+03 1.552950e+03
1.552885e+03 1.552582e+03
1.550435e+03 1.539429e+03
1.545727e+03 1.265989e+03
8.803098e+00 5.120439e+00
7.060003e-03 4.963205e-03
2.537302e-06 1.563354e-06
1.399599e-09 9.649739e-10
8.987877e+11 5.645117e+11
1.539148e+02 9.257636e+01
8.115329e+01 5.079770e+01
4.305084e+01 2.355222e+01
2.300601e+01 1.363439e+01
1.169302e+01 7.297866e+00
6.327902e+00 3.626625e+00
3.222755e+00 2.025246e+00
1.767404e+00 9.879569e-01
8.655321e-01 4.880809e-01
4.832035e-01 3.093713e-01
2.514683e-01 1.393368e-01
1.386313e-01 8.703434e-02
7.308086e-02 4.623889e-02
4.038229e-02 2.551694e-02
2.152712e-02 1.273642e-02
1.149265e-02 7.054468e-03
6.063569e-03 3.684594e-03
3.271778e-03 1.961498e-03
1.717408e-03 1.043761e-03
9.418492e-04 5.372331e-04
4.884062e-04 2.848345e-04
2.733275e-04 1.654866e-04
1.430483e-04 8.912749e-05
7.769661e-05 4.763766e-05
4.029154e-05 2.254700e-05
2.285092e-05 1.415373e-05
1.177403e-05 6.128017e-06
6.611950e-06 3.796937e-06
3.624475e-06 2.327239e-06
2.164890e-06 1.424096e-06
1.262366e-06 8.905164e-07
8.192472e-07 5.940094e-07
5.630822e-07 4.581715e-07
4.348784e-07 3.736298e-07
3.618959e-07 3.271764e-07
3.228231e-07 3.060523e-07
3.015897e-07 2.921030e-07
2.909170e-07 2.861120e-07
2.846635e-07 2.819696e-07
2.816397e-07 2.801791e-07
2.798057e-07 2.790905e-07
2.788999e-07 2.785286e-07
2.784060e-07 2.781956e-07
2.781629e-07 2.780470e-07
2.780210e-07 2.779521e-07
2.779522e-07 2.779146e-07
2.779060e-07 2.778836e-07
2.778825e-07 2.778728e-07
2.778714e-07 2.778660e-07
2.778632e-07 2.778608e-07
2.778565e-07 2.778574e-07
2.778544e-07 2.778552e-07
2.778542e-07 2.778535e-07
2.778540e-07 2.778523e-07
2.778536e-07 2.778515e-07
2.778535e-07 2.778509e-07
2.778520e-07 2.778504e-07
2.778520e-07 2.778501e-07
2.778520e-07 2.778499e-07
2.778520e-07 2.778498e-07
2.778519e-07 2.778496e-07
2.778519e-07 2.778496e-07
2.778519e-07 2.778495e-07
2.778519e-07 2.778495e-07
2.778519e-07 2.778494e-07
2.778519e-07 2.778494e-07
2.778519e-07 2.778494e-07
2.778519e-07 2.778494e-07
2.778519e-07 2.778494e-07
2.778519e-07 2.778494e-07
2.778519e-07 2.778494e-07
2.778519e-07 2.778494e-07
2.778519e-07 2.778494e-07
2.778519e-07 2.778494e-07
2.778519e-07 2.778494e-07
2.778519e-07 2.778494e-07
2.778519e-07 2.778494e-07
2.778519e-07 2.778494e-07
2.778519e-07 2.778494e-07
2.778519e-07 2.778494e-07
2.778519e-07 2.778494e-07
2.778519e-07 2.778494e-07
2.778519e-07 2.778494e-07
2.778519e-07 2.778494e-07
2.778519e-07 2.778494e-07
2.778519e-07 2.778494e-07
2.778519e-07 2.778494e-07
9.050875e+11 5.931883e+11
9.959474e+06 6.982135e+06
8.353606e+06 6.044398e+06
4.438993e+04 3.335527e+04
1.417881e+04 1.416218e+04
1.413600e+04 1.413581e+04
1.413767e+04 1.413135e+04
1.409437e+04 1.383967e+04
8.669121e+03 6.503164e+03
2.009981e+01 1.295689e+01
1.784614e-02 1.235054e-02
1.068876e-05 7.340415e-06
4.692680e-09 2.974133e-09
9.140680e+11 6.181303e+11
1.705176e+02 9.529759e+01
9.750930e+01 5.660554e+01
4.908928e+01 3.127585e+01
2.635862e+01 1.649057e+01
1.374611e+01 9.129722e+00
7.424291e+00 4.474659e+00
3.788322e+00 2.262382e+00
2.000330e+00 1.317604e+00
1.027925e+00 5.936646e-01
5.443038e-01 3.310271e-01
2.841062e-01 1.767963e-01
1.529333e-01 9.278388e-02
7.961229e-02 5.120731e-02
4.435371e-02 2.702306e-02
2.280864e-02 1.486799e-02
1.209630e-02 6.648525e-03
6.266011e-03 3.805653e-03
3.472822e-03 2.200246e-03
1.738899e-03 9.265663e-04
9.410959e-04 5.840324e-04
4.876718e-04 2.899818e-04
2.550311e-04 1.523255e-04
1.337572e-04 8.198248e-05
7.362699e-05 4.944941e-05
3.877864e-05 2.423858e-05
2.102269e-05 1.313559e-05
1.088243e-05 6.247768e-06
6.006487e-06 3.286153e-06
3.250474e-06 1.989583e-06
1.869398e-06 1.209761e-06
1.008647e-06 5.988531e-07
5.950479e-07 4.113628e-07
3.587457e-07 2.599112e-07
2.468554e-07 1.920553e-07
1.807266e-07 1.543284e-07
1.498990e-07 1.354948e-07
1.310250e-07 1.237182e-07
1.215232e-07 1.173937e-07
1.163575e-07 1.143304e-07
1.138071e-07 1.127153e-07
1.124265e-07 1.117829e-07
1.117185e-07 1.113808e-07
1.113226e-07 1.110936e-07
1.111278e-07 1.110309e-07
1.110110e-07 1.109441e-07
1.109555e-07 1.109248e-07
1.109211e-07 1.109082e-07
1.109056e-07 1.108991e-07
1.108951e-07 1.108921e-07
1.108880e-07 1.108890e-07
1.108862e-07 1.108874e-07
1.108856e-07 1.108860e-07
1.108856e-07 1.108850e-07
1.108855e-07 1.108843e-07
1.108854e-07 1.108838e-07
1.108850e-07 1.108835e-07
1.108850e-07 1.108833e-07
1.108850e-07 1.108832e-07
1.108850e-07 1.108831e-07
1.108850e-07 1.108830e-07
1.108850e-07 1.108829e-07
1.108850e-07 1.108829e-07
1.108849e-07 1.108829e-07
1.108849e-07 1.108828e-07
1.108849e-07 1.108828e-07
1.108849e-07 1.108828e-07
1.108849e-07 1.108828e-07
1.108849e-07 1.108828e-07
1.108849e-07 1.108828e-07
1.108849e-07 1.108828e-07
1.108849e-07 1.108828e-07
1.108849e-07 1.108828e-07
1.108849e-07 1.108828e-07
1.108849e-07 1.108828e-07
1.108849e-07 1.108828e-07
1.108849e-07 1.108828e-07
1.108849e-07 1.108828e-07
1.108849e-07 1.108828e-07
1.108849e-07 1.108828e-07
1.108849e-07 1.108828e-07
1.108849e-07 1.108828e-07
1.108849e-07 1.108828e-07
1.108849e-07 1.108828e-07
1.108849e-07 1.108828e-07
1.108849e-07 1.108828e-07
1.108849e-07 1.108828e-07
1.108849e-07 1.108828e-07
9.089527e+11 5.141856e+11
9.875951e+06 7.089916e+06
8.366002e+06 5.749045e+06
3.541552e+04 3.050737e+04
1.758203e+04 1.757440e+04
1.755730e+04 1.755669e+04
1.756063e+04 1.754463e+04
1.810360e+04 1.721459e+04
7.742836e+03 5.348746e+03
9.955627e+00 6.948062e+00
6.804406e-03 4.408834e-03
4.339508e-06 3.061969e-06
2.107043e-09 1.502400e-09
9.054425e+11 5.955536e+11
1.620461e+02 8.830267e+01
8.113958e+01 4.935488e+01
4.565517e+01 2.486520e+01
2.358848e+01 1.388911e+01
1.307244e+01 8.214631e+00
6.811267e+00 3.820562e+00
3.683670e+00 2.113389e+00
1.864460e+00 1.162985e+00
1.025425e+00 6.420640e-01
5.294026e-01 3.264873e-01
2.826278e-01 1.596879e-01
1.475858e-01 8.562698e-02
7.993883e-02 4.873558e-02
4.100631e-02 2.527339e-02
2.246005e-02 1.474530e-02
1.173489e-02 6.006665e-03
6.471142e-03 3.914901e-03
3.379290e-03 1.942088e-03
1.871807e-03 9.664757e-04
9.403947e-04 5.946404e-04
5.229671e-04 3.276937e-04
2.623748e-04 1.563688e-04
1.401774e-04 8.452916e-05
7.321971e-05 4.478036e-05
4.028342e-05 2.495057e-05
2.063309e-05 1.265248e-05
1.101086e-05 6.427489e-06
5.741080e-06 3.609438e-06
3.158461e-06 1.995797e-06
1.653361e-06 9.950558e-07
9.291857e-07 5.482928e-07
4.837306e-07 2.927059e-07
2.658780e-07 1.649210e-07
1.399001e-07 7.599911e-08
7.948373e-08 5.201221e-08
4.504375e-08 3.200719e-08
2.836413e-08 2.036944e-08
1.924371e-08 1.555779e-08
1.469635e-08 1.253306e-08
1.210429e-08 1.101179e-08
1.079090e-08 1.019947e-08
1.007405e-08 9.732304e-09
9.730115e-09 9.567771e-09
9.530339e-09 9.443909e-09
9.436150e-09 9.394569e-09
9.380869e-09 9.356114e-09
9.354920e-09 9.339203e-09
9.338947e-09 9.329284e-09
9.330222e-09 9.324793e-09
9.322719e-09 9.321752e-09
9.322179e-09 9.320416e-09
9.316494e-09 9.319820e-09
9.316125e-09 9.319422e-09
9.316068e-09 9.319194e-09
9.316039e-09 9.319052e-09
9.316039e-09 9.318967e-09
9.316039e-09 9.318882e-09
9.316039e-09 9.318853e-09
9.316039e-09 9.318825e-09
9.316039e-09 9.318796e-09
9.316039e-09 9.318796e-09
9.316039e-09 9.318768e-09
9.316039e-09 9.318768e-09
9.316039e-09 9.318768e-09
9.316039e-09 9.318768e-09
9.316039e-09 9.318768e-09
9.316039e-09 9.318768e-09
9.316039e-09 9.318768e-09
9.316039e-09 9.318768e-09
9.316039e-09 9.318768e-09
9.316039e-09 9.318768e-09
9.316039e-09 9.318768e-09
9.316039e-09 9.318768e-09
9.316039e-09 9.318768e-09
9.316039e-09 9.318768e-09
9.316039e-09 9.318768e-09
9.316039e-09 9.318768e-09
9.316039e-09 9.318768e-09
9.316039e-09 9.318768e-09
9.316039e-09 9.318768e-09
9.316039e-09 9.318768e-09
9.316039e-09 9.318768e-09
9.316039e-09 9.318768e-09
9.316039e-09 9.318768e-09
9.316039e-09 9.318768e-09
9.316039e-09 9.318768e-09
9.316039e-09 9.318768e-09
9.047151e+11 5.691887e+11
1.037661e+07 7.219429e+06
8.829246e+06 6.349163e+06
3.125130e+04 2.512192e+04
1.462069e+04 1.461173e+04
1.458634e+04 1.458598e+04
1.458518e+04 1.457782e+04
1.484917e+04 1.441714e+04
9.947701e+03 6.930857e+03
3.565438e+01 2.482302e+01
2.404085e-02 1.581402e-02
1.853887e-05 1.326890e-05
1.049651e-08 7.514217e-09
9.108576e+11 5.351347e+11
1.681047e+02 9.848920e+01
8.986852e+01 5.180650e+01
4.533803e+01 2.607100e+01
2.450278e+01 1.192323e+01
1.248375e+01 7.343464e+00
6.816529e+00 4.085193e+00
3.473028e+00 2.025983e+00
1.855850e+00 1.092231e+00
9.573309e-01 5.662491e-01
5.199307e-01 2.901856e-01
2.714415e-01 1.692129e-01
1.464294e-01 8.206674e-02
7.696922e-02 4.983135e-02
4.121277e-02 2.536764e-02
2.102604e-02 1.235300e-02
1.111920e-02 7.447447e-03
5.744794e-03 3.489313e-03
3.064936e-03 1.818059e-03
1.557749e-03 9.520330e-04
8.820902e-04 5.309397e-04
4.590233e-04 2.467455e-04
2.554745e-04 1.511767e-04
1.346446e-04 7.894507e-05
7.402363e-05 4.339820e-05
3.768749e-05 1.972515e-05
2.095108e-05 1.344320e-05
1.064533e-05 6.105812e-06
5.774881e-06 3.812573e-06
3.149092e-06 1.808234e-06
1.809289e-06 1.108232e-06
9.820383e-07 6.138088e-07
5.862978e-07 4.093450e-07
3.518603e-07 2.410697e-07
2.301888e-07 1.735860e-07
1.658719e-07 1.392324e-07
1.337582e-07 1.178539e-07
1.146726e-07 1.054205e-07
1.055286e-07 1.009419e-07
1.001692e-07 9.777372e-08
9.761831e-08 9.631717e-08
9.611398e-08 9.550092e-08
9.538698e-08 9.502750e-08
9.496694e-08 9.477969e-08
9.475440e-08 9.465012e-08
9.462991e-08 9.457608e-08
9.457034e-08 9.453896e-08
9.453561e-08 9.452285e-08
9.451719e-08 9.451026e-08
9.450730e-08 9.450312e-08
9.450014e-08 9.449923e-08
9.449951e-08 9.449695e-08
9.449900e-08 9.449596e-08
9.449775e-08 9.449502e-08
9.449732e-08 9.449434e-08
9.449730e-08 9.449388e-08
9.449718e-08 9.449354e-08
9.449718e-08 9.449329e-08
9.449715e-08 9.449312e-08
9.449715e-08 9.449300e-08
9.449715e-08 9.449292e-08
9.449715e-08 9.449286e-08
9.449715e-08 9.449283e-08
9.449118e-08 9.449280e-08
9.449118e-08 9.449278e-08
9.449118e-08 9.449278e-08
9.449118e-08 9.449278e-08
9.449118e-08 9.449275e-08
9.449118e-08 9.449275e-08
9.449118e-08 9.449275e-08
9.449118e-08 9.449275e-08
9.449118e-08 9.449275e-08
9.449118e-08 9.449275e-08
9.449118e-08 9.449275e-08
9.449118e-08 9.449275e-08
9.449118e-08 9.449275e-08
9.449118e-08 9.449275e-08
9.449118e-08 9.449275e-08
9.449118e-08 9.449275e-08
9.449118e-08 9.449275e-08
9.449118e-08 9.449275e-08
9.449118e-08 9.449275e-08
9.449118e-08 9.449275e-08
9.449118e-08 9.449275e-08
9.449118e-08 9.449275e-08
9.449118e-08 9.449275e-08
9.449118e-08 9.449275e-08
9.449118e-08 9.449275e-08
9.116712e+11 6.304843e+11
1.042007e+07 7.195125e+06
9.121755e+06 5.479959e+06
2.525705e+04 2.018710e+04
9.620981e+03 9.615370e+03
9.601745e+03 9.601294e+03
9.602838e+03 9.596674e+03
9.519058e+03 9.350421e+03
4.743599e+03 3.477184e+03
1.045465e+01 6.827934e+00
6.352525e-03 4.482336e-03
3.112216e-06 1.990865e-06
2.165336e-09 1.509875e-09
9.077470e+11 5.953640e+11
1.609970e+02 8.884835e+01
8.439539e+01 4.833973e+01
4.693397e+01 2.806897e+01
2.361288e+01 1.280087e+01
1.323899e+01 7.745667e+00
7.124141e+00 4.142310e+00
3.812613e+00 2.318097e+00
1.970872e+00 1.153211e+00
1.026231e+00 5.842204e-01
5.239818e-01 3.421996e-01
2.842806e-01 1.829907e-01
1.516401e-01 8.873677e-02
8.213846e-02 5.190521e-02
4.346253e-02 2.805705e-02
2.369010e-02 1.495818e-02
1.209642e-02 7.096395e-03
6.724489e-03 3.733137e-03
3.544244e-03 2.205206e-03
1.899028e-03 1.169079e-03
9.847095e-04 5.507793e-04
5.259868e-04 3.365273e-04
2.816040e-04 1.581951e-04
1.558197e-04 8.964400e-05
8.070792e-05 4.389345e-05
4.485701e-05 2.597044e-05
2.310450e-05 1.323407e-05
1.279945e-05 7.293352e-06
6.929013e-06 4.191600e-06
3.850506e-06 2.396497e-06
2.042969e-06 1.346558e-06
1.201769e-06 7.526707e-07
6.812034e-07 4.736144e-07
4.418138e-07 3.336631e-07
3.010980e-07 2.423137e-07
2.311774e-07 1.908146e-07
1.923813e-07 1.752131e-07
1.725688e-07 1.636404e-07
1.603903e-07 1.560633e-07
1.546365e-07 1.523427e-07
1.514292e-07 1.501064e-07
1.499012e-07 1.490619e-07
1.490467e-07 1.486018e-07
1.486417e-07 1.484183e-07
1.483906e-07 1.482794e-07
1.482709e-07 1.482043e-07
1.482003e-07 1.481661e-07
1.481640e-07 1.481467e-07
1.481409e-07 1.481355e-07
1.481354e-07 1.481278e-07
1.481268e-07 1.481239e-07
1.481238e-07 1.481219e-07
1.481206e-07 1.481203e-07
1.481190e-07 1.481192e-07
1.481185e-07 1.481183e-07
1.481185e-07 1.481177e-07
1.481184e-07 1.481174e-07
1.481183e-07 1.481171e-07
1.481183e-07 1.481169e-07
1.481183e-07 1.481168e-07
1.481183e-07 1.481167e-07
1.481183e-07 1.481167e-07
1.481124e-07 1.481166e-07
1.481124e-07 1.481166e-07
1.481124e-07 1.481166e-07
1.481124e-07 1.481166e-07
1.481124e-07 1.481166e-07
1.481124e-07 1.481166e-07
1.481124e-07 1.481166e-07
1.481124e-07 1.481166e-07
1.481124e-07 1.481166e-07
1.481124e-07 1.481166e-07
1.481124e-07 1.481166e-07
1.481124e-07 1.481166e-07
1.481124e-07 1.481166e-07
1.481124e-07 1.481166e-07
1.481124e-07 1.481166e-07
1.481124e-07 1.481166e-07
1.481124e-07 1.481166e-07
1.481124e-07 1.481166e-07
1.481124e-07 1.481166e-07
1.481124e-07 1.481166e-07
1.481124e-07 1.481166e-07
1.481124e-07 1.481166e-07
1.481124e-07 1.481166e-07
1.481124e-07 1.481166e-07
1.481124e-07 1.481166e-07
1.481124e-07 1.481166e-07
8.974563e+11 5.798018e+11
1.051002e+07 7.940953e+06
9.306733e+06 6.566205e+06
3.402455e+04 2.518470e+04
1.191653e+04 1.191006e+04
1.189640e+04 1.189605e+04
1.189355e+04 1.188745e+04
1.186441e+04 1.159900e+04
6.740181e+03 4.843871e+03
1.169311e+01 7.192063e+00
7.697322e-03 5.273059e-03
7.451780e-06 5.136123e-06
4.026305e-09 2.599819e-09
9.070649e+11 5.971169e+11
1.611986e+02 1.015218e+02
8.184237e+01 4.862753e+01
4.485518e+01 2.631050e+01
2.357880e+01 1.437933e+01
1.303505e+01 8.273661e+00
7.041252e+00 4.501701e+00
3.887936e+00 2.352554e+00
2.058646e+00 1.219385e+00
1.111959e+00 6.913616e-01
5.630505e-01 3.522091e-01
3.068287e-01 1.926708e-01
1.598499e-01 9.703660e-02
8.580136e-02 5.130567e-02
4.435734e-02 2.716087e-02
2.337875e-02 1.387861e-02
1.180997e-02 7.603448e-03
6.583472e-03 4.139622e-03
3.412382e-03 2.097123e-03
1.866488e-03 1.149235e-03
9.662585e-04 5.936425e-04
5.213152e-04 3.309932e-04
2.701519e-04 1.647534e-04
1.427816e-04 8.452503e-05
7.454694e-05 4.464566e-05
3.948963e-05 2.383952e-05
2.040758e-05 1.197748e-05
1.119013e-05 6.762683e-06
5.742518e-06 3.764418e-06
3.107799e-06 1.955681e-06
1.609529e-06 9.723077e-07
8.917414e-07 4.907817e-07
4.549176e-07 2.740834e-07
2.511387e-07 1.671396e-07
1.326963e-07 8.347317e-08
7.413647e-08 4.704339e-08
4.094051e-08 2.555529e-08
2.383413e-08 1.607077e-08
1.403845e-08 1.032652e-08
9.417846e-09 6.678789e-09
6.543416e-09 5.136684e-09
5.210978e-09 4.555574e-09
4.416222e-09 4.125610e-09
4.039720e-09 3.869218e-09
3.824709e-09 3.743878e-09
3.716366e-09 3.671545e-09
3.654179e-09 3.626980e-09
3.623938e-09 3.610040e-09
3.607539e-09 3.598984e-09
3.597592e-09 3.594579e-09
3.594977e-09 3.591254e-09
3.589491e-09 3.589548e-09
3.589264e-09 3.588724e-09
3.588866e-09 3.588184e-09
3.588866e-09 3.587957e-09
3.588752e-09 3.587814e-09
3.588752e-09 3.587729e-09
3.588752e-09 3.587701e-09
3.588752e-09 3.587672e-09
3.588752e-09 3.587644e-09
3.588752e-09 3.587644e-09
3.588752e-09 3.587644e-09
3.588752e-09 3.587616e-09
3.588752e-09 3.587616e-09
3.588752e-09 3.587616e-09
3.588752e-09 3.587616e-09
3.588752e-09 3.587616e-09
3.588752e-09 3.587616e-09
3.588752e-09 3.587616e-09
3.588752e-09 3.587616e-09
3.588752e-09 3.587616e-09
3.588752e-09 3.587616e-09
3.588752e-09 3.587616e-09
3.588752e-09 3.587616e-09
3.588752e-09 3.587644e-09
3.588752e-09 3.587644e-09
3.588752e-09 3.587644e-09
3.588752e-09 3.587644e-09
3.588752e-09 3.587644e-09
3.588752e-09 3.587644e-09
3.588752e-09 3.587644e-09
3.588752e-09 3.587644e-09
3.588752e-09 3.587644e-09
3.588752e-09 3.587644e-09
3.588752e-09 3.587644e-09
3.588752e-09 3.587644e-09
3.588752e-09 3.587672e-09
3.588752e-09 3.587672e-09
9.016362e+11 6.564856e+11
1.006054e+07 6.577280e+06
8.309672e+06 4.430582e+06
2.794277e+04 2.380697e+04
1.506751e+04 1.506367e+04
1.505498e+04 1.505453e+04
1.506869e+04 1.504459e+04
1.512734e+04 1.464760e+04
5.644056e+03 3.418516e+03
5.289274e+00 3.730545e+00
3.261402e-03 1.972757e-03
1.737950e-06 1.196389e-06
9.005684e+11 5.823570e+11
1.708775e+02 9.721592e+01
1.473966e+02 8.727235e+01
7.798923e+01 4.096621e+01
4.312314e+01 2.671756e+01
2.197637e+01 1.146434e+01
1.190652e+01 5.804999e+00
6.372875e+00 3.684154e+00
3.495088e+00 2.142598e+00
1.802510e+00 1.036059e+00
1.001925e+00 6.160909e-01
5.279857e-01 3.007013e-01
2.896250e-01 1.784343e-01
1.475810e-01 9.001635e-02
8.084423e-02 4.760466e-02
4.078123e-02 2.492095e-02
2.205114e-02 1.282159e-02
1.130895e-02 6.955617e-03
6.243243e-03 3.776566e-03
3.227912e-03 2.034332e-03
1.777431e-03 1.106498e-03
8.987287e-04 5.654142e-04
4.772063e-04 2.783910e-04
2.518126e-04 1.560976e-04
1.359072e-04 8.049045e-05
7.005581e-05 3.618028e-05
3.844693e-05 2.405638e-05
1.976567e-05 1.235416e-05
1.075503e-05 6.733295e-06
5.653709e-06 3.818434e-06
3.128514e-06 1.852425e-06
1.654612e-06 1.040634e-06
9.660204e-07 6.144039e-07
5.536236e-07 3.693369e-07
3.454404e-07 2.248485e-07
2.263781e-07 1.689208e-07
1.659552e-07 1.362218e-07
1.306998e-07 1.179565e-07
1.133906e-07 1.045681e-07
1.035907e-07 9.924059e-08
9.857087e-08 9.636460e-08
9.579071e-08 9.453780e-08
9.434680e-08 9.370976e-08
9.353721e-08 9.316281e-08
9.314459e-08 9.297418e-08
9.291230e-08 9.280259e-08
9.279597e-08 9.273847e-08
9.272608e-08 9.269985e-08
9.269195e-08 9.267288e-08
9.267021e-08 9.266498e-08
9.266364e-08 9.265761e-08
9.265688e-08 9.265423e-08
9.265466e-08 9.265170e-08
9.264923e-08 9.265028e-08
9.264880e-08 9.264926e-08
9.264866e-08 9.264861e-08
9.264716e-08 9.264826e-08
9.264716e-08 9.264789e-08
9.264713e-08 9.264775e-08
9.264713e-08 9.264758e-08
9.264713e-08 9.264750e-08
9.264701e-08 9.264741e-08
9.264701e-08 9.264738e-08
9.264701e-08 9.264735e-08
9.264701e-08 9.264733e-08
9.264701e-08 9.264733e-08
9.264701e-08 9.264730e-08
9.264701e-08 9.264730e-08
9.264701e-08 9.264730e-08
9.264701e-08 9.264730e-08
9.264701e-08 9.264730e-08
9.264701e-08 9.264730e-08
9.264701e-08 9.264730e-08
9.264701e-08 9.264730e-08
9.264701e-08 9.264730e-08
9.264701e-08 9.264730e-08
9.264701e-08 9.264730e-08
9.264701e-08 9.264730e-08
9.264701e-08 9.264730e-08
9.264701e-08 9.264730e-08
9.264701e-08 9.264730e-08
9.264701e-08 9.264730e-08
9.264701e-08 9.264730e-08
9.264701e-08 9.264730e-08
9.264701e-08 9.264730e-08
9.264701e-08 9.264730e-08
9.264701e-08 9.264730e-08
9.264701e-08 9.264730e-08
9.264701e-08 9.264730e-08
9.131345e+11 6.005776e+11
9.883286e+06 6.963663e+06
8.738124e+06 6.537607e+06
5.178304e+04 3.863448e+04
1.724298e+04 1.723010e+04
1.720572e+04 1.720543e+04
1.721077e+04 1.719439e+04
1.742577e+04 1.685963e+04
1.155899e+04 7.916676e+03
1.771902e+01 1.235847e+01
1.041005e-02 6.598482e-03
9.709040e-06 6.085474e-06
5.960430e-09 3.821896e-09
9.116106e+11 6.004069e+11
1.621277e+02 8.932552e+01
8.719139e+01 4.814739e+01
4.587182e+01 2.817630e+01
2.456868e+01 1.473111e+01
1.289794e+01 6.633374e+00
7.117996e+00 4.733857e+00
3.775108e+00 2.228073e+00
2.008837e+00 1.202638e+00
1.057514e+00 6.629371e-01
5.641812e-01 3.364492e-01
2.871408e-01 1.791768e-01
1.541129e-01 9.515157e-02
7.987668e-02 5.028622e-02
4.336469e-02 2.631211e-02
2.170810e-02 1.165943e-02
1.201959e-02 5.895657e-03
6.489972e-03 3.930150e-03
3.541351e-03 1.987445e-03
1.899836e-03 1.097594e-03
1.038399e-03 6.330453e-04
5.336051e-04 3.154413e-04
2.935762e-04 1.900829e-04
1.506656e-04 9.713326e-05
8.044040e-05 4.528262e-05
4.074637e-05 2.103133e-05
2.227843e-05 1.380379e-05
1.173543e-05 7.406988e-06
6.534332e-06 4.030623e-06
3.454249e-06 2.223201e-06
1.969337e-06 1.285464e-06
1.179841e-06 7.866103e-07
7.718288e-07 5.507360e-07
5.243628e-07 4.144283e-07
4.075131e-07 3.426763e-07
3.383060e-07 3.083678e-07
3.033062e-07 2.857981e-07
2.836252e-07 2.738717e-07
2.744008e-07 2.697748e-07
2.688115e-07 2.665398e-07
2.661193e-07 2.648013e-07
2.645434e-07 2.637660e-07
2.636811e-07 2.633225e-07
2.632440e-07 2.630204e-07
2.630249e-07 2.629232e-07
2.628990e-07 2.628505e-07
2.628356e-07 2.628031e-07
2.627987e-07 2.627840e-07
2.627782e-07 2.627701e-07
2.627681e-07 2.627638e-07
2.627634e-07 2.627595e-07
2.627584e-07 2.627568e-07
2.627522e-07 2.627552e-07
2.627517e-07 2.627536e-07
2.627501e-07 2.627527e-07
2.627501e-07 2.627520e-07
2.627499e-07 2.627515e-07
2.627499e-07 2.627512e-07
2.627496e-07 2.627510e-07
2.627496e-07 2.627509e-07
2.627496e-07 2.627508e-07
2.627496e-07 2.627507e-07
2.627496e-07 2.627507e-07
2.627496e-07 2.627507e-07
2.627496e-07 2.627507e-07
2.627496e-07 2.627507e-07
2.627496e-07 2.627507e-07
2.627496e-07 2.627506e-07
2.627496e-07 2.627506e-07
2.627496e-07 2.627506e-07
2.627496e-07 2.627506e-07
2.627496e-07 2.627506e-07
2.627496e-07 2.627506e-07
2.627496e-07 2.627506e-07
2.627496e-07 2.627506e-07
2.627496e-07 2.627506e-07
2.627496e-07 2.627506e-07
2.627496e-07 2.627506e-07
2.627496e-07 2.627506e-07
2.627496e-07 2.627506e-07
2.627496e-07 2.627506e-07
2.627496e-07 2.627506e-07
2.627496e-07 2.627506e-07
2.627496e-07 2.627506e-07
2.627496e-07 2.627506e-07
2.627496e-07 2.627506e-07
2.627496e-07 2.627506e-07
2.627496e-07 2.627506e-07
9.230169e+11 6.424604e+11
1.012563e+07 6.251328e+06
8.351691e+06 5.147097e+06
2.393805e+04 2.094557e+04
1.348740e+04 1.348162e+04
1.346911e+04 1.346884e+04
1.346984e+04 1.345954e+04
1.370971e+04 1.333935e+04
6.098533e+03 4.527856e+03
9.365674e+00 7.042924e+00
5.511382e-03 4.072447e-03
4.781231e-06 3.393865e-06
3.387385e-09 2.161528e-09
9.057638e+11 5.756791e+11
1.694078e+02 1.009295e+02
8.983446e+01 5.257423e+01
4.944298e+01 2.839571e+01
2.537147e+01 1.605418e+01
1.363959e+01 8.364498e+00
6.748115e+00 4.256940e+00
3.702051e+00 2.215985e+00
1.889034e+00 1.231573e+00
1.035190e+00 6.212622e-01
5.375096e-01 3.206970e-01
2.984838e-01 1.710436e-01
1.556068e-01 9.016552e-02
8.434660e-02 4.560510e-02
4.213733e-02 2.470320e-02
2.281373e-02 1.369989e-02
1.220864e-02 7.323671e-03
6.493129e-03 4.012098e-03
3.310284e-03 1.878045e-03
1.811807e-03 9.858387e-04
9.260854e-04 5.742417e-04
5.013084e-04 3.142053e-04
2.646412e-04 1.501507e-04
1.471746e-04 8.855972e-05
7.160178e-05 3.978660e-05
3.945575e-05 2.579614e-05
2.014121e-05 1.207728e-05
1.117384e-05 7.090683e-06
6.043565e-06 3.453578e-06
3.301333e-06 2.043989e-06
1.786525e-06 1.091213e-06
1.020632e-06 6.746368e-07
5.545242e-07 3.263908e-07
3.291688e-07 2.252877e-07
2.010130e-07 1.464262e-07
1.398244e-07 1.091367e-07
1.057663e-07 8.789237e-08
8.808038e-08 7.992324e-08
7.745584e-08 7.336720e-08
7.277521e-08 7.054305e-08
7.003004e-08 6.893637e-08
6.869664e-08 6.809756e-08
6.794627e-08 6.759549e-08
6.757492e-08 6.728308e-08
6.735200e-08 6.725656e-08
6.723795e-08 6.718201e-08
6.716857e-08 6.714166e-08
6.713864e-08 6.712301e-08
6.711670e-08 6.711093e-08
6.711068e-08 6.710516e-08
6.710377e-08 6.710206e-08
6.710204e-08 6.710005e-08
6.710152e-08 6.709885e-08
6.709655e-08 6.709811e-08
6.709607e-08 6.709760e-08
6.709607e-08 6.709720e-08
6.709567e-08 6.709695e-08
6.709567e-08 6.709678e-08
6.709567e-08 6.709666e-08
6.709567e-08 6.709661e-08
6.709564e-08 6.709655e-08
6.709564e-08 6.709652e-08
6.709564e-08 6.709649e-08
6.709564e-08 6.709647e-08
6.709564e-08 6.709647e-08
6.709564e-08 6.709647e-08
6.709564e-08 6.709644e-08
6.709564e-08 6.709644e-08
6.709564e-08 6.709644e-08
6.709564e-08 6.709644e-08
6.709564e-08 6.709644e-08
6.709564e-08 6.709644e-08
6.709564e-08 6.709644e-08
6.709564e-08 6.709644e-08
6.709564e-08 6.709644e-08
6.709564e-08 6.709644e-08
6.709564e-08 6.709644e-08
6.709564e-08 6.709644e-08
6.709564e-08 6.709644e-08
6.709564e-08 6.709644e-08
6.709564e-08 6.709644e-08
6.709564e-08 6.709644e-08
6.709564e-08 6.709644e-08
6.709564e-08 6.709644e-08
6.709564e-08 6.709644e-08
6.709564e-08 6.709644e-08
6.709564e-08 6.709644e-08
6.709564e-08 6.709644e-08
9.098839e+11 6.122099e+11
1.001360e+07 7.343778e+06
8.643613e+06 5.356813e+06
4.307313e+04 3.713121e+04
2.185424e+04 2.183851e+04
2.180982e+04 2.180918e+04
2.181929e+04 2.180311e+04
2.177654e+04 2.121533e+04
1.300455e+04 9.645129e+03
3.651722e+01 2.522181e+01
1.688627e-02 1.202505e-02
1.801369e-05 1.145825e-05
6.317094e-09 3.991090e-09
9.044700e+11 6.042324e+11
1.700560e+02 9.883322e+01
1.021475e+02 6.280683e+01
5.312988e+01 2.923476e+01
2.905555e+01 1.818960e+01
1.486550e+01 8.109090e+00
8.036489e+00 3.960964e+00
4.069602e+00 2.596861e+00
2.234942e+00 1.374148e+00
1.173368e+00 7.438005e-01
6.446877e-01 4.108796e-01
3.389348e-01 2.131344e-01
1.864413e-01 1.035664e-01
9.864162e-02 5.860994e-02
5.474448e-02 3.390321e-02
2.785306e-02 1.755623e-02
1.574403e-02 9.113483e-03
8.135136e-03 5.192653e-03
4.412926e-03 2.042063e-03
2.305171e-03 1.268045e-03
1.210734e-03 7.465057e-04
6.337482e-04 3.594564e-04
3.535069e-04 2.166225e-04
1.845345e-04 1.044296e-04
1.002745e-04 6.675531e-05
5.252005e-05 3.094387e-05
2.863151e-05 1.732673e-05
1.530336e-05 9.136689e-06
8.442564e-06 4.865388e-06
4.489838e-06 2.536563e-06
2.458160e-06 1.650889e-06
1.342887e-06 8.168269e-07
8.160306e-07 5.157208e-07
5.040590e-07 3.863512e-07
3.537040e-07 2.792720e-07
2.692464e-07 2.374278e-07
2.265364e-07 2.055732e-07
2.019198e-07 1.918106e-07
1.906052e-07 1.859175e-07
1.839033e-07 1.809323e-07
1.807101e-07 1.792231e-07
1.788807e-07 1.780416e-07
1.779203e-07 1.774987e-07
1.773828e-07 1.771480e-07
1.771109e-07 1.769571e-07
1.769559e-07 1.768842e-07
1.768799e-07 1.768438e-07
1.768354e-07 1.768159e-07
1.768178e-07 1.768057e-07
1.768040e-07 1.767981e-07
1.767960e-07 1.767931e-07
1.767938e-07 1.767904e-07
1.767884e-07 1.767890e-07
1.767879e-07 1.767877e-07
1.767863e-07 1.767870e-07
1.767862e-07 1.767863e-07
1.767862e-07 1.767859e-07
1.767858e-07 1.767857e-07
1.767858e-07 1.767855e-07
1.767858e-07 1.767854e-07
1.767858e-07 1.767853e-07
1.767858e-07 1.767852e-07
1.767858e-07 1.767852e-07
1.767858e-07 1.767852e-07
1.767858e-07 1.767852e-07
1.767858e-07 1.767852e-07
1.767858e-07 1.767852e-07
1.767858e-07 1.767852e-07
1.767858e-07 1.767852e-07
1.767858e-07 1.767852e-07
1.767858e-07 1.767852e-07
1.767858e-07 1.767852e-07
1.767858e-07 1.767852e-07
1.767858e-07 1.767852e-07
1.767858e-07 1.767852e-07
1.767858e-07 1.767852e-07
1.767858e-07 1.767852e-07
1.767858e-07 1.767852e-07
1.767858e-07 1.767852e-07
1.767858e-07 1.767852e-07
1.767858e-07 1.767852e-07
1.767858e-07 1.767852e-07
1.767858e-07 1.767852e-07
1.767858e-07 1.767852e-07
1.767858e-07 1.767852e-07
1.767858e-07 1.767852e-07
1.767858e-07 1.767852e-07
1.767858e-07 1.767852e-07
9.029910e+11 6.344814e+11
1.054178e+07 7.356549e+06
9.114127e+06 5.786848e+06
5.618043e+04 4.258690e+04
1.346439e+04 1.345130e+04
1.342041e+04 1.341998e+04
1.341923e+04 1.341257e+04
1.335432e+04 1.303263e+04
6.223312e+03 4.344726e+03
2.129446e+01 1.467263e+01
1.201312e-02 8.629031e-03
4.732505e-06 3.174850e-06
2.648562e-09 1.889845e-09
9.077877e+11 5.425743e+11
1.695457e+02 9.257907e+01
8.875315e+01 4.946360e+01
4.711149e+01 3.178600e+01
2.400241e+01 1.466693e+01
1.340269e+01 8.562293e+00
6.975293e+00 4.457774e+00
3.915670e+00 2.594513e+00
2.052688e+00 1.160486e+00
1.141020e+00 6.569453e-01
5.818005e-01 3.616870e-01
3.128816e-01 1.804218e-01
1.627128e-01 9.571740e-02
9.153391e-02 5.761789e-02
4.724274e-02 3.119894e-02
2.612700e-02 1.485823e-02
1.334290e-02 8.554007e-03
7.235520e-03 4.166204e-03
3.702648e-03 2.373256e-03
2.036553e-03 1.297312e-03
1.076057e-03 6.354972e-04
5.815230e-04 3.583803e-04
3.026139e-04 1.831761e-04
1.658628e-04 9.719674e-05
8.777732e-05 5.714176e-05
4.687907e-05 2.589074e-05
2.499137e-05 1.486528e-05
1.284650e-05 7.560423e-06
6.680321e-06 4.382249e-06
3.628494e-06 2.328267e-06
1.939860e-06 1.255055e-06
1.090410e-06 6.004369e-07
5.784790e-07 3.593125e-07
3.320517e-07 2.171190e-07
1.954629e-07 1.431440e-07
1.281127e-07 9.701836e-08
9.041543e-08 7.284845e-08
7.113297e-08 6.112359e-08
6.000155e-08 5.532144e-08
5.441288e-08 5.179845e-08
5.125773e-08 5.004054e-08
4.967754e-08 4.899363e-08
4.876850e-08 4.841840e-08
4.832046e-08 4.811730e-08
4.806827e-08 4.795973e-08
4.794725e-08 4.790206e-08
4.788629e-08 4.785588e-08
4.784940e-08 4.783783e-08
4.783388e-08 4.782311e-08
4.781822e-08 4.781708e-08
4.781685e-08 4.781390e-08
4.781515e-08 4.781191e-08
4.781464e-08 4.781049e-08
4.781461e-08 4.780995e-08
4.780861e-08 4.780949e-08
4.780850e-08 4.780921e-08
4.780850e-08 4.780898e-08
4.780847e-08 4.780884e-08
4.780847e-08 4.780873e-08
4.780847e-08 4.780867e-08
4.780847e-08 4.780861e-08
4.780847e-08 4.780858e-08
4.780847e-08 4.780858e-08
4.780847e-08 4.780858e-08
4.780847e-08 4.780856e-08
4.780847e-08 4.780856e-08
4.780847e-08 4.780856e-08
4.780847e-08 4.780856e-08
4.780847e-08 4.780856e-08
4.780847e-08 4.780856e-08
4.780847e-08 4.780856e-08
4.780847e-08 4.780856e-08
4.780847e-08 4.780856e-08
4.780847e-08 4.780856e-08
4.780847e-08 4.780856e-08
4.780847e-08 4.780856e-08
4.780847e-08 4.780856e-08
4.780847e-08 4.780856e-08
4.780847e-08 4.780856e-08
4.780847e-08 4.780856e-08
4.780847e-08 4.780856e-08
4.780847e-08 4.780856e-08
4.780847e-08 4.780856e-08
4.780847e-08 4.780856e-08
4.780847e-08 4.780856e-08
4.780847e-08 4.780856e-08
4.780847e-08 4.780856e-08
4.780847e-08 4.780856e-08
9.117196e+11 6.241017e+11
1.002862e+07 7.233367e+06
8.867663e+06 6.261321e+06
2.577292e+04 2.088638e+04
1.192692e+04 1.192276e+04
1.191511e+04 1.191462e+04
1.192445e+04 1.190544e+04
1.220274e+04 1.149552e+04
3.510135e+03 2.193027e+03
5.378669e+00 3.779555e+00
3.025424e-03 2.044211e-03
2.252051e-06 1.680228e-06
1.526928e-09 9.341647e-10
9.080483e+11 5.444226e+11
1.600814e+02 9.489358e+01
8.284037e+01 4.637564e+01
4.537891e+01 2.723858e+01
2.372398e+01 1.385803e+01
1.286275e+01 7.719099e+00
6.646150e+00 4.103941e+00
3.661658e+00 2.254386e+00
1.954608e+00 1.018363e+00
1.055973e+00 6.793220e-01
5.439074e-01 3.551879e-01
3.032591e-01 1.842804e-01
1.566898e-01 1.006464e-01
8.541010e-02 5.240878e-02
4.396486e-02 2.347688e-02
2.300159e-02 1.440396e-02
1.196305e-02 6.805249e-03
6.427746e-03 3.457434e-03
3.334375e-03 2.002841e-03
1.827405e-03 1.081544e-03
9.146994e-04 5.041112e-04
5.030464e-04 2.369591e-04
2.650728e-04 1.597252e-04
1.433951e-04 8.924161e-05
7.412412e-05 4.229415e-05
4.151562e-05 2.554109e-05
2.218598e-05 1.337376e-05
1.205019e-05 6.557760e-06
6.379231e-06 3.881939e-06
3.423336e-06 2.168165e-06
1.859467e-06 1.259060e-06
1.073228e-06 7.001419e-07
6.055974e-07 3.851138e-07
3.881934e-07 2.740553e-07
2.490770e-07 1.887460e-07
1.830411e-07 1.527340e-07
1.458561e-07 1.289484e-07
1.285589e-07 1.210118e-07
1.181079e-07 1.135915e-07
1.131078e-07 1.106262e-07
1.103892e-07 1.092661e-07
1.090451e-07 1.083175e-07
1.082811e-07 1.080053e-07
1.079156e-07 1.077530e-07
1.077056e-07 1.076068e-07
1.075989e-07 1.075505e-07
1.075357e-07 1.075133e-07
1.075064e-07 1.074946e-07
1.074907e-07 1.074811e-07
1.074804e-07 1.074776e-07
1.074780e-07 1.074745e-07
1.074775e-07 1.074725e-07
1.074713e-07 1.074711e-07
1.074708e-07 1.074701e-07
1.074708e-07 1.074694e-07
1.074692e-07 1.074690e-07
1.074692e-07 1.074687e-07
1.074691e-07 1.074685e-07
1.074691e-07 1.074683e-07
1.074691e-07 1.074683e-07
1.074691e-07 1.074682e-07
1.074691e-07 1.074681e-07
1.074691e-07 1.074681e-07
1.074691e-07 1.074681e-07
1.074691e-07 1.074680e-07
1.074691e-07 1.074680e-07
1.074691e-07 1.074680e-07
1.074691e-07 1.074680e-07
1.074691e-07 1.074680e-07
1.074691e-07 1.074680e-07
1.074691e-07 1.074680e-07
1.074691e-07 1.074680e-07
1.074691e-07 1.074680e-07
1.074691e-07 1.074680e-07
1.074691e-07 1.074680e-07
1.074691e-07 1.074680e-07
1.074691e-07 1.074680e-07
1.074691e-07 1.074680e-07
1.074691e-07 1.074680e-07
1.074691e-07 1.074680e-07
1.074691e-07 1.074680e-07
1.074691e-07 1.074680e-07
1.074691e-07 1.074680e-07
1.074691e-07 1.074680e-07
1.074691e-07 1.074680e-07
1.074691e-07 1.074680e-07
1.074691e-07 1.074680e-07
1.074691e-07 1.074680e-07
9.145209e+11 6.241244e+11
1.042225e+07 7.475199e+06
9.237662e+06 6.729592e+06
3.372562e+04 2.669490e+04
1.740179e+04 1.739444e+04
1.738050e+04 1.737995e+04
1.739022e+04 1.737026e+04
1.735881e+04 1.674813e+04
7.112936e+03 5.149714e+03
6.949810e+00 4.300669e+00
5.353581e-03 3.724429e-03
2.667267e-06 1.635023e-06
9.088814e+11 5.454617e+11
1.686515e+02 9.988419e+01
1.389959e+02 7.443002e+01
7.591417e+01 4.490600e+01
3.975532e+01 2.401357e+01
2.179850e+01 1.219170e+01
1.106437e+01 5.552769e+00
5.921642e+00 3.277881e+00
3.090015e+00 1.922838e+00
1.665654e+00 1.042788e+00
8.516915e-01 4.760214e-01
4.725225e-01 2.711022e-01
2.377200e-01 1.521271e-01
1.312151e-01 8.123633e-02
6.721683e-02 4.278982e-02
3.714230e-02 2.239641e-02
1.852862e-02 1.075115e-02
9.747913e-03 5.651033e-03
5.094580e-03 2.884237e-03
2.842167e-03 1.521617e-03
1.524033e-03 8.737717e-04
8.195383e-04 4.442291e-04
4.284148e-04 2.790977e-04
2.371816e-04 1.416276e-04
1.284451e-04 8.355442e-05
7.163904e-05 4.092490e-05
3.678492e-05 2.394032e-05
1.987325e-05 1.212141e-05
1.009402e-05 5.917889e-06
5.534154e-06 3.465870e-06
2.904934e-06 1.833406e-06
1.603023e-06 1.043027e-06
8.483559e-07 5.504283e-07
4.990393e-07 3.367159e-07
2.992761e-07 2.147011e-07
1.960563e-07 1.484665e-07
1.365122e-07 1.116751e-07
1.080871e-07 9.501420e-08
9.162545e-08 8.407085e-08
8.330045e-08 7.859620e-08
7.836132e-08 7.631127e-08
7.604081e-08 7.483789e-08
7.463444e-08 7.404262e-08
7.397739e-08 7.362266e-08
7.360035e-08 7.342533e-08
7.342524e-08 7.334714e-08
7.331627e-08 7.326403e-08
7.326707e-08 7.323823e-08
7.323916e-08 7.322387e-08
7.322330e-08 7.321646e-08
7.321384e-08 7.321009e-08
7.321313e-08 7.320838e-08
7.320730e-08 7.320688e-08
7.320565e-08 7.320583e-08
7.320548e-08 7.320503e-08
7.320523e-08 7.320460e-08
7.320511e-08 7.320426e-08
7.320511e-08 7.320406e-08
7.320511e-08 7.320386e-08
7.320509e-08 7.320378e-08
7.320509e-08 7.320372e-08
7.320509e-08 7.320367e-08
7.320509e-08 7.320364e-08
7.320509e-08 7.320361e-08
7.320509e-08 7.320358e-08
7.320509e-08 7.320358e-08
7.320509e-08 7.320358e-08
7.320509e-08 7.320358e-08
7.320509e-08 7.320358e-08
7.320509e-08 7.320358e-08
7.320509e-08 7.320358e-08
7.320509e-08 7.320358e-08
7.320509e-08 7.320358e-08
7.320509e-08 7.320358e-08
7.320509e-08 7.320358e-08
7.320509e-08 7.320358e-08
7.320509e-08 7.320358e-08
7.320509e-08 7.320358e-08
7.320509e-08 7.320358e-08
7.320509e-08 7.320358e-08
7.320509e-08 7.320358e-08
7.320509e-08 7.320361e-08
7.320509e-08 7.320361e-08
7.320509e-08 7.320361e-08
7.320509e-08 7.320361e-08
7.320509e-08 7.320361e-08
7.320509e-08 7.320361e-08
7.320509e-08 7.320361e-08
7.320509e-08 7.320361e-08
9.087291e+11 5.409435e+11
9.793003e+06 6.838881e+06
8.269082e+06 5.854308e+06
2.746763e+04 1.905079e+04
4.191432e+03 4.182998e+03
4.167108e+03 4.167016e+03
4.166988e+03 4.165668e+03
4.132075e+03 4.097329e+03
2.689904e+03 2.261419e+03
1.354037e+01 9.818947e+00
9.071060e-03 5.897234e-03
4.901403e-06 3.745392e-06
9.130242e+11 5.719410e+11
1.703100e+02 1.001169e+02
1.389301e+02 8.843117e+01
7.251862e+01 4.216939e+01
3.858110e+01 2.339672e+01
2.027039e+01 1.210382e+01
1.086435e+01 6.258260e+00
5.733675e+00 3.163157e+00
3.023813e+00 1.735025e+00
1.552890e+00 9.082417e-01
8.569058e-01 5.128613e-01
4.517933e-01 2.802525e-01
2.397347e-01 1.372965e-01
1.256184e-01 7.511371e-02
6.802429e-02 4.424404e-02
3.574686e-02 2.061603e-02
1.887378e-02 1.233867e-02
9.751870e-03 6.022274e-03
5.182594e-03 3.193489e-03
2.696933e-03 1.614258e-03
1.435905e-03 9.072070e-04
7.496755e-04 4.794795e-04
4.161648e-04 2.383336e-04
2.203760e-04 1.368181e-04
1.168517e-04 7.166478e-05
6.107232e-05 3.890266e-05
3.281584e-05 2.073684e-05
1.690054e-05 1.049247e-05
8.903637e-06 5.284561e-06
4.647434e-06 2.748534e-06
2.519453e-06 1.670204e-06
1.360578e-06 7.787854e-07
7.506933e-07 5.042220e-07
3.986552e-07 2.647970e-07
2.369366e-07 1.497262e-07
1.426304e-07 1.005232e-07
9.237036e-08 6.841114e-08
6.508978e-08 5.406875e-08
5.180050e-08 4.610402e-08
4.369002e-08 4.048482e-08
3.993122e-08 3.818195e-08
3.764333e-08 3.670354e-08
3.658980e-08 3.607801e-08
3.600283e-08 3.575124e-08
3.570014e-08 3.556079e-08
3.553112e-08 3.545293e-08
3.544631e-08 3.540785e-08
3.539884e-08 3.537599e-08
3.537536e-08 3.536269e-08
3.536022e-08 3.535385e-08
3.535143e-08 3.534882e-08
3.534922e-08 3.534615e-08
3.534387e-08 3.534467e-08
3.534336e-08 3.534390e-08
3.534325e-08 3.534342e-08
3.534322e-08 3.534308e-08
3.534322e-08 3.534291e-08
3.534171e-08 3.534277e-08
3.534171e-08 3.534265e-08
3.534171e-08 3.534259e-08
3.534171e-08 3.534254e-08
3.534171e-08 3.534251e-08
3.534171e-08 3.534248e-08
3.534171e-08 3.534248e-08
3.534169e-08 3.534248e-08
3.534169e-08 3.534248e-08
3.534169e-08 3.534248e-08
3.534169e-08 3.534248e-08
3.534169e-08 3.534248e-08
3.534169e-08 3.534248e-08
3.534169e-08 3.534248e-08
3.534169e-08 3.534248e-08
3.534169e-08 3.534248e-08
3.534169e-08 3.534248e-08
3.534169e-08 3.534248e-08
3.534169e-08 3.534248e-08
3.534169e-08 3.534248e-08
3.534169e-08 3.534248e-08
3.534169e-08 3.534248e-08
3.534169e-08 3.534248e-08
3.534169e-08 3.534248e-08
3.534169e-08 3.534248e-08
3.534169e-08 3.534248e-08
3.534169e-08 3.534248e-08
3.534169e-08 3.534248e-08
3.534169e-08 3.534248e-08
3.534169e-08 3.534248e-08
3.534169e-08 3.534248e-08
3.534169e-08 3.534248e-08
9.140338e+11 6.545075e+11
1.074811e+07 6.937156e+06
9.302798e+06 6.919274e+06
3.511363e+04 2.689250e+04
8.859402e+03 8.846831e+03
8.824402e+03 8.824263e+03
8.823673e+03 8.819669e+03
8.768114e+03 8.618984e+03
5.530801e+03 3.688427e+03
8.050743e+00 5.373443e+00
5.251173e-03 3.360717e-03
3.315422e-06 2.201601e-06
9.110561e+11 6.114519e+11
1.700771e+02 1.031136e+02
1.524379e+02 9.518176e+01
7.816648e+01 4.752606e+01
4.249538e+01 2.485969e+01
2.208022e+01 1.296956e+01
1.166629e+01 7.574112e+00
6.055820e+00 4.014834e+00
3.342665e+00 2.023006e+00
1.687177e+00 9.585208e-01
9.077308e-01 5.235071e-01
4.634510e-01 2.808155e-01
2.636660e-01 1.534104e-01
1.359213e-01 8.644012e-02
7.510491e-02 4.625084e-02
3.951934e-02 2.412909e-02
2.142629e-02 1.336081e-02
1.101488e-02 6.574226e-03
6.001672e-03 3.610668e-03
3.032810e-03 1.877444e-03
1.615832e-03 8.869298e-04
8.393334e-04 4.695766e-04
4.616666e-04 2.905362e-04
2.430921e-04 1.568493e-04
1.354437e-04 7.898274e-05
7.121428e-05 3.781000e-05
3.816243e-05 2.419053e-05
1.999495e-05 1.052926e-05
1.130435e-05 7.627764e-06
5.960630e-06 3.727531e-06
3.443019e-06 2.355896e-06
2.010233e-06 1.365245e-06
1.288368e-06 9.684492e-07
8.702974e-07 7.032547e-07
6.721653e-07 5.822233e-07
5.572945e-07 4.998998e-07
5.031336e-07 4.779282e-07
4.712240e-07 4.573164e-07
4.555711e-07 4.479797e-07
4.466443e-07 4.425263e-07
4.422092e-07 4.403166e-07
4.395164e-07 4.381693e-07
4.381991e-07 4.376287e-07
4.374423e-07 4.371066e-07
4.370707e-07 4.368918e-07
4.368527e-07 4.367506e-07
4.367378e-07 4.366908e-07
4.366766e-07 4.366490e-07
4.366424e-07 4.366275e-07
4.366254e-07 4.366141e-07
4.366145e-07 4.366069e-07
4.366059e-07 4.366036e-07
4.366037e-07 4.365998e-07
4.365977e-07 4.365972e-07
4.365961e-07 4.365955e-07
4.365955e-07 4.365940e-07
4.365895e-07 4.365932e-07
4.365894e-07 4.365924e-07
4.365894e-07 4.365920e-07
4.365890e-07 4.365917e-07
4.365889e-07 4.365915e-07
4.365889e-07 4.365914e-07
4.365889e-07 4.365913e-07
4.365889e-07 4.365912e-07
4.365889e-07 4.365911e-07
4.365889e-07 4.365911e-07
4.365889e-07 4.365911e-07
4.365889e-07 4.365911e-07
4.365889e-07 4.365911e-07
4.365889e-07 4.365910e-07
4.365889e-07 4.365910e-07
4.365889e-07 4.365910e-07
4.365889e-07 4.365910e-07
4.365889e-07 4.365910e-07
4.365889e-07 4.365910e-07
4.365889e-07 4.365910e-07
4.365889e-07 4.365910e-07
4.365889e-07 4.365910e-07
4.365889e-07 4.365910e-07
4.365889e-07 4.365910e-07
4.365889e-07 4.365910e-07
4.365889e-07 4.365910e-07
4.365889e-07 4.365910e-07
4.365889e-07 4.365910e-07
4.365889e-07 4.365910e-07
4.365889e-07 4.365910e-07
4.365889e-07 4.365910e-07
4.365889e-07 4.365910e-07
4.365889e-07 4.365910e-07
9.093145e+11 6.500345e+11
9.732159e+06 6.882042e+06
8.298713e+06 5.681265e+06
5.096591e+04 3.827848e+04
1.744963e+04 1.743683e+04
1.741565e+04 1.741527e+04
1.741890e+04 1.740290e+04
1.750500e+04 1.695344e+04
7.293142e+03 5.415309e+03
1.204449e+01 8.676654e+00
1.077386e-02 7.228209e-03
9.795187e-06 6.948683e-06
9.088322e+11 5.997126e+11
1.697386e+02 9.344396e+01
1.383534e+02 7.213821e+01
7.069019e+01 4.264876e+01
3.836125e+01 2.280462e+01
1.935971e+01 1.098145e+01
1.054841e+01 6.240136e+00
5.537978e+00 3.546706e+00
2.934436e+00 1.690496e+00
1.517041e+00 9.426479e-01
8.138848e-01 4.421248e-01
4.270558e-01 2.513724e-01
2.299352e-01 1.390702e-01
1.181753e-01 7.025016e-02
6.518872e-02 3.318950e-02
3.462661e-02 2.211319e-02
1.882118e-02 1.144133e-02
9.637795e-03 5.740316e-03
5.179952e-03 3.084321e-03
2.750767e-03 1.698709e-03
1.409598e-03 8.831048e-04
7.348583e-04 4.354253e-04
3.911133e-04 2.161177e-04
2.030540e-04 1.081948e-04
1.124257e-04 7.156081e-05
5.973146e-05 3.524746e-05
3.269231e-05 1.886408e-05
1.732316e-05 1.052940e-05
9.423372e-06 5.636900e-06
4.955025e-06 2.872534e-06
2.673545e-06 1.572607e-06
1.429831e-06 8.761463e-07
8.044862e-07 4.098944e-07
4.505443e-07 2.874247e-07
2.708106e-07 1.798311e-07
1.632733e-07 1.242262e-07
1.094722e-07 8.683196e-08
8.220948e-08 6.996379e-08
6.892122e-08 6.196061e-08
6.133814e-08 5.800982e-08
5.772480e-08 5.600060e-08
5.547736e-08 5.441893e-08
5.441470e-08 5.387568e-08
5.378300e-08 5.352985e-08
5.347266e-08 5.334888e-08
5.330176e-08 5.321832e-08
5.321527e-08 5.317847e-08
5.316610e-08 5.314627e-08
5.314104e-08 5.313126e-08
5.313086e-08 5.312231e-08
5.311790e-08 5.311830e-08
5.311503e-08 5.311568e-08
5.311449e-08 5.311421e-08
5.311435e-08 5.311333e-08
5.311432e-08 5.311270e-08
5.311392e-08 5.311236e-08
5.311387e-08 5.311207e-08
5.311387e-08 5.311190e-08
5.311387e-08 5.311176e-08
5.311375e-08 5.311168e-08
5.311375e-08 5.311159e-08
5.311375e-08 5.311156e-08
5.311375e-08 5.311153e-08
5.311375e-08 5.311151e-08
5.311375e-08 5.311151e-08
5.311375e-08 5.311151e-08
5.311375e-08 5.311151e-08
5.311375e-08 5.311148e-08
5.311375e-08 5.311148e-08
5.311375e-08 5.311148e-08
5.311375e-08 5.311148e-08
5.311375e-08 5.311148e-08
5.311375e-08 5.311148e-08
5.311375e-08 5.311148e-08
5.311375e-08 5.311148e-08
5.311375e-08 5.311148e-08
5.311375e-08 5.311148e-08
5.311375e-08 5.311148e-08
5.311375e-08 5.311148e-08
5.311375e-08 5.311148e-08
5.311375e-08 5.311148e-08
5.311375e-08 5.311148e-08
5.311375e-08 5.311148e-08
5.311375e-08 5.311148e-08
5.311375e-08 5.311148e-08
5.311375e-08 5.311148e-08
5.311375e-08 5.311148e-08
5.311375e-08 5.311148e-08
5.311375e-08 5.311148e-08
9.068607e+11 6.192311e+11
1.005444e+07 6.501633e+06
8.836345e+06 5.539204e+06
3.549291e+04 2.434627e+04
5.266385e+03 5.252153e+03
5.217499e+03 5.217391e+03
5.217908e+03 5.216161e+03
5.210207e+03 5.140522e+03
4.978053e+03 3.795784e+03
2.009538e+01 1.229865e+01
8.011400e-03 4.782544e-03
4.663248e-06 3.048797e-06
9.110398e+11 5.989803e+11
1.705857e+02 9.429111e+01
1.456307e+02 8.759857e+01
7.825089e+01 4.288945e+01
4.064581e+01 2.544615e+01
2.241585e+01 1.469422e+01
1.131140e+01 7.046491e+00
6.220010e+00 3.801201e+00
3.047579e+00 1.906114e+00
1.664224e+00 1.014315e+00
8.582464e-01 4.673260e-01
4.745070e-01 2.925624e-01
2.474389e-01 1.366970e-01
1.354106e-01 7.917549e-02
6.928882e-02 4.365334e-02
3.817078e-02 2.315261e-02
1.892980e-02 1.243775e-02
1.046580e-02 6.451099e-03
5.295663e-03 2.826279e-03
2.929440e-03 1.824894e-03
1.508977e-03 8.235075e-04
8.078019e-04 4.292332e-04
4.139353e-04 2.704968e-04
2.252438e-04 1.143959e-04
1.189431e-04 7.272443e-05
6.636608e-05 4.078191e-05
3.476415e-05 1.992228e-05
1.857375e-05 1.169477e-05
9.761565e-06 5.256678e-06
5.213461e-06 3.195468e-06
2.708404e-06 1.543061e-06
1.477403e-06 9.890220e-07
7.589367e-07 4.309676e-07
3.994983e-07 2.632805e-07
2.111445e-07 1.228544e-07
1.192495e-07 8.048889e-08
6.679659e-08 4.649203e-08
4.074238e-08 2.771171e-08
2.560552e-08 1.920367e-08
1.883015e-08 1.535199e-08
1.460091e-08 1.280031e-08
1.263305e-08 1.167385e-08
1.152108e-08 1.107551e-08
1.094307e-08 1.068756e-08
1.061747e-08 1.048394e-08
1.046391e-08 1.038131e-08
1.037370e-08 1.032871e-08
1.032811e-08 1.030662e-08
1.030040e-08 1.028843e-08
1.029002e-08 1.028096e-08
1.027661e-08 1.027698e-08
1.027419e-08 1.027462e-08
1.027365e-08 1.027306e-08
1.027351e-08 1.027240e-08
1.027348e-08 1.027195e-08
1.027342e-08 1.027175e-08
1.027308e-08 1.027163e-08
1.027308e-08 1.027152e-08
1.027308e-08 1.027146e-08
1.027308e-08 1.027144e-08
1.027308e-08 1.027141e-08
1.027308e-08 1.027141e-08
1.027308e-08 1.027138e-08
1.027308e-08 1.027138e-08
1.027308e-08 1.027138e-08
1.027308e-08 1.027138e-08
1.027308e-08 1.027135e-08
1.027303e-08 1.027135e-08
1.027303e-08 1.027135e-08
1.027303e-08 1.027135e-08
1.027303e-08 1.027135e-08
1.027303e-08 1.027135e-08
1.027303e-08 1.027135e-08
1.027303e-08 1.027135e-08
1.027303e-08 1.027135e-08
1.027303e-08 1.027135e-08
1.027303e-08 1.027135e-08
1.027303e-08 1.027135e-08
1.027308e-08 1.027138e-08
1.027308e-08 1.027138e-08
1.027308e-08 1.027138e-08
1.027308e-08 1.027138e-08
1.027308e-08 1.027138e-08
1.027308e-08 1.027138e-08
1.027308e-08 1.027138e-08
1.027308e-08 1.027138e-08
1.027308e-08 1.027138e-08
1.027308e-08 1.027138e-08
1.027308e-08 1.027138e-08
8.970400e+11 5.139583e+11
1.070048e+07 6.589650e+06
9.361917e+06 6.715197e+06
3.659031e+04 3.160894e+04
1.983725e+04 1.982807e+04
1.981449e+04 1.981390e+04
1.981597e+04 1.979667e+04
1.938116e+04 1.892702e+04
5.742192e+03 3.956658e+03
5.292408e+00 3.606514e+00
3.433632e-03 2.458652e-03
2.609331e-06 1.904947e-06
9.058765e+11 6.091514e+11
1.703963e+02 9.201805e+01
1.223876e+02 6.602417e+01
6.384968e+01 3.884052e+01
3.537755e+01 2.267785e+01
1.805564e+01 1.062374e+01
9.832962e+00 5.603349e+00
5.035937e+00 3.165417e+00
2.713741e+00 1.565504e+00
1.373014e+00 8.500756e-01
7.592551e-01 4.644144e-01
4.031604e-01 2.354610e-01
2.227246e-01 1.203620e-01
1.124320e-01 6.416561e-02
6.296082e-02 3.907634e-02
3.184317e-02 1.920799e-02
1.763758e-02 9.138482e-03
9.040663e-03 5.355305e-03
4.991500e-03 3.127955e-03
2.611595e-03 1.385754e-03
1.452148e-03 8.620200e-04
7.219217e-04 4.614817e-04
4.008269e-04 2.387208e-04
2.041512e-04 1.260295e-04
1.084582e-04 6.577649e-05
5.587600e-05 3.102754e-05
3.008483e-05 1.833627e-05
1.559272e-05 9.526454e-06
8.442052e-06 4.921321e-06
4.349866e-06 2.442954e-06
2.333344e-06 1.315074e-06
1.196397e-06 7.289446e-07
6.824809e-07 4.443395e-07
3.542262e-07 2.174034e-07
2.001638e-07 1.216593e-07
1.042530e-07 5.853798e-08
5.431531e-08 3.386228e-08
2.886085e-08 1.811790e-08
1.648624e-08 1.007763e-08
8.737516e-09 4.745573e-09
5.336659e-09 3.906962e-09
3.380421e-09 2.384326e-09
2.378187e-09 1.962917e-09
1.803642e-09 1.561858e-09
1.537927e-09 1.395307e-09
1.366544e-09 1.291426e-09
1.289294e-09 1.252488e-09
1.242938e-09 1.223725e-09
1.221224e-09 1.211703e-09
1.210196e-09 1.203489e-09
1.202210e-09 1.199538e-09
1.195644e-09 1.197492e-09
1.195502e-09 1.196412e-09
1.193996e-09 1.195929e-09
1.193882e-09 1.195644e-09
1.193882e-09 1.195502e-09
1.193825e-09 1.195417e-09
1.193825e-09 1.195360e-09
1.193825e-09 1.195332e-09
1.193825e-09 1.195332e-09
1.193825e-09 1.195332e-09
1.193825e-09 1.195303e-09
1.193825e-09 1.195303e-09
1.193825e-09 1.195303e-09
1.193825e-09 1.195303e-09
1.193825e-09 1.195303e-09
1.193825e-09 1.195303e-09
1.193825e-09 1.195303e-09
1.193825e-09 1.195303e-09
1.193825e-09 1.195303e-09
1.193825e-09 1.195303e-09
1.193825e-09 1.195303e-09
1.193825e-09 1.195303e-09
1.193825e-09 1.195303e-09
1.193825e-09 1.195303e-09
1.193825e-09 1.195303e-09
1.193825e-09 1.195303e-09
1.193825e-09 1.195303e-09
1.193825e-09 1.195303e-09
1.193825e-09 1.195332e-09
1.193825e-09 1.195332e-09
1.193825e-09 1.195332e-09
1.193825e-09 1.195332e-09
1.193825e-09 1.195332e-09
1.193825e-09 1.195332e-09
1.193825e-09 1.195332e-09
1.193825e-09 1.195332e-09
1.193825e-09 1.195332e-09
1.193825e-09 1.195332e-09
9.085142e+11 5.707693e+11
1.047898e+07 7.646366e+06
9.111692e+06 6.437692e+06
3.788908e+04 3.096168e+04
1.405549e+04 1.404374e+04
1.402485e+04 1.402462e+04
1.402626e+04 1.401822e+04
1.395949e+04 1.370640e+04
9.656814e+03 7.332794e+03
2.012625e+01 1.418787e+01
1.492171e-02 9.912202e-03
1.035955e-05 7.529562e-06
4.626713e-09 3.413874e-09
9.094115e+11 5.403776e+11
1.703580e+02 1.027658e+02
8.659256e+01 4.796057e+01
4.750663e+01 2.561181e+01
2.421874e+01 1.454044e+01
1.319465e+01 8.021049e+00
6.887044e+00 4.265032e+00
3.632915e+00 2.057475e+00
1.921254e+00 1.128779e+00
1.061017e+00 6.979246e-01
5.344772e-01 3.219570e-01
2.947101e-01 1.625521e-01
1.571103e-01 9.849735e-02
8.659153e-02 5.242909e-02
4.163425e-02 2.355183e-02
2.155423e-02 1.277409e-02
1.121850e-02 6.442831e-03
6.034800e-03 3.498894e-03
3.195201e-03 2.031837e-03
1.717292e-03 1.024679e-03
9.166454e-04 5.000889e-04
4.973012e-04 3.136507e-04
2.606920e-04 1.561762e-04
1.455648e-04 8.746443e-05
7.529255e-05 4.351455e-05
4.037476e-05 2.673511e-05
2.150480e-05 1.213602e-05
1.201657e-05 7.816808e-06
6.439225e-06 3.459349e-06
3.914586e-06 2.570862e-06
2.292618e-06 1.644349e-06
1.515253e-06 1.030023e-06
1.059455e-06 8.847318e-07
8.293642e-07 7.244027e-07
7.017623e-07 6.387251e-07
6.398701e-07 6.102932e-07
6.037505e-07 5.873832e-07
5.862021e-07 5.785000e-07
5.758045e-07 5.711402e-07
5.708063e-07 5.684989e-07
5.679985e-07 5.668201e-07
5.665619e-07 5.659005e-07
5.657998e-07 5.654540e-07
5.654128e-07 5.652338e-07
5.651987e-07 5.651057e-07
5.650939e-07 5.650382e-07
5.650306e-07 5.650030e-07
5.649964e-07 5.649841e-07
5.649802e-07 5.649713e-07
5.649652e-07 5.649637e-07
5.649628e-07 5.649579e-07
5.649605e-07 5.649550e-07
5.649539e-07 5.649523e-07
5.649518e-07 5.649502e-07
5.649516e-07 5.649490e-07
5.649463e-07 5.649482e-07
5.649462e-07 5.649476e-07
5.649462e-07 5.649472e-07
5.649458e-07 5.649469e-07
5.649458e-07 5.649468e-07
5.649458e-07 5.649467e-07
5.649458e-07 5.649466e-07
5.649458e-07 5.649465e-07
5.649458e-07 5.649465e-07
5.649458e-07 5.649464e-07
5.649458e-07 5.649464e-07
5.649458e-07 5.649464e-07
5.649458e-07 5.649464e-07
5.649458e-07 5.649464e-07
5.649458e-07 5.649464e-07
5.649458e-07 5.649464e-07
5.649458e-07 5.649464e-07
5.649458e-07 5.649464e-07
5.649458e-07 5.649464e-07
5.649458e-07 5.649464e-07
5.649458e-07 5.649464e-07
5.649458e-07 5.649464e-07
5.649458e-07 5.649464e-07
5.649458e-07 5.649464e-07
5.649458e-07 5.649464e-07
5.649458e-07 5.649464e-07
5.649458e-07 5.649464e-07
5.649458e-07 5.649464e-07
5.649458e-07 5.649464e-07
5.649458e-07 5.649464e-07
5.649458e-07 5.649464e-07
5.649458e-07 5.649464e-07
5.649458e-07 5.649464e-07
8.946838e+11 5.898240e+11
9.342051e+06 6.189994e+06
8.463192e+06 5.463499e+06
3.801590e+04 2.729630e+04
1.073466e+04 1.072734e+04
1.070787e+04 1.070767e+04
1.070486e+04 1.070041e+04
1.071229e+04 1.047929e+04
6.480194e+03 4.661546e+03
1.664859e+01 1.148436e+01
1.256342e-02 8.540605e-03
1.106438e-05 8.058927e-06
6.495355e-09 4.013344e-09
9.054605e+11 5.558849e+11
1.703871e+02 1.003353e+02
9.604445e+01 5.703342e+01
5.139047e+01 2.840759e+01
2.613312e+01 1.618229e+01
1.395989e+01 8.685376e+00
7.338852e+00 4.099911e+00
3.881069e+00 2.360356e+00
2.003305e+00 9.698617e-01
1.088023e+00 6.229445e-01
5.673898e-01 3.135018e-01
3.151691e-01 1.937057e-01
1.662976e-01 1.062778e-01
9.273501e-02 5.479770e-02
4.995688e-02 2.883685e-02
2.660416e-02 1.306188e-02
1.368701e-02 8.908537e-03
7.524790e-03 4.689519e-03
3.876559e-03 2.359843e-03
2.094912e-03 1.281381e-03
1.076180e-03 6.030726e-04
5.895798e-04 3.424546e-04
3.041977e-04 1.767495e-04
1.652040e-04 9.648485e-05
8.676257e-05 4.840965e-05
4.662440e-05 2.869594e-05
2.424941e-05 1.459160e-05
1.344546e-05 8.775471e-06
7.244003e-06 4.427703e-06
3.984959e-06 2.557942e-06
2.167250e-06 1.282338e-06
1.299557e-06 7.957343e-07
7.319892e-07 4.851393e-07
4.728563e-07 3.123762e-07
3.268725e-07 2.586869e-07
2.530984e-07 2.180116e-07
2.097208e-07 1.927505e-07
1.884756e-07 1.784429e-07
1.756958e-07 1.706449e-07
1.701329e-07 1.674164e-07
1.666003e-07 1.649592e-07
1.648646e-07 1.640329e-07
1.639292e-07 1.635300e-07
1.634157e-07 1.631546e-07
1.631378e-07 1.630311e-07
1.630011e-07 1.629340e-07
1.629299e-07 1.628950e-07
1.628901e-07 1.628741e-07
1.628649e-07 1.628600e-07
1.628618e-07 1.628539e-07
1.628531e-07 1.628498e-07
1.628472e-07 1.628472e-07
1.628455e-07 1.628454e-07
1.628451e-07 1.628444e-07
1.628449e-07 1.628435e-07
1.628406e-07 1.628430e-07
1.628389e-07 1.628426e-07
1.628389e-07 1.628423e-07
1.628388e-07 1.628421e-07
1.628388e-07 1.628420e-07
1.628388e-07 1.628419e-07
1.628388e-07 1.628418e-07
1.628387e-07 1.628418e-07
1.628387e-07 1.628418e-07
1.628387e-07 1.628418e-07
1.628387e-07 1.628418e-07
1.628387e-07 1.628418e-07
1.628387e-07 1.628418e-07
1.628387e-07 1.628418e-07
1.628387e-07 1.628418e-07
1.628387e-07 1.628418e-07
1.628387e-07 1.628418e-07
1.628387e-07 1.628418e-07
1.628387e-07 1.628418e-07
1.628387e-07 1.628418e-07
1.628387e-07 1.628418e-07
1.628387e-07 1.628418e-07
1.628387e-07 1.628418e-07
1.628387e-07 1.628418e-07
1.628387e-07 1.628418e-07
1.628387e-07 1.628418e-07
1.628387e-07 1.628418e-07
1.628387e-07 1.628418e-07
1.628387e-07 1.628418e-07
1.628387e-07 1.628418e-07
1.628387e-07 1.628418e-07
1.628387e-07 1.628418e-07
1.628387e-07 1.628418e-07
9.074436e+11 6.054323e+11
9.893881e+06 6.805238e+06
8.468200e+06 6.178994e+06
3.823975e+04 3.043648e+04
1.757520e+04 1.756924e+04
1.755407e+04 1.755365e+04
1.755232e+04 1.754105e+04
1.741455e+04 1.701042e+04
7.334962e+03 5.363947e+03
1.100008e+01 6.973791e+00
6.282764e-03 4.377268e-03
3.204682e-06 2.118706e-06
9.068455e+11 5.427664e+11
1.689537e+02 1.012044e+02
1.312839e+02 8.089881e+01
6.743701e+01 4.223802e+01
3.656176e+01 2.242234e+01
1.845976e+01 1.141070e+01
1.015234e+01 6.060381e+00
5.328522e+00 3.338719e+00
2.964555e+00 1.745741e+00
1.481751e+00 8.868045e-01
8.015795e-01 5.213424e-01
4.152921e-01 2.606572e-01
2.237175e-01 1.360613e-01
1.154564e-01 6.722792e-02
6.269344e-02 3.764635e-02
3.249511e-02 2.058880e-02
1.786362e-02 1.096190e-02
9.362141e-03 5.189754e-03
5.130177e-03 2.685988e-03
2.642589e-03 1.534826e-03
1.462543e-03 9.742140e-04
7.390725e-04 4.225414e-04
3.988860e-04 2.336191e-04
2.147485e-04 1.371400e-04
1.138193e-04 6.904504e-05
5.880452e-05 2.891294e-05
3.217854e-05 1.831281e-05
1.669110e-05 9.081989e-06
9.274020e-06 5.398954e-06
4.771116e-06 2.775243e-06
2.646601e-06 1.708073e-06
1.401266e-06 8.369881e-07
8.169579e-07 5.576537e-07
4.644085e-07 3.321162e-07
2.878612e-07 2.067399e-07
1.916709e-07 1.437276e-07
1.420905e-07 1.189590e-07
1.134486e-07 1.024162e-07
1.006108e-07 9.420404e-08
9.341230e-08 9.046971e-08
8.982931e-08 8.804392e-08
8.772579e-08 8.687036e-08
8.669682e-08 8.621453e-08
8.611320e-08 8.585076e-08
8.581924e-08 8.567017e-08
8.565587e-08 8.557268e-08
8.557021e-08 8.552979e-08
8.552126e-08 8.549981e-08
8.549603e-08 8.548463e-08
8.548133e-08 8.547818e-08
8.547769e-08 8.547426e-08
8.547551e-08 8.547156e-08
8.547494e-08 8.546988e-08
8.546883e-08 8.546903e-08
8.546843e-08 8.546832e-08
8.546832e-08 8.546778e-08
8.546829e-08 8.546746e-08
8.546829e-08 8.546718e-08
8.546829e-08 8.546704e-08
8.546678e-08 8.546692e-08
8.546678e-08 8.546684e-08
8.546678e-08 8.546678e-08
8.546678e-08 8.546675e-08
8.546678e-08 8.546672e-08
8.546675e-08 8.546670e-08
8.546675e-08 8.546667e-08
8.546675e-08 8.546670e-08
8.546675e-08 8.546670e-08
8.546675e-08 8.546670e-08
8.546675e-08 8.546670e-08
8.546675e-08 8.546670e-08
8.546675e-08 8.546670e-08
8.546675e-08 8.546670e-08
8.546675e-08 8.546670e-08
8.546675e-08 8.546670e-08
8.546675e-08 8.546670e-08
8.546675e-08 8.546670e-08
8.546675e-08 8.546670e-08
8.546675e-08 8.546670e-08
8.546675e-08 8.546670e-08
8.546675e-08 8.546670e-08
8.546675e-08 8.546670e-08
8.546675e-08 8.546670e-08
8.546675e-08 8.546670e-08
8.546675e-08 8.546670e-08
8.546675e-08 8.546670e-08
8.546675e-08 8.546670e-08
8.546675e-08 8.546670e-08
8.546675e-08 8.546670e-08
8.992810e+11 6.214486e+11
1.013652e+07 7.873379e+06
9.103012e+06 6.256808e+06
3.075515e+04 2.344174e+04
8.636523e+03 8.624215e+03
8.599941e+03 8.599836e+03
8.598946e+03 8.594188e+03
8.694861e+03 8.440569e+03
5.682262e+03 3.650289e+03
1.044046e+01 6.622880e+00
6.859211e-03 4.678133e-03
4.350727e-06 2.948080e-06
9.094839e+11 5.972342e+11
1.694962e+02 9.438353e+01
1.382373e+02 6.726222e+01
7.351785e+01 3.971786e+01
3.782618e+01 2.305837e+01
2.124465e+01 1.238998e+01
1.095317e+01 6.892315e+00
6.084680e+00 3.718052e+00
3.196510e+00 1.825644e+00
1.723424e+00 1.015566e+00
8.475840e-01 5.470364e-01
4.666958e-01 2.472028e-01
2.459488e-01 1.477434e-01
1.335766e-01 7.488248e-02
6.827056e-02 3.856786e-02
3.885357e-02 2.404146e-02
2.004727e-02 1.164018e-02
1.090677e-02 5.834276e-03
5.666292e-03 3.411792e-03
3.065943e-03 1.675604e-03
1.568344e-03 8.439226e-04
8.645692e-04 5.273626e-04
4.495466e-04 2.960185e-04
2.456438e-04 1.535554e-04
1.250113e-04 7.049160e-05
6.732190e-05 4.120462e-05
3.465880e-05 1.957442e-05
1.881833e-05 1.224631e-05
1.018867e-05 5.633825e-06
5.518956e-06 3.628779e-06
2.967369e-06 1.948648e-06
1.739275e-06 1.169187e-06
1.019144e-06 7.176616e-07
6.700884e-07 5.224633e-07
4.740156e-07 3.918370e-07
3.803800e-07 3.325394e-07
3.272433e-07 3.056792e-07
2.996308e-07 2.867442e-07
2.847572e-07 2.787935e-07
2.775085e-07 2.738453e-07
2.732799e-07 2.715718e-07
2.711718e-07 2.700799e-07
2.699794e-07 2.694318e-07
2.693741e-07 2.690972e-07
2.690195e-07 2.688931e-07
2.688610e-07 2.687769e-07
2.687575e-07 2.687025e-07
2.687068e-07 2.686858e-07
2.686792e-07 2.686660e-07
2.686593e-07 2.686558e-07
2.686550e-07 2.686503e-07
2.686479e-07 2.686467e-07
2.686461e-07 2.686442e-07
2.686455e-07 2.686427e-07
2.686401e-07 2.686414e-07
2.686397e-07 2.686404e-07
2.686396e-07 2.686399e-07
2.686395e-07 2.686395e-07
2.686395e-07 2.686392e-07
2.686380e-07 2.686390e-07
2.686380e-07 2.686389e-07
2.686380e-07 2.686389e-07
2.686380e-07 2.686388e-07
2.686380e-07 2.686388e-07
2.686380e-07 2.686388e-07
2.686380e-07 2.686388e-07
2.686380e-07 2.686388e-07
2.686380e-07 2.686388e-07
2.686380e-07 2.686388e-07
2.686380e-07 2.686388e-07
2.686380e-07 2.686388e-07
2.686380e-07 2.686388e-07
2.686380e-07 2.686388e-07
2.686380e-07 2.686388e-07
2.686380e-07 2.686388e-07
2.686380e-07 2.686388e-07
2.686380e-07 2.686388e-07
2.686380e-07 2.686388e-07
2.686380e-07 2.686388e-07
2.686380e-07 2.686388e-07
2.686380e-07 2.686388e-07
2.686380e-07 2.686388e-07
2.686380e-07 2.686388e-07
2.686380e-07 2.686388e-07
2.686380e-07 2.686388e-07
2.686380e-07 2.686388e-07
2.686380e-07 2.686388e-07
2.686380e-07 2.686388e-07
2.686380e-07 2.686388e-07
9.082400e+11 6.158790e+11
1.003386e+07 6.766234e+06
8.772387e+06 6.356582e+06
3.729770e+04 3.128487e+04
1.603770e+04 1.603057e+04
1.601411e+04 1.601372e+04
1.600908e+04 1.599973e+04
1.590083e+04 1.559373e+04
9.019822e+03 6.689645e+03
8.378533e+00 5.561349e+00
5.954500e-03 4.072837e-03
2.763687e-06 1.856280e-06
9.119904e+11 5.184121e+11
1.683250e+02 9.384391e+01
1.340279e+02 7.935305e+01
7.230017e+01 4.623032e+01
3.762292e+01 2.370567e+01
2.041435e+01 1.212486e+01
1.035259e+01 5.648465e+00
5.624982e+00 3.370551e+00
2.880388e+00 1.790128e+00
1.565770e+00 9.343917e-01
8.227738e-01 5.088006e-01
4.437415e-01 2.667772e-01
2.303504e-01 1.301714e-01
1.233436e-01 7.350218e-02
6.393821e-02 4.014514e-02
3.398763e-02 2.078176e-02
1.717121e-02 1.042870e-02
9.629693e-03 5.575547e-03
5.089485e-03 2.890691e-03
2.727012e-03 1.587810e-03
1.444752e-03 8.762284e-04
8.206597e-04 4.675895e-04
4.284046e-04 2.721963e-04
2.315416e-04 1.392736e-04
1.193642e-04 6.993314e-05
6.530986e-05 3.539094e-05
3.373487e-05 2.096623e-05
1.862751e-05 1.089756e-05
9.935861e-06 6.129180e-06
5.431416e-06 3.240997e-06
2.761422e-06 1.600502e-06
1.518332e-06 9.614704e-07
7.824496e-07 4.719866e-07
4.251742e-07 2.686611e-07
2.195010e-07 1.248512e-07
1.188612e-07 7.251344e-08
5.955818e-08 3.453678e-08
3.199082e-08 1.891036e-08
1.672618e-08 9.986991e-09
9.429073e-09 6.016137e-09
5.453444e-09 3.632920e-09
3.318490e-09 2.323418e-09
2.159254e-09 1.640529e-09
1.578115e-09 1.282530e-09
1.248196e-09 1.112625e-09
1.093127e-09 1.017128e-09
9.979999e-10 9.579253e-10
9.543442e-10 9.287078e-10
9.281109e-10 9.171970e-10
9.185896e-10 9.100347e-10
9.050325e-10 9.062262e-10
9.027872e-10 9.037819e-10
9.022472e-10 9.024745e-10
9.022187e-10 9.018208e-10
9.021903e-10 9.015650e-10
9.021335e-10 9.013945e-10
9.021335e-10 9.013092e-10
9.020766e-10 9.012524e-10
9.020766e-10 9.012240e-10
9.020766e-10 9.012240e-10
9.020766e-10 9.011956e-10
9.020766e-10 9.012240e-10
9.020766e-10 9.012240e-10
9.020766e-10 9.011956e-10
9.020766e-10 9.011956e-10
9.020766e-10 9.011956e-10
9.020766e-10 9.011956e-10
9.020766e-10 9.011956e-10
9.020766e-10 9.011956e-10
9.020766e-10 9.011956e-10
9.020766e-10 9.011956e-10
9.020766e-10 9.011956e-10
9.020766e-10 9.011956e-10
9.020766e-10 9.011956e-10
9.020766e-10 9.011956e-10
9.020766e-10 9.011956e-10
9.020766e-10 9.011956e-10
9.020766e-10 9.011956e-10
9.020766e-10 9.011956e-10
9.020766e-10 9.012240e-10
9.020766e-10 9.012240e-10
9.020766e-10 9.012240e-10
9.020766e-10 9.012240e-10
9.020766e-10 9.012240e-10
9.020766e-10 9.012240e-10
9.020766e-10 9.012240e-10
9.020766e-10 9.012240e-10
9.020766e-10 9.012240e-10
9.020766e-10 9.012240e-10
9.056503e+11 5.282315e+11
1.075174e+07 6.976277e+06
9.167735e+06 6.352231e+06
4.216258e+04 3.537992e+04
2.214128e+04 2.213398e+04
2.211850e+04 2.211800e+04
2.212228e+04 2.210616e+04
2.220577e+04 2.143536e+04
8.288126e+03 5.891512e+03
1.499270e+01 1.010402e+01
1.045330e-02 5.873328e-03
6.249167e-06 4.327701e-06
4.043642e-09 2.936815e-09
9.113272e+11 5.412748e+11
1.612912e+02 9.522465e+01
8.799316e+01 5.193743e+01
4.470909e+01 2.704390e+01
2.480945e+01 1.546656e+01
1.297128e+01 7.578675e+00
6.839066e+00 4.113697e+00
3.583814e+00 2.350130e+00
1.886034e+00 1.157614e+00
9.849752e-01 6.256590e-01
5.405380e-01 3.180617e-01
2.860707e-01 1.628955e-01
1.558631e-01 9.107075e-02
8.203440e-02 5.104408e-02
4.319373e-02 2.219728e-02
2.173262e-02 1.362453e-02
1.161110e-02 7.204887e-03
5.869218e-03 3.310345e-03
3.142814e-03 1.867421e-03
1.630197e-03 1.028597e-03
8.896086e-04 5.357885e-04
4.527178e-04 2.858786e-04
2.466262e-04 1.472119e-04
1.301455e-04 7.497294e-05
6.919497e-05 4.548355e-05
3.538216e-05 2.181819e-05
1.939151e-05 1.042733e-05
1.025263e-05 6.615325e-06
5.364304e-06 3.093691e-06
2.750930e-06 1.709542e-06
1.471331e-06 8.888578e-07
7.777900e-07 4.612624e-07
4.354257e-07 2.669618e-07
2.173292e-07 1.316898e-07
1.191827e-07 7.637325e-08
6.362771e-08 4.038696e-08
3.737171e-08 2.475969e-08
2.131145e-08 1.423794e-08
1.381716e-08 9.954363e-09
9.303875e-09 7.434153e-09
7.161447e-09 6.048822e-09
5.939029e-09 5.453899e-09
5.355730e-09 5.089987e-09
5.035048e-09 4.881116e-09
4.873499e-09 4.804974e-09
4.772545e-09 4.728349e-09
4.722779e-09 4.698563e-09
4.697000e-09 4.683216e-09
4.682647e-09 4.674547e-09
4.673922e-09 4.670483e-09
4.671023e-09 4.668408e-09
4.667783e-09 4.667243e-09
4.666248e-09 4.666475e-09
4.666134e-09 4.666134e-09
4.666106e-09 4.665964e-09
4.666106e-09 4.665850e-09
4.666106e-09 4.665793e-09
4.666106e-09 4.665736e-09
4.666106e-09 4.665708e-09
4.665736e-09 4.665708e-09
4.665736e-09 4.665708e-09
4.665736e-09 4.665679e-09
4.665736e-09 4.665679e-09
4.665736e-09 4.665679e-09
4.665736e-09 4.665679e-09
4.665736e-09 4.665679e-09
4.665736e-09 4.665679e-09
4.665736e-09 4.665679e-09
4.665736e-09 4.665679e-09
4.665736e-09 4.665679e-09
4.665736e-09 4.665679e-09
4.665736e-09 4.665679e-09
4.665736e-09 4.665679e-09
4.665736e-09 4.665679e-09
4.665736e-09 4.665679e-09
4.665736e-09 4.665679e-09
4.665736e-09 4.665679e-09
4.665736e-09 4.665679e-09
4.665736e-09 4.665679e-09
4.665736e-09 4.665679e-09
4.665736e-09 4.665679e-09
4.665736e-09 4.665679e-09
4.665736e-09 4.665679e-09
4.665736e-09 4.665679e-09
4.665736e-09 4.665679e-09
4.665736e-09 4.665679e-09
4.665736e-09 4.665679e-09
4.665736e-09 4.665679e-09
9.094117e+11 6.365571e+11
1.056408e+07 7.203769e+06
9.221447e+06 5.245231e+06
2.353730e+04 1.726048e+04
5.137212e+03 5.127642e+03
5.109857e+03 5.109760e+03
5.109176e+03 5.107675e+03
5.146338e+03 5.052300e+03
3.251372e+03 2.655458e+03
1.548945e+01 1.103157e+01
1.444803e-02 1.026502e-02
9.650121e-06 7.375017e-06
5.990216e-09 3.606885e-09
9.134967e+11 5.779622e+11
1.708530e+02 9.186543e+01
9.264177e+01 4.831334e+01
4.816177e+01 2.827490e+01
2.617054e+01 1.592031e+01
1.346516e+01 7.976339e+00
7.358535e+00 4.211647e+00
3.766204e+00 1.989140e+00
2.042946e+00 1.361588e+00
1.025045e+00 5.903351e-01
5.507207e-01 3.526260e-01
2.867552e-01 1.737727e-01
1.608018e-01 1.045056e-01
8.401639e-02 4.909597e-02
4.568654e-02 2.944084e-02
2.383963e-02 1.474871e-02
1.318935e-02 7.748793e-03
6.774940e-03 4.261389e-03
3.608996e-03 2.325960e-03
1.920053e-03 1.253470e-03
1.011969e-03 6.415318e-04
5.588376e-04 3.315070e-04
3.025782e-04 1.829762e-04
1.558203e-04 9.345537e-05
8.407528e-05 5.207478e-05
4.377805e-05 2.766395e-05
2.458428e-05 1.394167e-05
1.255253e-05 7.019685e-06
6.796193e-06 3.771861e-06
3.627998e-06 1.890471e-06
2.016362e-06 1.283638e-06
1.039039e-06 6.346998e-07
5.690696e-07 2.992400e-07
2.965409e-07 1.940795e-07
1.704574e-07 1.145246e-07
9.097900e-08 6.188199e-08
5.203762e-08 3.410278e-08
2.961175e-08 1.983250e-08
1.922180e-08 1.397353e-08
1.305747e-08 1.019123e-08
9.796906e-09 8.373462e-09
8.065058e-09 7.299093e-09
7.176823e-09 6.744358e-09
6.691010e-09 6.500358e-09
6.460141e-09 6.331021e-09
6.316725e-09 6.256784e-09
6.247944e-09 6.221256e-09
6.212076e-09 6.191755e-09
6.187065e-09 6.178254e-09
6.178681e-09 6.173565e-09
6.170154e-09 6.169699e-09
6.169842e-09 6.168023e-09
6.169387e-09 6.167028e-09
6.169245e-09 6.166431e-09
6.168108e-09 6.166175e-09
6.167767e-09 6.166005e-09
6.167767e-09 6.165891e-09
6.167710e-09 6.165834e-09
6.167710e-09 6.165777e-09
6.167710e-09 6.165777e-09
6.167710e-09 6.165749e-09
6.167710e-09 6.165749e-09
6.167710e-09 6.165720e-09
6.167710e-09 6.165749e-09
6.167710e-09 6.165749e-09
6.167710e-09 6.165749e-09
6.167710e-09 6.165720e-09
6.167710e-09 6.165720e-09
6.167710e-09 6.165749e-09
6.167710e-09 6.165749e-09
6.167710e-09 6.165749e-09
6.167710e-09 6.165749e-09
6.167710e-09 6.165749e-09
6.167710e-09 6.165749e-09
6.167710e-09 6.165749e-09
6.167710e-09 6.165749e-09
6.167710e-09 6.165749e-09
6.167710e-09 6.165749e-09
6.167710e-09 6.165749e-09
6.167710e-09 6.165749e-09
6.167710e-09 6.165749e-09
6.167710e-09 6.165749e-09
6.167710e-09 6.165749e-09
6.167710e-09 6.165749e-09
6.167710e-09 6.165749e-09
6.167710e-09 6.165749e-09
6.167710e-09 6.165749e-09
6.167710e-09 6.165749e-09
9.002787e+11 6.504101e+11
1.025549e+07 7.220059e+06
9.169076e+06 6.430220e+06
6.058722e+04 5.060174e+04
1.812681e+04 1.811338e+04
1.808961e+04 1.808914e+04
1.809307e+04 1.807872e+04
1.822062e+04 1.770135e+04
1.112059e+04 7.988310e+03
1.462385e+01 1.069775e+01
7.456650e-03 5.161438e-03
4.678791e-06 2.809836e-06
9.015340e+11 5.471275e+11
1.709195e+02 9.524112e+01
1.392019e+02 8.600971e+01
7.603678e+01 4.573698e+01
4.054520e+01 2.540523e+01
2.244102e+01 1.358290e+01
1.162117e+01 7.127475e+00
6.231479e+00 3.368463e+00
3.325870e+00 2.160602e+00
1.886965e+00 1.110431e+00
1.004960e+00 5.741281e-01
5.372223e-01 3.205262e-01
2.904634e-01 1.864611e-01
1.539783e-01 1.022037e-01
8.250479e-02 5.322595e-02
4.377755e-02 2.470265e-02
2.297707e-02 1.488232e-02
1.276786e-02 7.643756e-03
6.744202e-03 4.089742e-03
3.611882e-03 1.864775e-03
1.844046e-03 1.061375e-03
1.016986e-03 6.606137e-04
5.225970e-04 3.101090e-04
2.856328e-04 1.817948e-04
1.465353e-04 8.767444e-05
7.782209e-05 5.176676e-05
4.030383e-05 2.452797e-05
2.219407e-05 1.395543e-05
1.152064e-05 6.810328e-06
6.200189e-06 3.589638e-06
3.163121e-06 2.074459e-06
1.727719e-06 9.945243e-07
8.894024e-07 5.516995e-07
4.836815e-07 2.997797e-07
2.495266e-07 1.504449e-07
1.365973e-07 8.798295e-08
7.117541e-08 3.873910e-08
4.011767e-08 2.553884e-08
2.153308e-08 1.371080e-08
1.286179e-08 8.436899e-09
7.518310e-09 5.327053e-09
4.742134e-09 3.472081e-09
3.231321e-09 2.612865e-09
2.483347e-09 2.148056e-09
2.024677e-09 1.837606e-09
1.803045e-09 1.690722e-09
1.686033e-09 1.628933e-09
1.626546e-09 1.595453e-09
1.594827e-09 1.579451e-09
1.571863e-09 1.567770e-09
1.568623e-09 1.562881e-09
1.561943e-09 1.560295e-09
1.560267e-09 1.558419e-09
1.559812e-09 1.557737e-09
1.559698e-09 1.557311e-09
1.559698e-09 1.557083e-09
1.559670e-09 1.556970e-09
1.554412e-09 1.556884e-09
1.554412e-09 1.556856e-09
1.554412e-09 1.556828e-09
1.554412e-09 1.556828e-09
1.554412e-09 1.556828e-09
1.554412e-09 1.556799e-09
1.554412e-09 1.556799e-09
1.554412e-09 1.556799e-09
1.554412e-09 1.556799e-09
1.554412e-09 1.556799e-09
1.554412e-09 1.556799e-09
1.554412e-09 1.556799e-09
1.554412e-09 1.556799e-09
1.554412e-09 1.556799e-09
1.554412e-09 1.556799e-09
1.554412e-09 1.556799e-09
1.554412e-09 1.556799e-09
1.554412e-09 1.556799e-09
1.554412e-09 1.556799e-09
1.554412e-09 1.556799e-09
1.554412e-09 1.556799e-09
1.554412e-09 1.556799e-09
1.554412e-09 1.556799e-09
1.554412e-09 1.556799e-09
1.554412e-09 1.556799e-09
1.554412e-09 1.556799e-09
1.554412e-09 1.556799e-09
1.554412e-09 1.556799e-09
1.554412e-09 1.556799e-09
1.554412e-09 1.556799e-09
1.554412e-09 1.556799e-09
1.554412e-09 1.556799e-09
9.094427e+11 5.957742e+11
9.951279e+06 7.408272e+06
8.788600e+06 5.529501e+06
2.784140e+04 1.874780e+04
5.751991e+03 5.743773e+03
5.724147e+03 5.724077e+03
5.724035e+03 5.722205e+03
5.687924e+03 5.624623e+03
4.156797e+03 3.512513e+03
2.548133e+01 1.470120e+01
1.957269e-02 1.374606e-02
1.033375e-05 7.685945e-06
7.101363e-09 5.428234e-09
9.031035e+11 5.999281e+11
1.689646e+02 1.047726e+02
9.447589e+01 5.983835e+01
5.176288e+01 3.298404e+01
2.771957e+01 1.711398e+01
1.518026e+01 7.913675e+00
7.673134e+00 4.827614e+00
4.097226e+00 2.609237e+00
2.109887e+00 1.276392e+00
1.153107e+00 6.082918e-01
5.867193e-01 3.519409e-01
3.272461e-01 1.926504e-01
1.690021e-01 1.037377e-01
9.270990e-02 5.357595e-02
4.665178e-02 2.392620e-02
2.540034e-02 1.542367e-02
1.287073e-02 8.227626e-03
7.103440e-03 4.213495e-03
3.812669e-03 2.150753e-03
2.069752e-03 1.271094e-03
1.077389e-03 6.842981e-04
5.821565e-04 3.460525e-04
2.930679e-04 1.672666e-04
1.600842e-04 9.373468e-05
8.285332e-05 4.864847e-05
4.545640e-05 2.730049e-05
2.323656e-05 1.494221e-05
1.265322e-05 6.865600e-06
6.715156e-06 3.873989e-06
3.578259e-06 2.100939e-06
1.848424e-06 1.072151e-06
1.047697e-06 6.089064e-07
5.894307e-07 3.782491e-07
3.528021e-07 2.465099e-07
2.242852e-07 1.732628e-07
1.542976e-07 1.185128e-07
1.135787e-07 9.679508e-08
9.375734e-08 8.427514e-08
8.225447e-08 7.684395e-08
7.645656e-08 7.367771e-08
7.310956e-08 7.165926e-08
7.148392e-08 7.075781e-08
7.062314e-08 7.020398e-08
7.017613e-08 6.996899e-08
6.993321e-08 6.983501e-08
6.981310e-08 6.975750e-08
6.974020e-08 6.971172e-08
6.970268e-08 6.969120e-08
6.968708e-08 6.967750e-08
6.967440e-08 6.967034e-08
6.967173e-08 6.966735e-08
6.966545e-08 6.966542e-08
6.966494e-08 6.966417e-08
6.966414e-08 6.966329e-08
6.966337e-08 6.966260e-08
6.966326e-08 6.966232e-08
6.966323e-08 6.966206e-08
6.966323e-08 6.966189e-08
6.966283e-08 6.966178e-08
6.966283e-08 6.966167e-08
6.966283e-08 6.966161e-08
6.966283e-08 6.966158e-08
6.966283e-08 6.966155e-08
6.966283e-08 6.966152e-08
6.966283e-08 6.966152e-08
6.966283e-08 6.966152e-08
6.966283e-08 6.966152e-08
6.966283e-08 6.966152e-08
6.966283e-08 6.966152e-08
6.966283e-08 6.966152e-08
6.966283e-08 6.966152e-08
6.966283e-08 6.966152e-08
6.966283e-08 6.966152e-08
6.966283e-08 6.966152e-08
6.966283e-08 6.966152e-08
6.966283e-08 6.966152e-08
6.966283e-08 6.966152e-08
6.966283e-08 6.966152e-08
6.966283e-08 6.966152e-08
6.966283e-08 6.966152e-08
6.966283e-08 6.966152e-08
6.966283e-08 6.966152e-08
6.966283e-08 6.966152e-08
6.966283e-08 6.966152e-08
6.966283e-08 6.966152e-08
6.966283e-08 6.966152e-08
6.966283e-08 6.966152e-08
6.966283e-08 6.966152e-08
9.008526e+11 6.231639e+11
9.198088e+06 5.791990e+06
7.900264e+06 5.016753e+06
2.566384e+04 1.916046e+04
3.463614e+03 3.460040e+03
3.451510e+03 3.451461e+03
3.452457e+03 3.450348e+03
3.451389e+03 3.398479e+03
2.428039e+03 1.869626e+03
1.113956e+01 7.066997e+00
7.410014e-03 5.025013e-03
5.156015e-06 3.461822e-06
9.074253e+11 5.733107e+11
1.707847e+02 9.363538e+01
1.447326e+02 8.295424e+01
7.875095e+01 4.621139e+01
4.271559e+01 2.609465e+01
2.224816e+01 1.333473e+01
1.202882e+01 7.711728e+00
6.146794e+00 3.788655e+00
3.283452e+00 1.773442e+00
1.677920e+00 9.391163e-01
8.908072e-01 5.647563e-01
4.659470e-01 2.530128e-01
2.568207e-01 1.467033e-01
1.338220e-01 7.702827e-02
7.502912e-02 4.265789e-02
3.963972e-02 2.460142e-02
2.134370e-02 1.247360e-02
1.157242e-02 7.277052e-03
6.272729e-03 3.294731e-03
3.263979e-03 1.651847e-03
1.767386e-03 1.126642e-03
9.256319e-04 5.684084e-04
4.914484e-04 2.740520e-04
2.551863e-04 1.532055e-04
1.399002e-04 7.963326e-05
7.223250e-05 4.278465e-05
3.872522e-05 2.082347e-05
2.018547e-05 1.193802e-05
1.085965e-05 6.651938e-06
5.559500e-06 3.280833e-06
3.286592e-06 2.128017e-06
1.836493e-06 1.047594e-06
1.136610e-06 7.400223e-07
7.225136e-07 5.753073e-07
5.217699e-07 4.330032e-07
4.014713e-07 3.574298e-07
3.460902e-07 3.185130e-07
3.145628e-07 3.009872e-07
2.980222e-07 2.912070e-07
2.891896e-07 2.859118e-07
2.850143e-07 2.829565e-07
2.823750e-07 2.811300e-07
2.810544e-07 2.804047e-07
2.802890e-07 2.799718e-07
2.799222e-07 2.797029e-07
2.796939e-07 2.795937e-07
2.795746e-07 2.795263e-07
2.795037e-07 2.794775e-07
2.794703e-07 2.794538e-07
2.794517e-07 2.794419e-07
2.794423e-07 2.794353e-07
2.794335e-07 2.794310e-07
2.794265e-07 2.794279e-07
2.794259e-07 2.794257e-07
2.794257e-07 2.794243e-07
2.794253e-07 2.794233e-07
2.794251e-07 2.794225e-07
2.794236e-07 2.794220e-07
2.794236e-07 2.794216e-07
2.794236e-07 2.794213e-07
2.794235e-07 2.794212e-07
2.794235e-07 2.794210e-07
2.794235e-07 2.794209e-07
2.794235e-07 2.794208e-07
2.794235e-07 2.794208e-07
2.794234e-07 2.794207e-07
2.794234e-07 2.794207e-07
2.794234e-07 2.794207e-07
2.794234e-07 2.794207e-07
2.794234e-07 2.794207e-07
2.794234e-07 2.794207e-07
2.794234e-07 2.794207e-07
2.794234e-07 2.794207e-07
2.794234e-07 2.794207e-07
2.794234e-07 2.794207e-07
2.794234e-07 2.794207e-07
2.794234e-07 2.794207e-07
2.794234e-07 2.794207e-07
2.794234e-07 2.794207e-07
2.794234e-07 2.794207e-07
2.794234e-07 2.794207e-07
2.794234e-07 2.794207e-07
2.794234e-07 2.794207e-07
2.794234e-07 2.794207e-07
2.794234e-07 2.794207e-07
2.794234e-07 2.794207e-07
2.794234e-07 2.794207e-07
2.794234e-07 2.794207e-07
2.794234e-07 2.794207e-07
