8.959517e+09 3.789958e+08
8.331207e+08 9.560312e+07
7.523612e+08 6.422059e+07
9.513531e+08 6.422059e+07
8.625722e+08 5.915118e+07
8.117044e+08 4.103815e+07
9.921751e+08 2.797220e+07
5.840416e+08 2.577926e+07
6.267533e+08 2.410389e+07
5.912709e+08 1.998973e+07
5.451971e+08 1.366205e+07
4.144903e+08 1.366205e+07
6.212004e+08 1.285250e+07
3.208189e+08 1.285250e+07
4.685898e+08 1.285250e+07
2.906375e+08 1.251280e+07
4.521843e+08 1.251280e+07
3.489541e+08 1.251280e+07
2.146148e+08 1.247451e+07
2.990998e+08 1.247451e+07
2.835096e+08 9.455916e+06
1.763696e+08 6.514153e+06
1.488870e+08 6.514153e+06
2.492071e+08 6.364984e+06
1.178437e+08 4.739780e+06
1.048690e+08 2.933537e+06
1.045840e+08 2.933537e+06
6.877448e+07 2.933537e+06
8.872584e+07 2.933537e+06
6.153793e+07 2.933537e+06
8.017783e+07 2.205857e+06
3.643967e+07 1.961850e+06
5.108716e+07 1.433867e+06
3.846757e+07 1.433867e+06
2.414071e+07 1.433867e+06
1.021186e+07 5.815208e+05
5.450497e+06 1.977154e+05
1.510979e+06 1.977154e+05
2.480055e+05 3.312915e+04
2.330204e+04 1.830870e+03
1.864239e+03 3.509654e+02
3.129181e+02 1.628048e+02
1.446676e+02 1.131515e+02
1.152400e+02 9.623160e+01
1.060396e+02 8.937145e+01
1.013962e+02 8.650789e+01
1.381748e+06 8.503046e+01
1.124364e+07 8.503046e+01
6.048694e+07 8.503046e+01
1.017254e+02 8.503046e+01
3.641771e+05 8.503046e+01
1.043463e+02 8.503046e+01
9.037671e+06 8.503046e+01
2.992233e+06 8.503046e+01
8.446811e+06 8.503046e+01
1.481397e+06 8.503046e+01
1.039040e+02 8.503046e+01
2.150567e+07 8.503046e+01
2.337178e+06 8.388941e+01
3.472558e+05 8.263292e+01
1.002531e+02 8.263292e+01
9.944792e+01 8.263292e+01
9.881321e+01 8.263292e+01
1.132434e+03 8.263292e+01
1.552836e+06 8.263292e+01
9.429674e+01 8.210512e+01
9.330948e+01 8.210512e+01
9.147968e+01 7.756427e+01
9.187341e+01 7.756427e+01
9.067201e+01 7.756427e+01
2.072992e+04 7.756427e+01
8.711821e+01 7.394684e+01
8.515904e+01 7.394684e+01
8.478459e+01 7.394684e+01
8.451982e+01 7.394684e+01
8.398022e+01 7.394684e+01
7.968000e+01 7.006585e+01
7.473188e+01 6.446058e+01
7.177927e+01 6.433372e+01
7.002447e+01 6.290739e+01
6.789018e+01 6.157151e+01
6.534904e+01 5.731432e+01
6.091027e+01 5.596370e+01
4.219000e+01 3.796307e+01
2.364175e+01 2.264860e+01
1.839763e+01 1.805011e+01
1.668978e+01 1.652808e+01
1.563547e+01 1.554868e+01
1.510579e+01 1.505859e+01
1.456274e+01 1.451170e+01
1.386556e+01 1.379751e+01
1.297149e+01 1.292070e+01
1.232396e+01 1.228811e+01
1.204323e+01 1.203396e+01
1.190643e+01 1.190186e+01
1.181085e+01 1.180879e+01
1.174091e+01 1.173928e+01
1.165031e+01 1.164907e+01
1.159571e+01 1.159549e+01
1.156438e+01 1.156420e+01
1.154314e+01 1.154311e+01
7.956010e+09 3.137064e+08
1.091239e+09 1.853949e+08
9.193832e+08 1.122470e+08
1.009259e+09 1.000646e+08
1.016810e+09 4.920954e+07
8.367439e+08 4.920954e+07
8.454612e+08 4.920954e+07
8.866421e+08 3.155000e+07
7.527121e+08 3.155000e+07
6.714371e+08 2.236323e+07
5.804426e+08 2.236323e+07
5.859565e+08 2.236323e+07
5.271828e+08 2.236323e+07
3.668010e+08 2.236323e+07
3.723405e+08 1.965642e+07
3.973689e+08 1.965642e+07
3.656533e+08 1.296659e+07
2.687405e+08 1.296659e+07
1.995539e+08 1.296659e+07
2.025273e+08 1.296659e+07
2.178174e+08 1.296659e+07
3.126112e+08 8.325883e+06
1.256572e+08 8.325883e+06
2.196815e+08 7.267429e+06
1.180843e+08 6.807042e+06
1.218884e+08 6.743365e+06
1.569148e+08 6.743365e+06
9.505083e+07 4.471082e+06
1.129416e+08 4.471082e+06
6.991121e+07 4.471082e+06
7.619053e+07 4.448505e+06
6.906130e+07 3.443199e+06
4.485014e+07 2.875837e+06
3.822590e+07 2.563183e+06
2.678458e+07 2.544020e+06
1.596614e+07 1.275840e+06
1.017767e+07 5.777074e+05
3.645160e+06 3.808588e+05
6.640157e+05 6.476744e+04
7.391663e+04 1.203060e+04
5.736631e+03 8.136454e+02
6.491663e+02 2.388565e+02
1.699436e+02 1.177534e+02
1.171707e+02 9.288892e+01
1.062412e+02 8.894705e+01
1.003920e+02 8.554426e+01
2.436115e+07 8.401491e+01
1.449454e+07 8.269009e+01
1.618792e+07 8.269009e+01
8.054390e+05 8.269009e+01
1.218893e+05 8.269009e+01
2.114019e+06 8.269009e+01
1.035244e+02 8.269009e+01
1.127233e+06 8.269009e+01
3.090934e+05 8.269009e+01
1.714993e+06 8.269009e+01
4.990926e+05 8.269009e+01
7.637846e+05 8.269009e+01
1.141846e+06 8.269009e+01
1.003549e+02 8.269009e+01
9.728035e+04 8.269009e+01
1.006105e+07 7.644032e+01
5.053449e+06 7.644032e+01
9.258238e+01 7.644032e+01
9.100355e+01 7.644032e+01
8.798638e+01 7.534203e+01
8.592459e+01 7.356979e+01
8.280188e+01 7.200686e+01
8.033549e+01 6.947031e+01
7.814781e+01 6.625490e+01
7.402464e+01 6.464747e+01
7.070461e+01 6.271694e+01
6.789928e+01 5.978409e+01
6.402949e+01 5.579059e+01
5.893493e+01 5.283207e+01
4.974401e+01 4.266378e+01
3.082108e+01 2.884736e+01
2.137154e+01 2.057051e+01
1.778466e+01 1.740163e+01
1.606343e+01 1.585190e+01
1.439335e+01 1.418562e+01
1.332151e+01 1.319128e+01
1.260978e+01 1.255888e+01
1.211422e+01 1.204461e+01
1.172225e+01 1.169279e+01
1.138927e+01 1.135365e+01
1.108675e+01 1.106818e+01
1.093966e+01 1.092407e+01
1.079940e+01 1.079062e+01
1.069777e+01 1.068957e+01
1.061388e+01 1.060787e+01
1.053135e+01 1.052811e+01
1.046818e+01 1.046559e+01
1.042144e+01 1.041957e+01
1.038485e+01 1.038366e+01
1.033544e+01 1.033431e+01
1.030378e+01 1.030304e+01
1.028098e+01 1.028064e+01
1.026699e+01 1.026685e+01
1.025006e+01 1.024978e+01
1.023825e+01 1.023825e+01
8.606500e+09 3.740907e+08
1.086877e+09 1.447043e+08
8.398228e+08 1.005532e+08
8.737929e+08 8.690824e+07
1.053144e+09 7.708551e+07
9.243283e+08 6.156985e+07
7.939936e+08 3.447391e+07
8.480753e+08 3.447391e+07
8.531794e+08 3.348045e+07
6.612957e+08 2.467498e+07
7.187303e+08 2.467498e+07
6.268314e+08 2.467498e+07
4.349551e+08 2.416920e+07
5.843491e+08 2.416920e+07
3.854495e+08 2.313055e+07
4.190495e+08 2.056441e+07
3.406417e+08 1.637933e+07
2.730309e+08 1.637933e+07
2.402451e+08 1.524243e+07
2.733565e+08 1.524243e+07
2.317456e+08 1.207546e+07
1.999383e+08 4.961386e+06
2.235367e+08 4.961386e+06
1.689908e+08 4.961386e+06
1.447370e+08 4.961386e+06
1.370953e+08 4.961386e+06
1.067911e+08 4.961386e+06
1.260951e+08 4.961386e+06
1.066955e+08 4.961386e+06
8.814217e+07 2.954821e+06
5.823051e+07 2.954821e+06
1.045505e+08 2.954821e+06
4.752299e+07 1.527784e+06
7.111875e+07 1.527784e+06
3.540836e+07 1.527784e+06
2.313620e+07 1.527784e+06
1.941976e+07 1.527784e+06
9.556415e+06 9.288551e+05
2.871342e+06 1.546464e+05
4.289101e+05 3.015105e+04
4.607944e+04 5.710756e+03
3.640373e+03 5.899081e+02
4.256133e+02 1.554059e+02
1.467233e+02 1.041978e+02
1.141933e+02 9.364363e+01
1.043299e+02 8.674283e+01
9.973168e+01 8.440777e+01
7.477758e+06 8.299248e+01
9.684011e+01 8.240386e+01
9.288221e+05 8.005812e+01
6.379720e+06 8.005812e+01
1.237606e+05 8.005812e+01
1.030645e+07 8.005812e+01
3.905587e+04 8.005812e+01
6.891613e+06 8.005812e+01
1.008933e+02 8.005812e+01
3.326587e+06 8.005812e+01
1.010975e+02 8.005812e+01
8.544485e+06 8.005812e+01
1.001370e+02 8.005812e+01
9.812386e+01 8.005812e+01
9.670401e+05 8.005812e+01
9.688595e+01 8.005812e+01
9.637770e+01 7.883835e+01
2.535601e+03 7.883835e+01
2.242717e+03 7.883835e+01
1.859205e+03 7.883835e+01
5.575984e+05 7.883835e+01
2.907264e+06 7.883835e+01
9.354327e+01 7.883835e+01
9.209483e+01 7.883835e+01
9.216331e+01 7.481200e+01
9.007002e+01 7.481200e+01
8.730774e+01 7.322118e+01
8.350561e+01 7.003244e+01
7.775368e+01 6.769434e+01
7.097386e+01 6.136042e+01
6.374861e+01 5.556258e+01
5.388603e+01 4.699586e+01
3.353722e+01 2.994651e+01
2.124813e+01 2.017084e+01
1.763161e+01 1.736878e+01
1.633904e+01 1.625680e+01
1.577030e+01 1.571405e+01
1.537558e+01 1.534143e+01
1.508519e+01 1.505591e+01
1.477133e+01 1.473930e+01
1.458704e+01 1.457680e+01
1.441291e+01 1.439960e+01
1.430457e+01 1.429934e+01
1.421578e+01 1.421237e+01
1.416803e+01 1.416594e+01
1.411319e+01 1.410904e+01
1.405268e+01 1.404969e+01
1.400491e+01 1.400198e+01
1.396967e+01 1.396841e+01
1.394659e+01 1.394604e+01
1.392459e+01 1.392403e+01
1.389117e+01 1.389077e+01
1.387125e+01 1.387114e+01
1.385695e+01 1.385695e+01
8.976410e+09 3.371287e+08
1.026974e+09 1.344621e+08
8.838335e+08 1.002545e+08
9.384923e+08 6.391775e+07
8.333032e+08 6.391775e+07
9.076389e+08 6.391775e+07
7.585508e+08 5.453104e+07
7.865965e+08 3.754818e+07
6.920897e+08 2.567832e+07
5.767289e+08 2.291557e+07
6.938313e+08 2.291557e+07
5.325026e+08 2.291557e+07
4.512748e+08 2.291557e+07
4.693783e+08 2.291557e+07
3.426973e+08 2.291557e+07
4.207908e+08 2.241791e+07
4.157947e+08 1.963155e+07
2.783042e+08 1.963155e+07
2.722388e+08 1.963155e+07
2.380703e+08 1.476866e+07
2.207548e+08 1.476866e+07
1.723054e+08 1.476866e+07
2.181188e+08 1.476866e+07
1.817883e+08 1.476866e+07
1.535444e+08 9.428961e+06
2.044623e+08 5.852547e+06
1.303846e+08 5.852547e+06
1.068163e+08 5.852547e+06
1.133701e+08 5.852547e+06
7.056787e+07 3.064515e+06
1.852915e+08 3.064515e+06
5.368054e+07 3.064515e+06
3.839881e+07 3.064515e+06
3.173510e+07 1.879689e+06
7.175449e+07 1.879689e+06
2.322097e+07 1.879689e+06
5.238071e+07 1.637031e+06
1.301378e+07 7.142739e+05
1.260671e+07 7.142739e+05
2.650106e+06 2.861913e+05
5.512049e+05 5.789349e+04
7.192949e+04 1.127634e+04
7.649397e+03 1.181772e+03
7.428715e+02 2.146284e+02
1.665398e+02 1.206781e+02
1.166312e+02 9.522271e+01
1.048196e+02 8.758386e+01
9.884019e+01 8.458161e+01
1.624216e+07 8.458161e+01
2.377731e+04 8.203438e+01
3.501631e+05 8.203438e+01
9.867645e+01 8.203438e+01
2.514778e+06 8.203438e+01
2.737892e+02 8.203438e+01
9.983227e+01 8.203438e+01
1.099404e+06 8.203438e+01
1.119968e+02 8.203438e+01
1.019622e+06 8.203438e+01
1.405439e+07 8.203438e+01
9.723035e+01 8.203438e+01
9.492600e+01 7.907238e+01
9.253678e+01 7.726925e+01
7.233148e+02 7.726925e+01
2.947375e+03 7.711828e+01
9.063114e+01 7.695540e+01
2.208741e+03 7.626197e+01
2.661142e+06 7.626197e+01
8.854936e+01 7.626197e+01
8.622789e+01 7.201696e+01
8.348016e+01 7.201696e+01
8.233073e+01 6.979583e+01
2.768102e+02 6.979583e+01
7.175145e+06 6.979583e+01
7.980294e+01 6.979583e+01
7.586360e+01 6.514407e+01
7.098300e+01 5.883966e+01
6.796104e+01 5.634668e+01
6.629895e+01 5.634668e+01
6.577146e+01 5.634668e+01
6.773443e+01 5.634668e+01
6.370786e+01 5.463914e+01
5.891738e+01 5.099445e+01
3.963627e+01 3.476103e+01
2.458658e+01 2.380041e+01
2.095509e+01 2.068003e+01
1.909135e+01 1.894579e+01
1.790216e+01 1.781926e+01
1.732899e+01 1.727999e+01
1.691964e+01 1.686830e+01
1.649429e+01 1.647261e+01
1.616788e+01 1.615229e+01
1.593109e+01 1.591929e+01
1.574322e+01 1.573687e+01
1.564110e+01 1.563622e+01
1.554364e+01 1.553961e+01
1.547629e+01 1.547476e+01
1.541854e+01 1.541732e+01
1.536994e+01 1.536885e+01
1.534113e+01 1.534066e+01
1.531517e+01 1.531514e+01
1.529821e+01 1.529821e+01
8.340179e+09 2.475582e+08
9.788551e+08 1.118536e+08
1.007502e+09 9.867240e+07
9.367964e+08 9.409712e+07
8.419573e+08 6.097567e+07
8.491111e+08 6.097567e+07
8.785648e+08 5.873736e+07
7.053662e+08 5.455251e+07
7.421703e+08 3.972423e+07
5.547167e+08 3.525454e+07
5.712766e+08 3.525454e+07
5.048109e+08 3.525454e+07
4.654886e+08 3.525454e+07
4.835973e+08 3.525454e+07
4.376044e+08 1.677910e+07
2.566352e+08 1.364392e+07
3.317818e+08 1.364392e+07
2.873966e+08 1.364392e+07
2.369341e+08 1.364392e+07
3.547429e+08 1.364392e+07
2.211416e+08 1.006258e+07
1.946794e+08 7.831572e+06
1.330459e+08 6.561693e+06
2.364398e+08 6.561693e+06
1.549081e+08 4.343429e+06
1.024886e+08 4.343429e+06
1.444851e+08 3.865306e+06
7.913740e+07 3.621841e+06
5.092111e+07 2.887452e+06
4.173988e+07 2.593351e+06
4.514372e+07 2.393007e+06
4.738298e+07 2.304292e+06
3.360935e+07 1.616263e+06
1.889277e+07 1.616263e+06
1.526300e+07 6.783747e+05
1.116100e+07 6.783747e+05
2.851473e+07 3.860641e+05
2.060940e+06 2.037877e+05
4.879262e+05 5.167645e+04
7.430829e+04 1.072336e+04
7.220793e+03 1.190203e+03
7.948729e+02 2.680884e+02
2.166978e+02 1.376529e+02
1.363967e+02 1.048489e+02
1.142191e+02 9.502585e+01
1.063042e+02 8.985825e+01
2.347567e+07 8.772292e+01
1.178461e+04 7.797000e+01
9.767681e+06 7.797000e+01
8.311350e+04 7.797000e+01
3.529240e+07 7.797000e+01
4.598376e+07 7.797000e+01
1.107234e+05 7.797000e+01
4.952742e+05 7.797000e+01
1.036834e+02 7.797000e+01
2.212928e+05 7.797000e+01
1.659556e+06 7.797000e+01
2.864629e+07 7.797000e+01
1.037227e+02 7.797000e+01
1.009219e+02 7.797000e+01
2.648138e+06 7.797000e+01
1.021237e+02 7.797000e+01
8.570138e+03 7.797000e+01
9.930953e+01 7.797000e+01
9.835081e+01 7.797000e+01
9.666589e+01 7.797000e+01
9.571086e+01 7.797000e+01
9.481328e+01 7.797000e+01
9.460025e+01 7.797000e+01
9.442044e+01 7.797000e+01
9.245536e+01 7.797000e+01
9.041361e+01 7.470514e+01
1.288842e+04 7.470514e+01
8.416757e+01 6.386228e+01
8.048498e+01 6.386228e+01
7.452155e+01 6.380037e+01
6.830313e+01 5.790877e+01
6.575437e+01 5.691023e+01
6.477324e+01 5.691023e+01
6.009837e+01 5.328614e+01
3.808278e+01 3.517018e+01
2.650827e+01 2.573861e+01
2.175183e+01 2.124742e+01
1.907933e+01 1.884001e+01
1.757593e+01 1.742859e+01
1.635062e+01 1.625517e+01
1.545752e+01 1.538338e+01
1.491082e+01 1.487182e+01
1.457653e+01 1.454421e+01
1.422175e+01 1.420011e+01
1.401903e+01 1.400387e+01
1.384734e+01 1.384044e+01
1.371784e+01 1.371216e+01
1.362881e+01 1.362189e+01
1.356869e+01 1.356606e+01
1.352053e+01 1.351837e+01
1.347691e+01 1.347586e+01
1.343173e+01 1.343108e+01
1.340069e+01 1.340029e+01
1.337959e+01 1.337926e+01
1.336245e+01 1.336244e+01
8.608090e+09 3.042642e+08
1.017178e+09 1.111010e+08
9.615179e+08 9.093191e+07
9.035754e+08 5.456322e+07
1.042337e+09 5.456322e+07
7.430425e+08 3.758706e+07
8.315285e+08 3.758706e+07
8.444206e+08 3.758706e+07
5.797569e+08 3.758706e+07
6.418889e+08 3.758706e+07
6.025124e+08 3.186999e+07
5.350772e+08 3.186999e+07
4.661935e+08 2.010465e+07
5.307100e+08 2.010465e+07
4.224191e+08 8.870707e+06
4.728752e+08 8.870707e+06
3.760492e+08 7.960147e+06
3.710549e+08 7.960147e+06
2.761061e+08 7.960147e+06
2.217356e+08 7.960147e+06
2.707264e+08 7.960147e+06
3.175722e+08 7.960147e+06
2.178617e+08 7.960147e+06
2.018124e+08 7.960147e+06
1.073352e+08 5.638763e+06
1.351271e+08 5.638763e+06
7.376213e+07 5.348848e+06
9.523818e+07 3.445163e+06
9.021786e+07 3.445163e+06
8.491764e+07 3.445163e+06
8.042554e+07 2.690406e+06
4.405891e+07 2.690406e+06
3.822799e+07 2.060569e+06
2.710292e+07 1.765920e+06
9.403948e+06 5.166809e+05
3.016902e+06 3.073517e+05
6.103758e+05 3.754916e+04
6.541128e+04 7.212123e+03
7.215811e+03 1.308602e+03
9.888835e+02 3.361779e+02
2.448126e+02 1.542368e+02
1.403841e+02 1.114033e+02
1.187614e+02 9.484876e+01
1.096664e+02 9.140599e+01
3.392115e+06 8.727029e+01
5.480250e+06 8.702338e+01
8.350736e+04 8.489714e+01
8.731840e+06 8.362558e+01
6.818866e+06 8.362558e+01
2.834675e+07 8.362558e+01
2.364937e+06 8.362558e+01
9.562893e+02 8.362558e+01
2.259493e+06 8.362558e+01
1.792824e+07 8.362558e+01
7.097293e+04 8.362558e+01
1.657130e+05 8.103071e+01
7.235564e+06 8.103071e+01
7.608755e+02 8.103071e+01
5.990530e+05 8.103071e+01
5.062160e+05 8.103071e+01
1.028809e+02 8.103071e+01
3.359437e+07 8.103071e+01
9.744435e+06 8.103071e+01
1.028284e+02 8.103071e+01
9.959062e+01 8.103071e+01
9.605540e+01 8.103071e+01
9.183763e+01 7.533437e+01
8.895186e+01 7.533437e+01
8.678902e+01 7.359269e+01
8.454921e+01 7.359269e+01
8.157439e+01 6.914034e+01
7.832884e+01 6.914034e+01
7.570497e+01 6.710467e+01
7.319906e+01 6.223998e+01
6.872174e+01 5.668980e+01
6.454523e+01 5.467997e+01
5.566279e+01 4.574321e+01
3.199562e+01 2.793475e+01
2.015749e+01 1.925069e+01
1.665823e+01 1.632327e+01
1.512492e+01 1.494355e+01
1.394107e+01 1.377982e+01
1.290570e+01 1.281469e+01
1.224544e+01 1.215665e+01
1.175927e+01 1.172090e+01
1.143869e+01 1.141462e+01
1.116018e+01 1.114030e+01
1.095268e+01 1.093632e+01
1.081286e+01 1.079848e+01
1.068572e+01 1.067895e+01
1.057316e+01 1.056181e+01
1.043121e+01 1.042062e+01
1.032871e+01 1.032434e+01
1.027598e+01 1.027358e+01
1.022696e+01 1.022325e+01
1.017389e+01 1.017273e+01
1.013540e+01 1.013419e+01
1.009750e+01 1.009699e+01
1.006672e+01 1.006618e+01
1.003637e+01 1.003625e+01
1.000005e+01 1.000005e+01
9.640728e+09 4.289414e+08
1.027638e+09 1.046723e+08
1.095068e+09 1.046723e+08
1.003240e+09 1.046723e+08
1.017137e+09 6.338960e+07
8.702236e+08 6.338960e+07
8.464560e+08 4.375418e+07
9.806890e+08 4.375418e+07
8.114796e+08 3.633563e+07
8.121313e+08 3.633563e+07
5.783446e+08 3.633563e+07
4.890614e+08 2.122763e+07
4.540472e+08 2.122763e+07
4.641892e+08 1.905128e+07
4.005098e+08 1.905128e+07
3.633907e+08 1.905128e+07
2.988896e+08 1.905128e+07
2.797850e+08 1.600826e+07
3.650098e+08 1.171817e+07
2.001146e+08 1.171817e+07
1.830652e+08 1.171817e+07
1.975952e+08 9.581624e+06
1.607888e+08 7.593346e+06
2.328378e+08 7.593346e+06
1.817157e+08 7.483143e+06
9.350803e+07 4.969412e+06
1.104680e+08 4.969412e+06
1.185030e+08 2.378502e+06
8.441809e+07 2.378502e+06
5.145825e+07 2.378502e+06
6.019709e+07 2.378502e+06
5.816060e+07 2.378502e+06
6.213921e+07 1.756849e+06
3.807515e+07 1.558844e+06
3.400709e+07 1.237801e+06
4.099923e+07 1.237801e+06
2.259445e+07 1.132647e+06
2.757701e+07 1.132647e+06
1.138602e+07 4.880350e+05
5.159570e+06 4.754675e+05
1.720674e+06 2.130892e+05
2.310594e+05 2.208108e+04
1.604084e+04 3.045681e+03
1.541458e+03 4.645900e+02
2.523243e+02 1.468053e+02
1.349628e+02 1.068413e+02
1.134814e+02 8.957597e+01
1.044373e+02 8.774049e+01
1.004493e+02 8.713508e+01
9.902982e+01 8.660283e+01
6.505911e+06 8.185706e+01
5.928358e+05 8.185706e+01
4.752875e+04 8.160852e+01
1.187832e+06 8.160852e+01
5.837514e+06 8.160852e+01
8.019221e+06 8.160852e+01
1.015933e+02 8.160852e+01
2.321856e+04 8.160852e+01
1.003704e+02 8.160852e+01
3.552153e+05 8.160852e+01
3.194785e+05 8.160852e+01
5.710310e+06 7.741454e+01
9.810697e+01 7.741454e+01
2.028574e+06 7.741454e+01
6.007820e+05 7.741454e+01
9.529143e+01 7.741454e+01
2.336112e+03 7.741454e+01
7.339703e+05 7.741454e+01
5.077924e+06 7.741454e+01
9.258034e+01 7.433993e+01
6.813465e+03 7.433993e+01
9.212508e+01 7.433993e+01
9.048393e+01 7.205373e+01
8.881170e+01 7.205373e+01
8.715806e+01 7.205373e+01
8.444191e+01 6.823428e+01
7.889459e+01 6.531856e+01
7.122547e+01 6.161669e+01
6.402479e+01 5.122227e+01
5.098205e+01 4.420463e+01
3.030026e+01 2.894503e+01
2.250741e+01 2.159420e+01
1.915651e+01 1.875432e+01
1.623830e+01 1.593222e+01
1.473497e+01 1.465519e+01
1.400462e+01 1.392539e+01
1.331349e+01 1.326261e+01
1.289453e+01 1.285931e+01
1.262152e+01 1.259670e+01
1.237849e+01 1.236958e+01
1.224435e+01 1.223668e+01
1.216524e+01 1.216149e+01
1.211209e+01 1.210969e+01
1.203573e+01 1.203234e+01
1.198450e+01 1.198224e+01
1.194638e+01 1.194418e+01
1.189871e+01 1.189823e+01
1.186746e+01 1.186657e+01
1.183719e+01 1.183612e+01
1.180377e+01 1.180365e+01
1.178410e+01 1.178409e+01
8.651506e+09 4.150941e+08
1.077488e+09 1.785437e+08
1.027664e+09 6.864038e+07
9.620213e+08 6.864038e+07
8.876759e+08 6.864038e+07
8.118713e+08 6.864038e+07
7.508545e+08 4.005946e+07
7.909563e+08 4.005946e+07
7.457694e+08 4.005946e+07
6.570073e+08 4.005946e+07
5.049831e+08 4.005946e+07
6.309842e+08 3.454829e+07
5.149768e+08 3.454829e+07
5.792353e+08 1.375964e+07
5.933568e+08 1.375964e+07
4.461328e+08 1.375964e+07
3.420993e+08 1.300766e+07
4.003073e+08 1.300766e+07
2.898896e+08 1.300766e+07
4.750787e+08 1.300766e+07
2.615735e+08 1.219696e+07
2.357193e+08 1.121127e+07
1.157624e+08 9.665744e+06
2.258010e+08 7.685551e+06
1.231671e+08 7.383925e+06
1.162287e+08 7.383925e+06
1.277617e+08 5.482016e+06
8.108887e+07 4.755917e+06
6.374292e+07 3.760219e+06
1.909610e+08 3.760219e+06
9.026253e+07 2.395786e+06
6.674449e+07 2.395786e+06
4.475154e+07 2.395786e+06
4.627437e+07 1.620309e+06
3.017474e+07 9.469587e+05
2.870216e+07 9.469587e+05
1.647002e+07 9.469587e+05
8.635221e+06 5.786157e+05
4.824536e+06 4.615285e+05
1.708357e+06 1.374355e+05
2.799803e+05 3.393931e+04
2.461425e+04 3.540225e+03
2.095521e+03 5.799175e+02
2.992031e+02 1.621173e+02
1.408778e+02 1.094411e+02
1.138893e+02 9.322015e+01
1.044743e+02 8.442747e+01
1.990066e+06 7.974184e+01
6.432022e+06 7.974184e+01
2.428815e+06 7.974184e+01
5.528138e+06 7.974184e+01
1.843062e+07 7.974184e+01
9.795405e+06 7.974184e+01
4.299227e+07 7.974184e+01
1.007302e+06 7.974184e+01
5.276565e+05 7.974184e+01
1.055816e+02 7.974184e+01
8.737170e+03 7.974184e+01
5.769973e+05 7.974184e+01
1.374634e+03 7.974184e+01
3.879354e+06 7.974184e+01
9.948429e+01 7.974184e+01
9.700647e+01 7.974184e+01
5.195507e+04 7.790187e+01
9.736711e+01 7.790187e+01
9.397923e+01 7.790187e+01
3.208095e+05 7.790187e+01
6.888185e+06 7.790187e+01
8.787569e+01 7.790187e+01
8.576022e+01 7.278654e+01
8.426293e+01 7.266269e+01
8.414488e+01 7.013727e+01
8.348879e+01 7.013727e+01
8.173662e+01 7.013727e+01
7.986346e+01 6.756241e+01
7.335227e+01 6.272660e+01
5.658362e+01 4.672271e+01
3.082346e+01 2.761784e+01
2.002504e+01 1.945543e+01
1.650019e+01 1.603981e+01
1.342505e+01 1.310247e+01
1.194354e+01 1.174437e+01
1.119580e+01 1.114930e+01
1.080348e+01 1.076574e+01
1.059971e+01 1.057606e+01
1.042296e+01 1.040643e+01
1.027265e+01 1.026261e+01
1.016803e+01 1.016134e+01
1.006839e+01 1.006096e+01
9.994593e+00 9.989250e+00
9.945259e+00 9.942403e+00
9.888349e+00 9.885420e+00
9.840257e+00 9.837802e+00
9.801468e+00 9.799070e+00
9.770939e+00 9.769324e+00
9.742200e+00 9.741381e+00
9.727461e+00 9.727216e+00
9.709366e+00 9.708927e+00
9.697460e+00 9.697400e+00
9.686466e+00 9.686426e+00
9.680576e+00 9.680568e+00
8.883783e+09 3.103247e+08
1.074858e+09 1.549703e+08
8.791229e+08 7.328028e+07
9.465378e+08 7.146968e+07
8.115942e+08 6.142507e+07
8.664775e+08 4.319487e+07
9.323621e+08 4.319487e+07
6.845734e+08 3.429935e+07
6.073687e+08 2.377786e+07
5.173437e+08 2.377786e+07
6.080990e+08 2.377786e+07
4.736510e+08 2.212370e+07
5.614576e+08 2.044244e+07
4.958858e+08 1.983665e+07
4.917200e+08 1.983665e+07
3.697304e+08 1.983665e+07
3.087798e+08 1.983665e+07
3.879149e+08 1.983665e+07
3.291914e+08 1.710357e+07
2.131546e+08 1.710357e+07
1.926011e+08 1.204592e+07
1.556984e+08 1.204592e+07
2.467235e+08 1.204592e+07
1.425415e+08 4.104437e+06
3.197954e+08 4.104437e+06
1.201345e+08 4.104437e+06
8.718006e+07 2.632315e+06
6.096828e+07 2.632315e+06
6.378403e+07 2.632315e+06
5.038607e+07 2.632315e+06
3.420666e+07 1.815174e+06
3.785625e+07 1.815174e+06
7.010718e+07 1.815174e+06
4.125332e+07 1.815174e+06
4.318234e+07 1.592934e+06
5.309349e+07 1.592934e+06
5.733241e+07 1.592934e+06
2.719358e+07 8.655803e+05
1.796354e+07 7.407962e+05
8.352813e+06 5.483952e+05
6.451476e+06 4.051660e+05
5.053033e+06 4.051660e+05
2.183541e+06 2.261422e+05
6.893144e+05 4.560527e+04
8.192654e+04 6.656214e+03
6.129583e+03 1.198287e+03
6.138242e+02 2.562810e+02
1.686740e+02 1.238218e+02
1.203086e+02 9.740816e+01
1.081958e+02 9.116924e+01
1.024597e+02 8.093044e+01
9.876823e+01 8.093044e+01
9.576288e+01 8.055119e+01
4.123560e+06 7.797749e+01
1.898344e+04 7.797749e+01
4.867079e+05 7.628469e+01
3.070700e+06 7.628469e+01
2.495433e+07 7.628469e+01
4.695905e+07 7.628469e+01
1.565775e+05 7.628469e+01
1.993696e+05 7.628469e+01
1.328034e+02 7.628469e+01
9.953789e+01 7.628469e+01
9.647486e+01 7.628469e+01
1.881069e+06 7.628469e+01
1.983419e+03 7.628469e+01
9.455240e+01 7.628469e+01
9.977437e+03 7.628469e+01
9.180958e+01 7.033044e+01
8.932938e+01 7.033044e+01
8.648145e+01 7.033044e+01
8.290572e+01 7.026698e+01
7.846878e+01 6.915075e+01
7.537233e+01 6.713046e+01
7.245307e+01 6.414434e+01
6.825332e+01 6.037245e+01
6.554489e+01 5.836376e+01
6.210006e+01 5.424683e+01
5.663561e+01 4.948646e+01
3.618838e+01 3.189193e+01
2.381221e+01 2.284637e+01
1.869596e+01 1.819114e+01
1.529630e+01 1.495172e+01
1.336725e+01 1.325346e+01
1.264259e+01 1.259483e+01
1.234712e+01 1.233007e+01
1.211188e+01 1.208691e+01
1.191464e+01 1.189545e+01
1.172697e+01 1.171473e+01
1.160116e+01 1.159189e+01
1.146818e+01 1.145992e+01
1.136504e+01 1.135810e+01
1.129957e+01 1.129709e+01
1.123032e+01 1.122784e+01
1.118835e+01 1.118679e+01
1.115789e+01 1.115677e+01
1.112798e+01 1.112707e+01
1.109512e+01 1.109465e+01
1.107205e+01 1.107144e+01
1.104690e+01 1.104680e+01
1.102905e+01 1.102905e+01
8.251820e+09 4.215536e+08
1.095942e+09 1.643875e+08
9.135436e+08 5.390641e+07
9.896819e+08 5.390641e+07
9.223281e+08 5.390641e+07
9.522897e+08 4.421076e+07
7.083294e+08 4.362075e+07
7.941492e+08 4.362075e+07
7.676901e+08 4.362075e+07
6.678731e+08 4.253892e+07
5.863611e+08 3.016848e+07
5.065655e+08 3.016848e+07
4.787169e+08 3.016848e+07
5.802018e+08 2.982505e+07
4.203853e+08 1.823368e+07
3.589828e+08 1.823368e+07
3.266879e+08 1.823368e+07
2.624236e+08 1.801031e+07
3.896904e+08 1.801031e+07
2.577561e+08 1.801031e+07
2.422834e+08 8.762360e+06
1.673397e+08 8.762360e+06
1.789989e+08 8.762360e+06
3.547395e+08 8.762360e+06
2.445253e+08 8.762360e+06
1.297216e+08 5.629327e+06
1.579675e+08 5.629327e+06
1.317448e+08 4.354209e+06
1.363763e+08 4.354209e+06
9.884911e+07 3.999705e+06
1.114975e+08 2.731757e+06
6.966590e+07 2.632815e+06
1.009096e+08 2.632815e+06
6.113618e+07 1.818695e+06
5.524048e+07 1.818695e+06
4.402679e+07 1.818695e+06
2.180310e+07 1.737996e+06
1.313403e+07 1.069225e+06
6.775113e+06 3.911440e+05
2.242565e+06 1.941544e+05
3.339975e+05 2.892053e+04
2.675477e+04 2.994638e+03
1.959448e+03 3.657163e+02
2.792485e+02 1.459191e+02
1.321994e+02 1.069607e+02
1.112626e+02 9.244529e+01
1.040279e+02 8.456563e+01
4.296298e+03 8.456563e+01
1.054052e+07 8.456563e+01
5.987711e+04 8.456563e+01
7.080271e+05 8.456563e+01
3.550335e+03 8.456563e+01
6.998469e+06 8.456563e+01
1.134441e+02 8.456563e+01
2.770034e+05 8.456563e+01
8.755893e+03 8.456563e+01
1.067477e+02 8.418364e+01
1.166445e+06 8.418364e+01
3.132654e+03 8.271917e+01
2.709479e+05 8.271917e+01
6.375799e+05 8.271917e+01
1.051132e+02 8.271917e+01
4.739349e+06 8.271917e+01
1.014404e+02 8.271917e+01
9.851928e+01 8.243782e+01
9.849634e+01 8.243782e+01
9.543560e+01 8.160610e+01
1.892492e+02 8.131137e+01
9.390432e+01 8.131137e+01
9.111731e+01 7.630036e+01
8.933133e+01 7.488966e+01
8.840706e+01 7.488966e+01
8.578169e+01 6.917274e+01
8.234831e+01 6.546226e+01
7.827410e+01 6.546226e+01
7.457446e+01 6.241461e+01
6.675389e+01 5.830003e+01
5.572874e+01 4.836969e+01
3.733254e+01 3.385350e+01
2.495445e+01 2.424601e+01
2.032574e+01 1.995712e+01
1.805832e+01 1.780985e+01
1.648083e+01 1.636571e+01
1.555305e+01 1.543882e+01
1.482327e+01 1.473456e+01
1.435241e+01 1.431157e+01
1.409050e+01 1.406497e+01
1.388528e+01 1.387171e+01
1.378392e+01 1.377629e+01
1.369277e+01 1.368664e+01
1.362676e+01 1.362353e+01
1.356523e+01 1.355945e+01
1.351980e+01 1.351825e+01
1.349332e+01 1.349171e+01
1.344741e+01 1.344625e+01
1.341949e+01 1.341896e+01
1.339713e+01 1.339645e+01
1.337890e+01 1.337853e+01
1.336470e+01 1.336460e+01
1.335634e+01 1.335626e+01
1.335077e+01 1.335076e+01
8.207328e+09 5.055931e+08
1.053883e+09 1.431992e+08
8.843760e+08 1.078766e+08
1.019366e+09 1.026593e+08
9.341899e+08 7.898628e+07
9.970540e+08 6.762316e+07
8.028791e+08 4.313871e+07
8.145785e+08 4.313871e+07
7.277781e+08 4.313871e+07
6.244210e+08 4.313871e+07
5.852267e+08 4.313871e+07
5.724830e+08 4.313871e+07
5.057314e+08 3.492902e+07
4.562329e+08 2.721468e+07
4.534572e+08 2.721468e+07
4.849308e+08 1.672918e+07
3.591458e+08 1.672918e+07
2.816788e+08 1.672918e+07
3.396479e+08 1.591147e+07
3.492401e+08 1.591147e+07
2.317798e+08 1.591147e+07
2.253889e+08 1.189923e+07
2.038561e+08 1.183750e+07
2.075797e+08 9.183454e+06
2.964965e+08 9.183454e+06
1.375398e+08 7.977617e+06
1.256969e+08 6.785745e+06
1.279344e+08 5.384716e+06
1.251387e+08 4.070588e+06
6.456891e+07 4.070588e+06
7.967380e+07 1.998783e+06
4.183371e+07 1.998783e+06
4.287807e+07 1.602191e+06
5.498541e+07 1.602191e+06
2.754410e+07 1.602191e+06
3.876747e+07 1.246861e+06
1.682726e+07 1.246861e+06
3.529051e+07 1.100242e+06
8.263022e+06 5.890532e+05
3.726044e+06 2.813099e+05
8.279515e+05 1.000813e+05
8.563746e+04 9.288113e+03
5.505349e+03 5.875368e+02
5.579581e+02 1.940558e+02
1.527861e+02 1.134619e+02
1.134534e+02 9.315115e+01
1.929097e+06 8.679019e+01
3.151903e+07 8.500371e+01
9.879689e+01 8.054680e+01
2.686782e+05 8.054680e+01
3.364834e+06 8.054680e+01
6.720762e+06 8.054680e+01
8.077994e+06 8.054680e+01
7.745581e+06 8.054680e+01
1.025507e+02 8.054680e+01
1.061655e+02 8.054680e+01
1.346523e+06 8.054680e+01
2.797665e+05 8.054680e+01
1.037579e+02 8.054680e+01
7.042462e+04 8.054680e+01
5.274688e+02 8.054680e+01
9.629472e+01 8.054680e+01
3.244170e+06 8.054680e+01
7.832501e+06 8.054680e+01
1.203244e+02 8.054680e+01
9.519440e+01 8.054680e+01
2.387687e+03 8.054680e+01
9.233637e+01 8.054680e+01
9.206627e+01 7.759561e+01
1.967679e+04 7.759561e+01
9.379419e+01 7.759561e+01
4.996063e+05 7.759561e+01
3.140738e+03 7.759561e+01
1.110432e+07 7.759561e+01
9.071087e+01 7.759561e+01
8.841305e+01 7.705679e+01
8.366496e+01 6.738228e+01
7.894713e+01 6.738228e+01
7.443300e+01 6.605464e+01
7.075041e+01 6.415792e+01
6.829803e+01 6.195625e+01
6.544744e+01 6.006658e+01
6.110050e+01 5.505117e+01
5.675250e+01 5.229711e+01
3.710997e+01 3.470372e+01
2.700037e+01 2.647282e+01
2.275692e+01 2.233741e+01
1.912464e+01 1.888454e+01
1.760956e+01 1.751898e+01
1.681813e+01 1.677891e+01
1.638490e+01 1.635696e+01
1.603845e+01 1.601948e+01
1.574604e+01 1.573230e+01
1.551190e+01 1.549552e+01
1.538786e+01 1.538540e+01
1.528562e+01 1.528256e+01
1.520668e+01 1.520481e+01
1.515508e+01 1.515366e+01
1.510582e+01 1.510527e+01
1.506792e+01 1.506775e+01
1.505058e+01 1.505058e+01
9.500340e+09 2.387288e+08
1.024808e+09 1.204762e+08
7.795375e+08 8.858129e+07
9.158473e+08 5.894244e+07
8.779226e+08 5.894244e+07
8.980744e+08 4.663326e+07
7.011470e+08 4.047595e+07
6.412872e+08 4.047595e+07
6.171987e+08 4.047595e+07
6.071000e+08 3.304119e+07
5.437313e+08 3.304119e+07
5.668567e+08 3.304119e+07
5.000620e+08 1.329236e+07
3.930007e+08 1.329236e+07
4.285650e+08 1.329236e+07
5.440118e+08 1.329236e+07
2.918539e+08 1.289239e+07
3.017390e+08 1.289239e+07
4.404196e+08 1.289239e+07
1.696728e+08 1.244486e+07
1.569036e+08 1.211871e+07
2.054775e+08 7.843491e+06
2.232282e+08 7.843491e+06
1.320230e+08 6.573730e+06
2.131573e+08 6.384440e+06
1.272610e+08 4.778849e+06
1.690372e+08 4.778849e+06
8.962775e+07 4.778849e+06
9.498962e+07 1.921627e+06
9.446071e+07 1.921627e+06
4.372210e+07 1.921627e+06
4.832548e+07 1.669921e+06
4.167929e+07 1.669921e+06
6.917939e+07 1.669921e+06
2.156091e+07 1.669921e+06
1.334329e+07 7.667445e+05
7.857051e+06 6.961937e+05
3.279455e+06 1.623898e+05
7.061178e+05 6.433375e+04
8.755268e+04 8.857720e+03
8.754296e+03 1.331997e+03
1.062743e+03 3.457021e+02
2.290156e+02 1.333562e+02
1.263595e+02 9.649774e+01
1.103090e+02 9.210741e+01
1.023762e+02 8.469347e+01
9.806756e+01 8.286740e+01
1.451232e+07 8.099071e+01
3.262408e+06 8.099071e+01
4.552966e+05 8.099071e+01
3.541408e+07 8.099071e+01
6.908970e+06 8.099071e+01
9.496069e+05 8.099071e+01
1.764467e+06 8.099071e+01
1.012686e+02 8.099071e+01
1.170722e+07 8.099071e+01
9.174422e+05 8.099071e+01
1.991333e+04 8.099071e+01
1.024660e+02 8.099071e+01
8.017953e+03 8.099071e+01
8.046935e+02 8.099071e+01
1.149802e+02 8.099071e+01
9.870364e+01 8.099071e+01
9.724982e+01 8.099071e+01
5.161385e+06 8.099071e+01
9.523204e+01 7.866795e+01
9.328049e+01 7.866795e+01
9.159063e+01 7.866795e+01
9.693278e+01 7.793577e+01
5.147104e+06 7.793577e+01
9.827783e+01 7.793577e+01
1.010502e+06 7.720157e+01
8.833213e+01 7.720157e+01
8.623181e+01 7.700606e+01
8.411006e+01 7.366133e+01
8.180598e+01 6.901780e+01
7.946539e+01 6.827747e+01
7.495653e+01 6.646669e+01
6.807587e+01 6.136304e+01
5.546710e+01 4.905931e+01
4.078617e+01 3.717782e+01
2.536461e+01 2.414113e+01
1.910594e+01 1.865883e+01
1.658147e+01 1.635056e+01
1.529297e+01 1.520089e+01
1.443770e+01 1.433896e+01
1.373446e+01 1.366684e+01
1.327352e+01 1.324622e+01
1.293132e+01 1.288421e+01
1.267328e+01 1.265109e+01
1.246188e+01 1.244529e+01
1.230062e+01 1.229388e+01
1.219086e+01 1.218682e+01
1.212741e+01 1.212446e+01
1.205448e+01 1.205111e+01
1.199727e+01 1.199640e+01
1.193859e+01 1.193650e+01
1.188958e+01 1.188879e+01
1.185230e+01 1.185199e+01
1.181593e+01 1.181563e+01
1.179497e+01 1.179496e+01
8.117592e+09 3.224460e+08
1.102721e+09 1.405079e+08
1.077711e+09 1.129940e+08
8.957325e+08 1.058724e+08
1.098658e+09 7.120339e+07
8.144434e+08 7.120339e+07
7.424603e+08 6.403246e+07
8.776168e+08 4.917141e+07
9.185975e+08 4.195131e+07
7.358599e+08 4.195131e+07
5.520525e+08 4.195131e+07
6.218557e+08 3.031466e+07
4.952209e+08 3.031466e+07
3.945228e+08 2.397728e+07
5.072445e+08 2.191282e+07
3.538285e+08 2.191282e+07
4.554444e+08 2.191282e+07
3.757713e+08 1.703274e+07
2.663850e+08 1.703274e+07
3.134630e+08 1.703274e+07
2.982795e+08 1.097381e+07
2.239302e+08 1.097381e+07
1.482610e+08 8.327352e+06
1.285185e+08 5.628188e+06
1.993719e+08 5.628188e+06
1.547732e+08 4.701166e+06
1.338420e+08 4.701166e+06
9.037751e+07 4.579557e+06
7.230752e+07 4.579557e+06
1.044610e+08 4.122919e+06
3.766381e+07 2.352623e+06
1.013987e+08 2.145936e+06
3.638032e+07 2.145936e+06
4.054440e+07 1.827498e+06
1.901904e+07 1.798355e+06
9.946498e+06 1.116804e+06
5.817201e+06 6.823721e+05
1.980519e+06 1.751831e+05
3.628017e+05 3.933036e+04
4.856826e+04 4.799934e+03
5.435541e+03 8.905740e+02
6.637670e+02 1.962033e+02
1.843621e+02 1.225314e+02
1.248551e+02 1.003977e+02
1.112106e+02 9.183725e+01
1.036119e+02 8.268465e+01
1.382562e+02 8.268465e+01
3.080153e+06 8.268465e+01
7.157318e+06 8.217409e+01
3.520433e+05 8.217409e+01
1.027392e+02 8.217409e+01
1.106052e+02 8.217409e+01
1.068240e+02 8.217409e+01
1.058066e+02 8.217409e+01
1.057810e+07 8.217409e+01
7.819788e+03 8.189893e+01
8.160982e+06 8.189893e+01
2.275253e+06 8.189893e+01
5.394922e+05 8.189893e+01
2.138993e+04 8.189893e+01
8.560655e+06 8.189893e+01
1.044864e+02 8.098258e+01
1.023689e+02 7.875564e+01
3.615197e+03 7.875564e+01
9.898102e+01 7.875564e+01
9.799575e+01 7.875564e+01
9.546349e+01 7.875564e+01
9.477976e+01 7.875564e+01
9.321325e+01 7.875564e+01
9.068642e+01 7.752690e+01
8.784002e+01 7.422346e+01
8.394164e+01 7.175134e+01
7.858682e+01 6.954416e+01
7.376357e+01 6.582019e+01
7.000523e+01 6.108830e+01
6.579486e+01 5.868361e+01
6.057560e+01 5.493850e+01
4.833325e+01 4.167399e+01
2.916437e+01 2.711416e+01
2.267379e+01 2.196524e+01
1.962474e+01 1.929617e+01
1.719273e+01 1.692112e+01
1.574866e+01 1.563168e+01
1.494476e+01 1.487010e+01
1.450439e+01 1.447438e+01
1.423300e+01 1.420497e+01
1.395128e+01 1.391803e+01
1.371276e+01 1.369494e+01
1.351969e+01 1.350075e+01
1.338341e+01 1.337753e+01
1.328864e+01 1.328116e+01
1.318698e+01 1.318153e+01
1.310415e+01 1.309741e+01
1.304514e+01 1.304254e+01
1.300005e+01 1.299723e+01
1.296755e+01 1.296621e+01
1.293435e+01 1.293300e+01
1.291046e+01 1.291012e+01
1.288960e+01 1.288937e+01
1.287214e+01 1.287207e+01
1.286230e+01 1.286230e+01
7.583124e+09 2.183708e+08
1.043260e+09 1.230023e+08
1.098072e+09 1.202563e+08
9.884924e+08 8.873782e+07
1.115056e+09 8.499922e+07
9.128724e+08 7.090795e+07
7.823259e+08 7.090795e+07
7.655417e+08 3.697857e+07
7.001027e+08 2.841880e+07
6.031904e+08 2.841880e+07
6.498644e+08 2.841880e+07
5.806616e+08 2.841880e+07
4.386272e+08 2.841880e+07
6.944072e+08 1.698853e+07
3.942497e+08 1.140860e+07
5.054930e+08 1.140860e+07
2.692405e+08 7.667725e+06
2.921750e+08 7.240306e+06
3.076536e+08 7.240306e+06
2.388417e+08 7.240306e+06
1.947700e+08 7.240306e+06
2.145781e+08 7.240306e+06
1.368264e+08 6.273675e+06
1.414262e+08 3.244387e+06
1.836370e+08 3.244387e+06
1.318886e+08 3.244387e+06
1.065741e+08 3.244387e+06
6.548251e+07 2.376050e+06
5.090063e+07 2.284331e+06
4.432328e+07 2.185077e+06
1.363950e+08 2.020523e+06
3.369472e+07 2.020523e+06
2.422650e+07 1.803744e+06
2.015264e+07 1.478848e+06
1.996355e+07 1.004192e+06
1.424378e+07 1.004192e+06
9.824325e+06 6.639295e+05
4.464458e+06 2.251238e+05
1.576682e+06 1.516601e+05
2.954588e+05 4.323942e+04
3.058570e+04 2.545756e+03
2.154873e+03 6.086460e+02
2.986286e+02 1.563486e+02
1.373077e+02 1.079444e+02
1.144124e+02 9.675649e+01
1.052889e+02 8.629125e+01
1.486280e+03 8.485833e+01
5.882133e+05 8.485833e+01
1.545971e+04 8.400321e+01
1.040020e+07 8.400321e+01
4.267996e+02 8.400321e+01
1.081549e+02 8.400321e+01
2.161276e+05 8.400321e+01
1.292221e+06 7.906610e+01
1.871157e+06 7.906610e+01
1.068436e+05 7.906610e+01
1.082099e+07 7.906610e+01
6.913466e+03 7.906610e+01
2.005674e+05 7.906610e+01
1.304611e+04 7.906610e+01
3.241681e+02 7.906610e+01
1.028084e+02 7.906610e+01
6.538372e+05 7.906610e+01
1.009300e+02 7.906610e+01
1.014194e+02 7.906610e+01
9.934464e+01 7.906610e+01
1.285226e+03 7.906610e+01
9.628792e+01 7.386641e+01
9.357928e+01 7.386641e+01
9.064492e+01 7.262543e+01
8.766314e+01 7.262543e+01
8.340620e+01 7.150796e+01
7.848793e+01 6.731768e+01
7.408788e+01 6.496288e+01
7.065089e+01 6.331263e+01
7.088755e+01 6.005101e+01
6.700496e+01 5.553332e+01
5.950284e+01 5.079678e+01
3.596274e+01 3.193342e+01
2.402473e+01 2.315333e+01
2.075012e+01 2.052163e+01
1.919073e+01 1.892309e+01
1.720630e+01 1.704344e+01
1.621890e+01 1.613056e+01
1.548513e+01 1.540613e+01
1.484967e+01 1.479276e+01
1.444494e+01 1.440552e+01
1.403838e+01 1.401509e+01
1.376214e+01 1.375029e+01
1.359120e+01 1.357373e+01
1.340923e+01 1.339481e+01
1.326151e+01 1.325199e+01
1.315806e+01 1.315189e+01
1.310259e+01 1.310068e+01
1.307315e+01 1.307126e+01
1.303943e+01 1.303819e+01
1.301506e+01 1.301455e+01
1.299045e+01 1.298993e+01
1.296980e+01 1.296948e+01
1.295243e+01 1.295236e+01
1.294002e+01 1.294000e+01
8.722761e+09 3.540677e+08
9.941806e+08 1.095971e+08
1.254010e+09 1.095971e+08
8.714230e+08 1.008246e+08
8.717254e+08 8.871178e+07
8.578623e+08 7.353386e+07
8.854129e+08 5.556781e+07
8.328812e+08 5.556781e+07
1.020616e+09 4.727175e+07
6.160997e+08 3.603986e+07
5.330205e+08 3.603986e+07
5.138609e+08 3.603986e+07
4.719613e+08 2.698115e+07
3.947088e+08 2.647562e+07
4.690860e+08 2.647562e+07
4.526017e+08 1.614857e+07
2.824301e+08 1.614857e+07
2.860019e+08 1.614857e+07
2.714601e+08 9.367500e+06
1.945961e+08 9.367500e+06
1.709626e+08 6.050683e+06
3.052458e+08 6.050683e+06
3.031182e+08 6.050683e+06
1.846239e+08 6.050683e+06
1.591446e+08 5.910223e+06
1.555753e+08 5.706570e+06
1.071965e+08 5.706570e+06
6.378830e+07 5.258544e+06
6.936459e+07 1.852372e+06
4.535150e+07 1.852372e+06
5.155438e+07 1.394280e+06
2.762354e+07 7.508112e+05
6.696741e+07 7.508112e+05
8.387802e+07 7.508112e+05
1.952147e+07 7.508112e+05
1.769282e+07 7.508112e+05
9.487780e+06 7.508112e+05
6.919283e+06 7.508112e+05
3.057097e+07 7.004088e+05
4.197131e+06 3.208396e+05
2.138146e+06 2.637995e+05
6.850448e+05 7.899808e+04
8.350858e+04 1.194442e+04
5.778459e+03 9.231825e+02
4.912070e+02 1.767568e+02
1.505769e+02 1.097271e+02
1.126683e+02 8.781905e+01
9.493354e+06 8.518794e+01
1.601343e+04 8.079978e+01
1.096579e+05 8.079978e+01
2.837972e+03 8.079978e+01
9.878377e+01 8.079978e+01
4.687685e+07 8.079978e+01
3.233219e+06 8.079978e+01
2.682598e+06 8.079978e+01
1.674297e+07 8.079978e+01
3.491714e+06 8.079978e+01
1.047343e+02 8.079978e+01
1.216050e+03 8.079978e+01
1.021773e+02 8.079978e+01
1.481525e+06 8.079978e+01
1.579196e+04 8.079978e+01
1.760570e+05 8.079978e+01
4.172475e+06 8.079978e+01
9.483888e+01 8.079978e+01
7.924268e+03 8.079978e+01
3.533433e+06 8.079978e+01
9.578078e+01 8.030135e+01
9.387523e+01 7.788461e+01
9.151820e+01 7.788461e+01
8.903154e+01 7.542459e+01
8.697083e+01 7.405567e+01
8.322695e+01 7.105721e+01
7.908842e+01 6.967320e+01
7.424648e+01 6.705891e+01
6.814421e+01 5.918085e+01
6.002656e+01 4.827694e+01
3.773634e+01 3.386025e+01
2.506587e+01 2.410859e+01
2.144750e+01 2.111042e+01
1.891963e+01 1.864017e+01
1.680435e+01 1.657184e+01
1.534510e+01 1.522099e+01
1.442801e+01 1.431303e+01
1.355326e+01 1.347575e+01
1.297437e+01 1.293426e+01
1.265598e+01 1.262789e+01
1.243898e+01 1.241675e+01
1.215717e+01 1.213682e+01
1.195437e+01 1.193953e+01
1.182472e+01 1.181920e+01
1.173913e+01 1.173522e+01
1.166276e+01 1.165999e+01
1.160346e+01 1.160077e+01
1.155049e+01 1.154662e+01
1.149953e+01 1.149751e+01
1.145057e+01 1.144965e+01
1.140348e+01 1.140308e+01
1.137349e+01 1.137309e+01
1.134683e+01 1.134659e+01
1.132836e+01 1.132836e+01
8.729683e+09 2.992111e+08
1.083412e+09 1.653100e+08
8.505697e+08 1.129117e+08
9.966713e+08 6.733406e+07
8.962510e+08 4.642406e+07
9.445135e+08 4.335721e+07
1.009439e+09 1.993745e+07
7.800876e+08 1.993745e+07
7.554883e+08 1.993745e+07
7.408322e+08 1.671223e+07
5.935064e+08 1.671223e+07
4.435736e+08 1.671223e+07
5.050714e+08 1.671223e+07
4.878497e+08 1.671223e+07
3.985111e+08 1.671223e+07
3.628463e+08 1.671223e+07
3.634756e+08 1.671223e+07
3.970668e+08 1.671223e+07
2.947885e+08 1.671223e+07
3.125383e+08 1.632908e+07
2.562818e+08 1.632908e+07
2.060545e+08 1.341489e+07
2.087429e+08 1.164265e+07
1.820156e+08 1.164265e+07
1.379734e+08 7.873109e+06
9.999933e+07 7.873109e+06
1.108965e+08 7.873109e+06
1.044822e+08 7.873109e+06
1.108195e+08 7.873109e+06
6.539333e+07 5.089864e+06
9.135521e+07 3.910097e+06
7.198425e+07 3.684228e+06
4.772556e+07 2.636052e+06
4.073694e+07 2.636052e+06
4.712993e+07 2.636052e+06
2.475756e+07 2.264723e+06
2.647812e+07 1.148388e+06
1.016018e+07 9.087232e+05
3.710536e+06 3.921518e+05
6.621423e+05 8.310847e+04
7.362058e+04 7.970069e+03
5.580353e+03 9.141168e+02
6.373715e+02 2.333672e+02
1.772892e+02 1.208511e+02
1.229695e+02 9.696611e+01
1.093513e+02 8.941775e+01
1.025853e+02 8.657437e+01
2.623890e+07 8.412512e+01
2.965763e+07 8.412512e+01
6.203149e+02 8.302677e+01
9.544940e+02 8.302677e+01
2.189023e+04 8.302677e+01
1.117969e+02 8.302677e+01
1.017876e+07 8.302677e+01
5.234183e+06 8.302677e+01
5.493452e+05 8.302677e+01
1.320320e+07 8.302677e+01
1.056467e+02 8.302677e+01
3.229855e+04 8.302677e+01
1.024406e+02 8.302677e+01
1.015997e+02 8.302677e+01
1.002549e+02 8.302677e+01
3.113455e+03 8.302677e+01
8.029547e+04 8.302677e+01
1.640257e+06 8.141963e+01
9.348873e+01 7.769403e+01
9.811504e+05 7.738674e+01
8.919645e+01 7.483421e+01
8.782030e+01 7.483421e+01
8.520988e+01 6.901262e+01
8.254540e+01 6.886666e+01
7.760922e+01 6.741798e+01
7.207350e+01 6.338999e+01
6.638357e+01 5.730862e+01
5.442085e+01 4.561754e+01
3.218198e+01 2.911794e+01
2.328124e+01 2.221109e+01
1.858373e+01 1.807125e+01
1.628510e+01 1.596085e+01
1.498667e+01 1.484590e+01
1.434751e+01 1.426481e+01
1.388418e+01 1.383962e+01
1.344545e+01 1.338261e+01
1.307998e+01 1.305097e+01
1.279550e+01 1.275786e+01
1.256948e+01 1.254692e+01
1.241730e+01 1.240353e+01
1.229605e+01 1.228472e+01
1.219766e+01 1.219191e+01
1.213956e+01 1.213656e+01
1.210498e+01 1.210295e+01
1.206689e+01 1.206442e+01
1.203336e+01 1.203180e+01
1.201334e+01 1.201219e+01
1.199043e+01 1.198941e+01
1.197679e+01 1.197641e+01
1.196023e+01 1.195991e+01
1.194601e+01 1.194577e+01
1.193526e+01 1.193518e+01
1.192683e+01 1.192677e+01
1.191915e+01 1.191914e+01
8.390489e+09 3.643114e+08
1.088274e+09 1.440194e+08
9.757257e+08 6.675253e+07
8.995954e+08 6.675253e+07
8.603282e+08 6.675253e+07
7.401303e+08 6.675253e+07
6.713178e+08 5.636276e+07
7.005498e+08 5.636276e+07
5.824670e+08 5.302006e+07
6.723886e+08 3.965630e+07
6.039771e+08 3.965630e+07
4.603029e+08 2.864120e+07
3.782223e+08 2.235803e+07
5.058208e+08 2.235803e+07
3.901532e+08 2.235803e+07
3.315532e+08 1.496694e+07
4.403589e+08 1.496694e+07
5.045421e+08 1.438813e+07
2.115302e+08 1.016521e+07
3.023670e+08 1.016521e+07
2.725041e+08 1.016521e+07
1.785076e+08 5.823562e+06
1.785082e+08 5.823562e+06
1.595304e+08 5.823562e+06
1.199394e+08 5.823562e+06
1.182041e+08 5.823562e+06
9.529641e+07 5.823562e+06
7.105015e+07 4.945559e+06
7.609106e+07 4.497944e+06
4.265526e+07 2.575462e+06
2.913841e+07 1.638908e+06
6.718334e+07 1.180145e+06
3.626410e+07 1.180145e+06
5.108342e+07 1.180145e+06
3.344380e+07 1.177842e+06
1.781734e+07 9.433797e+05
1.358402e+07 7.404716e+05
5.908065e+06 5.620408e+05
1.843783e+06 2.105001e+05
3.350996e+05 3.713698e+04
3.372568e+04 5.086144e+03
3.229292e+03 8.475247e+02
3.953822e+02 1.937825e+02
1.494487e+02 1.102968e+02
1.140664e+02 9.365954e+01
7.822476e+06 8.456217e+01
9.962607e+01 8.396152e+01
1.239639e+07 8.396152e+01
2.309291e+07 8.396152e+01
3.465019e+06 8.396152e+01
5.657644e+06 8.396152e+01
7.620659e+05 8.340890e+01
2.177197e+07 8.340890e+01
6.551265e+06 8.340890e+01
3.104693e+05 8.340890e+01
1.046191e+02 8.340890e+01
5.435141e+05 8.340890e+01
2.537228e+06 8.340890e+01
5.498047e+03 8.340890e+01
1.035295e+02 8.340890e+01
2.283170e+02 8.340890e+01
6.055207e+05 8.012832e+01
1.050137e+02 8.012832e+01
9.089383e+06 8.012832e+01
3.126453e+05 8.012832e+01
9.830019e+01 8.012832e+01
9.653676e+01 8.012832e+01
9.477677e+01 8.012832e+01
9.218040e+01 8.012832e+01
8.938267e+01 7.760279e+01
8.605405e+01 7.642547e+01
8.165633e+01 7.057459e+01
7.675777e+01 6.775345e+01
7.310545e+01 6.609240e+01
6.982128e+01 6.228630e+01
6.944787e+01 6.108805e+01
6.726444e+01 5.941773e+01
6.620321e+01 5.828486e+01
6.211848e+01 5.513708e+01
5.290310e+01 4.712748e+01
3.169986e+01 2.973235e+01
2.348750e+01 2.301230e+01
2.044296e+01 2.007081e+01
1.837782e+01 1.822726e+01
1.679060e+01 1.661547e+01
1.561225e+01 1.550113e+01
1.486800e+01 1.479135e+01
1.427206e+01 1.423782e+01
1.386484e+01 1.383226e+01
1.342918e+01 1.337745e+01
1.299895e+01 1.296838e+01
1.277259e+01 1.275710e+01
1.264518e+01 1.263766e+01
1.251597e+01 1.251109e+01
1.242220e+01 1.241766e+01
1.230967e+01 1.230679e+01
1.222752e+01 1.222585e+01
1.218020e+01 1.217911e+01
1.213525e+01 1.213477e+01
1.208996e+01 1.208985e+01
1.206665e+01 1.206664e+01
8.420033e+09 2.615228e+08
1.090074e+09 1.451132e+08
8.614074e+08 1.107609e+08
1.005593e+09 7.717911e+07
8.482359e+08 7.462356e+07
8.680661e+08 5.812866e+07
8.373298e+08 4.643716e+07
8.328003e+08 1.324409e+07
7.097499e+08 1.258051e+07
6.000187e+08 1.258051e+07
5.783929e+08 1.258051e+07
4.992460e+08 1.006141e+07
4.319048e+08 1.006141e+07
5.457433e+08 8.531971e+06
4.262200e+08 7.227665e+06
3.190051e+08 7.227665e+06
3.020982e+08 7.227665e+06
4.482821e+08 5.410425e+06
2.650376e+08 5.410425e+06
2.382190e+08 5.410425e+06
2.262772e+08 5.410425e+06
1.828224e+08 5.410425e+06
1.530771e+08 4.281363e+06
1.496126e+08 4.281363e+06
1.513615e+08 4.281363e+06
1.042041e+08 3.411710e+06
8.887991e+07 3.411710e+06
5.534408e+07 3.411710e+06
1.003787e+08 3.261924e+06
3.368678e+07 1.647150e+06
7.222457e+07 1.647150e+06
1.925065e+07 9.687900e+05
3.956452e+07 9.687900e+05
1.440243e+07 7.400168e+05
4.038778e+07 7.400168e+05
1.018278e+07 7.400168e+05
1.053755e+07 7.274394e+05
1.507590e+07 3.621762e+05
7.761027e+06 3.153245e+05
2.250873e+06 2.310872e+05
9.267539e+05 8.139753e+04
1.713167e+05 1.676303e+04
1.605047e+04 2.876303e+03
1.425294e+03 4.063484e+02
2.197208e+02 1.388436e+02
1.300159e+02 1.076215e+02
1.119177e+02 9.251069e+01
1.041855e+02 9.015353e+01
1.067196e+07 8.447294e+01
1.918258e+05 8.447294e+01
2.917213e+04 8.447294e+01
1.026042e+02 8.447294e+01
1.625430e+07 8.447294e+01
1.021210e+07 8.447294e+01
4.330204e+05 8.447294e+01
1.276032e+05 8.447294e+01
1.041159e+02 8.196796e+01
1.010560e+06 8.196796e+01
1.019138e+02 8.196796e+01
1.010400e+02 8.196796e+01
9.738433e+01 8.196796e+01
9.585016e+01 7.908217e+01
1.390818e+02 7.908217e+01
2.806304e+05 7.908217e+01
4.527520e+05 7.908217e+01
5.394384e+05 7.908217e+01
9.375517e+01 7.908217e+01
9.346035e+01 7.883288e+01
9.106676e+01 7.706119e+01
8.869526e+01 7.706119e+01
8.754797e+01 7.495658e+01
8.559343e+01 7.495658e+01
8.234252e+01 7.277451e+01
7.755584e+01 6.879601e+01
7.322717e+01 6.330487e+01
6.889976e+01 6.163341e+01
6.585215e+01 6.098075e+01
6.443091e+01 5.830427e+01
6.318226e+01 5.653924e+01
5.414891e+01 4.566063e+01
3.119084e+01 2.753936e+01
2.097485e+01 2.037516e+01
1.778810e+01 1.750562e+01
1.603620e+01 1.591602e+01
1.512729e+01 1.506407e+01
1.456904e+01 1.451574e+01
1.413561e+01 1.410786e+01
1.382325e+01 1.380119e+01
1.358137e+01 1.355746e+01
1.338596e+01 1.337531e+01
1.322963e+01 1.321700e+01
1.306651e+01 1.305897e+01
1.297155e+01 1.296814e+01
1.292275e+01 1.292055e+01
1.288499e+01 1.288388e+01
1.286039e+01 1.285962e+01
1.284133e+01 1.284090e+01
1.282552e+01 1.282513e+01
1.280365e+01 1.280342e+01
1.278298e+01 1.278288e+01
1.277327e+01 1.277326e+01
9.050797e+09 4.796102e+08
1.019982e+09 1.157939e+08
9.380934e+08 1.132132e+08
8.815918e+08 5.095071e+07
8.958500e+08 5.095071e+07
8.118728e+08 5.095071e+07
8.272530e+08 5.067511e+07
7.771257e+08 5.067511e+07
6.970252e+08 2.927561e+07
7.576446e+08 2.927561e+07
5.859890e+08 2.927561e+07
4.940111e+08 2.927561e+07
4.358640e+08 2.927561e+07
3.894062e+08 2.927561e+07
3.768056e+08 2.187996e+07
4.099315e+08 2.187996e+07
3.001033e+08 1.242882e+07
2.519171e+08 1.242882e+07
2.731670e+08 1.142253e+07
2.407494e+08 1.142253e+07
2.100885e+08 9.207954e+06
1.519213e+08 8.731622e+06
1.443224e+08 8.493491e+06
1.454626e+08 7.691303e+06
1.010708e+08 5.849938e+06
1.623688e+08 5.849938e+06
1.381416e+08 4.442772e+06
1.105910e+08 3.527107e+06
1.341452e+08 3.527107e+06
1.099846e+08 1.527982e+06
6.289353e+07 1.527982e+06
4.562547e+07 1.007908e+06
6.116316e+07 1.007908e+06
4.596634e+07 6.056561e+05
5.793349e+07 6.056561e+05
4.694165e+07 6.056561e+05
5.382351e+07 6.056561e+05
1.137491e+07 6.056561e+05
9.580737e+06 4.072400e+05
1.204524e+07 4.072400e+05
3.913871e+07 4.072400e+05
7.137952e+06 2.683210e+05
1.382024e+06 6.994730e+04
2.921117e+05 3.601799e+04
2.660733e+04 4.000876e+03
1.937307e+03 4.631004e+02
2.472927e+02 1.383743e+02
1.260147e+02 9.885203e+01
1.070002e+02 8.918998e+01
2.234017e+03 8.204504e+01
9.802876e+01 7.662603e+01
4.257012e+03 7.634383e+01
2.005521e+07 7.634383e+01
1.327942e+07 7.634383e+01
6.401157e+05 7.634383e+01
1.660042e+07 7.634383e+01
3.708097e+06 7.634383e+01
5.440356e+07 7.634383e+01
8.822424e+06 7.634383e+01
9.658027e+03 7.634383e+01
9.828111e+01 7.634383e+01
9.679947e+01 7.634383e+01
8.719438e+06 7.634383e+01
1.781713e+02 7.634383e+01
9.252947e+01 7.634383e+01
7.247679e+06 7.634383e+01
9.259882e+01 7.634383e+01
9.173896e+01 7.634383e+01
9.031355e+01 7.621616e+01
8.891621e+01 7.621616e+01
8.573365e+01 7.285598e+01
8.383780e+01 7.285598e+01
1.565995e+06 7.285598e+01
8.222515e+01 7.003775e+01
8.213259e+01 7.003775e+01
8.036499e+01 7.003775e+01
7.489988e+01 6.456160e+01
7.110533e+01 6.216015e+01
6.673125e+01 5.787840e+01
6.246241e+01 5.668476e+01
5.680859e+01 5.060288e+01
3.634904e+01 3.198485e+01
1.962583e+01 1.886789e+01
1.595393e+01 1.559031e+01
1.395881e+01 1.381844e+01
1.271403e+01 1.256859e+01
1.183444e+01 1.174088e+01
1.084743e+01 1.077900e+01
1.035057e+01 1.031119e+01
1.002424e+01 1.000431e+01
9.752143e+00 9.739807e+00
9.516556e+00 9.501759e+00
9.347447e+00 9.341210e+00
9.267124e+00 9.264055e+00
9.189941e+00 9.188161e+00
9.140039e+00 9.138563e+00
9.085686e+00 9.084704e+00
9.041880e+00 9.041118e+00
9.010145e+00 9.009542e+00
8.981675e+00 8.981347e+00
8.962935e+00 8.962928e+00
9.139968e+09 5.115609e+08
1.034710e+09 1.464894e+08
8.647514e+08 7.087707e+07
8.621778e+08 7.087707e+07
8.696389e+08 6.049297e+07
9.547121e+08 6.049297e+07
7.489105e+08 6.049297e+07
6.611879e+08 6.049297e+07
7.680095e+08 4.293055e+07
6.786191e+08 4.293055e+07
6.338174e+08 1.824211e+07
4.861076e+08 1.824211e+07
5.322797e+08 1.824211e+07
4.444638e+08 1.824211e+07
3.659842e+08 1.824211e+07
4.376600e+08 1.824211e+07
4.413277e+08 1.814939e+07
2.703143e+08 1.198554e+07
2.661572e+08 1.198554e+07
2.766470e+08 1.198554e+07
1.872527e+08 9.149666e+06
1.827592e+08 9.149666e+06
1.943329e+08 9.060590e+06
2.891013e+08 6.768789e+06
1.758192e+08 6.768789e+06
2.034958e+08 3.732005e+06
1.120134e+08 3.732005e+06
9.584457e+07 3.303433e+06
1.021439e+08 3.303433e+06
4.504192e+07 3.303433e+06
7.276697e+07 1.684824e+06
6.145457e+07 1.684824e+06
9.129487e+07 1.684824e+06
3.981108e+07 1.538562e+06
2.315658e+07 1.212973e+06
2.145771e+07 1.139227e+06
2.870904e+07 6.209931e+05
8.220600e+06 6.209931e+05
4.509252e+06 5.576920e+05
1.768384e+06 1.946889e+05
3.077968e+05 2.390566e+04
2.797044e+04 4.836872e+03
2.288346e+03 4.708133e+02
3.440181e+02 1.781930e+02
1.532316e+02 1.195763e+02
1.192362e+02 9.427144e+01
2.104994e+05 8.498745e+01
1.031776e+02 8.498745e+01
2.873773e+07 8.498745e+01
1.178496e+07 8.498745e+01
1.344421e+05 8.498745e+01
2.427747e+04 8.498745e+01
1.541134e+03 8.498745e+01
3.571480e+06 8.498745e+01
1.037467e+02 8.498745e+01
1.037678e+02 8.498745e+01
3.101036e+06 8.498745e+01
1.720578e+05 8.498745e+01
1.024196e+02 8.498745e+01
7.880640e+02 8.498745e+01
1.083295e+02 8.498745e+01
1.046076e+02 8.498745e+01
1.029830e+02 8.498745e+01
6.064758e+04 8.401220e+01
1.502512e+06 8.401220e+01
1.004833e+02 7.904943e+01
9.939868e+01 7.904943e+01
9.573335e+01 7.904943e+01
9.300375e+01 7.507084e+01
9.166984e+01 7.507084e+01
9.079623e+01 7.507084e+01
8.866076e+01 7.300192e+01
8.777562e+01 7.300192e+01
8.549016e+01 7.205739e+01
8.377084e+01 7.019377e+01
8.147186e+01 6.858875e+01
7.760416e+01 6.360476e+01
7.170323e+01 6.121133e+01
6.628200e+01 5.970258e+01
4.950876e+01 4.523961e+01
3.017874e+01 2.845414e+01
2.152755e+01 2.103503e+01
1.866095e+01 1.839903e+01
1.706465e+01 1.696660e+01
1.601734e+01 1.590397e+01
1.526207e+01 1.521165e+01
1.473902e+01 1.467520e+01
1.439325e+01 1.436888e+01
1.411347e+01 1.408438e+01
1.383558e+01 1.381730e+01
1.356539e+01 1.354582e+01
1.338867e+01 1.338347e+01
1.327386e+01 1.326634e+01
1.316256e+01 1.315801e+01
1.307621e+01 1.307342e+01
1.299970e+01 1.299770e+01
1.292986e+01 1.292814e+01
1.288844e+01 1.288757e+01
1.284030e+01 1.283961e+01
1.279686e+01 1.279657e+01
1.276707e+01 1.276693e+01
8.368905e+09 2.555840e+08
1.040863e+09 1.352627e+08
1.053574e+09 9.094789e+07
8.960778e+08 9.094789e+07
8.386286e+08 8.705282e+07
9.154277e+08 5.926966e+07
8.915926e+08 5.876238e+07
6.843064e+08 4.015483e+07
6.493694e+08 4.015483e+07
6.197916e+08 4.015483e+07
6.694763e+08 3.851418e+07
6.145207e+08 3.494058e+07
5.371334e+08 2.356431e+07
4.432905e+08 2.251897e+07
5.189032e+08 2.251897e+07
3.854329e+08 2.251897e+07
3.689563e+08 2.179527e+07
2.895655e+08 1.940512e+07
2.585168e+08 1.177115e+07
2.737467e+08 1.177115e+07
2.263734e+08 9.356748e+06
2.184665e+08 9.356748e+06
1.821961e+08 9.356748e+06
1.382101e+08 9.356748e+06
2.046447e+08 9.356748e+06
1.907841e+08 8.692253e+06
1.239143e+08 5.377880e+06
1.653305e+08 5.377880e+06
1.356158e+08 2.948220e+06
1.060752e+08 2.948220e+06
7.987483e+07 2.948220e+06
7.722398e+07 2.948220e+06
3.998838e+07 2.948220e+06
4.255426e+07 2.214543e+06
3.571408e+07 2.214543e+06
6.704068e+07 1.854529e+06
1.817173e+07 1.831892e+06
1.723523e+07 1.419309e+06
4.675478e+06 4.798210e+05
1.033064e+06 1.233363e+05
9.777172e+04 1.467646e+04
6.692959e+03 1.019413e+03
7.121462e+02 2.128707e+02
1.818277e+02 1.224455e+02
1.231383e+02 9.756188e+01
1.099066e+02 9.101671e+01
2.153026e+07 8.848938e+01
9.881516e+01 8.580305e+01
5.851171e+04 8.335328e+01
3.219931e+07 8.335328e+01
8.503440e+06 8.335328e+01
5.694518e+02 8.335328e+01
1.052072e+02 8.335328e+01
2.310927e+05 8.335328e+01
1.080328e+02 8.335328e+01
1.059993e+02 8.335328e+01
4.174036e+04 8.335328e+01
1.903792e+06 8.335328e+01
1.047754e+02 8.250716e+01
2.376140e+02 8.250716e+01
6.827420e+05 8.250716e+01
1.020794e+02 8.250716e+01
2.895964e+06 8.250716e+01
9.669742e+01 8.018222e+01
9.611474e+01 8.018222e+01
1.134760e+03 8.018222e+01
9.660994e+01 7.926753e+01
2.502797e+04 7.926753e+01
9.227880e+01 7.926753e+01
9.152463e+01 7.557333e+01
8.973314e+01 7.557333e+01
8.872304e+01 7.557333e+01
8.716954e+01 7.501998e+01
8.465697e+01 7.220963e+01
8.168274e+01 6.603674e+01
7.727215e+01 6.262296e+01
7.317739e+01 6.175740e+01
5.333042e+01 4.650779e+01
3.110081e+01 2.932572e+01
2.250305e+01 2.144316e+01
1.801232e+01 1.753575e+01
1.638978e+01 1.620391e+01
1.547564e+01 1.540176e+01
1.483630e+01 1.473052e+01
1.423435e+01 1.416103e+01
1.365702e+01 1.360496e+01
1.323057e+01 1.319243e+01
1.290863e+01 1.288374e+01
1.256823e+01 1.254278e+01
1.232245e+01 1.230621e+01
1.208803e+01 1.207397e+01
1.195602e+01 1.195077e+01
1.186152e+01 1.185638e+01
1.178710e+01 1.178341e+01
1.171006e+01 1.170708e+01
1.164502e+01 1.164205e+01
1.159242e+01 1.159157e+01
1.154218e+01 1.154105e+01
1.149993e+01 1.149918e+01
1.146174e+01 1.146159e+01
1.143907e+01 1.143907e+01
8.719357e+09 3.375276e+08
8.814450e+08 1.257459e+08
7.170123e+08 4.789186e+07
7.421643e+08 4.789186e+07
9.009121e+08 4.110954e+07
7.298522e+08 4.110954e+07
7.624287e+08 3.172886e+07
7.620625e+08 3.163635e+07
5.685991e+08 1.554973e+07
3.763159e+08 1.554973e+07
5.904229e+08 1.554973e+07
4.981647e+08 1.028075e+07
4.278365e+08 1.028075e+07
4.289403e+08 1.028075e+07
3.518172e+08 9.203777e+06
2.552851e+08 7.219384e+06
2.524092e+08 7.219384e+06
2.981561e+08 7.219384e+06
3.290997e+08 7.219384e+06
2.452991e+08 7.219384e+06
2.102460e+08 7.219384e+06
2.454647e+08 7.219384e+06
1.546279e+08 6.703231e+06
1.076015e+08 4.872927e+06
1.646946e+08 4.872927e+06
9.056316e+07 2.162331e+06
1.349183e+08 2.068068e+06
1.038828e+08 2.068068e+06
6.412771e+07 1.991030e+06
5.034412e+07 1.991030e+06
3.894106e+07 1.991030e+06
3.081978e+07 1.991030e+06
4.351635e+07 1.352043e+06
2.562061e+07 1.352043e+06
2.314483e+07 1.166328e+06
3.064299e+07 1.166328e+06
2.837751e+07 1.165971e+06
2.999029e+07 1.097629e+06
8.816341e+06 8.059489e+05
3.327128e+06 2.474631e+05
6.665315e+05 8.568367e+04
8.059187e+04 1.159551e+04
7.300505e+03 1.440307e+03
8.740386e+02 3.111494e+02
2.132083e+02 1.425353e+02
1.354613e+02 1.086995e+02
1.158983e+02 9.516924e+01
1.082859e+02 9.082831e+01
1.789023e+05 8.809426e+01
9.516165e+06 8.798230e+01
3.020634e+03 8.798230e+01
1.389248e+03 8.798230e+01
6.920924e+06 8.580766e+01
1.256485e+05 8.580766e+01
7.201522e+04 8.580766e+01
2.571220e+06 8.580766e+01
1.672334e+06 8.580766e+01
3.334171e+06 8.580766e+01
1.423317e+07 8.580766e+01
3.120027e+05 8.580766e+01
1.149303e+06 8.580766e+01
1.101637e+02 8.580766e+01
9.301281e+05 8.580766e+01
1.071965e+02 8.580766e+01
1.057801e+02 8.580766e+01
3.232177e+05 8.580766e+01
1.028301e+02 8.580766e+01
9.154389e+06 8.580766e+01
9.685651e+01 8.361626e+01
9.235226e+01 7.930636e+01
8.869174e+01 7.584017e+01
8.601401e+01 7.092228e+01
8.309096e+01 7.092228e+01
7.918823e+01 6.905650e+01
7.434196e+01 6.290215e+01
6.844689e+01 5.822954e+01
6.300371e+01 5.581494e+01
4.105580e+01 3.694322e+01
2.646841e+01 2.521539e+01
1.999154e+01 1.930583e+01
1.675597e+01 1.643886e+01
1.516504e+01 1.498906e+01
1.398180e+01 1.383375e+01
1.304222e+01 1.293699e+01
1.217874e+01 1.211693e+01
1.175235e+01 1.172016e+01
1.137421e+01 1.133173e+01
1.102437e+01 1.098120e+01
1.070242e+01 1.068210e+01
1.050634e+01 1.049021e+01
1.032734e+01 1.031480e+01
1.020075e+01 1.019541e+01
1.010133e+01 1.009742e+01
1.004589e+01 1.004445e+01
9.979161e+00 9.976046e+00
9.925362e+00 9.924342e+00
9.894527e+00 9.893579e+00
9.867303e+00 9.866983e+00
9.842779e+00 9.842618e+00
9.818497e+00 9.818277e+00
9.807702e+00 9.807698e+00
8.372744e+09 3.711358e+08
1.109243e+09 1.535085e+08
8.994026e+08 8.079806e+07
9.679329e+08 8.079806e+07
1.021309e+09 4.994399e+07
8.670234e+08 3.571318e+07
9.983088e+08 3.571318e+07
7.849344e+08 3.571318e+07
7.100115e+08 2.771719e+07
6.561320e+08 2.771719e+07
7.192329e+08 2.771719e+07
5.606255e+08 2.771719e+07
4.492661e+08 1.780287e+07
4.594976e+08 1.697540e+07
3.229278e+08 1.697540e+07
4.175522e+08 1.375168e+07
3.066898e+08 1.221298e+07
3.677580e+08 1.221298e+07
3.609708e+08 1.221298e+07
2.685951e+08 1.221298e+07
2.715496e+08 9.936444e+06
2.666181e+08 9.936444e+06
1.581460e+08 2.816419e+06
1.669439e+08 2.816419e+06
1.423791e+08 2.816419e+06
1.063975e+08 2.816419e+06
1.107039e+08 2.816419e+06
7.244808e+07 2.816419e+06
1.151400e+08 2.816419e+06
7.234088e+07 2.816419e+06
3.453428e+07 2.544324e+06
1.669644e+07 1.796693e+06
9.428549e+06 9.308029e+05
2.934331e+06 2.249425e+05
6.004058e+05 5.430105e+04
8.724433e+04 1.335379e+04
8.699873e+03 2.099188e+03
1.204038e+03 3.910631e+02
2.827728e+02 1.629874e+02
1.384940e+02 1.066989e+02
1.151953e+02 9.619478e+01
6.907066e+05 9.108413e+01
7.297547e+06 8.822492e+01
8.236695e+07 8.770767e+01
1.565630e+04 8.770767e+01
1.528061e+07 8.770767e+01
1.078991e+05 8.770767e+01
3.490986e+06 8.770767e+01
4.696466e+07 8.770767e+01
3.832162e+02 8.770767e+01
4.330524e+06 8.770767e+01
1.202148e+02 8.770767e+01
1.170240e+02 8.770767e+01
3.228193e+04 8.770767e+01
5.502686e+05 8.770767e+01
8.008074e+02 8.770767e+01
1.140321e+06 8.770767e+01
2.475396e+06 8.770767e+01
8.438928e+02 8.770767e+01
1.133399e+06 8.611894e+01
1.045770e+02 8.611894e+01
9.965819e+01 8.154210e+01
9.558850e+01 8.011550e+01
9.146006e+01 7.308440e+01
8.867560e+01 7.308440e+01
8.592982e+01 7.221219e+01
8.462144e+01 7.199510e+01
4.795028e+03 7.199510e+01
8.473941e+01 7.199510e+01
8.437291e+01 7.199510e+01
8.395175e+01 7.127573e+01
8.316478e+01 7.127573e+01
8.270191e+01 7.127573e+01
8.287272e+01 7.127573e+01
8.078434e+01 6.996806e+01
7.606865e+01 6.681132e+01
7.117552e+01 6.312594e+01
6.682274e+01 5.825283e+01
6.255176e+01 5.561214e+01
5.910216e+01 5.238505e+01
5.650101e+01 4.830299e+01
3.958978e+01 3.615329e+01
2.497269e+01 2.387787e+01
1.913180e+01 1.865612e+01
1.670563e+01 1.646531e+01
1.528443e+01 1.516611e+01
1.443493e+01 1.436871e+01
1.387415e+01 1.382557e+01
1.345226e+01 1.341801e+01
1.309212e+01 1.305158e+01
1.272546e+01 1.270708e+01
1.255845e+01 1.254543e+01
1.242392e+01 1.241809e+01
1.233449e+01 1.232903e+01
1.225147e+01 1.224915e+01
1.218289e+01 1.218139e+01
1.212291e+01 1.212100e+01
1.205273e+01 1.205108e+01
1.200696e+01 1.200608e+01
1.195013e+01 1.194975e+01
1.192880e+01 1.192875e+01
8.778568e+09 4.485997e+08
1.064622e+09 1.391365e+08
9.105517e+08 8.975349e+07
9.037695e+08 7.514802e+07
9.183326e+08 3.914053e+07
7.778606e+08 3.914053e+07
8.600073e+08 3.914053e+07
7.204281e+08 3.256411e+07
7.496102e+08 3.256411e+07
6.720307e+08 3.256411e+07
6.041300e+08 2.872586e+07
5.678969e+08 2.519778e+07
4.903553e+08 2.519778e+07
5.236585e+08 2.157950e+07
4.327970e+08 2.157950e+07
3.611948e+08 2.148161e+07
3.612226e+08 2.148161e+07
3.797616e+08 2.148161e+07
3.305954e+08 8.453509e+06
1.975425e+08 8.453509e+06
2.401074e+08 8.453509e+06
1.923838e+08 8.453509e+06
3.054470e+08 7.200926e+06
1.503830e+08 7.200926e+06
1.989784e+08 7.200926e+06
2.740512e+08 7.200926e+06
1.607107e+08 6.823759e+06
1.446449e+08 6.823759e+06
9.230739e+07 6.324163e+06
1.385109e+08 6.324163e+06
9.641401e+07 4.370173e+06
9.086624e+07 4.370173e+06
6.428422e+07 4.205259e+06
1.230217e+08 2.355490e+06
5.387306e+07 2.355490e+06
2.635449e+08 2.355490e+06
2.527623e+07 2.355490e+06
1.068904e+08 2.355490e+06
1.338352e+07 1.465940e+06
7.185277e+06 7.261879e+05
2.347469e+06 1.823011e+05
3.668125e+05 6.108938e+04
3.507253e+04 6.206670e+03
2.750111e+03 6.672945e+02
3.292195e+02 1.614689e+02
1.402916e+02 1.084562e+02
1.130880e+02 9.522810e+01
1.052212e+02 9.203171e+01
1.016477e+02 8.655472e+01
1.449847e+05 8.151307e+01
1.526008e+06 8.151307e+01
5.158087e+05 8.151307e+01
3.089079e+06 8.151307e+01
6.218336e+02 8.151307e+01
1.238408e+06 8.151307e+01
1.176429e+02 8.151307e+01
1.000024e+02 8.151307e+01
4.020084e+07 8.151307e+01
5.403814e+02 8.151307e+01
4.448495e+04 8.151307e+01
9.302714e+05 8.151307e+01
2.627376e+03 8.151307e+01
5.240794e+06 8.151307e+01
9.909045e+01 8.151307e+01
7.137485e+06 8.151307e+01
9.674863e+01 8.151307e+01
9.571858e+01 8.151307e+01
9.526979e+01 8.151307e+01
9.328850e+01 8.151307e+01
3.147704e+06 8.028222e+01
1.130672e+04 7.887089e+01
9.115580e+01 7.887089e+01
8.985569e+01 7.754445e+01
8.827179e+01 7.754445e+01
8.502437e+01 7.539004e+01
8.126771e+01 7.175965e+01
7.747494e+01 6.759630e+01
7.299312e+01 6.170018e+01
6.840978e+01 5.701076e+01
6.550338e+01 5.701076e+01
6.109484e+01 5.538074e+01
4.238183e+01 3.958405e+01
2.585927e+01 2.402452e+01
1.959048e+01 1.919102e+01
1.719188e+01 1.696768e+01
1.493787e+01 1.471635e+01
1.373367e+01 1.362647e+01
1.287885e+01 1.282408e+01
1.246891e+01 1.244495e+01
1.224351e+01 1.222700e+01
1.202649e+01 1.200896e+01
1.182137e+01 1.181281e+01
1.169936e+01 1.169387e+01
1.161788e+01 1.161545e+01
1.154660e+01 1.154419e+01
1.150019e+01 1.149794e+01
1.146067e+01 1.146011e+01
1.142918e+01 1.142818e+01
1.138895e+01 1.138861e+01
1.135737e+01 1.135728e+01
1.133808e+01 1.133807e+01
8.835002e+09 3.742006e+08
1.111220e+09 1.024018e+08
8.565905e+08 5.673933e+07
1.033736e+09 5.052285e+07
9.216604e+08 5.007883e+07
9.586318e+08 4.586873e+07
9.713280e+08 4.131516e+07
7.317564e+08 4.131516e+07
8.099800e+08 4.131516e+07
7.064873e+08 4.131516e+07
5.769094e+08 2.990821e+07
5.893452e+08 2.990821e+07
5.422639e+08 2.323357e+07
4.879193e+08 1.430765e+07
4.237017e+08 1.430765e+07
5.267739e+08 1.430765e+07
3.421295e+08 1.357176e+07
3.856878e+08 1.357176e+07
2.940032e+08 1.357176e+07
2.714500e+08 1.222673e+07
2.013487e+08 5.434615e+06
2.364116e+08 5.434615e+06
3.050809e+08 5.434615e+06
1.269185e+08 5.434615e+06
1.534380e+08 5.434615e+06
1.234018e+08 5.434615e+06
1.477688e+08 5.428607e+06
9.726451e+07 4.723099e+06
8.193266e+07 2.603684e+06
5.479104e+07 2.603684e+06
3.765067e+07 2.603684e+06
3.234475e+07 2.077140e+06
2.364999e+07 1.498368e+06
1.422173e+07 1.247112e+06
1.023229e+07 9.670084e+05
3.552683e+06 3.749603e+05
8.750587e+05 7.943864e+04
1.230902e+05 1.847455e+04
1.423406e+04 3.033887e+03
1.640628e+03 5.158360e+02
3.142864e+02 1.698916e+02
1.483292e+02 1.101720e+02
1.166303e+02 9.517661e+01
1.067626e+02 9.074928e+01
1.016456e+02 8.727241e+01
9.905412e+01 8.476949e+01
5.149381e+05 8.314086e+01
1.001866e+08 8.233491e+01
1.791970e+04 8.233491e+01
4.895902e+04 8.233491e+01
3.324307e+04 8.233491e+01
1.645531e+05 8.233491e+01
1.758849e+06 8.233491e+01
3.288758e+04 8.233491e+01
2.251526e+04 8.233491e+01
1.028349e+02 8.233491e+01
4.170806e+07 8.233491e+01
1.026273e+02 8.233491e+01
1.012354e+02 8.233491e+01
9.952860e+01 8.213214e+01
2.915911e+02 8.213214e+01
9.286987e+04 8.213214e+01
9.944905e+01 8.213214e+01
9.953976e+01 8.213214e+01
2.836689e+05 8.213214e+01
9.907768e+01 8.213214e+01
9.846310e+01 8.213214e+01
3.041742e+05 8.082614e+01
5.438867e+02 7.859575e+01
9.393439e+01 7.859575e+01
9.261750e+01 7.859575e+01
9.228246e+01 7.859575e+01
9.163363e+01 7.833612e+01
8.908612e+01 7.780262e+01
8.644486e+01 7.259766e+01
8.191049e+01 6.757240e+01
7.572761e+01 5.638384e+01
6.207918e+01 5.445338e+01
3.484268e+01 3.205856e+01
2.631991e+01 2.556608e+01
2.176084e+01 2.127857e+01
1.951083e+01 1.929516e+01
1.711665e+01 1.676427e+01
1.539779e+01 1.520440e+01
1.459399e+01 1.454458e+01
1.393392e+01 1.388468e+01
1.355176e+01 1.351273e+01
1.325095e+01 1.321901e+01
1.304926e+01 1.303756e+01
1.284730e+01 1.283140e+01
1.260964e+01 1.259948e+01
1.250388e+01 1.249809e+01
1.241613e+01 1.241207e+01
1.235286e+01 1.234956e+01
1.228687e+01 1.228412e+01
1.223115e+01 1.222969e+01
1.219418e+01 1.219340e+01
1.216552e+01 1.216513e+01
1.214209e+01 1.214183e+01
1.211030e+01 1.211018e+01
1.209102e+01 1.209100e+01
8.556851e+09 3.376757e+08
1.202213e+09 1.452733e+08
9.606613e+08 6.887078e+07
9.472147e+08 5.549429e+07
9.158963e+08 5.549429e+07
8.007287e+08 5.549429e+07
9.477433e+08 5.549429e+07
8.301104e+08 5.549429e+07
8.430363e+08 5.501289e+07
6.224241e+08 4.693852e+07
6.176700e+08 4.103903e+07
5.585152e+08 4.056897e+07
5.293091e+08 4.056897e+07
4.013774e+08 2.819876e+07
5.418763e+08 2.819876e+07
4.619071e+08 2.698446e+07
3.450110e+08 2.577889e+07
3.167884e+08 2.577889e+07
3.162076e+08 2.029479e+07
2.738712e+08 1.612719e+07
2.462027e+08 1.612719e+07
2.590747e+08 8.337183e+06
2.219865e+08 8.337183e+06
2.267420e+08 8.337183e+06
1.371201e+08 8.337183e+06
1.436019e+08 8.337183e+06
1.336228e+08 6.662374e+06
1.417452e+08 6.662374e+06
1.020337e+08 6.662374e+06
9.470679e+07 6.662374e+06
9.916608e+07 5.474365e+06
7.319580e+07 5.474365e+06
1.162082e+08 5.474365e+06
5.155197e+07 4.990339e+06
7.863477e+07 4.371549e+06
3.387705e+07 2.588785e+06
3.942962e+07 2.123683e+06
3.733279e+07 1.927369e+06
9.176918e+06 1.024272e+06
2.333679e+06 2.951325e+05
2.729115e+05 2.632759e+04
2.539438e+04 3.117437e+03
1.810143e+03 3.485887e+02
2.288918e+02 1.243716e+02
1.195406e+02 9.142550e+01
6.188400e+05 8.454400e+01
1.006243e+02 8.454400e+01
4.567718e+05 8.454400e+01
1.524648e+06 8.454400e+01
4.990657e+06 8.454400e+01
1.543508e+06 8.454400e+01
9.993376e+05 8.454400e+01
3.119874e+05 8.454400e+01
4.651983e+06 8.454400e+01
8.457173e+03 8.454400e+01
2.246274e+06 8.443835e+01
2.821358e+07 8.443835e+01
1.053839e+02 8.443835e+01
2.273992e+03 8.443835e+01
8.038248e+06 8.443835e+01
9.863204e+01 7.854576e+01
9.430957e+01 7.854576e+01
9.162484e+01 7.776181e+01
3.636653e+04 7.665088e+01
8.718728e+01 7.575336e+01
9.131408e+05 7.241223e+01
1.057448e+03 7.241223e+01
8.415444e+01 7.241223e+01
8.343713e+01 7.033510e+01
3.872123e+02 7.033510e+01
1.398361e+04 7.002629e+01
8.315815e+01 7.002629e+01
8.422690e+01 7.002629e+01
8.422582e+01 7.002629e+01
8.412684e+01 7.002629e+01
8.082989e+01 7.002629e+01
7.658513e+01 6.581242e+01
7.186941e+01 6.364902e+01
6.727737e+01 5.885910e+01
6.351490e+01 5.731898e+01
5.901779e+01 5.201475e+01
4.657905e+01 4.239624e+01
2.846129e+01 2.750058e+01
2.240044e+01 2.168942e+01
1.840286e+01 1.803563e+01
1.630264e+01 1.615618e+01
1.493109e+01 1.479099e+01
1.392961e+01 1.384116e+01
1.327457e+01 1.324405e+01
1.283534e+01 1.281830e+01
1.233643e+01 1.228066e+01
1.196468e+01 1.195407e+01
1.174985e+01 1.174006e+01
1.159259e+01 1.158584e+01
1.138492e+01 1.137793e+01
1.126652e+01 1.126241e+01
1.109887e+01 1.109435e+01
1.101291e+01 1.101214e+01
1.092618e+01 1.092563e+01
1.087373e+01 1.087318e+01
1.082890e+01 1.082888e+01
8.373785e+09 2.878089e+08
1.056350e+09 1.359624e+08
9.663297e+08 9.021405e+07
9.089668e+08 8.871100e+07
1.051573e+09 8.108235e+07
9.826569e+08 6.566498e+07
6.749075e+08 3.422271e+07
7.093698e+08 3.422271e+07
6.252005e+08 3.422271e+07
6.289510e+08 2.996450e+07
5.844581e+08 2.996450e+07
5.319558e+08 2.996450e+07
3.903050e+08 1.833576e+07
4.491137e+08 1.458260e+07
4.459709e+08 1.458260e+07
3.767964e+08 1.458260e+07
3.542273e+08 1.458260e+07
2.652657e+08 1.402852e+07
2.161806e+08 1.211385e+07
2.723949e+08 7.707864e+06
4.383223e+08 7.707864e+06
1.768716e+08 7.707864e+06
1.328146e+08 7.707864e+06
1.284408e+08 7.707864e+06
1.699374e+08 6.571477e+06
1.205058e+08 4.206900e+06
1.364241e+08 4.206900e+06
1.008529e+08 4.206900e+06
1.002823e+08 2.241064e+06
4.511587e+07 1.867338e+06
4.724166e+07 1.633471e+06
3.282866e+07 1.338685e+06
5.019787e+07 1.038274e+06
3.782347e+07 1.038274e+06
5.848562e+07 1.038274e+06
2.182585e+07 1.038274e+06
1.726357e+07 9.161736e+05
1.594046e+07 9.161736e+05
1.566768e+07 5.661160e+05
1.880046e+07 1.028974e+05
7.237598e+06 1.028974e+05
3.503811e+06 1.028974e+05
1.136489e+06 4.650333e+04
1.478051e+05 8.387440e+03
1.071641e+04 1.857773e+03
8.717537e+02 2.527633e+02
1.902357e+02 1.279251e+02
1.226976e+02 9.950500e+01
1.076710e+02 9.048750e+01
1.010868e+02 8.243383e+01
9.708676e+01 8.123937e+01
9.506287e+01 7.921656e+01
1.646608e+02 7.921656e+01
3.224294e+04 7.921656e+01
3.811127e+06 7.921656e+01
3.708532e+05 7.808797e+01
2.438925e+06 7.808797e+01
4.005932e+02 7.808797e+01
1.826560e+05 7.808797e+01
1.125229e+02 7.808797e+01
3.132347e+05 7.808797e+01
4.069280e+06 7.808797e+01
9.767325e+06 7.808797e+01
4.945655e+06 7.808797e+01
9.682265e+01 7.808797e+01
9.805915e+01 7.808797e+01
2.377466e+06 7.808797e+01
9.507844e+01 7.808797e+01
9.433984e+01 7.808797e+01
9.233974e+01 7.487347e+01
9.047956e+01 7.487347e+01
1.654512e+06 7.487347e+01
8.544510e+01 7.169916e+01
8.003479e+01 7.078952e+01
7.535207e+01 6.505224e+01
7.289152e+01 6.385155e+01
7.178156e+01 5.882857e+01
6.461714e+01 5.696516e+01
4.785780e+01 4.256093e+01
2.886607e+01 2.731339e+01
2.149088e+01 2.097565e+01
1.846453e+01 1.828375e+01
1.670053e+01 1.652260e+01
1.572988e+01 1.560869e+01
1.485202e+01 1.473116e+01
1.428190e+01 1.424135e+01
1.388236e+01 1.382996e+01
1.356325e+01 1.354529e+01
1.328334e+01 1.324142e+01
1.301294e+01 1.299692e+01
1.289759e+01 1.289348e+01
1.279139e+01 1.278335e+01
1.269255e+01 1.268912e+01
1.263771e+01 1.263369e+01
1.259659e+01 1.259546e+01
1.255885e+01 1.255729e+01
1.252789e+01 1.252735e+01
1.250141e+01 1.250063e+01
1.248137e+01 1.248109e+01
1.246009e+01 1.246005e+01
1.244584e+01 1.244583e+01
8.957067e+09 2.315343e+08
1.097965e+09 1.138852e+08
9.530694e+08 1.138852e+08
9.228430e+08 9.977801e+07
8.655732e+08 6.675042e+07
8.471179e+08 3.698778e+07
8.340567e+08 3.698778e+07
7.234958e+08 3.698778e+07
6.718213e+08 3.698778e+07
5.870694e+08 3.372319e+07
5.358657e+08 3.036856e+07
5.363955e+08 2.920691e+07
4.510329e+08 1.688961e+07
4.094868e+08 1.688961e+07
4.544749e+08 1.688961e+07
5.508115e+08 1.688961e+07
3.053863e+08 6.472326e+06
3.778253e+08 6.472326e+06
2.742478e+08 6.472326e+06
3.838642e+08 6.472326e+06
2.408836e+08 6.108478e+06
1.625560e+08 6.108478e+06
1.504556e+08 6.108478e+06
2.023249e+08 6.108478e+06
1.331809e+08 6.108478e+06
1.647916e+08 5.559702e+06
9.762250e+07 4.810562e+06
1.006381e+08 4.810562e+06
6.987138e+07 4.810562e+06
5.654480e+07 4.094889e+06
4.321897e+07 3.170129e+06
9.510590e+07 1.876189e+06
3.508616e+07 1.876189e+06
5.410068e+07 1.876189e+06
2.662406e+07 1.293023e+06
2.347401e+07 1.293023e+06
1.686806e+07 1.279749e+06
1.529383e+07 1.129021e+06
3.723598e+07 7.352388e+05
6.905180e+06 3.816943e+05
4.246466e+06 1.303507e+05
1.362115e+06 1.119277e+05
2.004819e+05 2.754376e+04
1.970611e+04 2.772308e+03
1.665072e+03 3.296064e+02
2.512309e+02 1.478893e+02
1.272535e+02 9.486272e+01
1.089467e+02 8.997016e+01
1.018535e+02 8.429491e+01
1.515604e+02 7.931772e+01
1.572016e+07 7.931772e+01
9.410149e+01 7.931772e+01
1.193209e+02 7.931772e+01
1.066721e+07 7.439816e+01
9.553880e+01 7.439816e+01
3.356706e+07 7.439816e+01
2.488503e+05 7.439816e+01
8.797443e+06 7.439816e+01
8.050184e+05 7.439816e+01
2.454287e+02 7.439816e+01
9.808462e+01 7.439816e+01
1.889920e+06 7.439816e+01
9.354034e+01 7.439816e+01
9.360652e+01 7.439816e+01
2.914938e+05 7.439816e+01
1.530335e+06 7.439816e+01
8.975357e+01 7.439816e+01
1.237163e+04 7.439816e+01
8.854839e+01 7.428950e+01
8.425244e+06 7.428950e+01
2.346333e+02 7.428950e+01
2.844292e+06 7.428950e+01
8.471505e+01 7.405769e+01
8.171841e+01 7.107411e+01
7.689858e+01 6.804583e+01
7.148643e+01 6.044957e+01
6.461816e+01 5.222801e+01
3.088461e+01 2.879193e+01
2.157601e+01 2.085029e+01
1.779172e+01 1.737902e+01
1.508084e+01 1.482733e+01
1.384514e+01 1.373718e+01
1.280822e+01 1.262571e+01
1.187625e+01 1.179461e+01
1.120766e+01 1.114847e+01
1.086313e+01 1.083716e+01
1.063448e+01 1.061296e+01
1.044287e+01 1.042535e+01
1.023652e+01 1.021995e+01
1.011097e+01 1.010263e+01
1.000451e+01 9.999737e+00
9.947775e+00 9.945531e+00
9.903218e+00 9.900229e+00
9.842743e+00 9.841256e+00
9.812224e+00 9.811570e+00
9.788740e+00 9.788027e+00
9.768623e+00 9.768107e+00
9.745357e+00 9.744844e+00
9.728494e+00 9.728443e+00
9.717554e+00 9.717489e+00
9.706089e+00 9.706084e+00
8.813930e+09 3.294651e+08
9.627242e+08 1.039281e+08
8.749073e+08 8.210033e+07
8.236010e+08 8.210033e+07
8.671091e+08 7.445628e+07
7.611901e+08 3.783475e+07
8.404432e+08 3.783475e+07
6.563915e+08 3.783475e+07
5.306178e+08 3.069266e+07
4.349809e+08 3.069266e+07
5.606770e+08 2.253553e+07
5.497523e+08 2.253553e+07
4.314732e+08 2.253553e+07
4.064696e+08 1.690997e+07
3.456355e+08 1.600962e+07
3.461676e+08 1.600962e+07
2.582483e+08 1.356678e+07
2.824548e+08 1.227678e+07
3.742089e+08 9.870017e+06
2.556684e+08 9.870017e+06
1.752693e+08 4.568950e+06
2.577640e+08 3.351034e+06
1.546625e+08 3.351034e+06
1.911739e+08 3.351034e+06
1.576662e+08 3.351034e+06
1.761702e+08 2.486535e+06
9.455441e+07 2.486535e+06
1.168794e+08 2.486535e+06
9.943309e+07 2.486535e+06
4.584132e+07 1.711000e+06
1.048520e+08 1.300941e+06
7.076780e+07 1.300941e+06
8.145626e+07 1.170761e+06
3.870880e+07 1.107048e+06
5.716375e+07 1.107048e+06
3.735972e+07 1.008036e+06
2.857082e+07 8.941339e+05
1.471656e+07 8.490537e+05
9.456911e+06 6.722151e+05
1.118454e+07 4.930726e+05
2.579917e+06 2.581343e+05
5.721826e+05 4.831215e+04
6.634989e+04 8.377037e+03
4.812125e+03 1.205404e+03
5.597811e+02 2.324131e+02
1.639899e+02 1.179353e+02
1.194591e+02 9.867745e+01
1.071826e+02 8.591267e+01
1.024649e+02 8.490657e+01
5.537715e+06 8.490657e+01
3.720348e+07 8.490657e+01
5.175685e+06 8.490657e+01
9.667182e+05 8.490657e+01
1.514818e+02 8.490657e+01
1.061868e+05 8.490657e+01
1.103848e+05 8.490657e+01
5.660085e+06 8.490657e+01
1.049599e+02 8.424894e+01
6.918425e+06 8.266663e+01
1.282447e+07 8.266663e+01
1.966343e+07 8.266663e+01
4.422598e+05 8.266663e+01
1.710737e+03 8.266663e+01
1.034052e+02 8.266663e+01
9.980266e+01 8.266663e+01
9.763861e+01 8.266663e+01
2.136773e+05 8.258345e+01
3.951172e+03 8.258345e+01
9.511784e+01 7.870824e+01
9.450505e+01 7.870824e+01
9.186821e+01 7.556696e+01
9.019004e+01 7.342296e+01
8.753255e+01 7.342296e+01
8.555402e+01 7.085988e+01
8.165041e+01 7.040495e+01
7.808816e+01 7.040495e+01
7.460109e+01 6.838442e+01
7.259288e+01 6.554198e+01
7.092609e+01 6.309130e+01
6.921297e+01 5.881693e+01
6.466346e+01 5.264145e+01
3.739051e+01 3.321373e+01
2.184089e+01 2.092954e+01
1.785118e+01 1.744610e+01
1.579850e+01 1.564739e+01
1.472762e+01 1.467066e+01
1.408895e+01 1.404685e+01
1.366361e+01 1.363153e+01
1.339110e+01 1.336604e+01
1.317026e+01 1.315596e+01
1.299889e+01 1.299146e+01
1.287010e+01 1.286279e+01
1.278302e+01 1.277681e+01
1.270617e+01 1.270294e+01
1.264309e+01 1.263939e+01
1.257892e+01 1.257797e+01
1.254245e+01 1.254155e+01
1.250297e+01 1.250219e+01
1.246958e+01 1.246930e+01
1.244444e+01 1.244432e+01
1.242676e+01 1.242676e+01
8.434585e+09 2.378668e+08
1.015087e+09 9.335417e+07
8.775625e+08 9.335417e+07
8.707007e+08 6.940634e+07
8.100799e+08 5.372593e+07
8.459360e+08 4.824276e+07
8.063418e+08 2.920877e+07
7.135410e+08 2.920877e+07
7.205791e+08 2.920877e+07
5.452344e+08 2.920877e+07
5.442331e+08 2.920877e+07
5.175489e+08 2.920877e+07
4.330323e+08 2.920877e+07
5.391803e+08 2.093736e+07
3.718337e+08 2.045585e+07
3.071285e+08 1.940814e+07
3.101603e+08 1.662226e+07
3.310933e+08 1.261517e+07
2.722756e+08 1.261517e+07
3.167747e+08 1.261517e+07
3.079094e+08 1.221741e+07
1.870685e+08 1.014469e+07
1.370498e+08 9.357240e+06
1.540840e+08 5.994614e+06
1.403686e+08 5.368937e+06
1.522030e+08 3.483229e+06
1.461119e+08 3.483229e+06
9.864396e+07 2.877121e+06
5.822973e+07 2.694956e+06
4.433914e+07 2.594138e+06
7.089943e+07 2.594138e+06
3.926560e+07 1.837287e+06
9.136606e+07 1.837287e+06
4.039524e+07 1.837287e+06
3.787830e+07 1.441242e+06
2.648480e+07 1.121411e+06
3.130415e+07 9.441908e+05
1.468802e+07 3.954529e+05
9.510593e+06 3.954529e+05
5.856676e+06 1.876809e+05
2.891692e+06 1.876809e+05
7.526904e+05 9.152208e+04
8.631281e+04 6.861656e+03
7.319568e+03 1.099151e+03
6.371964e+02 2.517343e+02
1.734458e+02 1.229671e+02
1.207231e+02 9.704777e+01
1.072400e+02 8.773031e+01
1.021096e+02 8.115668e+01
9.847244e+01 8.115668e+01
1.047077e+05 8.115668e+01
4.608053e+02 8.115668e+01
9.293376e+05 8.115668e+01
9.940529e+01 8.115668e+01
1.456500e+07 8.115668e+01
6.070680e+05 8.115668e+01
9.979577e+01 7.766951e+01
2.314605e+07 7.766951e+01
4.885761e+04 7.766951e+01
1.003371e+02 7.766951e+01
6.921293e+06 7.766951e+01
2.197151e+06 7.766951e+01
4.709664e+04 7.766951e+01
1.064466e+02 7.766951e+01
1.002789e+02 7.766951e+01
6.873026e+06 7.766951e+01
6.371571e+02 7.766951e+01
9.719492e+01 7.766951e+01
9.511767e+01 7.766951e+01
9.343340e+01 7.766951e+01
9.013813e+01 7.615911e+01
8.547029e+01 7.402019e+01
8.168584e+01 6.927470e+01
7.718698e+01 6.760953e+01
7.332885e+01 6.490544e+01
7.055633e+01 6.366346e+01
6.742459e+01 5.679890e+01
6.533500e+01 5.674769e+01
5.995939e+01 5.146601e+01
5.293504e+01 4.608631e+01
2.670173e+01 2.461385e+01
1.959885e+01 1.930412e+01
1.773546e+01 1.754002e+01
1.596882e+01 1.578926e+01
1.482962e+01 1.473336e+01
1.419158e+01 1.413440e+01
1.380115e+01 1.376321e+01
1.346661e+01 1.344147e+01
1.327572e+01 1.325934e+01
1.314624e+01 1.313996e+01
1.304764e+01 1.304073e+01
1.295854e+01 1.295294e+01
1.287232e+01 1.286739e+01
1.279868e+01 1.279489e+01
1.274038e+01 1.273729e+01
1.269337e+01 1.269215e+01
1.265554e+01 1.265449e+01
1.262842e+01 1.262778e+01
1.259406e+01 1.259369e+01
1.256147e+01 1.256102e+01
1.253789e+01 1.253780e+01
