1.826850e+08 6.304941e+05
4.929672e+06 8.876791e+04
6.971771e+06 1.950362e+04
5.810666e+06 1.950362e+04
5.696622e+06 1.831926e+04
7.670175e+06 1.612479e+04
5.392047e+06 9.704086e+03
6.045037e+06 9.704086e+03
3.568359e+06 9.704086e+03
2.289251e+06 9.704086e+03
3.910835e+06 9.704086e+03
2.305981e+06 9.704086e+03
3.029100e+06 8.769956e+03
2.014029e+06 8.769956e+03
3.521327e+06 8.552244e+03
5.297413e+06 7.539635e+03
9.018377e+05 7.539635e+03
1.570454e+06 7.539635e+03
1.270511e+06 7.539635e+03
3.768714e+05 7.232050e+03
1.026898e+06 7.232050e+03
1.158329e+06 7.232050e+03
1.918247e+06 7.232050e+03
8.013307e+05 6.432366e+03
8.949862e+05 6.432366e+03
2.161325e+05 6.432366e+03
5.055189e+05 6.432366e+03
7.263801e+04 6.290703e+03
2.197398e+05 6.180386e+03
1.588609e+06 6.180386e+03
1.198716e+05 6.178748e+03
2.715354e+04 6.178748e+03
1.325434e+04 6.148259e+03
2.006087e+05 6.148259e+03
1.208294e+05 6.054371e+03
1.550624e+04 5.698023e+03
1.136530e+05 5.698023e+03
2.079051e+05 5.340742e+03
2.457957e+04 5.340742e+03
6.199597e+05 5.340742e+03
4.100382e+04 5.075641e+03
1.430259e+04 5.075641e+03
1.547569e+04 5.075641e+03
1.650435e+05 5.075641e+03
7.385650e+04 5.075641e+03
2.249282e+05 5.075641e+03
2.574598e+05 5.075641e+03
7.618644e+03 5.075641e+03
1.171076e+05 5.075641e+03
1.084365e+04 5.075641e+03
1.436936e+04 5.075641e+03
7.363900e+03 5.075641e+03
7.137847e+03 4.990881e+03
1.997648e+05 4.990881e+03
8.332721e+03 4.990881e+03
7.191273e+03 4.990881e+03
6.924907e+03 4.990881e+03
6.952306e+03 4.990881e+03
4.213738e+04 4.990881e+03
9.951096e+04 4.990881e+03
6.908566e+03 4.754361e+03
6.864046e+03 4.754361e+03
6.660661e+03 4.754361e+03
1.963178e+04 4.754361e+03
6.394055e+03 4.754361e+03
6.277092e+03 4.512056e+03
5.487861e+04 4.512056e+03
6.184060e+03 4.373701e+03
6.251430e+03 4.373701e+03
6.210391e+03 4.373701e+03
1.156354e+05 4.373701e+03
5.943690e+03 4.373701e+03
5.886393e+03 4.373701e+03
5.733304e+03 4.373701e+03
5.774101e+03 4.319907e+03
5.499966e+03 3.996833e+03
4.702791e+04 3.996833e+03
5.265307e+03 3.996833e+03
5.217778e+03 3.739510e+03
5.276819e+03 3.739510e+03
4.938136e+03 3.553609e+03
4.231357e+03 3.261928e+03
3.756380e+03 2.774610e+03
3.452233e+03 2.502990e+03
2.500330e+03 1.704147e+03
9.988187e+02 9.769974e+02
9.505797e+02 9.411622e+02
9.434177e+02 9.363358e+02
9.396727e+02 9.305166e+02
9.345080e+02 9.295363e+02
9.229031e+02 9.219750e+02
9.150741e+02 9.139396e+02
9.092390e+02 9.089676e+02
9.079681e+02 9.075627e+02
9.075736e+02 9.072734e+02
9.040924e+02 9.034162e+02
9.031837e+02 9.027766e+02
9.030599e+02 9.027222e+02
9.030430e+02 9.025623e+02
9.019021e+02 9.019009e+02
9.018160e+02 9.018160e+02
1.661636e+08 1.319943e+05
5.300842e+06 7.265851e+04
6.195650e+06 2.403320e+04
7.202374e+06 2.403320e+04
9.257912e+06 2.275763e+04
6.875987e+06 2.275763e+04
4.027682e+06 1.597586e+04
6.344406e+06 1.597586e+04
9.730787e+06 1.110288e+04
4.651460e+06 9.916770e+03
5.363523e+06 9.268017e+03
4.857021e+06 9.268017e+03
2.457882e+06 8.664949e+03
3.875686e+06 8.621738e+03
1.982145e+06 8.621738e+03
2.259221e+06 8.621738e+03
1.302632e+06 8.621738e+03
8.740025e+05 8.621738e+03
2.173980e+06 8.621738e+03
4.655001e+05 8.349367e+03
4.030533e+05 7.950429e+03
4.203595e+05 6.804637e+03
5.587905e+05 6.804637e+03
1.048755e+06 6.739218e+03
1.178479e+05 6.739218e+03
1.689475e+05 6.227310e+03
7.060851e+05 6.227310e+03
1.513889e+05 6.041177e+03
2.363889e+04 6.041177e+03
4.323530e+04 6.041177e+03
5.428684e+05 6.041177e+03
3.457756e+04 6.041177e+03
2.479611e+05 5.727368e+03
5.542070e+05 5.727368e+03
4.785654e+04 5.727368e+03
2.921207e+05 5.727368e+03
3.732239e+04 5.727368e+03
5.361818e+05 5.727368e+03
1.142887e+04 5.575287e+03
1.431787e+06 5.573144e+03
3.032094e+05 5.353846e+03
8.631400e+03 5.353846e+03
8.929155e+05 4.702845e+03
3.648998e+04 4.702845e+03
3.533906e+05 4.702845e+03
8.525026e+03 4.702845e+03
5.791090e+04 4.702845e+03
4.239291e+05 4.702845e+03
1.573899e+05 4.702845e+03
7.548620e+03 4.702845e+03
7.770513e+03 4.702845e+03
7.535881e+03 4.702845e+03
7.239794e+03 4.702845e+03
7.122493e+03 4.702845e+03
6.892116e+03 4.702845e+03
6.744281e+03 4.702845e+03
6.587634e+03 4.702845e+03
6.500970e+03 4.702845e+03
6.341319e+03 4.702845e+03
6.333660e+03 4.702845e+03
1.220772e+04 4.702845e+03
6.292570e+03 4.590932e+03
6.346828e+03 4.590932e+03
6.389350e+03 4.590932e+03
1.403356e+04 4.590932e+03
6.353614e+03 4.541136e+03
1.686137e+04 4.541136e+03
6.226193e+03 4.541136e+03
6.231152e+03 4.541136e+03
6.179335e+03 4.428186e+03
6.147621e+03 4.428186e+03
1.937839e+05 4.428186e+03
6.228153e+03 4.342453e+03
5.935440e+03 4.335330e+03
5.952504e+03 4.335330e+03
5.870397e+03 4.335330e+03
5.771209e+03 4.335330e+03
3.112329e+04 4.335330e+03
5.995223e+03 4.335330e+03
5.621001e+03 4.335330e+03
5.462454e+03 4.218229e+03
5.432817e+03 4.217207e+03
5.272234e+03 4.217207e+03
5.489684e+03 4.193917e+03
5.959840e+03 3.860065e+03
5.990508e+03 3.860065e+03
5.831227e+03 3.860065e+03
5.605699e+03 3.860065e+03
5.388403e+03 3.563152e+03
3.165664e+03 2.690113e+03
1.753909e+03 1.742963e+03
1.733767e+03 1.727998e+03
1.712892e+03 1.712064e+03
1.708677e+03 1.708413e+03
1.707164e+03 1.706901e+03
1.707756e+03 1.706359e+03
1.828050e+03 1.706278e+03
1.704276e+03 1.704002e+03
1.721039e+03 1.701886e+03
1.702065e+03 1.701563e+03
1.701220e+03 1.701220e+03
1.871419e+08 5.004538e+05
6.581289e+06 5.432631e+04
6.876259e+06 5.432631e+04
7.914982e+06 2.437577e+04
6.967138e+06 1.690928e+04
3.824296e+06 1.690928e+04
6.262682e+06 1.690928e+04
4.468808e+06 1.250088e+04
3.327204e+06 9.523277e+03
3.695645e+06 9.523277e+03
3.224217e+06 9.523277e+03
2.315305e+06 9.523277e+03
2.463943e+06 9.523277e+03
1.836027e+06 8.825819e+03
2.884603e+06 8.068337e+03
2.013028e+06 8.068337e+03
1.626294e+06 7.052152e+03
1.864495e+06 7.052152e+03
1.888996e+06 7.052152e+03
1.798802e+06 6.235357e+03
2.259241e+06 6.235357e+03
1.412544e+06 6.235357e+03
3.978111e+05 6.055976e+03
7.929435e+05 6.055976e+03
7.412894e+04 5.858185e+03
1.086050e+06 5.858185e+03
9.066656e+04 5.858185e+03
1.270168e+04 5.763183e+03
6.911379e+05 5.763183e+03
2.797507e+05 5.763183e+03
1.555745e+05 5.637055e+03
2.101495e+05 5.637055e+03
5.984486e+05 5.637055e+03
3.944874e+04 5.637055e+03
2.478584e+05 5.637055e+03
8.208564e+04 5.637055e+03
9.185257e+03 5.637055e+03
3.435438e+04 5.637055e+03
1.779791e+04 5.273306e+03
6.650487e+04 5.273306e+03
9.430510e+05 5.144042e+03
1.373169e+04 5.144042e+03
1.434380e+04 5.144042e+03
1.198411e+04 5.144042e+03
9.927834e+04 5.104020e+03
1.564241e+04 5.104020e+03
1.101407e+04 5.104020e+03
3.653522e+04 5.104020e+03
8.267719e+03 5.104020e+03
8.241397e+03 5.104020e+03
7.598995e+03 5.104020e+03
5.749474e+05 5.104020e+03
7.658462e+04 5.104020e+03
7.022247e+03 5.104020e+03
2.294221e+04 5.104020e+03
7.267620e+03 5.104020e+03
2.385125e+05 5.104020e+03
9.701022e+03 5.104020e+03
9.819781e+04 5.104020e+03
7.855150e+03 5.104020e+03
1.722935e+04 5.104020e+03
8.055655e+03 5.104020e+03
6.922294e+03 5.057093e+03
6.934410e+03 5.057093e+03
6.918750e+03 5.057093e+03
1.589087e+05 5.057093e+03
6.642860e+03 4.939786e+03
6.436968e+03 4.886319e+03
3.534191e+04 4.627385e+03
6.256471e+03 4.579308e+03
6.185492e+03 4.579308e+03
6.085733e+03 4.313488e+03
1.396589e+06 4.313488e+03
5.879917e+03 4.313488e+03
5.808586e+03 4.313488e+03
5.768305e+03 4.286969e+03
5.626955e+03 4.273739e+03
5.770512e+03 4.250626e+03
5.535602e+03 4.250626e+03
5.202290e+03 4.204654e+03
4.701232e+03 3.580921e+03
4.312954e+03 3.430193e+03
3.424297e+03 2.682647e+03
2.111874e+03 2.019358e+03
1.961519e+03 1.951435e+03
1.951444e+03 1.943418e+03
1.946630e+03 1.938483e+03
1.939766e+03 1.933602e+03
1.932518e+03 1.929462e+03
1.922149e+03 1.921208e+03
1.918171e+03 1.917710e+03
1.915775e+03 1.915419e+03
1.913790e+03 1.913298e+03
1.912215e+03 1.911807e+03
1.908290e+03 1.907707e+03
1.905641e+03 1.905234e+03
1.904112e+03 1.903751e+03
1.902764e+03 1.902716e+03
1.902450e+03 1.902440e+03
1.902373e+03 1.902373e+03
1.902227e+03 1.902227e+03
1.648885e+08 3.938858e+05
6.350858e+06 6.054079e+04
6.890482e+06 3.858781e+04
5.974460e+06 2.157406e+04
7.245828e+06 1.635957e+04
5.028001e+06 1.126116e+04
6.081158e+06 1.126116e+04
4.359260e+06 1.111179e+04
4.493114e+06 1.111179e+04
2.845621e+06 9.039672e+03
3.293009e+06 7.595321e+03
7.568665e+06 7.595321e+03
3.462604e+06 7.595321e+03
2.342743e+06 7.595321e+03
1.987183e+06 7.595321e+03
1.392199e+06 7.595321e+03
7.490237e+05 7.595321e+03
1.011438e+06 6.962404e+03
1.102859e+06 6.962404e+03
2.422112e+06 6.962404e+03
1.922260e+06 6.962404e+03
1.561878e+06 6.962404e+03
4.055315e+05 6.515187e+03
7.327192e+04 6.515187e+03
1.936601e+05 6.515187e+03
3.819947e+05 6.515187e+03
1.406344e+06 6.515187e+03
5.617892e+04 6.515187e+03
6.667998e+05 6.022786e+03
3.299140e+05 6.022786e+03
1.495293e+05 5.936608e+03
2.107789e+04 5.936608e+03
2.715124e+04 5.754063e+03
1.478370e+05 5.754063e+03
9.388683e+04 5.754063e+03
1.954193e+04 5.542126e+03
9.038250e+03 5.542126e+03
3.095842e+05 5.518532e+03
8.690769e+03 5.518532e+03
3.353720e+06 5.518532e+03
8.075297e+03 5.259833e+03
3.549205e+05 5.259833e+03
1.402139e+06 5.259833e+03
7.772472e+03 5.259833e+03
7.768218e+03 5.259833e+03
8.268779e+03 5.259833e+03
8.719072e+03 5.259833e+03
1.249237e+04 4.691457e+03
7.611378e+04 4.691457e+03
7.472958e+03 4.691457e+03
7.056204e+03 4.691457e+03
7.118475e+03 4.691457e+03
3.375829e+04 4.691457e+03
7.066547e+03 4.691457e+03
7.285786e+03 4.691457e+03
6.887885e+03 4.691457e+03
6.793776e+03 4.691457e+03
1.846523e+04 4.691457e+03
6.634030e+03 4.691457e+03
9.732672e+03 4.691457e+03
9.280714e+03 4.691457e+03
8.344084e+03 4.691457e+03
6.580063e+03 4.691457e+03
6.699335e+03 4.691457e+03
6.579099e+03 4.691457e+03
6.604546e+03 4.576541e+03
6.679617e+03 4.576541e+03
1.438174e+04 4.576541e+03
6.488557e+03 4.576541e+03
1.429711e+04 4.576541e+03
6.541240e+03 4.576541e+03
6.474658e+04 4.528458e+03
6.261633e+03 4.528458e+03
5.070439e+04 4.528458e+03
6.284264e+03 4.528458e+03
6.137131e+03 4.528458e+03
6.436768e+03 4.528458e+03
6.154519e+03 4.528458e+03
6.210684e+03 4.528458e+03
6.036097e+03 4.528458e+03
5.881410e+03 4.528458e+03
5.788436e+03 4.389577e+03
5.612017e+03 4.188501e+03
5.500440e+03 3.934072e+03
4.747384e+03 3.350973e+03
3.417028e+03 2.583120e+03
1.072724e+03 1.047546e+03
1.025894e+03 1.016611e+03
1.015703e+03 1.010442e+03
1.007258e+03 1.003754e+03
9.975448e+02 9.969580e+02
9.948818e+02 9.944451e+02
9.919160e+02 9.916010e+02
9.910543e+02 9.907045e+02
9.890751e+02 9.888292e+02
9.881042e+02 9.876912e+02
9.864940e+02 9.860395e+02
9.856565e+02 9.851551e+02
9.854256e+02 9.849771e+02
9.837725e+02 9.837701e+02
9.835931e+02 9.835931e+02
1.620676e+08 8.825900e+05
5.388438e+06 1.430327e+05
4.348919e+06 5.285550e+04
7.428918e+06 2.477071e+04
6.839287e+06 2.147232e+04
6.270286e+06 2.043993e+04
8.360798e+06 2.009135e+04
8.258212e+06 1.434317e+04
4.208662e+06 1.394805e+04
5.347592e+06 1.163368e+04
6.122750e+06 1.163368e+04
4.365809e+06 1.124781e+04
1.961577e+06 1.077554e+04
1.260195e+06 9.554123e+03
2.138518e+06 7.755899e+03
4.524076e+06 7.247422e+03
1.229889e+06 7.247422e+03
2.589444e+06 7.247422e+03
2.146078e+06 7.247422e+03
9.570266e+05 6.219689e+03
2.617768e+05 6.219689e+03
5.290349e+05 6.219689e+03
9.531046e+05 6.219689e+03
8.265705e+05 6.219689e+03
5.573021e+05 6.219689e+03
4.094156e+05 6.219689e+03
4.421210e+04 6.219689e+03
2.331434e+05 6.219689e+03
4.091434e+04 6.219689e+03
1.853872e+05 6.219689e+03
9.920927e+04 5.426682e+03
5.442704e+05 5.426682e+03
3.074604e+05 5.426682e+03
3.156025e+04 5.274773e+03
1.851069e+06 5.274773e+03
3.239161e+05 5.274773e+03
9.199591e+05 5.274773e+03
9.702252e+04 5.274773e+03
2.507087e+04 5.274773e+03
2.865250e+05 5.274773e+03
3.230753e+05 4.715828e+03
1.397739e+05 4.715828e+03
3.581020e+05 4.715828e+03
5.303835e+04 4.715828e+03
4.245860e+05 4.715828e+03
1.270250e+04 4.715828e+03
1.198037e+04 4.715828e+03
1.462328e+05 4.715828e+03
2.515589e+04 4.715828e+03
7.531462e+03 4.715828e+03
7.179343e+03 4.715828e+03
7.237432e+03 4.715828e+03
8.122387e+03 4.715828e+03
3.535751e+05 4.715828e+03
6.974868e+03 4.715828e+03
1.257731e+04 4.715828e+03
3.817713e+04 4.715828e+03
7.199033e+03 4.715828e+03
5.934971e+04 4.715828e+03
6.853760e+03 4.715828e+03
8.063070e+03 4.715828e+03
1.718054e+04 4.715828e+03
9.394023e+03 4.715828e+03
6.619519e+03 4.715828e+03
6.539051e+03 4.715828e+03
6.459271e+03 4.715828e+03
2.088571e+04 4.499255e+03
6.313009e+03 4.249429e+03
1.004034e+05 4.249429e+03
6.235381e+03 4.249429e+03
6.187922e+03 4.249429e+03
6.170156e+03 4.249429e+03
9.654170e+03 4.249429e+03
6.146663e+03 4.249429e+03
6.113430e+03 4.249429e+03
6.171278e+03 4.249429e+03
6.091988e+03 4.249429e+03
5.975844e+03 4.249429e+03
5.722441e+03 3.949462e+03
5.539300e+03 3.898774e+03
5.406961e+03 3.793378e+03
5.279838e+03 3.779658e+03
5.180062e+03 3.759064e+03
5.062891e+03 3.626697e+03
4.956446e+03 3.569785e+03
4.836103e+03 3.525552e+03
4.744496e+03 3.522706e+03
4.647519e+03 3.517805e+03
4.553410e+03 3.514621e+03
4.448966e+03 3.512335e+03
4.341336e+03 3.208729e+03
4.229233e+03 2.837689e+03
4.100771e+03 2.836531e+03
3.989002e+03 2.804511e+03
3.917629e+03 2.627692e+03
4.037676e+03 2.612371e+03
4.263501e+03 2.434012e+03
4.796472e+03 2.378525e+03
5.014099e+03 2.275870e+03
3.534895e+05 1.972401e+03
1.498459e+03 1.490973e+03
1.690974e+08 4.775159e+05
1.657639e+07 1.286778e+05
4.880751e+06 4.063236e+04
4.803681e+06 2.746705e+04
4.425579e+06 1.547697e+04
4.198278e+06 1.264465e+04
7.203155e+06 8.606801e+03
6.054243e+06 8.092613e+03
6.576321e+06 8.092613e+03
4.528066e+06 7.635230e+03
4.824450e+06 7.635230e+03
5.864317e+06 7.635230e+03
2.884822e+06 7.635230e+03
2.546950e+06 7.635230e+03
2.036720e+06 7.635230e+03
2.064027e+06 5.849337e+03
9.404013e+05 5.849337e+03
1.714923e+06 5.849337e+03
2.884445e+06 5.849337e+03
6.235888e+05 5.849337e+03
5.497322e+05 5.849337e+03
2.518159e+05 4.785617e+03
2.194257e+06 4.785617e+03
3.310155e+05 4.785617e+03
1.733032e+05 4.785617e+03
3.382725e+05 4.785617e+03
5.808645e+05 4.785617e+03
1.366299e+05 4.785617e+03
3.958047e+05 4.785617e+03
7.210794e+05 4.785617e+03
4.872003e+05 4.785617e+03
4.096747e+05 4.785617e+03
4.057689e+04 4.785617e+03
1.427906e+05 4.785617e+03
2.003680e+05 4.785617e+03
4.176035e+05 4.785617e+03
1.005799e+06 4.785617e+03
5.277394e+04 4.785617e+03
5.916193e+04 4.785617e+03
8.823285e+04 4.785617e+03
1.493480e+04 4.785617e+03
8.904965e+03 4.785617e+03
2.491833e+04 4.785617e+03
3.257967e+04 4.785617e+03
2.269116e+04 4.785617e+03
6.114846e+04 4.083363e+03
9.268129e+03 4.083363e+03
7.712586e+03 4.083363e+03
6.815423e+04 4.083363e+03
7.457948e+03 4.083363e+03
2.171811e+05 4.083363e+03
7.319062e+03 4.083363e+03
1.493390e+05 4.083363e+03
9.194815e+03 4.083363e+03
7.104297e+03 4.083363e+03
7.617326e+03 4.083363e+03
6.935656e+03 4.083363e+03
6.840991e+03 4.083363e+03
8.914525e+04 4.083363e+03
6.575941e+03 4.083363e+03
1.957878e+04 4.083363e+03
8.024197e+03 4.083363e+03
6.716297e+03 4.083363e+03
9.397384e+03 4.083363e+03
2.012372e+05 4.033503e+03
6.613846e+03 3.913486e+03
5.988333e+04 3.913486e+03
6.659792e+03 3.913486e+03
2.802011e+05 3.913486e+03
6.529696e+03 3.913486e+03
2.362918e+04 3.870639e+03
6.673482e+03 3.870639e+03
6.232079e+03 3.870639e+03
6.034528e+03 3.870639e+03
1.295303e+04 3.870639e+03
5.878997e+03 3.870639e+03
5.916211e+03 3.870639e+03
5.930229e+03 3.870639e+03
5.776768e+03 3.870639e+03
5.848176e+03 3.870639e+03
5.698706e+03 3.870639e+03
5.559250e+03 3.870639e+03
7.461014e+05 3.870639e+03
5.650564e+03 3.846428e+03
8.603180e+04 3.846428e+03
5.502622e+03 3.846428e+03
1.836883e+04 3.814893e+03
5.376059e+03 3.813724e+03
5.612973e+03 3.813724e+03
3.587110e+03 1.972349e+03
1.112139e+03 1.095048e+03
1.089318e+03 1.082400e+03
1.084799e+03 1.078785e+03
1.064249e+03 1.063389e+03
1.058511e+03 1.058205e+03
1.056174e+03 1.055954e+03
1.051200e+03 1.050873e+03
1.447187e+03 1.049676e+03
1.047599e+03 1.047287e+03
1.047335e+03 1.047223e+03
1.046485e+03 1.046485e+03
1.800154e+08 4.653057e+05
5.386568e+06 5.811834e+04
5.091405e+06 2.536449e+04
3.617786e+06 2.536449e+04
7.466755e+06 2.336629e+04
6.221218e+06 1.355751e+04
5.408093e+06 1.355751e+04
5.298684e+06 1.355751e+04
6.471305e+06 1.062597e+04
3.978084e+06 1.062597e+04
4.621624e+06 1.062597e+04
3.071876e+06 1.011327e+04
1.997485e+06 1.011327e+04
3.344792e+06 1.007829e+04
3.627070e+06 8.917031e+03
5.897413e+06 8.725075e+03
1.596632e+06 8.725075e+03
3.940610e+05 7.881411e+03
1.918168e+06 7.881411e+03
1.438275e+06 7.881411e+03
9.576225e+05 7.881411e+03
1.811630e+06 7.881411e+03
2.670377e+05 7.075249e+03
1.754220e+06 6.298366e+03
2.637364e+05 6.298366e+03
5.674365e+05 6.298366e+03
2.715097e+04 6.298366e+03
5.411080e+05 6.298366e+03
6.902081e+04 6.296617e+03
2.482914e+04 6.147812e+03
2.050525e+05 5.882666e+03
1.179943e+05 5.882666e+03
1.496636e+04 5.882666e+03
8.562561e+05 5.882666e+03
1.751085e+06 5.650722e+03
1.020442e+04 5.650722e+03
3.690143e+05 5.553037e+03
9.191998e+04 5.553037e+03
2.285268e+04 5.553037e+03
5.768661e+04 5.553037e+03
2.515307e+04 5.553037e+03
2.353361e+04 5.553037e+03
7.559192e+03 4.571056e+03
1.576236e+04 4.571056e+03
1.414622e+05 4.571056e+03
1.095774e+05 4.571056e+03
3.540175e+05 4.571056e+03
2.572887e+04 4.571056e+03
2.066663e+04 4.571056e+03
2.138904e+04 4.571056e+03
1.146322e+05 4.571056e+03
1.520403e+05 4.571056e+03
8.273894e+04 4.571056e+03
7.031234e+03 4.571056e+03
3.138667e+04 4.571056e+03
2.451297e+04 4.571056e+03
7.187595e+03 4.571056e+03
6.891765e+03 4.571056e+03
1.088854e+04 4.571056e+03
8.820746e+03 4.571056e+03
3.837459e+04 4.571056e+03
6.656910e+03 4.571056e+03
2.028009e+04 4.571056e+03
6.617385e+03 4.571056e+03
6.567435e+03 4.571056e+03
6.588394e+03 4.571056e+03
6.555992e+03 4.571056e+03
4.315825e+04 4.571056e+03
7.670131e+03 4.571056e+03
1.169768e+05 4.571056e+03
6.450327e+03 4.571056e+03
6.245637e+03 4.571056e+03
6.233514e+03 4.571056e+03
1.997840e+04 4.571056e+03
6.015424e+03 4.571056e+03
6.131122e+03 4.571056e+03
6.056983e+03 4.571056e+03
6.108916e+03 4.571056e+03
2.167138e+04 4.571056e+03
6.001484e+03 4.393837e+03
6.157763e+03 4.334901e+03
5.838061e+03 4.224487e+03
6.340746e+03 3.697912e+03
6.076959e+03 3.697912e+03
6.020764e+03 3.697912e+03
5.962201e+03 3.666191e+03
6.088019e+03 3.666191e+03
5.989195e+03 3.666191e+03
6.110068e+03 3.666191e+03
5.872925e+03 3.666191e+03
5.559433e+03 3.582143e+03
5.301809e+03 3.344823e+03
2.719849e+03 2.177023e+03
1.527807e+03 1.520736e+03
1.513429e+03 1.511384e+03
1.632306e+03 1.504959e+03
1.498203e+03 1.497681e+03
1.494204e+03 1.493802e+03
1.492779e+03 1.492364e+03
1.490216e+03 1.490176e+03
1.489870e+03 1.489870e+03
1.838882e+08 7.410941e+05
5.750348e+06 1.168239e+05
7.653838e+06 4.407342e+04
4.411345e+06 2.158052e+04
5.025058e+06 1.660197e+04
6.263416e+06 1.660197e+04
6.628332e+06 1.660197e+04
3.896042e+06 1.660197e+04
5.059839e+06 1.199850e+04
5.967959e+06 1.199850e+04
3.420676e+06 9.275239e+03
4.728766e+06 9.275239e+03
3.427234e+06 9.275239e+03
4.671274e+06 9.275239e+03
2.007010e+06 8.827613e+03
3.419893e+06 8.371255e+03
1.540125e+06 8.371255e+03
1.890120e+06 8.371255e+03
7.321297e+05 8.289941e+03
1.597888e+06 7.915682e+03
2.264152e+06 7.635528e+03
1.504185e+06 7.476215e+03
1.740115e+06 6.737012e+03
1.640696e+06 6.356870e+03
1.731880e+06 6.356870e+03
2.989904e+05 6.356870e+03
1.207228e+06 6.356870e+03
1.523059e+06 5.587056e+03
1.847733e+06 5.587056e+03
1.918600e+04 5.587056e+03
1.054303e+05 5.587056e+03
2.491315e+04 5.587056e+03
5.120742e+04 5.587056e+03
1.993676e+05 5.587056e+03
1.201038e+04 5.587056e+03
3.442198e+05 5.180748e+03
4.329828e+04 5.035688e+03
2.640991e+05 5.035688e+03
7.992567e+03 5.035688e+03
1.816683e+05 5.035688e+03
7.689953e+03 5.035688e+03
6.697743e+04 5.035688e+03
6.139130e+04 5.035688e+03
3.293387e+05 5.035688e+03
7.725663e+03 5.035688e+03
7.582031e+03 5.035688e+03
2.283115e+05 4.851686e+03
1.178578e+04 4.851686e+03
4.403558e+04 4.851686e+03
1.879183e+05 4.851686e+03
5.218459e+04 4.851686e+03
7.547978e+03 4.851686e+03
1.185514e+04 4.665604e+03
1.157728e+04 4.665604e+03
6.916501e+03 4.665604e+03
6.791479e+03 4.665604e+03
8.874267e+03 4.665604e+03
7.381696e+03 4.665604e+03
7.224248e+03 4.665604e+03
3.251116e+04 4.665604e+03
5.162829e+05 4.665604e+03
3.845816e+05 4.665604e+03
8.307700e+03 4.665604e+03
7.498187e+03 4.665604e+03
6.594058e+03 4.665604e+03
6.643293e+03 4.665604e+03
6.494486e+03 4.665604e+03
6.590296e+03 4.665604e+03
6.308338e+03 4.665604e+03
6.192776e+03 4.316315e+03
6.143896e+03 4.316315e+03
7.919743e+03 4.316315e+03
6.048950e+03 4.316315e+03
7.198883e+04 4.316315e+03
5.931727e+03 4.316315e+03
5.974632e+03 3.655837e+03
5.921101e+03 3.655837e+03
5.741877e+03 3.655837e+03
5.918655e+03 3.655837e+03
6.088404e+03 3.655837e+03
5.865734e+03 3.655837e+03
6.478241e+03 3.655837e+03
5.708045e+03 3.655837e+03
5.893881e+03 3.655837e+03
2.624216e+05 3.655837e+03
5.736471e+03 3.655837e+03
5.902969e+03 3.655837e+03
7.647987e+04 3.655837e+03
5.376333e+03 3.655837e+03
5.435230e+03 3.655837e+03
5.031211e+03 3.446311e+03
1.828367e+03 1.644978e+03
1.419114e+03 1.411308e+03
1.401819e+03 1.398769e+03
1.389974e+03 1.389368e+03
1.384930e+03 1.384593e+03
1.178651e+04 1.383794e+03
1.383296e+03 1.383041e+03
1.380441e+03 1.380233e+03
1.379751e+03 1.379540e+03
1.376488e+03 1.376485e+03
1.757693e+08 5.613693e+05
6.874015e+06 7.870144e+04
6.392862e+06 1.956071e+04
8.479385e+06 1.471517e+04
7.293324e+06 1.109615e+04
5.957418e+06 1.109615e+04
4.142597e+06 1.109615e+04
2.687034e+06 1.090801e+04
4.237677e+06 1.002970e+04
3.948081e+06 9.157489e+03
3.663609e+06 8.942747e+03
2.374416e+06 8.942747e+03
2.396466e+06 8.942747e+03
1.624993e+06 8.240160e+03
1.785051e+06 8.240160e+03
1.444049e+06 8.163053e+03
1.892562e+06 8.163053e+03
2.328967e+06 8.163053e+03
1.429810e+06 7.701753e+03
4.878015e+05 7.317995e+03
9.174350e+05 7.317995e+03
6.392477e+05 6.913725e+03
6.646119e+05 6.231303e+03
1.914228e+06 6.231303e+03
4.570955e+05 6.231303e+03
6.541716e+05 6.231303e+03
7.509759e+05 6.231303e+03
8.797289e+05 6.231303e+03
2.222766e+05 6.231303e+03
6.459931e+04 6.129443e+03
3.246139e+05 6.129443e+03
4.066673e+05 6.129443e+03
5.576270e+05 5.482152e+03
2.270791e+04 5.482152e+03
4.846239e+04 5.482152e+03
1.185277e+04 5.482152e+03
1.311049e+06 5.482152e+03
3.701011e+05 5.346987e+03
8.135362e+03 5.346987e+03
5.465508e+04 5.346987e+03
3.191752e+05 5.251189e+03
8.551368e+04 5.251189e+03
2.215911e+04 5.251189e+03
6.148732e+04 5.199935e+03
1.389896e+04 5.199935e+03
1.185243e+04 5.199935e+03
2.988860e+04 5.158334e+03
3.759588e+05 5.158334e+03
7.521961e+03 5.158334e+03
1.521198e+04 5.158334e+03
1.452767e+04 5.158334e+03
8.482698e+03 5.039153e+03
7.196446e+03 5.039153e+03
2.767412e+04 5.039153e+03
6.949715e+03 5.039153e+03
1.039571e+04 4.997659e+03
6.809384e+03 4.997659e+03
6.827974e+03 4.997659e+03
6.607162e+03 4.769537e+03
8.205660e+03 4.769537e+03
2.571498e+04 4.769537e+03
6.420030e+03 4.769537e+03
6.784039e+03 4.769537e+03
6.555507e+03 4.769537e+03
6.504122e+03 4.769537e+03
6.357327e+03 4.769537e+03
6.377945e+03 4.769537e+03
6.346356e+03 4.769537e+03
6.231110e+03 4.476912e+03
6.257812e+03 4.476912e+03
6.193333e+03 4.441930e+03
6.146022e+03 3.878612e+03
6.268845e+03 3.878612e+03
6.169376e+03 3.878612e+03
2.733619e+05 3.878612e+03
6.465413e+03 3.878612e+03
6.046132e+03 3.878612e+03
4.711332e+04 3.836643e+03
7.201248e+04 3.836643e+03
6.393265e+03 3.836643e+03
6.457570e+03 3.836643e+03
6.151393e+03 3.836643e+03
6.014496e+03 3.836643e+03
5.989754e+03 3.817871e+03
5.617378e+03 3.717792e+03
5.364949e+03 3.552274e+03
5.193493e+03 3.534100e+03
5.061045e+03 3.516567e+03
4.939409e+03 3.501534e+03
4.799041e+03 3.367198e+03
4.661689e+03 3.362805e+03
4.529050e+03 3.342844e+03
4.386643e+03 2.898218e+03
4.241314e+03 2.897336e+03
4.188440e+03 2.817290e+03
4.180706e+03 2.713764e+03
4.116064e+03 2.713215e+03
5.007538e+03 2.708524e+03
5.385091e+03 2.529880e+03
1.141816e+04 2.296331e+03
1.462449e+05 1.661331e+03
1.749531e+08 5.438266e+05
2.194082e+07 1.096842e+05
6.265073e+06 5.063577e+04
3.240328e+06 2.236909e+04
4.003963e+06 9.182644e+03
6.305316e+06 9.182644e+03
5.613954e+06 9.182644e+03
3.947032e+06 9.182644e+03
7.840766e+06 8.177430e+03
4.708101e+06 7.535832e+03
2.467465e+06 7.535832e+03
3.278814e+06 7.535832e+03
4.575008e+06 7.466131e+03
6.225096e+06 7.466131e+03
2.390807e+06 7.466131e+03
9.933719e+05 6.349795e+03
1.410186e+06 6.349795e+03
1.718069e+06 6.349795e+03
4.866591e+05 6.349795e+03
4.348847e+05 6.153739e+03
3.156095e+06 6.153739e+03
1.215457e+06 6.091663e+03
8.512008e+05 6.091663e+03
6.748674e+05 6.091663e+03
7.881741e+04 6.091663e+03
4.852038e+05 6.091663e+03
8.674782e+04 5.865243e+03
6.072622e+05 5.865243e+03
7.710959e+04 5.809709e+03
2.371068e+05 5.809709e+03
2.189158e+05 5.801671e+03
9.692056e+03 5.801671e+03
2.785417e+05 5.443916e+03
1.233620e+04 5.438228e+03
2.452505e+05 5.438228e+03
1.238217e+05 4.662008e+03
8.331508e+03 4.662008e+03
8.354239e+04 4.662008e+03
6.840615e+04 4.662008e+03
1.192979e+04 4.662008e+03
2.692598e+05 4.662008e+03
2.373522e+05 4.662008e+03
1.063900e+04 4.662008e+03
2.770246e+04 4.662008e+03
4.087402e+05 4.662008e+03
2.934903e+04 4.662008e+03
8.286581e+03 4.662008e+03
7.249023e+03 4.662008e+03
1.489658e+05 4.662008e+03
9.751717e+03 4.662008e+03
1.394073e+05 4.662008e+03
5.981118e+04 4.662008e+03
8.871565e+04 4.629705e+03
7.923503e+04 4.629705e+03
6.917001e+03 4.629705e+03
7.086387e+03 4.629705e+03
6.972778e+03 4.629705e+03
6.949348e+03 4.629705e+03
1.348768e+04 4.629705e+03
8.122886e+03 4.629705e+03
6.826165e+03 4.629705e+03
7.026713e+03 4.629705e+03
1.561967e+04 4.629705e+03
6.782742e+03 4.629705e+03
6.649371e+03 4.629705e+03
6.706890e+03 4.629705e+03
8.891385e+03 4.629705e+03
6.564332e+03 4.629705e+03
6.570812e+04 4.629705e+03
6.468571e+03 4.629705e+03
6.781423e+03 4.629705e+03
6.387281e+03 4.629705e+03
3.606693e+04 4.629705e+03
6.313274e+03 4.629705e+03
6.320738e+03 4.629705e+03
6.370587e+03 4.545346e+03
6.299036e+03 4.545346e+03
9.158229e+03 4.545346e+03
6.319716e+03 4.545346e+03
8.303477e+04 4.545346e+03
6.266412e+03 4.545346e+03
6.242493e+03 4.545346e+03
5.879977e+03 4.293215e+03
5.600089e+03 4.123989e+03
5.430089e+03 4.072511e+03
5.278769e+03 3.979595e+03
5.138800e+03 3.822223e+03
5.029437e+03 3.786807e+03
4.916391e+03 3.743493e+03
4.815195e+03 3.358072e+03
4.694665e+03 3.357787e+03
4.575635e+03 3.356338e+03
4.472639e+03 3.129690e+03
4.609171e+03 2.947011e+03
4.213942e+03 2.936921e+03
4.356875e+03 2.809119e+03
4.485502e+03 2.808415e+03
9.665821e+03 2.807479e+03
3.360036e+05 2.806550e+03
4.866815e+03 2.471307e+03
2.213763e+03 2.213703e+03
1.719776e+08 5.626720e+05
1.105019e+07 4.060746e+04
3.209538e+06 1.615684e+04
3.018550e+06 8.043984e+03
5.920535e+06 8.043984e+03
6.143829e+06 8.043984e+03
5.638443e+06 8.024561e+03
7.679549e+06 8.024561e+03
7.317883e+06 8.024561e+03
5.417327e+06 8.024561e+03
3.776066e+06 7.973005e+03
3.188495e+06 7.973005e+03
2.703579e+06 7.973005e+03
2.144688e+06 6.792010e+03
5.095464e+06 6.792010e+03
1.029341e+06 6.792010e+03
1.357941e+06 6.792010e+03
2.722889e+06 6.792010e+03
9.585651e+05 6.792010e+03
9.012627e+05 6.775469e+03
7.522885e+05 6.775469e+03
1.701574e+06 6.146282e+03
3.706688e+05 6.044104e+03
2.280714e+05 6.044104e+03
1.082789e+06 5.588868e+03
8.699052e+04 5.588868e+03
1.176354e+06 5.588868e+03
1.682018e+05 5.588868e+03
2.418057e+04 5.588868e+03
5.604578e+05 5.588868e+03
1.874714e+04 5.588868e+03
1.301822e+04 5.588868e+03
1.600380e+05 4.412544e+03
5.288632e+04 4.412544e+03
4.630828e+04 4.412544e+03
5.985071e+05 4.412544e+03
3.982794e+04 4.412544e+03
7.908753e+05 4.412544e+03
8.519180e+03 4.412544e+03
3.818868e+05 4.412544e+03
2.496879e+04 4.412544e+03
9.215381e+03 4.412544e+03
6.500275e+04 4.412544e+03
4.359870e+05 4.412544e+03
8.136260e+03 4.412544e+03
9.613851e+03 4.412544e+03
8.376155e+04 4.412544e+03
9.840559e+03 4.412544e+03
1.360213e+05 4.412544e+03
1.641668e+05 4.412544e+03
1.159145e+05 4.412544e+03
4.610877e+04 4.412544e+03
9.539246e+03 4.412544e+03
7.027639e+03 4.412544e+03
5.632814e+05 4.412544e+03
5.938079e+04 4.412544e+03
8.129999e+03 4.412544e+03
6.698891e+03 4.412544e+03
6.649760e+03 4.412544e+03
6.659452e+03 4.412544e+03
6.536417e+03 4.412544e+03
6.904595e+03 4.412544e+03
3.630617e+05 4.412544e+03
1.029751e+04 4.412544e+03
1.679421e+04 4.412544e+03
6.276138e+03 4.412544e+03
8.926365e+04 4.412544e+03
6.339431e+03 4.412544e+03
6.298159e+03 4.412544e+03
6.345318e+03 4.412544e+03
6.316890e+03 4.412544e+03
6.316977e+03 4.412544e+03
6.295884e+03 4.412544e+03
6.154277e+03 4.412544e+03
6.190656e+03 4.412544e+03
6.139826e+03 4.412544e+03
1.561351e+04 4.412544e+03
6.082254e+03 4.412544e+03
6.140536e+03 4.412544e+03
7.417363e+03 4.412544e+03
6.133232e+03 4.412544e+03
9.304963e+03 4.412544e+03
6.404372e+03 4.412544e+03
6.304172e+03 4.412544e+03
6.275334e+03 4.412544e+03
6.128871e+03 4.412544e+03
7.046695e+03 4.412544e+03
6.076107e+03 4.381179e+03
6.491138e+03 4.381179e+03
6.257240e+03 4.381179e+03
6.291494e+03 4.381179e+03
6.177256e+03 4.381179e+03
6.456724e+03 4.381179e+03
6.816638e+03 4.381179e+03
5.611288e+03 4.301259e+03
4.977710e+03 4.179878e+03
4.692074e+03 3.464992e+03
4.953290e+03 3.271625e+03
4.750233e+03 2.933627e+03
5.616787e+03 2.522581e+03
9.308526e+02 9.297452e+02
1.766567e+08 8.801291e+05
2.371827e+07 2.312509e+05
6.827104e+06 5.743131e+04
4.246271e+06 2.422481e+04
4.075358e+06 1.146014e+04
4.143827e+06 1.146014e+04
5.297200e+06 1.043782e+04
5.109972e+06 9.249012e+03
5.761627e+06 9.249012e+03
4.961227e+06 8.784227e+03
4.328262e+06 8.514539e+03
3.571914e+06 8.514539e+03
2.741142e+06 8.514539e+03
5.142286e+06 8.514539e+03
3.640279e+06 7.559137e+03
9.939359e+05 7.559137e+03
3.144553e+06 6.234746e+03
2.823817e+06 6.234746e+03
1.959181e+06 6.234746e+03
1.247997e+06 6.234746e+03
4.315344e+05 6.234746e+03
6.047588e+05 6.234746e+03
4.893667e+05 6.234746e+03
5.125551e+05 6.234746e+03
4.382045e+05 6.034957e+03
6.631541e+05 6.034957e+03
2.372689e+05 5.773081e+03
7.496587e+05 5.773081e+03
3.398619e+05 5.773081e+03
5.245765e+05 5.773081e+03
1.601893e+05 5.527980e+03
1.764525e+04 5.527980e+03
1.930371e+05 5.527980e+03
8.575344e+04 5.527980e+03
4.223512e+04 5.527980e+03
3.985912e+04 5.527980e+03
5.590158e+04 5.114653e+03
3.883442e+04 5.114653e+03
8.762692e+04 5.114653e+03
3.199869e+04 5.114653e+03
1.924129e+05 5.114653e+03
1.280348e+04 5.114653e+03
2.909120e+04 5.114653e+03
8.307432e+05 5.114653e+03
3.307575e+05 5.114653e+03
8.480866e+03 5.114653e+03
1.483766e+04 5.114653e+03
1.554549e+05 5.114653e+03
1.053076e+05 5.114653e+03
2.648440e+04 5.114653e+03
7.441180e+03 5.114653e+03
7.649321e+03 5.114653e+03
7.152218e+03 5.114653e+03
1.995593e+04 5.084702e+03
9.468065e+05 5.084702e+03
7.124619e+03 5.084702e+03
7.045767e+03 4.822044e+03
4.508534e+04 4.822044e+03
6.687058e+03 4.822044e+03
9.774297e+03 4.822044e+03
6.673690e+03 4.822044e+03
6.954420e+04 4.822044e+03
6.553696e+03 4.822044e+03
6.504210e+03 4.822044e+03
3.110101e+04 4.822044e+03
6.386200e+03 4.822044e+03
6.410520e+03 4.822044e+03
6.433093e+03 4.822044e+03
6.329141e+03 4.645309e+03
1.672940e+04 4.645309e+03
6.348008e+03 4.645309e+03
6.747571e+03 4.645309e+03
6.339797e+03 4.645309e+03
6.296191e+03 4.645309e+03
6.562957e+03 4.645309e+03
5.822621e+04 4.645309e+03
6.212922e+03 4.645309e+03
6.078369e+03 4.645309e+03
6.090591e+03 4.645309e+03
5.834682e+03 4.546327e+03
5.605147e+03 4.308012e+03
5.417366e+03 4.192029e+03
5.280206e+03 4.173390e+03
5.158987e+03 4.162942e+03
5.028664e+03 4.162459e+03
4.920132e+03 4.006124e+03
4.827986e+03 3.983259e+03
4.711734e+03 3.839312e+03
4.621570e+03 3.608801e+03
4.509249e+03 3.556291e+03
4.394050e+03 3.554178e+03
4.282091e+03 3.478852e+03
4.298105e+03 3.300538e+03
4.210592e+03 3.112528e+03
3.983260e+03 3.094180e+03
3.849483e+03 2.854103e+03
4.400661e+03 2.847752e+03
4.742690e+03 2.689434e+03
5.009142e+03 2.645728e+03
4.684800e+03 1.774561e+03
1.334644e+03 1.334500e+03
1.654539e+08 5.895094e+05
1.374407e+07 7.954652e+04
4.469110e+06 1.577650e+04
2.923925e+06 1.577544e+04
5.469984e+06 1.139513e+04
6.631820e+06 1.139513e+04
5.296146e+06 8.793776e+03
4.076889e+06 8.793776e+03
4.664598e+06 8.793776e+03
3.308932e+06 7.900700e+03
5.560589e+06 7.868214e+03
4.565864e+06 7.868214e+03
2.646732e+06 7.868214e+03
1.475934e+06 7.486456e+03
3.153881e+06 7.099917e+03
1.890893e+06 7.099917e+03
2.062441e+06 6.381107e+03
1.577689e+06 6.381107e+03
1.087444e+06 6.381107e+03
1.195445e+06 6.381107e+03
3.757420e+05 6.381107e+03
5.392181e+05 5.949038e+03
6.849734e+05 5.949038e+03
4.408117e+05 5.949038e+03
4.321622e+05 5.949038e+03
4.210495e+05 5.751071e+03
4.018671e+05 5.751071e+03
1.721991e+04 5.751071e+03
9.247231e+04 5.751071e+03
5.389078e+05 5.706899e+03
7.069826e+04 5.089056e+03
6.199489e+05 5.089056e+03
3.303721e+04 5.089056e+03
5.492113e+05 5.089056e+03
6.545826e+04 5.089056e+03
1.184841e+04 5.089056e+03
3.211066e+05 5.089056e+03
2.195135e+05 5.089056e+03
1.871720e+05 5.089056e+03
4.227157e+04 5.089056e+03
8.818588e+03 5.089056e+03
1.105233e+04 5.089056e+03
2.092336e+05 5.089056e+03
1.830738e+04 5.020316e+03
8.575941e+03 5.020316e+03
1.361470e+06 5.020316e+03
9.732150e+03 5.020316e+03
2.232802e+05 5.020316e+03
3.239345e+04 5.020316e+03
2.478512e+05 5.020316e+03
7.114216e+03 5.020316e+03
2.178565e+04 4.790242e+03
1.918861e+04 4.790242e+03
8.981718e+03 4.790242e+03
1.519875e+04 4.790242e+03
6.941737e+03 4.790242e+03
6.770280e+03 4.790242e+03
6.626371e+03 4.790242e+03
2.147491e+04 4.790242e+03
6.541276e+03 3.788292e+03
1.319857e+04 3.788292e+03
6.512918e+03 3.788292e+03
1.991297e+04 3.788292e+03
8.431521e+03 3.788292e+03
6.297451e+03 3.788292e+03
7.873975e+03 3.788292e+03
5.840120e+04 3.788292e+03
6.310553e+03 3.788292e+03
6.258692e+03 3.788292e+03
6.245571e+03 3.788292e+03
6.190204e+03 3.788292e+03
6.158003e+03 3.788292e+03
6.425260e+03 3.788292e+03
5.888072e+03 3.788292e+03
5.832924e+03 3.788292e+03
5.953532e+03 3.788292e+03
5.855319e+03 3.788292e+03
9.361597e+03 3.788292e+03
5.734822e+03 3.788292e+03
5.558279e+03 3.788292e+03
5.491867e+03 3.788292e+03
5.561615e+03 3.788292e+03
5.753159e+03 3.788292e+03
5.794096e+03 3.788292e+03
5.776637e+03 3.788292e+03
5.666921e+03 3.788292e+03
5.754337e+03 3.788292e+03
5.717897e+03 3.788292e+03
5.567893e+03 3.788292e+03
5.594184e+03 3.788292e+03
5.762619e+03 3.788292e+03
5.528852e+03 3.788292e+03
5.101609e+03 3.589220e+03
2.448823e+03 2.429078e+03
2.410538e+03 2.405202e+03
2.394623e+03 2.394367e+03
2.389989e+03 2.389616e+03
2.384968e+03 2.384937e+03
2.378724e+03 2.378616e+03
2.375509e+03 2.375499e+03
2.372532e+03 2.372531e+03
1.628042e+08 1.921482e+05
5.130593e+06 1.060230e+05
6.563751e+06 4.359008e+04
5.976923e+06 2.673795e+04
8.756445e+06 2.176468e+04
5.031504e+06 2.176468e+04
5.841116e+06 1.814999e+04
5.662272e+06 1.243495e+04
3.685381e+06 1.230799e+04
2.806378e+06 1.068470e+04
4.257456e+06 1.068470e+04
1.788328e+06 9.374149e+03
2.478714e+06 9.263350e+03
2.200067e+06 9.263350e+03
9.532598e+05 6.056801e+03
2.788578e+06 6.056801e+03
3.133341e+06 6.056801e+03
4.703454e+05 6.056801e+03
1.076654e+06 6.056801e+03
8.469895e+05 6.056801e+03
9.317711e+05 6.056801e+03
3.830927e+06 6.056801e+03
4.419657e+05 6.056801e+03
1.461234e+05 6.056801e+03
1.007886e+06 6.056801e+03
2.920705e+05 6.056801e+03
1.117441e+05 6.056801e+03
2.493237e+04 6.056801e+03
1.374748e+05 6.056801e+03
6.778467e+05 6.056801e+03
2.199092e+05 5.832806e+03
1.387665e+04 5.832806e+03
2.964802e+05 5.832806e+03
3.708196e+05 5.794352e+03
3.665557e+04 5.794352e+03
2.381411e+06 5.695732e+03
7.522012e+04 5.695732e+03
5.613318e+05 5.695732e+03
5.604776e+05 5.695732e+03
1.110227e+05 5.558254e+03
9.570681e+03 5.558254e+03
1.080065e+05 5.558254e+03
8.322786e+03 5.518769e+03
8.733407e+04 5.518769e+03
4.587976e+04 5.518769e+03
7.629994e+03 5.518769e+03
7.740623e+03 5.415704e+03
7.627972e+03 5.232703e+03
7.658189e+03 5.092948e+03
3.948290e+05 5.092948e+03
1.383118e+05 5.092948e+03
5.687513e+04 4.840194e+03
6.314215e+04 4.840194e+03
9.818779e+03 4.840194e+03
1.496985e+05 4.840194e+03
2.750559e+05 4.840194e+03
2.131748e+04 4.750109e+03
4.953286e+04 4.750109e+03
3.278193e+04 4.750109e+03
1.162038e+05 4.750109e+03
1.798360e+04 4.700277e+03
6.817034e+03 4.700277e+03
6.994177e+03 4.700277e+03
1.017777e+05 4.700277e+03
6.477743e+03 4.631836e+03
1.474573e+04 4.631836e+03
6.461515e+03 4.631836e+03
6.373410e+03 4.631836e+03
6.204581e+03 4.631836e+03
6.130885e+03 4.630601e+03
6.224859e+03 4.630601e+03
6.034518e+03 4.630601e+03
6.320983e+03 4.630601e+03
6.160444e+03 4.630601e+03
5.923860e+03 4.541298e+03
5.903689e+03 4.486383e+03
5.867155e+03 4.474716e+03
6.245150e+03 4.474716e+03
5.888240e+03 4.200590e+03
5.745633e+03 4.200590e+03
5.376401e+03 3.923061e+03
4.747237e+03 3.607930e+03
4.363395e+03 3.118162e+03
3.667271e+03 2.632264e+03
1.683302e+03 1.609349e+03
1.560877e+03 1.550417e+03
1.552558e+03 1.545857e+03
1.550588e+03 1.542866e+03
1.416502e+05 1.540957e+03
1.548586e+03 1.540957e+03
1.544865e+03 1.539323e+03
1.544483e+03 1.535919e+03
1.543061e+03 1.535919e+03
1.545569e+03 1.535919e+03
1.543853e+03 1.535919e+03
1.548949e+03 1.535919e+03
1.544980e+03 1.535690e+03
1.541198e+03 1.533620e+03
1.532680e+03 1.528897e+03
1.518721e+03 1.518690e+03
1.516484e+03 1.516484e+03
1.852148e+08 3.117901e+05
6.045101e+06 5.549303e+04
6.953733e+06 3.573484e+04
6.355494e+06 3.090313e+04
9.149391e+06 2.872864e+04
9.231069e+06 1.202650e+04
6.240301e+06 7.960977e+03
5.434799e+06 7.960977e+03
4.672065e+06 7.960977e+03
4.803317e+06 7.960977e+03
2.386806e+06 7.960977e+03
3.644928e+06 7.960977e+03
4.020607e+06 7.960977e+03
3.993695e+06 7.960977e+03
2.599307e+06 7.373749e+03
3.031019e+06 7.373749e+03
1.527543e+06 7.373749e+03
6.794340e+05 7.373749e+03
8.625214e+05 7.373749e+03
4.144797e+05 7.373749e+03
7.449319e+05 7.368588e+03
9.201800e+05 7.368588e+03
5.584966e+05 6.442983e+03
3.825945e+05 6.442983e+03
1.626311e+06 5.695416e+03
5.818827e+04 5.695416e+03
4.589846e+05 5.695416e+03
7.152173e+05 5.695416e+03
6.799814e+05 5.695416e+03
1.151421e+06 5.695416e+03
1.227351e+05 5.695416e+03
1.834934e+05 5.695416e+03
4.541352e+05 5.695416e+03
6.774981e+05 5.695416e+03
1.565763e+04 5.695416e+03
1.485999e+06 5.695416e+03
2.210787e+04 5.695416e+03
1.843327e+05 5.318651e+03
2.473845e+05 5.318651e+03
7.832118e+03 5.318651e+03
9.958978e+03 5.318651e+03
1.054053e+05 5.318651e+03
5.966429e+04 5.318651e+03
7.545488e+03 5.214254e+03
8.682356e+03 5.214254e+03
7.427305e+03 5.214254e+03
7.588803e+03 5.214254e+03
1.818288e+05 5.214254e+03
6.984213e+05 4.818769e+03
1.100851e+05 4.818769e+03
7.600061e+03 4.818769e+03
7.843374e+04 4.818769e+03
8.328266e+03 4.818769e+03
1.989807e+05 4.818769e+03
3.059203e+04 4.818769e+03
7.320052e+03 4.818769e+03
6.942968e+03 4.818769e+03
1.036486e+04 4.818769e+03
2.143303e+05 4.818769e+03
6.803253e+03 4.818769e+03
6.606063e+03 4.765772e+03
6.664377e+03 4.765772e+03
6.823990e+03 4.765772e+03
6.531373e+03 4.756661e+03
6.394992e+03 4.756661e+03
6.399494e+03 4.756661e+03
6.409731e+03 4.756661e+03
6.425422e+03 4.256246e+03
6.363871e+03 4.256246e+03
6.346146e+03 4.256246e+03
5.326148e+04 4.256246e+03
7.986322e+04 4.256246e+03
2.973201e+04 4.256246e+03
6.058911e+03 4.256246e+03
6.025017e+03 4.256246e+03
1.171080e+04 3.881859e+03
5.865321e+03 3.881859e+03
5.871110e+03 3.881859e+03
5.615106e+03 3.881859e+03
5.423937e+03 3.836533e+03
4.799594e+03 2.965227e+03
4.038072e+03 2.659524e+03
2.430500e+03 1.849593e+03
1.157653e+03 1.131829e+03
1.121758e+03 1.112892e+03
1.114314e+03 1.105155e+03
1.107848e+03 1.099315e+03
1.101086e+03 1.097250e+03
1.095725e+03 1.093326e+03
1.087381e+03 1.086752e+03
1.085176e+03 1.084501e+03
1.082589e+03 1.082225e+03
1.080329e+03 1.079965e+03
1.078986e+03 1.078712e+03
1.078499e+03 1.078197e+03
1.078296e+03 1.077999e+03
1.078275e+03 1.077900e+03
1.077564e+03 1.077301e+03
1.074971e+03 1.074640e+03
1.074801e+03 1.074477e+03
1.074096e+03 1.074096e+03
1.869776e+08 5.769219e+05
5.138948e+06 5.901493e+04
5.988916e+06 1.315164e+04
6.097510e+06 1.315164e+04
5.677204e+06 1.315164e+04
7.509865e+06 1.284136e+04
4.726102e+06 1.284136e+04
2.450411e+06 1.284136e+04
9.676995e+06 1.284136e+04
5.111665e+06 1.185602e+04
4.708908e+06 1.015137e+04
3.041107e+06 1.015137e+04
4.691657e+06 1.015137e+04
3.238787e+06 7.923313e+03
2.629005e+06 7.923313e+03
2.926433e+06 7.923313e+03
8.632728e+05 7.923313e+03
9.435642e+05 7.923313e+03
1.638355e+06 7.923313e+03
1.585801e+06 7.457113e+03
1.731072e+06 7.316954e+03
6.893918e+06 7.100708e+03
8.688463e+05 6.873243e+03
5.480232e+05 6.873243e+03
3.388541e+05 6.873243e+03
3.134757e+05 6.873243e+03
3.950598e+04 6.497478e+03
5.795431e+04 6.497478e+03
4.478781e+05 6.497478e+03
9.334102e+05 6.497478e+03
1.182203e+05 6.196076e+03
2.458366e+05 5.244436e+03
5.976517e+04 5.169409e+03
2.975990e+05 5.169409e+03
2.090788e+05 5.169409e+03
1.216869e+04 5.169409e+03
1.998750e+05 5.169409e+03
4.623405e+04 5.169409e+03
1.386039e+04 5.169409e+03
2.244369e+05 5.169409e+03
3.667926e+04 5.169409e+03
1.106940e+04 5.169409e+03
1.151941e+06 5.169409e+03
7.615059e+05 5.169409e+03
7.999910e+03 5.169409e+03
4.233742e+05 5.169409e+03
7.522496e+03 5.169409e+03
7.594627e+03 5.169409e+03
7.673164e+03 5.169409e+03
8.463112e+03 5.009618e+03
7.326466e+03 5.009618e+03
7.592751e+03 5.009618e+03
1.354826e+04 5.009618e+03
7.109067e+03 5.009618e+03
2.016263e+05 5.009618e+03
7.100301e+03 5.009618e+03
7.578008e+04 4.867525e+03
7.733946e+03 4.867525e+03
6.909026e+03 4.867525e+03
7.665170e+05 4.867525e+03
7.568051e+03 4.867525e+03
6.898097e+03 4.867525e+03
6.690834e+03 4.867525e+03
7.158749e+03 4.867525e+03
3.655231e+04 4.373703e+03
1.136547e+04 4.373703e+03
6.494483e+03 4.373703e+03
6.485246e+03 4.373703e+03
6.492840e+03 4.373703e+03
6.447115e+03 4.373703e+03
7.439643e+03 4.373703e+03
6.454308e+03 4.373703e+03
6.372010e+03 4.373703e+03
6.378122e+03 4.373703e+03
6.302011e+03 4.373703e+03
6.340830e+03 4.373703e+03
6.268081e+03 4.373703e+03
2.449334e+05 4.373703e+03
7.814577e+03 4.373703e+03
1.363485e+04 4.373703e+03
6.094106e+03 4.373703e+03
6.033304e+03 4.198172e+03
6.047532e+03 4.198172e+03
5.903737e+03 4.197764e+03
5.568635e+03 4.057029e+03
5.362177e+03 3.367634e+03
5.199052e+03 3.346799e+03
5.052611e+03 3.343852e+03
4.897463e+03 3.267561e+03
4.737838e+03 3.256091e+03
4.609319e+03 3.255196e+03
4.442951e+03 3.252940e+03
4.312609e+03 2.989866e+03
4.214191e+03 2.729694e+03
4.098527e+03 2.432559e+03
4.288487e+03 2.362435e+03
4.583133e+03 2.281961e+03
5.105275e+03 2.107476e+03
5.002265e+03 1.977236e+03
1.220331e+05 1.570474e+03
1.051111e+03 1.045614e+03
1.729333e+08 1.745756e+06
3.137243e+07 2.465369e+05
7.736521e+06 9.619514e+04
3.293351e+06 2.428506e+04
3.711148e+06 2.428506e+04
3.321435e+06 1.435968e+04
7.566769e+06 9.553113e+03
4.741853e+06 8.955549e+03
4.744160e+06 7.903343e+03
6.081372e+06 7.347720e+03
3.700419e+06 7.347720e+03
4.961989e+06 7.347720e+03
2.332062e+06 6.721233e+03
4.521271e+06 6.721233e+03
2.302207e+06 6.721233e+03
2.444834e+06 6.721233e+03
1.340551e+06 6.721233e+03
6.557757e+05 6.721233e+03
1.727436e+06 6.721233e+03
1.877280e+06 6.721233e+03
1.731537e+06 6.721233e+03
1.389678e+06 6.721233e+03
6.693682e+06 6.330234e+03
1.389859e+06 6.330234e+03
3.523347e+05 6.330234e+03
2.098459e+06 6.330234e+03
2.957513e+05 6.330234e+03
3.012412e+05 6.330234e+03
7.398739e+05 5.578699e+03
7.189733e+04 5.578699e+03
2.059148e+05 5.578699e+03
5.126789e+04 5.578699e+03
2.096140e+05 5.578699e+03
8.055889e+04 5.578699e+03
2.726579e+05 5.578699e+03
1.950861e+05 5.578699e+03
4.976396e+05 5.578699e+03
1.855917e+04 5.358827e+03
1.053137e+05 5.358827e+03
3.214000e+04 5.083540e+03
4.002111e+05 5.083540e+03
1.450469e+04 5.083540e+03
4.896023e+04 4.975131e+03
2.094343e+05 4.975131e+03
2.260968e+05 4.801550e+03
7.525178e+03 4.801550e+03
9.001744e+03 4.801550e+03
4.661489e+05 4.801550e+03
2.050179e+05 4.801550e+03
1.634260e+05 4.801550e+03
1.036114e+05 4.801550e+03
8.670116e+03 4.801550e+03
2.371018e+04 4.801550e+03
8.474112e+03 4.801550e+03
1.997778e+04 4.801550e+03
8.063983e+03 4.801550e+03
7.256546e+03 4.801550e+03
8.174930e+03 4.801550e+03
1.241626e+04 4.801550e+03
6.896566e+03 4.801550e+03
4.590489e+04 4.801550e+03
6.845070e+03 4.801550e+03
5.388791e+04 4.801550e+03
6.871994e+03 4.801550e+03
6.854488e+03 4.801550e+03
6.725508e+03 4.801550e+03
6.490815e+03 4.801550e+03
6.590281e+03 4.801550e+03
6.396962e+03 4.625825e+03
6.363435e+03 4.625825e+03
3.446193e+04 4.625825e+03
6.362814e+03 4.625825e+03
6.349067e+03 4.625825e+03
1.568306e+04 4.625825e+03
6.257977e+03 4.625825e+03
6.141777e+03 4.625825e+03
5.963886e+03 4.625825e+03
5.726074e+03 4.238179e+03
5.546554e+03 4.100822e+03
5.363284e+03 4.063708e+03
5.234440e+03 4.050845e+03
5.120935e+03 3.995036e+03
4.990942e+03 3.902163e+03
4.906829e+03 3.738825e+03
4.799133e+03 3.738232e+03
4.717638e+03 3.719539e+03
4.625252e+03 3.711696e+03
4.532557e+03 3.657118e+03
4.443536e+03 3.654717e+03
4.351153e+03 3.595023e+03
4.240464e+03 3.129904e+03
4.147662e+03 2.731780e+03
4.049082e+03 2.714807e+03
3.944377e+03 2.571398e+03
3.920052e+03 2.544638e+03
4.322847e+03 2.544018e+03
4.153200e+03 2.541405e+03
4.862169e+03 2.479835e+03
4.828977e+03 2.474422e+03
4.951643e+03 1.882925e+03
2.987241e+03 1.488487e+03
1.606831e+08 9.978392e+05
1.849377e+07 1.211969e+05
6.183489e+06 6.853939e+04
3.216245e+06 1.187391e+04
4.813544e+06 1.187391e+04
7.043558e+06 8.557704e+03
7.290192e+06 8.557704e+03
7.279918e+06 8.557704e+03
5.495936e+06 8.557704e+03
5.498245e+06 8.557704e+03
4.402683e+06 8.557704e+03
3.484374e+06 7.813679e+03
2.593684e+06 7.613999e+03
1.553506e+06 7.613999e+03
3.190697e+06 7.613999e+03
2.446109e+06 7.613999e+03
2.023197e+06 7.613999e+03
1.606015e+06 7.100190e+03
1.196262e+06 7.100190e+03
7.360156e+05 6.763890e+03
1.365373e+06 6.763890e+03
1.014051e+06 6.616892e+03
7.535630e+05 6.616892e+03
2.290326e+05 6.616892e+03
7.538315e+05 6.605335e+03
6.975892e+05 6.408939e+03
4.076725e+05 6.283953e+03
8.964607e+04 6.283953e+03
1.953019e+05 6.256811e+03
4.187662e+04 5.906971e+03
5.845176e+05 5.730387e+03
2.803854e+05 5.730387e+03
6.036417e+04 5.730387e+03
1.494691e+04 5.730387e+03
9.877383e+04 5.730387e+03
9.012778e+03 5.672778e+03
4.559477e+05 5.329690e+03
3.909799e+05 5.258546e+03
1.086889e+04 5.258546e+03
1.894836e+04 5.258546e+03
7.223084e+04 5.258546e+03
2.050360e+04 5.183137e+03
2.962073e+04 5.183137e+03
5.232366e+04 5.055096e+03
1.183873e+04 5.055096e+03
3.467566e+04 5.055096e+03
4.461863e+05 5.055096e+03
7.818956e+03 5.055096e+03
4.906855e+05 5.055096e+03
8.690318e+03 5.055096e+03
1.717736e+04 5.055096e+03
3.431733e+04 5.055096e+03
1.077015e+05 4.983076e+03
1.382260e+04 4.983076e+03
9.993902e+03 4.983076e+03
7.189561e+03 4.983076e+03
1.241481e+04 4.966499e+03
7.181565e+03 4.966499e+03
6.725372e+03 4.966499e+03
1.352838e+04 4.966499e+03
5.999011e+04 4.966499e+03
2.473069e+04 4.966499e+03
6.529891e+03 3.894863e+03
2.643642e+04 3.894863e+03
2.440140e+04 3.894863e+03
6.517477e+03 3.894863e+03
6.485877e+03 3.894863e+03
6.395903e+03 3.894863e+03
1.345550e+04 3.894863e+03
6.412264e+03 3.894863e+03
6.726092e+03 3.894863e+03
6.397785e+03 3.894863e+03
6.186606e+03 3.894863e+03
6.297862e+03 3.894863e+03
3.802778e+04 3.894863e+03
6.372476e+03 3.894863e+03
6.111404e+03 3.894863e+03
6.032587e+03 3.894863e+03
5.821409e+03 3.886547e+03
5.575373e+03 3.871166e+03
5.411124e+03 3.799822e+03
5.277450e+03 3.789467e+03
5.154837e+03 3.789467e+03
5.040307e+03 3.776513e+03
4.922857e+03 3.451782e+03
4.828264e+03 3.429981e+03
4.733045e+03 3.428262e+03
4.617507e+03 3.408227e+03
4.522214e+03 3.406801e+03
4.408149e+03 3.321687e+03
4.292610e+03 3.231287e+03
4.183995e+03 3.227243e+03
4.080054e+03 3.222888e+03
3.986039e+03 3.219394e+03
3.863737e+03 2.989338e+03
3.877244e+03 2.802728e+03
6.155809e+03 2.799364e+03
4.780685e+03 2.711018e+03
5.266922e+03 2.708845e+03
4.718776e+03 2.579427e+03
2.209958e+03 2.209852e+03
1.771114e+08 1.190167e+06
1.041338e+07 7.926149e+04
3.484898e+06 4.534409e+04
5.039987e+06 1.842145e+04
9.618196e+06 1.394320e+04
7.366942e+06 1.239681e+04
3.732222e+06 9.002393e+03
7.583732e+06 9.002393e+03
5.386262e+06 9.002393e+03
6.750298e+06 8.048959e+03
4.826092e+06 7.979377e+03
4.339499e+06 7.979377e+03
3.821627e+06 7.979377e+03
2.295842e+06 7.572120e+03
4.172939e+06 6.771780e+03
1.532775e+06 6.771780e+03
1.453686e+06 6.771780e+03
5.308720e+05 6.771780e+03
9.002137e+06 6.771780e+03
1.453340e+06 6.771780e+03
1.392922e+06 6.771780e+03
1.603557e+06 6.658149e+03
7.262780e+05 6.658149e+03
4.639560e+05 6.658149e+03
5.991817e+05 6.162999e+03
3.693605e+05 6.162999e+03
1.809250e+05 4.982936e+03
9.300837e+04 4.982936e+03
4.128132e+05 4.982936e+03
4.079317e+05 4.982936e+03
2.910516e+05 4.982936e+03
1.328211e+04 4.982936e+03
1.331036e+05 4.982936e+03
4.603011e+05 4.982936e+03
1.352522e+06 4.982936e+03
3.823643e+05 4.982936e+03
2.516644e+04 4.982936e+03
1.609179e+06 4.982936e+03
1.025307e+04 4.982936e+03
8.237050e+03 4.982936e+03
8.743390e+03 4.982936e+03
1.284890e+04 4.982936e+03
9.037882e+03 4.982936e+03
1.028679e+05 4.982936e+03
7.288399e+03 4.982936e+03
7.230018e+03 4.982936e+03
1.080750e+06 4.947409e+03
7.565791e+03 4.947409e+03
7.069196e+03 4.947409e+03
7.181587e+03 4.947409e+03
6.972335e+03 4.947409e+03
6.836701e+03 4.947409e+03
7.291113e+03 4.947409e+03
6.953539e+03 4.947409e+03
3.033287e+04 4.947409e+03
6.931945e+03 4.947409e+03
1.280723e+04 4.890788e+03
3.781165e+04 4.881932e+03
6.973484e+03 4.881932e+03
6.739905e+03 4.822187e+03
6.886772e+03 4.822187e+03
6.974989e+03 4.822187e+03
6.609718e+03 4.822187e+03
6.653542e+03 4.822187e+03
6.020951e+04 4.822187e+03
6.694368e+03 4.463676e+03
6.792343e+03 4.463676e+03
6.448292e+03 4.463676e+03
7.074394e+03 4.463676e+03
6.325665e+03 4.463676e+03
6.245030e+03 4.463676e+03
6.230965e+03 4.463676e+03
6.166163e+03 4.463676e+03
6.056979e+03 4.463676e+03
6.074863e+03 4.463676e+03
4.425085e+04 4.390182e+03
5.819048e+03 4.390182e+03
8.681433e+03 4.305268e+03
5.692559e+03 4.240089e+03
5.518015e+03 3.772359e+03
5.038159e+03 3.632172e+03
4.497624e+03 3.309507e+03
3.999423e+03 3.187917e+03
2.314396e+03 1.898999e+03
1.660278e+03 1.631097e+03
1.626815e+03 1.615521e+03
1.618080e+03 1.613438e+03
1.609763e+03 1.604252e+03
1.601977e+03 1.599109e+03
1.595022e+03 1.594327e+03
1.592064e+03 1.591588e+03
1.591324e+03 1.591077e+03
1.590975e+03 1.590843e+03
1.590746e+03 1.590558e+03
1.589062e+03 1.588955e+03
1.587018e+03 1.586931e+03
1.583394e+03 1.583059e+03
1.582757e+03 1.582524e+03
1.582496e+03 1.582418e+03
1.582361e+03 1.582361e+03
1.582323e+03 1.582323e+03
1.763246e+08 4.629399e+05
5.580253e+06 2.422406e+04
5.349901e+06 2.422406e+04
1.078088e+07 2.422406e+04
6.251759e+06 2.235171e+04
4.170180e+06 2.132469e+04
5.312024e+06 1.671060e+04
6.554001e+06 1.397060e+04
4.448749e+06 1.397060e+04
3.893541e+06 1.170193e+04
3.488771e+06 9.482299e+03
6.435638e+06 9.482299e+03
3.533846e+06 8.690141e+03
2.221188e+06 8.690141e+03
4.249884e+06 8.690141e+03
8.609249e+05 8.574321e+03
5.670088e+06 7.494223e+03
3.394030e+06 7.494223e+03
8.839520e+05 7.494223e+03
1.161248e+06 6.961581e+03
3.501503e+05 6.961581e+03
1.286180e+06 6.961581e+03
2.007024e+05 6.961581e+03
5.765533e+05 6.733708e+03
4.192059e+05 6.340477e+03
1.357834e+05 6.340477e+03
5.779237e+05 6.340477e+03
1.106570e+06 6.340477e+03
4.300268e+05 6.340477e+03
1.702084e+06 6.340477e+03
4.844868e+05 5.940789e+03
6.169698e+05 5.920393e+03
4.324076e+05 5.920393e+03
1.350355e+04 5.818109e+03
1.336025e+05 5.658446e+03
2.126145e+05 5.658446e+03
9.175579e+04 5.658446e+03
6.900661e+04 5.586607e+03
2.990017e+05 5.586607e+03
2.390168e+06 5.586607e+03
9.762972e+04 5.586607e+03
7.436664e+04 5.586607e+03
1.611527e+06 5.586607e+03
9.669275e+03 5.586607e+03
6.823462e+04 5.586607e+03
2.598636e+04 5.586607e+03
8.865852e+03 5.338285e+03
4.329996e+05 5.338285e+03
7.382632e+03 5.338285e+03
7.235367e+03 5.338285e+03
7.226666e+03 5.338285e+03
7.204189e+03 5.315585e+03
7.107942e+03 5.315585e+03
7.027736e+03 4.911556e+03
3.564138e+05 4.911556e+03
6.934436e+03 4.911556e+03
6.927650e+03 4.911556e+03
6.902223e+03 4.911556e+03
6.775399e+03 4.911556e+03
4.807309e+05 4.911556e+03
6.681836e+03 4.911556e+03
1.073855e+04 4.911556e+03
3.400396e+05 4.911556e+03
6.547493e+03 4.911556e+03
2.217599e+04 4.911556e+03
6.411070e+03 4.387595e+03
6.235562e+03 4.387595e+03
4.508975e+04 4.387595e+03
6.195766e+03 4.387595e+03
6.149878e+03 4.387595e+03
6.108641e+03 4.387595e+03
6.076817e+03 4.387595e+03
6.292083e+03 4.387595e+03
6.196977e+03 4.381775e+03
5.242544e+04 4.381775e+03
6.020277e+03 4.381775e+03
6.008477e+03 4.381775e+03
1.535933e+05 4.381775e+03
6.718673e+03 4.381775e+03
6.220371e+03 4.381775e+03
6.119903e+03 4.381775e+03
6.028145e+03 4.381775e+03
6.054806e+03 4.381775e+03
6.327092e+03 4.381775e+03
6.134253e+03 4.381775e+03
6.904635e+03 4.381775e+03
6.222020e+03 4.381775e+03
6.547262e+03 4.381775e+03
6.261702e+03 4.381775e+03
5.579317e+03 4.128177e+03
5.191172e+03 4.064250e+03
4.929560e+03 3.691154e+03
4.710228e+03 3.480894e+03
4.505622e+03 3.431771e+03
4.316956e+03 3.431359e+03
4.145117e+03 3.384177e+03
4.276421e+03 3.172614e+03
4.630750e+03 2.962084e+03
3.238987e+05 2.491509e+03
4.556326e+03 2.298956e+03
1.875681e+03 1.872951e+03
1.584800e+08 1.023750e+06
3.005618e+07 2.293206e+05
8.037065e+06 5.071212e+04
7.384199e+06 3.588018e+04
5.386830e+06 1.532964e+04
5.027504e+06 1.006463e+04
4.725660e+06 9.037933e+03
4.190940e+06 9.037914e+03
5.425291e+06 8.633155e+03
4.987897e+06 8.013753e+03
4.212534e+06 8.013753e+03
2.454036e+06 8.013753e+03
3.913264e+06 7.926667e+03
4.710616e+06 7.926667e+03
3.579514e+06 7.020307e+03
2.017592e+06 7.020307e+03
4.359421e+06 7.020307e+03
1.091697e+06 7.020307e+03
8.060081e+05 7.020307e+03
6.595690e+05 7.020307e+03
6.761102e+05 6.837470e+03
1.922774e+06 6.837470e+03
4.062352e+05 6.327253e+03
1.302490e+06 6.327253e+03
1.327729e+05 6.327253e+03
3.929714e+05 6.197738e+03
3.263923e+06 6.197738e+03
2.532892e+04 6.197738e+03
6.840478e+05 5.711066e+03
1.427944e+05 5.631515e+03
1.411133e+05 5.555720e+03
2.564089e+04 5.555720e+03
2.642858e+04 5.555720e+03
5.109075e+04 5.555720e+03
1.514467e+05 5.555720e+03
1.453261e+04 5.555720e+03
2.352860e+05 5.555720e+03
8.745044e+03 5.357981e+03
1.959129e+04 5.357981e+03
1.188634e+04 5.357981e+03
3.175637e+05 5.173031e+03
1.356798e+04 5.173031e+03
1.119819e+05 5.173031e+03
5.969574e+04 5.173031e+03
8.159873e+03 5.173031e+03
5.358555e+04 5.081803e+03
9.823655e+04 5.081803e+03
9.132821e+03 5.081803e+03
1.342659e+04 5.081803e+03
8.912192e+03 5.081803e+03
7.722860e+04 5.081803e+03
1.506617e+04 5.081803e+03
5.270292e+05 5.081803e+03
7.399829e+03 5.081803e+03
2.090246e+05 5.081803e+03
1.631747e+04 5.081803e+03
3.632381e+04 5.081803e+03
7.064571e+03 5.081803e+03
7.123881e+03 5.081803e+03
4.928901e+04 5.058535e+03
1.118509e+04 4.935239e+03
2.878849e+04 4.935239e+03
6.611620e+03 4.935239e+03
6.528976e+03 4.935239e+03
4.091610e+04 4.708673e+03
6.568630e+03 4.708673e+03
4.224424e+04 4.708673e+03
1.495522e+05 4.708673e+03
6.543650e+03 4.708673e+03
6.467228e+03 4.494326e+03
6.467256e+03 4.494326e+03
6.451460e+03 4.494326e+03
6.369224e+03 4.494326e+03
4.700377e+04 4.494326e+03
6.407477e+03 4.494326e+03
6.210680e+03 4.494326e+03
6.143652e+03 4.494326e+03
6.181865e+03 4.494326e+03
5.989275e+03 4.494326e+03
6.049318e+03 4.494326e+03
6.024637e+03 4.494326e+03
6.041050e+03 4.494326e+03
6.079953e+03 4.494326e+03
6.187182e+03 4.494326e+03
6.431922e+04 4.494326e+03
7.055981e+03 4.494326e+03
4.459171e+04 4.494326e+03
6.233848e+03 4.494326e+03
6.039710e+03 4.446079e+03
5.532807e+03 3.981454e+03
5.181330e+03 3.828626e+03
4.967328e+03 3.347245e+03
4.778824e+03 3.322360e+03
4.579256e+03 3.213911e+03
4.525642e+03 3.200500e+03
4.238016e+03 3.120725e+03
4.559036e+03 3.039453e+03
4.427857e+03 2.819159e+03
4.707040e+03 2.350882e+03
4.175298e+04 1.994159e+03
1.479246e+03 1.479243e+03
1.645233e+08 5.422006e+05
1.657395e+07 1.788394e+05
5.514513e+06 1.837433e+04
5.276181e+06 1.631855e+04
4.237865e+06 9.400520e+03
5.320444e+06 9.400520e+03
4.721329e+06 7.553539e+03
6.060675e+06 7.553539e+03
8.429549e+06 7.164610e+03
7.244577e+06 7.164610e+03
5.907602e+06 7.164610e+03
4.798629e+06 7.164610e+03
2.558717e+06 7.164610e+03
3.127816e+06 6.536350e+03
2.512800e+06 6.536350e+03
1.520065e+06 6.536350e+03
6.759789e+05 6.536350e+03
1.300168e+06 6.536350e+03
4.202359e+05 6.536350e+03
5.559404e+05 6.536350e+03
1.533354e+06 6.128279e+03
5.369879e+05 6.128279e+03
1.224066e+06 6.128279e+03
1.467879e+06 6.128279e+03
3.118788e+05 6.003149e+03
1.101692e+06 5.346124e+03
3.316580e+05 5.346124e+03
6.139691e+05 5.346124e+03
4.306270e+05 5.346124e+03
2.113194e+05 5.346124e+03
8.057234e+04 5.346124e+03
3.311880e+04 5.346124e+03
5.531076e+04 5.346124e+03
6.196511e+04 5.346124e+03
2.280876e+05 5.346124e+03
1.108297e+04 5.346124e+03
5.046943e+04 5.346124e+03
1.303624e+06 5.346124e+03
5.100573e+05 5.346124e+03
8.237573e+05 5.346124e+03
1.415924e+06 5.346124e+03
3.494560e+04 5.150426e+03
7.708557e+03 5.150426e+03
4.390231e+04 4.817842e+03
9.254176e+05 4.817842e+03
7.577475e+03 4.817842e+03
3.476464e+04 4.817842e+03
1.227718e+04 4.817842e+03
7.756646e+03 4.817842e+03
7.906482e+03 4.817842e+03
7.474385e+03 4.817842e+03
3.798558e+04 4.817842e+03
1.714781e+04 4.817842e+03
7.053060e+03 4.817842e+03
3.285744e+04 4.817842e+03
7.163069e+03 4.817842e+03
7.025444e+03 4.817842e+03
6.994576e+04 4.817842e+03
1.801746e+04 4.602623e+03
6.848373e+03 4.602623e+03
6.696062e+03 4.602623e+03
6.511326e+03 4.602623e+03
6.474129e+03 4.602623e+03
6.493090e+03 4.602623e+03
9.894028e+03 4.602623e+03
6.549522e+03 4.602623e+03
6.381981e+03 4.602623e+03
6.278731e+03 4.602623e+03
6.223900e+03 4.602623e+03
6.101839e+03 4.602623e+03
6.019622e+03 4.201336e+03
6.086786e+03 4.201336e+03
5.804802e+03 4.201336e+03
5.655447e+03 4.201336e+03
5.691264e+03 4.201336e+03
6.070308e+03 3.996094e+03
5.745248e+03 3.741139e+03
5.577790e+03 3.659297e+03
5.605737e+03 3.376486e+03
5.464209e+03 3.376486e+03
5.460535e+03 3.376486e+03
6.138852e+03 3.376486e+03
5.014379e+03 3.376486e+03
5.234789e+03 3.376486e+03
4.992969e+03 3.376486e+03
5.393810e+03 3.376486e+03
5.277662e+03 3.376486e+03
5.568763e+03 3.376486e+03
5.381014e+03 3.376486e+03
5.844227e+03 3.352087e+03
5.552929e+03 3.352087e+03
5.709334e+03 3.352087e+03
5.566574e+03 3.352087e+03
4.952195e+03 3.352087e+03
1.411648e+03 1.403755e+03
1.374825e+03 1.374466e+03
1.371678e+03 1.371511e+03
1.366113e+03 1.365820e+03
1.359510e+03 1.359452e+03
1.356529e+03 1.356519e+03
1.352976e+03 1.352976e+03
1.758882e+08 1.630143e+05
5.427490e+06 9.995528e+04
8.772782e+06 6.890735e+04
7.993726e+06 2.661303e+04
6.970280e+06 1.210516e+04
7.943857e+06 9.419904e+03
4.993875e+06 9.346628e+03
9.450445e+06 9.346628e+03
4.270289e+06 9.346628e+03
3.221699e+06 9.346628e+03
4.774918e+06 9.346628e+03
2.218936e+06 9.346628e+03
3.607375e+06 9.346628e+03
1.904210e+06 9.266017e+03
1.179219e+06 8.260573e+03
1.813609e+06 8.260573e+03
1.450637e+06 8.260573e+03
9.299894e+05 8.260573e+03
1.136430e+06 7.009229e+03
9.990877e+05 7.009229e+03
1.301857e+06 7.009229e+03
2.392196e+06 7.009229e+03
5.970316e+05 6.621526e+03
2.412135e+05 6.013590e+03
2.287866e+06 6.013590e+03
8.256506e+05 6.013590e+03
1.010922e+06 5.846296e+03
4.171360e+05 5.846296e+03
5.343094e+05 5.846296e+03
4.912979e+05 5.846296e+03
9.901957e+04 5.846296e+03
9.220912e+05 5.846296e+03
1.163192e+04 5.355474e+03
4.735965e+06 5.355474e+03
9.668640e+04 5.355474e+03
6.435579e+04 5.070163e+03
9.785689e+04 5.070163e+03
9.932729e+04 5.070163e+03
4.699727e+04 5.070163e+03
2.057453e+05 5.070163e+03
8.788353e+05 5.070163e+03
7.820068e+03 5.070163e+03
6.648768e+04 5.070163e+03
6.556738e+04 5.070163e+03
3.616375e+04 5.070163e+03
7.857607e+03 5.070163e+03
1.125175e+04 5.070163e+03
4.644160e+04 5.070163e+03
5.516044e+04 5.070163e+03
7.485601e+03 5.070163e+03
1.640134e+05 5.070163e+03
7.225023e+03 5.070163e+03
7.523893e+03 4.878869e+03
9.437913e+03 4.878869e+03
1.426495e+05 4.878869e+03
8.120332e+03 4.878869e+03
6.623361e+03 4.878869e+03
6.673622e+03 4.878869e+03
6.821560e+03 4.878869e+03
9.014860e+03 4.878869e+03
1.587199e+04 4.878869e+03
6.603129e+03 4.878869e+03
6.959445e+03 4.878869e+03
6.679259e+03 4.878869e+03
6.569953e+03 4.878869e+03
6.584909e+03 4.878869e+03
6.502523e+03 4.584865e+03
8.769044e+03 4.584865e+03
6.594570e+03 4.584865e+03
6.347477e+03 4.584865e+03
6.546260e+03 4.584865e+03
2.070234e+04 4.584865e+03
8.864852e+03 4.584865e+03
6.294418e+03 4.584865e+03
6.268148e+03 4.584865e+03
6.201984e+03 4.584865e+03
6.087523e+03 4.584865e+03
6.343389e+03 4.584865e+03
6.092290e+03 4.584865e+03
6.021021e+03 4.524474e+03
6.191852e+03 4.450932e+03
6.074054e+03 4.450932e+03
6.234835e+03 4.450932e+03
5.912935e+03 4.220245e+03
5.971032e+03 4.220245e+03
1.264304e+05 4.220245e+03
5.926966e+03 4.220245e+03
6.263738e+03 4.181032e+03
6.359121e+03 4.181032e+03
6.448046e+03 4.181032e+03
6.241336e+03 4.181032e+03
9.836084e+03 4.181032e+03
6.030519e+03 3.988900e+03
6.044282e+03 3.988900e+03
6.341935e+03 3.988900e+03
6.542955e+03 3.988900e+03
5.994476e+03 3.988900e+03
4.599939e+03 3.513266e+03
1.918185e+03 1.912151e+03
1.892546e+03 1.892525e+03
1.878020e+03 1.878020e+03
1.946946e+08 1.009719e+06
6.013948e+06 6.981961e+04
5.128337e+06 3.321191e+04
8.442390e+06 1.022885e+04
7.389868e+06 1.022885e+04
6.791668e+06 1.022885e+04
7.579716e+06 1.022885e+04
5.864928e+06 1.022885e+04
5.266470e+06 1.022885e+04
5.867504e+06 9.747575e+03
6.348003e+06 9.747575e+03
3.187949e+06 9.524388e+03
2.630231e+06 8.765228e+03
1.427951e+06 8.765228e+03
3.039411e+06 8.765228e+03
1.508632e+06 8.765228e+03
1.634003e+06 8.765228e+03
1.974717e+06 8.111166e+03
1.090367e+06 8.111166e+03
6.454349e+05 7.609157e+03
9.320994e+05 7.609157e+03
6.421976e+05 7.609157e+03
6.451641e+05 7.381837e+03
6.328736e+05 7.245138e+03
5.041670e+05 6.679095e+03
8.113082e+04 6.679095e+03
1.109657e+06 6.679095e+03
2.023693e+04 6.679095e+03
3.104321e+05 6.304720e+03
2.884312e+05 6.304720e+03
1.625895e+06 6.304720e+03
6.314313e+05 6.277905e+03
8.038203e+05 6.195067e+03
2.300487e+05 5.808522e+03
1.281591e+04 5.808522e+03
1.917714e+05 5.808522e+03
4.204011e+04 5.466330e+03
1.376959e+06 5.466330e+03
2.300072e+04 5.466330e+03
2.055094e+04 5.466330e+03
8.780923e+03 5.466330e+03
2.948915e+05 5.466330e+03
6.525478e+04 5.466330e+03
3.139164e+05 5.164438e+03
2.203900e+05 5.164438e+03
3.471477e+04 5.164438e+03
7.847264e+03 5.164438e+03
5.665814e+04 5.164438e+03
7.754993e+03 5.159403e+03
8.433779e+03 5.159403e+03
1.599568e+05 5.159403e+03
7.742476e+03 5.152016e+03
7.245521e+03 5.152016e+03
3.896691e+04 5.152016e+03
6.991960e+03 4.825399e+03
7.048226e+03 4.825399e+03
1.128978e+04 4.825399e+03
6.755417e+03 4.825399e+03
1.325443e+04 4.825399e+03
6.605789e+03 4.825399e+03
6.521469e+03 4.825399e+03
6.427219e+03 4.825399e+03
1.498060e+04 4.732378e+03
6.395563e+03 4.732378e+03
6.428952e+03 4.732378e+03
6.433676e+03 4.732378e+03
6.574171e+03 4.732378e+03
6.450466e+03 4.732378e+03
6.336901e+03 4.732378e+03
6.324923e+03 4.732378e+03
6.101961e+03 4.732378e+03
6.157161e+03 4.732378e+03
3.013443e+04 4.732378e+03
5.924953e+03 3.641351e+03
5.870236e+03 3.641351e+03
5.945498e+03 3.641351e+03
5.881338e+03 3.641351e+03
5.790424e+03 3.641351e+03
1.034330e+05 3.641351e+03
5.687854e+03 3.641351e+03
5.464885e+03 3.549666e+03
5.932291e+03 2.775633e+03
5.691963e+03 2.775633e+03
5.729930e+03 2.775633e+03
5.624917e+03 2.775633e+03
5.595003e+03 2.775633e+03
5.448872e+03 2.775633e+03
9.852683e+03 2.775633e+03
5.417518e+03 2.775633e+03
4.779446e+03 2.675797e+03
2.905272e+03 2.400709e+03
1.414502e+03 1.402593e+03
1.400577e+03 1.394115e+03
1.928313e+03 1.393672e+03
1.382391e+03 1.381712e+03
1.376866e+03 1.376417e+03
1.369843e+03 1.369460e+03
1.366513e+03 1.366084e+03
4.574443e+05 1.364166e+03
1.362104e+03 1.361940e+03
1.361037e+03 1.361037e+03
1.758182e+08 1.221369e+06
5.508777e+06 7.021043e+04
6.856435e+06 4.024337e+04
4.764682e+06 2.588385e+04
3.885623e+06 1.155925e+04
7.013826e+06 1.155925e+04
6.034802e+06 1.131461e+04
3.887567e+06 1.131461e+04
5.362056e+06 1.131461e+04
6.897479e+06 1.131461e+04
5.353587e+06 1.131461e+04
3.211143e+06 1.126066e+04
3.264157e+06 9.442903e+03
2.562680e+06 9.442903e+03
1.782330e+06 9.442903e+03
1.776531e+06 9.442903e+03
2.671003e+06 9.395485e+03
3.599843e+06 7.628871e+03
3.015350e+06 7.628871e+03
2.312163e+06 7.628871e+03
1.368348e+06 7.321497e+03
3.021915e+06 7.321497e+03
5.627673e+05 7.205418e+03
2.147410e+06 6.409556e+03
4.970135e+05 6.409556e+03
4.139402e+05 6.409556e+03
3.252856e+05 6.409556e+03
1.805674e+05 6.409556e+03
6.698963e+05 6.409556e+03
8.982371e+05 5.633821e+03
2.563156e+05 5.633821e+03
1.032554e+05 5.633821e+03
4.253495e+04 5.633821e+03
3.389402e+04 5.633821e+03
9.342506e+03 5.633821e+03
9.236820e+04 5.407004e+03
1.195401e+05 5.259707e+03
4.443947e+05 5.259707e+03
1.062368e+04 5.259707e+03
1.428043e+05 5.259707e+03
1.728426e+05 5.259707e+03
3.302637e+05 5.259707e+03
2.898306e+04 5.259707e+03
1.371876e+04 5.259707e+03
7.616642e+03 4.937798e+03
9.292176e+03 4.937798e+03
5.091301e+05 4.937798e+03
1.757053e+04 4.937798e+03
1.835385e+05 4.937798e+03
2.169071e+05 4.937798e+03
7.448899e+03 4.937798e+03
2.374735e+04 4.937798e+03
2.217061e+04 4.829211e+03
1.022502e+05 4.829211e+03
7.272248e+03 4.829211e+03
1.371416e+04 4.829211e+03
7.051280e+03 4.829211e+03
6.933512e+03 4.829211e+03
8.060330e+03 4.829211e+03
1.252682e+04 4.829211e+03
8.876633e+03 4.829211e+03
6.657136e+03 4.806332e+03
6.763614e+03 4.806332e+03
3.201501e+05 4.806332e+03
6.860612e+03 4.806332e+03
6.521705e+03 4.806332e+03
6.416381e+03 4.806332e+03
6.291723e+03 4.804167e+03
6.389871e+03 4.804167e+03
6.381557e+03 4.804167e+03
6.322674e+03 4.804167e+03
6.205856e+03 4.680727e+03
6.141528e+03 4.680727e+03
6.184833e+03 4.680727e+03
5.856031e+03 4.598808e+03
5.796884e+03 4.341798e+03
5.531271e+03 4.341798e+03
5.007552e+03 3.914801e+03
5.008234e+03 3.914801e+03
5.112074e+03 3.914801e+03
5.069431e+03 3.914801e+03
8.316300e+03 3.914801e+03
5.137384e+03 3.914801e+03
4.184889e+04 3.914801e+03
5.020153e+03 3.661434e+03
5.506501e+03 3.229310e+03
5.472310e+04 3.229310e+03
5.328617e+03 3.229310e+03
4.929533e+03 3.229310e+03
5.322630e+03 3.229310e+03
5.247013e+03 3.229310e+03
1.129689e+04 3.229310e+03
2.548031e+03 1.938433e+03
8.931170e+02 8.838014e+02
8.803843e+02 8.742511e+02
8.757681e+02 8.709162e+02
8.587445e+02 8.582794e+02
8.538323e+02 8.535785e+02
8.503664e+02 8.500808e+02
8.471062e+02 8.468477e+02
8.433908e+02 8.433908e+02
2.020759e+08 8.598857e+05
4.961829e+06 5.473934e+04
7.415410e+06 3.821604e+04
6.413124e+06 1.397656e+04
7.499188e+06 1.397656e+04
5.171406e+06 1.397656e+04
1.074669e+07 1.172326e+04
3.686974e+06 1.076641e+04
6.850922e+06 1.076641e+04
4.070090e+06 8.623707e+03
3.432158e+06 8.623707e+03
2.134614e+06 8.561355e+03
4.337698e+06 8.561355e+03
2.191899e+06 8.561355e+03
1.607112e+06 8.424032e+03
9.608492e+05 8.424032e+03
1.468936e+06 7.794775e+03
1.637479e+06 7.794775e+03
1.980106e+06 7.794775e+03
8.121388e+05 7.794775e+03
2.705011e+05 7.794775e+03
2.080650e+06 7.794775e+03
1.421869e+06 7.446990e+03
1.614845e+06 7.188936e+03
3.973119e+05 7.188936e+03
3.133381e+05 6.832468e+03
1.253492e+06 6.669718e+03
8.095217e+05 6.669718e+03
1.383010e+05 5.842351e+03
1.090052e+05 5.842351e+03
8.603265e+04 5.842351e+03
1.234980e+05 5.762641e+03
6.538759e+04 5.762641e+03
1.307148e+05 5.542244e+03
1.941350e+04 5.542244e+03
2.677639e+04 5.542244e+03
4.068107e+05 5.471626e+03
4.259577e+05 5.471626e+03
1.439515e+05 5.471626e+03
3.564585e+04 5.429817e+03
2.425644e+05 5.429817e+03
2.497498e+05 5.215810e+03
3.621513e+04 5.215810e+03
2.341246e+05 5.215810e+03
2.446071e+04 5.215810e+03
8.894735e+04 5.215810e+03
7.872744e+05 5.215810e+03
4.060994e+05 5.215810e+03
8.194364e+03 5.215810e+03
7.573462e+03 5.215810e+03
7.413743e+03 5.044941e+03
7.504508e+03 5.044941e+03
7.490439e+03 5.044941e+03
2.663553e+04 5.044941e+03
9.006956e+03 4.974690e+03
3.515408e+04 4.974690e+03
6.845326e+03 4.862669e+03
6.735176e+03 4.862669e+03
9.763163e+04 4.862669e+03
7.487178e+03 4.851168e+03
6.606088e+03 4.851168e+03
6.601577e+03 4.851168e+03
6.626049e+03 4.851168e+03
6.563944e+03 4.851168e+03
6.501831e+03 4.851168e+03
1.225355e+04 4.630074e+03
6.182529e+03 4.630074e+03
7.006405e+03 4.630074e+03
6.208261e+03 4.630074e+03
6.141581e+03 4.630074e+03
6.213964e+03 4.630074e+03
6.208787e+03 4.630074e+03
6.126016e+03 4.475043e+03
7.123099e+03 4.402376e+03
3.432113e+05 4.402376e+03
6.120518e+03 4.333988e+03
5.900776e+03 4.210003e+03
5.970174e+03 4.210003e+03
5.836074e+03 4.210003e+03
5.709079e+03 4.210003e+03
5.282419e+03 4.149968e+03
4.758833e+03 3.707378e+03
4.698653e+03 3.562213e+03
5.105714e+03 3.562213e+03
4.978566e+03 3.547682e+03
4.916099e+03 3.149145e+03
2.954922e+03 2.269231e+03
1.112157e+03 1.087067e+03
1.070898e+03 1.063993e+03
1.060802e+03 1.056572e+03
1.054299e+03 1.050324e+03
1.043644e+03 1.043181e+03
1.040922e+03 1.040548e+03
1.038922e+03 1.038460e+03
1.037762e+03 1.037356e+03
1.035005e+03 1.034629e+03
1.034320e+03 1.033916e+03
1.034420e+03 1.033916e+03
1.034325e+03 1.033900e+03
1.033295e+03 1.033281e+03
1.032955e+03 1.032955e+03
1.868206e+08 3.994374e+05
5.662149e+06 1.873139e+04
6.004352e+06 1.873139e+04
4.893811e+06 1.873139e+04
5.991827e+06 1.740023e+04
7.966244e+06 1.740023e+04
4.437734e+06 1.040361e+04
9.571737e+06 1.040361e+04
2.443132e+06 1.040361e+04
2.796123e+06 8.551529e+03
4.233680e+06 8.551529e+03
2.861483e+06 8.551529e+03
2.744663e+06 8.356202e+03
4.641648e+06 8.356202e+03
9.048353e+05 7.991758e+03
2.213563e+06 6.165815e+03
1.658514e+06 6.165815e+03
1.938392e+06 6.165815e+03
1.539585e+06 6.165815e+03
1.163489e+06 6.165815e+03
1.813771e+06 6.165815e+03
2.045605e+06 6.165815e+03
9.982966e+05 6.165815e+03
2.963407e+05 6.165815e+03
1.085422e+05 6.165815e+03
1.738733e+05 6.165815e+03
6.105735e+04 6.165815e+03
2.176094e+05 6.165815e+03
1.179820e+05 6.165815e+03
2.057618e+04 6.165815e+03
4.670905e+05 6.165815e+03
2.313172e+06 6.165815e+03
3.279396e+04 5.450677e+03
1.026521e+04 5.450677e+03
5.050895e+05 5.450677e+03
1.917570e+05 5.450677e+03
1.578698e+04 5.450677e+03
1.548868e+05 5.450677e+03
5.175770e+05 5.450677e+03
1.684295e+05 5.450677e+03
4.961431e+05 5.450677e+03
1.633911e+05 5.450677e+03
1.079846e+04 5.450677e+03
1.266661e+05 5.450677e+03
3.962738e+05 5.246372e+03
1.129413e+04 4.759803e+03
3.765720e+05 4.759803e+03
1.294322e+04 4.759803e+03
3.698482e+04 4.759803e+03
7.554219e+03 4.759803e+03
5.110042e+04 4.759803e+03
8.918050e+03 4.759803e+03
1.318251e+05 4.759803e+03
7.284690e+03 4.759803e+03
6.891396e+03 4.759803e+03
8.057592e+03 4.737189e+03
6.721043e+03 4.737189e+03
6.718383e+03 4.737189e+03
6.682609e+03 4.737189e+03
7.060889e+03 4.737189e+03
6.549058e+03 4.737189e+03
6.497784e+03 4.737189e+03
6.291027e+03 4.447504e+03
6.299652e+03 4.447504e+03
7.500485e+03 4.447504e+03
6.312360e+03 4.447504e+03
1.360346e+04 4.038980e+03
7.950116e+03 4.038980e+03
6.077741e+03 4.038980e+03
8.878584e+04 4.038980e+03
6.174691e+03 4.038980e+03
6.257371e+03 4.038980e+03
1.997872e+05 4.038980e+03
6.201358e+03 4.038980e+03
6.041176e+03 4.038980e+03
5.925296e+03 4.038980e+03
6.291490e+03 4.038980e+03
5.888293e+03 4.038980e+03
5.966927e+03 4.038980e+03
5.990755e+03 4.038980e+03
3.156733e+04 4.038980e+03
5.860260e+03 4.038980e+03
6.039783e+03 4.038980e+03
6.281893e+03 4.038980e+03
6.222163e+03 4.038980e+03
6.231698e+03 4.038980e+03
6.152282e+03 4.038980e+03
6.202658e+03 4.038980e+03
6.086355e+03 4.038980e+03
6.095975e+03 4.038980e+03
6.303577e+03 3.744259e+03
5.417253e+03 3.482201e+03
5.084754e+03 3.451967e+03
4.844093e+03 3.385180e+03
4.610558e+03 3.349060e+03
4.576851e+03 3.264852e+03
4.136002e+03 2.830592e+03
4.618033e+03 2.702096e+03
4.612832e+03 2.480555e+03
4.483096e+03 2.451172e+03
1.945043e+03 1.944762e+03
1.793656e+08 3.896103e+05
1.183117e+07 1.112333e+05
3.570302e+06 2.756185e+04
3.842238e+06 1.256442e+04
6.966783e+06 1.116298e+04
5.513990e+06 1.061912e+04
6.072120e+06 9.388582e+03
5.427529e+06 6.984330e+03
3.579477e+06 6.984330e+03
5.844207e+06 6.984330e+03
8.828210e+06 6.984330e+03
4.111735e+06 6.984330e+03
4.380466e+06 6.984330e+03
1.741520e+06 6.854499e+03
3.633308e+06 6.854499e+03
8.969887e+05 6.854499e+03
2.066641e+06 6.854499e+03
9.779612e+05 6.396564e+03
2.486771e+06 6.396564e+03
1.269965e+06 6.396564e+03
4.837509e+05 6.396564e+03
9.348769e+05 6.396564e+03
2.943240e+05 6.396564e+03
2.088569e+05 5.693579e+03
1.473912e+05 5.693579e+03
2.465624e+05 5.693579e+03
1.580321e+05 5.693579e+03
8.467487e+05 5.693579e+03
1.615124e+05 5.693579e+03
1.150242e+06 5.462249e+03
5.493643e+04 5.462249e+03
8.482337e+04 5.462249e+03
2.560541e+05 5.462249e+03
1.138307e+05 5.462249e+03
5.469589e+04 5.462249e+03
1.174593e+05 5.462249e+03
2.000152e+05 5.462249e+03
1.407886e+04 5.462249e+03
3.500264e+05 5.462249e+03
9.330337e+04 5.462249e+03
1.905496e+05 5.462249e+03
4.505576e+05 5.402419e+03
6.099010e+04 5.402419e+03
7.837687e+03 5.402419e+03
1.141822e+04 5.402419e+03
4.158580e+04 5.402419e+03
1.045811e+05 5.402419e+03
9.248521e+03 5.402419e+03
7.466041e+03 5.402419e+03
7.780927e+03 5.402419e+03
1.210892e+04 4.922885e+03
1.073943e+04 4.922885e+03
9.959539e+03 4.922885e+03
7.463031e+03 4.922885e+03
8.353498e+03 4.922885e+03
4.945894e+04 4.922885e+03
1.638582e+05 4.922885e+03
7.017926e+03 4.922885e+03
2.271648e+04 4.922885e+03
6.878524e+03 4.922885e+03
3.154699e+04 4.922885e+03
9.867072e+03 4.922885e+03
6.639738e+03 4.922885e+03
6.628213e+03 4.922885e+03
6.697369e+03 4.922885e+03
6.584765e+03 4.922885e+03
6.605479e+03 4.922885e+03
6.435630e+03 4.922885e+03
6.569247e+03 4.922885e+03
6.342747e+03 4.922885e+03
4.312024e+04 4.922885e+03
6.626708e+03 4.922885e+03
6.308501e+03 4.922885e+03
6.193916e+03 4.324714e+03
2.173729e+05 4.324714e+03
6.212580e+03 4.324714e+03
6.157041e+03 4.324714e+03
6.059192e+03 4.324714e+03
6.221096e+03 4.324714e+03
6.070533e+03 4.261054e+03
9.148933e+03 4.261054e+03
1.898709e+04 4.261054e+03
6.166711e+03 4.261054e+03
6.397050e+03 4.261054e+03
6.506538e+03 4.261054e+03
3.938547e+07 4.261054e+03
5.955003e+03 4.261054e+03
5.918985e+03 4.169492e+03
5.883912e+03 4.169492e+03
5.763641e+03 3.894346e+03
5.797330e+03 3.894346e+03
5.324617e+03 3.894346e+03
5.558279e+03 3.840239e+03
6.129337e+03 3.840239e+03
6.026190e+03 3.831966e+03
6.003705e+03 3.663029e+03
6.126022e+03 3.663029e+03
6.023538e+03 3.660054e+03
6.344194e+03 3.524949e+03
2.452507e+03 2.439027e+03
2.384111e+03 2.384094e+03
1.813453e+08 2.951079e+05
5.465735e+06 1.056573e+05
5.939444e+06 2.481243e+04
7.035290e+06 2.481243e+04
6.553045e+06 1.401822e+04
7.789556e+06 1.401822e+04
6.858425e+06 1.101229e+04
5.401905e+06 1.101229e+04
5.957644e+06 1.077054e+04
3.404511e+06 1.077054e+04
3.224152e+06 7.958195e+03
3.387035e+06 7.958195e+03
1.936757e+06 7.958195e+03
3.859197e+06 7.747300e+03
2.242152e+06 7.747300e+03
1.517986e+06 7.447434e+03
2.756221e+06 7.447434e+03
1.529830e+06 7.293203e+03
1.067157e+06 7.293203e+03
2.387728e+06 7.293203e+03
7.412230e+05 6.996253e+03
6.066451e+05 6.996253e+03
1.578944e+06 6.682147e+03
9.542357e+05 6.682147e+03
6.679992e+05 6.549872e+03
1.029010e+06 6.549872e+03
5.091687e+04 6.549872e+03
8.041048e+05 5.446120e+03
1.827413e+05 5.446120e+03
1.840145e+06 5.446120e+03
1.719122e+05 5.446120e+03
1.047122e+06 5.446120e+03
2.227348e+06 5.446120e+03
1.542649e+05 5.446120e+03
3.011716e+05 5.446120e+03
1.266463e+04 5.446120e+03
1.749371e+05 5.435984e+03
1.598018e+05 5.405333e+03
4.917933e+04 5.405333e+03
8.545441e+04 5.176051e+03
4.036476e+04 5.176051e+03
8.396647e+04 5.176051e+03
2.630556e+04 5.176051e+03
7.094400e+04 5.176051e+03
1.701812e+04 5.176051e+03
2.383331e+05 5.176051e+03
9.222168e+04 5.151810e+03
4.567797e+04 5.151810e+03
7.589863e+03 5.151810e+03
7.591517e+03 5.151810e+03
5.003684e+04 5.151810e+03
7.263507e+03 5.151810e+03
1.035897e+04 5.151810e+03
7.720637e+03 5.151810e+03
1.357876e+04 5.091361e+03
7.725166e+04 5.091361e+03
6.761894e+03 5.091361e+03
6.671693e+03 4.609297e+03
6.671593e+03 4.609297e+03
6.562514e+03 4.609297e+03
6.745016e+03 4.609297e+03
6.581259e+03 4.609297e+03
6.535780e+03 4.609297e+03
6.688642e+03 4.609297e+03
6.401496e+03 4.609297e+03
6.419268e+03 4.609297e+03
6.471101e+03 4.609297e+03
6.427079e+03 4.609297e+03
6.321607e+03 4.609297e+03
6.289009e+03 4.609297e+03
6.172739e+03 4.609297e+03
6.195386e+03 4.609297e+03
6.089219e+03 4.609297e+03
2.483267e+04 4.609297e+03
5.962688e+03 4.609297e+03
5.835790e+03 4.609297e+03
5.879685e+03 4.309224e+03
5.674998e+03 4.309224e+03
5.716056e+03 4.309224e+03
1.270898e+04 4.309224e+03
5.744355e+03 3.895405e+03
5.605428e+03 3.809934e+03
5.326946e+03 3.809934e+03
5.290389e+03 3.309786e+03
5.092045e+03 3.309786e+03
4.532671e+03 3.175323e+03
2.068494e+03 1.991771e+03
1.937519e+03 1.929310e+03
1.926699e+03 1.920025e+03
1.916711e+03 1.908990e+03
1.908594e+03 1.906271e+03
1.900207e+03 1.899624e+03
1.897633e+03 1.896993e+03
1.895152e+03 1.894893e+03
1.892039e+03 1.891802e+03
1.891598e+03 1.891281e+03
1.890268e+03 1.889990e+03
1.887778e+03 1.887038e+03
1.886898e+03 1.886475e+03
1.885892e+03 1.885891e+03
1.885680e+03 1.885675e+03
1.843428e+08 5.692628e+05
6.036518e+06 2.233295e+04
1.058731e+07 2.233295e+04
5.067591e+06 2.233295e+04
6.769736e+06 2.233295e+04
5.659213e+06 2.233295e+04
6.745625e+06 1.092670e+04
5.661785e+06 1.092670e+04
3.473909e+06 1.092670e+04
5.635197e+06 1.092670e+04
4.271125e+06 9.562711e+03
2.611144e+06 8.910161e+03
3.762728e+06 8.910161e+03
2.003362e+06 8.187661e+03
3.433598e+06 8.187661e+03
1.538554e+06 8.187661e+03
1.412537e+06 8.187661e+03
1.061678e+06 8.187661e+03
1.719596e+06 8.147081e+03
5.148010e+05 8.147081e+03
4.153572e+05 8.147081e+03
1.154584e+06 7.855967e+03
5.185856e+05 7.036846e+03
3.706856e+05 6.625970e+03
3.144924e+05 6.625970e+03
9.692775e+04 6.625970e+03
2.558725e+05 6.625970e+03
1.601690e+06 5.971903e+03
7.365890e+05 5.971903e+03
3.836640e+05 5.971903e+03
2.255014e+04 5.971903e+03
3.118220e+05 5.879803e+03
8.181941e+05 5.879803e+03
6.405680e+05 5.879803e+03
8.219098e+04 5.879803e+03
2.025425e+05 5.867696e+03
1.486317e+05 5.867696e+03
2.014361e+04 5.867696e+03
1.142116e+04 5.867696e+03
5.083622e+04 5.626593e+03
1.223966e+04 5.626593e+03
8.540675e+03 5.626593e+03
1.421594e+04 5.626593e+03
9.588022e+05 5.518469e+03
1.255401e+05 5.336436e+03
2.909448e+05 5.336436e+03
7.787730e+03 5.336436e+03
2.902480e+04 5.336436e+03
6.695681e+04 5.334723e+03
8.646642e+04 5.334723e+03
7.529733e+03 5.334723e+03
7.198734e+03 5.334723e+03
7.146124e+03 5.183635e+03
6.887149e+03 5.183635e+03
1.082766e+05 5.078928e+03
5.521430e+04 5.078928e+03
9.101562e+03 5.078928e+03
6.705304e+03 4.965280e+03
1.094728e+04 4.965280e+03
7.272976e+03 4.847337e+03
1.444458e+04 4.847337e+03
6.559969e+03 4.847337e+03
6.449842e+03 4.530627e+03
6.456068e+03 4.530627e+03
6.428022e+03 4.530627e+03
6.344644e+03 4.530627e+03
6.422919e+03 4.530627e+03
6.318777e+03 4.530627e+03
6.318969e+03 4.530627e+03
6.343081e+03 4.530627e+03
6.353066e+03 4.530627e+03
7.685619e+03 4.512911e+03
6.271280e+03 4.512911e+03
1.801620e+05 4.512911e+03
6.224600e+03 4.512911e+03
6.221581e+03 4.512911e+03
6.197119e+03 4.512911e+03
6.179972e+03 4.512911e+03
6.158858e+03 4.509377e+03
6.139323e+03 4.509377e+03
6.222537e+03 4.509377e+03
6.362532e+03 4.509377e+03
4.785988e+04 4.411479e+03
6.032016e+03 4.347047e+03
6.310750e+03 4.347047e+03
5.919262e+03 4.347047e+03
5.805690e+03 4.294552e+03
6.034062e+03 4.294552e+03
5.904252e+03 4.294552e+03
5.764413e+03 4.294552e+03
5.646686e+03 4.210383e+03
4.878675e+03 3.252114e+03
1.443963e+03 1.200613e+03
1.045734e+03 1.039947e+03
1.040080e+03 1.030450e+03
1.031747e+03 1.026092e+03
1.015793e+03 1.015556e+03
1.419164e+05 1.013087e+03
1.193543e+03 1.006481e+03
1.807408e+03 1.003532e+03
1.002819e+03 1.002812e+03
