3.159691e+03 2.363870e+03
2.574942e+03 2.066299e+03
2.409467e+03 1.817408e+03
2.350919e+03 1.784251e+03
2.288531e+03 1.782987e+03
2.238307e+03 1.736252e+03
2.241735e+03 1.669210e+03
2.169598e+03 1.669210e+03
2.109027e+03 1.643622e+03
2.094068e+03 1.615821e+03
2.033583e+03 1.548821e+03
1.991942e+03 1.545823e+03
1.971941e+03 1.469272e+03
1.897255e+03 1.469272e+03
1.842202e+03 1.461964e+03
1.805651e+03 1.394439e+03
1.772940e+03 1.375248e+03
1.721152e+03 1.309819e+03
1.694931e+03 1.204573e+03
1.643825e+03 1.204573e+03
1.659605e+03 1.204573e+03
1.624029e+03 1.204573e+03
1.612446e+03 1.204573e+03
1.577078e+03 1.204573e+03
1.547410e+03 1.204573e+03
1.525257e+03 1.172914e+03
1.485283e+03 1.085633e+03
1.461208e+03 1.085633e+03
1.444912e+03 1.055127e+03
1.398928e+03 1.055127e+03
1.370322e+03 1.055127e+03
1.342069e+03 1.035584e+03
1.300371e+03 1.035584e+03
1.261864e+03 1.035584e+03
1.230221e+03 1.035584e+03
1.237478e+03 9.809689e+02
1.205928e+03 9.721844e+02
1.234866e+03 9.721844e+02
1.205799e+03 9.634127e+02
1.190920e+03 9.622878e+02
1.170073e+03 9.622878e+02
1.173054e+03 9.533420e+02
1.172866e+03 9.533420e+02
1.128020e+03 9.533420e+02
1.102974e+03 9.472498e+02
1.081357e+03 9.295558e+02
1.087872e+03 9.123622e+02
1.052649e+03 8.729648e+02
1.027800e+03 8.637114e+02
1.010670e+03 8.565694e+02
1.003086e+03 8.565694e+02
1.007045e+03 8.552828e+02
1.003379e+03 8.552828e+02
9.927306e+02 8.477613e+02
1.011720e+03 8.477613e+02
1.004271e+03 8.477613e+02
9.983082e+02 8.301890e+02
9.965910e+02 8.301890e+02
9.780974e+02 8.117912e+02
9.787303e+02 8.117912e+02
9.671725e+02 8.117912e+02
9.589211e+02 8.117912e+02
9.499379e+02 7.848673e+02
9.304250e+02 7.848673e+02
8.852070e+02 7.848673e+02
8.133943e+02 6.897963e+02
7.270939e+02 5.813135e+02
4.587435e+02 3.967518e+02
2.600975e+02 2.314409e+02
1.567975e+02 1.384784e+02
1.053099e+02 1.009515e+02
8.813046e+01 8.658864e+01
8.323659e+01 8.281743e+01
8.151283e+01 8.136678e+01
8.087990e+01 8.082640e+01
8.066554e+01 8.064934e+01
8.061413e+01 8.060984e+01
8.059900e+01 8.059791e+01
8.059402e+01 8.059362e+01
8.059225e+01 8.059214e+01
8.059177e+01 8.059174e+01
8.059165e+01 8.059165e+01
8.059162e+01 8.059162e+01
8.059162e+01 8.059162e+01
8.059161e+01 8.059161e+01
8.059161e+01 8.059161e+01
8.059161e+01 8.059161e+01
8.059161e+01 8.059161e+01
8.059161e+01 8.059161e+01
8.059161e+01 8.059161e+01
8.059161e+01 8.059161e+01
8.059161e+01 8.059161e+01
8.059161e+01 8.059161e+01
8.235751e+01 8.059161e+01
8.059161e+01 8.059161e+01
1.807470e+02 8.059161e+01
8.059161e+01 8.059161e+01
8.059161e+01 8.059161e+01
8.059161e+01 8.059161e+01
8.059161e+01 8.059161e+01
8.059161e+01 8.059161e+01
3.137784e+03 2.449628e+03
2.555302e+03 1.992855e+03
2.420154e+03 1.853009e+03
2.328625e+03 1.725503e+03
2.255612e+03 1.700267e+03
2.185002e+03 1.619598e+03
2.125641e+03 1.546108e+03
2.036298e+03 1.530340e+03
1.981808e+03 1.513319e+03
1.944421e+03 1.457377e+03
1.876193e+03 1.388773e+03
1.811529e+03 1.388773e+03
1.776785e+03 1.369993e+03
1.726414e+03 1.268356e+03
1.690135e+03 1.247391e+03
1.676380e+03 1.232091e+03
1.618718e+03 1.087326e+03
1.597852e+03 1.087326e+03
1.567213e+03 1.087326e+03
1.534804e+03 1.087326e+03
1.492580e+03 1.087326e+03
1.466443e+03 1.087326e+03
1.453259e+03 1.087326e+03
1.427898e+03 1.087326e+03
1.422044e+03 1.087326e+03
1.405788e+03 1.081731e+03
1.382310e+03 1.061338e+03
1.350280e+03 1.061338e+03
1.343419e+03 1.061338e+03
1.308710e+03 1.061338e+03
1.314334e+03 1.050679e+03
1.283142e+03 1.050679e+03
1.299522e+03 1.019173e+03
1.270703e+03 1.000449e+03
1.248948e+03 1.000449e+03
1.235084e+03 1.000449e+03
1.266605e+03 1.000449e+03
1.221924e+03 1.000449e+03
1.222836e+03 1.000449e+03
1.201321e+03 9.748099e+02
1.189651e+03 9.748099e+02
1.186477e+03 9.748099e+02
1.177210e+03 9.701732e+02
1.149879e+03 9.701732e+02
1.135516e+03 9.677636e+02
1.122822e+03 9.294966e+02
1.117389e+03 9.294966e+02
1.088299e+03 9.145111e+02
1.067896e+03 8.659389e+02
1.048517e+03 8.659389e+02
1.028306e+03 8.302299e+02
1.014402e+03 8.302299e+02
9.999613e+02 8.302299e+02
9.853046e+02 8.282467e+02
9.714984e+02 8.282467e+02
9.673359e+02 8.282467e+02
9.630255e+02 7.939734e+02
9.920813e+02 7.939734e+02
9.815753e+02 7.939734e+02
9.585493e+02 7.939734e+02
9.587043e+02 7.939734e+02
9.662078e+02 7.797817e+02
9.482781e+02 7.797817e+02
9.451690e+02 7.797817e+02
9.357117e+02 7.797817e+02
9.241996e+02 7.697048e+02
9.090090e+02 7.697048e+02
8.767260e+02 7.636210e+02
8.196456e+02 7.279321e+02
7.618513e+02 6.714117e+02
7.305282e+02 6.680769e+02
6.970144e+02 5.959533e+02
6.320249e+02 5.535840e+02
3.918374e+02 3.343323e+02
2.011772e+02 1.815275e+02
1.323416e+02 1.266382e+02
1.122542e+02 1.110267e+02
1.068606e+02 1.064222e+02
1.050376e+02 1.049187e+02
1.046365e+02 1.046129e+02
1.045165e+02 1.045095e+02
1.044817e+02 1.044801e+02
1.044733e+02 1.044728e+02
1.044711e+02 1.044710e+02
1.044707e+02 1.044707e+02
1.044706e+02 1.044706e+02
1.044706e+02 1.044706e+02
1.044706e+02 1.044706e+02
1.044706e+02 1.044706e+02
1.044706e+02 1.044706e+02
1.044706e+02 1.044706e+02
1.044706e+02 1.044706e+02
1.044706e+02 1.044706e+02
1.044706e+02 1.044706e+02
1.044706e+02 1.044706e+02
1.044706e+02 1.044706e+02
1.044706e+02 1.044706e+02
1.044706e+02 1.044706e+02
1.044706e+02 1.044706e+02
1.044706e+02 1.044706e+02
1.044706e+02 1.044706e+02
3.155027e+03 2.385661e+03
2.496826e+03 1.998259e+03
2.323256e+03 1.785323e+03
2.227013e+03 1.681462e+03
2.148933e+03 1.633505e+03
2.079318e+03 1.563914e+03
2.046813e+03 1.460743e+03
1.987954e+03 1.460743e+03
1.936293e+03 1.413370e+03
1.876765e+03 1.405865e+03
1.821941e+03 1.376970e+03
1.792828e+03 1.344330e+03
1.764964e+03 1.309345e+03
1.711299e+03 1.285359e+03
1.652181e+03 1.245274e+03
1.649588e+03 1.245274e+03
1.602554e+03 1.223259e+03
1.585211e+03 1.223259e+03
1.545863e+03 1.159363e+03
1.515840e+03 1.159363e+03
1.510252e+03 1.143984e+03
1.462142e+03 1.143984e+03
1.440327e+03 1.143984e+03
1.418923e+03 1.094180e+03
1.422461e+03 1.087238e+03
1.427799e+03 1.087238e+03
1.387446e+03 1.087238e+03
1.372046e+03 1.037736e+03
1.341507e+03 1.037736e+03
1.346275e+03 1.037736e+03
1.320007e+03 1.037736e+03
1.304682e+03 1.037736e+03
1.282063e+03 1.033919e+03
1.268613e+03 1.033919e+03
1.230554e+03 1.033327e+03
1.212287e+03 1.033327e+03
1.208704e+03 1.013042e+03
1.189692e+03 9.830460e+02
1.182635e+03 9.830460e+02
1.186567e+03 9.830460e+02
1.175063e+03 9.830460e+02
1.170186e+03 9.288342e+02
1.152123e+03 9.193978e+02
1.168561e+03 9.193978e+02
1.152063e+03 9.193978e+02
1.135905e+03 9.193978e+02
1.116212e+03 9.193978e+02
1.111830e+03 9.060490e+02
1.099958e+03 9.060490e+02
1.092574e+03 9.060490e+02
1.094197e+03 9.060490e+02
1.096264e+03 9.060490e+02
1.074161e+03 9.060490e+02
1.069146e+03 9.060490e+02
1.042499e+03 9.060490e+02
1.053048e+03 9.060490e+02
1.021379e+03 8.996942e+02
1.015699e+03 8.926570e+02
1.011701e+03 8.539877e+02
1.005562e+03 8.539877e+02
9.899445e+02 8.146220e+02
9.632133e+02 8.146220e+02
9.294206e+02 7.922324e+02
8.750331e+02 7.454097e+02
8.131302e+02 7.224546e+02
7.628781e+02 6.805133e+02
7.181119e+02 6.440449e+02
6.869226e+02 6.018763e+02
6.620298e+02 5.330102e+02
6.017497e+02 5.121195e+02
3.295532e+02 2.727132e+02
1.549933e+02 1.388171e+02
9.728884e+01 9.277193e+01
8.076459e+01 7.909359e+01
7.554033e+01 7.517640e+01
7.420143e+01 7.406935e+01
7.378822e+01 7.375534e+01
7.368066e+01 7.367162e+01
7.364552e+01 7.364301e+01
7.363255e+01 7.363120e+01
7.362814e+01 7.362794e+01
7.362717e+01 7.362712e+01
7.362695e+01 7.362694e+01
7.362692e+01 7.362692e+01
7.362691e+01 7.362691e+01
7.362691e+01 7.362691e+01
7.362691e+01 7.362691e+01
7.362691e+01 7.362691e+01
7.362691e+01 7.362691e+01
7.362691e+01 7.362691e+01
7.362691e+01 7.362691e+01
7.362691e+01 7.362691e+01
7.362691e+01 7.362691e+01
2.332393e+02 7.362691e+01
7.362715e+01 7.362691e+01
8.687934e+01 7.362691e+01
7.362691e+01 7.362691e+01
7.362691e+01 7.362691e+01
7.362691e+01 7.362691e+01
7.362691e+01 7.362691e+01
7.362691e+01 7.362691e+01
3.158676e+03 2.357340e+03
2.513500e+03 1.932148e+03
2.351118e+03 1.813862e+03
2.246526e+03 1.648003e+03
2.164760e+03 1.550771e+03
2.093112e+03 1.462167e+03
2.015453e+03 1.462167e+03
1.956785e+03 1.437677e+03
1.892076e+03 1.368173e+03
1.860682e+03 1.309670e+03
1.786437e+03 1.214755e+03
1.727673e+03 1.173013e+03
1.712594e+03 1.158553e+03
1.703680e+03 1.158553e+03
1.640243e+03 1.158553e+03
1.602668e+03 1.131344e+03
1.573514e+03 1.131344e+03
1.525286e+03 1.126766e+03
1.504897e+03 1.115302e+03
1.493846e+03 1.115302e+03
1.456877e+03 1.109743e+03
1.478989e+03 1.109743e+03
1.428804e+03 1.087924e+03
1.418880e+03 1.076173e+03
1.406099e+03 1.076173e+03
1.387188e+03 1.076173e+03
1.353071e+03 1.066852e+03
1.359977e+03 1.066852e+03
1.334971e+03 1.066852e+03
1.309049e+03 1.062345e+03
1.308019e+03 1.041376e+03
1.278166e+03 1.041376e+03
1.265673e+03 9.863500e+02
1.278554e+03 9.863500e+02
1.260854e+03 9.863500e+02
1.234459e+03 9.863500e+02
1.215282e+03 9.863500e+02
1.192001e+03 9.863500e+02
1.174262e+03 9.863500e+02
1.155945e+03 9.863500e+02
1.152226e+03 9.863500e+02
1.145962e+03 9.847341e+02
1.128832e+03 9.665732e+02
1.123291e+03 9.634192e+02
1.126264e+03 9.480717e+02
1.113355e+03 9.407395e+02
1.103983e+03 9.181585e+02
1.095911e+03 9.181585e+02
1.082518e+03 9.181585e+02
1.068307e+03 9.121862e+02
1.072325e+03 9.121862e+02
1.082148e+03 8.342084e+02
1.042131e+03 8.342084e+02
1.063447e+03 8.342084e+02
1.052411e+03 8.342084e+02
1.040235e+03 8.342084e+02
1.026340e+03 8.342084e+02
1.013150e+03 8.185497e+02
9.888311e+02 8.185497e+02
9.618412e+02 8.185497e+02
9.202044e+02 8.121336e+02
8.575697e+02 7.324033e+02
7.869611e+02 6.917535e+02
7.288771e+02 6.482020e+02
5.612436e+02 4.764864e+02
3.171266e+02 2.779364e+02
1.887309e+02 1.675815e+02
1.237424e+02 1.151743e+02
9.323395e+01 8.988690e+01
8.394783e+01 8.287534e+01
8.090456e+01 8.062261e+01
7.996879e+01 7.988247e+01
7.972152e+01 7.969872e+01
7.963627e+01 7.962720e+01
7.961037e+01 7.960754e+01
7.960129e+01 7.960050e+01
7.959812e+01 7.959780e+01
7.959715e+01 7.959708e+01
7.959683e+01 7.959681e+01
7.959673e+01 7.959672e+01
7.959670e+01 7.959670e+01
7.959669e+01 7.959669e+01
7.959669e+01 7.959669e+01
7.959669e+01 7.959669e+01
7.959669e+01 7.959669e+01
7.959669e+01 7.959669e+01
7.959669e+01 7.959669e+01
7.959669e+01 7.959669e+01
7.959669e+01 7.959669e+01
7.959669e+01 7.959669e+01
7.959669e+01 7.959669e+01
1.494508e+02 7.959669e+01
7.959669e+01 7.959669e+01
8.188992e+01 7.959669e+01
7.959669e+01 7.959669e+01
7.959669e+01 7.959669e+01
7.959669e+01 7.959669e+01
7.959669e+01 7.959669e+01
7.959669e+01 7.959669e+01
7.959669e+01 7.959669e+01
7.959669e+01 7.959669e+01
3.153292e+03 2.256125e+03
2.427055e+03 1.875942e+03
2.217182e+03 1.687963e+03
2.085500e+03 1.536665e+03
1.975303e+03 1.536665e+03
1.907147e+03 1.410358e+03
1.884382e+03 1.410358e+03
1.834804e+03 1.345150e+03
1.831962e+03 1.345150e+03
1.812440e+03 1.290563e+03
1.744927e+03 1.290563e+03
1.720778e+03 1.258300e+03
1.669558e+03 1.258300e+03
1.661474e+03 1.258300e+03
1.623121e+03 1.235448e+03
1.603335e+03 1.189645e+03
1.576034e+03 1.120204e+03
1.542928e+03 1.120204e+03
1.553439e+03 1.120204e+03
1.531357e+03 1.120204e+03
1.491509e+03 1.120204e+03
1.481799e+03 1.120204e+03
1.470439e+03 1.120204e+03
1.430662e+03 1.113981e+03
1.413439e+03 1.113981e+03
1.381202e+03 1.113981e+03
1.374103e+03 1.086413e+03
1.346211e+03 1.086413e+03
1.345077e+03 1.057029e+03
1.325185e+03 1.057029e+03
1.288454e+03 1.057029e+03
1.275446e+03 1.057029e+03
1.258697e+03 1.003540e+03
1.213974e+03 9.345648e+02
1.201304e+03 9.345648e+02
1.214358e+03 9.345648e+02
1.185386e+03 9.345648e+02
1.158114e+03 9.345648e+02
1.154327e+03 9.345648e+02
1.142724e+03 9.345648e+02
1.146399e+03 9.345648e+02
1.138946e+03 9.345648e+02
1.134745e+03 9.212205e+02
1.133029e+03 9.212205e+02
1.116491e+03 9.212205e+02
1.086195e+03 9.212205e+02
1.071305e+03 9.212205e+02
1.072118e+03 9.162010e+02
1.050576e+03 9.103994e+02
1.043894e+03 9.103994e+02
1.060788e+03 8.709790e+02
1.034227e+03 8.671574e+02
1.027644e+03 8.417450e+02
1.033762e+03 8.417450e+02
1.031346e+03 8.417450e+02
1.034014e+03 8.417450e+02
1.029189e+03 8.417450e+02
1.033042e+03 8.417450e+02
1.008561e+03 8.401899e+02
1.019753e+03 8.103503e+02
1.006800e+03 8.103503e+02
9.960933e+02 8.103503e+02
9.740554e+02 8.103503e+02
9.361628e+02 7.379980e+02
8.877628e+02 7.379980e+02
8.340808e+02 6.939890e+02
7.775558e+02 6.727867e+02
7.068055e+02 6.159717e+02
6.268965e+02 5.468885e+02
4.050431e+02 3.552455e+02
2.150663e+02 1.825405e+02
1.391111e+02 1.295545e+02
1.087101e+02 1.064766e+02
9.808131e+01 9.702060e+01
9.441878e+01 9.403896e+01
9.305962e+01 9.295217e+01
9.269373e+01 9.266572e+01
9.257409e+01 9.256540e+01
9.254100e+01 9.253871e+01
9.253389e+01 9.253336e+01
9.253182e+01 9.253169e+01
9.253131e+01 9.253128e+01
9.253117e+01 9.253116e+01
9.253115e+01 9.253114e+01
9.253114e+01 9.253114e+01
9.253114e+01 9.253114e+01
9.253114e+01 9.253114e+01
9.253114e+01 9.253114e+01
9.253114e+01 9.253114e+01
9.253114e+01 9.253114e+01
9.253114e+01 9.253114e+01
9.253114e+01 9.253114e+01
9.253114e+01 9.253114e+01
9.253114e+01 9.253114e+01
1.104852e+02 9.253114e+01
9.253114e+01 9.253114e+01
9.253114e+01 9.253114e+01
1.253085e+02 9.253114e+01
9.253114e+01 9.253114e+01
9.253114e+01 9.253114e+01
9.253114e+01 9.253114e+01
3.153322e+03 2.364775e+03
2.530403e+03 1.952527e+03
2.374053e+03 1.883709e+03
2.270459e+03 1.792385e+03
2.193654e+03 1.666154e+03
2.153338e+03 1.581270e+03
2.072152e+03 1.539679e+03
2.054248e+03 1.486703e+03
1.964313e+03 1.438345e+03
1.897135e+03 1.394909e+03
1.855882e+03 1.347438e+03
1.796513e+03 1.327444e+03
1.753024e+03 1.313981e+03
1.693578e+03 1.298399e+03
1.683919e+03 1.275073e+03
1.643030e+03 1.274252e+03
1.626988e+03 1.252510e+03
1.584706e+03 1.204901e+03
1.546816e+03 1.177150e+03
1.509300e+03 1.170792e+03
1.505351e+03 1.167150e+03
1.492536e+03 1.163929e+03
1.455056e+03 1.149441e+03
1.430147e+03 1.149441e+03
1.401606e+03 1.078409e+03
1.393157e+03 1.078409e+03
1.367172e+03 1.056070e+03
1.348472e+03 1.056070e+03
1.333591e+03 1.056070e+03
1.308622e+03 1.056070e+03
1.291775e+03 1.048988e+03
1.303824e+03 1.048988e+03
1.288266e+03 1.011816e+03
1.249566e+03 9.816584e+02
1.241679e+03 9.704297e+02
1.210725e+03 9.704297e+02
1.197169e+03 9.271195e+02
1.167146e+03 9.271195e+02
1.160759e+03 9.271195e+02
1.157135e+03 9.271195e+02
1.178276e+03 9.271195e+02
1.151318e+03 9.271195e+02
1.154215e+03 9.271195e+02
1.142609e+03 9.271195e+02
1.119261e+03 9.271195e+02
1.113202e+03 9.271195e+02
1.145350e+03 9.058653e+02
1.124990e+03 8.938495e+02
1.104423e+03 8.938495e+02
1.084746e+03 8.653565e+02
1.075662e+03 8.653565e+02
1.053054e+03 8.653565e+02
1.041106e+03 8.653565e+02
1.017131e+03 8.653565e+02
9.848485e+02 8.511592e+02
9.453550e+02 8.138329e+02
9.116957e+02 7.613983e+02
8.554724e+02 7.229806e+02
8.007698e+02 6.844460e+02
7.618250e+02 6.630970e+02
7.209522e+02 6.085313e+02
6.568718e+02 5.415757e+02
4.443248e+02 3.800081e+02
2.385924e+02 2.005183e+02
1.459444e+02 1.351371e+02
1.114635e+02 1.058180e+02
9.716023e+01 9.539874e+01
9.096366e+01 8.986163e+01
8.812884e+01 8.771793e+01
8.705881e+01 8.693777e+01
8.671109e+01 8.667769e+01
8.660433e+01 8.659423e+01
8.657543e+01 8.657312e+01
8.656600e+01 8.656536e+01
8.656310e+01 8.656283e+01
8.656196e+01 8.656181e+01
8.656152e+01 8.656148e+01
8.656142e+01 8.656141e+01
8.656139e+01 8.656139e+01
8.656138e+01 8.656138e+01
8.656138e+01 8.656138e+01
8.656138e+01 8.656138e+01
8.656138e+01 8.656138e+01
8.656138e+01 8.656138e+01
8.656138e+01 8.656138e+01
8.656138e+01 8.656138e+01
8.656138e+01 8.656138e+01
8.656138e+01 8.656138e+01
8.656138e+01 8.656138e+01
1.799422e+02 8.656138e+01
8.700684e+01 8.656138e+01
8.656138e+01 8.656138e+01
8.656138e+01 8.656138e+01
8.656138e+01 8.656138e+01
8.656138e+01 8.656138e+01
8.656138e+01 8.656138e+01
8.656138e+01 8.656138e+01
8.656138e+01 8.656138e+01
8.656138e+01 8.656138e+01
8.656138e+01 8.656138e+01
8.656138e+01 8.656138e+01
3.160027e+03 2.259806e+03
2.449305e+03 1.808410e+03
2.299739e+03 1.808410e+03
2.173359e+03 1.655297e+03
2.106641e+03 1.507633e+03
2.038863e+03 1.507633e+03
2.005985e+03 1.507633e+03
1.972748e+03 1.507633e+03
1.913687e+03 1.418304e+03
1.878795e+03 1.418304e+03
1.813841e+03 1.372138e+03
1.767991e+03 1.233488e+03
1.731243e+03 1.233488e+03
1.692181e+03 1.233488e+03
1.666310e+03 1.233488e+03
1.632536e+03 1.213227e+03
1.616934e+03 1.213227e+03
1.554021e+03 1.151267e+03
1.547722e+03 1.151267e+03
1.512756e+03 1.151267e+03
1.498563e+03 1.140350e+03
1.497019e+03 1.140350e+03
1.445599e+03 1.124040e+03
1.417604e+03 1.124040e+03
1.436342e+03 1.109668e+03
1.415219e+03 1.072874e+03
1.384461e+03 1.072874e+03
1.353173e+03 1.072874e+03
1.331030e+03 1.061775e+03
1.307226e+03 1.037940e+03
1.295833e+03 1.037940e+03
1.274630e+03 1.035404e+03
1.298094e+03 1.035404e+03
1.255772e+03 1.003031e+03
1.249926e+03 1.003031e+03
1.253160e+03 9.966908e+02
1.253717e+03 9.966908e+02
1.218220e+03 9.966908e+02
1.196362e+03 9.966908e+02
1.168542e+03 8.953452e+02
1.162895e+03 8.953452e+02
1.124978e+03 8.953452e+02
1.107102e+03 8.953452e+02
1.097003e+03 8.953452e+02
1.083119e+03 8.953452e+02
1.089313e+03 8.953452e+02
1.067724e+03 8.953452e+02
1.081688e+03 8.953452e+02
1.054735e+03 8.953452e+02
1.048084e+03 8.593414e+02
1.041374e+03 8.465740e+02
1.022465e+03 8.465740e+02
1.018938e+03 8.465740e+02
1.026649e+03 8.355236e+02
1.021675e+03 8.355236e+02
1.024346e+03 8.355236e+02
1.012659e+03 8.111704e+02
1.003125e+03 8.111704e+02
9.837841e+02 8.111704e+02
9.629403e+02 8.111704e+02
9.597736e+02 8.111704e+02
9.486900e+02 8.111704e+02
9.147092e+02 7.790255e+02
8.615061e+02 7.617660e+02
8.143772e+02 7.079318e+02
7.807629e+02 7.079318e+02
7.463001e+02 6.560640e+02
7.156918e+02 6.327212e+02
6.516412e+02 5.525124e+02
5.545697e+02 4.740907e+02
3.957131e+02 3.450559e+02
1.984316e+02 1.798919e+02
1.310623e+02 1.239089e+02
1.043585e+02 1.022430e+02
9.685998e+01 9.627839e+01
9.447383e+01 9.428287e+01
9.376308e+01 9.372171e+01
9.358619e+01 9.357336e+01
9.354274e+01 9.353991e+01
9.353067e+01 9.352963e+01
9.352716e+01 9.352698e+01
9.352633e+01 9.352629e+01
9.352613e+01 9.352613e+01
9.352610e+01 9.352610e+01
9.352610e+01 9.352610e+01
9.352610e+01 9.352610e+01
9.352610e+01 9.352610e+01
9.352610e+01 9.352610e+01
9.352610e+01 9.352610e+01
9.352610e+01 9.352610e+01
9.352610e+01 9.352610e+01
9.352610e+01 9.352610e+01
9.352610e+01 9.352610e+01
1.001375e+02 9.352610e+01
9.352610e+01 9.352610e+01
9.352610e+01 9.352610e+01
9.352610e+01 9.352610e+01
9.352610e+01 9.352610e+01
9.352610e+01 9.352610e+01
9.352610e+01 9.352610e+01
9.352610e+01 9.352610e+01
3.157727e+03 2.316710e+03
2.498628e+03 1.890381e+03
2.336847e+03 1.846661e+03
2.249988e+03 1.668165e+03
2.180742e+03 1.623399e+03
2.101044e+03 1.571992e+03
2.051395e+03 1.571992e+03
2.001062e+03 1.514402e+03
1.944067e+03 1.462566e+03
1.880854e+03 1.349503e+03
1.872326e+03 1.349503e+03
1.837221e+03 1.290924e+03
1.772963e+03 1.290924e+03
1.715700e+03 1.290924e+03
1.695314e+03 1.261044e+03
1.678369e+03 1.261044e+03
1.635106e+03 1.261044e+03
1.633656e+03 1.242821e+03
1.579735e+03 1.155105e+03
1.541770e+03 1.133935e+03
1.509323e+03 1.105406e+03
1.461585e+03 1.076404e+03
1.436246e+03 1.076404e+03
1.418293e+03 1.076404e+03
1.385674e+03 1.076404e+03
1.358394e+03 1.000203e+03
1.329057e+03 9.897741e+02
1.362719e+03 9.897741e+02
1.309839e+03 9.736789e+02
1.299295e+03 9.666658e+02
1.281056e+03 9.666658e+02
1.275169e+03 9.666658e+02
1.255142e+03 9.646324e+02
1.267814e+03 9.646324e+02
1.226006e+03 9.605640e+02
1.238396e+03 9.590138e+02
1.216648e+03 9.590138e+02
1.212358e+03 9.402018e+02
1.211131e+03 9.402018e+02
1.156377e+03 9.402018e+02
1.134881e+03 9.286381e+02
1.125945e+03 9.286381e+02
1.130238e+03 9.286381e+02
1.134160e+03 9.286381e+02
1.118423e+03 9.286381e+02
1.113640e+03 9.286381e+02
1.089022e+03 9.286381e+02
1.079537e+03 9.075789e+02
1.076347e+03 9.075789e+02
1.075753e+03 9.075789e+02
1.056036e+03 9.075789e+02
1.044356e+03 8.965576e+02
1.044419e+03 8.500400e+02
1.036679e+03 8.500400e+02
1.015501e+03 8.448073e+02
1.008687e+03 8.448073e+02
1.002282e+03 8.448073e+02
9.851373e+02 8.211565e+02
9.570154e+02 8.101675e+02
9.106039e+02 8.089564e+02
8.718935e+02 7.746716e+02
8.282154e+02 7.383399e+02
7.893065e+02 6.685703e+02
7.317368e+02 5.912266e+02
5.168801e+02 4.209481e+02
3.048387e+02 2.688628e+02
1.952126e+02 1.802867e+02
1.566771e+02 1.523497e+02
1.435948e+02 1.420534e+02
1.391188e+02 1.384679e+02
1.372949e+02 1.370008e+02
1.365538e+02 1.364907e+02
1.363771e+02 1.363642e+02
1.363301e+02 1.363264e+02
1.363170e+02 1.363158e+02
1.363118e+02 1.363112e+02
1.363098e+02 1.363097e+02
1.363094e+02 1.363094e+02
1.363093e+02 1.363093e+02
1.363093e+02 1.363093e+02
1.363093e+02 1.363093e+02
1.363093e+02 1.363093e+02
1.363093e+02 1.363093e+02
1.363093e+02 1.363093e+02
1.363093e+02 1.363093e+02
1.363093e+02 1.363093e+02
1.363093e+02 1.363093e+02
1.363093e+02 1.363093e+02
1.363093e+02 1.363093e+02
4.193339e+02 1.363093e+02
1.363093e+02 1.363093e+02
1.363093e+02 1.363093e+02
1.363093e+02 1.363093e+02
1.363093e+02 1.363093e+02
1.363093e+02 1.363093e+02
1.363119e+02 1.363093e+02
5.222527e+02 1.363093e+02
1.363093e+02 1.363093e+02
1.363093e+02 1.363093e+02
1.363093e+02 1.363093e+02
1.363093e+02 1.363093e+02
3.156179e+03 2.366281e+03
2.515636e+03 1.995563e+03
2.360521e+03 1.865744e+03
2.280169e+03 1.766816e+03
2.201339e+03 1.614318e+03
2.111681e+03 1.573958e+03
2.052591e+03 1.573300e+03
1.993932e+03 1.518399e+03
1.940713e+03 1.434102e+03
1.912209e+03 1.247655e+03
1.841241e+03 1.217528e+03
1.806003e+03 1.164316e+03
1.754714e+03 1.164316e+03
1.707464e+03 1.164316e+03
1.666825e+03 1.164316e+03
1.634593e+03 1.122326e+03
1.619796e+03 1.119459e+03
1.551085e+03 1.119459e+03
1.535152e+03 1.119459e+03
1.507712e+03 1.047686e+03
1.488138e+03 1.047686e+03
1.450329e+03 1.047686e+03
1.415926e+03 1.047686e+03
1.419319e+03 1.047686e+03
1.388588e+03 1.047686e+03
1.369893e+03 1.047686e+03
1.368164e+03 1.047686e+03
1.333565e+03 1.047686e+03
1.354785e+03 1.039963e+03
1.281854e+03 1.039963e+03
1.269174e+03 9.970916e+02
1.257293e+03 9.970916e+02
1.271811e+03 9.970916e+02
1.252623e+03 9.571229e+02
1.235801e+03 9.571229e+02
1.227587e+03 9.571229e+02
1.218801e+03 9.571229e+02
1.191342e+03 9.571229e+02
1.198146e+03 9.571229e+02
1.189232e+03 9.571229e+02
1.186375e+03 9.512385e+02
1.172407e+03 9.512385e+02
1.172182e+03 9.512385e+02
1.152511e+03 9.512385e+02
1.150323e+03 9.512385e+02
1.110965e+03 9.159250e+02
1.097044e+03 8.969230e+02
1.066575e+03 8.946980e+02
1.039318e+03 8.693202e+02
1.015514e+03 8.661937e+02
1.004692e+03 8.661937e+02
9.998621e+02 8.661937e+02
1.004216e+03 8.573885e+02
1.011479e+03 8.573885e+02
9.990721e+02 8.573885e+02
9.953327e+02 8.573885e+02
9.872152e+02 8.276939e+02
9.889611e+02 8.276939e+02
9.891538e+02 7.852632e+02
9.783959e+02 7.852632e+02
9.751521e+02 7.852632e+02
9.675010e+02 7.852632e+02
9.531114e+02 7.852632e+02
9.392651e+02 7.852632e+02
8.959300e+02 7.826261e+02
8.409273e+02 7.235856e+02
8.038898e+02 6.695606e+02
7.660150e+02 5.927834e+02
7.298279e+02 5.927834e+02
6.941939e+02 5.868360e+02
6.336373e+02 5.530072e+02
4.336324e+02 3.636667e+02
2.296995e+02 2.016177e+02
1.312227e+02 1.243553e+02
1.035293e+02 1.010137e+02
9.257219e+01 9.169929e+01
8.856644e+01 8.811755e+01
8.712720e+01 8.704264e+01
8.671976e+01 8.668850e+01
8.659731e+01 8.659037e+01
8.656955e+01 8.656768e+01
8.656321e+01 8.656279e+01
8.656169e+01 8.656163e+01
8.656145e+01 8.656144e+01
8.656141e+01 8.656141e+01
8.656140e+01 8.656140e+01
8.656140e+01 8.656140e+01
8.656140e+01 8.656140e+01
8.656140e+01 8.656140e+01
8.656140e+01 8.656140e+01
8.656140e+01 8.656140e+01
8.656140e+01 8.656140e+01
8.656140e+01 8.656140e+01
8.841114e+01 8.656140e+01
8.656141e+01 8.656140e+01
8.656140e+01 8.656140e+01
1.149760e+02 8.656140e+01
8.656140e+01 8.656140e+01
8.656140e+01 8.656140e+01
8.656140e+01 8.656140e+01
8.656140e+01 8.656140e+01
3.158545e+03 2.306141e+03
2.513935e+03 1.962745e+03
2.336701e+03 1.650644e+03
2.229607e+03 1.650644e+03
2.177927e+03 1.650644e+03
2.141993e+03 1.650644e+03
2.077766e+03 1.498059e+03
2.043703e+03 1.498059e+03
1.982440e+03 1.439220e+03
1.905688e+03 1.386360e+03
1.831845e+03 1.334956e+03
1.806751e+03 1.310965e+03
1.742545e+03 1.288759e+03
1.736229e+03 1.288759e+03
1.701693e+03 1.278391e+03
1.685182e+03 1.233485e+03
1.635625e+03 1.233485e+03
1.610527e+03 1.233485e+03
1.612199e+03 1.233485e+03
1.547609e+03 1.233485e+03
1.515432e+03 1.201355e+03
1.518197e+03 1.188153e+03
1.463362e+03 1.168337e+03
1.454203e+03 1.146902e+03
1.428388e+03 1.143117e+03
1.392861e+03 1.094393e+03
1.373665e+03 1.094393e+03
1.372806e+03 1.094393e+03
1.352655e+03 1.094393e+03
1.332215e+03 1.042186e+03
1.318440e+03 1.042186e+03
1.299067e+03 1.042186e+03
1.294460e+03 1.037928e+03
1.268268e+03 1.037928e+03
1.231249e+03 1.037928e+03
1.210770e+03 9.938915e+02
1.180688e+03 9.702190e+02
1.149005e+03 9.500707e+02
1.142555e+03 9.500707e+02
1.149578e+03 9.500707e+02
1.131574e+03 9.449878e+02
1.150879e+03 9.449878e+02
1.141427e+03 9.009138e+02
1.096249e+03 9.009138e+02
1.092125e+03 9.009138e+02
1.110400e+03 9.009138e+02
1.088510e+03 9.009138e+02
1.084045e+03 9.009138e+02
1.092781e+03 9.009138e+02
1.078625e+03 9.009138e+02
1.105285e+03 9.009138e+02
1.082203e+03 9.009138e+02
1.068145e+03 9.009138e+02
1.059604e+03 9.009138e+02
1.034219e+03 8.688285e+02
1.004534e+03 8.688285e+02
9.731149e+02 8.047371e+02
9.456160e+02 7.754242e+02
9.047694e+02 7.739045e+02
8.517439e+02 7.199397e+02
8.033024e+02 6.997908e+02
7.766257e+02 6.794721e+02
7.460284e+02 6.669606e+02
7.225042e+02 6.284517e+02
6.820162e+02 5.644471e+02
5.759569e+02 4.822282e+02
3.441481e+02 2.995143e+02
1.994004e+02 1.837575e+02
1.440435e+02 1.373545e+02
1.211267e+02 1.185321e+02
1.123567e+02 1.114844e+02
1.088895e+02 1.085694e+02
1.078179e+02 1.077401e+02
1.075608e+02 1.075421e+02
1.074881e+02 1.074811e+02
1.074651e+02 1.074629e+02
1.074582e+02 1.074576e+02
1.074562e+02 1.074561e+02
1.074557e+02 1.074557e+02
1.074555e+02 1.074555e+02
1.074555e+02 1.074555e+02
1.074555e+02 1.074555e+02
1.074555e+02 1.074555e+02
1.074555e+02 1.074555e+02
1.074555e+02 1.074555e+02
1.074555e+02 1.074555e+02
1.074555e+02 1.074555e+02
1.074555e+02 1.074555e+02
1.074555e+02 1.074555e+02
1.074555e+02 1.074555e+02
1.074555e+02 1.074555e+02
1.074555e+02 1.074555e+02
1.074555e+02 1.074555e+02
1.074555e+02 1.074555e+02
1.084794e+02 1.074555e+02
1.074555e+02 1.074555e+02
1.074555e+02 1.074555e+02
1.074555e+02 1.074555e+02
1.074555e+02 1.074555e+02
1.074555e+02 1.074555e+02
1.074555e+02 1.074555e+02
3.155742e+03 2.281198e+03
2.462120e+03 1.765755e+03
2.272032e+03 1.627555e+03
2.177191e+03 1.627555e+03
2.092464e+03 1.627070e+03
2.046612e+03 1.535234e+03
1.982379e+03 1.535234e+03
1.926053e+03 1.405145e+03
1.910804e+03 1.405145e+03
1.834047e+03 1.348863e+03
1.783993e+03 1.348820e+03
1.772719e+03 1.317123e+03
1.722773e+03 1.263652e+03
1.712022e+03 1.229277e+03
1.665186e+03 1.229277e+03
1.617788e+03 1.229277e+03
1.590592e+03 1.229277e+03
1.580468e+03 1.212277e+03
1.559402e+03 1.171060e+03
1.505514e+03 1.070579e+03
1.478863e+03 1.070579e+03
1.484624e+03 1.061242e+03
1.437521e+03 1.056941e+03
1.433251e+03 1.056941e+03
1.409641e+03 1.056941e+03
1.371172e+03 1.056941e+03
1.372352e+03 1.056941e+03
1.343905e+03 1.056941e+03
1.319118e+03 1.056941e+03
1.321437e+03 1.056416e+03
1.292067e+03 1.056416e+03
1.298996e+03 1.056416e+03
1.282817e+03 1.049179e+03
1.266507e+03 9.873802e+02
1.260300e+03 9.873802e+02
1.241789e+03 9.873802e+02
1.246739e+03 9.873802e+02
1.210279e+03 9.644309e+02
1.217235e+03 9.644309e+02
1.174131e+03 9.431660e+02
1.154338e+03 9.431660e+02
1.131044e+03 9.203331e+02
1.128303e+03 9.203331e+02
1.112391e+03 9.203331e+02
1.109925e+03 9.203331e+02
1.118588e+03 9.203331e+02
1.115939e+03 9.203331e+02
1.099546e+03 9.203331e+02
1.123186e+03 9.152924e+02
1.075312e+03 9.152924e+02
1.065111e+03 9.007565e+02
1.036549e+03 9.007565e+02
1.015454e+03 8.958790e+02
9.902002e+02 8.375060e+02
9.766270e+02 8.345068e+02
9.821227e+02 8.345068e+02
9.661198e+02 8.135984e+02
9.978834e+02 8.135984e+02
9.707600e+02 8.135984e+02
9.899288e+02 8.135984e+02
9.659095e+02 8.135984e+02
9.569923e+02 7.931908e+02
9.446235e+02 7.931908e+02
9.328357e+02 7.731880e+02
9.263662e+02 7.696451e+02
9.424855e+02 7.696451e+02
9.274781e+02 7.691985e+02
9.005533e+02 7.637458e+02
8.599171e+02 6.929851e+02
7.792405e+02 6.700540e+02
6.600102e+02 5.515722e+02
3.515819e+02 3.165154e+02
1.956086e+02 1.693335e+02
1.095734e+02 9.767229e+01
8.125096e+01 7.918990e+01
7.391787e+01 7.329250e+01
7.157107e+01 7.136603e+01
7.085472e+01 7.081680e+01
7.071002e+01 7.069925e+01
7.065993e+01 7.065687e+01
7.064760e+01 7.064688e+01
7.064361e+01 7.064333e+01
7.064243e+01 7.064235e+01
7.064215e+01 7.064213e+01
7.064209e+01 7.064209e+01
7.064208e+01 7.064208e+01
7.064207e+01 7.064207e+01
7.064207e+01 7.064207e+01
7.064207e+01 7.064207e+01
7.064207e+01 7.064207e+01
7.064207e+01 7.064207e+01
7.064207e+01 7.064207e+01
7.064207e+01 7.064207e+01
7.064207e+01 7.064207e+01
1.987001e+02 7.064207e+01
7.064207e+01 7.064207e+01
7.064207e+01 7.064207e+01
7.064207e+01 7.064207e+01
7.064207e+01 7.064207e+01
7.064207e+01 7.064207e+01
7.064207e+01 7.064207e+01
3.155420e+03 2.404023e+03
2.494816e+03 2.036206e+03
2.315411e+03 1.871882e+03
2.239525e+03 1.662252e+03
2.158066e+03 1.644024e+03
2.116299e+03 1.601326e+03
2.015088e+03 1.565480e+03
1.965746e+03 1.434897e+03
1.913379e+03 1.379291e+03
1.916290e+03 1.377470e+03
1.826788e+03 1.244001e+03
1.803628e+03 1.244001e+03
1.769858e+03 1.244001e+03
1.734037e+03 1.244001e+03
1.678072e+03 1.241509e+03
1.636576e+03 1.241509e+03
1.629300e+03 1.232354e+03
1.588768e+03 1.232354e+03
1.564992e+03 1.232354e+03
1.539282e+03 1.214267e+03
1.513161e+03 1.140499e+03
1.461741e+03 1.118529e+03
1.444905e+03 1.118529e+03
1.428746e+03 1.118529e+03
1.418704e+03 1.088384e+03
1.424568e+03 1.086010e+03
1.377414e+03 1.077678e+03
1.350868e+03 1.042855e+03
1.331948e+03 1.042855e+03
1.357572e+03 1.042716e+03
1.308621e+03 1.042716e+03
1.300437e+03 1.042716e+03
1.273670e+03 1.042716e+03
1.266424e+03 1.042716e+03
1.245160e+03 1.024496e+03
1.222749e+03 1.024496e+03
1.201785e+03 9.911520e+02
1.228886e+03 9.825831e+02
1.178386e+03 9.825831e+02
1.172985e+03 9.825831e+02
1.182202e+03 9.825831e+02
1.143256e+03 9.825831e+02
1.139263e+03 9.758840e+02
1.125150e+03 9.655800e+02
1.117913e+03 9.525264e+02
1.102759e+03 9.373350e+02
1.098279e+03 9.320639e+02
1.092253e+03 9.138623e+02
1.081049e+03 9.138623e+02
1.069656e+03 9.138623e+02
1.064568e+03 8.940464e+02
1.064886e+03 8.940464e+02
1.038768e+03 8.913414e+02
1.057896e+03 8.673972e+02
1.035364e+03 8.673972e+02
1.034099e+03 8.673972e+02
1.017193e+03 8.673972e+02
1.007753e+03 8.294130e+02
9.828723e+02 8.294130e+02
9.470615e+02 7.719340e+02
8.893499e+02 7.449307e+02
8.242425e+02 7.207934e+02
7.809408e+02 6.505060e+02
7.433083e+02 6.156207e+02
6.006571e+02 4.918719e+02
3.368550e+02 2.960537e+02
2.153339e+02 1.936389e+02
1.505362e+02 1.426710e+02
1.234243e+02 1.195275e+02
1.149885e+02 1.142275e+02
1.124764e+02 1.121737e+02
1.117942e+02 1.117117e+02
1.115523e+02 1.115288e+02
1.114693e+02 1.114614e+02
1.114457e+02 1.114437e+02
1.114384e+02 1.114379e+02
1.114364e+02 1.114361e+02
1.114356e+02 1.114355e+02
1.114354e+02 1.114353e+02
1.114353e+02 1.114353e+02
1.114353e+02 1.114353e+02
1.114353e+02 1.114353e+02
1.114353e+02 1.114353e+02
1.114353e+02 1.114353e+02
1.114353e+02 1.114353e+02
1.114353e+02 1.114353e+02
1.114353e+02 1.114353e+02
1.114353e+02 1.114353e+02
1.114353e+02 1.114353e+02
1.114353e+02 1.114353e+02
1.114353e+02 1.114353e+02
1.133959e+02 1.114353e+02
1.114353e+02 1.114353e+02
1.147545e+02 1.114353e+02
1.114353e+02 1.114353e+02
3.858382e+02 1.114353e+02
1.742084e+02 1.114353e+02
1.114353e+02 1.114353e+02
1.114353e+02 1.114353e+02
1.114353e+02 1.114353e+02
1.114353e+02 1.114353e+02
3.147255e+03 2.377415e+03
2.488149e+03 1.899541e+03
2.287594e+03 1.776546e+03
2.190270e+03 1.576923e+03
2.110435e+03 1.576923e+03
2.001040e+03 1.453439e+03
1.989441e+03 1.453439e+03
1.917583e+03 1.400635e+03
1.865336e+03 1.349146e+03
1.819782e+03 1.349146e+03
1.757711e+03 1.329491e+03
1.727725e+03 1.329491e+03
1.712269e+03 1.220589e+03
1.687836e+03 1.220589e+03
1.608929e+03 1.220589e+03
1.616528e+03 1.220589e+03
1.593637e+03 1.111804e+03
1.585683e+03 1.093822e+03
1.553842e+03 1.080948e+03
1.514579e+03 1.080948e+03
1.490944e+03 1.080948e+03
1.484669e+03 1.040535e+03
1.427358e+03 1.040535e+03
1.408064e+03 1.040535e+03
1.399426e+03 1.040535e+03
1.372425e+03 1.040535e+03
1.350112e+03 1.040535e+03
1.329316e+03 1.040535e+03
1.313323e+03 1.036412e+03
1.304477e+03 1.036412e+03
1.291675e+03 1.036412e+03
1.264485e+03 1.030246e+03
1.251450e+03 1.030246e+03
1.225178e+03 1.030246e+03
1.218019e+03 9.861470e+02
1.202189e+03 9.861470e+02
1.201650e+03 9.268275e+02
1.195844e+03 9.268275e+02
1.182516e+03 9.268275e+02
1.200307e+03 9.268275e+02
1.170390e+03 9.268275e+02
1.157810e+03 9.268275e+02
1.168433e+03 9.268275e+02
1.139850e+03 9.268275e+02
1.126733e+03 9.268275e+02
1.122666e+03 9.268275e+02
1.119847e+03 9.268275e+02
1.097192e+03 9.268275e+02
1.088378e+03 9.196968e+02
1.064147e+03 9.196968e+02
1.070420e+03 9.196968e+02
1.064351e+03 8.610309e+02
1.053293e+03 7.682571e+02
1.053030e+03 7.682571e+02
1.042956e+03 7.682571e+02
1.030091e+03 7.682571e+02
1.010786e+03 7.682571e+02
1.003123e+03 7.682571e+02
1.013647e+03 7.682571e+02
1.012964e+03 7.682571e+02
9.974219e+02 7.682571e+02
9.829672e+02 7.682571e+02
9.721811e+02 7.569783e+02
9.373481e+02 7.287011e+02
8.853100e+02 7.251510e+02
8.308215e+02 7.173391e+02
7.443923e+02 5.987140e+02
4.327671e+02 3.678062e+02
2.301469e+02 2.084148e+02
1.597795e+02 1.533511e+02
1.359815e+02 1.335205e+02
1.283435e+02 1.275176e+02
1.261520e+02 1.259906e+02
1.256153e+02 1.255629e+02
1.254446e+02 1.254287e+02
1.253893e+02 1.253853e+02
1.253720e+02 1.253709e+02
1.253671e+02 1.253667e+02
1.253654e+02 1.253653e+02
1.253649e+02 1.253649e+02
1.253647e+02 1.253647e+02
1.253647e+02 1.253647e+02
1.253647e+02 1.253647e+02
1.253647e+02 1.253647e+02
1.253647e+02 1.253647e+02
1.253647e+02 1.253647e+02
1.253647e+02 1.253647e+02
1.253647e+02 1.253647e+02
1.253647e+02 1.253647e+02
1.253647e+02 1.253647e+02
1.253647e+02 1.253647e+02
1.253647e+02 1.253647e+02
1.253647e+02 1.253647e+02
1.253647e+02 1.253647e+02
1.835679e+02 1.253647e+02
1.253647e+02 1.253647e+02
1.253647e+02 1.253647e+02
1.253647e+02 1.253647e+02
1.253647e+02 1.253647e+02
1.253647e+02 1.253647e+02
1.253647e+02 1.253647e+02
3.151160e+03 2.225378e+03
2.460576e+03 1.899239e+03
2.274792e+03 1.707411e+03
2.188583e+03 1.438042e+03
2.087365e+03 1.438042e+03
2.007687e+03 1.417364e+03
1.954716e+03 1.417364e+03
1.913330e+03 1.415070e+03
1.881061e+03 1.415070e+03
1.828383e+03 1.382552e+03
1.824951e+03 1.336878e+03
1.762706e+03 1.304859e+03
1.725698e+03 1.304859e+03
1.677832e+03 1.258675e+03
1.662015e+03 1.258675e+03
1.630512e+03 1.225767e+03
1.610900e+03 1.225767e+03
1.581073e+03 1.147587e+03
1.558778e+03 1.147587e+03
1.525624e+03 1.105434e+03
1.492187e+03 1.094499e+03
1.468963e+03 1.094499e+03
1.443593e+03 1.057186e+03
1.437564e+03 1.057186e+03
1.391200e+03 1.055810e+03
1.390001e+03 1.020996e+03
1.378105e+03 1.003261e+03
1.336952e+03 1.002292e+03
1.331735e+03 1.002292e+03
1.300890e+03 1.002292e+03
1.284372e+03 9.921627e+02
1.257407e+03 9.907685e+02
1.250334e+03 9.901064e+02
1.223237e+03 9.850021e+02
1.204968e+03 9.695249e+02
1.212433e+03 9.590256e+02
1.191044e+03 9.448203e+02
1.181014e+03 9.448203e+02
1.184127e+03 9.281960e+02
1.183075e+03 9.281960e+02
1.187936e+03 9.281960e+02
1.161754e+03 9.281960e+02
1.155924e+03 9.281960e+02
1.142249e+03 9.281960e+02
1.147453e+03 9.281960e+02
1.119382e+03 9.281960e+02
1.128940e+03 8.813922e+02
1.106652e+03 8.813922e+02
1.102954e+03 8.813922e+02
1.095350e+03 8.813922e+02
1.097429e+03 8.813922e+02
1.070981e+03 8.813922e+02
1.068451e+03 8.813922e+02
1.056547e+03 8.813922e+02
1.050794e+03 8.813922e+02
1.040044e+03 8.689695e+02
1.032701e+03 8.689695e+02
1.023282e+03 8.689695e+02
1.008395e+03 8.689695e+02
1.017243e+03 8.311279e+02
9.835132e+02 8.311279e+02
1.009039e+03 8.311279e+02
9.656938e+02 8.311279e+02
9.459862e+02 8.311279e+02
9.022131e+02 7.985145e+02
8.467619e+02 7.671261e+02
7.949930e+02 7.068609e+02
7.659137e+02 6.861210e+02
7.146221e+02 6.127466e+02
4.974494e+02 4.385228e+02
3.126804e+02 2.717901e+02
1.850700e+02 1.705496e+02
1.378872e+02 1.337605e+02
1.211938e+02 1.194742e+02
1.161753e+02 1.158409e+02
1.149336e+02 1.148421e+02
1.145844e+02 1.145516e+02
1.144677e+02 1.144595e+02
1.144326e+02 1.144297e+02
1.144229e+02 1.144223e+02
1.144207e+02 1.144206e+02
1.144203e+02 1.144203e+02
1.144202e+02 1.144202e+02
1.144202e+02 1.144202e+02
1.144202e+02 1.144202e+02
1.144202e+02 1.144202e+02
1.144202e+02 1.144202e+02
1.144202e+02 1.144202e+02
1.144202e+02 1.144202e+02
1.144202e+02 1.144202e+02
1.144202e+02 1.144202e+02
1.144202e+02 1.144202e+02
1.144202e+02 1.144202e+02
1.144202e+02 1.144202e+02
1.144202e+02 1.144202e+02
1.144202e+02 1.144202e+02
1.144202e+02 1.144202e+02
1.144202e+02 1.144202e+02
1.144202e+02 1.144202e+02
1.144202e+02 1.144202e+02
1.144202e+02 1.144202e+02
3.158905e+03 2.390626e+03
2.439233e+03 1.902819e+03
2.229969e+03 1.758969e+03
2.084909e+03 1.593832e+03
2.035352e+03 1.490826e+03
1.983719e+03 1.469511e+03
1.931676e+03 1.413508e+03
1.872168e+03 1.353102e+03
1.844301e+03 1.327884e+03
1.819936e+03 1.290607e+03
1.791092e+03 1.290607e+03
1.741794e+03 1.280975e+03
1.715600e+03 1.253094e+03
1.671358e+03 1.233041e+03
1.638122e+03 1.233041e+03
1.621764e+03 1.221555e+03
1.589778e+03 1.209643e+03
1.567347e+03 1.209643e+03
1.550374e+03 1.209643e+03
1.528120e+03 1.176607e+03
1.524885e+03 1.176607e+03
1.507040e+03 1.129088e+03
1.461954e+03 1.129088e+03
1.441626e+03 1.129088e+03
1.427574e+03 1.095192e+03
1.417594e+03 1.095192e+03
1.377920e+03 1.095192e+03
1.364642e+03 1.095192e+03
1.334850e+03 1.095192e+03
1.312113e+03 1.035885e+03
1.310075e+03 1.035505e+03
1.291292e+03 1.035505e+03
1.277265e+03 1.035505e+03
1.266196e+03 1.019164e+03
1.261004e+03 9.909687e+02
1.220180e+03 9.909687e+02
1.218134e+03 9.909687e+02
1.214250e+03 9.909687e+02
1.213067e+03 9.909687e+02
1.193699e+03 9.864433e+02
1.174354e+03 9.842528e+02
1.161411e+03 9.842528e+02
1.147501e+03 9.675635e+02
1.136286e+03 9.122068e+02
1.124943e+03 9.122068e+02
1.126866e+03 9.122068e+02
1.110990e+03 9.078582e+02
1.107110e+03 9.078582e+02
1.101235e+03 9.078582e+02
1.114417e+03 9.078582e+02
1.084561e+03 9.078582e+02
1.074796e+03 9.078582e+02
1.067638e+03 9.078582e+02
1.062964e+03 9.078582e+02
1.094229e+03 9.074174e+02
1.052129e+03 9.074174e+02
1.039267e+03 9.074174e+02
1.048469e+03 8.985182e+02
1.012252e+03 8.324429e+02
9.729078e+02 8.324429e+02
9.331192e+02 8.276444e+02
8.805484e+02 7.653548e+02
8.374221e+02 7.514516e+02
8.014809e+02 7.065511e+02
7.744336e+02 6.633470e+02
7.363031e+02 6.368843e+02
6.845748e+02 6.166212e+02
6.153455e+02 5.141874e+02
4.436194e+02 3.824846e+02
2.575234e+02 2.257600e+02
1.613014e+02 1.498953e+02
1.257241e+02 1.220659e+02
1.120190e+02 1.107135e+02
1.076163e+02 1.072146e+02
1.061137e+02 1.060084e+02
1.056911e+02 1.056483e+02
1.055352e+02 1.055235e+02
1.054853e+02 1.054826e+02
1.054716e+02 1.054706e+02
1.054673e+02 1.054671e+02
1.054661e+02 1.054660e+02
1.054657e+02 1.054656e+02
1.054656e+02 1.054656e+02
1.054656e+02 1.054656e+02
1.054656e+02 1.054656e+02
1.054656e+02 1.054656e+02
1.054656e+02 1.054656e+02
1.054656e+02 1.054656e+02
1.054656e+02 1.054656e+02
1.054656e+02 1.054656e+02
1.054656e+02 1.054656e+02
1.054656e+02 1.054656e+02
1.246308e+02 1.054656e+02
1.054714e+02 1.054656e+02
1.054656e+02 1.054656e+02
1.054656e+02 1.054656e+02
1.054656e+02 1.054656e+02
1.054656e+02 1.054656e+02
1.054656e+02 1.054656e+02
1.054656e+02 1.054656e+02
1.054656e+02 1.054656e+02
3.156718e+03 2.264827e+03
2.430283e+03 1.894305e+03
2.223474e+03 1.657861e+03
2.097506e+03 1.561117e+03
2.050070e+03 1.471412e+03
1.998328e+03 1.467900e+03
1.955386e+03 1.403718e+03
1.891585e+03 1.403718e+03
1.847738e+03 1.384460e+03
1.812043e+03 1.329653e+03
1.794990e+03 1.233570e+03
1.742063e+03 1.233570e+03
1.707904e+03 1.233570e+03
1.659629e+03 1.233325e+03
1.661635e+03 1.219021e+03
1.611070e+03 1.175700e+03
1.580551e+03 1.175700e+03
1.577980e+03 1.175700e+03
1.534969e+03 1.145996e+03
1.513096e+03 1.127887e+03
1.500788e+03 1.127887e+03
1.520241e+03 1.127887e+03
1.474069e+03 1.122281e+03
1.454728e+03 1.122281e+03
1.430219e+03 1.122281e+03
1.389572e+03 1.122281e+03
1.366964e+03 1.100365e+03
1.359647e+03 1.082000e+03
1.331243e+03 1.040440e+03
1.325015e+03 1.040440e+03
1.304869e+03 9.964511e+02
1.281470e+03 9.964511e+02
1.290163e+03 9.964511e+02
1.279572e+03 9.964511e+02
1.241149e+03 9.964511e+02
1.238780e+03 9.964511e+02
1.237129e+03 9.763840e+02
1.214307e+03 9.763840e+02
1.189256e+03 9.763840e+02
1.173518e+03 9.763840e+02
1.151939e+03 9.698498e+02
1.168534e+03 9.558733e+02
1.151139e+03 9.558733e+02
1.131075e+03 9.558733e+02
1.122124e+03 9.558733e+02
1.125661e+03 9.239311e+02
1.103878e+03 9.239311e+02
1.089991e+03 9.239311e+02
1.074520e+03 9.239311e+02
1.066865e+03 8.822550e+02
1.042110e+03 8.822550e+02
1.017782e+03 8.059204e+02
9.991486e+02 7.898871e+02
9.831380e+02 7.660566e+02
9.583005e+02 7.660566e+02
9.284825e+02 7.660566e+02
8.799930e+02 7.660566e+02
8.199482e+02 6.833251e+02
7.927276e+02 6.780174e+02
7.659409e+02 6.693943e+02
7.464061e+02 5.881619e+02
7.207106e+02 5.793759e+02
6.603422e+02 5.040360e+02
4.576249e+02 3.578788e+02
2.469935e+02 2.127438e+02
1.624569e+02 1.503364e+02
1.313954e+02 1.272225e+02
1.207826e+02 1.190493e+02
1.161276e+02 1.154994e+02
1.143932e+02 1.142270e+02
1.137834e+02 1.136889e+02
1.135724e+02 1.135508e+02
1.134769e+02 1.134674e+02
1.134419e+02 1.134389e+02
1.134308e+02 1.134298e+02
1.134269e+02 1.134266e+02
1.134257e+02 1.134257e+02
1.134254e+02 1.134254e+02
1.134253e+02 1.134253e+02
1.134252e+02 1.134252e+02
1.134252e+02 1.134252e+02
1.134252e+02 1.134252e+02
1.134252e+02 1.134252e+02
1.134252e+02 1.134252e+02
1.134252e+02 1.134252e+02
1.134252e+02 1.134252e+02
1.134252e+02 1.134252e+02
1.134252e+02 1.134252e+02
1.134252e+02 1.134252e+02
1.134252e+02 1.134252e+02
1.134252e+02 1.134252e+02
1.135046e+02 1.134252e+02
1.524325e+02 1.134252e+02
1.134252e+02 1.134252e+02
4.214143e+02 1.134252e+02
1.134252e+02 1.134252e+02
1.134252e+02 1.134252e+02
1.134252e+02 1.134252e+02
1.134252e+02 1.134252e+02
1.134252e+02 1.134252e+02
1.134252e+02 1.134252e+02
3.160840e+03 2.456016e+03
2.576554e+03 2.047207e+03
2.432787e+03 1.791499e+03
2.344721e+03 1.791499e+03
2.273435e+03 1.660729e+03
2.212849e+03 1.639041e+03
2.151418e+03 1.533136e+03
2.107585e+03 1.508539e+03
2.035799e+03 1.508539e+03
1.994302e+03 1.508539e+03
1.945012e+03 1.480725e+03
1.873927e+03 1.269697e+03
1.812172e+03 1.269697e+03
1.770872e+03 1.269697e+03
1.716896e+03 1.262446e+03
1.678407e+03 1.231563e+03
1.672667e+03 1.173007e+03
1.647694e+03 1.173007e+03
1.601828e+03 1.173007e+03
1.555358e+03 1.173007e+03
1.548447e+03 1.173007e+03
1.487670e+03 1.168424e+03
1.464652e+03 1.148462e+03
1.442005e+03 1.071718e+03
1.427236e+03 1.071718e+03
1.417852e+03 1.071718e+03
1.384654e+03 9.993135e+02
1.355211e+03 9.993135e+02
1.312080e+03 9.976179e+02
1.303062e+03 9.976179e+02
1.267888e+03 9.976179e+02
1.270414e+03 9.976179e+02
1.257224e+03 9.943920e+02
1.265967e+03 9.943920e+02
1.236447e+03 9.851161e+02
1.211437e+03 9.851161e+02
1.207104e+03 9.851161e+02
1.193080e+03 9.242387e+02
1.165933e+03 9.119955e+02
1.164520e+03 9.119955e+02
1.154924e+03 9.119955e+02
1.135238e+03 9.119955e+02
1.139955e+03 9.119955e+02
1.165275e+03 9.119955e+02
1.116788e+03 9.119955e+02
1.097066e+03 9.083895e+02
1.091490e+03 9.083895e+02
1.078629e+03 9.083895e+02
1.066782e+03 9.083895e+02
1.064885e+03 8.951571e+02
1.051988e+03 8.951571e+02
1.043901e+03 8.951571e+02
1.058668e+03 8.839762e+02
1.065764e+03 8.839762e+02
1.049811e+03 8.630005e+02
1.037005e+03 8.630005e+02
1.044255e+03 8.630005e+02
1.042730e+03 8.630005e+02
1.032850e+03 8.582163e+02
1.062797e+03 8.461147e+02
1.003402e+03 8.456010e+02
9.960537e+02 8.456010e+02
9.880171e+02 8.456010e+02
9.996563e+02 8.456010e+02
9.691891e+02 8.456010e+02
9.577978e+02 8.269045e+02
9.424225e+02 7.659406e+02
9.089619e+02 7.615985e+02
8.481923e+02 7.353704e+02
7.763934e+02 6.982652e+02
7.107670e+02 6.457332e+02
5.982461e+02 5.148127e+02
3.872683e+02 3.331603e+02
2.014771e+02 1.783392e+02
1.204031e+02 1.131918e+02
9.233643e+01 8.985993e+01
8.526145e+01 8.461024e+01
8.337999e+01 8.323110e+01
8.281887e+01 8.277597e+01
8.263158e+01 8.262170e+01
8.259283e+01 8.259089e+01
8.258411e+01 8.258358e+01
8.258205e+01 8.258195e+01
8.258165e+01 8.258163e+01
8.258155e+01 8.258155e+01
8.258153e+01 8.258153e+01
8.258152e+01 8.258152e+01
8.258152e+01 8.258152e+01
8.258152e+01 8.258152e+01
8.258152e+01 8.258152e+01
8.258152e+01 8.258152e+01
8.258152e+01 8.258152e+01
8.258152e+01 8.258152e+01
8.258152e+01 8.258152e+01
8.258152e+01 8.258152e+01
1.400854e+02 8.258152e+01
8.258152e+01 8.258152e+01
8.258152e+01 8.258152e+01
8.258152e+01 8.258152e+01
8.258152e+01 8.258152e+01
8.258152e+01 8.258152e+01
3.157168e+03 2.388028e+03
2.537636e+03 2.005969e+03
2.366230e+03 1.753906e+03
2.304024e+03 1.753906e+03
2.225531e+03 1.685888e+03
2.136998e+03 1.685888e+03
2.102890e+03 1.645696e+03
2.057674e+03 1.572642e+03
2.000401e+03 1.509424e+03
1.953531e+03 1.456034e+03
1.901972e+03 1.456034e+03
1.814920e+03 1.454509e+03
1.797645e+03 1.362637e+03
1.751763e+03 1.307877e+03
1.708889e+03 1.307877e+03
1.687559e+03 1.296833e+03
1.612546e+03 1.280296e+03
1.590509e+03 1.258346e+03
1.555466e+03 1.198744e+03
1.544182e+03 1.198744e+03
1.494007e+03 1.128465e+03
1.480263e+03 1.128465e+03
1.472898e+03 1.128465e+03
1.411289e+03 1.128465e+03
1.406457e+03 1.120775e+03
1.375385e+03 1.051943e+03
1.382612e+03 1.051943e+03
1.370833e+03 1.042427e+03
1.352938e+03 1.042427e+03
1.355852e+03 1.042427e+03
1.323119e+03 1.042427e+03
1.316221e+03 1.042427e+03
1.262153e+03 9.601765e+02
1.265821e+03 9.515419e+02
1.234502e+03 9.515419e+02
1.253970e+03 9.437174e+02
1.219019e+03 9.437174e+02
1.199238e+03 9.437174e+02
1.204157e+03 9.437174e+02
1.179405e+03 9.437174e+02
1.168013e+03 9.437174e+02
1.154252e+03 9.437174e+02
1.130439e+03 9.437174e+02
1.133748e+03 9.437174e+02
1.123918e+03 9.437174e+02
1.126544e+03 9.437174e+02
1.100253e+03 9.437174e+02
1.092166e+03 9.437174e+02
1.092557e+03 9.437174e+02
1.079127e+03 9.315442e+02
1.083669e+03 9.019200e+02
1.075686e+03 8.778996e+02
1.068360e+03 8.778996e+02
1.063052e+03 8.778996e+02
1.047557e+03 8.778996e+02
1.049813e+03 8.778996e+02
1.036838e+03 8.778996e+02
1.028552e+03 8.533751e+02
1.015818e+03 8.533751e+02
1.012854e+03 8.170955e+02
9.992699e+02 8.170955e+02
9.825155e+02 8.170955e+02
9.713746e+02 8.170955e+02
9.597823e+02 8.170955e+02
9.479904e+02 8.034288e+02
9.306462e+02 7.954837e+02
8.888116e+02 7.918187e+02
8.476922e+02 7.235698e+02
7.992523e+02 6.981259e+02
7.224117e+02 6.269338e+02
5.850113e+02 5.007593e+02
3.082643e+02 2.590739e+02
1.574882e+02 1.404177e+02
9.908525e+01 9.177645e+01
7.528891e+01 7.311818e+01
6.733113e+01 6.672745e+01
6.542274e+01 6.523763e+01
6.484278e+01 6.480403e+01
6.471927e+01 6.471034e+01
6.468506e+01 6.468260e+01
6.467520e+01 6.467471e+01
6.467295e+01 6.467284e+01
6.467246e+01 6.467244e+01
6.467235e+01 6.467235e+01
6.467233e+01 6.467232e+01
6.467232e+01 6.467232e+01
6.467232e+01 6.467232e+01
6.467232e+01 6.467232e+01
6.467232e+01 6.467232e+01
6.467232e+01 6.467232e+01
6.467232e+01 6.467232e+01
6.467232e+01 6.467232e+01
6.467232e+01 6.467232e+01
6.467232e+01 6.467232e+01
6.467232e+01 6.467232e+01
6.467232e+01 6.467232e+01
6.467255e+01 6.467232e+01
6.467232e+01 6.467232e+01
6.467232e+01 6.467232e+01
6.467232e+01 6.467232e+01
6.467232e+01 6.467232e+01
3.155003e+03 2.310268e+03
2.498296e+03 1.894507e+03
2.331403e+03 1.699896e+03
2.218549e+03 1.616125e+03
2.164381e+03 1.602492e+03
2.081020e+03 1.523230e+03
2.010460e+03 1.523230e+03
1.993440e+03 1.453170e+03
1.913068e+03 1.453170e+03
1.894505e+03 1.435500e+03
1.832589e+03 1.407626e+03
1.784521e+03 1.407514e+03
1.751647e+03 1.328667e+03
1.678202e+03 1.300674e+03
1.645818e+03 1.264625e+03
1.610205e+03 1.264625e+03
1.594567e+03 1.243133e+03
1.576296e+03 1.191160e+03
1.542177e+03 1.155672e+03
1.517332e+03 1.155672e+03
1.506609e+03 1.155672e+03
1.509716e+03 1.113729e+03
1.459066e+03 1.113729e+03
1.429561e+03 1.113729e+03
1.395200e+03 1.113729e+03
1.373726e+03 1.065858e+03
1.384115e+03 1.065858e+03
1.346818e+03 1.065858e+03
1.367845e+03 1.065858e+03
1.345042e+03 1.065858e+03
1.343293e+03 1.065858e+03
1.335933e+03 1.065858e+03
1.294303e+03 1.047566e+03
1.298966e+03 1.047566e+03
1.287625e+03 1.047566e+03
1.274657e+03 9.566627e+02
1.243213e+03 9.566627e+02
1.223154e+03 9.566627e+02
1.190867e+03 9.566627e+02
1.164668e+03 9.566627e+02
1.152105e+03 9.267205e+02
1.141370e+03 9.267205e+02
1.139936e+03 9.267205e+02
1.107466e+03 9.267205e+02
1.092891e+03 9.267205e+02
1.078796e+03 9.242220e+02
1.077184e+03 9.242220e+02
1.090994e+03 9.242220e+02
1.095532e+03 9.242220e+02
1.069052e+03 9.242220e+02
1.079358e+03 9.242220e+02
1.070963e+03 9.242220e+02
1.060357e+03 8.508689e+02
1.064271e+03 8.508689e+02
1.054914e+03 8.508689e+02
1.050793e+03 8.508689e+02
1.040512e+03 8.508689e+02
1.044760e+03 8.508689e+02
1.034533e+03 8.508689e+02
1.027740e+03 8.508689e+02
1.016471e+03 8.508689e+02
1.004916e+03 8.508689e+02
9.786392e+02 8.508689e+02
9.499648e+02 8.508689e+02
9.053107e+02 7.778210e+02
8.525722e+02 7.465536e+02
8.007536e+02 6.950791e+02
7.542345e+02 6.574080e+02
7.012445e+02 6.191433e+02
4.239236e+02 3.621350e+02
2.350782e+02 2.065778e+02
1.358177e+02 1.251717e+02
1.003507e+02 9.684381e+01
8.690735e+01 8.577280e+01
8.311438e+01 8.281872e+01
8.203321e+01 8.194652e+01
8.171425e+01 8.168428e+01
8.162199e+01 8.161559e+01
8.159780e+01 8.159610e+01
8.159016e+01 8.158963e+01
8.158770e+01 8.158752e+01
8.158684e+01 8.158679e+01
8.158666e+01 8.158665e+01
8.158661e+01 8.158661e+01
8.158660e+01 8.158660e+01
8.158659e+01 8.158659e+01
8.158659e+01 8.158659e+01
8.158659e+01 8.158659e+01
8.158659e+01 8.158659e+01
8.158659e+01 8.158659e+01
8.158659e+01 8.158659e+01
8.158659e+01 8.158659e+01
8.158659e+01 8.158659e+01
8.158659e+01 8.158659e+01
8.158659e+01 8.158659e+01
8.158659e+01 8.158659e+01
8.158659e+01 8.158659e+01
8.158659e+01 8.158659e+01
8.158659e+01 8.158659e+01
8.158659e+01 8.158659e+01
8.158659e+01 8.158659e+01
3.169506e+03 2.289803e+03
2.506073e+03 2.023386e+03
2.338761e+03 1.766129e+03
2.229190e+03 1.611314e+03
2.172200e+03 1.597617e+03
2.139236e+03 1.550543e+03
2.059448e+03 1.471016e+03
2.010755e+03 1.471016e+03
1.934415e+03 1.414293e+03
1.892192e+03 1.406199e+03
1.824980e+03 1.380675e+03
1.789004e+03 1.321670e+03
1.732472e+03 1.295902e+03
1.711195e+03 1.294856e+03
1.660954e+03 1.263945e+03
1.657367e+03 1.237303e+03
1.621189e+03 1.206283e+03
1.580704e+03 1.206283e+03
1.534443e+03 1.204050e+03
1.509649e+03 1.150685e+03
1.485810e+03 1.124047e+03
1.476409e+03 1.023316e+03
1.449785e+03 1.012969e+03
1.419954e+03 1.012969e+03
1.404334e+03 1.012969e+03
1.394920e+03 1.012969e+03
1.368110e+03 1.012969e+03
1.346926e+03 1.012969e+03
1.353351e+03 1.012969e+03
1.315834e+03 9.508866e+02
1.332696e+03 9.508866e+02
1.301963e+03 9.369935e+02
1.272015e+03 9.122959e+02
1.266993e+03 9.122959e+02
1.222584e+03 9.122959e+02
1.228822e+03 8.848062e+02
1.186553e+03 8.848062e+02
1.174159e+03 8.823649e+02
1.185913e+03 8.772061e+02
1.142125e+03 8.757842e+02
1.133278e+03 8.757842e+02
1.131919e+03 8.757842e+02
1.118633e+03 8.660373e+02
1.118587e+03 8.660373e+02
1.108997e+03 8.445127e+02
1.103138e+03 8.445127e+02
1.099209e+03 8.296566e+02
1.103917e+03 8.187473e+02
1.079791e+03 8.187473e+02
1.065120e+03 8.174421e+02
1.048368e+03 8.174421e+02
1.042383e+03 8.083764e+02
1.039347e+03 8.083764e+02
1.019844e+03 8.083764e+02
1.025470e+03 7.948284e+02
1.012747e+03 7.948284e+02
1.008395e+03 7.818262e+02
9.935600e+02 7.748306e+02
9.782933e+02 7.743465e+02
9.667339e+02 7.462404e+02
9.665637e+02 7.354408e+02
9.486497e+02 7.343563e+02
9.266404e+02 7.316992e+02
8.928989e+02 7.044072e+02
8.476275e+02 6.956200e+02
7.472390e+02 6.228671e+02
5.569343e+02 4.792108e+02
3.634358e+02 3.339310e+02
2.722327e+02 2.603171e+02
2.373192e+02 2.341813e+02
2.266487e+02 2.255412e+02
2.233458e+02 2.230661e+02
2.222758e+02 2.221906e+02
2.219794e+02 2.219581e+02
2.219053e+02 2.218993e+02
2.218842e+02 2.218824e+02
2.218780e+02 2.218776e+02
2.218762e+02 2.218761e+02
2.218757e+02 2.218756e+02
2.218755e+02 2.218755e+02
2.218755e+02 2.218755e+02
2.218755e+02 2.218755e+02
2.218755e+02 2.218755e+02
2.218755e+02 2.218755e+02
2.218755e+02 2.218755e+02
2.218755e+02 2.218755e+02
2.218755e+02 2.218755e+02
2.218755e+02 2.218755e+02
2.218755e+02 2.218755e+02
2.218755e+02 2.218755e+02
2.219390e+02 2.218755e+02
2.218755e+02 2.218755e+02
2.234046e+02 2.218755e+02
2.218755e+02 2.218755e+02
2.218755e+02 2.218755e+02
2.664385e+02 2.218755e+02
2.218755e+02 2.218755e+02
2.218755e+02 2.218755e+02
2.218755e+02 2.218755e+02
2.218755e+02 2.218755e+02
2.218755e+02 2.218755e+02
3.158705e+03 2.261049e+03
2.486524e+03 1.931381e+03
2.297892e+03 1.808958e+03
2.173645e+03 1.734642e+03
2.102799e+03 1.522661e+03
2.078046e+03 1.487218e+03
2.009429e+03 1.487218e+03
1.977114e+03 1.473452e+03
1.960988e+03 1.448175e+03
1.900480e+03 1.373573e+03
1.829726e+03 1.373573e+03
1.775536e+03 1.337892e+03
1.720293e+03 1.313834e+03
1.682726e+03 1.276771e+03
1.647900e+03 1.237309e+03
1.618915e+03 1.190793e+03
1.561701e+03 1.126092e+03
1.555627e+03 1.126092e+03
1.543449e+03 1.126092e+03
1.500769e+03 1.126092e+03
1.475239e+03 1.126092e+03
1.476204e+03 1.116113e+03
1.445323e+03 1.098685e+03
1.423255e+03 1.079881e+03
1.401539e+03 1.079881e+03
1.373386e+03 1.073901e+03
1.359191e+03 1.073901e+03
1.355711e+03 1.073901e+03
1.336495e+03 1.073901e+03
1.392445e+03 1.071731e+03
1.306395e+03 1.071731e+03
1.286873e+03 1.014054e+03
1.273728e+03 1.014054e+03
1.273128e+03 1.014054e+03
1.252586e+03 1.014054e+03
1.248026e+03 1.014054e+03
1.241878e+03 1.014054e+03
1.210624e+03 1.014054e+03
1.203838e+03 9.888827e+02
1.199433e+03 9.354207e+02
1.182686e+03 9.354207e+02
1.149515e+03 9.354207e+02
1.160528e+03 9.354207e+02
1.174309e+03 9.354207e+02
1.141025e+03 9.354207e+02
1.131188e+03 9.212626e+02
1.121822e+03 9.212626e+02
1.115603e+03 9.212626e+02
1.095638e+03 9.212626e+02
1.080030e+03 9.047550e+02
1.073084e+03 9.047550e+02
1.064926e+03 8.216267e+02
1.055213e+03 8.216267e+02
1.054102e+03 8.216267e+02
1.042756e+03 8.216267e+02
1.028402e+03 8.216267e+02
1.009178e+03 8.216267e+02
1.007200e+03 8.149628e+02
9.774199e+02 8.149628e+02
9.650634e+02 8.149628e+02
9.407090e+02 7.865285e+02
8.997039e+02 7.812175e+02
8.573988e+02 7.431850e+02
8.001920e+02 6.862884e+02
7.500567e+02 6.279870e+02
6.921383e+02 5.744790e+02
4.172098e+02 3.495203e+02
2.353888e+02 2.036042e+02
1.443731e+02 1.326763e+02
1.058333e+02 1.012018e+02
8.990980e+01 8.776940e+01
8.399686e+01 8.346999e+01
8.228785e+01 8.213374e+01
8.180415e+01 8.176227e+01
8.164811e+01 8.163890e+01
8.160736e+01 8.160428e+01
8.159354e+01 8.159242e+01
8.158827e+01 8.158799e+01
8.158704e+01 8.158697e+01
8.158672e+01 8.158670e+01
8.158663e+01 8.158662e+01
8.158660e+01 8.158660e+01
8.158660e+01 8.158660e+01
8.158660e+01 8.158660e+01
8.158660e+01 8.158660e+01
8.158660e+01 8.158660e+01
8.158660e+01 8.158660e+01
8.158660e+01 8.158660e+01
8.158660e+01 8.158660e+01
8.158660e+01 8.158660e+01
8.158660e+01 8.158660e+01
8.158660e+01 8.158660e+01
8.158660e+01 8.158660e+01
5.006251e+02 8.158660e+01
8.158661e+01 8.158660e+01
8.158660e+01 8.158660e+01
8.158660e+01 8.158660e+01
8.158660e+01 8.158660e+01
8.158660e+01 8.158660e+01
8.158660e+01 8.158660e+01
8.158660e+01 8.158660e+01
3.157350e+03 2.192379e+03
2.542056e+03 1.943988e+03
2.401980e+03 1.874139e+03
2.288431e+03 1.754447e+03
2.212462e+03 1.585613e+03
2.128433e+03 1.578953e+03
2.087748e+03 1.578953e+03
2.024331e+03 1.554671e+03
1.945585e+03 1.458705e+03
1.882659e+03 1.383676e+03
1.830001e+03 1.354104e+03
1.756788e+03 1.271593e+03
1.737633e+03 1.258925e+03
1.674763e+03 1.254280e+03
1.631312e+03 1.159922e+03
1.614769e+03 1.159922e+03
1.573960e+03 1.159922e+03
1.544609e+03 1.120396e+03
1.530217e+03 1.120396e+03
1.530975e+03 1.120396e+03
1.518184e+03 1.120396e+03
1.484731e+03 1.120396e+03
1.437414e+03 1.120396e+03
1.418196e+03 1.105019e+03
1.398011e+03 1.100014e+03
1.376195e+03 1.085867e+03
1.387833e+03 1.060107e+03
1.347755e+03 1.060107e+03
1.336094e+03 1.060107e+03
1.333167e+03 1.052836e+03
1.304910e+03 1.052836e+03
1.293798e+03 1.052836e+03
1.285908e+03 1.032692e+03
1.262631e+03 1.032692e+03
1.257332e+03 1.032692e+03
1.238506e+03 1.026852e+03
1.230983e+03 1.026852e+03
1.220844e+03 9.641395e+02
1.235864e+03 9.641395e+02
1.215232e+03 9.641395e+02
1.186327e+03 9.641395e+02
1.195353e+03 9.641395e+02
1.154633e+03 9.531531e+02
1.146723e+03 9.531531e+02
1.138613e+03 9.531531e+02
1.123114e+03 9.531531e+02
1.130315e+03 9.321439e+02
1.115161e+03 9.321439e+02
1.103803e+03 9.321439e+02
1.089970e+03 9.278452e+02
1.102491e+03 9.278452e+02
1.114945e+03 9.239122e+02
1.083533e+03 9.239122e+02
1.068285e+03 9.239122e+02
1.058668e+03 9.219884e+02
1.052456e+03 9.112558e+02
1.048307e+03 8.942505e+02
1.027997e+03 8.942505e+02
1.009357e+03 8.870998e+02
1.007165e+03 8.084815e+02
9.757639e+02 8.084815e+02
9.348335e+02 7.882621e+02
8.745203e+02 7.573688e+02
8.115626e+02 6.797386e+02
7.213082e+02 5.798447e+02
4.101044e+02 3.501240e+02
2.495750e+02 2.051987e+02
1.521229e+02 1.394270e+02
1.153615e+02 1.104519e+02
1.010780e+02 9.973150e+01
9.705795e+01 9.671092e+01
9.595529e+01 9.584097e+01
9.565780e+01 9.563286e+01
9.556355e+01 9.555207e+01
9.553180e+01 9.552796e+01
9.551987e+01 9.551890e+01
9.551706e+01 9.551684e+01
9.551626e+01 9.551620e+01
9.551606e+01 9.551604e+01
9.551601e+01 9.551601e+01
9.551600e+01 9.551600e+01
9.551600e+01 9.551600e+01
9.551600e+01 9.551600e+01
9.551600e+01 9.551600e+01
9.551600e+01 9.551600e+01
9.551600e+01 9.551600e+01
9.551600e+01 9.551600e+01
9.551600e+01 9.551600e+01
9.551600e+01 9.551600e+01
9.551600e+01 9.551600e+01
9.635710e+01 9.551600e+01
9.551600e+01 9.551600e+01
9.551600e+01 9.551600e+01
9.551600e+01 9.551600e+01
9.551600e+01 9.551600e+01
9.551600e+01 9.551600e+01
9.551600e+01 9.551600e+01
9.551600e+01 9.551600e+01
9.551600e+01 9.551600e+01
9.551600e+01 9.551600e+01
9.551600e+01 9.551600e+01
3.166140e+03 2.361896e+03
2.457445e+03 1.885506e+03
2.276248e+03 1.756135e+03
2.146399e+03 1.604458e+03
2.038536e+03 1.403056e+03
1.983510e+03 1.403056e+03
1.962040e+03 1.403056e+03
1.915581e+03 1.306008e+03
1.844993e+03 1.306008e+03
1.825265e+03 1.227296e+03
1.786139e+03 1.227296e+03
1.741057e+03 1.227296e+03
1.714376e+03 1.212492e+03
1.667839e+03 1.212492e+03
1.652421e+03 1.212492e+03
1.604800e+03 1.207616e+03
1.615996e+03 1.207616e+03
1.552189e+03 1.207616e+03
1.563496e+03 1.165818e+03
1.537901e+03 1.165818e+03
1.507589e+03 1.159720e+03
1.508058e+03 1.159720e+03
1.469918e+03 1.154445e+03
1.458151e+03 1.120486e+03
1.422613e+03 1.046228e+03
1.454944e+03 1.046228e+03
1.417957e+03 1.046228e+03
1.369010e+03 1.046228e+03
1.399602e+03 1.046228e+03
1.358720e+03 1.046228e+03
1.330144e+03 1.046228e+03
1.311889e+03 1.046228e+03
1.299438e+03 1.046228e+03
1.273872e+03 1.046228e+03
1.257573e+03 1.046228e+03
1.255459e+03 1.010920e+03
1.233415e+03 1.010920e+03
1.243316e+03 1.010920e+03
1.223840e+03 1.002413e+03
1.237289e+03 1.002413e+03
1.202674e+03 1.002413e+03
1.183967e+03 9.783634e+02
1.160175e+03 9.593209e+02
1.143473e+03 9.593209e+02
1.119483e+03 9.189663e+02
1.109114e+03 9.189663e+02
1.111659e+03 9.189663e+02
1.107232e+03 9.189663e+02
1.111720e+03 9.189663e+02
1.103668e+03 9.189663e+02
1.089596e+03 9.189663e+02
1.080607e+03 8.981822e+02
1.078875e+03 8.925030e+02
1.057700e+03 8.754512e+02
1.039560e+03 8.754512e+02
1.036112e+03 8.754512e+02
1.009803e+03 8.754512e+02
1.004374e+03 8.736898e+02
9.984329e+02 8.555504e+02
9.919449e+02 8.546290e+02
9.720430e+02 8.073488e+02
9.344024e+02 8.073488e+02
8.828832e+02 7.276033e+02
8.183083e+02 7.057545e+02
7.671334e+02 6.715592e+02
7.176656e+02 6.271239e+02
6.864693e+02 6.237724e+02
6.412501e+02 5.664304e+02
5.122758e+02 4.060059e+02
2.757657e+02 2.290165e+02
1.392265e+02 1.248705e+02
8.921917e+01 8.481450e+01
7.298674e+01 7.154846e+01
6.791200e+01 6.743392e+01
6.627312e+01 6.614858e+01
6.585331e+01 6.581914e+01
6.570939e+01 6.569969e+01
6.567741e+01 6.567587e+01
6.567018e+01 6.566967e+01
6.566800e+01 6.566784e+01
6.566745e+01 6.566742e+01
6.566730e+01 6.566729e+01
6.566727e+01 6.566727e+01
6.566726e+01 6.566726e+01
6.566726e+01 6.566726e+01
6.566726e+01 6.566726e+01
6.566726e+01 6.566726e+01
6.566726e+01 6.566726e+01
6.566726e+01 6.566726e+01
6.566726e+01 6.566726e+01
6.566726e+01 6.566726e+01
6.566726e+01 6.566726e+01
6.567134e+01 6.566726e+01
3.894196e+02 6.566726e+01
6.566726e+01 6.566726e+01
6.566726e+01 6.566726e+01
9.165263e+01 6.566726e+01
6.566726e+01 6.566726e+01
6.566726e+01 6.566726e+01
6.566726e+01 6.566726e+01
6.566726e+01 6.566726e+01
3.173477e+03 2.270135e+03
2.509985e+03 2.023117e+03
2.354884e+03 1.834963e+03
2.273189e+03 1.765187e+03
2.181800e+03 1.669444e+03
2.119319e+03 1.493235e+03
2.080021e+03 1.493235e+03
1.983139e+03 1.459061e+03
1.956793e+03 1.380494e+03
1.933483e+03 1.365351e+03
1.875764e+03 1.365351e+03
1.829974e+03 1.341904e+03
1.803936e+03 1.328872e+03
1.727560e+03 1.282236e+03
1.717306e+03 1.275765e+03
1.684826e+03 1.275765e+03
1.658043e+03 1.255747e+03
1.613084e+03 1.236769e+03
1.568088e+03 1.164268e+03
1.521391e+03 1.121813e+03
1.506654e+03 1.121813e+03
1.473841e+03 1.121813e+03
1.448879e+03 1.104683e+03
1.430683e+03 1.096352e+03
1.407265e+03 1.096352e+03
1.388379e+03 1.085866e+03
1.372549e+03 1.085866e+03
1.342413e+03 1.040762e+03
1.306313e+03 1.040762e+03
1.290187e+03 1.040762e+03
1.269156e+03 1.001144e+03
1.263443e+03 1.001144e+03
1.238387e+03 9.991285e+02
1.243430e+03 9.887332e+02
1.247073e+03 9.887332e+02
1.231700e+03 9.887332e+02
1.198543e+03 9.885922e+02
1.194599e+03 9.885922e+02
1.198835e+03 9.885922e+02
1.167180e+03 9.419591e+02
1.144471e+03 9.419591e+02
1.136850e+03 9.419591e+02
1.131112e+03 9.419591e+02
1.116391e+03 9.419591e+02
1.106873e+03 8.961679e+02
1.081831e+03 8.961679e+02
1.081361e+03 8.961679e+02
1.063304e+03 8.961679e+02
1.067922e+03 8.961679e+02
1.081099e+03 8.675374e+02
1.054863e+03 8.612008e+02
1.029012e+03 8.612008e+02
1.017498e+03 8.612008e+02
1.043682e+03 8.489510e+02
9.927101e+02 7.937422e+02
9.865484e+02 7.809526e+02
9.673343e+02 7.809526e+02
9.547618e+02 7.809526e+02
9.512975e+02 7.809526e+02
9.370280e+02 7.809526e+02
9.125307e+02 7.809526e+02
8.645332e+02 7.627848e+02
8.141982e+02 7.085215e+02
7.734314e+02 6.853299e+02
7.482030e+02 6.784723e+02
7.209902e+02 6.603679e+02
7.181336e+02 6.121865e+02
7.173117e+02 5.992604e+02
7.302147e+02 5.964455e+02
7.211475e+02 5.964455e+02
7.187238e+02 5.964455e+02
7.092033e+02 5.964455e+02
7.096113e+02 5.950052e+02
6.775501e+02 5.923898e+02
6.461241e+02 5.778384e+02
4.091675e+02 3.455515e+02
2.087057e+02 1.916430e+02
1.388140e+02 1.349587e+02
1.192200e+02 1.180062e+02
1.140606e+02 1.136186e+02
1.128379e+02 1.127651e+02
1.125404e+02 1.125262e+02
1.124650e+02 1.124613e+02
1.124492e+02 1.124487e+02
1.124464e+02 1.124463e+02
1.124459e+02 1.124459e+02
1.124458e+02 1.124458e+02
1.124457e+02 1.124457e+02
1.124457e+02 1.124457e+02
1.124457e+02 1.124457e+02
1.124457e+02 1.124457e+02
1.124457e+02 1.124457e+02
1.124457e+02 1.124457e+02
1.124457e+02 1.124457e+02
1.124457e+02 1.124457e+02
1.124457e+02 1.124457e+02
1.124457e+02 1.124457e+02
1.124457e+02 1.124457e+02
1.124457e+02 1.124457e+02
1.124457e+02 1.124457e+02
1.124457e+02 1.124457e+02
3.150751e+03 2.300793e+03
2.511651e+03 1.736913e+03
2.349013e+03 1.715501e+03
2.263202e+03 1.715501e+03
2.192508e+03 1.704388e+03
2.085201e+03 1.596918e+03
2.044997e+03 1.542487e+03
1.987708e+03 1.386696e+03
1.939067e+03 1.386696e+03
1.860795e+03 1.372650e+03
1.839648e+03 1.361779e+03
1.777284e+03 1.348374e+03
1.773582e+03 1.348374e+03
1.697705e+03 1.289698e+03
1.657701e+03 1.267264e+03
1.654836e+03 1.267264e+03
1.590782e+03 1.205832e+03
1.558968e+03 1.205832e+03
1.514803e+03 1.205832e+03
1.528894e+03 1.174570e+03
1.477590e+03 1.174570e+03
1.495305e+03 1.115760e+03
1.419257e+03 1.115760e+03
1.426905e+03 1.115760e+03
1.410543e+03 1.101799e+03
1.411376e+03 1.093586e+03
1.407223e+03 1.074533e+03
1.420626e+03 1.071151e+03
1.352446e+03 1.071151e+03
1.336884e+03 1.071151e+03
1.301717e+03 1.062460e+03
1.307219e+03 1.062460e+03
1.273051e+03 1.062460e+03
1.263872e+03 1.026215e+03
1.246508e+03 1.007891e+03
1.221901e+03 1.007891e+03
1.216045e+03 9.841151e+02
1.198954e+03 9.841151e+02
1.176695e+03 9.841151e+02
1.147052e+03 9.841151e+02
1.132572e+03 9.841151e+02
1.126636e+03 9.157326e+02
1.102861e+03 9.157326e+02
1.100543e+03 9.157326e+02
1.084636e+03 9.157326e+02
1.076273e+03 8.989024e+02
1.074683e+03 8.989024e+02
1.072059e+03 8.989024e+02
1.072168e+03 8.989024e+02
1.071018e+03 8.989024e+02
1.067085e+03 8.989024e+02
1.063271e+03 8.418414e+02
1.052153e+03 8.418414e+02
1.037231e+03 8.312692e+02
1.048212e+03 8.312692e+02
1.039065e+03 8.312692e+02
1.010507e+03 8.312692e+02
1.004988e+03 8.312692e+02
9.870721e+02 8.312692e+02
9.736727e+02 8.312692e+02
9.436520e+02 8.312692e+02
8.878942e+02 7.905759e+02
8.315557e+02 7.323252e+02
7.836092e+02 6.839932e+02
7.349784e+02 6.297197e+02
6.294596e+02 5.180099e+02
3.960852e+02 3.491034e+02
2.366455e+02 2.147139e+02
1.512494e+02 1.369091e+02
1.044879e+02 9.909854e+01
8.656028e+01 8.511325e+01
8.106268e+01 8.058086e+01
7.938324e+01 7.920978e+01
7.884974e+01 7.880385e+01
7.868670e+01 7.867178e+01
7.862913e+01 7.862458e+01
7.861033e+01 7.860844e+01
7.860400e+01 7.860340e+01
7.860232e+01 7.860220e+01
7.860188e+01 7.860185e+01
7.860177e+01 7.860176e+01
7.860174e+01 7.860174e+01
7.860173e+01 7.860173e+01
7.860173e+01 7.860173e+01
7.860173e+01 7.860173e+01
7.860173e+01 7.860173e+01
7.860173e+01 7.860173e+01
7.860173e+01 7.860173e+01
7.860173e+01 7.860173e+01
7.860173e+01 7.860173e+01
7.860173e+01 7.860173e+01
7.860173e+01 7.860173e+01
5.205909e+02 7.860173e+01
7.860173e+01 7.860173e+01
7.860173e+01 7.860173e+01
1.447647e+02 7.860173e+01
7.860173e+01 7.860173e+01
7.860173e+01 7.860173e+01
7.860173e+01 7.860173e+01
7.860173e+01 7.860173e+01
7.860173e+01 7.860173e+01
3.142854e+03 2.240188e+03
2.562151e+03 2.022230e+03
2.412933e+03 1.867514e+03
2.321626e+03 1.763448e+03
2.230657e+03 1.639746e+03
2.138658e+03 1.589428e+03
2.083511e+03 1.562657e+03
2.062406e+03 1.511295e+03
1.987510e+03 1.463649e+03
1.928902e+03 1.449209e+03
1.920436e+03 1.393783e+03
1.839495e+03 1.344544e+03
1.771469e+03 1.331200e+03
1.752182e+03 1.249931e+03
1.693162e+03 1.249931e+03
1.663997e+03 1.206283e+03
1.627696e+03 1.206283e+03
1.628991e+03 1.206283e+03
1.569253e+03 1.191045e+03
1.552723e+03 1.191045e+03
1.521431e+03 1.154354e+03
1.516195e+03 1.154354e+03
1.462251e+03 1.090578e+03
1.459558e+03 1.090578e+03
1.436874e+03 1.087418e+03
1.422066e+03 1.087418e+03
1.399297e+03 1.087418e+03
1.367706e+03 1.087418e+03
1.345231e+03 1.070875e+03
1.339337e+03 1.070875e+03
1.315940e+03 1.001373e+03
1.295488e+03 1.001373e+03
1.278991e+03 1.001373e+03
1.257135e+03 1.001373e+03
1.242058e+03 1.001373e+03
1.212130e+03 1.001373e+03
1.212027e+03 9.849282e+02
1.188464e+03 9.849282e+02
1.166356e+03 9.849282e+02
1.159593e+03 9.849282e+02
1.149434e+03 9.838845e+02
1.178164e+03 9.791445e+02
1.146224e+03 9.671090e+02
1.142335e+03 9.567336e+02
1.136470e+03 9.445929e+02
1.150991e+03 8.879522e+02
1.127252e+03 8.879522e+02
1.125928e+03 8.879522e+02
1.090792e+03 8.879522e+02
1.069846e+03 8.879522e+02
1.038815e+03 8.879522e+02
1.009032e+03 8.384801e+02
9.765269e+02 8.194139e+02
9.400824e+02 7.831817e+02
8.966012e+02 7.831817e+02
8.537129e+02 7.431357e+02
8.413895e+02 7.115667e+02
8.311534e+02 7.115667e+02
8.206319e+02 6.820152e+02
8.262490e+02 6.820152e+02
8.388869e+02 6.820152e+02
8.448598e+02 6.820152e+02
8.527489e+02 6.820152e+02
8.582935e+02 6.820152e+02
8.412270e+02 6.820152e+02
8.398375e+02 6.820152e+02
8.212386e+02 6.750710e+02
8.074981e+02 6.750710e+02
7.750568e+02 6.633989e+02
7.260954e+02 6.164510e+02
6.437530e+02 5.331085e+02
3.356563e+02 3.019147e+02
2.035670e+02 1.893396e+02
1.494703e+02 1.445161e+02
1.303849e+02 1.282609e+02
1.240068e+02 1.235347e+02
1.221037e+02 1.219938e+02
1.215592e+02 1.215250e+02
1.214279e+02 1.214218e+02
1.213979e+02 1.213960e+02
1.213882e+02 1.213877e+02
1.213857e+02 1.213856e+02
1.213851e+02 1.213850e+02
1.213849e+02 1.213849e+02
1.213848e+02 1.213848e+02
1.213848e+02 1.213848e+02
1.213848e+02 1.213848e+02
1.213848e+02 1.213848e+02
1.213848e+02 1.213848e+02
1.213848e+02 1.213848e+02
1.213848e+02 1.213848e+02
1.213848e+02 1.213848e+02
1.213848e+02 1.213848e+02
2.339019e+02 1.213848e+02
1.213848e+02 1.213848e+02
1.216100e+02 1.213848e+02
1.213848e+02 1.213848e+02
1.213848e+02 1.213848e+02
1.213848e+02 1.213848e+02
1.213848e+02 1.213848e+02
1.213848e+02 1.213848e+02
3.171164e+03 2.389984e+03
2.562318e+03 2.026035e+03
2.385968e+03 1.766133e+03
2.277934e+03 1.595722e+03
2.206017e+03 1.595722e+03
2.157271e+03 1.557855e+03
2.087998e+03 1.544900e+03
2.054451e+03 1.500861e+03
2.002241e+03 1.455368e+03
1.939031e+03 1.417976e+03
1.886769e+03 1.417976e+03
1.811310e+03 1.325791e+03
1.781509e+03 1.325791e+03
1.740435e+03 1.274193e+03
1.703160e+03 1.254094e+03
1.675414e+03 1.234957e+03
1.620449e+03 1.177878e+03
1.572602e+03 1.123831e+03
1.550587e+03 1.123831e+03
1.530062e+03 1.123831e+03
1.502564e+03 1.123831e+03
1.469642e+03 1.123831e+03
1.442397e+03 1.067583e+03
1.433025e+03 1.067583e+03
1.410751e+03 1.067583e+03
1.389753e+03 1.067583e+03
1.351556e+03 1.042835e+03
1.360717e+03 1.042835e+03
1.315448e+03 1.042835e+03
1.316548e+03 1.042835e+03
1.320149e+03 1.017357e+03
1.292190e+03 1.017357e+03
1.275707e+03 1.017357e+03
1.260388e+03 1.009268e+03
1.248599e+03 1.009268e+03
1.239996e+03 1.009268e+03
1.225448e+03 1.009268e+03
1.224241e+03 1.009268e+03
1.217552e+03 1.009268e+03
1.210608e+03 1.009268e+03
1.185801e+03 9.941555e+02
1.182000e+03 9.941555e+02
1.177955e+03 9.468041e+02
1.173461e+03 9.468041e+02
1.158008e+03 9.468041e+02
1.150847e+03 9.468041e+02
1.131976e+03 8.670929e+02
1.111170e+03 8.670929e+02
1.091971e+03 8.670929e+02
1.063387e+03 8.670929e+02
1.058905e+03 8.670929e+02
1.031826e+03 8.670929e+02
1.009061e+03 8.670929e+02
9.882995e+02 8.392057e+02
9.605246e+02 8.285504e+02
9.182216e+02 7.825260e+02
8.650061e+02 7.365875e+02
8.136224e+02 7.052420e+02
7.686956e+02 6.706016e+02
7.337878e+02 6.209924e+02
7.114594e+02 5.869422e+02
6.554746e+02 5.538377e+02
4.769967e+02 4.023397e+02
2.697665e+02 2.341909e+02
1.717520e+02 1.550975e+02
1.225813e+02 1.168171e+02
1.046393e+02 1.022325e+02
9.803040e+01 9.720210e+01
9.510502e+01 9.477913e+01
9.408457e+01 9.395994e+01
9.373680e+01 9.370081e+01
9.360290e+01 9.359007e+01
9.355295e+01 9.354827e+01
9.353402e+01 9.353232e+01
9.352817e+01 9.352769e+01
9.352666e+01 9.352653e+01
9.352625e+01 9.352622e+01
9.352614e+01 9.352613e+01
9.352611e+01 9.352611e+01
9.352610e+01 9.352610e+01
9.352610e+01 9.352610e+01
9.352610e+01 9.352610e+01
9.352610e+01 9.352610e+01
9.352610e+01 9.352610e+01
9.352610e+01 9.352610e+01
9.352610e+01 9.352610e+01
9.352610e+01 9.352610e+01
9.352610e+01 9.352610e+01
9.352610e+01 9.352610e+01
9.352610e+01 9.352610e+01
9.352610e+01 9.352610e+01
9.352610e+01 9.352610e+01
9.352610e+01 9.352610e+01
9.352610e+01 9.352610e+01
9.352610e+01 9.352610e+01
9.352610e+01 9.352610e+01
1.258314e+02 9.352610e+01
9.352610e+01 9.352610e+01
9.352610e+01 9.352610e+01
9.352610e+01 9.352610e+01
9.352610e+01 9.352610e+01
3.141834e+03 2.235535e+03
2.560370e+03 1.829417e+03
2.432287e+03 1.827182e+03
2.334213e+03 1.726521e+03
2.241180e+03 1.610733e+03
2.185040e+03 1.610733e+03
2.119017e+03 1.610733e+03
2.061836e+03 1.584057e+03
2.027215e+03 1.469518e+03
1.958146e+03 1.448014e+03
1.898435e+03 1.444890e+03
1.834755e+03 1.337563e+03
1.794400e+03 1.333259e+03
1.738672e+03 1.333259e+03
1.696141e+03 1.281307e+03
1.663954e+03 1.281307e+03
1.624032e+03 1.106471e+03
1.590279e+03 1.106471e+03
1.559479e+03 1.106471e+03
1.536949e+03 1.106471e+03
1.492510e+03 1.106471e+03
1.465409e+03 1.106471e+03
1.455342e+03 1.103601e+03
1.429069e+03 1.044695e+03
1.417517e+03 1.044695e+03
1.377653e+03 1.044695e+03
1.377273e+03 1.034137e+03
1.332120e+03 1.034137e+03
1.321191e+03 1.027805e+03
1.314138e+03 1.027221e+03
1.309827e+03 1.027221e+03
1.297314e+03 1.007708e+03
1.281902e+03 1.007708e+03
1.262550e+03 1.007708e+03
1.250111e+03 1.007708e+03
1.231682e+03 9.450697e+02
1.199453e+03 9.450697e+02
1.179013e+03 9.450697e+02
1.183516e+03 9.450697e+02
1.197337e+03 9.450697e+02
1.161964e+03 9.450697e+02
1.145037e+03 9.450697e+02
1.136490e+03 9.449341e+02
1.128910e+03 9.420393e+02
1.110805e+03 9.420393e+02
1.105188e+03 9.308425e+02
1.074780e+03 8.961011e+02
1.063863e+03 8.961011e+02
1.051551e+03 8.961011e+02
1.046857e+03 8.961011e+02
1.038718e+03 8.889979e+02
1.028354e+03 8.889979e+02
1.011547e+03 8.835387e+02
9.952592e+02 8.260763e+02
9.854230e+02 8.260763e+02
9.984535e+02 8.260763e+02
9.996742e+02 8.260763e+02
9.985480e+02 8.260763e+02
1.011380e+03 8.260763e+02
9.895181e+02 8.260763e+02
9.964071e+02 8.192264e+02
9.958802e+02 8.192264e+02
9.753115e+02 8.192264e+02
9.722781e+02 8.149530e+02
9.701430e+02 8.149530e+02
9.570194e+02 8.149530e+02
9.556127e+02 8.122233e+02
9.210020e+02 7.966409e+02
8.691351e+02 7.496269e+02
8.040427e+02 7.030394e+02
7.645186e+02 6.632465e+02
7.296470e+02 6.343333e+02
5.294110e+02 4.483125e+02
2.923604e+02 2.570834e+02
1.651176e+02 1.556085e+02
1.298203e+02 1.274919e+02
1.200248e+02 1.193214e+02
1.172720e+02 1.170961e+02
1.165869e+02 1.165455e+02
1.164490e+02 1.164401e+02
1.164178e+02 1.164165e+02
1.164119e+02 1.164115e+02
1.164105e+02 1.164104e+02
1.164102e+02 1.164102e+02
1.164101e+02 1.164101e+02
1.164101e+02 1.164101e+02
1.164101e+02 1.164101e+02
1.164101e+02 1.164101e+02
1.164101e+02 1.164101e+02
1.164101e+02 1.164101e+02
1.164101e+02 1.164101e+02
1.164101e+02 1.164101e+02
1.164101e+02 1.164101e+02
1.164101e+02 1.164101e+02
1.164101e+02 1.164101e+02
1.193690e+02 1.164101e+02
1.164101e+02 1.164101e+02
1.164101e+02 1.164101e+02
1.164361e+02 1.164101e+02
1.164101e+02 1.164101e+02
1.164101e+02 1.164101e+02
3.145985e+03 2.287365e+03
2.579995e+03 2.033421e+03
2.477057e+03 1.823338e+03
2.379021e+03 1.823338e+03
2.334091e+03 1.778118e+03
2.255592e+03 1.765964e+03
2.212547e+03 1.634018e+03
2.141582e+03 1.575040e+03
2.087356e+03 1.559938e+03
2.012254e+03 1.484889e+03
1.968331e+03 1.454144e+03
1.925019e+03 1.454144e+03
1.855183e+03 1.394033e+03
1.809613e+03 1.372984e+03
1.736040e+03 1.148664e+03
1.691940e+03 1.148664e+03
1.648876e+03 1.148664e+03
1.612796e+03 1.148664e+03
1.544072e+03 1.118190e+03
1.516830e+03 1.118190e+03
1.495850e+03 1.112556e+03
1.487527e+03 1.112556e+03
1.450558e+03 1.112556e+03
1.437185e+03 1.112556e+03
1.415864e+03 1.074426e+03
1.400106e+03 1.074426e+03
1.389526e+03 1.063182e+03
1.378535e+03 1.063182e+03
1.330452e+03 1.063182e+03
1.321305e+03 1.049525e+03
1.298972e+03 1.047944e+03
1.282049e+03 1.025917e+03
1.289350e+03 1.025917e+03
1.273845e+03 1.025917e+03
1.267221e+03 1.025917e+03
1.278327e+03 1.025917e+03
1.249776e+03 1.025917e+03
1.235090e+03 1.025917e+03
1.202629e+03 1.013025e+03
1.177988e+03 9.792135e+02
1.170301e+03 9.581003e+02
1.149363e+03 9.581003e+02
1.128126e+03 9.485650e+02
1.119352e+03 9.437817e+02
1.113609e+03 9.241711e+02
1.103655e+03 9.241711e+02
1.085542e+03 9.241711e+02
1.075768e+03 9.241711e+02
1.063619e+03 9.124258e+02
1.058377e+03 9.124258e+02
1.063361e+03 9.032885e+02
1.037499e+03 8.740281e+02
1.024535e+03 8.740281e+02
1.036073e+03 8.696160e+02
1.027983e+03 8.681130e+02
1.031186e+03 8.681130e+02
1.018334e+03 8.681130e+02
1.008275e+03 8.681130e+02
9.983617e+02 8.681130e+02
1.038743e+03 8.501031e+02
9.765930e+02 8.148417e+02
9.570648e+02 7.742170e+02
9.371158e+02 7.742170e+02
8.912127e+02 7.522888e+02
8.245184e+02 7.175080e+02
7.751222e+02 6.646345e+02
7.218172e+02 6.473705e+02
6.524049e+02 5.456764e+02
3.923282e+02 3.317554e+02
2.133665e+02 1.939872e+02
1.414180e+02 1.326130e+02
1.140251e+02 1.102211e+02
1.022853e+02 1.014098e+02
9.872381e+01 9.845592e+01
9.778872e+01 9.771315e+01
9.756755e+01 9.755221e+01
9.752039e+01 9.751707e+01
9.750894e+01 9.750825e+01
9.750674e+01 9.750661e+01
9.750615e+01 9.750611e+01
9.750597e+01 9.750596e+01
9.750593e+01 9.750592e+01
9.750591e+01 9.750591e+01
9.750591e+01 9.750591e+01
9.750591e+01 9.750591e+01
9.750591e+01 9.750591e+01
9.750591e+01 9.750591e+01
9.750591e+01 9.750591e+01
9.750591e+01 9.750591e+01
9.750591e+01 9.750591e+01
9.750591e+01 9.750591e+01
9.750591e+01 9.750591e+01
1.032163e+02 9.750591e+01
9.750591e+01 9.750591e+01
9.750591e+01 9.750591e+01
9.750591e+01 9.750591e+01
9.750591e+01 9.750591e+01
9.750591e+01 9.750591e+01
9.750591e+01 9.750591e+01
9.750591e+01 9.750591e+01
9.750591e+01 9.750591e+01
3.180157e+03 2.139772e+03
2.443469e+03 1.904898e+03
2.237635e+03 1.811449e+03
2.122849e+03 1.567718e+03
2.046212e+03 1.567718e+03
1.994529e+03 1.477343e+03
1.994724e+03 1.452421e+03
1.928055e+03 1.434307e+03
1.890784e+03 1.357280e+03
1.879374e+03 1.355034e+03
1.842128e+03 1.355034e+03
1.803985e+03 1.351542e+03
1.790994e+03 1.351542e+03
1.734689e+03 1.351542e+03
1.718684e+03 1.202020e+03
1.647517e+03 1.202020e+03
1.618842e+03 1.202020e+03
1.589271e+03 1.172996e+03
1.527297e+03 1.172996e+03
1.506916e+03 1.172996e+03
1.488586e+03 1.146887e+03
1.462900e+03 1.101691e+03
1.477081e+03 1.101691e+03
1.463122e+03 1.101691e+03
1.430526e+03 1.101691e+03
1.412552e+03 1.101691e+03
1.397479e+03 1.101691e+03
1.352828e+03 1.076956e+03
1.336174e+03 1.076956e+03
1.318450e+03 1.043306e+03
1.285630e+03 1.017032e+03
1.270207e+03 1.017032e+03
1.271486e+03 1.017032e+03
1.242356e+03 1.012156e+03
1.249015e+03 9.686457e+02
1.215657e+03 9.686457e+02
1.221899e+03 9.686457e+02
1.188813e+03 9.686457e+02
1.178468e+03 9.686457e+02
1.168525e+03 9.655850e+02
1.173852e+03 9.655850e+02
1.171399e+03 9.594396e+02
1.145164e+03 9.594396e+02
1.134072e+03 9.594396e+02
1.138285e+03 9.263118e+02
1.121860e+03 9.263118e+02
1.105854e+03 9.263118e+02
1.112744e+03 9.064011e+02
1.078194e+03 9.064011e+02
1.061816e+03 8.781477e+02
1.035138e+03 8.769160e+02
1.025057e+03 8.528601e+02
1.018693e+03 8.528601e+02
1.036949e+03 8.528601e+02
9.977830e+02 8.528601e+02
9.855724e+02 8.528601e+02
9.935105e+02 8.528601e+02
9.841671e+02 8.194362e+02
9.764285e+02 8.194362e+02
9.726585e+02 8.194362e+02
9.673273e+02 8.005792e+02
9.518478e+02 8.005792e+02
9.369652e+02 8.005792e+02
8.980633e+02 7.901126e+02
8.432032e+02 7.130250e+02
7.883664e+02 6.954924e+02
7.523534e+02 6.652566e+02
7.115606e+02 6.300621e+02
6.845047e+02 5.498008e+02
6.231546e+02 5.190364e+02
3.838360e+02 3.221802e+02
1.733977e+02 1.458467e+02
9.746186e+01 9.085674e+01
7.581779e+01 7.422242e+01
6.984466e+01 6.921469e+01
6.768173e+01 6.749005e+01
6.695066e+01 6.689507e+01
6.672105e+01 6.670894e+01
6.667716e+01 6.667463e+01
6.666601e+01 6.666524e+01
6.666330e+01 6.666316e+01
6.666251e+01 6.666247e+01
6.666230e+01 6.666229e+01
6.666226e+01 6.666225e+01
6.666224e+01 6.666224e+01
6.666224e+01 6.666224e+01
6.666224e+01 6.666224e+01
6.666224e+01 6.666224e+01
6.666224e+01 6.666224e+01
6.666224e+01 6.666224e+01
6.666224e+01 6.666224e+01
6.666224e+01 6.666224e+01
6.666224e+01 6.666224e+01
6.666224e+01 6.666224e+01
6.666227e+01 6.666224e+01
6.666224e+01 6.666224e+01
6.666224e+01 6.666224e+01
6.666224e+01 6.666224e+01
6.666224e+01 6.666224e+01
6.666224e+01 6.666224e+01
6.666224e+01 6.666224e+01
