9.579892e+09 4.166956e+07
7.174021e+07 2.559347e+06
3.259542e+07 1.182219e+06
1.998892e+07 1.010091e+06
1.328800e+07 8.380887e+05
1.062284e+07 5.185790e+05
8.431517e+06 3.950130e+05
6.967873e+06 3.719335e+05
5.952770e+06 1.603149e+05
4.888914e+06 1.591613e+05
4.196192e+06 1.559096e+05
3.457438e+06 1.495139e+05
2.990811e+06 1.360645e+05
2.714724e+06 1.358989e+05
2.419675e+06 1.351402e+05
2.238443e+06 1.350276e+05
2.011937e+06 1.349791e+05
1.830532e+06 1.287468e+05
1.636035e+06 1.263152e+05
1.515505e+06 1.259523e+05
1.377394e+06 1.214814e+05
1.303471e+06 1.112679e+05
1.225517e+06 1.092336e+05
1.137130e+06 1.088379e+05
1.041775e+06 1.056081e+05
9.781776e+05 1.050372e+05
9.005018e+05 7.446429e+04
8.178007e+05 7.258924e+04
7.515110e+05 7.256990e+04
6.962646e+05 7.246041e+04
6.361548e+05 7.228335e+04
5.839714e+05 7.179010e+04
5.385535e+05 7.095833e+04
4.895104e+05 7.091646e+04
4.225359e+05 6.149087e+04
3.424285e+05 4.553914e+04
2.832201e+05 3.939329e+04
2.326734e+05 3.839041e+04
1.829276e+05 3.353704e+04
1.429073e+05 2.298475e+04
1.134809e+05 1.948865e+04
8.988202e+04 1.526496e+04
6.937883e+04 1.348290e+04
5.290587e+04 1.001338e+04
3.996482e+04 6.243307e+03
3.038424e+04 5.898319e+03
2.242440e+04 3.714260e+03
1.645522e+04 2.923626e+03
1.216005e+04 1.473352e+03
9.084343e+03 1.458798e+03
6.947494e+03 1.452513e+03
5.357419e+03 1.438347e+03
3.973673e+03 1.245217e+03
3.084097e+03 1.210109e+03
2.430682e+03 1.085593e+03
2.048065e+03 1.017913e+03
1.751555e+03 9.105176e+02
1.520012e+03 9.018534e+02
1.334157e+03 8.966332e+02
1.212663e+03 8.635795e+02
1.113601e+03 8.137841e+02
1.033697e+03 8.129136e+02
9.217491e+02 7.441642e+02
8.184228e+02 6.239381e+02
7.361699e+02 6.099253e+02
6.741621e+02 5.385185e+02
6.326816e+02 5.235332e+02
6.032785e+02 4.922579e+02
5.793410e+02 4.615489e+02
5.575812e+02 4.473595e+02
5.390297e+02 4.259174e+02
5.193659e+02 4.044005e+02
5.010656e+02 3.902982e+02
4.775248e+02 3.826921e+02
4.515860e+02 3.543702e+02
4.083285e+02 3.152588e+02
3.605692e+02 2.925533e+02
3.216862e+02 2.773018e+02
2.979053e+02 2.673831e+02
2.822302e+02 2.533319e+02
2.688313e+02 2.443959e+02
2.562655e+02 2.360947e+02
2.472896e+02 2.306387e+02
2.403042e+02 2.227902e+02
2.350842e+02 2.185185e+02
2.308348e+02 2.128564e+02
2.270996e+02 2.114278e+02
2.240887e+02 2.102714e+02
2.210681e+02 2.062425e+02
2.185126e+02 2.035970e+02
2.165232e+02 2.018556e+02
2.150044e+02 2.018017e+02
2.137324e+02 2.000365e+02
2.124997e+02 1.989261e+02
2.113933e+02 1.987864e+02
2.106842e+02 1.977226e+02
2.099930e+02 1.969637e+02
2.095271e+02 1.966920e+02
2.087865e+02 1.953629e+02
2.084185e+02 1.946327e+02
2.082038e+02 1.946145e+02
9.579892e+09 4.166956e+07
6.892804e+07 2.194615e+03
2.817486e+07 2.194615e+03
1.782633e+07 2.194615e+03
1.285816e+07 2.194615e+03
1.017241e+07 2.194615e+03
8.275774e+06 2.194615e+03
6.806414e+06 2.194615e+03
5.610894e+06 2.194615e+03
4.853798e+06 2.194615e+03
4.248926e+06 2.194615e+03
3.860188e+06 2.194615e+03
3.348399e+06 2.194615e+03
3.033515e+06 2.194615e+03
2.734908e+06 2.194615e+03
2.469884e+06 2.194615e+03
2.247087e+06 2.194615e+03
2.046654e+06 2.194615e+03
1.890644e+06 2.194615e+03
1.768197e+06 2.194615e+03
1.587623e+06 2.194615e+03
1.464061e+06 2.194615e+03
1.343304e+06 2.194615e+03
1.248149e+06 2.194615e+03
1.152051e+06 2.194615e+03
1.028704e+06 2.194615e+03
9.504367e+05 2.194615e+03
8.946792e+05 2.194615e+03
8.262401e+05 2.194615e+03
7.638473e+05 2.194615e+03
6.838112e+05 2.194615e+03
6.449309e+05 2.194615e+03
5.888123e+05 2.194615e+03
5.538831e+05 2.194615e+03
5.176795e+05 2.194615e+03
4.847037e+05 2.194615e+03
4.554055e+05 2.194615e+03
4.249575e+05 2.194615e+03
3.942828e+05 2.194615e+03
3.593621e+05 2.194615e+03
3.190977e+05 2.194615e+03
2.905758e+05 2.194615e+03
2.609040e+05 2.194615e+03
2.328379e+05 2.194615e+03
2.049692e+05 2.194615e+03
1.821154e+05 2.194615e+03
1.623806e+05 2.194615e+03
1.418844e+05 2.194615e+03
1.229108e+05 2.194615e+03
9.936144e+04 2.194615e+03
8.237291e+04 2.194615e+03
6.603861e+04 2.194615e+03
5.134358e+04 2.194615e+03
4.083366e+04 2.194615e+03
3.174027e+04 2.194615e+03
2.516526e+04 2.194615e+03
1.836061e+04 2.194615e+03
1.415156e+04 2.194615e+03
1.068641e+04 2.184256e+03
8.205323e+03 1.715720e+03
6.136982e+03 1.443249e+03
4.570832e+03 1.265619e+03
2.716928e+03 1.096940e+03
1.495757e+03 8.394321e+02
1.046015e+03 7.231980e+02
8.673528e+02 6.547009e+02
7.611594e+02 5.975215e+02
7.013255e+02 5.720788e+02
6.632957e+02 5.411485e+02
6.295707e+02 5.180567e+02
6.029663e+02 5.071515e+02
5.760192e+02 4.720679e+02
5.552286e+02 4.439607e+02
5.391477e+02 4.383132e+02
5.224274e+02 4.151623e+02
5.046725e+02 3.798892e+02
4.865601e+02 3.704398e+02
4.646677e+02 3.685425e+02
4.337749e+02 3.349882e+02
3.919993e+02 3.143579e+02
3.578403e+02 2.929316e+02
3.239765e+02 2.754031e+02
2.981290e+02 2.567863e+02
2.754799e+02 2.435860e+02
2.589763e+02 2.252919e+02
2.473689e+02 2.218938e+02
2.374170e+02 2.163909e+02
2.283239e+02 2.053481e+02
2.200889e+02 1.948148e+02
2.114385e+02 1.879848e+02
2.044759e+02 1.805584e+02
1.996705e+02 1.764416e+02
1.949452e+02 1.764416e+02
1.918113e+02 1.742114e+02
1.901044e+02 1.720102e+02
1.882755e+02 1.709325e+02
1.867521e+02 1.688092e+02
1.854357e+02 1.683193e+02
1.843967e+02 1.665592e+02
1.837581e+02 1.650936e+02
1.834367e+02 1.646022e+02
9.579892e+09 4.166956e+07
6.468484e+07 2.164602e+03
2.973680e+07 2.164602e+03
1.791825e+07 2.164602e+03
1.266709e+07 2.164602e+03
9.458324e+06 2.164602e+03
7.543714e+06 2.164602e+03
6.239202e+06 2.164602e+03
5.180685e+06 2.164602e+03
4.378130e+06 2.164602e+03
3.854320e+06 2.164602e+03
3.438912e+06 2.164602e+03
2.946411e+06 2.164602e+03
2.655879e+06 2.164602e+03
2.388757e+06 2.164602e+03
2.144969e+06 2.164602e+03
1.955364e+06 2.164602e+03
1.804802e+06 2.164602e+03
1.609220e+06 2.164602e+03
1.477857e+06 2.164602e+03
1.374657e+06 2.164602e+03
1.244727e+06 2.164602e+03
1.101167e+06 2.164602e+03
1.040265e+06 2.164602e+03
9.842276e+05 2.164602e+03
8.879291e+05 2.164602e+03
8.027916e+05 2.164602e+03
7.476287e+05 2.164602e+03
7.014164e+05 2.164602e+03
6.499181e+05 2.164602e+03
6.032537e+05 2.164602e+03
5.390989e+05 2.164602e+03
4.822534e+05 2.164602e+03
4.296575e+05 2.164602e+03
3.753067e+05 2.164602e+03
3.260408e+05 2.164602e+03
2.859038e+05 2.164602e+03
2.532678e+05 2.164602e+03
2.092435e+05 2.164602e+03
1.802369e+05 2.164602e+03
1.519721e+05 2.164602e+03
1.247394e+05 2.164602e+03
1.027039e+05 2.164602e+03
8.320638e+04 2.164602e+03
6.295433e+04 2.164602e+03
5.076994e+04 2.164602e+03
3.997669e+04 2.164602e+03
3.063407e+04 2.164602e+03
2.345857e+04 2.164602e+03
1.789423e+04 2.164602e+03
1.354264e+04 2.164602e+03
1.018144e+04 1.976726e+03
7.533212e+03 1.641551e+03
5.613764e+03 1.285632e+03
4.249502e+03 1.039786e+03
3.244450e+03 9.788510e+02
2.476136e+03 9.142683e+02
1.961258e+03 7.836246e+02
1.572739e+03 7.240220e+02
1.314535e+03 6.998406e+02
1.158054e+03 6.863250e+02
1.034145e+03 6.115549e+02
8.741332e+02 6.041291e+02
7.522722e+02 5.697144e+02
6.860232e+02 5.502530e+02
6.424127e+02 5.370111e+02
6.120809e+02 5.045154e+02
5.926141e+02 4.919111e+02
5.752276e+02 4.734013e+02
5.580197e+02 4.658494e+02
5.417103e+02 4.439873e+02
5.194628e+02 4.174159e+02
4.967061e+02 4.069356e+02
4.723977e+02 3.890555e+02
4.392102e+02 3.578114e+02
4.013332e+02 3.415098e+02
3.672620e+02 3.222468e+02
3.410674e+02 3.138316e+02
3.254107e+02 2.966348e+02
3.106326e+02 2.865877e+02
2.966676e+02 2.733013e+02
2.829853e+02 2.583850e+02
2.746900e+02 2.562919e+02
2.674879e+02 2.530416e+02
2.626208e+02 2.450886e+02
2.568705e+02 2.408898e+02
2.527363e+02 2.336576e+02
2.489206e+02 2.329857e+02
2.452936e+02 2.290254e+02
2.423801e+02 2.282070e+02
2.395896e+02 2.236903e+02
2.378369e+02 2.227438e+02
2.365022e+02 2.227280e+02
2.357765e+02 2.223709e+02
2.350996e+02 2.196632e+02
2.343753e+02 2.196559e+02
2.337185e+02 2.196559e+02
2.333059e+02 2.196206e+02
2.329015e+02 2.193759e+02
2.325936e+02 2.189948e+02
2.321861e+02 2.189168e+02
9.579892e+09 4.166956e+07
6.503454e+07 2.218917e+03
2.887304e+07 2.218917e+03
1.815569e+07 2.218917e+03
1.274740e+07 2.218917e+03
8.864343e+06 2.218917e+03
6.874990e+06 2.218917e+03
5.964885e+06 2.218917e+03
5.178614e+06 2.218917e+03
4.547992e+06 2.218917e+03
4.026196e+06 2.218917e+03
3.640692e+06 2.218917e+03
3.026936e+06 2.218917e+03
2.711957e+06 2.218917e+03
2.486059e+06 2.218917e+03
2.228706e+06 2.218917e+03
2.028063e+06 2.218917e+03
1.841784e+06 2.218917e+03
1.686287e+06 2.218917e+03
1.564505e+06 2.218917e+03
1.409981e+06 2.218917e+03
1.299448e+06 2.218917e+03
1.238179e+06 2.218917e+03
1.156957e+06 2.218917e+03
1.086750e+06 2.218917e+03
9.984599e+05 2.218917e+03
9.175663e+05 2.218917e+03
8.462773e+05 2.218917e+03
7.903610e+05 2.218917e+03
7.286739e+05 2.218917e+03
6.947664e+05 2.218917e+03
6.423716e+05 2.218917e+03
6.152013e+05 2.218917e+03
5.624580e+05 2.218917e+03
5.237713e+05 2.218917e+03
4.782296e+05 2.218917e+03
4.411982e+05 2.218917e+03
4.106121e+05 2.218917e+03
3.796905e+05 2.218917e+03
3.501657e+05 2.218917e+03
3.123905e+05 2.218917e+03
2.815437e+05 2.218917e+03
2.510250e+05 2.218917e+03
2.153146e+05 2.218917e+03
1.875017e+05 2.218917e+03
1.655216e+05 2.218917e+03
1.426926e+05 2.218917e+03
1.195263e+05 2.218917e+03
1.021461e+05 2.218917e+03
8.612024e+04 2.218917e+03
7.330079e+04 2.218917e+03
5.894301e+04 2.218917e+03
4.759333e+04 2.218917e+03
3.808467e+04 2.218917e+03
2.990754e+04 2.218917e+03
2.346904e+04 2.218917e+03
1.842728e+04 2.218917e+03
1.401068e+04 2.218917e+03
1.005455e+04 2.123360e+03
7.921276e+03 1.602025e+03
6.045906e+03 1.525849e+03
4.840243e+03 1.259327e+03
3.102863e+03 1.082873e+03
1.743011e+03 8.944176e+02
1.138958e+03 7.658120e+02
9.257886e+02 6.925458e+02
8.140545e+02 6.599533e+02
7.449385e+02 6.049397e+02
7.015930e+02 5.869677e+02
6.739591e+02 5.690318e+02
6.528818e+02 5.341673e+02
6.335434e+02 5.293166e+02
6.142319e+02 5.137235e+02
5.948739e+02 4.988074e+02
5.766873e+02 4.930584e+02
5.587284e+02 4.780514e+02
5.375671e+02 4.586030e+02
5.175639e+02 4.417401e+02
4.937510e+02 4.047787e+02
4.659203e+02 3.982091e+02
4.331958e+02 3.745249e+02
4.057892e+02 3.671232e+02
3.865770e+02 3.571204e+02
3.727614e+02 3.450282e+02
3.592041e+02 3.284909e+02
3.479573e+02 3.192930e+02
3.362522e+02 3.059189e+02
3.234470e+02 2.930705e+02
3.119817e+02 2.840993e+02
3.017478e+02 2.750475e+02
2.933745e+02 2.682939e+02
2.861657e+02 2.649001e+02
2.809847e+02 2.615959e+02
2.773807e+02 2.569300e+02
2.747004e+02 2.558351e+02
2.723472e+02 2.538686e+02
2.707397e+02 2.531399e+02
2.694906e+02 2.505017e+02
2.686351e+02 2.495682e+02
2.678234e+02 2.479710e+02
2.672875e+02 2.470705e+02
9.579892e+09 4.166956e+07
6.789107e+07 2.247071e+03
2.991897e+07 2.247071e+03
1.735745e+07 2.247071e+03
1.256659e+07 2.247071e+03
9.872478e+06 2.247071e+03
7.650984e+06 2.247071e+03
6.581570e+06 2.247071e+03
5.633098e+06 2.247071e+03
4.716850e+06 2.247071e+03
4.149708e+06 2.247071e+03
3.626358e+06 2.247071e+03
3.222072e+06 2.247071e+03
2.835521e+06 2.247071e+03
2.518683e+06 2.247071e+03
2.301599e+06 2.247071e+03
2.032068e+06 2.247071e+03
1.788485e+06 2.247071e+03
1.575882e+06 2.247071e+03
1.460633e+06 2.247071e+03
1.335693e+06 2.247071e+03
1.211898e+06 2.247071e+03
1.117017e+06 2.247071e+03
1.016284e+06 2.247071e+03
9.473088e+05 2.247071e+03
8.892640e+05 2.247071e+03
8.065621e+05 2.247071e+03
7.483974e+05 2.247071e+03
6.936169e+05 2.247071e+03
6.584129e+05 2.247071e+03
6.135744e+05 2.247071e+03
5.623414e+05 2.247071e+03
5.163859e+05 2.247071e+03
4.648200e+05 2.247071e+03
4.178038e+05 2.247071e+03
3.684935e+05 2.247071e+03
3.168113e+05 2.247071e+03
2.771303e+05 2.247071e+03
2.463472e+05 2.247071e+03
2.112734e+05 2.247071e+03
1.759316e+05 2.247071e+03
1.482453e+05 2.247071e+03
1.245207e+05 2.247071e+03
9.941930e+04 2.247071e+03
7.970857e+04 2.247071e+03
6.188367e+04 2.247071e+03
4.941061e+04 2.247071e+03
3.475063e+04 2.247071e+03
2.582318e+04 2.247071e+03
1.845874e+04 2.247071e+03
1.396211e+04 2.247071e+03
1.143929e+04 2.183565e+03
8.937532e+03 1.928607e+03
6.832772e+03 1.570154e+03
5.043144e+03 1.462497e+03
3.861975e+03 1.177325e+03
3.040381e+03 1.078947e+03
2.435029e+03 9.377231e+02
1.990637e+03 8.896784e+02
1.632678e+03 8.702611e+02
1.414439e+03 8.390506e+02
1.264566e+03 8.136625e+02
1.050838e+03 7.724615e+02
8.678927e+02 7.091999e+02
7.888545e+02 6.554340e+02
7.382668e+02 5.831610e+02
6.926430e+02 5.499901e+02
6.581246e+02 5.254840e+02
6.305338e+02 5.226316e+02
6.098570e+02 4.958089e+02
5.903606e+02 4.898676e+02
5.748506e+02 4.800374e+02
5.579274e+02 4.545857e+02
5.392480e+02 4.428671e+02
5.227050e+02 4.204182e+02
4.991802e+02 4.052114e+02
4.730293e+02 3.730625e+02
4.442700e+02 3.583006e+02
4.147884e+02 3.414262e+02
3.856261e+02 3.275921e+02
3.574975e+02 3.103127e+02
3.372943e+02 3.049426e+02
3.217968e+02 2.972526e+02
3.113276e+02 2.888336e+02
3.015521e+02 2.785641e+02
2.927272e+02 2.701705e+02
2.846160e+02 2.653441e+02
2.787149e+02 2.623804e+02
2.742961e+02 2.573979e+02
2.703644e+02 2.524919e+02
2.666821e+02 2.494773e+02
2.643692e+02 2.481298e+02
2.623865e+02 2.463820e+02
2.610897e+02 2.454629e+02
2.599754e+02 2.454629e+02
2.591687e+02 2.441724e+02
2.585559e+02 2.418030e+02
2.578708e+02 2.414520e+02
2.573328e+02 2.400478e+02
2.569274e+02 2.386819e+02
2.566602e+02 2.386765e+02
9.579892e+09 4.166956e+07
6.159578e+07 2.238677e+03
2.925181e+07 2.238677e+03
1.855499e+07 2.238677e+03
1.272422e+07 2.238677e+03
9.785588e+06 2.238677e+03
7.692559e+06 2.238677e+03
6.285067e+06 2.238677e+03
5.166966e+06 2.238677e+03
4.325566e+06 2.238677e+03
3.815503e+06 2.238677e+03
3.271693e+06 2.238677e+03
2.973280e+06 2.238677e+03
2.540071e+06 2.238677e+03
2.287524e+06 2.238677e+03
2.071617e+06 2.238677e+03
1.906388e+06 2.238677e+03
1.714292e+06 2.238677e+03
1.553007e+06 2.238677e+03
1.412316e+06 2.238677e+03
1.310463e+06 2.238677e+03
1.240137e+06 2.238677e+03
1.149311e+06 2.238677e+03
1.069988e+06 2.238677e+03
9.809527e+05 2.238677e+03
8.872376e+05 2.238677e+03
8.368567e+05 2.238677e+03
7.765893e+05 2.238677e+03
6.970085e+05 2.238677e+03
6.244983e+05 2.238677e+03
5.494454e+05 2.238677e+03
4.771733e+05 2.238677e+03
4.077836e+05 2.238677e+03
3.590140e+05 2.238677e+03
2.893632e+05 2.238677e+03
2.393693e+05 2.238677e+03
1.907366e+05 2.238677e+03
1.591053e+05 2.238677e+03
1.182941e+05 2.238677e+03
9.342148e+04 2.238677e+03
6.964176e+04 2.238677e+03
5.391098e+04 2.238677e+03
4.222526e+04 2.238677e+03
3.167635e+04 2.238677e+03
2.353482e+04 2.238677e+03
1.802130e+04 2.238677e+03
1.378572e+04 2.238677e+03
1.013879e+04 2.167403e+03
7.414342e+03 1.749186e+03
5.837815e+03 1.490118e+03
4.505732e+03 1.303693e+03
3.407070e+03 1.282805e+03
2.648912e+03 1.083935e+03
2.183045e+03 9.506503e+02
1.807153e+03 9.072365e+02
1.545104e+03 8.391106e+02
1.350019e+03 8.202504e+02
1.197129e+03 7.616651e+02
1.078058e+03 7.476262e+02
1.005130e+03 7.279261e+02
9.421784e+02 7.133684e+02
9.042280e+02 6.940377e+02
8.436692e+02 6.608442e+02
7.668966e+02 6.272163e+02
7.223509e+02 5.961419e+02
6.780078e+02 5.547524e+02
6.405975e+02 5.297430e+02
6.127704e+02 5.034059e+02
5.905463e+02 4.531163e+02
5.721647e+02 4.501080e+02
5.529230e+02 4.371173e+02
5.386958e+02 4.328136e+02
5.218301e+02 4.217293e+02
5.083938e+02 4.096297e+02
4.888580e+02 4.020980e+02
4.666359e+02 3.859765e+02
4.402985e+02 3.675231e+02
4.108944e+02 3.392991e+02
3.725505e+02 3.140264e+02
3.444916e+02 2.973274e+02
3.179757e+02 2.772886e+02
2.969023e+02 2.679877e+02
2.829296e+02 2.574612e+02
2.710568e+02 2.427899e+02
2.575764e+02 2.318519e+02
2.462112e+02 2.189552e+02
2.343055e+02 2.046288e+02
2.265020e+02 2.042037e+02
2.209412e+02 1.975727e+02
2.163305e+02 1.974686e+02
2.137469e+02 1.944513e+02
2.111717e+02 1.943992e+02
2.097525e+02 1.935825e+02
2.080096e+02 1.916895e+02
2.068341e+02 1.908532e+02
2.058610e+02 1.902374e+02
2.050012e+02 1.900547e+02
2.043493e+02 1.869711e+02
2.038825e+02 1.862166e+02
2.034203e+02 1.859075e+02
2.031777e+02 1.845744e+02
9.579892e+09 4.166956e+07
6.618428e+07 2.185422e+03
2.853251e+07 2.185422e+03
1.742483e+07 2.185422e+03
1.222050e+07 2.185422e+03
9.644882e+06 2.185422e+03
7.768400e+06 2.185422e+03
6.168867e+06 2.185422e+03
5.386460e+06 2.185422e+03
4.688175e+06 2.185422e+03
3.926397e+06 2.185422e+03
3.445630e+06 2.185422e+03
3.059001e+06 2.185422e+03
2.660519e+06 2.185422e+03
2.441308e+06 2.185422e+03
2.242886e+06 2.185422e+03
2.030291e+06 2.185422e+03
1.907533e+06 2.185422e+03
1.763341e+06 2.185422e+03
1.673876e+06 2.185422e+03
1.537746e+06 2.185422e+03
1.412062e+06 2.185422e+03
1.245357e+06 2.185422e+03
1.142985e+06 2.185422e+03
1.061108e+06 2.185422e+03
9.749585e+05 2.185422e+03
8.934574e+05 2.185422e+03
8.291983e+05 2.185422e+03
7.555216e+05 2.185422e+03
7.005571e+05 2.185422e+03
6.494507e+05 2.185422e+03
5.934102e+05 2.185422e+03
5.436741e+05 2.185422e+03
5.105351e+05 2.185422e+03
4.757396e+05 2.185422e+03
4.402079e+05 2.185422e+03
4.046244e+05 2.185422e+03
3.701786e+05 2.185422e+03
3.511551e+05 2.185422e+03
3.329634e+05 2.185422e+03
3.102568e+05 2.185422e+03
2.989131e+05 2.185422e+03
2.811415e+05 2.185422e+03
2.660175e+05 2.185422e+03
2.469313e+05 2.185422e+03
2.323951e+05 2.185422e+03
2.182011e+05 2.185422e+03
2.019773e+05 2.185422e+03
1.849662e+05 2.185422e+03
1.681730e+05 2.185422e+03
1.521382e+05 2.185422e+03
1.353949e+05 2.185422e+03
1.211534e+05 2.185422e+03
1.074393e+05 2.185422e+03
9.547766e+04 2.185422e+03
8.137753e+04 2.185422e+03
7.027496e+04 2.185422e+03
5.908327e+04 2.185422e+03
4.885755e+04 2.185422e+03
3.836158e+04 2.185422e+03
2.956958e+04 2.185422e+03
2.314282e+04 2.185422e+03
1.499389e+04 2.185422e+03
6.677581e+03 1.664038e+03
3.131704e+03 1.187902e+03
1.825456e+03 8.335161e+02
1.228283e+03 7.279458e+02
9.511321e+02 7.187244e+02
8.161461e+02 6.284531e+02
7.469644e+02 5.636574e+02
6.993446e+02 5.578027e+02
6.598112e+02 5.566223e+02
6.261939e+02 5.258598e+02
5.999448e+02 4.932783e+02
5.775252e+02 4.688391e+02
5.597055e+02 4.586854e+02
5.424844e+02 4.193538e+02
5.239746e+02 4.149311e+02
5.079398e+02 4.068789e+02
4.905619e+02 3.989012e+02
4.713115e+02 3.727649e+02
4.475666e+02 3.657155e+02
4.220057e+02 3.370592e+02
3.974958e+02 3.333500e+02
3.709416e+02 3.153562e+02
3.492205e+02 3.074422e+02
3.299676e+02 2.945343e+02
3.182180e+02 2.859020e+02
3.074847e+02 2.830308e+02
2.988375e+02 2.725583e+02
2.902192e+02 2.645244e+02
2.817080e+02 2.510294e+02
2.743326e+02 2.453665e+02
2.680823e+02 2.416154e+02
2.645544e+02 2.414354e+02
2.612547e+02 2.384542e+02
2.590025e+02 2.358389e+02
2.570472e+02 2.338217e+02
2.556197e+02 2.323454e+02
2.547890e+02 2.321131e+02
2.539752e+02 2.319309e+02
9.579892e+09 4.166956e+07
6.610048e+07 2.231931e+03
2.650238e+07 2.231931e+03
1.560711e+07 2.231931e+03
1.138374e+07 2.231931e+03
8.939060e+06 2.231931e+03
7.155385e+06 2.231931e+03
6.171556e+06 2.231931e+03
5.255897e+06 2.231931e+03
4.483485e+06 2.231931e+03
3.865898e+06 2.231931e+03
3.429921e+06 2.231931e+03
3.079087e+06 2.231931e+03
2.770035e+06 2.231931e+03
2.467273e+06 2.231931e+03
2.234929e+06 2.231931e+03
2.013639e+06 2.231931e+03
1.741086e+06 2.231931e+03
1.606087e+06 2.231931e+03
1.485337e+06 2.231931e+03
1.385689e+06 2.231931e+03
1.267378e+06 2.231931e+03
1.153666e+06 2.231931e+03
1.047649e+06 2.231931e+03
9.498757e+05 2.231931e+03
8.672452e+05 2.231931e+03
7.968691e+05 2.231931e+03
7.346749e+05 2.231931e+03
6.772679e+05 2.231931e+03
6.212782e+05 2.231931e+03
5.875523e+05 2.231931e+03
5.345950e+05 2.231931e+03
4.947268e+05 2.231931e+03
4.674880e+05 2.231931e+03
4.207530e+05 2.231931e+03
3.851591e+05 2.231931e+03
3.409191e+05 2.231931e+03
3.018451e+05 2.231931e+03
2.718619e+05 2.231931e+03
2.216234e+05 2.231931e+03
1.831780e+05 2.231931e+03
1.560151e+05 2.231931e+03
1.318788e+05 2.231931e+03
1.074540e+05 2.231931e+03
8.869137e+04 2.231931e+03
7.134210e+04 2.231931e+03
5.789896e+04 2.231931e+03
4.587014e+04 2.231931e+03
3.559237e+04 2.231931e+03
2.774363e+04 2.231931e+03
2.046859e+04 2.231931e+03
1.508621e+04 2.231931e+03
1.121305e+04 2.231931e+03
8.127425e+03 1.724382e+03
6.070259e+03 1.465113e+03
4.588277e+03 1.171276e+03
3.632287e+03 9.828474e+02
2.888288e+03 9.807813e+02
2.320216e+03 9.784135e+02
1.833589e+03 9.184132e+02
1.568523e+03 8.769538e+02
1.367794e+03 8.483114e+02
1.140325e+03 7.976268e+02
9.260160e+02 7.532176e+02
8.354650e+02 7.099996e+02
7.802718e+02 6.376863e+02
7.384535e+02 5.980441e+02
7.102357e+02 5.980441e+02
6.834284e+02 5.580962e+02
6.584270e+02 5.455693e+02
6.307238e+02 5.305642e+02
6.078532e+02 5.128149e+02
5.819394e+02 4.896114e+02
5.569365e+02 4.743981e+02
5.308023e+02 4.572436e+02
5.120332e+02 4.270262e+02
4.923336e+02 4.254834e+02
4.710729e+02 4.189037e+02
4.488825e+02 4.002321e+02
4.274529e+02 3.884863e+02
4.047508e+02 3.684751e+02
3.831855e+02 3.564960e+02
3.697491e+02 3.475820e+02
3.594186e+02 3.376131e+02
3.503168e+02 3.281835e+02
3.395087e+02 3.150445e+02
3.312292e+02 3.100239e+02
3.236618e+02 2.978415e+02
3.183086e+02 2.965118e+02
3.130206e+02 2.923796e+02
3.081433e+02 2.860543e+02
3.035992e+02 2.848622e+02
3.002981e+02 2.832144e+02
2.978595e+02 2.827891e+02
2.959574e+02 2.803210e+02
2.946489e+02 2.800263e+02
2.935624e+02 2.799313e+02
2.927793e+02 2.776034e+02
2.922154e+02 2.770098e+02
2.914060e+02 2.762323e+02
2.910063e+02 2.759890e+02
9.579892e+09 4.166956e+07
6.686208e+07 2.276188e+03
2.471387e+07 2.276188e+03
1.626099e+07 2.276188e+03
1.206055e+07 2.276188e+03
9.190340e+06 2.276188e+03
7.272571e+06 2.276188e+03
6.108787e+06 2.276188e+03
5.227837e+06 2.276188e+03
4.376378e+06 2.276188e+03
3.844823e+06 2.276188e+03
3.372582e+06 2.276188e+03
3.038225e+06 2.276188e+03
2.659130e+06 2.276188e+03
2.296723e+06 2.276188e+03
2.069867e+06 2.276188e+03
1.816073e+06 2.276188e+03
1.677657e+06 2.276188e+03
1.522410e+06 2.276188e+03
1.352740e+06 2.276188e+03
1.255493e+06 2.276188e+03
1.157566e+06 2.276188e+03
1.057624e+06 2.276188e+03
9.517356e+05 2.276188e+03
8.763982e+05 2.276188e+03
8.042045e+05 2.276188e+03
7.602388e+05 2.276188e+03
7.004484e+05 2.276188e+03
6.541167e+05 2.276188e+03
5.830431e+05 2.276188e+03
5.179192e+05 2.276188e+03
4.638775e+05 2.276188e+03
4.140428e+05 2.276188e+03
3.575351e+05 2.276188e+03
3.085904e+05 2.276188e+03
2.522437e+05 2.276188e+03
2.146749e+05 2.276188e+03
1.781854e+05 2.276188e+03
1.490846e+05 2.276188e+03
1.180101e+05 2.276188e+03
9.274316e+04 2.276188e+03
7.317670e+04 2.276188e+03
5.994428e+04 2.276188e+03
4.723470e+04 2.276188e+03
3.576149e+04 2.276188e+03
2.766042e+04 2.276188e+03
2.054960e+04 2.276188e+03
1.494156e+04 2.276188e+03
1.119288e+04 2.276188e+03
8.304675e+03 1.949155e+03
6.412719e+03 1.342552e+03
5.012291e+03 1.135868e+03
3.910255e+03 1.134373e+03
3.110771e+03 1.131387e+03
2.436716e+03 9.938766e+02
1.998359e+03 9.341360e+02
1.662443e+03 8.606399e+02
1.465239e+03 8.414851e+02
1.281256e+03 7.738566e+02
1.133042e+03 7.669468e+02
1.044706e+03 7.463495e+02
9.660097e+02 6.661063e+02
8.585422e+02 6.616669e+02
7.524404e+02 5.912746e+02
6.860945e+02 5.539895e+02
6.426204e+02 5.237480e+02
6.080384e+02 4.885866e+02
5.798726e+02 4.698448e+02
5.522969e+02 4.430496e+02
5.312577e+02 4.401351e+02
5.086455e+02 4.094857e+02
4.838616e+02 3.818493e+02
4.560069e+02 3.371571e+02
4.214836e+02 3.272004e+02
3.845767e+02 3.189430e+02
3.529842e+02 2.900606e+02
3.235127e+02 2.743784e+02
2.984490e+02 2.544237e+02
2.757119e+02 2.450961e+02
2.609286e+02 2.358073e+02
2.486584e+02 2.236609e+02
2.365090e+02 2.168025e+02
2.268319e+02 2.048299e+02
2.186166e+02 1.970592e+02
2.115630e+02 1.935250e+02
2.048905e+02 1.855035e+02
1.990390e+02 1.806818e+02
1.926415e+02 1.721048e+02
1.880282e+02 1.696755e+02
1.842381e+02 1.673886e+02
1.816001e+02 1.662728e+02
1.795642e+02 1.629271e+02
1.778213e+02 1.615922e+02
1.763601e+02 1.615823e+02
1.750659e+02 1.613933e+02
1.741676e+02 1.597450e+02
1.730987e+02 1.578699e+02
1.723445e+02 1.575902e+02
1.718546e+02 1.575796e+02
1.714797e+02 1.574404e+02
1.711726e+02 1.574404e+02
9.579892e+09 4.166956e+07
7.016803e+07 2.157440e+03
2.735592e+07 2.157440e+03
1.752849e+07 2.157440e+03
1.299040e+07 2.157440e+03
1.003658e+07 2.157440e+03
8.014978e+06 2.157440e+03
6.683249e+06 2.157440e+03
5.538740e+06 2.157440e+03
4.875905e+06 2.157440e+03
4.212932e+06 2.157440e+03
3.662452e+06 2.157440e+03
3.170105e+06 2.157440e+03
2.887341e+06 2.157440e+03
2.697335e+06 2.157440e+03
2.463961e+06 2.157440e+03
2.210374e+06 2.157440e+03
1.975455e+06 2.157440e+03
1.837201e+06 2.157440e+03
1.689180e+06 2.157440e+03
1.551328e+06 2.157440e+03
1.471439e+06 2.157440e+03
1.323686e+06 2.157440e+03
1.249927e+06 2.157440e+03
1.123028e+06 2.157440e+03
1.041578e+06 2.157440e+03
9.635884e+05 2.157440e+03
8.779400e+05 2.157440e+03
8.028353e+05 2.157440e+03
7.254567e+05 2.157440e+03
6.553191e+05 2.157440e+03
5.796261e+05 2.157440e+03
4.976446e+05 2.157440e+03
4.234774e+05 2.157440e+03
3.556651e+05 2.157440e+03
2.927871e+05 2.157440e+03
2.319437e+05 2.157440e+03
1.736266e+05 2.157440e+03
1.366257e+05 2.157440e+03
1.089863e+05 2.157440e+03
8.174994e+04 2.157440e+03
6.273878e+04 2.157440e+03
4.619983e+04 2.157440e+03
3.394723e+04 2.157440e+03
2.616863e+04 2.157440e+03
1.943868e+04 2.157440e+03
1.396136e+04 2.157440e+03
1.020332e+04 2.112143e+03
7.244729e+03 1.921550e+03
5.331630e+03 1.562954e+03
4.166288e+03 1.260241e+03
3.300846e+03 1.198677e+03
2.649831e+03 1.084944e+03
2.163227e+03 9.580872e+02
1.825449e+03 9.527393e+02
1.547899e+03 9.431569e+02
1.385496e+03 8.219809e+02
1.223827e+03 8.067881e+02
1.124644e+03 7.891059e+02
1.047098e+03 7.548481e+02
9.805257e+02 7.132149e+02
9.303939e+02 6.568529e+02
8.491841e+02 6.296330e+02
7.528053e+02 6.142649e+02
7.087170e+02 5.803091e+02
6.729931e+02 5.272524e+02
6.421615e+02 4.991842e+02
6.136956e+02 4.730989e+02
5.906371e+02 4.730853e+02
5.689018e+02 4.652638e+02
5.521902e+02 4.592111e+02
5.346555e+02 4.514001e+02
5.182877e+02 4.106699e+02
4.997041e+02 4.075772e+02
4.763786e+02 3.648305e+02
4.479681e+02 3.521111e+02
4.201516e+02 3.383268e+02
3.846229e+02 3.275243e+02
3.560537e+02 3.040931e+02
3.295151e+02 2.907333e+02
3.091943e+02 2.808339e+02
2.939451e+02 2.700935e+02
2.822792e+02 2.599813e+02
2.725378e+02 2.544774e+02
2.640009e+02 2.414199e+02
2.546579e+02 2.308524e+02
2.475586e+02 2.282997e+02
2.411217e+02 2.202908e+02
2.358841e+02 2.164154e+02
2.310920e+02 2.142291e+02
2.279769e+02 2.127162e+02
2.247725e+02 2.077474e+02
2.219897e+02 2.027760e+02
2.194897e+02 2.027760e+02
2.174151e+02 2.006992e+02
2.154604e+02 1.957667e+02
2.138331e+02 1.955148e+02
2.127746e+02 1.955148e+02
2.120112e+02 1.945116e+02
2.114238e+02 1.942621e+02
2.109353e+02 1.938399e+02
9.579892e+09 4.166956e+07
6.326727e+07 2.193840e+03
2.603740e+07 2.193840e+03
1.635918e+07 2.193840e+03
1.207436e+07 2.193840e+03
9.018570e+06 2.193840e+03
7.301993e+06 2.193840e+03
6.066512e+06 2.193840e+03
5.095653e+06 2.193840e+03
4.305465e+06 2.193840e+03
3.766119e+06 2.193840e+03
3.336418e+06 2.193840e+03
2.820963e+06 2.193840e+03
2.472862e+06 2.193840e+03
2.274055e+06 2.193840e+03
2.075156e+06 2.193840e+03
1.889486e+06 2.193840e+03
1.697195e+06 2.193840e+03
1.536877e+06 2.193840e+03
1.404282e+06 2.193840e+03
1.274964e+06 2.193840e+03
1.176710e+06 2.193840e+03
1.075754e+06 2.193840e+03
1.003149e+06 2.193840e+03
9.005151e+05 2.193840e+03
8.235943e+05 2.193840e+03
7.622513e+05 2.193840e+03
6.887586e+05 2.193840e+03
6.279219e+05 2.193840e+03
5.503873e+05 2.193840e+03
4.699810e+05 2.193840e+03
3.959463e+05 2.193840e+03
3.065891e+05 2.193840e+03
2.606379e+05 2.193840e+03
2.121628e+05 2.193840e+03
1.678550e+05 2.193840e+03
1.379181e+05 2.193840e+03
1.113844e+05 2.193840e+03
9.009590e+04 2.193840e+03
7.425526e+04 2.193840e+03
5.983221e+04 2.193840e+03
4.887214e+04 2.193840e+03
3.712869e+04 2.193840e+03
2.823848e+04 2.193840e+03
2.169675e+04 2.193840e+03
1.617189e+04 2.193840e+03
1.190465e+04 2.193840e+03
8.857639e+03 2.170520e+03
6.695942e+03 1.907401e+03
5.254301e+03 1.451292e+03
4.108305e+03 1.291361e+03
3.130636e+03 1.186560e+03
2.478284e+03 1.047308e+03
2.024866e+03 1.005086e+03
1.747170e+03 9.620478e+02
1.515618e+03 8.772171e+02
1.341887e+03 8.615304e+02
1.216088e+03 8.562238e+02
1.105325e+03 7.899547e+02
1.024729e+03 7.577646e+02
9.761523e+02 7.282493e+02
9.301175e+02 7.080756e+02
8.614820e+02 6.891853e+02
7.867531e+02 6.383057e+02
7.452239e+02 6.186071e+02
7.114256e+02 6.070112e+02
6.778432e+02 5.676192e+02
6.487358e+02 5.350250e+02
6.224859e+02 5.098955e+02
5.996281e+02 5.077839e+02
5.834405e+02 4.911613e+02
5.641388e+02 4.734164e+02
5.488956e+02 4.519388e+02
5.334689e+02 4.430464e+02
5.182431e+02 4.175477e+02
5.015690e+02 4.057498e+02
4.795205e+02 3.931414e+02
4.500178e+02 3.569032e+02
4.153548e+02 3.453203e+02
3.793248e+02 3.271761e+02
3.459705e+02 3.057293e+02
3.232912e+02 2.900361e+02
3.059719e+02 2.798406e+02
2.904182e+02 2.622587e+02
2.742901e+02 2.468685e+02
2.607755e+02 2.372895e+02
2.506933e+02 2.262790e+02
2.410486e+02 2.153944e+02
2.346197e+02 2.123386e+02
2.291312e+02 2.089603e+02
2.255357e+02 2.064678e+02
2.221330e+02 2.049995e+02
2.192303e+02 2.034871e+02
2.167724e+02 1.985012e+02
2.148541e+02 1.969405e+02
2.130602e+02 1.946015e+02
2.116151e+02 1.940935e+02
2.100931e+02 1.906837e+02
2.087172e+02 1.894728e+02
2.079056e+02 1.876529e+02
2.072472e+02 1.873052e+02
9.579892e+09 4.166956e+07
6.753502e+07 2.187305e+03
2.934493e+07 2.187305e+03
1.787823e+07 2.187305e+03
1.234953e+07 2.187305e+03
9.304504e+06 2.187305e+03
7.431096e+06 2.187305e+03
6.250628e+06 2.187305e+03
5.257547e+06 2.187305e+03
4.483479e+06 2.187305e+03
3.864898e+06 2.187305e+03
3.399407e+06 2.187305e+03
3.050447e+06 2.187305e+03
2.701906e+06 2.187305e+03
2.416621e+06 2.187305e+03
2.190763e+06 2.187305e+03
1.991406e+06 2.187305e+03
1.738828e+06 2.187305e+03
1.577638e+06 2.187305e+03
1.460829e+06 2.187305e+03
1.300846e+06 2.187305e+03
1.205385e+06 2.187305e+03
1.112493e+06 2.187305e+03
1.027513e+06 2.187305e+03
9.470342e+05 2.187305e+03
8.770083e+05 2.187305e+03
8.071066e+05 2.187305e+03
7.529136e+05 2.187305e+03
7.078537e+05 2.187305e+03
6.488395e+05 2.187305e+03
6.109829e+05 2.187305e+03
5.653936e+05 2.187305e+03
5.211036e+05 2.187305e+03
4.667088e+05 2.187305e+03
4.185921e+05 2.187305e+03
3.637332e+05 2.187305e+03
3.089399e+05 2.187305e+03
2.525886e+05 2.187305e+03
2.022233e+05 2.187305e+03
1.642969e+05 2.187305e+03
1.350760e+05 2.187305e+03
1.075577e+05 2.187305e+03
8.643499e+04 2.187305e+03
6.476609e+04 2.187305e+03
4.986129e+04 2.187305e+03
3.835924e+04 2.187305e+03
2.873551e+04 2.187305e+03
2.198205e+04 2.187305e+03
1.631984e+04 2.187305e+03
1.180540e+04 2.187305e+03
8.744432e+03 1.938317e+03
6.488537e+03 1.542324e+03
5.029010e+03 1.295275e+03
3.855482e+03 1.213203e+03
3.087442e+03 1.013893e+03
2.456460e+03 8.807130e+02
1.942991e+03 8.538508e+02
1.618972e+03 7.775104e+02
1.390182e+03 7.223148e+02
1.202601e+03 6.854372e+02
1.060581e+03 6.821719e+02
9.569352e+02 6.517257e+02
8.425226e+02 6.032518e+02
7.344487e+02 5.971969e+02
6.835083e+02 5.566908e+02
6.491838e+02 5.329825e+02
6.243684e+02 5.058271e+02
5.999574e+02 5.011020e+02
5.823268e+02 4.598329e+02
5.641832e+02 4.544118e+02
5.447089e+02 4.484581e+02
5.213181e+02 4.174965e+02
4.947186e+02 4.033158e+02
4.646044e+02 3.746212e+02
4.244306e+02 3.537944e+02
3.860494e+02 3.274655e+02
3.540644e+02 3.125594e+02
3.308168e+02 3.037918e+02
3.142395e+02 2.900348e+02
3.003037e+02 2.728785e+02
2.878143e+02 2.532741e+02
2.726143e+02 2.464117e+02
2.600741e+02 2.376283e+02
2.493968e+02 2.272725e+02
2.413722e+02 2.217180e+02
2.350949e+02 2.178185e+02
2.308243e+02 2.157833e+02
2.270733e+02 2.143326e+02
2.245749e+02 2.123159e+02
2.225849e+02 2.112113e+02
2.211430e+02 2.059374e+02
2.199468e+02 2.058920e+02
2.186163e+02 2.034877e+02
2.176037e+02 2.034057e+02
2.169606e+02 2.006991e+02
2.161759e+02 2.000792e+02
2.155890e+02 2.000490e+02
2.152510e+02 1.995748e+02
2.146788e+02 1.992522e+02
2.143922e+02 1.985607e+02
2.140563e+02 1.978710e+02
9.579892e+09 4.166956e+07
7.173243e+07 2.197871e+03
2.765309e+07 2.197871e+03
1.703359e+07 2.197871e+03
1.200268e+07 2.197871e+03
9.255599e+06 2.197871e+03
7.450178e+06 2.197871e+03
6.106150e+06 2.197871e+03
5.028607e+06 2.197871e+03
4.217276e+06 2.197871e+03
3.692573e+06 2.197871e+03
3.207141e+06 2.197871e+03
2.893697e+06 2.197871e+03
2.560824e+06 2.197871e+03
2.304130e+06 2.197871e+03
2.080212e+06 2.197871e+03
1.944065e+06 2.197871e+03
1.770524e+06 2.197871e+03
1.577635e+06 2.197871e+03
1.439279e+06 2.197871e+03
1.292523e+06 2.197871e+03
1.208857e+06 2.197871e+03
1.075530e+06 2.197871e+03
9.470139e+05 2.197871e+03
8.529866e+05 2.197871e+03
7.700275e+05 2.197871e+03
6.933855e+05 2.197871e+03
6.417766e+05 2.197871e+03
5.512141e+05 2.197871e+03
4.743850e+05 2.197871e+03
3.940585e+05 2.197871e+03
3.310994e+05 2.197871e+03
2.595935e+05 2.197871e+03
2.118497e+05 2.197871e+03
1.681728e+05 2.197871e+03
1.342589e+05 2.197871e+03
1.053967e+05 2.197871e+03
8.305430e+04 2.197871e+03
6.145463e+04 2.197871e+03
4.888580e+04 2.197871e+03
3.732424e+04 2.197871e+03
2.734555e+04 2.197871e+03
1.931982e+04 2.197871e+03
1.428140e+04 2.197871e+03
1.080248e+04 1.869841e+03
8.235459e+03 1.666727e+03
6.257175e+03 1.528285e+03
4.790547e+03 1.296341e+03
3.738239e+03 1.138248e+03
2.969395e+03 1.137767e+03
2.366440e+03 1.010612e+03
1.968146e+03 1.008596e+03
1.678764e+03 9.030876e+02
1.443949e+03 8.515790e+02
1.280649e+03 7.754252e+02
1.132872e+03 7.657166e+02
1.026563e+03 7.200490e+02
9.465584e+02 6.729195e+02
8.811121e+02 6.426150e+02
8.445716e+02 6.280797e+02
8.099761e+02 5.695649e+02
7.826664e+02 5.666643e+02
7.280041e+02 5.642370e+02
6.703868e+02 5.294555e+02
6.314123e+02 4.975091e+02
6.077907e+02 4.821579e+02
5.878607e+02 4.808117e+02
5.743560e+02 4.696546e+02
5.605805e+02 4.292054e+02
5.503232e+02 4.218883e+02
5.392070e+02 4.049119e+02
5.263309e+02 3.883819e+02
5.124663e+02 3.810659e+02
4.926190e+02 3.773082e+02
4.644671e+02 3.302891e+02
4.345320e+02 3.136394e+02
3.889155e+02 3.069333e+02
3.446616e+02 2.828758e+02
3.103793e+02 2.710764e+02
2.873369e+02 2.615983e+02
2.724060e+02 2.452292e+02
2.580085e+02 2.285627e+02
2.445918e+02 2.207392e+02
2.326607e+02 2.121411e+02
2.240599e+02 2.001805e+02
2.163109e+02 1.959370e+02
2.106376e+02 1.928162e+02
2.059455e+02 1.913019e+02
2.026641e+02 1.872230e+02
1.998548e+02 1.867036e+02
1.975543e+02 1.828429e+02
1.957576e+02 1.826933e+02
1.943872e+02 1.812016e+02
1.933485e+02 1.792078e+02
1.926918e+02 1.790295e+02
1.918739e+02 1.784708e+02
1.914160e+02 1.781419e+02
1.911357e+02 1.778443e+02
1.907033e+02 1.770860e+02
1.904486e+02 1.769349e+02
1.902503e+02 1.750168e+02
9.579892e+09 4.166956e+07
6.923878e+07 2.175017e+03
2.895862e+07 2.175017e+03
1.804303e+07 2.175017e+03
1.365782e+07 2.175017e+03
1.013927e+07 2.175017e+03
7.862549e+06 2.175017e+03
6.347645e+06 2.175017e+03
5.234594e+06 2.175017e+03
4.533272e+06 2.175017e+03
4.017016e+06 2.175017e+03
3.563628e+06 2.175017e+03
3.065160e+06 2.175017e+03
2.696154e+06 2.175017e+03
2.477713e+06 2.175017e+03
2.202782e+06 2.175017e+03
2.058711e+06 2.175017e+03
1.839318e+06 2.175017e+03
1.645052e+06 2.175017e+03
1.508941e+06 2.175017e+03
1.379293e+06 2.175017e+03
1.272342e+06 2.175017e+03
1.150717e+06 2.175017e+03
1.079708e+06 2.175017e+03
9.980660e+05 2.175017e+03
9.294859e+05 2.175017e+03
8.712107e+05 2.175017e+03
8.070176e+05 2.175017e+03
7.525463e+05 2.175017e+03
7.041691e+05 2.175017e+03
6.242774e+05 2.175017e+03
5.705643e+05 2.175017e+03
5.249457e+05 2.175017e+03
4.798771e+05 2.175017e+03
4.288799e+05 2.175017e+03
3.906321e+05 2.175017e+03
3.557472e+05 2.175017e+03
3.065154e+05 2.175017e+03
2.699317e+05 2.175017e+03
2.325447e+05 2.175017e+03
1.902489e+05 2.175017e+03
1.661956e+05 2.175017e+03
1.403251e+05 2.175017e+03
1.144379e+05 2.175017e+03
9.446673e+04 2.175017e+03
7.295083e+04 2.175017e+03
5.682758e+04 2.175017e+03
4.320176e+04 2.175017e+03
3.255499e+04 2.175017e+03
2.390935e+04 2.175017e+03
1.910744e+04 2.175017e+03
1.514102e+04 2.175017e+03
1.212608e+04 2.175017e+03
9.509533e+03 2.058889e+03
7.076764e+03 1.556291e+03
5.403942e+03 1.257513e+03
4.139723e+03 1.126122e+03
3.228841e+03 1.118483e+03
2.463699e+03 1.069645e+03
2.018944e+03 9.472251e+02
1.664756e+03 9.084998e+02
1.422386e+03 8.282190e+02
1.139889e+03 7.534203e+02
9.349988e+02 7.260585e+02
8.324003e+02 6.802538e+02
7.768585e+02 6.018717e+02
7.402487e+02 5.836076e+02
7.118160e+02 5.836076e+02
6.910721e+02 5.793107e+02
6.723157e+02 5.628792e+02
6.513636e+02 5.418312e+02
6.323241e+02 5.133128e+02
6.175169e+02 5.006667e+02
5.999978e+02 4.915437e+02
5.810847e+02 4.833402e+02
5.614685e+02 4.751259e+02
5.361869e+02 4.437751e+02
5.033000e+02 4.307463e+02
4.663503e+02 4.066659e+02
4.332886e+02 3.851451e+02
4.078733e+02 3.740399e+02
3.905912e+02 3.653492e+02
3.778562e+02 3.541044e+02
3.671079e+02 3.408852e+02
3.543868e+02 3.289282e+02
3.417542e+02 3.176721e+02
3.296485e+02 3.041780e+02
3.219388e+02 3.008202e+02
3.157287e+02 2.974940e+02
3.102633e+02 2.941822e+02
3.071250e+02 2.915602e+02
3.035992e+02 2.904347e+02
3.017057e+02 2.855434e+02
3.002186e+02 2.847537e+02
2.990861e+02 2.847537e+02
2.981372e+02 2.838596e+02
2.974537e+02 2.828014e+02
2.969050e+02 2.827121e+02
2.963629e+02 2.824385e+02
2.959740e+02 2.824304e+02
2.956240e+02 2.820061e+02
9.579892e+09 4.166956e+07
6.269148e+07 2.282006e+03
2.584286e+07 2.282006e+03
1.723244e+07 2.282006e+03
1.200002e+07 2.282006e+03
9.364096e+06 2.282006e+03
7.463310e+06 2.282006e+03
6.023211e+06 2.282006e+03
5.179911e+06 2.282006e+03
4.380487e+06 2.282006e+03
3.878290e+06 2.282006e+03
3.292252e+06 2.282006e+03
2.899082e+06 2.282006e+03
2.536589e+06 2.282006e+03
2.300627e+06 2.282006e+03
2.082667e+06 2.282006e+03
1.883376e+06 2.282006e+03
1.728129e+06 2.282006e+03
1.512258e+06 2.282006e+03
1.392554e+06 2.282006e+03
1.284188e+06 2.282006e+03
1.201107e+06 2.282006e+03
1.129704e+06 2.282006e+03
9.959411e+05 2.282006e+03
8.828456e+05 2.282006e+03
8.100449e+05 2.282006e+03
7.650332e+05 2.282006e+03
6.976931e+05 2.282006e+03
6.531581e+05 2.282006e+03
5.937701e+05 2.282006e+03
5.527035e+05 2.282006e+03
5.231621e+05 2.282006e+03
4.940640e+05 2.282006e+03
4.586175e+05 2.282006e+03
4.249555e+05 2.282006e+03
3.973583e+05 2.282006e+03
3.709307e+05 2.282006e+03
3.386263e+05 2.282006e+03
3.014590e+05 2.282006e+03
2.744665e+05 2.282006e+03
2.360440e+05 2.282006e+03
1.939003e+05 2.282006e+03
1.633021e+05 2.282006e+03
1.353683e+05 2.282006e+03
1.104035e+05 2.282006e+03
9.169749e+04 2.282006e+03
7.630546e+04 2.282006e+03
6.201967e+04 2.282006e+03
4.839054e+04 2.282006e+03
3.805109e+04 2.282006e+03
2.931289e+04 2.282006e+03
2.245854e+04 2.282006e+03
1.762735e+04 2.282006e+03
1.359478e+04 2.282006e+03
9.990805e+03 1.843609e+03
7.314503e+03 1.810698e+03
5.567186e+03 1.539059e+03
4.022036e+03 1.447833e+03
3.129443e+03 1.249119e+03
2.474007e+03 1.030270e+03
2.052100e+03 9.246994e+02
1.742669e+03 7.989363e+02
1.295132e+03 7.985839e+02
9.752247e+02 7.121401e+02
8.222312e+02 6.628324e+02
7.443822e+02 5.883831e+02
6.894484e+02 5.741972e+02
6.489358e+02 5.403018e+02
6.233709e+02 5.248044e+02
6.002588e+02 5.004347e+02
5.799200e+02 4.761486e+02
5.614144e+02 4.530867e+02
5.436491e+02 4.437047e+02
5.274397e+02 4.313229e+02
5.132127e+02 3.992184e+02
4.971983e+02 3.917565e+02
4.791879e+02 3.899954e+02
4.546743e+02 3.521710e+02
4.273154e+02 3.434689e+02
3.945295e+02 3.110097e+02
3.637862e+02 3.079566e+02
3.375089e+02 2.915236e+02
3.183850e+02 2.710898e+02
3.001910e+02 2.661119e+02
2.854774e+02 2.543565e+02
2.736242e+02 2.496171e+02
2.659297e+02 2.450447e+02
2.602899e+02 2.423754e+02
2.557211e+02 2.367773e+02
2.519785e+02 2.336593e+02
2.475336e+02 2.279381e+02
2.443390e+02 2.273495e+02
2.421431e+02 2.256063e+02
2.396472e+02 2.230102e+02
2.380967e+02 2.199069e+02
2.368046e+02 2.193591e+02
2.354097e+02 2.183832e+02
2.344549e+02 2.126729e+02
2.336134e+02 2.123775e+02
2.327295e+02 2.115499e+02
2.318454e+02 2.108475e+02
9.579892e+09 4.166956e+07
6.711915e+07 2.210848e+03
2.861679e+07 2.210848e+03
1.721444e+07 2.210848e+03
1.232041e+07 2.210848e+03
9.151330e+06 2.210848e+03
7.327300e+06 2.210848e+03
6.277012e+06 2.210848e+03
5.209426e+06 2.210848e+03
4.512043e+06 2.210848e+03
3.882748e+06 2.210848e+03
3.279196e+06 2.210848e+03
2.883015e+06 2.210848e+03
2.602034e+06 2.210848e+03
2.376641e+06 2.210848e+03
2.176154e+06 2.210848e+03
1.925821e+06 2.210848e+03
1.759378e+06 2.210848e+03
1.674561e+06 2.210848e+03
1.509104e+06 2.210848e+03
1.422638e+06 2.210848e+03
1.308402e+06 2.210848e+03
1.185938e+06 2.210848e+03
1.095431e+06 2.210848e+03
1.033870e+06 2.210848e+03
9.548449e+05 2.210848e+03
8.725930e+05 2.210848e+03
7.987946e+05 2.210848e+03
7.315098e+05 2.210848e+03
6.648656e+05 2.210848e+03
6.219265e+05 2.210848e+03
5.670771e+05 2.210848e+03
5.039351e+05 2.210848e+03
4.551547e+05 2.210848e+03
3.952142e+05 2.210848e+03
3.383308e+05 2.210848e+03
2.775054e+05 2.210848e+03
2.396874e+05 2.210848e+03
2.050369e+05 2.210848e+03
1.640072e+05 2.210848e+03
1.309297e+05 2.210848e+03
1.068884e+05 2.210848e+03
8.288452e+04 2.210848e+03
6.599288e+04 2.210848e+03
5.246523e+04 2.210848e+03
3.895879e+04 2.210848e+03
3.016876e+04 2.210848e+03
2.365629e+04 2.210848e+03
1.697581e+04 2.210848e+03
1.212171e+04 2.210848e+03
8.981244e+03 2.129859e+03
6.732196e+03 1.524759e+03
5.114250e+03 1.230368e+03
3.826711e+03 1.128499e+03
2.968058e+03 1.116941e+03
2.391751e+03 1.083759e+03
1.918653e+03 9.157468e+02
1.615302e+03 8.948300e+02
1.403152e+03 8.324045e+02
1.271092e+03 7.925873e+02
1.153046e+03 7.618062e+02
1.063656e+03 7.426990e+02
9.528009e+02 7.217329e+02
8.286392e+02 6.393793e+02
7.682446e+02 6.196525e+02
7.332829e+02 6.120902e+02
7.028427e+02 5.859615e+02
6.808186e+02 5.513134e+02
6.573178e+02 5.438835e+02
6.331054e+02 5.039376e+02
5.982125e+02 4.897595e+02
5.589367e+02 4.594073e+02
5.212247e+02 4.422189e+02
4.879876e+02 4.338196e+02
4.573285e+02 4.097263e+02
4.311112e+02 3.975208e+02
4.149765e+02 3.896306e+02
4.036927e+02 3.836527e+02
3.963127e+02 3.789802e+02
3.864204e+02 3.616618e+02
3.759243e+02 3.555931e+02
3.652229e+02 3.495284e+02
3.596928e+02 3.419898e+02
3.541409e+02 3.381303e+02
3.506734e+02 3.358344e+02
3.472541e+02 3.329334e+02
3.445785e+02 3.316736e+02
3.426493e+02 3.296213e+02
3.406096e+02 3.278192e+02
3.390506e+02 3.258022e+02
3.380395e+02 3.233609e+02
3.371619e+02 3.223525e+02
3.364025e+02 3.221343e+02
3.357840e+02 3.206735e+02
3.352138e+02 3.206623e+02
3.347147e+02 3.206623e+02
3.343460e+02 3.205881e+02
3.339123e+02 3.205304e+02
3.335441e+02 3.194004e+02
3.333487e+02 3.192119e+02
3.330705e+02 3.183767e+02
9.579892e+09 4.166956e+07
6.776182e+07 2.318377e+03
2.495232e+07 2.318377e+03
1.485146e+07 2.318377e+03
1.063758e+07 2.318377e+03
8.034469e+06 2.318377e+03
6.638166e+06 2.318377e+03
5.443659e+06 2.318377e+03
4.632831e+06 2.318377e+03
4.039365e+06 2.318377e+03
3.573157e+06 2.318377e+03
3.124079e+06 2.318377e+03
2.800900e+06 2.318377e+03
2.490688e+06 2.318377e+03
2.264264e+06 2.318377e+03
2.024777e+06 2.318377e+03
1.805936e+06 2.318377e+03
1.635261e+06 2.318377e+03
1.498379e+06 2.318377e+03
1.368623e+06 2.318377e+03
1.263999e+06 2.318377e+03
1.173166e+06 2.318377e+03
1.097733e+06 2.318377e+03
1.023956e+06 2.318377e+03
9.419857e+05 2.318377e+03
8.902896e+05 2.318377e+03
8.070302e+05 2.318377e+03
7.362163e+05 2.318377e+03
6.690088e+05 2.318377e+03
5.842143e+05 2.318377e+03
5.232948e+05 2.318377e+03
4.612282e+05 2.318377e+03
3.958969e+05 2.318377e+03
3.230642e+05 2.318377e+03
2.618118e+05 2.318377e+03
2.229709e+05 2.318377e+03
1.815794e+05 2.318377e+03
1.474573e+05 2.318377e+03
1.186634e+05 2.318377e+03
9.334453e+04 2.318377e+03
7.331717e+04 2.318377e+03
5.592969e+04 2.318377e+03
4.147635e+04 2.318377e+03
3.372059e+04 2.318377e+03
2.609792e+04 2.318377e+03
2.024375e+04 2.318377e+03
1.450173e+04 2.000982e+03
1.078219e+04 1.698449e+03
7.850167e+03 1.670674e+03
6.161629e+03 1.472067e+03
4.649160e+03 1.324726e+03
3.706608e+03 1.147090e+03
2.767611e+03 1.014016e+03
2.210443e+03 9.498203e+02
1.805897e+03 8.474794e+02
1.515430e+03 7.926218e+02
1.304426e+03 7.709955e+02
1.157923e+03 7.134167e+02
1.039966e+03 6.695266e+02
9.659585e+02 6.600141e+02
8.998200e+02 6.480928e+02
8.534386e+02 6.452058e+02
7.848222e+02 5.871302e+02
7.084221e+02 5.642085e+02
6.609985e+02 5.151027e+02
6.306671e+02 5.078769e+02
6.024440e+02 4.570008e+02
5.802961e+02 4.567272e+02
5.626833e+02 4.548348e+02
5.466305e+02 4.502344e+02
5.326903e+02 4.290330e+02
5.199416e+02 4.290147e+02
5.061459e+02 4.154958e+02
4.937010e+02 3.970948e+02
4.799400e+02 3.944499e+02
4.659940e+02 3.909575e+02
4.499200e+02 3.712630e+02
4.339016e+02 3.402618e+02
4.066691e+02 3.186797e+02
3.729206e+02 3.085412e+02
3.361825e+02 2.887441e+02
3.120029e+02 2.784067e+02
2.967513e+02 2.708627e+02
2.842017e+02 2.599985e+02
2.720116e+02 2.483319e+02
2.623394e+02 2.371795e+02
2.533603e+02 2.322169e+02
2.471421e+02 2.281260e+02
2.417749e+02 2.207478e+02
2.375929e+02 2.203188e+02
2.342862e+02 2.203188e+02
2.313413e+02 2.174462e+02
2.295378e+02 2.166668e+02
2.285377e+02 2.134534e+02
2.273158e+02 2.106538e+02
2.264765e+02 2.106197e+02
2.256213e+02 2.105031e+02
2.247653e+02 2.088294e+02
2.240998e+02 2.082452e+02
2.237258e+02 2.082452e+02
2.233909e+02 2.073327e+02
9.579892e+09 4.166956e+07
7.043595e+07 2.207333e+03
2.945232e+07 2.207333e+03
1.746669e+07 2.207333e+03
1.190271e+07 2.207333e+03
8.824275e+06 2.207333e+03
6.974879e+06 2.207333e+03
5.855001e+06 2.207333e+03
4.919849e+06 2.207333e+03
4.248545e+06 2.207333e+03
3.780400e+06 2.207333e+03
3.273049e+06 2.207333e+03
2.839781e+06 2.207333e+03
2.538646e+06 2.207333e+03
2.303466e+06 2.207333e+03
2.062587e+06 2.207333e+03
1.862939e+06 2.207333e+03
1.711678e+06 2.207333e+03
1.567100e+06 2.207333e+03
1.449761e+06 2.207333e+03
1.325347e+06 2.207333e+03
1.234206e+06 2.207333e+03
1.154712e+06 2.207333e+03
1.068544e+06 2.207333e+03
9.889566e+05 2.207333e+03
9.220170e+05 2.207333e+03
8.583596e+05 2.207333e+03
7.783850e+05 2.207333e+03
7.221019e+05 2.207333e+03
6.450330e+05 2.207333e+03
5.687252e+05 2.207333e+03
4.948420e+05 2.207333e+03
4.415765e+05 2.207333e+03
3.813902e+05 2.207333e+03
3.248844e+05 2.207333e+03
2.778016e+05 2.207333e+03
2.309165e+05 2.207333e+03
1.886646e+05 2.207333e+03
1.557387e+05 2.207333e+03
1.242872e+05 2.207333e+03
9.713061e+04 2.207333e+03
7.590310e+04 2.207333e+03
6.039385e+04 2.207333e+03
4.579106e+04 2.207333e+03
3.414411e+04 2.207333e+03
2.519569e+04 2.207333e+03
1.872627e+04 2.207333e+03
1.357849e+04 2.207333e+03
1.011511e+04 2.100504e+03
7.325220e+03 1.644695e+03
5.410113e+03 1.489742e+03
4.087106e+03 1.262761e+03
3.089631e+03 1.100082e+03
2.554138e+03 1.004951e+03
2.109478e+03 9.620415e+02
1.736736e+03 8.837796e+02
1.451459e+03 8.473476e+02
1.255322e+03 8.093039e+02
1.117519e+03 7.650470e+02
1.022344e+03 7.075483e+02
9.430450e+02 6.513320e+02
8.930716e+02 6.113615e+02
7.994457e+02 5.856891e+02
7.027309e+02 5.380197e+02
6.393653e+02 5.105610e+02
5.934530e+02 4.661321e+02
5.535656e+02 4.204492e+02
5.220497e+02 4.138810e+02
4.954809e+02 3.946598e+02
4.716810e+02 3.723354e+02
4.453304e+02 3.359383e+02
4.203171e+02 3.273201e+02
3.891300e+02 3.098185e+02
3.588953e+02 2.815759e+02
3.292391e+02 2.673656e+02
3.050315e+02 2.452843e+02
2.843389e+02 2.305026e+02
2.601278e+02 2.210316e+02
2.400249e+02 2.140992e+02
2.266940e+02 2.032275e+02
2.167717e+02 1.956529e+02
2.084532e+02 1.874237e+02
2.009933e+02 1.851658e+02
1.964348e+02 1.807403e+02
1.921769e+02 1.777202e+02
1.887464e+02 1.757543e+02
1.862686e+02 1.717027e+02
1.840354e+02 1.689695e+02
1.821304e+02 1.659436e+02
1.803497e+02 1.649905e+02
1.787237e+02 1.645126e+02
1.776551e+02 1.636838e+02
1.767313e+02 1.634243e+02
1.761311e+02 1.631409e+02
1.753791e+02 1.631028e+02
1.749482e+02 1.625665e+02
1.746048e+02 1.625522e+02
1.743121e+02 1.617878e+02
1.739775e+02 1.601408e+02
1.736678e+02 1.591057e+02
1.735041e+02 1.591057e+02
9.579892e+09 4.166956e+07
6.577429e+07 2.159106e+03
2.839055e+07 2.159106e+03
1.697743e+07 2.159106e+03
1.197688e+07 2.159106e+03
8.701994e+06 2.159106e+03
6.687040e+06 2.159106e+03
5.615293e+06 2.159106e+03
4.781553e+06 2.159106e+03
4.199734e+06 2.159106e+03
3.746971e+06 2.159106e+03
3.289248e+06 2.159106e+03
2.879667e+06 2.159106e+03
2.579491e+06 2.159106e+03
2.270935e+06 2.159106e+03
2.011290e+06 2.159106e+03
1.844239e+06 2.159106e+03
1.695626e+06 2.159106e+03
1.583938e+06 2.159106e+03
1.437473e+06 2.159106e+03
1.312122e+06 2.159106e+03
1.236919e+06 2.159106e+03
1.125551e+06 2.159106e+03
1.064310e+06 2.159106e+03
9.916578e+05 2.159106e+03
9.006212e+05 2.159106e+03
8.237008e+05 2.159106e+03
7.465912e+05 2.159106e+03
6.718565e+05 2.159106e+03
5.917465e+05 2.159106e+03
5.106753e+05 2.159106e+03
4.287226e+05 2.159106e+03
3.486356e+05 2.159106e+03
2.662017e+05 2.159106e+03
2.114992e+05 2.159106e+03
1.715891e+05 2.159106e+03
1.340253e+05 2.159106e+03
1.046315e+05 2.159106e+03
8.335820e+04 2.159106e+03
6.591696e+04 2.159106e+03
5.183610e+04 2.159106e+03
3.894107e+04 2.159106e+03
2.936487e+04 2.159106e+03
2.245582e+04 2.159106e+03
1.677127e+04 2.159106e+03
1.260251e+04 2.159106e+03
9.798689e+03 2.159106e+03
7.468722e+03 1.691187e+03
5.767584e+03 1.384368e+03
4.294708e+03 1.328856e+03
3.317193e+03 1.156746e+03
2.582788e+03 1.029060e+03
2.073166e+03 9.291397e+02
1.738822e+03 8.548623e+02
1.542193e+03 7.895822e+02
1.317931e+03 7.748110e+02
1.152170e+03 6.983362e+02
1.033104e+03 6.338531e+02
9.548749e+02 6.310902e+02
8.959822e+02 6.169272e+02
8.461823e+02 5.896958e+02
7.898843e+02 5.591214e+02
7.145611e+02 5.166229e+02
6.333256e+02 5.025433e+02
5.830793e+02 4.658013e+02
5.506406e+02 4.342874e+02
5.260200e+02 3.859885e+02
5.115104e+02 3.859885e+02
4.967898e+02 3.848527e+02
4.841047e+02 3.764270e+02
4.724906e+02 3.742120e+02
4.603293e+02 3.617883e+02
4.523470e+02 3.583562e+02
4.427434e+02 3.557307e+02
4.348995e+02 3.448835e+02
4.278982e+02 3.448297e+02
4.203160e+02 3.340190e+02
4.123128e+02 3.190320e+02
4.025071e+02 3.091987e+02
3.918809e+02 3.088092e+02
3.820871e+02 2.851905e+02
3.714337e+02 2.835727e+02
3.555473e+02 2.826430e+02
3.428427e+02 2.770879e+02
3.295881e+02 2.643018e+02
3.130765e+02 2.610524e+02
2.938219e+02 2.552567e+02
2.810865e+02 2.455368e+02
2.703298e+02 2.384624e+02
2.610572e+02 2.351191e+02
2.552801e+02 2.330415e+02
2.491799e+02 2.211843e+02
2.446749e+02 2.199543e+02
2.408561e+02 2.148914e+02
2.376297e+02 2.140681e+02
2.340074e+02 2.098425e+02
2.307051e+02 2.066521e+02
2.282651e+02 2.023711e+02
2.258300e+02 2.004284e+02
2.246385e+02 1.998504e+02
2.236600e+02 1.990069e+02
9.579892e+09 4.166956e+07
7.036508e+07 2.199007e+03
3.063103e+07 2.199007e+03
1.878167e+07 2.199007e+03
1.291033e+07 2.199007e+03
9.946055e+06 2.199007e+03
8.292773e+06 2.199007e+03
6.937679e+06 2.199007e+03
5.824185e+06 2.199007e+03
4.992829e+06 2.199007e+03
4.303276e+06 2.199007e+03
3.784571e+06 2.199007e+03
3.301092e+06 2.199007e+03
2.911922e+06 2.199007e+03
2.686099e+06 2.199007e+03
2.466476e+06 2.199007e+03
2.195820e+06 2.199007e+03
2.007065e+06 2.199007e+03
1.855388e+06 2.199007e+03
1.719277e+06 2.199007e+03
1.559425e+06 2.199007e+03
1.413004e+06 2.199007e+03
1.303082e+06 2.199007e+03
1.152561e+06 2.199007e+03
1.071864e+06 2.199007e+03
9.824043e+05 2.199007e+03
9.060677e+05 2.199007e+03
8.531564e+05 2.199007e+03
7.886139e+05 2.199007e+03
7.376968e+05 2.199007e+03
6.896667e+05 2.199007e+03
6.224121e+05 2.199007e+03
5.741297e+05 2.199007e+03
5.095047e+05 2.199007e+03
4.460644e+05 2.199007e+03
3.963906e+05 2.199007e+03
3.403844e+05 2.199007e+03
2.892099e+05 2.199007e+03
2.465955e+05 2.199007e+03
2.021157e+05 2.199007e+03
1.650469e+05 2.199007e+03
1.274175e+05 2.199007e+03
1.009710e+05 2.199007e+03
8.144503e+04 2.199007e+03
6.465138e+04 2.199007e+03
4.926967e+04 2.199007e+03
3.745680e+04 2.199007e+03
2.845069e+04 2.199007e+03
2.146957e+04 2.199007e+03
1.638473e+04 2.199007e+03
1.241491e+04 2.199007e+03
9.351538e+03 2.199007e+03
7.269554e+03 1.755810e+03
5.353739e+03 1.507111e+03
4.090835e+03 1.211096e+03
3.093336e+03 1.092882e+03
2.413898e+03 8.604839e+02
1.955706e+03 8.498700e+02
1.594834e+03 8.274767e+02
1.373749e+03 7.512260e+02
1.201561e+03 7.117480e+02
1.077178e+03 6.538909e+02
9.148939e+02 6.417464e+02
7.628266e+02 5.919761e+02
7.033518e+02 5.730762e+02
6.636550e+02 5.235913e+02
6.396708e+02 5.073149e+02
6.160819e+02 5.013511e+02
5.974403e+02 5.003844e+02
5.806133e+02 4.965518e+02
5.677708e+02 4.706333e+02
5.555071e+02 4.616881e+02
5.395184e+02 4.354694e+02
5.246396e+02 4.169653e+02
5.046153e+02 4.040613e+02
4.763932e+02 3.765026e+02
4.420230e+02 3.532706e+02
3.983247e+02 3.365971e+02
3.647825e+02 3.160155e+02
3.425408e+02 3.093661e+02
3.256684e+02 2.950927e+02
3.123977e+02 2.861871e+02
3.001816e+02 2.728172e+02
2.904820e+02 2.676377e+02
2.815726e+02 2.570330e+02
2.753197e+02 2.554959e+02
2.691849e+02 2.529033e+02
2.643853e+02 2.452197e+02
2.603796e+02 2.439050e+02
2.574367e+02 2.416784e+02
2.549108e+02 2.401862e+02
2.527079e+02 2.385886e+02
2.509689e+02 2.370127e+02
2.492999e+02 2.325059e+02
2.480087e+02 2.305325e+02
2.470360e+02 2.291271e+02
2.461521e+02 2.277104e+02
2.454132e+02 2.276485e+02
2.448191e+02 2.274678e+02
2.444157e+02 2.273857e+02
2.440907e+02 2.244406e+02
9.579892e+09 4.166956e+07
6.443345e+07 2.224441e+03
2.813149e+07 2.224441e+03
1.727024e+07 2.224441e+03
1.144830e+07 2.224441e+03
9.050029e+06 2.224441e+03
7.305006e+06 2.224441e+03
6.066179e+06 2.224441e+03
5.212161e+06 2.224441e+03
4.459361e+06 2.224441e+03
3.849130e+06 2.224441e+03
3.243326e+06 2.224441e+03
2.851365e+06 2.224441e+03
2.550019e+06 2.224441e+03
2.293629e+06 2.224441e+03
2.080557e+06 2.224441e+03
1.889506e+06 2.224441e+03
1.701886e+06 2.224441e+03
1.518672e+06 2.224441e+03
1.397191e+06 2.224441e+03
1.296913e+06 2.224441e+03
1.208001e+06 2.224441e+03
1.128382e+06 2.224441e+03
1.066809e+06 2.224441e+03
9.798500e+05 2.224441e+03
8.953132e+05 2.224441e+03
8.393175e+05 2.224441e+03
7.785142e+05 2.224441e+03
7.045308e+05 2.224441e+03
6.496535e+05 2.224441e+03
5.802797e+05 2.224441e+03
5.339869e+05 2.224441e+03
4.615363e+05 2.224441e+03
4.102297e+05 2.224441e+03
3.655137e+05 2.224441e+03
3.015925e+05 2.224441e+03
2.424682e+05 2.224441e+03
1.871165e+05 2.224441e+03
1.451091e+05 2.224441e+03
1.130180e+05 2.224441e+03
8.759958e+04 2.224441e+03
6.857965e+04 2.224441e+03
5.263018e+04 2.224441e+03
4.010177e+04 2.224441e+03
3.107683e+04 2.224441e+03
2.303447e+04 2.224441e+03
1.741126e+04 2.224441e+03
1.219719e+04 2.224441e+03
8.991884e+03 1.725948e+03
6.667997e+03 1.457268e+03
5.256670e+03 1.390207e+03
3.853143e+03 1.155136e+03
2.952458e+03 9.774948e+02
2.273501e+03 9.136899e+02
1.847103e+03 8.722271e+02
1.575775e+03 7.791887e+02
1.342136e+03 7.343939e+02
1.154170e+03 6.998534e+02
1.029075e+03 6.764309e+02
9.318435e+02 6.549043e+02
8.686558e+02 6.178382e+02
8.165798e+02 5.572352e+02
7.284530e+02 5.185195e+02
6.370003e+02 4.883172e+02
5.947783e+02 4.594722e+02
5.630868e+02 4.409419e+02
5.442830e+02 4.251839e+02
5.264315e+02 4.198914e+02
5.115243e+02 4.158633e+02
4.975939e+02 4.099492e+02
4.843813e+02 3.980560e+02
4.691473e+02 3.836195e+02
4.535037e+02 3.717802e+02
4.331370e+02 3.593550e+02
4.106219e+02 3.251355e+02
3.819041e+02 3.155027e+02
3.489651e+02 2.910883e+02
3.190669e+02 2.676866e+02
2.954160e+02 2.582904e+02
2.786114e+02 2.544600e+02
2.655386e+02 2.394028e+02
2.570995e+02 2.346720e+02
2.492107e+02 2.284402e+02
2.413344e+02 2.201585e+02
2.353839e+02 2.184168e+02
2.311732e+02 2.142509e+02
2.273839e+02 2.114434e+02
2.237046e+02 2.070724e+02
2.202029e+02 2.008438e+02
2.166743e+02 1.994171e+02
2.141874e+02 1.986893e+02
2.125990e+02 1.982369e+02
2.111577e+02 1.971732e+02
2.101909e+02 1.958582e+02
2.093209e+02 1.940256e+02
2.083902e+02 1.940134e+02
2.079062e+02 1.940134e+02
2.074066e+02 1.929339e+02
2.069549e+02 1.907841e+02
2.066053e+02 1.907841e+02
2.062781e+02 1.906215e+02
9.579892e+09 4.166956e+07
6.587345e+07 2.190621e+03
2.620975e+07 2.190621e+03
1.576404e+07 2.190621e+03
1.145212e+07 2.190621e+03
8.538112e+06 2.190621e+03
7.228363e+06 2.190621e+03
5.938110e+06 2.190621e+03
4.987238e+06 2.190621e+03
4.216387e+06 2.190621e+03
3.739014e+06 2.190621e+03
3.247278e+06 2.190621e+03
2.927411e+06 2.190621e+03
2.628360e+06 2.190621e+03
2.314607e+06 2.190621e+03
2.023261e+06 2.190621e+03
1.840918e+06 2.190621e+03
1.641297e+06 2.190621e+03
1.528808e+06 2.190621e+03
1.399226e+06 2.190621e+03
1.288080e+06 2.190621e+03
1.186101e+06 2.190621e+03
1.101146e+06 2.190621e+03
9.844261e+05 2.190621e+03
8.701872e+05 2.190621e+03
7.940561e+05 2.190621e+03
7.079484e+05 2.190621e+03
6.349033e+05 2.190621e+03
5.680122e+05 2.190621e+03
4.915282e+05 2.190621e+03
3.984392e+05 2.190621e+03
3.430708e+05 2.190621e+03
2.730994e+05 2.190621e+03
2.113796e+05 2.190621e+03
1.608587e+05 2.190621e+03
1.248777e+05 2.190621e+03
9.755850e+04 2.190621e+03
7.192420e+04 2.190621e+03
5.663691e+04 2.190621e+03
4.390789e+04 2.190621e+03
3.366270e+04 2.190621e+03
2.574848e+04 2.190621e+03
1.993971e+04 2.190621e+03
1.551481e+04 2.190621e+03
1.137623e+04 2.190621e+03
8.654280e+03 2.000428e+03
6.594453e+03 1.792092e+03
5.041355e+03 1.609914e+03
3.953260e+03 1.273530e+03
3.126496e+03 1.224639e+03
2.469830e+03 1.130791e+03
2.001907e+03 1.052347e+03
1.715994e+03 9.359945e+02
1.466925e+03 9.160068e+02
1.305708e+03 8.935309e+02
1.174071e+03 8.016806e+02
1.085756e+03 7.599701e+02
1.012953e+03 7.541328e+02
9.616798e+02 7.461210e+02
9.136593e+02 6.673320e+02
8.746741e+02 6.654196e+02
8.396408e+02 6.555280e+02
7.822766e+02 6.084295e+02
7.194239e+02 5.746389e+02
6.766335e+02 5.680620e+02
6.444544e+02 5.113436e+02
6.159236e+02 4.890117e+02
5.889430e+02 4.838349e+02
5.712675e+02 4.630313e+02
5.510932e+02 4.630313e+02
5.286595e+02 4.140300e+02
4.943727e+02 3.953697e+02
4.538132e+02 3.694288e+02
4.211971e+02 3.516148e+02
3.884454e+02 3.336791e+02
3.617893e+02 3.185252e+02
3.394009e+02 3.100374e+02
3.256117e+02 3.003488e+02
3.142680e+02 2.964752e+02
3.063507e+02 2.893944e+02
2.988493e+02 2.782149e+02
2.905283e+02 2.682949e+02
2.831717e+02 2.681158e+02
2.770415e+02 2.568074e+02
2.716267e+02 2.558306e+02
2.672258e+02 2.520357e+02
2.630140e+02 2.471714e+02
2.598174e+02 2.456663e+02
2.570164e+02 2.428510e+02
2.543970e+02 2.401293e+02
2.526047e+02 2.370767e+02
2.508401e+02 2.370235e+02
2.494365e+02 2.351201e+02
2.484062e+02 2.346670e+02
2.474755e+02 2.340606e+02
2.468684e+02 2.330992e+02
2.461481e+02 2.313059e+02
2.456317e+02 2.312757e+02
2.452146e+02 2.290826e+02
2.449287e+02 2.289348e+02
2.445733e+02 2.283463e+02
9.579892e+09 4.166956e+07
6.728153e+07 2.228346e+03
2.960401e+07 2.228346e+03
1.822031e+07 2.228346e+03
1.328188e+07 2.228346e+03
1.053206e+07 2.228346e+03
8.288845e+06 2.228346e+03
6.528366e+06 2.228346e+03
5.282118e+06 2.228346e+03
4.532236e+06 2.228346e+03
3.984007e+06 2.228346e+03
3.449012e+06 2.228346e+03
2.996307e+06 2.228346e+03
2.717536e+06 2.228346e+03
2.484315e+06 2.228346e+03
2.220406e+06 2.228346e+03
1.957594e+06 2.228346e+03
1.741628e+06 2.228346e+03
1.523518e+06 2.228346e+03
1.393214e+06 2.228346e+03
1.278990e+06 2.228346e+03
1.154068e+06 2.228346e+03
1.054315e+06 2.228346e+03
9.689554e+05 2.228346e+03
9.096971e+05 2.228346e+03
8.425604e+05 2.228346e+03
7.690193e+05 2.228346e+03
6.992591e+05 2.228346e+03
6.416373e+05 2.228346e+03
5.407835e+05 2.228346e+03
4.706081e+05 2.228346e+03
3.998052e+05 2.228346e+03
3.392705e+05 2.228346e+03
2.819801e+05 2.228346e+03
2.410960e+05 2.228346e+03
1.835742e+05 2.228346e+03
1.466114e+05 2.228346e+03
1.127110e+05 2.228346e+03
8.690099e+04 2.228346e+03
6.433430e+04 2.228346e+03
4.834313e+04 2.228346e+03
3.536772e+04 2.228346e+03
2.568538e+04 2.228346e+03
1.828061e+04 2.228346e+03
1.323113e+04 2.228346e+03
1.029259e+04 2.228346e+03
7.843394e+03 1.788544e+03
6.121767e+03 1.384057e+03
4.408028e+03 1.014956e+03
3.383469e+03 9.768355e+02
2.680540e+03 9.470932e+02
2.097601e+03 8.610123e+02
1.697258e+03 8.156497e+02
1.454467e+03 7.976671e+02
1.252483e+03 7.091901e+02
1.126363e+03 6.849633e+02
1.025784e+03 6.729273e+02
9.353356e+02 6.425400e+02
8.714511e+02 5.706934e+02
8.174622e+02 5.651961e+02
7.809493e+02 5.604820e+02
7.502625e+02 5.569198e+02
6.889099e+02 5.137715e+02
6.247728e+02 5.058880e+02
5.946114e+02 4.850109e+02
5.699440e+02 4.699435e+02
5.518396e+02 4.482681e+02
5.388333e+02 4.374256e+02
5.236290e+02 4.350096e+02
5.086543e+02 3.900852e+02
4.950743e+02 3.843826e+02
4.814365e+02 3.786432e+02
4.697446e+02 3.650056e+02
4.556350e+02 3.589431e+02
4.434793e+02 3.488121e+02
4.328095e+02 3.272925e+02
4.189947e+02 3.214821e+02
4.035151e+02 3.130361e+02
3.812723e+02 2.989073e+02
3.578226e+02 2.719669e+02
3.225093e+02 2.517311e+02
2.907328e+02 2.404400e+02
2.647874e+02 2.244144e+02
2.465875e+02 2.136241e+02
2.304432e+02 1.948060e+02
2.182357e+02 1.927428e+02
2.077433e+02 1.822048e+02
1.990002e+02 1.777488e+02
1.911193e+02 1.651785e+02
1.846412e+02 1.591307e+02
1.786515e+02 1.527508e+02
1.731909e+02 1.523859e+02
1.694146e+02 1.484188e+02
1.661603e+02 1.437368e+02
1.637355e+02 1.435438e+02
1.619837e+02 1.431105e+02
1.598834e+02 1.423159e+02
1.584241e+02 1.413023e+02
1.574126e+02 1.412426e+02
1.565588e+02 1.402014e+02
1.559582e+02 1.385105e+02
9.579892e+09 4.166956e+07
6.770860e+07 2.138510e+03
2.903973e+07 2.138510e+03
1.677341e+07 2.138510e+03
1.193569e+07 2.138510e+03
9.352207e+06 2.138510e+03
7.375639e+06 2.138510e+03
6.082899e+06 2.138510e+03
5.238272e+06 2.138510e+03
4.432018e+06 2.138510e+03
3.919348e+06 2.138510e+03
3.460385e+06 2.138510e+03
2.973122e+06 2.138510e+03
2.681778e+06 2.138510e+03
2.358742e+06 2.138510e+03
2.116152e+06 2.138510e+03
1.927410e+06 2.138510e+03
1.749628e+06 2.138510e+03
1.629045e+06 2.138510e+03
1.510444e+06 2.138510e+03
1.372048e+06 2.138510e+03
1.251479e+06 2.138510e+03
1.159738e+06 2.138510e+03
1.044645e+06 2.138510e+03
9.199429e+05 2.138510e+03
8.565805e+05 2.138510e+03
7.615358e+05 2.138510e+03
7.069200e+05 2.138510e+03
6.285946e+05 2.138510e+03
5.464881e+05 2.138510e+03
4.707503e+05 2.138510e+03
3.996793e+05 2.138510e+03
3.315446e+05 2.138510e+03
2.755313e+05 2.138510e+03
2.267903e+05 2.138510e+03
1.808574e+05 2.138510e+03
1.499179e+05 2.138510e+03
1.219748e+05 2.138510e+03
9.805920e+04 2.138510e+03
7.421635e+04 2.138510e+03
5.621530e+04 2.138510e+03
4.269337e+04 2.138510e+03
3.279718e+04 2.138510e+03
2.513219e+04 2.138510e+03
1.911868e+04 2.138510e+03
1.453990e+04 2.138510e+03
1.105538e+04 2.138510e+03
7.821863e+03 2.005985e+03
5.825548e+03 1.677487e+03
4.315385e+03 1.275562e+03
3.388414e+03 1.145854e+03
2.677879e+03 1.040855e+03
2.204202e+03 8.202627e+02
1.811980e+03 8.031714e+02
1.488823e+03 7.552052e+02
1.302882e+03 6.848609e+02
1.174324e+03 6.791895e+02
1.045609e+03 6.336903e+02
9.595442e+02 6.292160e+02
8.934080e+02 6.218895e+02
8.437203e+02 6.186562e+02
8.001252e+02 5.940820e+02
7.274672e+02 5.813656e+02
6.641329e+02 5.365145e+02
6.315556e+02 5.334545e+02
6.078776e+02 4.900489e+02
5.920827e+02 4.900489e+02
5.714338e+02 4.630083e+02
5.521361e+02 4.630083e+02
5.377756e+02 4.396493e+02
5.224317e+02 4.141233e+02
5.101855e+02 3.996298e+02
4.961858e+02 3.868576e+02
4.783046e+02 3.829221e+02
4.596076e+02 3.768139e+02
4.402150e+02 3.642534e+02
4.122463e+02 3.417231e+02
3.875944e+02 3.282680e+02
3.604654e+02 3.077391e+02
3.389878e+02 3.043413e+02
3.198995e+02 2.950385e+02
3.080019e+02 2.885204e+02
2.990910e+02 2.764692e+02
2.921153e+02 2.716471e+02
2.841072e+02 2.625601e+02
2.752424e+02 2.503094e+02
2.663564e+02 2.481470e+02
2.605226e+02 2.446818e+02
2.559885e+02 2.397873e+02
2.526984e+02 2.362320e+02
2.500042e+02 2.349301e+02
2.477413e+02 2.315463e+02
2.460381e+02 2.284115e+02
2.442990e+02 2.274674e+02
2.429497e+02 2.256003e+02
2.415791e+02 2.254235e+02
2.407217e+02 2.229590e+02
2.400928e+02 2.224964e+02
2.396695e+02 2.216446e+02
2.392510e+02 2.214222e+02
2.389224e+02 2.208813e+02
9.579892e+09 4.166956e+07
6.271791e+07 2.220881e+03
2.676436e+07 2.220881e+03
1.743534e+07 2.220881e+03
1.296197e+07 2.220881e+03
1.007686e+07 2.220881e+03
7.842768e+06 2.220881e+03
6.369245e+06 2.220881e+03
5.404765e+06 2.220881e+03
4.828551e+06 2.220881e+03
4.204194e+06 2.220881e+03
3.725163e+06 2.220881e+03
3.193713e+06 2.220881e+03
2.935615e+06 2.220881e+03
2.661047e+06 2.220881e+03
2.430948e+06 2.220881e+03
2.179266e+06 2.220881e+03
2.014856e+06 2.220881e+03
1.837537e+06 2.220881e+03
1.701673e+06 2.220881e+03
1.575089e+06 2.220881e+03
1.466366e+06 2.220881e+03
1.360397e+06 2.220881e+03
1.231088e+06 2.220881e+03
1.138615e+06 2.220881e+03
1.059349e+06 2.220881e+03
9.956345e+05 2.220881e+03
9.155074e+05 2.220881e+03
8.671927e+05 2.220881e+03
7.833989e+05 2.220881e+03
7.210031e+05 2.220881e+03
6.731360e+05 2.220881e+03
6.409191e+05 2.220881e+03
6.015305e+05 2.220881e+03
5.435324e+05 2.220881e+03
5.003231e+05 2.220881e+03
4.500241e+05 2.220881e+03
4.023902e+05 2.220881e+03
3.587689e+05 2.220881e+03
3.013169e+05 2.220881e+03
2.648193e+05 2.220881e+03
2.345169e+05 2.220881e+03
1.987555e+05 2.220881e+03
1.679864e+05 2.220881e+03
1.374374e+05 2.220881e+03
1.111709e+05 2.220881e+03
8.950097e+04 2.220881e+03
7.106870e+04 2.220881e+03
5.585186e+04 2.220881e+03
4.033018e+04 2.220881e+03
3.041025e+04 2.220881e+03
2.325368e+04 2.220881e+03
1.728960e+04 2.220881e+03
1.272129e+04 1.899694e+03
9.758875e+03 1.678329e+03
7.337181e+03 1.432796e+03
5.573721e+03 1.297505e+03
4.141025e+03 1.092780e+03
3.134054e+03 1.050979e+03
2.481072e+03 1.000797e+03
1.968317e+03 9.201186e+02
1.659292e+03 7.536150e+02
1.220564e+03 7.060583e+02
9.098249e+02 6.963744e+02
7.688491e+02 5.695277e+02
7.023818e+02 5.512531e+02
6.630074e+02 5.108445e+02
6.372423e+02 5.100048e+02
6.161832e+02 4.996099e+02
5.936981e+02 4.959663e+02
5.748842e+02 4.767991e+02
5.585995e+02 4.597632e+02
5.406898e+02 4.469974e+02
5.236859e+02 4.301897e+02
5.041449e+02 4.100488e+02
4.804622e+02 4.058852e+02
4.487309e+02 3.647648e+02
4.114130e+02 3.267447e+02
3.692040e+02 3.199263e+02
3.403623e+02 3.035590e+02
3.203621e+02 2.962106e+02
3.087521e+02 2.883885e+02
3.003565e+02 2.757321e+02
2.912504e+02 2.693782e+02
2.813187e+02 2.610631e+02
2.721252e+02 2.499768e+02
2.640500e+02 2.362176e+02
2.574534e+02 2.317680e+02
2.523467e+02 2.308145e+02
2.469311e+02 2.291941e+02
2.424329e+02 2.238289e+02
2.390331e+02 2.186623e+02
2.366722e+02 2.186623e+02
2.345725e+02 2.161309e+02
2.325851e+02 2.152369e+02
2.308690e+02 2.136757e+02
2.295180e+02 2.099672e+02
2.285439e+02 2.095776e+02
2.275510e+02 2.095730e+02
2.268686e+02 2.092951e+02
2.261901e+02 2.090707e+02
9.579892e+09 4.166956e+07
6.520618e+07 2.209071e+03
2.758298e+07 2.209071e+03
1.649413e+07 2.209071e+03
1.300999e+07 2.209071e+03
9.592713e+06 2.209071e+03
7.364769e+06 2.209071e+03
6.213157e+06 2.209071e+03
5.080610e+06 2.209071e+03
4.226811e+06 2.209071e+03
3.605766e+06 2.209071e+03
3.230570e+06 2.209071e+03
2.908880e+06 2.209071e+03
2.554690e+06 2.209071e+03
2.359232e+06 2.209071e+03
2.137158e+06 2.209071e+03
1.897066e+06 2.209071e+03
1.727090e+06 2.209071e+03
1.614497e+06 2.209071e+03
1.491679e+06 2.209071e+03
1.360712e+06 2.209071e+03
1.251192e+06 2.209071e+03
1.159677e+06 2.209071e+03
1.085355e+06 2.209071e+03
1.007167e+06 2.209071e+03
9.343523e+05 2.209071e+03
8.638541e+05 2.209071e+03
8.112237e+05 2.209071e+03
7.637809e+05 2.209071e+03
7.001991e+05 2.209071e+03
6.486722e+05 2.209071e+03
5.872012e+05 2.209071e+03
5.371328e+05 2.209071e+03
4.801624e+05 2.209071e+03
4.207305e+05 2.209071e+03
3.679872e+05 2.209071e+03
3.200840e+05 2.209071e+03
2.665764e+05 2.209071e+03
2.182520e+05 2.209071e+03
1.710479e+05 2.209071e+03
1.392460e+05 2.209071e+03
1.138378e+05 2.209071e+03
9.398591e+04 2.209071e+03
7.642162e+04 2.209071e+03
5.955221e+04 2.209071e+03
4.664077e+04 2.209071e+03
3.749536e+04 2.209071e+03
2.755002e+04 2.209071e+03
2.025143e+04 2.209071e+03
1.462569e+04 2.209071e+03
1.128033e+04 1.987373e+03
8.493566e+03 1.959974e+03
6.667860e+03 1.586014e+03
5.242623e+03 1.366806e+03
3.996481e+03 1.203940e+03
3.090801e+03 1.174931e+03
2.436628e+03 1.065028e+03
1.960517e+03 9.988072e+02
1.625848e+03 8.912308e+02
1.416868e+03 7.953971e+02
1.263981e+03 7.877567e+02
1.146836e+03 7.636406e+02
9.824886e+02 7.075254e+02
8.493244e+02 6.762169e+02
7.727284e+02 6.416603e+02
7.248918e+02 5.899885e+02
6.891756e+02 5.580324e+02
6.635226e+02 5.477718e+02
6.385506e+02 5.169886e+02
6.205617e+02 4.930433e+02
5.974883e+02 4.930433e+02
5.726159e+02 4.731422e+02
5.512305e+02 4.632709e+02
5.337823e+02 4.189405e+02
5.173295e+02 4.086905e+02
5.034143e+02 4.083653e+02
4.886480e+02 3.862536e+02
4.761690e+02 3.799944e+02
4.649412e+02 3.665060e+02
4.535765e+02 3.665060e+02
4.395609e+02 3.348321e+02
4.264134e+02 3.251145e+02
4.105526e+02 3.231338e+02
3.903926e+02 3.024917e+02
3.713225e+02 2.950863e+02
3.435407e+02 2.747850e+02
3.160915e+02 2.487498e+02
2.918862e+02 2.308251e+02
2.695057e+02 2.225161e+02
2.545307e+02 2.163163e+02
2.408245e+02 2.107993e+02
2.315151e+02 2.032232e+02
2.245904e+02 2.003560e+02
2.191031e+02 1.926836e+02
2.134909e+02 1.860960e+02
2.088599e+02 1.817458e+02
2.045747e+02 1.773079e+02
2.011925e+02 1.673072e+02
1.977919e+02 1.657431e+02
1.953469e+02 1.639570e+02
1.929783e+02 1.594743e+02
9.579892e+09 4.166956e+07
6.727937e+07 2.159474e+03
2.814790e+07 2.159474e+03
1.692528e+07 2.159474e+03
1.210844e+07 2.159474e+03
8.894589e+06 2.159474e+03
7.263697e+06 2.159474e+03
5.934838e+06 2.159474e+03
4.903941e+06 2.159474e+03
4.287688e+06 2.159474e+03
3.685840e+06 2.159474e+03
3.185607e+06 2.159474e+03
2.840783e+06 2.159474e+03
2.423613e+06 2.159474e+03
2.230470e+06 2.159474e+03
2.024653e+06 2.159474e+03
1.869752e+06 2.159474e+03
1.744015e+06 2.159474e+03
1.606073e+06 2.159474e+03
1.468083e+06 2.159474e+03
1.345890e+06 2.159474e+03
1.209781e+06 2.159474e+03
1.117816e+06 2.159474e+03
1.022299e+06 2.159474e+03
9.316728e+05 2.159474e+03
8.310144e+05 2.159474e+03
7.374116e+05 2.159474e+03
6.622905e+05 2.159474e+03
5.655273e+05 2.159474e+03
4.751316e+05 2.159474e+03
3.891656e+05 2.159474e+03
3.072032e+05 2.159474e+03
2.567642e+05 2.159474e+03
1.966766e+05 2.159474e+03
1.542317e+05 2.159474e+03
1.247221e+05 2.159474e+03
9.546989e+04 2.159474e+03
7.589850e+04 2.159474e+03
5.963231e+04 2.159474e+03
4.722923e+04 2.159474e+03
3.680522e+04 2.159474e+03
2.832597e+04 2.159474e+03
2.111615e+04 2.159474e+03
1.661638e+04 2.159474e+03
1.252392e+04 2.159474e+03
9.292877e+03 2.159474e+03
6.700790e+03 1.567790e+03
5.030367e+03 1.506706e+03
4.001908e+03 1.372964e+03
3.172941e+03 1.294693e+03
2.559820e+03 1.194660e+03
2.069716e+03 1.095810e+03
1.774074e+03 1.041671e+03
1.553145e+03 9.859267e+02
1.376898e+03 8.209859e+02
1.247297e+03 8.121726e+02
1.121857e+03 7.750200e+02
1.037950e+03 7.675874e+02
9.764784e+02 7.347677e+02
9.296147e+02 7.214285e+02
8.871368e+02 6.755299e+02
8.560132e+02 6.340827e+02
7.923566e+02 6.323803e+02
7.262529e+02 5.668438e+02
6.813551e+02 5.469389e+02
6.506049e+02 5.362052e+02
6.253919e+02 5.152722e+02
6.066356e+02 5.006195e+02
5.900348e+02 4.832628e+02
5.744507e+02 4.714383e+02
5.592558e+02 4.454398e+02
5.443509e+02 4.349065e+02
5.284681e+02 3.900736e+02
5.086440e+02 3.868066e+02
4.807456e+02 3.836962e+02
4.468188e+02 3.731878e+02
4.081849e+02 3.433700e+02
3.713176e+02 3.140943e+02
3.479442e+02 3.069795e+02
3.262113e+02 2.880107e+02
3.061665e+02 2.780294e+02
2.877564e+02 2.584704e+02
2.711590e+02 2.395531e+02
2.572390e+02 2.310521e+02
2.485874e+02 2.240167e+02
2.402618e+02 2.223405e+02
2.342778e+02 2.154292e+02
2.298248e+02 2.148023e+02
2.249188e+02 2.063358e+02
2.215115e+02 2.053569e+02
2.187163e+02 2.049510e+02
2.164091e+02 2.015993e+02
2.141576e+02 1.977078e+02
2.122844e+02 1.948644e+02
2.109751e+02 1.935616e+02
2.099941e+02 1.934786e+02
2.090227e+02 1.924471e+02
2.084386e+02 1.924330e+02
2.080277e+02 1.922803e+02
2.076275e+02 1.919874e+02
2.073653e+02 1.916151e+02
9.579892e+09 4.166956e+07
6.596460e+07 2.191615e+03
2.718305e+07 2.191615e+03
1.715491e+07 2.191615e+03
1.231928e+07 2.191615e+03
9.435387e+06 2.191615e+03
7.330642e+06 2.191615e+03
6.060433e+06 2.191615e+03
5.012615e+06 2.191615e+03
4.096165e+06 2.191615e+03
3.578959e+06 2.191615e+03
3.178565e+06 2.191615e+03
2.870751e+06 2.191615e+03
2.587937e+06 2.191615e+03
2.332987e+06 2.191615e+03
2.107997e+06 2.191615e+03
1.900070e+06 2.191615e+03
1.804661e+06 2.191615e+03
1.664374e+06 2.191615e+03
1.529215e+06 2.191615e+03
1.400053e+06 2.191615e+03
1.281474e+06 2.191615e+03
1.202572e+06 2.191615e+03
1.115425e+06 2.191615e+03
1.035783e+06 2.191615e+03
9.813248e+05 2.191615e+03
8.969970e+05 2.191615e+03
8.322676e+05 2.191615e+03
7.838041e+05 2.191615e+03
7.076408e+05 2.191615e+03
6.472545e+05 2.191615e+03
5.984875e+05 2.191615e+03
5.513792e+05 2.191615e+03
4.838423e+05 2.191615e+03
4.461593e+05 2.191615e+03
4.018955e+05 2.191615e+03
3.656779e+05 2.191615e+03
3.188700e+05 2.191615e+03
2.934345e+05 2.191615e+03
2.616879e+05 2.191615e+03
2.234543e+05 2.191615e+03
1.913374e+05 2.191615e+03
1.631257e+05 2.191615e+03
1.394036e+05 2.191615e+03
1.152683e+05 2.191615e+03
9.262845e+04 2.191615e+03
7.673261e+04 2.191615e+03
6.149002e+04 2.191615e+03
4.984340e+04 2.191615e+03
3.957888e+04 2.191615e+03
3.166626e+04 2.191615e+03
2.449315e+04 2.191615e+03
1.916738e+04 2.191615e+03
1.531716e+04 2.191615e+03
1.188627e+04 2.191615e+03
9.132622e+03 1.758779e+03
6.914702e+03 1.359754e+03
5.230586e+03 1.348782e+03
4.116616e+03 1.130927e+03
3.183013e+03 9.530847e+02
2.541028e+03 9.081628e+02
2.073651e+03 8.623902e+02
1.504216e+03 7.876181e+02
1.011073e+03 6.660654e+02
8.364374e+02 6.385933e+02
7.395826e+02 5.597751e+02
6.752436e+02 5.369332e+02
6.304319e+02 5.007720e+02
6.012294e+02 4.745854e+02
5.776094e+02 4.601800e+02
5.589613e+02 4.582297e+02
5.428909e+02 4.436539e+02
5.285760e+02 4.383182e+02
5.134179e+02 4.319497e+02
4.957534e+02 4.046967e+02
4.787674e+02 3.989784e+02
4.549493e+02 3.719750e+02
4.228449e+02 3.395335e+02
3.847498e+02 3.054487e+02
3.505636e+02 2.879965e+02
3.199347e+02 2.744961e+02
3.002148e+02 2.669727e+02
2.839188e+02 2.595477e+02
2.722200e+02 2.483003e+02
2.605791e+02 2.410858e+02
2.517910e+02 2.312680e+02
2.446732e+02 2.276574e+02
2.389855e+02 2.190794e+02
2.328624e+02 2.143360e+02
2.271955e+02 2.100859e+02
2.227986e+02 2.063090e+02
2.190569e+02 2.036967e+02
2.163200e+02 2.017612e+02
2.141890e+02 1.968714e+02
2.124947e+02 1.950567e+02
2.108026e+02 1.929722e+02
2.092399e+02 1.887053e+02
2.081566e+02 1.879175e+02
2.071313e+02 1.872433e+02
2.063892e+02 1.856797e+02
2.056057e+02 1.841745e+02
9.579892e+09 4.166956e+07
6.134550e+07 2.184174e+03
2.622948e+07 2.184174e+03
1.627568e+07 2.184174e+03
1.109623e+07 2.184174e+03
8.822788e+06 2.184174e+03
6.863911e+06 2.184174e+03
5.567289e+06 2.184174e+03
4.612669e+06 2.184174e+03
4.069992e+06 2.184174e+03
3.568831e+06 2.184174e+03
3.238724e+06 2.184174e+03
2.858390e+06 2.184174e+03
2.541255e+06 2.184174e+03
2.277446e+06 2.184174e+03
2.046310e+06 2.184174e+03
1.848445e+06 2.184174e+03
1.665564e+06 2.184174e+03
1.450394e+06 2.184174e+03
1.347481e+06 2.184174e+03
1.240553e+06 2.184174e+03
1.148856e+06 2.184174e+03
1.089683e+06 2.184174e+03
1.008726e+06 2.184174e+03
9.127560e+05 2.184174e+03
8.262596e+05 2.184174e+03
7.807930e+05 2.184174e+03
7.422100e+05 2.184174e+03
6.858793e+05 2.184174e+03
6.402674e+05 2.184174e+03
5.975421e+05 2.184174e+03
5.606186e+05 2.184174e+03
5.204766e+05 2.184174e+03
4.735252e+05 2.184174e+03
4.197832e+05 2.184174e+03
3.803202e+05 2.184174e+03
3.308371e+05 2.184174e+03
2.889037e+05 2.184174e+03
2.498713e+05 2.184174e+03
2.061810e+05 2.184174e+03
1.749509e+05 2.184174e+03
1.369065e+05 2.184174e+03
1.112724e+05 2.184174e+03
8.850439e+04 2.184174e+03
6.730637e+04 2.184174e+03
5.331750e+04 2.184174e+03
4.281222e+04 2.184174e+03
3.237559e+04 2.184174e+03
2.357788e+04 2.184174e+03
1.700836e+04 2.184174e+03
1.316344e+04 2.184174e+03
9.784686e+03 2.184174e+03
7.403087e+03 1.974436e+03
5.511380e+03 1.601335e+03
4.191861e+03 1.428447e+03
3.280424e+03 1.273912e+03
2.638179e+03 1.050350e+03
2.126076e+03 9.446154e+02
1.771691e+03 8.954750e+02
1.496725e+03 7.987913e+02
1.302362e+03 7.961667e+02
1.155060e+03 7.289335e+02
9.566922e+02 6.397174e+02
7.784738e+02 5.926060e+02
6.938071e+02 5.414307e+02
6.431309e+02 5.191611e+02
6.035464e+02 4.847524e+02
5.670894e+02 4.403839e+02
5.341363e+02 3.457562e+02
5.073393e+02 3.382576e+02
4.892853e+02 3.343028e+02
4.749701e+02 3.314452e+02
4.629968e+02 3.314452e+02
4.512095e+02 3.312643e+02
4.373321e+02 3.237196e+02
4.253482e+02 3.230541e+02
4.114907e+02 3.218632e+02
3.950352e+02 2.928376e+02
3.810305e+02 2.881323e+02
3.657563e+02 2.845753e+02
3.508390e+02 2.602538e+02
3.331135e+02 2.602538e+02
3.181556e+02 2.552985e+02
3.012678e+02 2.456717e+02
2.815524e+02 2.344648e+02
2.630126e+02 2.248623e+02
2.490665e+02 2.187941e+02
2.368396e+02 2.034393e+02
2.232140e+02 1.894378e+02
2.102754e+02 1.768387e+02
1.995918e+02 1.738591e+02
1.909538e+02 1.622330e+02
1.847732e+02 1.585389e+02
1.797817e+02 1.556841e+02
1.752458e+02 1.504999e+02
1.720526e+02 1.483412e+02
1.692692e+02 1.473017e+02
1.669539e+02 1.459209e+02
1.653837e+02 1.454240e+02
1.640881e+02 1.441503e+02
1.634332e+02 1.401462e+02
9.579892e+09 4.166956e+07
7.149870e+07 2.140146e+03
2.831864e+07 2.140146e+03
1.887778e+07 2.140146e+03
1.247898e+07 2.140146e+03
9.813124e+06 2.140146e+03
8.229666e+06 2.140146e+03
6.983970e+06 2.140146e+03
5.615288e+06 2.140146e+03
4.744707e+06 2.140146e+03
4.081161e+06 2.140146e+03
3.645560e+06 2.140146e+03
3.283473e+06 2.140146e+03
2.934481e+06 2.140146e+03
2.606049e+06 2.140146e+03
2.288814e+06 2.140146e+03
2.102816e+06 2.140146e+03
1.916930e+06 2.140146e+03
1.790818e+06 2.140146e+03
1.672039e+06 2.140146e+03
1.517839e+06 2.140146e+03
1.391295e+06 2.140146e+03
1.261767e+06 2.140146e+03
1.166057e+06 2.140146e+03
1.101904e+06 2.140146e+03
1.007646e+06 2.140146e+03
9.314208e+05 2.140146e+03
8.555123e+05 2.140146e+03
7.992276e+05 2.140146e+03
7.501581e+05 2.140146e+03
6.915262e+05 2.140146e+03
6.512860e+05 2.140146e+03
5.995112e+05 2.140146e+03
5.428419e+05 2.140146e+03
5.097268e+05 2.140146e+03
4.657472e+05 2.140146e+03
4.290427e+05 2.140146e+03
3.827740e+05 2.140146e+03
3.334286e+05 2.140146e+03
2.720183e+05 2.140146e+03
2.342131e+05 2.140146e+03
1.879450e+05 2.140146e+03
1.571737e+05 2.140146e+03
1.277790e+05 2.140146e+03
9.773542e+04 2.140146e+03
7.834915e+04 2.140146e+03
6.303664e+04 2.140146e+03
4.865160e+04 2.140146e+03
3.647271e+04 2.140146e+03
2.791365e+04 2.140146e+03
2.068024e+04 2.140146e+03
1.489250e+04 2.140146e+03
1.105925e+04 2.140146e+03
8.032037e+03 1.853823e+03
6.134896e+03 1.622451e+03
4.668572e+03 1.447216e+03
3.647063e+03 1.241528e+03
2.823695e+03 1.024388e+03
2.302895e+03 9.907969e+02
1.867955e+03 9.390884e+02
1.578047e+03 8.604334e+02
1.373156e+03 8.282299e+02
1.102331e+03 7.837062e+02
9.067123e+02 7.067090e+02
8.032070e+02 6.680319e+02
7.437833e+02 6.145973e+02
6.992211e+02 5.682421e+02
6.651368e+02 5.517851e+02
6.384235e+02 5.388608e+02
6.151087e+02 5.097699e+02
5.938678e+02 4.649243e+02
5.741217e+02 4.615923e+02
5.508240e+02 4.583733e+02
5.235768e+02 4.294753e+02
4.917614e+02 4.025393e+02
4.575663e+02 3.869868e+02
4.194476e+02 3.616463e+02
3.881215e+02 3.457583e+02
3.697593e+02 3.404145e+02
3.562196e+02 3.319373e+02
3.431427e+02 3.224112e+02
3.317813e+02 3.118372e+02
3.186836e+02 2.930778e+02
3.081795e+02 2.862583e+02
2.983069e+02 2.790869e+02
2.914598e+02 2.727949e+02
2.846993e+02 2.655616e+02
2.782111e+02 2.599451e+02
2.728985e+02 2.553678e+02
2.689686e+02 2.536380e+02
2.667161e+02 2.501483e+02
2.646379e+02 2.486242e+02
2.629680e+02 2.486242e+02
2.614232e+02 2.464446e+02
2.603793e+02 2.464446e+02
2.596310e+02 2.413810e+02
2.590707e+02 2.413810e+02
2.586092e+02 2.413577e+02
2.582144e+02 2.410278e+02
2.578513e+02 2.408727e+02
2.576323e+02 2.404380e+02
