2.171751e+01 2.150181e+01
2.157176e+01 2.140164e+01
2.154772e+01 2.126955e+01
2.153549e+01 2.125467e+01
2.152485e+01 2.120031e+01
2.151784e+01 2.110850e+01
2.151251e+01 2.109280e+01
2.150736e+01 2.108126e+01
2.150357e+01 2.106047e+01
2.149900e+01 2.104568e+01
2.149556e+01 2.103311e+01
2.149184e+01 2.099820e+01
2.148846e+01 2.095313e+01
2.148527e+01 2.093577e+01
2.148263e+01 2.092733e+01
2.148023e+01 2.088833e+01
2.147718e+01 2.087525e+01
2.147384e+01 2.087525e+01
2.147019e+01 2.087449e+01
2.146644e+01 2.086385e+01
2.146223e+01 2.081738e+01
2.145762e+01 2.081738e+01
2.145334e+01 2.080612e+01
2.144818e+01 2.079573e+01
2.144546e+01 2.078290e+01
2.144283e+01 2.077009e+01
2.144012e+01 2.077009e+01
2.143696e+01 2.076991e+01
2.143479e+01 2.075104e+01
2.143246e+01 2.075104e+01
2.143023e+01 2.075104e+01
2.142804e+01 2.074536e+01
2.142639e+01 2.074536e+01
2.142451e+01 2.074173e+01
2.142237e+01 2.073429e+01
2.142045e+01 2.072401e+01
2.141858e+01 2.071142e+01
2.141681e+01 2.070566e+01
2.141548e+01 2.070566e+01
2.141406e+01 2.070469e+01
2.141279e+01 2.070416e+01
2.141105e+01 2.067907e+01
2.140920e+01 2.067907e+01
2.140749e+01 2.067907e+01
2.140671e+01 2.067798e+01
2.140450e+01 2.067798e+01
2.140289e+01 2.067798e+01
2.140126e+01 2.067313e+01
2.139990e+01 2.067270e+01
2.139917e+01 2.067270e+01
2.139854e+01 2.067270e+01
2.139714e+01 2.067270e+01
2.139544e+01 2.066611e+01
2.139406e+01 2.066611e+01
2.139297e+01 2.065410e+01
2.139223e+01 2.064761e+01
2.139074e+01 2.064589e+01
2.138968e+01 2.063273e+01
2.138840e+01 2.063273e+01
2.138750e+01 2.063162e+01
2.138670e+01 2.062842e+01
2.138593e+01 2.060890e+01
2.138495e+01 2.060890e+01
2.138321e+01 2.060890e+01
2.138173e+01 2.060890e+01
2.138119e+01 2.060890e+01
2.137918e+01 2.060890e+01
2.137827e+01 2.060890e+01
2.137712e+01 2.060890e+01
2.137616e+01 2.060890e+01
2.137553e+01 2.060890e+01
2.137489e+01 2.060890e+01
2.137445e+01 2.060890e+01
2.137395e+01 2.060890e+01
2.137296e+01 2.060890e+01
2.137222e+01 2.060890e+01
2.137078e+01 2.060890e+01
2.137024e+01 2.060890e+01
2.136947e+01 2.060890e+01
2.136888e+01 2.060890e+01
2.136796e+01 2.060890e+01
2.136621e+01 2.060890e+01
2.136514e+01 2.060890e+01
2.136472e+01 2.060890e+01
2.136399e+01 2.060890e+01
2.136376e+01 2.060890e+01
2.136342e+01 2.060890e+01
2.136230e+01 2.060890e+01
2.136136e+01 2.060890e+01
2.136070e+01 2.060890e+01
2.136007e+01 2.060890e+01
2.135933e+01 2.060890e+01
2.135890e+01 2.060890e+01
2.135862e+01 2.060890e+01
2.135848e+01 2.060890e+01
2.135722e+01 2.060890e+01
2.135662e+01 2.060890e+01
2.135536e+01 2.060890e+01
2.135496e+01 2.060890e+01
2.135462e+01 2.060603e+01
2.135445e+01 2.060603e+01
2.171751e+01 2.150181e+01
2.157195e+01 2.135670e+01
2.154619e+01 2.133028e+01
2.153352e+01 2.132145e+01
2.152323e+01 2.128476e+01
2.151573e+01 2.127169e+01
2.151036e+01 2.122092e+01
2.150568e+01 2.115692e+01
2.150148e+01 2.114373e+01
2.149808e+01 2.111006e+01
2.149461e+01 2.109585e+01
2.149094e+01 2.106764e+01
2.148765e+01 2.101042e+01
2.148498e+01 2.101042e+01
2.148122e+01 2.100983e+01
2.147679e+01 2.099068e+01
2.147189e+01 2.092967e+01
2.146657e+01 2.089385e+01
2.146212e+01 2.086044e+01
2.145780e+01 2.083877e+01
2.145379e+01 2.083188e+01
2.145085e+01 2.082037e+01
2.144809e+01 2.081972e+01
2.144533e+01 2.081577e+01
2.144278e+01 2.081372e+01
2.144063e+01 2.081288e+01
2.143796e+01 2.081288e+01
2.143538e+01 2.079720e+01
2.143295e+01 2.079720e+01
2.143080e+01 2.076887e+01
2.142880e+01 2.075545e+01
2.142719e+01 2.075545e+01
2.142500e+01 2.075545e+01
2.142326e+01 2.074350e+01
2.142100e+01 2.071191e+01
2.141924e+01 2.069896e+01
2.141683e+01 2.069896e+01
2.141496e+01 2.069894e+01
2.141339e+01 2.069893e+01
2.141124e+01 2.069808e+01
2.140907e+01 2.069795e+01
2.140710e+01 2.068015e+01
2.140582e+01 2.067899e+01
2.140469e+01 2.067899e+01
2.140317e+01 2.066853e+01
2.140189e+01 2.065627e+01
2.140031e+01 2.065308e+01
2.139911e+01 2.065308e+01
2.139788e+01 2.065308e+01
2.139680e+01 2.064277e+01
2.139555e+01 2.060706e+01
2.139489e+01 2.060706e+01
2.139380e+01 2.060706e+01
2.139280e+01 2.057083e+01
2.139162e+01 2.057083e+01
2.139056e+01 2.054766e+01
2.138980e+01 2.054766e+01
2.138884e+01 2.054750e+01
2.138777e+01 2.054750e+01
2.138675e+01 2.053539e+01
2.138569e+01 2.053473e+01
2.138467e+01 2.052956e+01
2.138315e+01 2.051633e+01
2.138225e+01 2.051633e+01
2.138168e+01 2.051633e+01
2.138064e+01 2.051633e+01
2.137988e+01 2.051633e+01
2.137875e+01 2.051633e+01
2.137813e+01 2.051633e+01
2.137706e+01 2.051633e+01
2.137592e+01 2.051633e+01
2.137539e+01 2.051633e+01
2.137465e+01 2.050423e+01
2.137348e+01 2.050423e+01
2.137286e+01 2.050423e+01
2.137240e+01 2.050423e+01
2.137189e+01 2.050174e+01
2.137114e+01 2.050174e+01
2.137048e+01 2.050174e+01
2.136958e+01 2.050174e+01
2.136853e+01 2.050174e+01
2.136792e+01 2.050167e+01
2.136744e+01 2.050167e+01
2.136655e+01 2.050167e+01
2.136597e+01 2.050167e+01
2.136504e+01 2.050167e+01
2.136450e+01 2.050167e+01
2.136378e+01 2.050167e+01
2.136275e+01 2.050167e+01
2.136224e+01 2.050167e+01
2.136161e+01 2.050167e+01
2.136016e+01 2.050167e+01
2.135963e+01 2.050167e+01
2.135900e+01 2.050167e+01
2.135844e+01 2.050167e+01
2.135792e+01 2.050167e+01
2.135734e+01 2.050167e+01
2.135696e+01 2.050167e+01
2.135628e+01 2.050167e+01
2.135587e+01 2.050167e+01
2.135517e+01 2.045997e+01
2.171751e+01 2.150181e+01
2.157287e+01 2.136517e+01
2.154525e+01 2.126231e+01
2.153175e+01 2.125518e+01
2.152313e+01 2.124878e+01
2.151542e+01 2.122069e+01
2.150889e+01 2.115997e+01
2.150364e+01 2.113588e+01
2.149946e+01 2.105624e+01
2.149708e+01 2.099092e+01
2.149315e+01 2.097972e+01
2.148994e+01 2.096446e+01
2.148760e+01 2.095341e+01
2.148558e+01 2.095341e+01
2.148291e+01 2.094599e+01
2.148097e+01 2.094300e+01
2.147870e+01 2.092634e+01
2.147579e+01 2.091056e+01
2.147394e+01 2.090943e+01
2.147204e+01 2.090943e+01
2.147065e+01 2.090901e+01
2.146863e+01 2.088821e+01
2.146701e+01 2.088821e+01
2.146388e+01 2.086339e+01
2.146059e+01 2.084191e+01
2.145593e+01 2.082580e+01
2.145256e+01 2.077348e+01
2.144881e+01 2.072635e+01
2.144512e+01 2.070964e+01
2.144191e+01 2.069269e+01
2.143877e+01 2.069169e+01
2.143678e+01 2.069083e+01
2.143519e+01 2.069083e+01
2.143258e+01 2.063464e+01
2.142975e+01 2.063255e+01
2.142783e+01 2.063095e+01
2.142631e+01 2.063095e+01
2.142419e+01 2.060658e+01
2.142211e+01 2.060637e+01
2.142034e+01 2.058646e+01
2.141874e+01 2.058308e+01
2.141718e+01 2.057578e+01
2.141555e+01 2.057292e+01
2.141327e+01 2.056630e+01
2.141182e+01 2.051740e+01
2.141071e+01 2.051669e+01
2.140927e+01 2.051274e+01
2.140775e+01 2.051274e+01
2.140700e+01 2.050891e+01
2.140539e+01 2.049768e+01
2.140422e+01 2.049157e+01
2.140204e+01 2.049023e+01
2.140024e+01 2.049023e+01
2.139897e+01 2.047604e+01
2.139806e+01 2.047178e+01
2.139695e+01 2.047178e+01
2.139585e+01 2.047084e+01
2.139393e+01 2.047084e+01
2.139340e+01 2.046366e+01
2.139222e+01 2.044814e+01
2.139118e+01 2.044814e+01
2.139016e+01 2.044434e+01
2.138916e+01 2.044375e+01
2.138823e+01 2.044375e+01
2.138731e+01 2.044375e+01
2.138564e+01 2.044375e+01
2.138441e+01 2.044375e+01
2.138397e+01 2.044375e+01
2.138332e+01 2.044375e+01
2.138211e+01 2.044375e+01
2.138053e+01 2.044375e+01
2.137990e+01 2.044375e+01
2.137857e+01 2.044375e+01
2.137705e+01 2.044375e+01
2.137671e+01 2.044375e+01
2.137617e+01 2.044375e+01
2.137536e+01 2.044375e+01
2.137466e+01 2.044375e+01
2.137311e+01 2.044375e+01
2.137223e+01 2.044375e+01
2.137177e+01 2.044375e+01
2.137127e+01 2.044375e+01
2.137079e+01 2.044375e+01
2.137006e+01 2.044375e+01
2.136968e+01 2.044375e+01
2.136887e+01 2.044375e+01
2.136754e+01 2.044375e+01
2.136564e+01 2.044375e+01
2.136510e+01 2.044375e+01
2.136486e+01 2.044375e+01
2.136405e+01 2.044375e+01
2.136303e+01 2.044375e+01
2.136201e+01 2.044375e+01
2.136133e+01 2.044375e+01
2.136027e+01 2.044375e+01
2.135986e+01 2.044375e+01
2.135921e+01 2.044375e+01
2.135844e+01 2.044375e+01
2.135748e+01 2.044375e+01
2.135691e+01 2.044375e+01
2.135679e+01 2.044375e+01
2.171751e+01 2.150181e+01
2.156975e+01 2.132466e+01
2.154546e+01 2.120625e+01
2.153192e+01 2.120625e+01
2.152274e+01 2.119233e+01
2.151453e+01 2.114175e+01
2.150738e+01 2.106398e+01
2.150204e+01 2.105712e+01
2.149656e+01 2.103721e+01
2.149209e+01 2.099948e+01
2.148887e+01 2.098519e+01
2.148584e+01 2.097214e+01
2.148276e+01 2.095300e+01
2.147975e+01 2.094204e+01
2.147564e+01 2.093656e+01
2.147184e+01 2.089751e+01
2.146784e+01 2.088971e+01
2.146174e+01 2.086693e+01
2.145795e+01 2.085519e+01
2.145337e+01 2.085251e+01
2.144976e+01 2.084934e+01
2.144704e+01 2.084934e+01
2.144357e+01 2.084387e+01
2.144036e+01 2.084156e+01
2.143864e+01 2.083508e+01
2.143576e+01 2.083057e+01
2.143344e+01 2.082459e+01
2.143025e+01 2.081468e+01
2.142870e+01 2.081110e+01
2.142605e+01 2.079338e+01
2.142392e+01 2.079238e+01
2.142250e+01 2.075932e+01
2.142080e+01 2.073601e+01
2.141868e+01 2.073601e+01
2.141732e+01 2.071557e+01
2.141566e+01 2.071557e+01
2.141416e+01 2.070660e+01
2.141131e+01 2.070660e+01
2.140967e+01 2.070574e+01
2.140809e+01 2.070574e+01
2.140638e+01 2.069311e+01
2.140522e+01 2.068492e+01
2.140375e+01 2.068492e+01
2.140295e+01 2.068492e+01
2.140145e+01 2.068492e+01
2.140070e+01 2.068492e+01
2.139902e+01 2.068356e+01
2.139800e+01 2.066402e+01
2.139714e+01 2.066402e+01
2.139652e+01 2.063923e+01
2.139540e+01 2.063654e+01
2.139434e+01 2.063525e+01
2.139274e+01 2.062918e+01
2.139213e+01 2.062918e+01
2.139086e+01 2.062828e+01
2.139021e+01 2.062828e+01
2.138886e+01 2.059876e+01
2.138824e+01 2.058618e+01
2.138683e+01 2.058474e+01
2.138567e+01 2.056436e+01
2.138488e+01 2.055551e+01
2.138437e+01 2.054925e+01
2.138395e+01 2.053689e+01
2.138278e+01 2.053689e+01
2.138190e+01 2.053689e+01
2.138103e+01 2.053689e+01
2.137995e+01 2.053689e+01
2.137931e+01 2.053689e+01
2.137827e+01 2.053689e+01
2.137626e+01 2.053160e+01
2.137573e+01 2.053160e+01
2.137535e+01 2.053160e+01
2.137504e+01 2.053160e+01
2.137460e+01 2.053160e+01
2.137390e+01 2.053160e+01
2.137297e+01 2.053160e+01
2.137246e+01 2.053160e+01
2.137208e+01 2.053160e+01
2.137182e+01 2.053160e+01
2.137159e+01 2.053160e+01
2.137106e+01 2.053160e+01
2.136927e+01 2.053160e+01
2.136846e+01 2.050399e+01
2.136791e+01 2.050399e+01
2.136727e+01 2.050399e+01
2.136673e+01 2.050399e+01
2.136611e+01 2.050399e+01
2.136585e+01 2.050399e+01
2.136526e+01 2.050399e+01
2.136442e+01 2.050399e+01
2.136349e+01 2.050399e+01
2.136314e+01 2.050399e+01
2.136263e+01 2.050399e+01
2.136244e+01 2.050399e+01
2.136184e+01 2.050399e+01
2.136089e+01 2.050399e+01
2.135985e+01 2.050399e+01
2.135893e+01 2.050399e+01
2.135836e+01 2.050399e+01
2.135792e+01 2.050399e+01
2.135765e+01 2.050399e+01
2.171751e+01 2.150181e+01
2.157208e+01 2.129979e+01
2.154617e+01 2.127373e+01
2.153354e+01 2.124677e+01
2.152406e+01 2.123341e+01
2.151743e+01 2.120486e+01
2.151019e+01 2.120319e+01
2.150527e+01 2.113933e+01
2.150191e+01 2.111947e+01
2.149698e+01 2.108577e+01
2.149314e+01 2.105503e+01
2.149065e+01 2.098863e+01
2.148736e+01 2.098863e+01
2.148391e+01 2.088829e+01
2.148134e+01 2.088479e+01
2.147835e+01 2.087246e+01
2.147488e+01 2.085182e+01
2.147161e+01 2.084148e+01
2.146751e+01 2.083868e+01
2.146175e+01 2.080581e+01
2.145672e+01 2.078574e+01
2.145331e+01 2.078574e+01
2.144900e+01 2.077736e+01
2.144593e+01 2.077573e+01
2.144321e+01 2.077373e+01
2.144030e+01 2.075583e+01
2.143769e+01 2.074976e+01
2.143569e+01 2.073844e+01
2.143270e+01 2.073591e+01
2.143072e+01 2.073079e+01
2.142820e+01 2.070932e+01
2.142668e+01 2.070015e+01
2.142424e+01 2.065476e+01
2.142162e+01 2.064078e+01
2.141910e+01 2.064078e+01
2.141710e+01 2.064000e+01
2.141481e+01 2.063890e+01
2.141258e+01 2.063890e+01
2.141049e+01 2.063755e+01
2.140802e+01 2.063738e+01
2.140618e+01 2.062680e+01
2.140451e+01 2.061497e+01
2.140320e+01 2.061061e+01
2.140214e+01 2.061061e+01
2.140071e+01 2.059692e+01
2.139986e+01 2.059692e+01
2.139878e+01 2.059686e+01
2.139792e+01 2.059686e+01
2.139682e+01 2.059686e+01
2.139609e+01 2.059686e+01
2.139541e+01 2.059686e+01
2.139403e+01 2.058887e+01
2.139337e+01 2.058731e+01
2.139231e+01 2.058731e+01
2.139132e+01 2.058731e+01
2.139047e+01 2.058731e+01
2.138934e+01 2.057805e+01
2.138834e+01 2.057805e+01
2.138788e+01 2.057616e+01
2.138678e+01 2.055443e+01
2.138560e+01 2.055443e+01
2.138448e+01 2.055443e+01
2.138351e+01 2.055393e+01
2.138185e+01 2.055393e+01
2.138081e+01 2.055393e+01
2.138015e+01 2.055393e+01
2.137929e+01 2.055393e+01
2.137808e+01 2.055224e+01
2.137752e+01 2.055224e+01
2.137650e+01 2.055224e+01
2.137603e+01 2.055224e+01
2.137425e+01 2.055224e+01
2.137358e+01 2.055224e+01
2.137253e+01 2.055224e+01
2.137174e+01 2.055224e+01
2.137134e+01 2.055224e+01
2.137099e+01 2.055224e+01
2.136962e+01 2.055224e+01
2.136861e+01 2.055224e+01
2.136751e+01 2.055224e+01
2.136680e+01 2.055224e+01
2.136617e+01 2.055224e+01
2.136558e+01 2.055224e+01
2.136480e+01 2.055224e+01
2.136413e+01 2.055224e+01
2.136309e+01 2.055224e+01
2.136223e+01 2.055224e+01
2.136119e+01 2.055224e+01
2.136051e+01 2.055224e+01
2.136013e+01 2.055224e+01
2.135934e+01 2.055224e+01
2.135841e+01 2.055224e+01
2.135759e+01 2.055224e+01
2.135641e+01 2.055224e+01
2.135586e+01 2.055224e+01
2.135514e+01 2.055224e+01
2.135462e+01 2.055224e+01
2.135438e+01 2.055224e+01
2.135419e+01 2.055224e+01
2.135361e+01 2.055224e+01
2.135312e+01 2.055224e+01
2.171751e+01 2.150181e+01
2.157284e+01 2.137008e+01
2.154988e+01 2.126944e+01
2.153666e+01 2.126517e+01
2.152671e+01 2.122477e+01
2.151875e+01 2.117770e+01
2.151408e+01 2.114384e+01
2.150779e+01 2.113254e+01
2.150301e+01 2.112792e+01
2.149856e+01 2.112306e+01
2.149472e+01 2.111110e+01
2.149088e+01 2.110116e+01
2.148811e+01 2.107730e+01
2.148446e+01 2.104652e+01
2.148213e+01 2.104527e+01
2.147969e+01 2.099445e+01
2.147685e+01 2.098838e+01
2.147424e+01 2.095047e+01
2.147064e+01 2.094944e+01
2.146681e+01 2.091709e+01
2.146371e+01 2.091275e+01
2.145998e+01 2.090381e+01
2.145615e+01 2.086697e+01
2.145233e+01 2.084042e+01
2.144819e+01 2.083547e+01
2.144525e+01 2.079999e+01
2.144306e+01 2.076587e+01
2.144067e+01 2.076036e+01
2.143891e+01 2.075685e+01
2.143637e+01 2.073511e+01
2.143362e+01 2.073335e+01
2.143149e+01 2.073335e+01
2.142911e+01 2.072974e+01
2.142692e+01 2.072500e+01
2.142423e+01 2.072500e+01
2.142182e+01 2.072500e+01
2.141964e+01 2.072500e+01
2.141775e+01 2.072500e+01
2.141619e+01 2.072306e+01
2.141441e+01 2.070873e+01
2.141308e+01 2.069642e+01
2.141144e+01 2.068869e+01
2.140987e+01 2.068393e+01
2.140836e+01 2.067434e+01
2.140676e+01 2.066848e+01
2.140545e+01 2.066526e+01
2.140413e+01 2.065867e+01
2.140330e+01 2.065465e+01
2.140208e+01 2.063829e+01
2.140035e+01 2.063124e+01
2.139925e+01 2.063124e+01
2.139837e+01 2.061911e+01
2.139654e+01 2.057106e+01
2.139547e+01 2.057106e+01
2.139386e+01 2.056944e+01
2.139295e+01 2.056944e+01
2.139223e+01 2.056944e+01
2.139131e+01 2.056918e+01
2.138994e+01 2.056918e+01
2.138928e+01 2.056671e+01
2.138842e+01 2.056612e+01
2.138654e+01 2.056541e+01
2.138523e+01 2.056541e+01
2.138453e+01 2.056541e+01
2.138382e+01 2.056541e+01
2.138289e+01 2.056541e+01
2.138214e+01 2.056541e+01
2.138099e+01 2.056541e+01
2.138006e+01 2.056312e+01
2.137951e+01 2.056312e+01
2.137843e+01 2.056312e+01
2.137706e+01 2.056312e+01
2.137629e+01 2.056312e+01
2.137550e+01 2.056312e+01
2.137456e+01 2.056312e+01
2.137326e+01 2.056312e+01
2.137233e+01 2.056312e+01
2.137188e+01 2.056312e+01
2.137129e+01 2.056312e+01
2.137079e+01 2.056312e+01
2.136972e+01 2.056312e+01
2.136930e+01 2.056260e+01
2.136817e+01 2.056260e+01
2.136760e+01 2.056260e+01
2.136738e+01 2.056260e+01
2.136641e+01 2.056260e+01
2.136553e+01 2.056260e+01
2.136486e+01 2.056260e+01
2.136424e+01 2.056260e+01
2.136400e+01 2.056260e+01
2.136364e+01 2.056260e+01
2.136281e+01 2.056260e+01
2.136217e+01 2.056260e+01
2.136092e+01 2.056260e+01
2.136040e+01 2.056153e+01
2.135985e+01 2.056153e+01
2.135944e+01 2.056153e+01
2.135904e+01 2.056153e+01
2.135845e+01 2.056153e+01
2.135676e+01 2.056153e+01
2.135617e+01 2.056153e+01
2.171751e+01 2.150181e+01
2.157221e+01 2.136246e+01
2.154807e+01 2.130002e+01
2.153358e+01 2.122164e+01
2.152453e+01 2.121225e+01
2.151555e+01 2.120863e+01
2.150960e+01 2.115495e+01
2.150435e+01 2.115435e+01
2.150083e+01 2.107103e+01
2.149701e+01 2.106616e+01
2.149353e+01 2.106616e+01
2.149105e+01 2.105417e+01
2.148835e+01 2.098886e+01
2.148466e+01 2.095007e+01
2.148282e+01 2.095001e+01
2.147882e+01 2.094794e+01
2.147517e+01 2.089570e+01
2.147122e+01 2.087922e+01
2.146792e+01 2.087685e+01
2.146316e+01 2.087117e+01
2.145864e+01 2.079777e+01
2.145428e+01 2.075814e+01
2.145029e+01 2.074159e+01
2.144669e+01 2.070658e+01
2.144329e+01 2.070478e+01
2.143972e+01 2.070478e+01
2.143742e+01 2.070478e+01
2.143386e+01 2.070337e+01
2.143096e+01 2.070337e+01
2.142765e+01 2.066885e+01
2.142602e+01 2.066885e+01
2.142366e+01 2.066639e+01
2.142207e+01 2.066639e+01
2.142083e+01 2.066225e+01
2.141892e+01 2.065298e+01
2.141742e+01 2.062738e+01
2.141609e+01 2.062664e+01
2.141334e+01 2.061102e+01
2.141201e+01 2.060018e+01
2.141045e+01 2.059827e+01
2.140888e+01 2.058870e+01
2.140686e+01 2.058796e+01
2.140571e+01 2.058703e+01
2.140414e+01 2.058604e+01
2.140274e+01 2.058604e+01
2.140170e+01 2.058604e+01
2.139960e+01 2.058377e+01
2.139847e+01 2.058317e+01
2.139715e+01 2.057980e+01
2.139635e+01 2.057980e+01
2.139497e+01 2.055357e+01
2.139367e+01 2.054612e+01
2.139270e+01 2.054612e+01
2.139163e+01 2.054612e+01
2.139080e+01 2.054560e+01
2.138989e+01 2.054010e+01
2.138890e+01 2.052660e+01
2.138788e+01 2.052511e+01
2.138684e+01 2.052427e+01
2.138581e+01 2.051612e+01
2.138444e+01 2.051612e+01
2.138367e+01 2.051476e+01
2.138290e+01 2.051476e+01
2.138162e+01 2.051476e+01
2.138113e+01 2.051476e+01
2.137960e+01 2.051476e+01
2.137689e+01 2.051476e+01
2.137641e+01 2.051476e+01
2.137531e+01 2.051476e+01
2.137494e+01 2.051476e+01
2.137402e+01 2.051476e+01
2.137335e+01 2.051476e+01
2.137297e+01 2.051476e+01
2.137247e+01 2.051476e+01
2.137182e+01 2.051476e+01
2.137125e+01 2.051476e+01
2.137079e+01 2.051476e+01
2.136978e+01 2.051476e+01
2.136944e+01 2.051476e+01
2.136866e+01 2.051476e+01
2.136809e+01 2.051476e+01
2.136715e+01 2.051476e+01
2.136664e+01 2.051476e+01
2.136582e+01 2.051476e+01
2.136478e+01 2.051476e+01
2.136420e+01 2.051476e+01
2.136390e+01 2.051476e+01
2.136346e+01 2.051476e+01
2.136290e+01 2.051476e+01
2.136247e+01 2.051476e+01
2.136136e+01 2.051476e+01
2.136087e+01 2.051476e+01
2.135947e+01 2.051476e+01
2.135901e+01 2.051476e+01
2.135884e+01 2.051476e+01
2.135859e+01 2.050507e+01
2.135809e+01 2.050507e+01
2.135677e+01 2.050507e+01
2.135621e+01 2.050507e+01
2.135564e+01 2.050507e+01
2.135492e+01 2.050507e+01
2.171751e+01 2.150181e+01
2.157156e+01 2.137210e+01
2.154831e+01 2.135228e+01
2.153091e+01 2.128773e+01
2.152264e+01 2.118501e+01
2.151529e+01 2.112949e+01
2.150830e+01 2.109223e+01
2.150401e+01 2.108880e+01
2.149953e+01 2.106110e+01
2.149662e+01 2.105153e+01
2.149198e+01 2.101978e+01
2.148786e+01 2.099581e+01
2.148591e+01 2.099519e+01
2.148343e+01 2.099048e+01
2.148127e+01 2.099048e+01
2.147753e+01 2.098955e+01
2.147491e+01 2.098573e+01
2.147152e+01 2.098301e+01
2.146790e+01 2.098164e+01
2.146357e+01 2.094669e+01
2.145866e+01 2.090680e+01
2.145598e+01 2.090561e+01
2.145200e+01 2.088599e+01
2.144790e+01 2.086839e+01
2.144480e+01 2.086839e+01
2.144141e+01 2.086565e+01
2.143915e+01 2.084716e+01
2.143652e+01 2.083851e+01
2.143356e+01 2.081708e+01
2.143131e+01 2.081696e+01
2.142931e+01 2.078253e+01
2.142684e+01 2.077515e+01
2.142498e+01 2.076819e+01
2.142241e+01 2.075403e+01
2.142084e+01 2.075403e+01
2.141845e+01 2.075403e+01
2.141574e+01 2.074051e+01
2.141425e+01 2.073804e+01
2.141317e+01 2.072563e+01
2.141142e+01 2.071327e+01
2.140930e+01 2.070330e+01
2.140833e+01 2.069987e+01
2.140680e+01 2.068162e+01
2.140525e+01 2.067695e+01
2.140341e+01 2.067695e+01
2.140257e+01 2.067101e+01
2.140153e+01 2.067074e+01
2.139968e+01 2.066856e+01
2.139870e+01 2.066414e+01
2.139797e+01 2.066414e+01
2.139736e+01 2.065938e+01
2.139680e+01 2.065938e+01
2.139497e+01 2.065791e+01
2.139356e+01 2.065509e+01
2.139230e+01 2.065439e+01
2.139041e+01 2.064554e+01
2.138923e+01 2.064213e+01
2.138814e+01 2.062631e+01
2.138732e+01 2.062631e+01
2.138665e+01 2.062564e+01
2.138568e+01 2.061438e+01
2.138463e+01 2.060582e+01
2.138400e+01 2.060400e+01
2.138343e+01 2.060400e+01
2.138102e+01 2.060400e+01
2.137970e+01 2.060400e+01
2.137869e+01 2.060400e+01
2.137790e+01 2.060400e+01
2.137757e+01 2.060400e+01
2.137690e+01 2.060400e+01
2.137622e+01 2.060400e+01
2.137581e+01 2.060400e+01
2.137514e+01 2.060372e+01
2.137411e+01 2.060372e+01
2.137215e+01 2.060372e+01
2.137141e+01 2.060372e+01
2.137068e+01 2.060372e+01
2.136972e+01 2.060372e+01
2.136925e+01 2.060372e+01
2.136818e+01 2.060372e+01
2.136695e+01 2.060372e+01
2.136656e+01 2.060372e+01
2.136605e+01 2.060372e+01
2.136532e+01 2.060372e+01
2.136453e+01 2.060372e+01
2.136411e+01 2.060372e+01
2.136252e+01 2.060372e+01
2.136228e+01 2.060372e+01
2.136176e+01 2.060372e+01
2.136120e+01 2.060372e+01
2.136081e+01 2.060372e+01
2.136051e+01 2.060372e+01
2.136020e+01 2.060372e+01
2.135980e+01 2.060372e+01
2.135927e+01 2.060372e+01
2.135874e+01 2.060372e+01
2.135803e+01 2.060372e+01
2.135657e+01 2.060372e+01
2.135625e+01 2.060372e+01
2.135604e+01 2.060372e+01
2.135567e+01 2.060372e+01
2.171751e+01 2.150181e+01
2.157278e+01 2.132359e+01
2.154862e+01 2.129376e+01
2.153624e+01 2.128044e+01
2.152607e+01 2.126522e+01
2.151810e+01 2.124056e+01
2.151242e+01 2.121466e+01
2.150690e+01 2.120612e+01
2.150267e+01 2.117365e+01
2.149936e+01 2.117365e+01
2.149540e+01 2.114271e+01
2.149241e+01 2.111172e+01
2.148946e+01 2.110408e+01
2.148619e+01 2.110408e+01
2.148101e+01 2.108550e+01
2.147655e+01 2.107630e+01
2.147222e+01 2.105665e+01
2.146758e+01 2.105538e+01
2.146351e+01 2.105491e+01
2.145906e+01 2.100281e+01
2.145488e+01 2.099447e+01
2.145201e+01 2.095698e+01
2.144858e+01 2.090870e+01
2.144481e+01 2.090485e+01
2.144178e+01 2.090100e+01
2.143938e+01 2.088983e+01
2.143677e+01 2.087922e+01
2.143383e+01 2.085197e+01
2.143087e+01 2.084880e+01
2.142883e+01 2.084259e+01
2.142687e+01 2.084259e+01
2.142533e+01 2.083977e+01
2.142323e+01 2.083977e+01
2.142122e+01 2.083203e+01
2.141919e+01 2.080966e+01
2.141729e+01 2.077373e+01
2.141538e+01 2.077373e+01
2.141380e+01 2.076210e+01
2.141225e+01 2.076210e+01
2.141052e+01 2.075551e+01
2.140931e+01 2.075237e+01
2.140767e+01 2.071864e+01
2.140574e+01 2.069835e+01
2.140422e+01 2.069484e+01
2.140234e+01 2.068223e+01
2.140069e+01 2.062947e+01
2.139970e+01 2.060031e+01
2.139833e+01 2.058974e+01
2.139724e+01 2.058704e+01
2.139616e+01 2.058704e+01
2.139458e+01 2.058704e+01
2.139305e+01 2.057701e+01
2.139197e+01 2.054871e+01
2.139065e+01 2.054772e+01
2.138940e+01 2.054772e+01
2.138853e+01 2.054772e+01
2.138753e+01 2.054133e+01
2.138660e+01 2.054093e+01
2.138605e+01 2.053286e+01
2.138546e+01 2.053246e+01
2.138456e+01 2.053246e+01
2.138406e+01 2.052745e+01
2.138319e+01 2.051872e+01
2.138275e+01 2.051872e+01
2.138165e+01 2.051872e+01
2.138073e+01 2.051872e+01
2.137997e+01 2.051872e+01
2.137887e+01 2.051872e+01
2.137809e+01 2.051872e+01
2.137643e+01 2.051872e+01
2.137615e+01 2.051872e+01
2.137541e+01 2.051872e+01
2.137417e+01 2.051872e+01
2.137291e+01 2.051872e+01
2.137194e+01 2.051872e+01
2.137074e+01 2.051872e+01
2.136917e+01 2.051872e+01
2.136853e+01 2.051872e+01
2.136804e+01 2.051872e+01
2.136766e+01 2.051872e+01
2.136676e+01 2.051872e+01
2.136594e+01 2.051872e+01
2.136539e+01 2.051872e+01
2.136494e+01 2.051872e+01
2.136392e+01 2.051872e+01
2.136310e+01 2.051872e+01
2.136249e+01 2.051872e+01
2.136192e+01 2.051872e+01
2.136132e+01 2.051872e+01
2.136057e+01 2.051872e+01
2.136015e+01 2.051872e+01
2.135965e+01 2.051872e+01
2.135918e+01 2.051872e+01
2.135882e+01 2.051872e+01
2.135844e+01 2.051872e+01
2.135830e+01 2.051872e+01
2.135779e+01 2.051872e+01
2.135714e+01 2.051872e+01
2.135617e+01 2.051872e+01
2.135498e+01 2.051872e+01
2.135393e+01 2.051872e+01
2.171751e+01 2.150181e+01
2.156968e+01 2.129742e+01
2.154714e+01 2.121933e+01
2.153247e+01 2.121306e+01
2.152424e+01 2.116766e+01
2.151701e+01 2.110620e+01
2.151097e+01 2.109355e+01
2.150557e+01 2.106966e+01
2.150064e+01 2.106966e+01
2.149625e+01 2.106028e+01
2.149203e+01 2.104968e+01
2.148892e+01 2.104827e+01
2.148589e+01 2.102099e+01
2.148310e+01 2.098423e+01
2.148088e+01 2.098056e+01
2.147784e+01 2.097096e+01
2.147635e+01 2.097096e+01
2.147436e+01 2.097096e+01
2.147271e+01 2.097096e+01
2.147006e+01 2.096781e+01
2.146710e+01 2.094840e+01
2.146373e+01 2.088937e+01
2.145976e+01 2.088704e+01
2.145528e+01 2.087400e+01
2.145173e+01 2.086135e+01
2.144816e+01 2.084265e+01
2.144464e+01 2.083192e+01
2.144171e+01 2.081171e+01
2.143934e+01 2.078851e+01
2.143604e+01 2.078851e+01
2.143345e+01 2.078851e+01
2.143150e+01 2.075738e+01
2.142922e+01 2.074924e+01
2.142732e+01 2.073721e+01
2.142542e+01 2.073721e+01
2.142230e+01 2.070552e+01
2.142029e+01 2.069870e+01
2.141881e+01 2.069728e+01
2.141659e+01 2.069728e+01
2.141508e+01 2.069675e+01
2.141377e+01 2.069401e+01
2.141256e+01 2.068141e+01
2.141109e+01 2.065239e+01
2.140984e+01 2.064896e+01
2.140780e+01 2.064896e+01
2.140573e+01 2.064432e+01
2.140468e+01 2.062871e+01
2.140350e+01 2.062871e+01
2.140186e+01 2.062646e+01
2.140118e+01 2.060662e+01
2.139973e+01 2.060331e+01
2.139872e+01 2.060331e+01
2.139787e+01 2.060331e+01
2.139654e+01 2.060262e+01
2.139545e+01 2.060262e+01
2.139449e+01 2.057331e+01
2.139348e+01 2.057322e+01
2.139208e+01 2.057322e+01
2.139121e+01 2.057322e+01
2.139011e+01 2.057322e+01
2.138882e+01 2.057296e+01
2.138777e+01 2.056490e+01
2.138726e+01 2.055821e+01
2.138573e+01 2.055821e+01
2.138524e+01 2.055821e+01
2.138479e+01 2.055821e+01
2.138417e+01 2.055821e+01
2.138316e+01 2.055821e+01
2.138264e+01 2.055821e+01
2.138206e+01 2.055821e+01
2.138130e+01 2.055821e+01
2.138074e+01 2.055821e+01
2.137910e+01 2.055821e+01
2.137853e+01 2.054573e+01
2.137778e+01 2.054573e+01
2.137713e+01 2.054573e+01
2.137636e+01 2.054573e+01
2.137558e+01 2.054573e+01
2.137421e+01 2.054573e+01
2.137322e+01 2.054573e+01
2.137251e+01 2.054573e+01
2.137193e+01 2.054573e+01
2.137160e+01 2.054573e+01
2.137106e+01 2.054573e+01
2.137059e+01 2.054573e+01
2.136996e+01 2.054573e+01
2.136907e+01 2.054573e+01
2.136859e+01 2.054573e+01
2.136810e+01 2.054573e+01
2.136792e+01 2.054573e+01
2.136638e+01 2.054573e+01
2.136614e+01 2.054573e+01
2.136568e+01 2.054573e+01
2.136469e+01 2.054573e+01
2.136445e+01 2.054573e+01
2.136419e+01 2.054573e+01
2.136359e+01 2.054573e+01
2.136325e+01 2.054573e+01
2.136142e+01 2.054573e+01
2.136072e+01 2.054573e+01
2.136000e+01 2.054573e+01
2.171751e+01 2.150181e+01
2.157285e+01 2.127854e+01
2.155098e+01 2.124136e+01
2.153672e+01 2.118837e+01
2.152613e+01 2.115280e+01
2.152040e+01 2.112432e+01
2.151310e+01 2.111451e+01
2.150761e+01 2.110209e+01
2.150133e+01 2.109228e+01
2.149741e+01 2.107891e+01
2.149416e+01 2.102424e+01
2.149048e+01 2.097637e+01
2.148778e+01 2.096747e+01
2.148557e+01 2.096747e+01
2.148277e+01 2.093669e+01
2.147987e+01 2.092735e+01
2.147808e+01 2.089383e+01
2.147627e+01 2.088585e+01
2.147357e+01 2.087042e+01
2.147137e+01 2.087042e+01
2.146714e+01 2.085022e+01
2.146420e+01 2.083979e+01
2.145937e+01 2.083979e+01
2.145520e+01 2.080125e+01
2.145119e+01 2.076984e+01
2.144721e+01 2.076984e+01
2.144416e+01 2.076321e+01
2.144139e+01 2.075800e+01
2.143859e+01 2.074648e+01
2.143563e+01 2.074570e+01
2.143291e+01 2.074570e+01
2.143012e+01 2.073168e+01
2.142808e+01 2.072399e+01
2.142629e+01 2.072258e+01
2.142491e+01 2.071020e+01
2.142243e+01 2.071020e+01
2.142046e+01 2.070644e+01
2.141891e+01 2.068504e+01
2.141712e+01 2.064204e+01
2.141515e+01 2.062133e+01
2.141328e+01 2.061618e+01
2.141191e+01 2.058935e+01
2.141061e+01 2.058503e+01
2.140928e+01 2.058208e+01
2.140785e+01 2.056557e+01
2.140654e+01 2.056557e+01
2.140540e+01 2.056051e+01
2.140386e+01 2.055088e+01
2.140263e+01 2.055088e+01
2.140192e+01 2.055035e+01
2.140092e+01 2.055035e+01
2.140007e+01 2.053949e+01
2.139886e+01 2.053451e+01
2.139747e+01 2.053369e+01
2.139608e+01 2.051431e+01
2.139484e+01 2.050991e+01
2.139383e+01 2.050889e+01
2.139271e+01 2.047413e+01
2.139170e+01 2.045886e+01
2.139091e+01 2.045430e+01
2.139027e+01 2.045293e+01
2.138901e+01 2.045293e+01
2.138788e+01 2.044261e+01
2.138609e+01 2.044261e+01
2.138553e+01 2.044261e+01
2.138458e+01 2.044261e+01
2.138379e+01 2.044261e+01
2.138326e+01 2.044261e+01
2.138234e+01 2.044261e+01
2.138147e+01 2.044261e+01
2.138076e+01 2.044261e+01
2.137921e+01 2.044261e+01
2.137822e+01 2.044261e+01
2.137734e+01 2.044261e+01
2.137680e+01 2.044261e+01
2.137572e+01 2.044261e+01
2.137510e+01 2.044261e+01
2.137471e+01 2.044261e+01
2.137372e+01 2.044261e+01
2.137333e+01 2.044261e+01
2.137243e+01 2.044261e+01
2.137204e+01 2.044261e+01
2.137111e+01 2.044261e+01
2.137055e+01 2.044261e+01
2.136997e+01 2.044261e+01
2.136937e+01 2.044261e+01
2.136881e+01 2.044261e+01
2.136770e+01 2.044261e+01
2.136662e+01 2.044261e+01
2.136544e+01 2.044261e+01
2.136510e+01 2.044261e+01
2.136463e+01 2.044261e+01
2.136397e+01 2.044261e+01
2.136331e+01 2.044261e+01
2.136176e+01 2.044261e+01
2.136115e+01 2.044261e+01
2.135945e+01 2.044261e+01
2.135912e+01 2.042708e+01
2.135867e+01 2.042708e+01
2.135809e+01 2.042708e+01
2.135765e+01 2.042708e+01
2.171751e+01 2.150181e+01
2.157283e+01 2.135238e+01
2.154855e+01 2.132109e+01
2.153420e+01 2.124560e+01
2.152311e+01 2.120107e+01
2.151398e+01 2.116653e+01
2.150912e+01 2.114886e+01
2.150420e+01 2.111491e+01
2.149973e+01 2.108828e+01
2.149629e+01 2.107685e+01
2.149308e+01 2.106140e+01
2.148980e+01 2.101133e+01
2.148621e+01 2.097970e+01
2.148275e+01 2.096074e+01
2.147860e+01 2.095577e+01
2.147467e+01 2.094140e+01
2.147086e+01 2.093059e+01
2.146711e+01 2.090618e+01
2.146288e+01 2.090578e+01
2.145957e+01 2.090507e+01
2.145383e+01 2.083959e+01
2.145019e+01 2.083437e+01
2.144781e+01 2.078849e+01
2.144476e+01 2.078451e+01
2.144090e+01 2.075427e+01
2.143886e+01 2.075012e+01
2.143628e+01 2.073435e+01
2.143397e+01 2.070503e+01
2.143080e+01 2.070401e+01
2.142823e+01 2.070401e+01
2.142654e+01 2.070171e+01
2.142360e+01 2.070171e+01
2.142131e+01 2.068966e+01
2.141935e+01 2.068175e+01
2.141807e+01 2.068003e+01
2.141638e+01 2.068003e+01
2.141423e+01 2.064768e+01
2.141254e+01 2.064658e+01
2.141016e+01 2.064658e+01
2.140851e+01 2.064437e+01
2.140716e+01 2.063874e+01
2.140611e+01 2.063874e+01
2.140389e+01 2.062104e+01
2.140232e+01 2.060638e+01
2.140018e+01 2.060638e+01
2.139906e+01 2.059900e+01
2.139763e+01 2.059447e+01
2.139696e+01 2.057299e+01
2.139618e+01 2.056934e+01
2.139501e+01 2.056934e+01
2.139398e+01 2.056934e+01
2.139309e+01 2.056700e+01
2.139238e+01 2.056580e+01
2.139183e+01 2.056527e+01
2.139134e+01 2.056527e+01
2.139039e+01 2.056488e+01
2.138976e+01 2.056418e+01
2.138836e+01 2.056224e+01
2.138743e+01 2.056154e+01
2.138681e+01 2.056119e+01
2.138611e+01 2.055808e+01
2.138528e+01 2.055727e+01
2.138381e+01 2.055373e+01
2.138263e+01 2.055373e+01
2.138188e+01 2.055373e+01
2.138143e+01 2.055373e+01
2.137997e+01 2.055373e+01
2.137949e+01 2.055373e+01
2.137925e+01 2.055373e+01
2.137886e+01 2.055373e+01
2.137848e+01 2.055373e+01
2.137711e+01 2.055373e+01
2.137598e+01 2.055373e+01
2.137441e+01 2.055373e+01
2.137372e+01 2.055373e+01
2.137288e+01 2.055373e+01
2.137266e+01 2.055373e+01
2.137216e+01 2.055373e+01
2.137159e+01 2.055373e+01
2.136937e+01 2.055373e+01
2.136842e+01 2.055373e+01
2.136805e+01 2.055373e+01
2.136755e+01 2.055373e+01
2.136653e+01 2.055373e+01
2.136585e+01 2.055373e+01
2.136568e+01 2.055373e+01
2.136547e+01 2.055373e+01
2.136495e+01 2.055373e+01
2.136460e+01 2.055373e+01
2.136406e+01 2.055373e+01
2.136364e+01 2.055373e+01
2.136308e+01 2.055373e+01
2.136245e+01 2.055373e+01
2.136210e+01 2.055373e+01
2.136152e+01 2.055373e+01
2.136054e+01 2.055373e+01
2.136018e+01 2.055373e+01
2.135985e+01 2.055373e+01
2.135782e+01 2.055373e+01
2.135684e+01 2.055373e+01
2.135654e+01 2.055373e+01
2.171751e+01 2.150181e+01
2.157082e+01 2.135209e+01
2.154540e+01 2.129249e+01
2.153180e+01 2.126126e+01
2.152126e+01 2.115940e+01
2.151396e+01 2.115467e+01
2.150766e+01 2.113667e+01
2.150201e+01 2.113427e+01
2.149745e+01 2.111796e+01
2.149327e+01 2.110077e+01
2.149033e+01 2.109682e+01
2.148685e+01 2.108606e+01
2.148451e+01 2.108039e+01
2.148239e+01 2.107354e+01
2.148021e+01 2.105682e+01
2.147803e+01 2.102932e+01
2.147637e+01 2.102616e+01
2.147465e+01 2.099574e+01
2.147324e+01 2.097476e+01
2.147165e+01 2.095044e+01
2.146947e+01 2.094475e+01
2.146757e+01 2.090520e+01
2.146634e+01 2.090520e+01
2.146491e+01 2.088922e+01
2.146331e+01 2.084877e+01
2.146160e+01 2.082908e+01
2.145989e+01 2.081203e+01
2.145846e+01 2.080191e+01
2.145690e+01 2.078885e+01
2.145364e+01 2.078067e+01
2.145045e+01 2.078067e+01
2.144693e+01 2.077742e+01
2.144334e+01 2.074538e+01
2.143931e+01 2.074127e+01
2.143619e+01 2.070588e+01
2.143199e+01 2.070525e+01
2.142926e+01 2.069984e+01
2.142711e+01 2.069984e+01
2.142495e+01 2.069984e+01
2.142373e+01 2.067868e+01
2.142168e+01 2.067628e+01
2.142014e+01 2.064307e+01
2.141875e+01 2.064290e+01
2.141718e+01 2.064180e+01
2.141523e+01 2.063760e+01
2.141318e+01 2.063760e+01
2.141141e+01 2.063116e+01
2.141025e+01 2.063116e+01
2.140901e+01 2.062912e+01
2.140831e+01 2.062912e+01
2.140672e+01 2.062653e+01
2.140571e+01 2.062546e+01
2.140515e+01 2.062546e+01
2.140323e+01 2.062422e+01
2.140235e+01 2.062067e+01
2.140171e+01 2.061932e+01
2.140018e+01 2.060729e+01
2.139877e+01 2.060729e+01
2.139765e+01 2.060729e+01
2.139680e+01 2.060729e+01
2.139588e+01 2.058483e+01
2.139445e+01 2.057063e+01
2.139307e+01 2.053195e+01
2.139213e+01 2.053195e+01
2.139036e+01 2.053195e+01
2.138961e+01 2.053195e+01
2.138913e+01 2.053195e+01
2.138766e+01 2.053195e+01
2.138635e+01 2.053195e+01
2.138491e+01 2.053195e+01
2.138442e+01 2.053195e+01
2.138403e+01 2.053195e+01
2.138377e+01 2.053195e+01
2.138304e+01 2.053195e+01
2.138285e+01 2.053195e+01
2.138158e+01 2.053195e+01
2.138059e+01 2.053195e+01
2.137998e+01 2.053195e+01
2.137902e+01 2.053195e+01
2.137838e+01 2.053195e+01
2.137802e+01 2.053195e+01
2.137658e+01 2.053195e+01
2.137557e+01 2.052949e+01
2.137486e+01 2.052949e+01
2.137447e+01 2.052949e+01
2.137384e+01 2.052949e+01
2.137358e+01 2.052949e+01
2.137330e+01 2.052949e+01
2.137266e+01 2.052949e+01
2.137218e+01 2.052949e+01
2.137187e+01 2.052949e+01
2.137094e+01 2.052949e+01
2.137052e+01 2.052949e+01
2.137009e+01 2.052949e+01
2.136959e+01 2.052949e+01
2.136873e+01 2.052949e+01
2.136739e+01 2.052949e+01
2.136668e+01 2.052949e+01
2.136634e+01 2.052949e+01
2.136583e+01 2.052949e+01
2.136549e+01 2.052949e+01
2.171751e+01 2.150181e+01
2.157288e+01 2.129462e+01
2.154806e+01 2.125462e+01
2.153349e+01 2.124024e+01
2.152271e+01 2.121248e+01
2.151430e+01 2.115287e+01
2.150846e+01 2.113665e+01
2.150454e+01 2.112640e+01
2.149941e+01 2.110796e+01
2.149518e+01 2.109136e+01
2.149176e+01 2.109015e+01
2.148790e+01 2.108660e+01
2.148542e+01 2.108357e+01
2.148273e+01 2.102546e+01
2.148063e+01 2.102546e+01
2.147832e+01 2.102546e+01
2.147676e+01 2.102523e+01
2.147500e+01 2.102386e+01
2.147313e+01 2.102386e+01
2.147151e+01 2.099181e+01
2.146983e+01 2.097333e+01
2.146799e+01 2.096922e+01
2.146663e+01 2.095203e+01
2.146510e+01 2.093442e+01
2.146367e+01 2.093442e+01
2.146058e+01 2.091748e+01
2.145858e+01 2.091748e+01
2.145621e+01 2.090716e+01
2.145295e+01 2.088519e+01
2.144890e+01 2.085214e+01
2.144514e+01 2.085152e+01
2.144137e+01 2.081169e+01
2.143799e+01 2.079140e+01
2.143569e+01 2.078247e+01
2.143365e+01 2.074537e+01
2.143170e+01 2.073146e+01
2.142962e+01 2.072680e+01
2.142763e+01 2.072680e+01
2.142567e+01 2.072523e+01
2.142326e+01 2.068768e+01
2.142189e+01 2.067662e+01
2.142025e+01 2.067556e+01
2.141877e+01 2.065289e+01
2.141730e+01 2.065289e+01
2.141516e+01 2.065289e+01
2.141322e+01 2.061646e+01
2.141144e+01 2.059552e+01
2.141016e+01 2.059510e+01
2.140810e+01 2.059510e+01
2.140663e+01 2.057908e+01
2.140517e+01 2.057908e+01
2.140425e+01 2.055676e+01
2.140315e+01 2.055676e+01
2.140193e+01 2.054406e+01
2.140037e+01 2.054373e+01
2.139864e+01 2.053384e+01
2.139754e+01 2.053091e+01
2.139593e+01 2.052936e+01
2.139463e+01 2.052923e+01
2.139375e+01 2.052923e+01
2.139272e+01 2.052923e+01
2.139176e+01 2.052923e+01
2.139140e+01 2.051987e+01
2.139047e+01 2.051987e+01
2.138953e+01 2.051987e+01
2.138900e+01 2.051987e+01
2.138827e+01 2.051987e+01
2.138699e+01 2.051987e+01
2.138562e+01 2.051987e+01
2.138493e+01 2.051987e+01
2.138452e+01 2.051987e+01
2.138346e+01 2.051987e+01
2.138262e+01 2.051987e+01
2.138074e+01 2.051984e+01
2.137984e+01 2.051984e+01
2.137923e+01 2.051984e+01
2.137880e+01 2.051984e+01
2.137750e+01 2.051984e+01
2.137682e+01 2.051984e+01
2.137590e+01 2.051984e+01
2.137532e+01 2.051984e+01
2.137426e+01 2.051984e+01
2.137389e+01 2.051984e+01
2.137317e+01 2.051984e+01
2.137221e+01 2.051984e+01
2.137197e+01 2.051984e+01
2.137147e+01 2.051984e+01
2.137077e+01 2.051984e+01
2.137043e+01 2.051984e+01
2.136992e+01 2.051984e+01
2.136912e+01 2.051984e+01
2.136808e+01 2.051984e+01
2.136753e+01 2.051984e+01
2.136704e+01 2.051984e+01
2.136640e+01 2.051984e+01
2.136569e+01 2.051984e+01
2.136477e+01 2.051984e+01
2.136415e+01 2.051984e+01
2.136356e+01 2.051984e+01
2.136296e+01 2.051984e+01
2.136276e+01 2.051984e+01
2.171751e+01 2.150181e+01
2.157129e+01 2.128121e+01
2.154619e+01 2.126308e+01
2.153184e+01 2.123108e+01
2.152115e+01 2.121564e+01
2.151507e+01 2.119123e+01
2.150956e+01 2.115186e+01
2.150445e+01 2.113381e+01
2.149984e+01 2.113129e+01
2.149577e+01 2.111019e+01
2.149238e+01 2.109678e+01
2.148949e+01 2.108835e+01
2.148611e+01 2.108793e+01
2.148348e+01 2.106016e+01
2.148072e+01 2.104968e+01
2.147809e+01 2.102969e+01
2.147538e+01 2.099832e+01
2.147287e+01 2.098905e+01
2.146912e+01 2.097874e+01
2.146569e+01 2.097326e+01
2.146145e+01 2.095984e+01
2.145792e+01 2.092835e+01
2.145379e+01 2.091680e+01
2.145103e+01 2.091677e+01
2.144774e+01 2.091677e+01
2.144575e+01 2.091675e+01
2.144231e+01 2.090377e+01
2.144004e+01 2.090377e+01
2.143745e+01 2.089456e+01
2.143521e+01 2.085188e+01
2.143343e+01 2.085163e+01
2.143227e+01 2.085163e+01
2.143025e+01 2.084867e+01
2.142890e+01 2.083049e+01
2.142717e+01 2.082243e+01
2.142482e+01 2.082243e+01
2.142294e+01 2.082151e+01
2.142094e+01 2.081634e+01
2.141896e+01 2.080064e+01
2.141673e+01 2.079883e+01
2.141533e+01 2.078363e+01
2.141366e+01 2.075480e+01
2.141200e+01 2.074986e+01
2.141060e+01 2.074986e+01
2.140937e+01 2.074421e+01
2.140823e+01 2.073272e+01
2.140753e+01 2.073211e+01
2.140550e+01 2.072709e+01
2.140341e+01 2.071948e+01
2.140241e+01 2.071676e+01
2.140151e+01 2.071248e+01
2.140009e+01 2.071248e+01
2.139844e+01 2.069596e+01
2.139702e+01 2.068692e+01
2.139599e+01 2.068692e+01
2.139527e+01 2.067418e+01
2.139470e+01 2.067418e+01
2.139384e+01 2.067348e+01
2.139262e+01 2.067255e+01
2.139165e+01 2.066950e+01
2.139022e+01 2.066526e+01
2.138927e+01 2.065908e+01
2.138855e+01 2.065908e+01
2.138752e+01 2.065908e+01
2.138676e+01 2.065908e+01
2.138589e+01 2.065908e+01
2.138412e+01 2.065908e+01
2.138285e+01 2.065908e+01
2.138201e+01 2.065908e+01
2.138095e+01 2.065908e+01
2.138059e+01 2.065908e+01
2.137929e+01 2.065908e+01
2.137899e+01 2.065908e+01
2.137611e+01 2.065908e+01
2.137512e+01 2.065031e+01
2.137442e+01 2.065031e+01
2.137261e+01 2.065031e+01
2.137174e+01 2.065031e+01
2.137104e+01 2.065031e+01
2.136945e+01 2.065031e+01
2.136795e+01 2.065031e+01
2.136749e+01 2.065031e+01
2.136642e+01 2.065031e+01
2.136505e+01 2.065031e+01
2.136406e+01 2.065031e+01
2.136365e+01 2.065031e+01
2.136252e+01 2.065031e+01
2.136229e+01 2.065031e+01
2.136171e+01 2.065031e+01
2.136077e+01 2.065031e+01
2.136007e+01 2.065031e+01
2.135877e+01 2.065031e+01
2.135839e+01 2.065031e+01
2.135790e+01 2.065031e+01
2.135688e+01 2.065031e+01
2.135609e+01 2.062829e+01
2.135537e+01 2.062829e+01
2.135426e+01 2.062829e+01
2.135365e+01 2.062829e+01
2.135311e+01 2.062829e+01
2.135265e+01 2.062829e+01
2.171751e+01 2.150181e+01
2.157450e+01 2.133392e+01
2.154857e+01 2.130676e+01
2.153548e+01 2.124348e+01
2.152589e+01 2.121208e+01
2.151836e+01 2.118034e+01
2.151190e+01 2.116339e+01
2.150692e+01 2.115521e+01
2.150191e+01 2.109006e+01
2.149715e+01 2.103306e+01
2.149325e+01 2.095951e+01
2.148917e+01 2.090350e+01
2.148645e+01 2.085305e+01
2.148426e+01 2.085178e+01
2.148128e+01 2.084978e+01
2.147863e+01 2.084978e+01
2.147506e+01 2.084952e+01
2.147264e+01 2.084066e+01
2.146913e+01 2.081811e+01
2.146484e+01 2.081811e+01
2.146128e+01 2.081394e+01
2.145695e+01 2.081342e+01
2.145299e+01 2.081222e+01
2.144882e+01 2.081208e+01
2.144645e+01 2.081154e+01
2.144333e+01 2.081154e+01
2.144068e+01 2.075868e+01
2.143823e+01 2.075865e+01
2.143621e+01 2.075249e+01
2.143433e+01 2.075206e+01
2.143152e+01 2.071743e+01
2.142961e+01 2.071705e+01
2.142819e+01 2.071176e+01
2.142651e+01 2.071176e+01
2.142494e+01 2.071176e+01
2.142226e+01 2.070806e+01
2.141940e+01 2.070446e+01
2.141728e+01 2.069844e+01
2.141579e+01 2.069844e+01
2.141463e+01 2.069844e+01
2.141283e+01 2.068874e+01
2.141173e+01 2.068730e+01
2.141046e+01 2.068366e+01
2.140880e+01 2.068366e+01
2.140718e+01 2.067938e+01
2.140587e+01 2.067645e+01
2.140481e+01 2.063771e+01
2.140341e+01 2.059775e+01
2.140154e+01 2.059499e+01
2.140050e+01 2.059499e+01
2.139878e+01 2.058225e+01
2.139806e+01 2.058218e+01
2.139664e+01 2.058217e+01
2.139548e+01 2.056705e+01
2.139467e+01 2.056704e+01
2.139300e+01 2.056704e+01
2.139188e+01 2.056185e+01
2.139050e+01 2.056185e+01
2.138932e+01 2.056185e+01
2.138823e+01 2.055822e+01
2.138760e+01 2.055298e+01
2.138695e+01 2.055298e+01
2.138623e+01 2.055298e+01
2.138519e+01 2.055298e+01
2.138337e+01 2.055298e+01
2.138209e+01 2.055298e+01
2.138130e+01 2.055298e+01
2.138041e+01 2.055298e+01
2.137991e+01 2.055298e+01
2.137941e+01 2.055298e+01
2.137898e+01 2.055298e+01
2.137870e+01 2.055298e+01
2.137811e+01 2.055298e+01
2.137763e+01 2.055298e+01
2.137730e+01 2.055298e+01
2.137703e+01 2.055298e+01
2.137594e+01 2.055298e+01
2.137561e+01 2.055298e+01
2.137513e+01 2.055298e+01
2.137435e+01 2.055158e+01
2.137382e+01 2.055158e+01
2.137334e+01 2.055158e+01
2.137266e+01 2.055158e+01
2.137211e+01 2.055158e+01
2.137201e+01 2.055158e+01
2.137093e+01 2.055158e+01
2.136989e+01 2.055158e+01
2.136920e+01 2.055158e+01
2.136825e+01 2.053975e+01
2.136725e+01 2.053975e+01
2.136702e+01 2.053975e+01
2.136639e+01 2.053975e+01
2.136553e+01 2.053975e+01
2.136530e+01 2.053975e+01
2.136490e+01 2.053975e+01
2.136441e+01 2.053975e+01
2.136394e+01 2.053975e+01
2.136221e+01 2.053975e+01
2.136203e+01 2.053975e+01
2.136122e+01 2.053975e+01
2.136071e+01 2.053975e+01
2.171751e+01 2.150181e+01
2.157429e+01 2.136591e+01
2.154834e+01 2.126264e+01
2.153294e+01 2.122698e+01
2.152018e+01 2.122049e+01
2.151317e+01 2.119811e+01
2.150687e+01 2.117971e+01
2.150126e+01 2.117334e+01
2.149616e+01 2.114632e+01
2.149202e+01 2.112090e+01
2.148883e+01 2.112090e+01
2.148616e+01 2.108798e+01
2.148384e+01 2.106345e+01
2.148197e+01 2.106223e+01
2.147861e+01 2.104769e+01
2.147494e+01 2.100940e+01
2.147196e+01 2.100317e+01
2.146812e+01 2.098223e+01
2.146476e+01 2.098102e+01
2.146057e+01 2.095166e+01
2.145611e+01 2.092201e+01
2.145225e+01 2.090235e+01
2.144868e+01 2.084580e+01
2.144554e+01 2.084563e+01
2.144276e+01 2.083728e+01
2.143965e+01 2.083274e+01
2.143742e+01 2.082486e+01
2.143507e+01 2.082486e+01
2.143262e+01 2.081982e+01
2.143057e+01 2.081575e+01
2.142821e+01 2.081575e+01
2.142641e+01 2.081575e+01
2.142503e+01 2.079375e+01
2.142420e+01 2.077496e+01
2.142273e+01 2.076610e+01
2.142093e+01 2.073552e+01
2.141894e+01 2.072277e+01
2.141748e+01 2.071580e+01
2.141635e+01 2.071472e+01
2.141517e+01 2.071320e+01
2.141388e+01 2.070976e+01
2.141277e+01 2.070976e+01
2.141124e+01 2.070136e+01
2.140922e+01 2.070057e+01
2.140740e+01 2.069830e+01
2.140594e+01 2.064771e+01
2.140470e+01 2.063331e+01
2.140334e+01 2.062372e+01
2.140164e+01 2.061678e+01
2.140031e+01 2.061600e+01
2.139915e+01 2.060130e+01
2.139726e+01 2.058820e+01
2.139617e+01 2.057253e+01
2.139475e+01 2.057124e+01
2.139365e+01 2.057124e+01
2.139228e+01 2.057090e+01
2.139116e+01 2.057090e+01
2.139012e+01 2.056184e+01
2.138943e+01 2.054373e+01
2.138837e+01 2.051727e+01
2.138755e+01 2.047456e+01
2.138692e+01 2.046088e+01
2.138606e+01 2.046058e+01
2.138506e+01 2.046058e+01
2.138441e+01 2.046058e+01
2.138388e+01 2.046058e+01
2.138305e+01 2.046058e+01
2.138146e+01 2.046058e+01
2.138069e+01 2.046058e+01
2.137956e+01 2.046058e+01
2.137805e+01 2.046058e+01
2.137746e+01 2.046058e+01
2.137675e+01 2.046058e+01
2.137611e+01 2.046058e+01
2.137481e+01 2.046058e+01
2.137356e+01 2.046058e+01
2.137232e+01 2.046058e+01
2.137118e+01 2.046058e+01
2.137065e+01 2.046058e+01
2.137044e+01 2.046058e+01
2.136993e+01 2.046058e+01
2.136905e+01 2.046058e+01
2.136815e+01 2.046058e+01
2.136766e+01 2.046058e+01
2.136720e+01 2.046058e+01
2.136656e+01 2.046058e+01
2.136597e+01 2.046058e+01
2.136549e+01 2.046058e+01
2.136389e+01 2.046058e+01
2.136284e+01 2.046058e+01
2.136151e+01 2.046058e+01
2.136097e+01 2.046058e+01
2.136073e+01 2.046058e+01
2.136029e+01 2.046058e+01
2.135881e+01 2.046058e+01
2.135832e+01 2.046058e+01
2.135793e+01 2.046058e+01
2.135749e+01 2.046058e+01
2.135708e+01 2.046058e+01
2.135675e+01 2.046058e+01
2.135591e+01 2.046058e+01
2.171751e+01 2.150181e+01
2.157322e+01 2.130770e+01
2.154743e+01 2.124261e+01
2.153400e+01 2.121098e+01
2.152423e+01 2.116119e+01
2.151660e+01 2.112604e+01
2.150996e+01 2.111923e+01
2.150699e+01 2.106721e+01
2.150268e+01 2.104610e+01
2.149848e+01 2.104610e+01
2.149560e+01 2.101524e+01
2.149173e+01 2.099118e+01
2.148914e+01 2.098601e+01
2.148674e+01 2.097831e+01
2.148427e+01 2.096587e+01
2.148251e+01 2.096587e+01
2.148005e+01 2.096587e+01
2.147816e+01 2.095200e+01
2.147624e+01 2.095190e+01
2.147406e+01 2.093946e+01
2.147204e+01 2.093342e+01
2.146890e+01 2.093342e+01
2.146419e+01 2.093065e+01
2.146051e+01 2.088326e+01
2.145610e+01 2.088250e+01
2.145254e+01 2.088250e+01
2.144852e+01 2.087041e+01
2.144549e+01 2.087041e+01
2.144294e+01 2.087041e+01
2.144046e+01 2.085657e+01
2.143743e+01 2.085581e+01
2.143514e+01 2.084961e+01
2.143334e+01 2.084758e+01
2.143135e+01 2.083307e+01
2.142928e+01 2.082976e+01
2.142821e+01 2.082330e+01
2.142562e+01 2.082218e+01
2.142350e+01 2.081845e+01
2.142185e+01 2.080092e+01
2.142015e+01 2.079291e+01
2.141803e+01 2.077562e+01
2.141665e+01 2.077246e+01
2.141533e+01 2.076429e+01
2.141399e+01 2.076429e+01
2.141233e+01 2.076429e+01
2.141083e+01 2.075702e+01
2.140994e+01 2.075670e+01
2.140890e+01 2.075649e+01
2.140750e+01 2.074750e+01
2.140626e+01 2.073969e+01
2.140487e+01 2.072758e+01
2.140338e+01 2.071294e+01
2.140236e+01 2.071294e+01
2.140126e+01 2.068642e+01
2.140040e+01 2.068328e+01
2.139925e+01 2.063292e+01
2.139780e+01 2.062672e+01
2.139695e+01 2.061782e+01
2.139633e+01 2.061347e+01
2.139548e+01 2.060471e+01
2.139422e+01 2.060471e+01
2.139339e+01 2.060280e+01
2.139214e+01 2.060280e+01
2.139115e+01 2.058878e+01
2.139032e+01 2.058878e+01
2.138967e+01 2.058471e+01
2.138891e+01 2.058471e+01
2.138807e+01 2.058471e+01
2.138727e+01 2.058471e+01
2.138627e+01 2.058471e+01
2.138518e+01 2.058471e+01
2.138431e+01 2.058471e+01
2.138280e+01 2.058471e+01
2.138212e+01 2.058471e+01
2.138114e+01 2.058471e+01
2.138018e+01 2.058471e+01
2.137959e+01 2.058471e+01
2.137912e+01 2.058471e+01
2.137753e+01 2.058471e+01
2.137670e+01 2.058471e+01
2.137622e+01 2.058471e+01
2.137518e+01 2.058471e+01
2.137446e+01 2.058471e+01
2.137376e+01 2.058471e+01
2.137325e+01 2.058471e+01
2.137251e+01 2.058471e+01
2.137216e+01 2.058471e+01
2.137186e+01 2.058471e+01
2.137128e+01 2.058471e+01
2.137017e+01 2.058432e+01
2.136950e+01 2.058432e+01
2.136895e+01 2.058432e+01
2.136812e+01 2.058432e+01
2.136732e+01 2.058432e+01
2.136629e+01 2.058432e+01
2.136545e+01 2.058432e+01
2.136505e+01 2.058378e+01
2.136463e+01 2.057017e+01
2.136366e+01 2.057017e+01
2.136340e+01 2.057017e+01
2.136317e+01 2.054519e+01
2.171751e+01 2.150181e+01
2.157286e+01 2.134750e+01
2.154652e+01 2.122935e+01
2.153322e+01 2.115320e+01
2.152511e+01 2.115074e+01
2.151528e+01 2.111551e+01
2.150984e+01 2.108149e+01
2.150435e+01 2.106956e+01
2.150085e+01 2.105347e+01
2.149657e+01 2.099376e+01
2.149380e+01 2.097885e+01
2.148995e+01 2.097013e+01
2.148686e+01 2.091444e+01
2.148326e+01 2.087497e+01
2.148009e+01 2.087400e+01
2.147755e+01 2.087327e+01
2.147588e+01 2.084043e+01
2.147403e+01 2.080278e+01
2.147167e+01 2.079826e+01
2.146854e+01 2.079826e+01
2.146497e+01 2.079826e+01
2.146264e+01 2.079826e+01
2.145820e+01 2.076434e+01
2.145380e+01 2.075516e+01
2.145040e+01 2.075238e+01
2.144704e+01 2.073278e+01
2.144279e+01 2.068568e+01
2.143915e+01 2.068568e+01
2.143663e+01 2.067884e+01
2.143406e+01 2.066910e+01
2.143162e+01 2.065702e+01
2.142863e+01 2.064511e+01
2.142712e+01 2.062163e+01
2.142491e+01 2.062163e+01
2.142322e+01 2.061446e+01
2.142139e+01 2.060320e+01
2.141992e+01 2.060320e+01
2.141859e+01 2.059882e+01
2.141715e+01 2.058061e+01
2.141554e+01 2.058061e+01
2.141396e+01 2.058061e+01
2.141231e+01 2.058061e+01
2.141115e+01 2.057905e+01
2.140958e+01 2.057685e+01
2.140866e+01 2.057685e+01
2.140667e+01 2.057384e+01
2.140536e+01 2.057052e+01
2.140400e+01 2.056620e+01
2.140252e+01 2.056585e+01
2.140143e+01 2.056585e+01
2.140004e+01 2.056567e+01
2.139873e+01 2.056567e+01
2.139712e+01 2.055234e+01
2.139611e+01 2.055182e+01
2.139542e+01 2.055182e+01
2.139400e+01 2.054494e+01
2.139336e+01 2.053168e+01
2.139268e+01 2.053115e+01
2.139161e+01 2.053115e+01
2.139055e+01 2.053115e+01
2.138843e+01 2.052208e+01
2.138749e+01 2.051915e+01
2.138567e+01 2.051915e+01
2.138451e+01 2.051915e+01
2.138350e+01 2.051915e+01
2.138162e+01 2.051915e+01
2.138080e+01 2.051915e+01
2.138046e+01 2.051915e+01
2.137966e+01 2.051915e+01
2.137814e+01 2.051872e+01
2.137681e+01 2.051872e+01
2.137591e+01 2.051872e+01
2.137528e+01 2.051872e+01
2.137418e+01 2.051872e+01
2.137360e+01 2.051872e+01
2.137252e+01 2.051872e+01
2.137034e+01 2.051872e+01
2.137006e+01 2.051872e+01
2.136937e+01 2.051872e+01
2.136885e+01 2.051872e+01
2.136819e+01 2.051872e+01
2.136783e+01 2.051872e+01
2.136736e+01 2.051872e+01
2.136653e+01 2.051872e+01
2.136597e+01 2.051872e+01
2.136567e+01 2.051872e+01
2.136522e+01 2.051872e+01
2.136464e+01 2.051872e+01
2.136388e+01 2.051872e+01
2.136320e+01 2.051872e+01
2.136253e+01 2.051872e+01
2.136177e+01 2.051872e+01
2.136079e+01 2.051872e+01
2.135991e+01 2.051872e+01
2.135941e+01 2.051872e+01
2.135849e+01 2.051872e+01
2.135802e+01 2.051872e+01
2.135761e+01 2.051872e+01
2.135693e+01 2.051872e+01
2.135643e+01 2.051872e+01
2.135608e+01 2.051872e+01
2.171751e+01 2.150181e+01
2.156894e+01 2.133392e+01
2.154469e+01 2.131097e+01
2.153395e+01 2.127423e+01
2.152493e+01 2.125801e+01
2.151693e+01 2.113766e+01
2.151102e+01 2.111274e+01
2.150555e+01 2.104010e+01
2.150154e+01 2.104010e+01
2.149798e+01 2.104010e+01
2.149279e+01 2.102304e+01
2.148946e+01 2.098694e+01
2.148722e+01 2.097306e+01
2.148414e+01 2.096008e+01
2.148158e+01 2.092125e+01
2.147966e+01 2.089967e+01
2.147615e+01 2.089967e+01
2.147364e+01 2.089967e+01
2.147100e+01 2.085833e+01
2.146784e+01 2.083556e+01
2.146465e+01 2.083556e+01
2.146008e+01 2.083556e+01
2.145618e+01 2.082436e+01
2.145209e+01 2.082307e+01
2.144877e+01 2.081285e+01
2.144591e+01 2.079976e+01
2.144339e+01 2.078550e+01
2.144041e+01 2.078550e+01
2.143789e+01 2.078339e+01
2.143523e+01 2.078339e+01
2.143288e+01 2.078254e+01
2.143078e+01 2.077046e+01
2.142852e+01 2.076977e+01
2.142572e+01 2.076899e+01
2.142371e+01 2.076705e+01
2.142143e+01 2.076473e+01
2.141941e+01 2.076473e+01
2.141840e+01 2.076473e+01
2.141591e+01 2.075551e+01
2.141420e+01 2.075551e+01
2.141310e+01 2.075551e+01
2.141190e+01 2.075381e+01
2.141071e+01 2.075381e+01
2.140917e+01 2.075381e+01
2.140768e+01 2.075108e+01
2.140593e+01 2.071289e+01
2.140479e+01 2.070285e+01
2.140347e+01 2.069126e+01
2.140134e+01 2.068386e+01
2.139904e+01 2.066375e+01
2.139812e+01 2.065630e+01
2.139648e+01 2.063762e+01
2.139502e+01 2.062605e+01
2.139379e+01 2.062605e+01
2.139279e+01 2.061671e+01
2.139194e+01 2.061671e+01
2.139034e+01 2.060784e+01
2.138933e+01 2.060703e+01
2.138809e+01 2.060629e+01
2.138754e+01 2.059795e+01
2.138647e+01 2.059795e+01
2.138553e+01 2.058880e+01
2.138485e+01 2.058880e+01
2.138438e+01 2.058880e+01
2.138353e+01 2.058880e+01
2.138287e+01 2.058880e+01
2.138244e+01 2.058880e+01
2.138163e+01 2.058880e+01
2.138069e+01 2.058880e+01
2.137970e+01 2.058880e+01
2.137911e+01 2.058880e+01
2.137836e+01 2.058501e+01
2.137715e+01 2.058501e+01
2.137646e+01 2.058501e+01
2.137535e+01 2.058501e+01
2.137464e+01 2.058501e+01
2.137403e+01 2.058501e+01
2.137355e+01 2.058501e+01
2.137288e+01 2.058501e+01
2.137198e+01 2.058501e+01
2.137129e+01 2.058501e+01
2.137077e+01 2.058501e+01
2.136898e+01 2.058501e+01
2.136846e+01 2.058259e+01
2.136764e+01 2.058259e+01
2.136626e+01 2.058259e+01
2.136562e+01 2.058259e+01
2.136513e+01 2.058259e+01
2.136454e+01 2.058259e+01
2.136380e+01 2.058259e+01
2.136307e+01 2.058259e+01
2.136217e+01 2.058259e+01
2.136175e+01 2.058259e+01
2.136099e+01 2.058259e+01
2.136064e+01 2.058259e+01
2.136008e+01 2.058259e+01
2.135964e+01 2.058259e+01
2.135877e+01 2.058259e+01
2.135773e+01 2.058259e+01
2.135745e+01 2.058259e+01
2.135735e+01 2.058259e+01
2.171751e+01 2.150181e+01
2.157364e+01 2.124800e+01
2.154930e+01 2.122282e+01
2.153460e+01 2.120638e+01
2.152528e+01 2.120638e+01
2.151646e+01 2.118239e+01
2.151122e+01 2.117242e+01
2.150619e+01 2.116215e+01
2.150086e+01 2.112227e+01
2.149722e+01 2.111997e+01
2.149441e+01 2.110155e+01
2.149133e+01 2.109966e+01
2.148869e+01 2.108555e+01
2.148549e+01 2.101103e+01
2.148170e+01 2.099839e+01
2.147775e+01 2.099390e+01
2.147271e+01 2.098371e+01
2.146943e+01 2.096739e+01
2.146476e+01 2.095835e+01
2.146057e+01 2.095168e+01
2.145699e+01 2.092908e+01
2.145329e+01 2.090815e+01
2.144948e+01 2.086804e+01
2.144601e+01 2.086516e+01
2.144300e+01 2.085999e+01
2.144045e+01 2.085999e+01
2.143863e+01 2.085839e+01
2.143632e+01 2.084165e+01
2.143443e+01 2.084094e+01
2.143255e+01 2.082943e+01
2.143062e+01 2.082636e+01
2.142882e+01 2.082530e+01
2.142733e+01 2.082521e+01
2.142549e+01 2.082141e+01
2.142352e+01 2.082069e+01
2.142192e+01 2.082061e+01
2.142035e+01 2.082061e+01
2.141849e+01 2.081116e+01
2.141612e+01 2.080964e+01
2.141445e+01 2.080487e+01
2.141221e+01 2.080472e+01
2.141047e+01 2.080472e+01
2.140911e+01 2.080175e+01
2.140685e+01 2.076075e+01
2.140553e+01 2.075894e+01
2.140417e+01 2.075892e+01
2.140255e+01 2.075587e+01
2.140143e+01 2.075276e+01
2.139988e+01 2.075276e+01
2.139810e+01 2.075276e+01
2.139695e+01 2.074449e+01
2.139606e+01 2.074449e+01
2.139419e+01 2.073277e+01
2.139262e+01 2.073277e+01
2.139159e+01 2.072441e+01
2.139016e+01 2.070424e+01
2.138856e+01 2.070003e+01
2.138784e+01 2.069082e+01
2.138708e+01 2.069082e+01
2.138631e+01 2.065226e+01
2.138574e+01 2.064231e+01
2.138501e+01 2.061216e+01
2.138394e+01 2.061166e+01
2.138325e+01 2.060229e+01
2.138269e+01 2.060229e+01
2.138194e+01 2.060229e+01
2.138145e+01 2.060229e+01
2.137984e+01 2.060229e+01
2.137952e+01 2.060229e+01
2.137780e+01 2.060229e+01
2.137692e+01 2.060229e+01
2.137525e+01 2.060229e+01
2.137467e+01 2.060229e+01
2.137388e+01 2.060229e+01
2.137133e+01 2.060229e+01
2.137046e+01 2.060229e+01
2.136935e+01 2.060229e+01
2.136896e+01 2.060022e+01
2.136859e+01 2.060022e+01
2.136824e+01 2.060022e+01
2.136785e+01 2.060022e+01
2.136725e+01 2.060022e+01
2.136675e+01 2.060022e+01
2.136637e+01 2.060022e+01
2.136549e+01 2.060022e+01
2.136467e+01 2.060022e+01
2.136428e+01 2.060022e+01
2.136388e+01 2.060022e+01
2.136360e+01 2.060022e+01
2.136312e+01 2.060022e+01
2.136246e+01 2.060022e+01
2.136206e+01 2.060022e+01
2.136108e+01 2.060022e+01
2.136022e+01 2.060022e+01
2.135969e+01 2.060022e+01
2.135929e+01 2.060022e+01
2.135861e+01 2.060022e+01
2.135795e+01 2.060022e+01
2.135723e+01 2.060022e+01
2.135643e+01 2.060022e+01
2.135598e+01 2.060022e+01
2.171751e+01 2.150181e+01
2.157311e+01 2.129994e+01
2.154676e+01 2.122341e+01
2.153187e+01 2.118787e+01
2.152193e+01 2.118189e+01
2.151407e+01 2.114815e+01
2.150834e+01 2.107935e+01
2.150332e+01 2.106017e+01
2.149972e+01 2.103517e+01
2.149588e+01 2.092510e+01
2.149277e+01 2.090344e+01
2.148967e+01 2.088815e+01
2.148684e+01 2.078248e+01
2.148503e+01 2.077874e+01
2.148215e+01 2.077620e+01
2.148044e+01 2.077593e+01
2.147764e+01 2.076704e+01
2.147588e+01 2.075997e+01
2.147392e+01 2.075275e+01
2.147180e+01 2.074213e+01
2.146938e+01 2.072484e+01
2.146775e+01 2.072484e+01
2.146529e+01 2.071369e+01
2.146248e+01 2.068968e+01
2.145911e+01 2.068968e+01
2.145615e+01 2.068968e+01
2.145178e+01 2.068826e+01
2.144896e+01 2.067679e+01
2.144417e+01 2.067077e+01
2.144161e+01 2.066864e+01
2.143818e+01 2.065676e+01
2.143512e+01 2.065190e+01
2.143261e+01 2.064863e+01
2.143083e+01 2.064863e+01
2.142873e+01 2.062874e+01
2.142699e+01 2.062573e+01
2.142485e+01 2.062573e+01
2.142259e+01 2.059663e+01
2.142072e+01 2.059663e+01
2.141934e+01 2.059663e+01
2.141791e+01 2.059517e+01
2.141623e+01 2.059517e+01
2.141487e+01 2.059517e+01
2.141359e+01 2.059164e+01
2.141231e+01 2.059164e+01
2.141080e+01 2.058800e+01
2.140949e+01 2.057146e+01
2.140826e+01 2.057099e+01
2.140649e+01 2.057099e+01
2.140455e+01 2.057074e+01
2.140327e+01 2.057074e+01
2.140175e+01 2.056640e+01
2.140055e+01 2.056640e+01
2.139926e+01 2.056260e+01
2.139821e+01 2.056163e+01
2.139702e+01 2.056060e+01
2.139553e+01 2.054597e+01
2.139411e+01 2.054597e+01
2.139301e+01 2.053578e+01
2.139177e+01 2.050586e+01
2.139059e+01 2.049609e+01
2.138981e+01 2.049609e+01
2.138861e+01 2.048439e+01
2.138727e+01 2.048439e+01
2.138655e+01 2.048439e+01
2.138541e+01 2.048439e+01
2.138436e+01 2.048439e+01
2.138345e+01 2.048439e+01
2.138282e+01 2.048439e+01
2.138172e+01 2.048439e+01
2.138104e+01 2.048439e+01
2.138010e+01 2.048439e+01
2.137947e+01 2.048439e+01
2.137800e+01 2.048439e+01
2.137717e+01 2.048439e+01
2.137652e+01 2.047138e+01
2.137582e+01 2.047138e+01
2.137525e+01 2.047138e+01
2.137440e+01 2.047138e+01
2.137396e+01 2.047138e+01
2.137273e+01 2.047138e+01
2.137199e+01 2.047138e+01
2.137081e+01 2.047138e+01
2.137049e+01 2.047138e+01
2.136980e+01 2.047138e+01
2.136940e+01 2.047138e+01
2.136836e+01 2.047138e+01
2.136753e+01 2.047138e+01
2.136704e+01 2.047138e+01
2.136596e+01 2.047138e+01
2.136534e+01 2.047138e+01
2.136442e+01 2.047138e+01
2.136360e+01 2.047138e+01
2.136268e+01 2.047138e+01
2.136174e+01 2.047138e+01
2.136093e+01 2.047138e+01
2.136015e+01 2.047138e+01
2.135986e+01 2.047138e+01
2.135958e+01 2.047138e+01
2.135915e+01 2.047138e+01
2.135884e+01 2.047138e+01
2.171751e+01 2.150181e+01
2.157349e+01 2.131951e+01
2.154884e+01 2.122592e+01
2.153615e+01 2.120104e+01
2.152514e+01 2.120104e+01
2.151838e+01 2.117801e+01
2.151206e+01 2.116435e+01
2.150585e+01 2.114025e+01
2.150156e+01 2.112436e+01
2.149707e+01 2.108278e+01
2.149441e+01 2.108278e+01
2.149207e+01 2.108179e+01
2.148890e+01 2.107259e+01
2.148638e+01 2.105699e+01
2.148362e+01 2.104448e+01
2.148124e+01 2.103084e+01
2.147924e+01 2.100423e+01
2.147694e+01 2.099334e+01
2.147484e+01 2.097574e+01
2.147119e+01 2.095576e+01
2.146774e+01 2.094341e+01
2.146313e+01 2.093901e+01
2.145929e+01 2.093891e+01
2.145578e+01 2.093785e+01
2.145283e+01 2.092128e+01
2.144792e+01 2.087451e+01
2.144537e+01 2.086466e+01
2.144284e+01 2.084919e+01
2.144011e+01 2.083734e+01
2.143801e+01 2.080712e+01
2.143466e+01 2.079296e+01
2.143186e+01 2.076656e+01
2.142915e+01 2.071717e+01
2.142685e+01 2.071019e+01
2.142464e+01 2.069258e+01
2.142223e+01 2.067425e+01
2.142071e+01 2.066462e+01
2.141907e+01 2.065721e+01
2.141777e+01 2.065721e+01
2.141560e+01 2.065571e+01
2.141426e+01 2.065493e+01
2.141174e+01 2.065493e+01
2.141022e+01 2.065493e+01
2.140804e+01 2.065221e+01
2.140681e+01 2.065173e+01
2.140543e+01 2.065005e+01
2.140390e+01 2.064300e+01
2.140293e+01 2.063979e+01
2.140180e+01 2.063979e+01
2.140084e+01 2.063979e+01
2.139963e+01 2.063500e+01
2.139802e+01 2.062674e+01
2.139699e+01 2.062674e+01
2.139573e+01 2.062674e+01
2.139437e+01 2.062651e+01
2.139313e+01 2.060825e+01
2.139220e+01 2.060825e+01
2.139087e+01 2.060825e+01
2.138962e+01 2.060825e+01
2.138890e+01 2.059734e+01
2.138787e+01 2.059383e+01
2.138699e+01 2.059342e+01
2.138578e+01 2.059342e+01
2.138477e+01 2.059342e+01
2.138415e+01 2.059342e+01
2.138354e+01 2.059342e+01
2.138295e+01 2.059342e+01
2.138120e+01 2.059342e+01
2.138075e+01 2.059342e+01
2.138030e+01 2.059342e+01
2.137992e+01 2.059342e+01
2.137924e+01 2.059342e+01
2.137822e+01 2.059342e+01
2.137738e+01 2.059342e+01
2.137697e+01 2.058723e+01
2.137599e+01 2.058723e+01
2.137488e+01 2.058723e+01
2.137334e+01 2.058723e+01
2.137252e+01 2.058723e+01
2.137204e+01 2.058723e+01
2.137178e+01 2.058431e+01
2.137155e+01 2.058431e+01
2.137072e+01 2.058431e+01
2.137024e+01 2.058431e+01
2.136918e+01 2.058431e+01
2.136884e+01 2.058431e+01
2.136825e+01 2.058431e+01
2.136753e+01 2.058274e+01
2.136686e+01 2.058274e+01
2.136649e+01 2.058274e+01
2.136601e+01 2.058274e+01
2.136566e+01 2.058274e+01
2.136531e+01 2.058274e+01
2.136496e+01 2.058274e+01
2.136403e+01 2.058274e+01
2.136329e+01 2.058274e+01
2.136318e+01 2.058274e+01
2.136272e+01 2.058274e+01
2.136234e+01 2.058274e+01
2.136149e+01 2.058274e+01
2.136112e+01 2.058274e+01
2.171751e+01 2.150181e+01
2.157012e+01 2.134597e+01
2.154452e+01 2.130396e+01
2.152984e+01 2.123878e+01
2.152234e+01 2.123212e+01
2.151494e+01 2.115730e+01
2.150974e+01 2.115730e+01
2.150499e+01 2.113152e+01
2.150089e+01 2.112637e+01
2.149719e+01 2.112296e+01
2.149374e+01 2.112296e+01
2.149013e+01 2.112296e+01
2.148631e+01 2.109841e+01
2.148328e+01 2.109488e+01
2.148086e+01 2.108084e+01
2.147847e+01 2.107018e+01
2.147618e+01 2.106310e+01
2.147172e+01 2.102284e+01
2.146762e+01 2.102115e+01
2.146385e+01 2.099857e+01
2.145966e+01 2.099313e+01
2.145614e+01 2.098366e+01
2.145268e+01 2.098040e+01
2.144952e+01 2.093920e+01
2.144656e+01 2.093906e+01
2.144388e+01 2.089346e+01
2.144055e+01 2.088773e+01
2.143839e+01 2.085776e+01
2.143511e+01 2.083896e+01
2.143281e+01 2.083896e+01
2.143026e+01 2.083720e+01
2.142920e+01 2.083720e+01
2.142736e+01 2.083554e+01
2.142629e+01 2.082273e+01
2.142392e+01 2.082063e+01
2.142178e+01 2.080694e+01
2.141896e+01 2.078736e+01
2.141716e+01 2.078736e+01
2.141587e+01 2.077923e+01
2.141464e+01 2.076463e+01
2.141231e+01 2.073099e+01
2.141089e+01 2.073099e+01
2.140880e+01 2.071936e+01
2.140697e+01 2.071936e+01
2.140561e+01 2.071936e+01
2.140391e+01 2.070282e+01
2.140242e+01 2.064690e+01
2.140093e+01 2.064690e+01
2.139975e+01 2.064690e+01
2.139808e+01 2.063739e+01
2.139664e+01 2.062784e+01
2.139534e+01 2.061036e+01
2.139400e+01 2.060939e+01
2.139268e+01 2.057895e+01
2.139183e+01 2.057871e+01
2.139104e+01 2.055778e+01
2.138918e+01 2.055210e+01
2.138824e+01 2.052456e+01
2.138650e+01 2.050795e+01
2.138583e+01 2.050544e+01
2.138479e+01 2.049616e+01
2.138380e+01 2.049479e+01
2.138288e+01 2.049479e+01
2.138114e+01 2.049479e+01
2.138026e+01 2.049479e+01
2.137945e+01 2.049479e+01
2.137869e+01 2.049479e+01
2.137837e+01 2.049479e+01
2.137777e+01 2.049479e+01
2.137657e+01 2.049479e+01
2.137589e+01 2.049479e+01
2.137552e+01 2.049479e+01
2.137504e+01 2.049479e+01
2.137451e+01 2.049479e+01
2.137346e+01 2.049479e+01
2.137293e+01 2.049479e+01
2.137215e+01 2.049479e+01
2.137151e+01 2.049479e+01
2.137027e+01 2.049479e+01
2.136973e+01 2.049479e+01
2.136932e+01 2.049479e+01
2.136920e+01 2.049479e+01
2.136858e+01 2.049479e+01
2.136829e+01 2.049479e+01
2.136766e+01 2.049479e+01
2.136687e+01 2.049479e+01
2.136603e+01 2.049479e+01
2.136577e+01 2.049479e+01
2.136549e+01 2.049479e+01
2.136506e+01 2.049479e+01
2.136426e+01 2.049479e+01
2.136381e+01 2.049479e+01
2.136342e+01 2.049479e+01
2.136269e+01 2.049479e+01
2.136138e+01 2.049099e+01
2.136111e+01 2.049099e+01
2.135973e+01 2.049099e+01
2.135918e+01 2.049099e+01
2.135859e+01 2.049099e+01
2.135826e+01 2.049099e+01
2.135753e+01 2.049099e+01
2.171751e+01 2.150181e+01
2.157215e+01 2.133362e+01
2.154444e+01 2.121693e+01
2.152935e+01 2.118028e+01
2.151957e+01 2.116136e+01
2.151365e+01 2.114846e+01
2.150749e+01 2.114846e+01
2.150298e+01 2.113816e+01
2.149942e+01 2.113816e+01
2.149473e+01 2.110987e+01
2.149155e+01 2.110739e+01
2.148935e+01 2.110154e+01
2.148681e+01 2.109014e+01
2.148481e+01 2.108696e+01
2.148127e+01 2.107566e+01
2.147763e+01 2.107566e+01
2.147518e+01 2.107023e+01
2.147100e+01 2.103940e+01
2.146690e+01 2.103940e+01
2.146265e+01 2.103462e+01
2.145818e+01 2.101864e+01
2.145475e+01 2.098621e+01
2.145179e+01 2.097819e+01
2.144719e+01 2.097819e+01
2.144437e+01 2.097595e+01
2.144193e+01 2.096493e+01
2.143826e+01 2.093552e+01
2.143630e+01 2.093020e+01
2.143352e+01 2.092786e+01
2.143099e+01 2.091457e+01
2.142916e+01 2.090553e+01
2.142690e+01 2.089904e+01
2.142458e+01 2.084166e+01
2.142266e+01 2.083708e+01
2.142092e+01 2.083708e+01
2.141956e+01 2.083681e+01
2.141801e+01 2.082732e+01
2.141652e+01 2.079440e+01
2.141445e+01 2.079440e+01
2.141309e+01 2.079407e+01
2.141193e+01 2.079028e+01
2.141105e+01 2.079028e+01
2.141009e+01 2.077619e+01
2.140940e+01 2.077619e+01
2.140818e+01 2.074873e+01
2.140612e+01 2.074340e+01
2.140473e+01 2.074243e+01
2.140331e+01 2.074243e+01
2.140243e+01 2.074243e+01
2.140120e+01 2.073992e+01
2.139966e+01 2.073759e+01
2.139789e+01 2.072574e+01
2.139699e+01 2.072574e+01
2.139607e+01 2.072327e+01
2.139496e+01 2.071760e+01
2.139425e+01 2.070498e+01
2.139322e+01 2.070498e+01
2.139240e+01 2.070164e+01
2.139121e+01 2.069070e+01
2.139035e+01 2.065213e+01
2.138930e+01 2.064838e+01
2.138842e+01 2.064838e+01
2.138788e+01 2.063620e+01
2.138711e+01 2.063620e+01
2.138656e+01 2.063620e+01
2.138425e+01 2.063620e+01
2.138347e+01 2.063620e+01
2.138288e+01 2.063620e+01
2.138218e+01 2.063620e+01
2.138092e+01 2.063620e+01
2.138021e+01 2.063620e+01
2.137970e+01 2.062987e+01
2.137902e+01 2.062987e+01
2.137817e+01 2.062987e+01
2.137762e+01 2.062987e+01
2.137568e+01 2.062987e+01
2.137475e+01 2.061811e+01
2.137369e+01 2.061811e+01
2.137243e+01 2.061811e+01
2.137159e+01 2.061811e+01
2.137130e+01 2.061811e+01
2.137109e+01 2.061811e+01
2.137053e+01 2.061811e+01
2.136939e+01 2.061811e+01
2.136913e+01 2.061811e+01
2.136824e+01 2.061811e+01
2.136768e+01 2.061811e+01
2.136609e+01 2.061811e+01
2.136496e+01 2.061811e+01
2.136427e+01 2.061811e+01
2.136337e+01 2.061811e+01
2.136286e+01 2.061811e+01
2.136235e+01 2.061811e+01
2.136225e+01 2.061811e+01
2.136189e+01 2.061811e+01
2.136097e+01 2.061811e+01
2.136055e+01 2.061811e+01
2.136019e+01 2.061811e+01
2.135977e+01 2.061811e+01
2.135954e+01 2.061811e+01
2.135908e+01 2.061811e+01
2.171751e+01 2.150181e+01
2.157069e+01 2.128634e+01
2.154750e+01 2.126597e+01
2.153411e+01 2.120025e+01
2.152454e+01 2.119543e+01
2.151752e+01 2.119543e+01
2.151047e+01 2.119543e+01
2.150358e+01 2.117156e+01
2.149895e+01 2.116179e+01
2.149585e+01 2.114880e+01
2.149216e+01 2.111514e+01
2.148746e+01 2.109760e+01
2.148469e+01 2.109760e+01
2.148002e+01 2.108129e+01
2.147555e+01 2.100742e+01
2.147058e+01 2.100742e+01
2.146539e+01 2.100385e+01
2.146208e+01 2.094128e+01
2.145771e+01 2.093863e+01
2.145406e+01 2.091523e+01
2.144950e+01 2.088494e+01
2.144662e+01 2.088475e+01
2.144329e+01 2.088463e+01
2.144047e+01 2.084851e+01
2.143822e+01 2.083108e+01
2.143495e+01 2.082522e+01
2.143231e+01 2.082230e+01
2.142999e+01 2.079205e+01
2.142808e+01 2.079205e+01
2.142615e+01 2.078274e+01
2.142336e+01 2.077615e+01
2.142121e+01 2.076491e+01
2.141918e+01 2.074405e+01
2.141722e+01 2.073047e+01
2.141518e+01 2.072355e+01
2.141355e+01 2.069016e+01
2.141196e+01 2.067169e+01
2.141031e+01 2.067169e+01
2.140944e+01 2.066948e+01
2.140738e+01 2.066541e+01
2.140542e+01 2.065617e+01
2.140407e+01 2.065531e+01
2.140216e+01 2.065421e+01
2.140113e+01 2.065016e+01
2.139967e+01 2.064983e+01
2.139787e+01 2.062822e+01
2.139647e+01 2.062034e+01
2.139494e+01 2.062034e+01
2.139413e+01 2.061767e+01
2.139255e+01 2.061517e+01
2.139129e+01 2.060946e+01
2.139017e+01 2.060170e+01
2.138970e+01 2.060170e+01
2.138892e+01 2.058427e+01
2.138759e+01 2.056876e+01
2.138663e+01 2.056876e+01
2.138588e+01 2.056663e+01
2.138485e+01 2.055301e+01
2.138384e+01 2.055297e+01
2.138270e+01 2.055297e+01
2.138172e+01 2.055030e+01
2.138128e+01 2.054978e+01
2.138070e+01 2.054978e+01
2.138001e+01 2.054978e+01
2.137915e+01 2.054978e+01
2.137783e+01 2.054978e+01
2.137715e+01 2.054978e+01
2.137682e+01 2.054978e+01
2.137591e+01 2.054978e+01
2.137522e+01 2.054978e+01
2.137455e+01 2.054978e+01
2.137422e+01 2.054978e+01
2.137351e+01 2.054978e+01
2.137252e+01 2.054978e+01
2.137157e+01 2.054978e+01
2.137117e+01 2.054978e+01
2.137076e+01 2.054978e+01
2.137049e+01 2.054978e+01
2.136998e+01 2.054978e+01
2.136963e+01 2.054978e+01
2.136902e+01 2.054978e+01
2.136890e+01 2.054978e+01
2.136799e+01 2.054978e+01
2.136722e+01 2.054978e+01
2.136713e+01 2.054978e+01
2.136653e+01 2.054978e+01
2.136563e+01 2.054978e+01
2.136457e+01 2.054978e+01
2.136390e+01 2.054978e+01
2.136301e+01 2.054978e+01
2.136230e+01 2.054978e+01
2.136162e+01 2.054978e+01
2.136099e+01 2.054978e+01
2.136003e+01 2.054978e+01
2.135954e+01 2.054978e+01
2.135908e+01 2.054978e+01
2.135883e+01 2.054978e+01
2.135821e+01 2.054978e+01
2.135739e+01 2.054978e+01
2.135699e+01 2.054978e+01
2.135623e+01 2.054978e+01
2.171751e+01 2.150181e+01
2.157511e+01 2.129188e+01
2.154998e+01 2.127069e+01
2.153630e+01 2.123152e+01
2.152637e+01 2.119896e+01
2.151829e+01 2.115165e+01
2.151248e+01 2.115074e+01
2.150765e+01 2.106334e+01
2.150319e+01 2.106078e+01
2.149875e+01 2.105725e+01
2.149497e+01 2.101506e+01
2.149170e+01 2.100881e+01
2.148818e+01 2.100881e+01
2.148438e+01 2.098919e+01
2.148188e+01 2.098613e+01
2.147761e+01 2.097578e+01
2.147350e+01 2.096870e+01
2.146773e+01 2.096273e+01
2.146334e+01 2.090929e+01
2.145910e+01 2.090279e+01
2.145610e+01 2.085599e+01
2.145259e+01 2.084112e+01
2.144869e+01 2.082850e+01
2.144547e+01 2.081499e+01
2.144281e+01 2.080628e+01
2.144043e+01 2.080628e+01
2.143765e+01 2.080470e+01
2.143503e+01 2.080354e+01
2.143300e+01 2.080354e+01
2.143078e+01 2.080354e+01
2.142944e+01 2.078563e+01
2.142812e+01 2.076968e+01
2.142622e+01 2.076164e+01
2.142387e+01 2.076164e+01
2.142235e+01 2.074613e+01
2.142062e+01 2.074613e+01
2.141906e+01 2.074613e+01
2.141714e+01 2.074613e+01
2.141626e+01 2.074290e+01
2.141430e+01 2.074290e+01
2.141287e+01 2.072565e+01
2.141125e+01 2.072565e+01
2.140949e+01 2.072533e+01
2.140785e+01 2.072417e+01
2.140589e+01 2.071081e+01
2.140439e+01 2.071081e+01
2.140302e+01 2.066325e+01
2.140154e+01 2.065465e+01
2.139998e+01 2.065139e+01
2.139874e+01 2.065139e+01
2.139743e+01 2.064833e+01
2.139648e+01 2.064761e+01
2.139553e+01 2.063394e+01
2.139395e+01 2.062943e+01
2.139282e+01 2.062943e+01
2.139232e+01 2.062943e+01
2.139118e+01 2.057350e+01
2.139018e+01 2.056787e+01
2.138922e+01 2.056622e+01
2.138869e+01 2.056594e+01
2.138804e+01 2.056483e+01
2.138740e+01 2.056483e+01
2.138685e+01 2.056483e+01
2.138522e+01 2.056483e+01
2.138468e+01 2.056483e+01
2.138291e+01 2.056483e+01
2.138224e+01 2.056483e+01
2.138060e+01 2.056483e+01
2.137977e+01 2.056483e+01
2.137763e+01 2.056483e+01
2.137655e+01 2.056483e+01
2.137581e+01 2.056483e+01
2.137499e+01 2.056483e+01
2.137430e+01 2.056483e+01
2.137331e+01 2.056483e+01
2.137307e+01 2.056483e+01
2.137259e+01 2.056483e+01
2.137241e+01 2.056483e+01
2.137164e+01 2.056483e+01
2.137107e+01 2.056483e+01
2.137033e+01 2.056483e+01
2.136968e+01 2.056483e+01
2.136932e+01 2.056483e+01
2.136860e+01 2.056483e+01
2.136735e+01 2.056483e+01
2.136674e+01 2.056483e+01
2.136575e+01 2.056483e+01
2.136510e+01 2.056483e+01
2.136448e+01 2.056483e+01
2.136383e+01 2.056483e+01
2.136359e+01 2.056483e+01
2.136320e+01 2.056231e+01
2.136247e+01 2.056231e+01
2.136215e+01 2.056231e+01
2.136162e+01 2.056231e+01
2.136087e+01 2.056231e+01
2.136013e+01 2.056231e+01
2.135911e+01 2.056231e+01
2.135877e+01 2.056231e+01
2.135837e+01 2.056231e+01
2.135788e+01 2.056231e+01
2.171751e+01 2.150181e+01
2.157545e+01 2.139493e+01
2.154880e+01 2.131311e+01
2.153579e+01 2.122731e+01
2.152511e+01 2.120127e+01
2.151788e+01 2.113097e+01
2.151055e+01 2.112358e+01
2.150549e+01 2.112358e+01
2.150108e+01 2.112298e+01
2.149807e+01 2.111678e+01
2.149503e+01 2.106023e+01
2.149103e+01 2.104883e+01
2.148705e+01 2.102408e+01
2.148432e+01 2.102027e+01
2.148142e+01 2.101497e+01
2.147894e+01 2.100929e+01
2.147501e+01 2.100929e+01
2.147194e+01 2.094883e+01
2.146698e+01 2.092083e+01
2.146311e+01 2.089994e+01
2.145944e+01 2.089994e+01
2.145656e+01 2.089994e+01
2.145263e+01 2.089994e+01
2.144963e+01 2.088187e+01
2.144605e+01 2.086129e+01
2.144340e+01 2.084961e+01
2.144088e+01 2.084300e+01
2.143841e+01 2.082727e+01
2.143488e+01 2.082727e+01
2.143267e+01 2.081872e+01
2.142968e+01 2.081872e+01
2.142776e+01 2.081872e+01
2.142611e+01 2.081730e+01
2.142375e+01 2.081653e+01
2.142168e+01 2.080331e+01
2.141942e+01 2.079007e+01
2.141783e+01 2.078352e+01
2.141602e+01 2.078352e+01
2.141439e+01 2.075982e+01
2.141211e+01 2.075503e+01
2.140989e+01 2.074316e+01
2.140775e+01 2.074316e+01
2.140626e+01 2.073181e+01
2.140524e+01 2.073181e+01
2.140410e+01 2.073181e+01
2.140225e+01 2.068381e+01
2.140021e+01 2.068381e+01
2.139871e+01 2.068381e+01
2.139769e+01 2.068381e+01
2.139652e+01 2.066525e+01
2.139519e+01 2.060658e+01
2.139401e+01 2.059170e+01
2.139317e+01 2.058906e+01
2.139157e+01 2.058891e+01
2.139026e+01 2.058891e+01
2.138928e+01 2.057518e+01
2.138809e+01 2.057518e+01
2.138710e+01 2.056754e+01
2.138683e+01 2.056747e+01
2.138583e+01 2.056747e+01
2.138484e+01 2.056234e+01
2.138408e+01 2.054829e+01
2.138323e+01 2.053581e+01
2.138266e+01 2.053551e+01
2.138176e+01 2.053551e+01
2.138126e+01 2.053551e+01
2.138061e+01 2.053551e+01
2.137972e+01 2.053551e+01
2.137865e+01 2.053551e+01
2.137787e+01 2.053551e+01
2.137699e+01 2.053551e+01
2.137604e+01 2.053551e+01
2.137540e+01 2.053551e+01
2.137442e+01 2.053551e+01
2.137341e+01 2.053551e+01
2.137217e+01 2.053551e+01
2.137171e+01 2.053551e+01
2.137155e+01 2.053551e+01
2.137128e+01 2.053551e+01
2.137019e+01 2.053551e+01
2.136974e+01 2.053551e+01
2.136884e+01 2.053551e+01
2.136847e+01 2.053007e+01
2.136722e+01 2.053007e+01
2.136672e+01 2.053007e+01
2.136617e+01 2.053007e+01
2.136560e+01 2.053007e+01
2.136512e+01 2.053007e+01
2.136476e+01 2.053007e+01
2.136431e+01 2.053007e+01
2.136389e+01 2.053007e+01
2.136354e+01 2.053007e+01
2.136323e+01 2.053007e+01
2.136269e+01 2.053007e+01
2.136157e+01 2.053007e+01
2.136122e+01 2.053007e+01
2.136070e+01 2.053007e+01
2.136010e+01 2.053007e+01
2.135978e+01 2.053007e+01
2.135903e+01 2.053007e+01
2.135866e+01 2.053007e+01
2.171751e+01 2.150181e+01
2.157214e+01 2.136313e+01
2.154447e+01 2.124060e+01
2.153236e+01 2.120506e+01
2.152299e+01 2.117647e+01
2.151648e+01 2.110901e+01
2.151022e+01 2.108548e+01
2.150606e+01 2.107605e+01
2.150222e+01 2.105470e+01
2.149869e+01 2.103549e+01
2.149473e+01 2.101203e+01
2.149154e+01 2.098213e+01
2.148759e+01 2.098213e+01
2.148388e+01 2.098067e+01
2.148139e+01 2.096814e+01
2.147831e+01 2.096711e+01
2.147597e+01 2.096711e+01
2.147200e+01 2.096711e+01
2.146925e+01 2.094809e+01
2.146559e+01 2.093769e+01
2.146219e+01 2.091945e+01
2.145668e+01 2.090995e+01
2.145202e+01 2.084466e+01
2.144793e+01 2.082774e+01
2.144466e+01 2.080549e+01
2.144196e+01 2.080028e+01
2.143951e+01 2.076377e+01
2.143727e+01 2.076377e+01
2.143504e+01 2.076377e+01
2.143259e+01 2.076063e+01
2.142950e+01 2.074388e+01
2.142726e+01 2.074129e+01
2.142513e+01 2.073596e+01
2.142289e+01 2.073567e+01
2.142152e+01 2.072222e+01
2.142003e+01 2.071410e+01
2.141759e+01 2.070047e+01
2.141671e+01 2.070047e+01
2.141504e+01 2.070047e+01
2.141265e+01 2.069872e+01
2.141058e+01 2.069137e+01
2.141005e+01 2.068380e+01
2.140884e+01 2.068087e+01
2.140738e+01 2.068052e+01
2.140514e+01 2.068052e+01
2.140396e+01 2.068052e+01
2.140240e+01 2.068052e+01
2.140116e+01 2.067809e+01
2.140034e+01 2.067583e+01
2.139885e+01 2.067559e+01
2.139778e+01 2.067367e+01
2.139658e+01 2.064659e+01
2.139554e+01 2.064615e+01
2.139459e+01 2.064615e+01
2.139301e+01 2.064367e+01
2.139163e+01 2.064367e+01
2.139091e+01 2.063878e+01
2.138987e+01 2.063878e+01
2.138897e+01 2.062983e+01
2.138791e+01 2.062983e+01
2.138677e+01 2.062932e+01
2.138583e+01 2.062038e+01
2.138509e+01 2.061554e+01
2.138410e+01 2.061554e+01
2.138332e+01 2.061554e+01
2.138304e+01 2.061554e+01
2.138217e+01 2.061554e+01
2.138121e+01 2.061554e+01
2.138069e+01 2.061554e+01
2.138009e+01 2.061554e+01
2.137926e+01 2.061554e+01
2.137812e+01 2.061554e+01
2.137747e+01 2.061554e+01
2.137677e+01 2.061554e+01
2.137603e+01 2.059553e+01
2.137567e+01 2.059553e+01
2.137438e+01 2.059553e+01
2.137354e+01 2.059553e+01
2.137276e+01 2.059553e+01
2.137195e+01 2.059553e+01
2.137082e+01 2.059553e+01
2.137022e+01 2.058517e+01
2.136957e+01 2.058517e+01
2.136900e+01 2.058517e+01
2.136800e+01 2.058517e+01
2.136708e+01 2.058517e+01
2.136646e+01 2.058517e+01
2.136576e+01 2.058517e+01
2.136558e+01 2.058517e+01
2.136505e+01 2.058517e+01
2.136419e+01 2.058517e+01
2.136362e+01 2.058517e+01
2.136328e+01 2.058517e+01
2.136283e+01 2.058517e+01
2.136257e+01 2.058517e+01
2.136239e+01 2.058517e+01
2.136204e+01 2.057570e+01
2.136142e+01 2.057570e+01
2.136049e+01 2.057570e+01
2.136021e+01 2.057570e+01
2.135982e+01 2.057570e+01
2.171751e+01 2.150181e+01
2.157174e+01 2.133071e+01
2.154753e+01 2.125300e+01
2.153214e+01 2.122839e+01
2.152225e+01 2.122206e+01
2.151425e+01 2.122012e+01
2.150880e+01 2.121395e+01
2.150295e+01 2.121121e+01
2.149866e+01 2.119361e+01
2.149523e+01 2.119204e+01
2.149156e+01 2.117000e+01
2.148817e+01 2.112980e+01
2.148590e+01 2.110288e+01
2.148309e+01 2.105533e+01
2.148030e+01 2.104756e+01
2.147717e+01 2.102424e+01
2.147331e+01 2.101593e+01
2.147054e+01 2.100527e+01
2.146624e+01 2.100167e+01
2.146236e+01 2.099718e+01
2.145861e+01 2.098930e+01
2.145570e+01 2.098601e+01
2.145302e+01 2.098601e+01
2.144989e+01 2.096870e+01
2.144716e+01 2.093407e+01
2.144361e+01 2.093043e+01
2.144112e+01 2.091684e+01
2.143807e+01 2.091305e+01
2.143585e+01 2.088895e+01
2.143282e+01 2.087240e+01
2.143065e+01 2.086348e+01
2.142914e+01 2.085636e+01
2.142678e+01 2.083267e+01
2.142495e+01 2.082606e+01
2.142331e+01 2.082408e+01
2.142182e+01 2.081509e+01
2.142012e+01 2.080790e+01
2.141870e+01 2.080790e+01
2.141614e+01 2.080617e+01
2.141477e+01 2.080016e+01
2.141319e+01 2.079685e+01
2.141169e+01 2.077835e+01
2.141055e+01 2.077835e+01
2.140883e+01 2.077551e+01
2.140743e+01 2.076676e+01
2.140581e+01 2.076098e+01
2.140468e+01 2.076098e+01
2.140337e+01 2.076000e+01
2.140200e+01 2.075777e+01
2.140090e+01 2.075777e+01
2.139983e+01 2.075404e+01
2.139782e+01 2.075404e+01
2.139685e+01 2.074615e+01
2.139625e+01 2.074553e+01
2.139553e+01 2.074553e+01
2.139436e+01 2.072592e+01
2.139353e+01 2.070875e+01
2.139200e+01 2.070875e+01
2.139085e+01 2.070875e+01
2.139006e+01 2.070423e+01
2.138912e+01 2.070423e+01
2.138773e+01 2.069940e+01
2.138664e+01 2.069940e+01
2.138577e+01 2.069940e+01
2.138513e+01 2.069940e+01
2.138433e+01 2.069940e+01
2.138289e+01 2.069940e+01
2.138197e+01 2.066629e+01
2.138021e+01 2.066629e+01
2.137885e+01 2.066629e+01
2.137796e+01 2.066629e+01
2.137770e+01 2.066629e+01
2.137707e+01 2.066629e+01
2.137657e+01 2.066629e+01
2.137579e+01 2.065869e+01
2.137508e+01 2.065869e+01
2.137397e+01 2.065869e+01
2.137246e+01 2.065869e+01
2.137211e+01 2.065869e+01
2.137083e+01 2.065869e+01
2.137026e+01 2.065869e+01
2.136952e+01 2.065869e+01
2.136801e+01 2.065869e+01
2.136741e+01 2.065869e+01
2.136668e+01 2.065869e+01
2.136593e+01 2.065869e+01
2.136515e+01 2.065869e+01
2.136480e+01 2.065869e+01
2.136410e+01 2.065869e+01
2.136367e+01 2.065869e+01
2.136296e+01 2.065869e+01
2.136218e+01 2.065768e+01
2.136205e+01 2.065768e+01
2.136094e+01 2.065768e+01
2.136008e+01 2.065768e+01
2.135952e+01 2.065768e+01
2.135862e+01 2.065768e+01
2.135794e+01 2.065768e+01
2.135660e+01 2.065768e+01
2.135632e+01 2.065768e+01
2.135558e+01 2.065768e+01
