3.5714e-10 3.1994e-10 1.0765e-10 1.5494e-10 1.6952e-10 1.955e-10 3.0202e-10 5.5772e-10 1.4785e-10 1.577e-10 3.1491e-10 5.0889e-11 5.9856e-11 1.5328e-09 3.1622e-10 9.8069e-11 2.8814e-10 9.6634e-11 7.3493e-10 1.3172e-10 9.4481e-10 3.1862e-10 3.2838e-10 4.5736e-10 8.4952e-11 5.4231e-10 5.8606e-10 5.8768e-10 1.599e-10 5.9543e-10 5.7865e-10 1.1291e-10 
3.272e-10 6.4969e-10 2.1521e-10 1.6536e-10 1.541e-10 1.6624e-10 1.0223e-10 1.2594e-10 2.608e-10 3.6349e-09 1.4026e-10 7.6398e-11 4.2976e-10 1.223e-10 9.7378e-10 8.4043e-11 1.1943e-10 4.4491e-10 7.8813e-11 2.0998e-10 2.0069e-10 1.6169e-10 5.9316e-11 1.0033e-10 4.3073e-10 7.9524e-11 1.8548e-10 1.271e-10 2.7262e-10 1.1985e-10 3.1989e-10 2.5443e-10 
3.0979e-10 4.5968e-10 3.6647e-10 1.7633e-10 4.07e-11 9.868e-11 1.2648e-10 1.9077e-10 2.272e-10 2.7495e-10 8.5032e-10 1.0357e-10 1.1607e-10 1.0624e-10 1.9475e-10 1.3642e-10 2.5108e-10 2.3828e-09 1.4154e-10 2.0412e-10 2.9598e-10 7.1964e-11 1.0785e-09 4.8078e-10 1.2182e-10 8.5436e-11 1.4421e-10 5.7753e-11 1.6047e-10 7.0486e-11 5.5252e-11 6.8246e-10 
3.0489e-11 4.4056e-11 6.1959e-11 5.6843e-13 2.7285e-12 1.9497e-11 8.5265e-13 8.2423e-12 1.6655e-11 1.7053e-13 2.899e-12 4.7748e-12 3.3538e-12 4.3258e-11 1.8758e-12 1.362e-10 7.0258e-11 9.7884e-11 1.0971e-10 5.1159e-13 1.3506e-10 5.0022e-12 3.5811e-12 3.1605e-11 6.2528e-12 3.4106e-13 1.1306e-10 9.0381e-12 5.6843e-13 9.7202e-12 1.6485e-12 1.7394e-11 
19.9997 0.00056493 19.9998 19.9998 20 19.999 19.997 20 20 19.9999 20 19.9999 20 20 19.9998 19.9995 20 19.9998 20 20 19.9997 19.9996 20 19.9999 20 19.9998 19.9999 19.9996 19.9999 19.9999 20 19.9991 
0.78909 1.2261 1.5764 0 0 1.5 1.5764 1.5 0 0 4.1522 0.98396 0 0 0 0 0 0 0 0 0 1.5 0 1.5 1.5 0 4.8074 1.5764 0 0 1.5 0 
1.9721e-11 6.25e-11 0 3.4106e-13 0 1.1369e-13 1.9327e-12 0 0 6.8212e-13 5.6843e-13 0 1.1369e-13 1.4211e-10 0 0 2.3078e-11 0 0 0 1.7053e-12 1.1369e-13 1.1369e-13 1.1369e-13 1.2506e-12 0 1.1369e-13 0 3.1037e-10 2.2737e-11 8.5834e-11 3.4106e-13 
8.6893 2.6251 6.9647 6.9647 8.9546 8.9546 10.9445 12.9345 12.9345 8.9546 10.9445 7.9597 9.9496 9.9496 8.9546 3.9798 6.9647 8.9546 5.9698 13.9294 6.9647 9.9496 9.9496 12.9345 5.9698 9.9496 8.9546 4.9748 4.9748 8.9546 3.9798 7.9597 
7.0642 2.6175 10.9445 8.9546 11.9395 3.9798 1.9899 6.9647 5.9698 8.9546 8.9546 9.9496 4.9748 3.9798 9.9496 9.9496 4.9748 4.9748 8.9546 4.9748 7.9597 2.9849 7.9597 9.9496 3.9798 3.9798 6.9647 7.9597 6.9647 5.9698 9.9496 5.9698 
417.4313 233.0234 695.2207 219.7704 516.7892 930.9496 575.035 515.6689 517.9248 119.8682 339.2638 396.2257 555.1818 221.8597 516.0654 697.3933 513.6297 341.1423 576.9284 418.2725 634.2824 478.1094 120.9233 123.2 122.0617 123.3092 220.8463 538.821 3.5817 635.3964 734.2312 120.9857 
684.87 332.5601 348.1899 585.7589 579.2221 254.3099 521.0431 252.0769 783.8326 588.0658 249.925 460.8286 701.4543 608.2255 601.3554 347.9975 601.4803 1041.5362 1237.1024 522.0642 542.3552 877.7339 760.1836 1076.6046 602.0315 660.6223 1571.5013 836.1777 580.9273 348.0773 1456.6818 948.7343 
0.016935 0.015063 0.0051672 0.040071 0.00046213 0.0029533 0.022136 0.0038772 0.013654 0.020683 0.014482 0.0093487 0.031984 0.007301 0.039964 0.019309 0.0028304 0.047813 0.0075384 0.0043916 0.054009 0.012252 0.002903 0.010257 0.0064 0.0032977 0.013169 0.044635 0.024774 0.012434 0.021857 0.0081095 
0.049052 0.011716 0.069126 0.058656 0.058981 0.038332 0.054684 0.053395 0.07236 0.05237 0.042201 0.053595 0.041453 0.043777 0.052687 0.051774 0.024367 0.070038 0.034181 0.044564 0.033714 0.037379 0.052595 0.051713 0.047907 0.048695 0.037847 0.055616 0.049558 0.03813 0.034892 0.066962 
0.3312 0.049696 0.32268 0.28771 0.30243 0.32811 0.34813 0.36494 0.31693 0.35153 0.31981 0.33396 0.32068 0.34875 0.26796 0.38179 0.34045 0.25378 0.27016 0.38557 0.32781 0.33119 0.34792 0.29808 0.2397 0.39222 0.2588 0.37505 0.48437 0.30736 0.36998 0.35807 
3.0138 0.65499 3.4603 2.6163 4.1827 3.9754 2.3855 2.4778 2.6256 3.0349 3.496 2.126 2.757 3.013 4.0339 3.9489 3.1316 3.5541 1.7145 3.966 3.5673 3.4348 3.2319 2.9907 2.9917 2.1654 2.4797 2.6707 2.3716 2.1183 3.2448 2.647 
10.0573 0.92003 8.7182 10.8622 10.2526 9.0553 9.9219 9.6659 11.6273 8.642 11.2217 11.2322 9.6468 10.6531 9.7035 10.0619 10.7276 11.6646 9.5028 9.9665 9.7963 10.0806 10.9118 10.0849 10.8223 9.8771 7.4035 9.1347 10.2125 10.5014 9.6617 10.1053 
21.3232 39.1858 19.1931 21.0367 14.2095 15.2035 20.3185 18.1901 13.2913 226.5209 7.9825 4.9985 15.9243 21.1766 6.9881 7.9144 27.0042 15.066 12.0366 15.3426 17.0554 8.9808 8.0521 8.8475 25.0148 15.1343 16.0115 16.1313 7.9832 5.9262 20.1784 7.9836 
5.7245 2.7613 6.2892 5.1293 9.0472 7.3018 1.4923 6.1242 4.309 5.3164 3.2261 1.2136 1.451 5.132 7.1232 7.2102 5.1919 4.0635 13.2171 4.1363 5.097 5.1695 11.0634 4.348 3.3757 4.2563 10.2584 8.1328 7.2211 7.2616 5.2239 3.3534 
2.9408 0.8011 3.2837 2.3571 2.1718 2.7575 3.4106 3.0345 4.3498 3.1188 3.6283 2.3775 4.0893 2.4744 2.3636 4.6128 3.5738 2.2441 4.8525 2.7225 2.7964 2.1674 2.4064 3.3416 3.4947 3.1649 1.5554 2.294 2.4622 2.7578 2.3523 2.0086 
3.6464 8.2334 2.2601 1.8308 1.0238 2.6886 2.3953 1.7782 1.2663 1.2243 3.3688 1.2636 45.6085 1.2861 2.6416 2.0598 1.8327 1.1126 1.318 2.6063 1.2682 2.9188 1.2508 1.2905 1.3865 1.733 1.2719 2.4385 2.3608 13.5161 1.1413 1.2509 
20.6601 60.5509 3.1677 2.0762 2.5829 2.2758 27.9167 7.8317 9.5308 8.2954 2.1415 120.4956 7.0254 8.3901 7.2436 6.8008 2.6797 1.6528 320.486 7.8031 2.5855 2.8988 8.0116 7.0291 8.1307 13.7111 2.0616 7.8361 8.077 1.1991 2.0666 7.8015 
163.6033 73.9098 155.0925 145.3847 141.1862 154.2501 139.9176 141.1077 146.1837 145.253 145.3081 148.1871 153.0016 146.0457 145.8949 146.8321 145.3627 140.6581 140.5186 140.3123 145.6257 513.6267 146.1245 139.9004 145.1491 145.3751 152.7986 145.3266 140.2228 139.6971 148.8269 324.9286 
315.2441 7.7071e-06 315.2441 315.2441 315.2441 315.2441 315.2441 315.2441 315.2441 315.2441 315.2441 315.2441 315.2441 315.2441 315.2441 315.2441 315.2441 315.2441 315.2441 315.2441 315.2441 315.2441 315.2441 315.2441 315.2441 315.2441 315.2441 315.2441 315.2441 315.2441 315.2441 315.2441 
224.4306 2.3237 223.927 223.2668 223.9907 223.0973 223.2613 223.6305 224.4111 223.2553 223.7448 223.2616 226.1273 224.0139 223.9698 223.9926 236.0583 225.7369 223.9717 224.0185 223.3026 223.9834 223.9845 223.2614 224.2798 224.5027 223.2567 224.2037 223.9852 224.3998 224.0999 225.9236 
208.6279 1.9213 208.6883 210.1151 208.3822 207.1527 208.8096 208.9198 205.7222 209.6391 208.6699 208.5404 209.4029 209.9267 208.9789 209.5211 208.9066 207.9743 200 210.1054 208.6662 210.1012 208.916 208.9917 209.1738 209.7393 209.4766 207.5704 208.7737 210.7112 207.5028 209.7593 
137.1188 43.1509 200 135.4096 108.8204 124.2523 200 118.73 103.0224 102.3181 189.661 103.2085 181.1517 103.1572 100.5845 200 145.336 102.9597 103.1426 179.3173 200 100.1828 102.5773 100.0447 103.0449 100.1369 200 100.1166 200 103.0764 103.3133 200 
302.1144 11.5811 300 300 300 300 300 300 300 300 300 300 300 300 300 300 300 300 300 300 300 300 300 300 300 300 300 300 300 300 300 363.4321 
897.2185 25.0266 888.7319 878.3924 867.2032 892.8206 892.4945 893.8061 845.1168 890.3225 917.4214 893.4769 872.3726 899.5338 926.2218 884.3833 839.3176 915.6339 948.9093 903.1484 902.0353 904.8744 899.4373 907.5572 910.5801 880.7561 875.4272 902.9775 921.7443 957.0586 911.9911 892.8078 
258.2082 78.0568 211.686 144.7142 281.4312 118.7283 319.1847 307.6603 296.4876 262.4311 160.5834 332.945 277.6086 171.9161 209.8643 367.3745 317.4017 428.5186 328.0081 292.9737 220.8409 244.3689 212.6112 251.2113 196.7539 187.2766 247.7857 125.4125 395.4149 277.2302 216.0159 341.8066 
1747.3678 398.4196 2174.8306 1146.5157 2436.1617 1668.9126 1311.7403 2376.7984 2085.7745 2259.7327 1384.8688 1595.6405 1519.9246 1496.1747 2465.734 1324.3245 1154.0054 1933.6991 2332.2844 1934.6189 1834.6717 1498.943 1904.359 1581.6122 1692.2421 1292.2465 1521.8864 1916.9855 2135.6491 1378.9742 1311.3767 1750.3455 