1.136868e-14 5.781517e-15 1.4211e-14 1.4211e-14 1.4211e-14 1.4211e-14 1.4211e-14 0 1.4211e-14 1.4211e-14 1.4211e-14 1.4211e-14 0 1.4211e-14 1.4211e-14 0 0 1.4211e-14 1.4211e-14 1.4211e-14 1.4211e-14 1.4211e-14 1.4211e-14 1.4211e-14 1.4211e-14 1.4211e-14 1.4211e-14 1.4211e-14 0 1.4211e-14 0 1.4211e-14 
1.894781e-15 7.210819e-15 0 0 2.8422e-14 0 0 0 0 0 0 0 0 2.8422e-14 0 0 0 0 0 0 0 0 0 0 0 0 0 0 0 0 0 0 
7.579123e-15 1.965338e-14 0 0 5.6843e-14 0 5.6843e-14 0 0 0 0 0 0 0 0 0 0 0 0 0 0 0 0 0 5.6843e-14 0 0 5.6843e-14 0 0 0 0 
1.136868e-14 2.312607e-14 0 5.6843e-14 0 0 0 0 0 0 0 0 5.6843e-14 0 5.6843e-14 0 5.6843e-14 0 0 0 0 0 0 0 5.6843e-14 0 0 0 0 0 5.6843e-14 0 
2.000050e+01 1.135417e-03 20.001 20 20.0003 20.0006 20.0007 20.0012 20 20 20.0004 20.0002 20.0004 20 20.0003 20.0003 20.0002 20 20.0006 20 20.0001 20 20.0001 20.0003 20.0001 20.0013 20.0004 20 20 20.0062 20.0001 20 
5.431812e-01 1.001232e+00 0 4.0418 0 0 0 0 1.5764 0 3.2116e-05 0 0 0 0 1.5764 0.51893 0 0 0.00027209 0 0.98396 0 1.5764 0 0 0.98396 3.0764 0 0 0.46109 1.5 
0.000000e+00 0.000000e+00 0 0 0 0 0 0 0 0 0 0 0 0 0 0 0 0 0 0 0 0 0 0 0 0 0 0 0 0 0 0 
0.000000e+00 0.000000e+00 0 0 0 0 0 0 0 0 0 0 0 0 0 0 0 0 0 0 0 0 0 0 0 0 0 0 0 0 0 0 
4.088222e+01 1.229551e+01 25.8689 25.8689 45.768 23.879 58.7025 32.8336 34.8235 42.7832 52.7327 37.4923 25.8689 34.8235 32.8336 39.7983 29.8488 56.7126 62.6823 37.8084 27.8588 71.6369 49.7479 39.7983 38.8033 34.8235 54.7226 53.7277 36.8134 28.8538 50.7428 37.8084 
1.772555e+00 4.040498e-01 1.425 2.1176 1.5076 1.8387 1.7056 1.2637 2.185 2.0823 1.3235 2.2058 1.2345 1.689 2.0749 1.1377 1.2767 1.6678 2.6278 2.3494 1.3667 1.9915 2.3093 1.5335 2.1427 1.559 2.1168 1.5416 1.584 1.4244 2.3072 1.5874 
1.945599e+03 4.963287e+02 2806.7743 1500.3794 1400.2753 2611.7702 1947.1509 2041.7481 898.4836 2485.7949 2487.1236 2137.7462 2641.1182 2045.3326 1309.2379 1928.7041 2074.4998 1852.7851 1623.7625 1878.3593 2037.9049 2429.3707 1618.3478 993.1109 1295.471 1972.4906 1631.8369 1984.7166 1881.4849 2872.4263 1823.0282 2156.7427 
4.196049e-02 1.816035e-02 0.034951 0.026174 0.033501 0.048351 0.033016 0.07243 0.089952 0.05976 0.03949 0.031359 0.055275 0.022201 0.028826 0.054293 0.019563 0.04379 0.073458 0.016462 0.013695 0.016138 0.046374 0.052249 0.063275 0.053033 0.031909 0.040687 0.035084 0.036635 0.046294 0.040591 
1.271241e-01 2.515078e-02 0.14964 0.12101 0.14995 0.12199 0.18397 0.10114 0.12141 0.15171 0.11056 0.11069 0.13636 0.10044 0.12688 0.096294 0.16039 0.089896 0.16977 0.13552 0.13525 0.099305 0.10788 0.1279 0.1157 0.18742 0.11621 0.12486 0.11275 0.10095 0.12068 0.12719 
2.216034e-01 2.802420e-02 0.19233 0.21722 0.26872 0.22669 0.22246 0.25218 0.23766 0.24136 0.28395 0.18371 0.20731 0.18271 0.19991 0.23029 0.23024 0.22007 0.23024 0.23002 0.25937 0.15375 0.24265 0.21807 0.2182 0.20519 0.17049 0.21568 0.24116 0.23886 0.20906 0.21854 
3.050343e+00 7.261034e-01 3.7763 3.058 3.9836 2.3644 2.1788 2.7288 2.9029 2.7778 2.2768 2.6118 2.8824 2.7318 4.183 2.0002 3.5334 2.9709 2.3581 3.1293 3.4597 2.3477 3.1558 2.7528 3.5787 4.6642 2.8686 3.8121 2.7177 4.8493 2.2686 2.5869 
1.019732e+01 1.149743e+00 10.9765 10.7153 10.4626 11.4248 11.6048 10.608 10.3624 10.862 8.4062 11.8696 10.0212 10.5091 9.9809 7.642 11.4083 8.2123 11.1448 10.0926 8.5009 11.4158 8.9182 9.5858 10.4346 10.6946 9.863 10.5526 8.2756 9.0979 10.5683 11.709 
3.720379e+02 1.823759e+02 78.624 515.9956 252.0391 673.7263 323.1541 408.9544 279.8445 180.819 514.1801 689.1776 249.9793 264.4641 336.3726 179.6851 78.3008 756.7396 653.6018 404.6071 277.2296 463.07 196.1835 427.1843 369.1948 635.3473 221.7998 148.6641 465.1221 392.6616 339.3111 385.1047 
1.924029e+01 6.766284e+00 22.0931 25.2817 25.3513 24.0894 23.0641 34.1757 25.2982 21.2028 23.0355 8.4959 9.4453 17.1704 16.0229 17.3551 10.2468 17.2619 15.3587 11.0977 26.0417 9.2356 20.1592 11.3664 22.2089 19.2234 8.0536 20.2752 24.102 30.0402 15.3612 25.095 
2.720934e+00 5.401609e-01 1.578 3.1277 3.0036 3.084 1.9172 3.1842 2.9552 2.3274 3.5529 2.7969 2.9207 3.1479 2.4068 2.9941 2.7492 3.2465 3.0245 3.0497 2.5144 1.9368 2.7771 3.5388 2.3999 2.8062 2.6317 1.9131 3.1183 1.5522 2.1814 3.1917 
7.021571e+00 4.049325e+00 5.7834 7.1145 8.8634 4.5023 1.1204 7.1151 7.955 3.6404 10.6148 10.2884 3.8269 7.7893 8.1281 7.7688 4.3125 4.9963 6.6678 7.102 4.1236 8.9592 4.6859 5.5027 10.9486 7.2118 4.9264 5.8612 2.2255 8.3322 5.8745 24.406 
1.400048e+02 1.124795e+02 62.446 364.7644 13.2356 152.2837 11.897 5.8912 7.6393 46.0672 26.6825 12.8903 145.5786 145.6091 449.4782 175.9275 311.5147 0.58665 185.219 120.1748 290.3211 152.974 175.0335 166.967 130.3853 126.7976 180.7298 246.2625 167.0035 173.4801 139.58 12.7242 
1.959920e+02 1.305711e+02 147.4286 146.2572 62.5935 194.5425 187.8315 26.3514 150.9511 145.3079 238.5939 21.622 145.5216 318.6173 164.633 150.3322 178.8424 376.3066 245.3046 274.9501 158.3332 488.9005 344.0899 20.9172 362.3577 145.1293 21.1301 381.779 20.8223 358.05 40.1302 362.1329 
3.152441e+02 5.781517e-14 315.2441 315.2441 315.2441 315.2441 315.2441 315.2441 315.2441 315.2441 315.2441 315.2441 315.2441 315.2441 315.2441 315.2441 315.2441 315.2441 315.2441 315.2441 315.2441 315.2441 315.2441 315.2441 315.2441 315.2441 315.2441 315.2441 315.2441 315.2441 315.2441 315.2441 
2.235916e+02 8.835284e-01 223.2744 223.5332 223.267 223.0883 223.9986 223.5418 223.6572 221.8082 223.5633 223.5497 222.227 222.5283 224.2289 223.5468 222.155 223.2484 223.2849 224.6929 224.1499 223.3077 224.4046 225.7019 223.5526 225.037 224.1215 223.5435 222.0529 223.667 224.4994 224.5151 
2.028155e+02 2.914227e-01 203.18 203.1238 202.5948 202.6655 202.8409 202.6866 202.7357 202.7183 202.8134 202.6495 202.736 202.5472 202.595 203.3557 202.6163 203.8335 202.6502 203.2518 202.9727 202.7126 202.608 202.7401 203.147 202.6356 202.7908 202.7882 202.646 202.5933 202.5572 202.6805 
1.001260e+02 1.958964e-02 100.0983 100.0962 100.156 100.1146 100.124 100.1325 100.1532 100.1207 100.1404 100.1174 100.1409 100.1356 100.1356 100.0838 100.1416 100.1017 100.1188 100.1507 100.1015 100.1301 100.1423 100.1087 100.1209 100.1229 100.1132 100.1508 100.1648 100.1259 100.1253 100.1131 
3.569073e+02 5.061388e+01 300 400.4429 400.5388 300 400.4378 400.4767 400.4275 300 300 400.4313 400.6073 400.7933 300 300.0129 400.4253 300 400.4046 300 400.4851 400.6588 400 300.0023 400.3052 400 300 400.4559 300 400.313 300 300 
8.181595e+02 2.605193e+01 848.7262 831.5334 810.5115 829.1864 801.1955 883.0979 787.9265 789.4375 850.6386 834.7946 806.7285 853.0937 795.9549 859.6373 813.3833 789.1952 829.5724 831.5273 804.0152 803.8261 819.3757 850.8969 838.7706 778.0382 788.5522 804.4266 804.925 801.884 785.6017 818.3324 
7.161650e+02 2.219514e+00 721.4396 716.8351 714.305 714.7092 713.8442 714.3356 713.8643 714.3146 713.2913 715.6991 717.1562 714.8461 722.4634 718.0086 716.3831 715.2316 714.66 718.8632 717.1779 716.0874 714.074 714.299 717.408 714.2604 717.2978 715.8817 717.717 714.5715 717.9375 717.9871 
9.599017e+02 3.379816e+02 750.5106 1027.7694 872.8111 604.0742 1064.7357 610.8368 719.1154 1066.8041 925.3699 1985.9403 1136.5674 742.8013 979.0833 471.0919 1041.466 738.8855 1343.6046 576.8542 1158.7808 1109.1135 783.4161 1810.9462 980.7394 1068.0605 1066.0644 906.7833 756.4262 407.3472 1076.5806 1014.4725 
