5.498242e+02 1.313617e+03 5.1367 1029.5053 128.5172 7.2851 110.3013 139.5632 221.183 381.1715 6.3894 5894.1339 507.6484 7.8319 58.536 380.2892 5.9542 92.9443 7.8491 24.7936 480.1277 31.8628 335.0233 92.434 840.746 89.1737 335.3646 396.1684 7.8453 146.0925 117.7027 4613.1516 
0.000000e+00 0.000000e+00 0 0 0 0 0 0 0 0 0 0 0 0 0 0 0 0 0 0 0 0 0 0 0 0 0 0 0 0 0 0 
0.000000e+00 0.000000e+00 0 0 0 0 0 0 0 0 0 0 0 0 0 0 0 0 0 0 0 0 0 0 0 0 0 0 0 0 0 0 
7.737700e-04 1.532135e-03 0.0035624 5.8307e-06 3.8747e-05 0.0011421 0.00019201 4.1503e-05 0.0011394 3.3189e-05 2.6565e-08 0.00573 2.7056e-05 0.00066146 2.6538e-08 9.5436e-08 0.0034169 2.8133e-06 1.6244e-07 9.96e-06 0.00019107 2.8841e-06 1.3774e-05 6.4006e-11 0.0011564 2.3059e-08 1.6363e-05 7.2898e-08 0.004867 0.00082125 0.0001405 6.4221e-09 
2.016204e+01 8.502041e-02 20.2615 20.2109 20.277 20.195 20.0828 20.1126 20.067 20.1591 20.1092 20.2722 20.1288 20.1112 20.0839 20.1476 20.3333 20.135 20.0377 20.0026 20.148 20.2041 20.2211 20.1958 20.0807 20.1145 20.2275 20.2888 20.2192 20.0947 20.0562 20.2827 
2.377171e+00 2.285232e+00 0.0054359 1.2993 1.5001 7.06e-06 2.1914 2.5879 0.00013685 3.3026 2.3551 1.3764 3.7186e-05 7.8464 3.3101 7.6368 2.711 0.00028242 0 1.5036 5.0954 0.45928 6.557 3.1165 1.0767 0 0.98398 4.1155 1.5083 1.5003 3.8487 5.4269 
0.000000e+00 0.000000e+00 0 0 0 0 0 0 0 0 0 0 0 0 0 0 0 0 0 0 0 0 0 0 0 0 0 0 0 0 0 0 
2.321570e+00 2.925191e+00 2.9849 0.99496 0.99496 0.99496 0 6.9647 1.9899 3.9798 0 3.9798 7.9597 2.9849 0 0.99496 2.9849 4.9748 6.9647 11.9395 0 0.99496 1.9899 0 0 0 0 0 0.99496 2.9849 0 0.99496 
4.502806e+01 2.150270e+01 54.9673 51.7378 12.7228 49.5128 28.8538 42.7832 28.8538 82.5814 36.8134 21.8891 21.8891 21.8891 29.8487 36.8134 53.7276 83.5763 47.758 58.7025 37.8084 46.763 58.7025 45.7681 52.7327 30.1764 7.9597 88.846 36.8134 47.758 36.8135 95.7801 
4.373724e+00 2.273815e+01 124.6168 0 0 0 0.083277 0.083277 0.083277 6.1785 0 0 0 0 0 0.083277 0.020819 0 0 0 0 0 0 0 0 0 0 0 1.819e-12 0.020819 0 0.041638 
2.100853e+03 5.589656e+02 3402.6156 1742.5877 2223.1852 2767.4008 1483.5577 2635.8907 2286.4122 2309.2054 1429.07 1950.7681 1158.2769 2029.1548 1545.3848 1644.6793 2102.3663 2792.6432 1583.558 2385.9362 1416.2157 2184.1935 1978.4986 2321.4582 2760.9069 2157.6312 2984.1101 1722.7726 1113.5173 2432.4131 2625.8659 1855.3022 
1.553278e-01 1.018789e-01 0.074053 0.12229 0.26043 0.32289 0.21701 0.39725 0.17215 0.086927 0.13319 0.029575 0.16955 0.1417 0.095207 0.38689 0.17257 0.3267 0.1115 0.056907 0.050745 0.034375 0.12749 0.22996 0.04872 0.13016 0.19331 0.19569 0.05842 0.15777 0.036915 0.11947 
9.898934e-02 3.031030e-02 0.1049 0.12674 0.099025 0.091504 0.11723 0.12866 0.040698 0.048277 0.071705 0.060164 0.12986 0.16389 0.11409 0.12878 0.084733 0.069924 0.057295 0.079703 0.1129 0.067838 0.1223 0.093111 0.090923 0.12117 0.11383 0.11449 0.10676 0.089842 0.15312 0.066213 
2.262422e-01 3.656253e-02 0.27406 0.18821 0.27812 0.2243 0.22429 0.27573 0.32491 0.24321 0.22916 0.18193 0.25675 0.19391 0.21728 0.22102 0.25919 0.24337 0.20289 0.22012 0.22899 0.27629 0.20647 0.16669 0.21446 0.17139 0.18606 0.22179 0.23597 0.2374 0.19092 0.19238 
3.097575e+00 8.706280e-01 3.5577 4.3575 3.5867 4.8715 2.7001 1.8501 2.6974 2.0342 3.136 2.3413 2.7038 3.7627 3.572 2.7433 4.1318 1.7351 3.4941 4.6267 3.3095 2.1042 1.8644 3.3918 3.0758 4.2816 3.989 1.9292 2.6991 3.0162 2.4204 2.9439 
1.001471e+01 7.255129e-01 10.0743 10.7058 10.3211 10.9926 9.7 10.6385 10.7287 11.186 9.8516 10.5227 9.7147 8.9751 10.8273 9.563 9.2571 10.1529 10.7945 10.7723 9.2874 8.6719 9.691 9.902 8.3996 9.7905 9.1169 9.7226 10.8695 10.5336 9.5173 10.1607 
1.911438e+02 1.187834e+02 227.4457 186.5131 83.8231 329.2922 126.0376 180.1658 407.0916 119.3205 450.4586 228.7611 59.6014 77.8343 85.189 79.7194 95.2687 164.6355 54.1972 233.3106 182.3555 206.5449 81.0087 218.6041 46.0489 403.8352 206.5635 307.9715 251.5544 188.3705 411.7256 41.0671 
8.581049e+00 3.767092e+00 10.0832 14.2383 12.4128 8.3506 10.6983 7.3449 6.3238 7.3122 5.1574 10.3518 13.6518 10.3473 5.6685 2.1682 17.4763 5.1519 14.289 10.141 9.7498 3.3199 7.4196 12.9475 3.2208 10.624 5.4868 10.2683 4.3123 7.262 6.4201 5.2329 
2.823631e+00 7.105969e-01 2.0052 3.1327 2.6752 3.0131 3.3048 0.53609 3.356 2.142 2.4776 2.5634 2.7589 3.9211 2.7867 2.6956 2.5993 3.1747 2.4198 2.854 3.6347 2.9023 2.8972 2.9518 1.9077 2.2166 3.221 3.6736 3.7365 2.0071 4.0527 3.0916 
5.298131e+00 1.697323e+00 6.8837 3.7352 3.446 3.4463 1.675 2.4207 6.9492 7.1346 5.499 6.5155 6.7643 6.2456 5.4482 2.1201 5.7543 6.3098 3.5096 4.2615 4.726 8.4276 5.4763 5.9495 6.6805 4.4666 7.8443 5.0908 6.6041 4.2786 6.46 4.8208 
4.058360e+01 5.136304e+01 23.2973 12.2372 2.7198 9.4452 26.8019 11.5248 128.185 28.0449 46.5222 19.8084 20.398 141.0408 14.7552 17.2849 47.3673 5.1758 59.8889 16.0295 22.6226 2.1608 163.2057 174.6038 8.5179 0.83977 13.4023 18.457 19.5388 16.7552 136.216 10.6611 
6.398031e+01 6.826632e+01 53.1518 23.0001 22.4139 43.6558 23.7947 42.1466 41.5732 30.8065 70.859 145.7185 3.8697 27.3676 22.0212 21.8166 149.7014 23.2276 22.1188 140.9465 34.7132 216.6436 28.3484 23.0283 42.1449 69.264 295.2019 28.2696 32.9448 167.4507 43.3255 29.8851 
3.152441e+02 1.454983e-13 315.2441 315.2441 315.2441 315.2441 315.2441 315.2441 315.2441 315.2441 315.2441 315.2441 315.2441 315.2441 315.2441 315.2441 315.2441 315.2441 315.2441 315.2441 315.2441 315.2441 315.2441 315.2441 315.2441 315.2441 315.2441 315.2441 315.2441 315.2441 315.2441 315.2441 
2.206898e+02 6.985992e+00 223.7869 222.2825 223.5718 223.6009 200.4245 223.2966 224.4349 222.0584 221.9361 221.8262 221.7922 224.2291 223.6687 223.5416 224.1367 222.3397 222.1803 221.7103 224.5795 224.0373 222.0541 221.7612 224.0723 221.23 221.9082 222.9095 222.8722 200.1921 224.0177 200.2425 
2.027808e+02 2.875528e-01 202.6015 203.1106 202.6898 202.7144 202.7547 202.8501 202.6347 203.1181 202.5977 203.2397 203.8111 202.7096 202.7884 202.5972 202.6778 202.6222 202.7288 202.5746 202.5984 202.586 202.5918 203.4181 202.7774 202.5988 202.5979 202.7456 202.8628 202.5777 202.6433 202.6062 
1.001332e+02 5.815085e-02 100.1372 100.1382 100.2552 100.0737 100.2283 100.0809 100.1007 100.172 100.1536 100.2311 100.22 100.1092 100.1017 100.088 100.1203 100.1756 100.0977 100.0731 100.114 100.0805 100.0917 100.2091 100.0892 100.077 100.1209 100.076 100.052 100.2259 100.1849 100.1169 
4.003988e+02 2.397262e-01 400.4636 400 400.4336 400 400.636 400.6259 400.4545 400 400.6253 400 400 400 400.5674 400 400.4829 400.4021 400.7166 400.47 400.5065 400.4676 400.711 400.5498 400.4432 400.4814 400.4414 400.4436 400.4494 400.4492 400.4498 400.6939 
8.259925e+02 2.681351e+01 875.8536 787.6471 849.9714 831.2038 804.3441 781.7358 800.6469 836.7219 803.5606 822.3602 861.9624 808.2743 863.4411 810.7511 815.1963 840.7609 785.9289 865.6668 856.7124 821.421 831.3459 832.526 841.9001 852.4259 800.7269 803.8069 788.1549 842.4561 809.2287 853.0443 
6.464581e+02 1.843174e+02 717.0592 718.8706 715.0058 717.0588 723.7679 716.1688 717.1869 717.6817 715.0643 716.7869 715.9748 721.2672 715.1304 717.7435 716.6984 713.8091 189.5278 211.1737 724.84 713.9449 715.5874 717.5594 714.8687 195.5435 715.2294 718.6126 716.0917 144.0893 726.3762 715.0249 
5.616969e+02 1.855821e+02 512.9846 490.3653 462.8775 1251.1375 578.936 655.0239 497.598 356.9135 469.7756 447.0184 1042.8995 440.0795 451.3872 684.6199 708.3738 500.4685 679.1152 493.4942 511.5223 635.7429 440.3956 529.9992 479.4562 454.0608 438.9181 599.4874 406.6723 680.5012 494.0207 457.0634 
