3.668319e+03 1.664564e+03
3.313885e+02 2.449236e+02
2.097017e+02 2.052972e+02
2.027486e+02 2.024060e+02
2.015638e+02 2.014324e+02
2.010755e+02 2.009989e+02
2.006279e+02 2.005964e+02
2.004251e+02 2.004108e+02
2.003491e+02 2.003387e+02
2.003063e+02 2.003038e+02
2.002835e+02 2.002807e+02
2.002604e+02 2.002571e+02
2.002419e+02 2.002396e+02
2.002265e+02 2.002244e+02
2.002068e+02 2.002044e+02
2.001944e+02 2.001933e+02
2.001852e+02 2.001836e+02
2.001751e+02 2.001736e+02
2.001672e+02 2.001660e+02
2.001591e+02 2.001581e+02
2.001513e+02 2.001502e+02
2.001466e+02 2.001459e+02
2.001429e+02 2.001425e+02
2.001401e+02 2.001396e+02
2.001375e+02 2.001372e+02
2.001353e+02 2.001349e+02
2.001328e+02 2.001325e+02
2.001303e+02 2.001299e+02
2.001283e+02 2.001281e+02
2.001268e+02 2.001266e+02
2.001255e+02 2.001254e+02
2.001241e+02 2.001239e+02
2.001222e+02 2.001220e+02
2.001210e+02 2.001208e+02
2.001197e+02 2.001194e+02
2.001187e+02 2.001186e+02
2.001177e+02 2.001176e+02
2.001169e+02 2.001167e+02
2.001160e+02 2.001158e+02
2.001152e+02 2.001151e+02
2.001146e+02 2.001145e+02
2.001138e+02 2.001137e+02
2.001123e+02 2.001119e+02
2.001105e+02 2.001104e+02
2.001090e+02 2.001087e+02
2.001072e+02 2.001070e+02
2.001059e+02 2.001057e+02
2.001046e+02 2.001044e+02
2.001038e+02 2.001037e+02
2.001029e+02 2.001028e+02
2.001024e+02 2.001024e+02
2.001018e+02 2.001017e+02
2.001012e+02 2.001011e+02
2.001005e+02 2.001005e+02
2.000998e+02 2.000997e+02
2.000993e+02 2.000992e+02
2.000988e+02 2.000987e+02
2.000982e+02 2.000981e+02
2.000976e+02 2.000975e+02
2.000968e+02 2.000967e+02
2.000960e+02 2.000958e+02
2.000954e+02 2.000953e+02
2.000949e+02 2.000948e+02
2.000940e+02 2.000939e+02
2.000930e+02 2.000929e+02
2.000922e+02 2.000920e+02
2.000915e+02 2.000915e+02
2.000910e+02 2.000910e+02
2.000906e+02 2.000906e+02
2.000901e+02 2.000899e+02
2.000894e+02 2.000893e+02
2.000887e+02 2.000887e+02
2.000883e+02 2.000882e+02
2.000879e+02 2.000879e+02
2.000876e+02 2.000876e+02
2.000872e+02 2.000871e+02
2.000869e+02 2.000869e+02
2.000866e+02 2.000865e+02
2.000862e+02 2.000862e+02
2.000859e+02 2.000858e+02
2.000856e+02 2.000855e+02
2.000854e+02 2.000853e+02
2.000852e+02 2.000852e+02
2.000851e+02 2.000851e+02
2.000851e+02 2.000851e+02
2.000850e+02 2.000850e+02
2.000850e+02 2.000849e+02
2.000848e+02 2.000848e+02
2.000847e+02 2.000847e+02
2.000846e+02 2.000846e+02
2.000845e+02 2.000845e+02
2.000844e+02 2.000844e+02
2.000843e+02 2.000843e+02
2.000842e+02 2.000841e+02
2.000841e+02 2.000841e+02
2.000840e+02 2.000839e+02
2.000839e+02 2.000839e+02
2.000838e+02 2.000838e+02
2.000837e+02 2.000837e+02
2.000835e+02 2.000835e+02
2.000834e+02 2.000834e+02
3.887625e+03 1.238569e+03
1.302929e+02 1.096221e+02
1.178600e+02 1.036844e+02
1.147888e+02 1.006813e+02
1.145841e+02 1.006227e+02
1.144807e+02 1.005963e+02
1.143699e+02 1.005191e+02
1.143243e+02 1.005191e+02
1.142897e+02 1.004568e+02
1.142599e+02 1.004568e+02
1.142476e+02 1.004568e+02
1.142330e+02 1.004568e+02
1.142201e+02 1.004568e+02
1.142074e+02 1.004568e+02
1.141963e+02 1.004568e+02
1.141880e+02 1.004568e+02
1.141816e+02 1.004568e+02
1.141706e+02 1.004568e+02
1.141644e+02 1.004568e+02
1.141541e+02 1.004568e+02
1.141471e+02 1.004568e+02
1.141432e+02 1.004568e+02
1.141398e+02 1.004568e+02
1.141354e+02 1.004568e+02
1.141309e+02 1.004568e+02
1.141269e+02 1.004568e+02
1.141242e+02 1.004492e+02
1.141213e+02 1.004492e+02
1.141207e+02 1.004492e+02
1.141185e+02 1.004299e+02
1.141181e+02 1.004299e+02
1.141149e+02 1.004299e+02
1.141126e+02 1.004299e+02
1.141110e+02 1.004299e+02
1.141095e+02 1.004299e+02
1.141089e+02 1.004299e+02
1.141077e+02 1.004299e+02
1.141057e+02 1.004299e+02
1.141049e+02 1.004299e+02
1.141038e+02 1.004299e+02
1.141028e+02 1.004299e+02
1.005719e+02 1.004252e+02
1.005709e+02 1.004131e+02
1.005698e+02 1.004131e+02
1.005686e+02 1.004131e+02
1.005678e+02 1.004131e+02
1.005670e+02 1.004131e+02
1.005656e+02 1.004131e+02
1.005652e+02 1.004131e+02
1.005640e+02 1.004131e+02
1.005637e+02 1.004131e+02
1.005632e+02 1.004131e+02
1.005629e+02 1.004131e+02
1.005629e+02 1.004131e+02
1.005629e+02 1.004131e+02
1.005625e+02 1.004131e+02
1.005622e+02 1.004131e+02
1.005619e+02 1.004131e+02
1.005609e+02 1.004131e+02
1.005606e+02 1.004131e+02
1.005601e+02 1.004131e+02
1.005598e+02 1.004131e+02
1.005593e+02 1.004131e+02
1.005588e+02 1.004131e+02
1.005585e+02 1.004131e+02
1.005582e+02 1.004131e+02
1.005576e+02 1.004131e+02
1.005573e+02 1.004131e+02
1.005566e+02 1.004131e+02
1.005558e+02 1.004131e+02
1.005557e+02 1.004131e+02
1.005553e+02 1.004131e+02
1.005549e+02 1.004131e+02
1.005548e+02 1.004131e+02
1.005540e+02 1.004131e+02
1.005539e+02 1.004131e+02
1.005533e+02 1.004131e+02
1.005530e+02 1.004131e+02
1.005524e+02 1.004131e+02
1.005522e+02 1.004131e+02
1.005508e+02 1.004044e+02
1.005507e+02 1.004044e+02
1.005506e+02 1.004044e+02
1.005506e+02 1.004044e+02
1.005504e+02 1.004044e+02
1.005503e+02 1.004044e+02
1.005501e+02 1.004044e+02
1.005497e+02 1.004044e+02
1.005493e+02 1.004044e+02
1.005493e+02 1.004044e+02
1.005490e+02 1.004044e+02
1.005486e+02 1.004044e+02
1.005485e+02 1.004044e+02
1.005478e+02 1.004044e+02
1.005475e+02 1.004044e+02
1.005475e+02 1.004044e+02
1.005474e+02 1.004044e+02
1.005472e+02 1.004044e+02
1.005471e+02 1.004044e+02
1.005464e+02 1.004044e+02
1.005463e+02 1.004044e+02
3.657207e+03 1.590496e+03
3.754816e+02 2.544422e+02
2.387309e+02 2.046713e+02
2.025008e+02 2.021563e+02
2.014350e+02 2.012485e+02
2.009002e+02 2.008383e+02
2.006294e+02 2.005978e+02
2.004931e+02 2.004809e+02
2.004145e+02 2.004066e+02
2.003539e+02 2.003466e+02
2.003036e+02 2.002936e+02
2.002637e+02 2.002601e+02
2.002406e+02 2.002372e+02
2.002276e+02 2.002259e+02
2.002130e+02 2.002102e+02
2.001995e+02 2.001985e+02
2.001885e+02 2.001868e+02
2.001785e+02 2.001768e+02
2.001700e+02 2.001690e+02
2.001664e+02 2.001658e+02
2.001628e+02 2.001620e+02
2.001597e+02 2.001593e+02
2.001579e+02 2.001577e+02
2.001558e+02 2.001555e+02
2.001536e+02 2.001533e+02
2.001521e+02 2.001519e+02
2.001498e+02 2.001495e+02
2.001476e+02 2.001473e+02
2.001460e+02 2.001457e+02
2.001439e+02 2.001436e+02
2.001419e+02 2.001417e+02
2.001399e+02 2.001396e+02
2.001375e+02 2.001370e+02
2.001356e+02 2.001353e+02
2.001335e+02 2.001333e+02
2.001316e+02 2.001314e+02
2.001302e+02 2.001300e+02
2.001283e+02 2.001279e+02
2.001264e+02 2.001262e+02
2.001246e+02 2.001242e+02
2.001230e+02 2.001228e+02
2.001217e+02 2.001215e+02
2.001205e+02 2.001204e+02
2.001195e+02 2.001192e+02
2.001181e+02 2.001179e+02
2.001169e+02 2.001167e+02
2.001160e+02 2.001157e+02
2.001146e+02 2.001144e+02
2.001131e+02 2.001129e+02
2.001115e+02 2.001112e+02
2.001094e+02 2.001090e+02
2.001078e+02 2.001075e+02
2.001060e+02 2.001059e+02
2.001046e+02 2.001045e+02
2.001038e+02 2.001037e+02
2.001029e+02 2.001027e+02
2.001021e+02 2.001019e+02
2.001015e+02 2.001014e+02
2.001010e+02 2.001009e+02
2.001006e+02 2.001005e+02
2.000999e+02 2.000998e+02
2.000994e+02 2.000992e+02
2.000989e+02 2.000988e+02
2.000985e+02 2.000984e+02
2.000981e+02 2.000980e+02
2.000977e+02 2.000977e+02
2.000976e+02 2.000975e+02
2.000975e+02 2.000974e+02
2.000973e+02 2.000973e+02
2.000971e+02 2.000971e+02
2.000969e+02 2.000968e+02
2.000966e+02 2.000966e+02
2.000963e+02 2.000962e+02
2.000957e+02 2.000956e+02
2.000953e+02 2.000953e+02
2.000950e+02 2.000949e+02
2.000946e+02 2.000946e+02
2.000944e+02 2.000944e+02
2.000943e+02 2.000942e+02
2.000941e+02 2.000941e+02
2.000940e+02 2.000939e+02
2.000938e+02 2.000938e+02
2.000937e+02 2.000937e+02
2.000935e+02 2.000935e+02
2.000934e+02 2.000933e+02
2.000931e+02 2.000931e+02
2.000929e+02 2.000929e+02
2.000925e+02 2.000925e+02
2.000922e+02 2.000922e+02
2.000920e+02 2.000919e+02
2.000918e+02 2.000917e+02
2.000915e+02 2.000914e+02
2.000913e+02 2.000913e+02
2.000911e+02 2.000911e+02
2.000909e+02 2.000909e+02
2.000908e+02 2.000908e+02
2.000907e+02 2.000907e+02
2.000906e+02 2.000906e+02
2.000906e+02 2.000906e+02
2.000905e+02 2.000905e+02
2.000904e+02 2.000904e+02
3.871781e+03 1.399491e+03
3.441639e+02 2.441055e+02
2.161394e+02 2.064289e+02
2.031971e+02 2.026389e+02
2.017100e+02 2.015468e+02
2.011017e+02 2.010387e+02
2.007972e+02 2.007680e+02
2.006379e+02 2.006132e+02
2.004923e+02 2.004800e+02
2.004038e+02 2.003935e+02
2.003441e+02 2.003288e+02
2.002827e+02 2.002772e+02
2.002471e+02 2.002434e+02
2.002227e+02 2.002194e+02
2.001933e+02 2.001899e+02
2.001800e+02 2.001790e+02
2.001722e+02 2.001714e+02
2.001652e+02 2.001643e+02
2.001617e+02 2.001612e+02
2.001554e+02 2.001544e+02
2.001503e+02 2.001497e+02
2.001466e+02 2.001461e+02
2.001440e+02 2.001435e+02
2.001400e+02 2.001392e+02
2.001356e+02 2.001352e+02
2.001329e+02 2.001323e+02
2.001289e+02 2.001282e+02
2.001262e+02 2.001257e+02
2.001236e+02 2.001232e+02
2.001217e+02 2.001214e+02
2.001194e+02 2.001191e+02
2.001174e+02 2.001171e+02
2.001153e+02 2.001150e+02
2.001138e+02 2.001136e+02
2.001127e+02 2.001125e+02
2.001116e+02 2.001115e+02
2.001104e+02 2.001102e+02
2.001093e+02 2.001091e+02
2.001084e+02 2.001082e+02
2.001075e+02 2.001074e+02
2.001061e+02 2.001058e+02
2.001049e+02 2.001047e+02
2.001037e+02 2.001034e+02
2.001027e+02 2.001026e+02
2.001020e+02 2.001018e+02
2.001012e+02 2.001011e+02
2.001006e+02 2.001005e+02
2.000998e+02 2.000996e+02
2.000984e+02 2.000982e+02
2.000971e+02 2.000969e+02
2.000957e+02 2.000954e+02
2.000942e+02 2.000939e+02
2.000934e+02 2.000932e+02
2.000921e+02 2.000919e+02
2.000912e+02 2.000910e+02
2.000903e+02 2.000901e+02
2.000896e+02 2.000895e+02
2.000890e+02 2.000889e+02
2.000883e+02 2.000883e+02
2.000875e+02 2.000873e+02
2.000865e+02 2.000863e+02
2.000856e+02 2.000855e+02
2.000850e+02 2.000849e+02
2.000844e+02 2.000843e+02
2.000837e+02 2.000836e+02
2.000829e+02 2.000827e+02
2.000821e+02 2.000820e+02
2.000814e+02 2.000813e+02
2.000808e+02 2.000807e+02
2.000805e+02 2.000804e+02
2.000800e+02 2.000799e+02
2.000794e+02 2.000793e+02
2.000790e+02 2.000789e+02
2.000785e+02 2.000784e+02
2.000781e+02 2.000781e+02
2.000779e+02 2.000778e+02
2.000776e+02 2.000775e+02
2.000773e+02 2.000773e+02
2.000771e+02 2.000771e+02
2.000769e+02 2.000769e+02
2.000766e+02 2.000765e+02
2.000762e+02 2.000761e+02
2.000758e+02 2.000757e+02
2.000755e+02 2.000755e+02
2.000751e+02 2.000751e+02
2.000749e+02 2.000748e+02
2.000746e+02 2.000745e+02
2.000741e+02 2.000740e+02
2.000737e+02 2.000737e+02
2.000733e+02 2.000732e+02
2.000727e+02 2.000726e+02
2.000720e+02 2.000719e+02
2.000714e+02 2.000713e+02
2.000708e+02 2.000707e+02
2.000702e+02 2.000701e+02
2.000695e+02 2.000693e+02
2.000688e+02 2.000687e+02
2.000682e+02 2.000680e+02
2.000677e+02 2.000676e+02
2.000670e+02 2.000669e+02
2.000659e+02 2.000657e+02
3.626404e+03 1.559534e+03
4.792533e+02 3.031568e+02
2.496618e+02 2.091542e+02
2.374048e+02 2.025325e+02
2.356112e+02 2.013043e+02
2.008108e+02 2.007481e+02
2.005583e+02 2.005339e+02
2.004284e+02 2.004151e+02
2.003668e+02 2.003595e+02
2.003247e+02 2.003183e+02
2.002828e+02 2.002767e+02
2.002495e+02 2.002451e+02
2.002160e+02 2.002110e+02
2.001918e+02 2.001898e+02
2.001818e+02 2.001794e+02
2.001656e+02 2.001633e+02
2.001503e+02 2.001481e+02
2.001412e+02 2.001399e+02
2.001315e+02 2.001303e+02
2.001242e+02 2.001232e+02
2.001182e+02 2.001177e+02
2.001158e+02 2.001153e+02
2.001135e+02 2.001130e+02
2.001100e+02 2.001095e+02
2.001073e+02 2.001070e+02
2.001057e+02 2.001055e+02
2.001044e+02 2.001042e+02
2.001029e+02 2.001027e+02
2.001017e+02 2.001015e+02
2.001006e+02 2.001004e+02
2.000997e+02 2.000997e+02
2.000989e+02 2.000987e+02
2.000976e+02 2.000973e+02
2.000963e+02 2.000962e+02
2.000952e+02 2.000950e+02
2.000944e+02 2.000943e+02
2.000936e+02 2.000935e+02
2.000929e+02 2.000929e+02
2.000922e+02 2.000921e+02
2.000914e+02 2.000913e+02
2.000906e+02 2.000905e+02
2.000899e+02 2.000898e+02
2.000894e+02 2.000894e+02
2.000891e+02 2.000890e+02
2.000887e+02 2.000886e+02
2.000882e+02 2.000881e+02
2.000878e+02 2.000878e+02
2.000874e+02 2.000873e+02
2.000869e+02 2.000868e+02
2.000864e+02 2.000862e+02
2.000859e+02 2.000858e+02
2.000853e+02 2.000852e+02
2.000845e+02 2.000844e+02
2.000838e+02 2.000837e+02
2.000832e+02 2.000831e+02
2.000827e+02 2.000826e+02
2.000824e+02 2.000823e+02
2.000820e+02 2.000819e+02
2.000818e+02 2.000817e+02
2.000816e+02 2.000815e+02
2.000813e+02 2.000813e+02
2.000811e+02 2.000810e+02
2.000808e+02 2.000808e+02
2.000807e+02 2.000806e+02
2.000805e+02 2.000805e+02
2.000804e+02 2.000803e+02
2.000801e+02 2.000801e+02
2.000799e+02 2.000799e+02
2.000798e+02 2.000798e+02
2.000796e+02 2.000796e+02
2.000795e+02 2.000794e+02
2.000793e+02 2.000793e+02
2.000792e+02 2.000791e+02
2.000789e+02 2.000788e+02
2.000786e+02 2.000785e+02
2.000783e+02 2.000783e+02
2.000781e+02 2.000781e+02
2.000779e+02 2.000778e+02
2.000778e+02 2.000778e+02
2.000776e+02 2.000776e+02
2.000774e+02 2.000774e+02
2.000773e+02 2.000773e+02
2.000772e+02 2.000772e+02
2.000770e+02 2.000770e+02
2.000768e+02 2.000768e+02
2.000766e+02 2.000766e+02
2.000765e+02 2.000764e+02
2.000763e+02 2.000763e+02
2.000763e+02 2.000762e+02
2.000762e+02 2.000762e+02
2.000761e+02 2.000761e+02
2.000760e+02 2.000759e+02
2.000759e+02 2.000758e+02
2.000757e+02 2.000756e+02
2.000755e+02 2.000755e+02
2.000754e+02 2.000754e+02
2.000752e+02 2.000752e+02
2.000751e+02 2.000751e+02
2.000751e+02 2.000751e+02
2.000750e+02 2.000749e+02
2.000748e+02 2.000748e+02
3.914451e+03 1.464598e+03
3.741204e+02 2.474890e+02
2.117881e+02 2.065039e+02
2.031841e+02 2.027213e+02
2.018934e+02 2.016964e+02
2.013197e+02 2.012403e+02
2.008763e+02 2.008209e+02
2.005614e+02 2.005293e+02
2.003658e+02 2.003512e+02
2.003078e+02 2.003034e+02
2.002709e+02 2.002662e+02
2.002429e+02 2.002399e+02
2.002229e+02 2.002202e+02
2.002076e+02 2.002052e+02
2.001973e+02 2.001961e+02
2.001883e+02 2.001869e+02
2.001799e+02 2.001787e+02
2.001749e+02 2.001741e+02
2.001691e+02 2.001678e+02
2.001601e+02 2.001591e+02
2.001549e+02 2.001543e+02
2.001502e+02 2.001493e+02
2.001450e+02 2.001444e+02
2.001421e+02 2.001417e+02
2.001403e+02 2.001399e+02
2.001367e+02 2.001362e+02
2.001332e+02 2.001326e+02
2.001300e+02 2.001296e+02
2.001276e+02 2.001272e+02
2.001259e+02 2.001257e+02
2.001244e+02 2.001240e+02
2.001223e+02 2.001219e+02
2.001202e+02 2.001198e+02
2.001178e+02 2.001174e+02
2.001153e+02 2.001146e+02
2.001124e+02 2.001119e+02
2.001099e+02 2.001095e+02
2.001080e+02 2.001077e+02
2.001062e+02 2.001059e+02
2.001040e+02 2.001036e+02
2.001014e+02 2.001011e+02
2.000997e+02 2.000995e+02
2.000982e+02 2.000979e+02
2.000967e+02 2.000965e+02
2.000955e+02 2.000953e+02
2.000941e+02 2.000939e+02
2.000930e+02 2.000927e+02
2.000919e+02 2.000917e+02
2.000908e+02 2.000907e+02
2.000898e+02 2.000896e+02
2.000890e+02 2.000890e+02
2.000883e+02 2.000882e+02
2.000879e+02 2.000878e+02
2.000874e+02 2.000873e+02
2.000868e+02 2.000868e+02
2.000863e+02 2.000862e+02
2.000857e+02 2.000856e+02
2.000853e+02 2.000852e+02
2.000849e+02 2.000848e+02
2.000845e+02 2.000845e+02
2.000844e+02 2.000843e+02
2.000842e+02 2.000841e+02
2.000840e+02 2.000839e+02
2.000836e+02 2.000836e+02
2.000833e+02 2.000832e+02
2.000830e+02 2.000829e+02
2.000827e+02 2.000826e+02
2.000824e+02 2.000824e+02
2.000822e+02 2.000822e+02
2.000819e+02 2.000819e+02
2.000816e+02 2.000816e+02
2.000812e+02 2.000811e+02
2.000807e+02 2.000806e+02
2.000804e+02 2.000804e+02
2.000802e+02 2.000802e+02
2.000800e+02 2.000800e+02
2.000799e+02 2.000798e+02
2.000797e+02 2.000796e+02
2.000795e+02 2.000794e+02
2.000792e+02 2.000792e+02
2.000790e+02 2.000790e+02
2.000788e+02 2.000788e+02
2.000787e+02 2.000787e+02
2.000786e+02 2.000786e+02
2.000784e+02 2.000784e+02
2.000782e+02 2.000781e+02
2.000780e+02 2.000779e+02
2.000777e+02 2.000777e+02
2.000776e+02 2.000775e+02
2.000774e+02 2.000774e+02
2.000772e+02 2.000772e+02
2.000770e+02 2.000770e+02
2.000769e+02 2.000768e+02
2.000767e+02 2.000767e+02
2.000766e+02 2.000766e+02
2.000765e+02 2.000764e+02
2.000764e+02 2.000763e+02
2.000763e+02 2.000762e+02
2.000761e+02 2.000760e+02
2.000758e+02 2.000757e+02
2.000755e+02 2.000754e+02
3.603319e+03 1.478075e+03
1.251249e+02 1.103227e+02
1.052047e+02 1.045719e+02
1.015284e+02 1.008928e+02
1.012060e+02 1.007142e+02
1.010864e+02 1.006693e+02
1.010282e+02 1.005144e+02
1.009656e+02 1.005144e+02
1.008833e+02 1.005144e+02
1.008379e+02 1.005144e+02
1.007972e+02 1.004332e+02
1.007719e+02 1.004332e+02
1.007570e+02 1.004332e+02
1.007443e+02 1.004332e+02
1.007346e+02 1.004332e+02
1.007227e+02 1.004332e+02
1.007073e+02 1.004332e+02
1.006957e+02 1.004332e+02
1.006886e+02 1.004332e+02
1.006827e+02 1.004332e+02
1.006766e+02 1.004332e+02
1.006706e+02 1.004332e+02
1.006634e+02 1.004332e+02
1.006597e+02 1.004332e+02
1.006548e+02 1.004332e+02
1.006533e+02 1.004332e+02
1.006507e+02 1.004332e+02
1.006479e+02 1.004332e+02
1.006442e+02 1.004332e+02
1.006408e+02 1.004332e+02
1.006385e+02 1.004332e+02
1.006344e+02 1.004332e+02
1.006307e+02 1.004332e+02
1.006273e+02 1.004332e+02
1.006263e+02 1.004332e+02
1.006254e+02 1.004332e+02
1.006231e+02 1.004332e+02
1.006211e+02 1.004332e+02
1.006199e+02 1.004332e+02
1.006183e+02 1.004332e+02
1.006170e+02 1.004332e+02
1.006159e+02 1.004332e+02
1.006152e+02 1.004332e+02
1.006152e+02 1.004332e+02
1.006149e+02 1.004332e+02
1.006130e+02 1.004332e+02
1.006123e+02 1.004332e+02
1.006114e+02 1.004332e+02
1.006102e+02 1.004332e+02
1.006090e+02 1.004332e+02
1.006085e+02 1.004332e+02
1.006079e+02 1.004332e+02
1.006075e+02 1.004332e+02
1.006067e+02 1.004332e+02
1.006058e+02 1.004332e+02
1.006056e+02 1.004332e+02
1.006051e+02 1.004332e+02
1.006045e+02 1.004332e+02
1.006041e+02 1.004332e+02
1.006038e+02 1.004332e+02
1.006032e+02 1.004332e+02
1.006031e+02 1.004332e+02
1.006027e+02 1.004332e+02
1.006010e+02 1.004125e+02
1.006003e+02 1.004125e+02
1.005998e+02 1.004125e+02
1.005997e+02 1.004125e+02
1.005990e+02 1.004125e+02
1.005990e+02 1.004125e+02
1.005983e+02 1.004125e+02
1.005979e+02 1.004125e+02
1.005972e+02 1.004125e+02
1.005971e+02 1.004125e+02
1.005963e+02 1.004125e+02
1.005959e+02 1.003843e+02
1.005955e+02 1.003843e+02
1.005954e+02 1.003843e+02
1.005948e+02 1.003843e+02
1.005945e+02 1.003843e+02
1.005942e+02 1.003843e+02
1.005936e+02 1.003843e+02
1.005935e+02 1.003843e+02
1.005929e+02 1.003843e+02
1.005927e+02 1.003843e+02
1.005923e+02 1.003843e+02
1.005918e+02 1.003843e+02
1.005914e+02 1.003843e+02
1.005912e+02 1.003843e+02
1.005906e+02 1.003843e+02
1.005901e+02 1.003843e+02
1.005866e+02 1.003653e+02
1.005863e+02 1.003653e+02
1.005857e+02 1.003653e+02
1.005856e+02 1.003653e+02
1.005851e+02 1.003653e+02
1.005841e+02 1.003653e+02
1.005838e+02 1.003653e+02
1.005836e+02 1.003653e+02
1.005834e+02 1.003653e+02
1.005834e+02 1.003653e+02
1.005831e+02 1.003653e+02
3.833376e+03 1.208545e+03
1.289813e+02 1.089685e+02
1.041787e+02 1.033960e+02
1.013289e+02 1.008098e+02
1.011460e+02 1.007399e+02
1.010701e+02 1.006643e+02
1.010007e+02 1.006057e+02
1.009436e+02 1.005882e+02
1.008787e+02 1.005707e+02
1.008278e+02 1.005537e+02
1.008032e+02 1.005537e+02
1.007845e+02 1.005537e+02
1.007660e+02 1.005537e+02
1.007518e+02 1.005537e+02
1.007383e+02 1.005198e+02
1.007289e+02 1.005198e+02
1.007173e+02 1.005198e+02
1.007125e+02 1.005198e+02
1.007055e+02 1.005198e+02
1.006950e+02 1.005198e+02
1.006867e+02 1.005117e+02
1.006790e+02 1.005026e+02
1.006724e+02 1.005026e+02
1.006663e+02 1.005026e+02
1.006615e+02 1.005026e+02
1.006575e+02 1.005026e+02
1.006470e+02 1.004386e+02
1.006431e+02 1.004386e+02
1.006401e+02 1.004386e+02
1.006367e+02 1.004386e+02
1.006318e+02 1.004298e+02
1.006286e+02 1.004298e+02
1.006270e+02 1.004298e+02
1.006245e+02 1.004279e+02
1.006228e+02 1.004279e+02
1.006211e+02 1.004279e+02
1.006199e+02 1.004279e+02
1.006186e+02 1.004279e+02
1.006168e+02 1.004279e+02
1.006155e+02 1.004279e+02
1.006124e+02 1.004138e+02
1.006118e+02 1.004138e+02
1.006093e+02 1.004138e+02
1.006080e+02 1.004138e+02
1.006062e+02 1.004138e+02
1.006050e+02 1.004138e+02
1.006041e+02 1.004138e+02
1.006034e+02 1.004138e+02
1.006031e+02 1.004138e+02
1.006025e+02 1.004138e+02
1.006019e+02 1.004138e+02
1.006013e+02 1.004138e+02
1.006006e+02 1.004138e+02
1.006001e+02 1.004138e+02
1.005998e+02 1.004138e+02
1.005990e+02 1.004138e+02
1.005985e+02 1.004138e+02
1.005976e+02 1.004138e+02
1.005950e+02 1.004119e+02
1.005941e+02 1.004119e+02
1.005935e+02 1.004119e+02
1.005932e+02 1.004119e+02
1.005923e+02 1.004119e+02
1.005921e+02 1.004119e+02
1.005919e+02 1.004119e+02
1.005918e+02 1.004119e+02
1.005915e+02 1.004119e+02
1.005909e+02 1.004112e+02
1.005893e+02 1.004089e+02
1.005889e+02 1.004089e+02
1.005887e+02 1.004089e+02
1.005884e+02 1.004089e+02
1.005881e+02 1.004089e+02
1.005875e+02 1.004089e+02
1.005872e+02 1.004089e+02
1.005868e+02 1.004089e+02
1.005866e+02 1.004089e+02
1.005866e+02 1.004089e+02
1.005861e+02 1.004089e+02
1.005860e+02 1.004089e+02
1.005848e+02 1.004089e+02
1.005841e+02 1.004089e+02
1.005841e+02 1.004089e+02
1.005837e+02 1.004089e+02
1.005834e+02 1.004089e+02
1.005831e+02 1.004089e+02
1.005829e+02 1.004089e+02
1.005828e+02 1.004089e+02
1.005825e+02 1.004089e+02
1.005823e+02 1.004089e+02
1.005822e+02 1.004089e+02
1.005803e+02 1.003923e+02
1.005799e+02 1.003923e+02
1.005797e+02 1.003923e+02
1.005791e+02 1.003923e+02
1.005786e+02 1.003923e+02
1.005781e+02 1.003923e+02
1.005775e+02 1.003923e+02
1.005773e+02 1.003923e+02
1.005773e+02 1.003923e+02
1.005767e+02 1.003923e+02
3.691397e+03 1.279710e+03
1.344653e+02 1.111130e+02
1.046801e+02 1.038269e+02
1.014003e+02 1.007075e+02
1.011638e+02 1.006052e+02
1.010669e+02 1.006052e+02
1.010135e+02 1.006052e+02
1.009310e+02 1.006052e+02
1.008817e+02 1.006052e+02
1.008544e+02 1.005805e+02
1.008398e+02 1.005805e+02
1.008305e+02 1.005763e+02
1.008195e+02 1.005293e+02
1.008060e+02 1.005293e+02
1.007974e+02 1.005293e+02
1.007890e+02 1.005293e+02
1.007810e+02 1.005293e+02
1.007770e+02 1.005293e+02
1.007716e+02 1.005293e+02
1.007678e+02 1.005293e+02
1.007636e+02 1.005293e+02
1.007580e+02 1.005293e+02
1.007551e+02 1.005293e+02
1.007520e+02 1.005293e+02
1.007497e+02 1.004890e+02
1.007456e+02 1.004890e+02
1.007430e+02 1.004890e+02
1.007414e+02 1.004890e+02
1.007376e+02 1.004890e+02
1.007362e+02 1.004890e+02
1.007349e+02 1.004890e+02
1.007333e+02 1.004890e+02
1.007300e+02 1.004890e+02
1.007285e+02 1.004890e+02
1.007250e+02 1.004890e+02
1.007235e+02 1.004890e+02
1.007194e+02 1.004890e+02
1.007123e+02 1.004890e+02
1.007043e+02 1.004890e+02
1.006992e+02 1.004890e+02
1.006933e+02 1.004890e+02
1.006887e+02 1.004890e+02
1.006831e+02 1.004890e+02
1.006653e+02 1.004694e+02
1.006625e+02 1.004694e+02
1.006602e+02 1.004694e+02
1.006569e+02 1.004694e+02
1.006536e+02 1.004694e+02
1.006519e+02 1.004694e+02
1.006494e+02 1.004694e+02
1.006472e+02 1.004694e+02
1.006463e+02 1.004694e+02
1.006436e+02 1.004694e+02
1.006430e+02 1.004694e+02
1.006407e+02 1.004694e+02
1.006399e+02 1.004694e+02
1.006378e+02 1.004694e+02
1.006356e+02 1.004694e+02
1.006349e+02 1.004694e+02
1.006339e+02 1.004694e+02
1.006326e+02 1.004694e+02
1.006326e+02 1.004694e+02
1.006323e+02 1.004694e+02
1.006318e+02 1.004694e+02
1.006308e+02 1.004694e+02
1.006300e+02 1.004694e+02
1.006297e+02 1.004694e+02
1.006295e+02 1.004694e+02
1.006292e+02 1.004694e+02
1.006289e+02 1.004694e+02
1.006281e+02 1.004694e+02
1.006278e+02 1.004694e+02
1.006274e+02 1.004694e+02
1.006268e+02 1.004694e+02
1.006263e+02 1.004694e+02
1.006258e+02 1.004694e+02
1.006256e+02 1.004694e+02
1.006252e+02 1.004694e+02
1.006247e+02 1.004694e+02
1.006243e+02 1.004694e+02
1.006233e+02 1.004694e+02
1.006214e+02 1.004607e+02
1.006207e+02 1.004607e+02
1.006201e+02 1.004607e+02
1.006198e+02 1.004607e+02
1.006193e+02 1.004607e+02
1.006187e+02 1.004607e+02
1.006183e+02 1.004607e+02
1.006176e+02 1.004607e+02
1.006172e+02 1.004607e+02
1.006171e+02 1.004607e+02
1.006169e+02 1.004607e+02
1.006163e+02 1.004607e+02
1.006159e+02 1.004607e+02
1.006159e+02 1.004607e+02
1.006153e+02 1.004607e+02
1.006153e+02 1.004607e+02
1.006150e+02 1.004607e+02
1.006149e+02 1.004607e+02
1.006142e+02 1.004607e+02
1.006141e+02 1.004607e+02
3.793572e+03 1.276738e+03
3.975484e+02 2.372501e+02
2.091708e+02 2.060281e+02
2.027898e+02 2.021481e+02
2.013956e+02 2.012489e+02
2.009997e+02 2.009175e+02
2.007002e+02 2.006544e+02
2.004944e+02 2.004784e+02
2.003993e+02 2.003910e+02
2.003460e+02 2.003402e+02
2.003032e+02 2.002963e+02
2.002680e+02 2.002636e+02
2.002380e+02 2.002335e+02
2.002131e+02 2.002099e+02
2.001925e+02 2.001899e+02
2.001743e+02 2.001720e+02
2.001575e+02 2.001557e+02
2.001474e+02 2.001460e+02
2.001393e+02 2.001384e+02
2.001360e+02 2.001355e+02
2.001326e+02 2.001320e+02
2.001290e+02 2.001283e+02
2.001244e+02 2.001236e+02
2.001187e+02 2.001179e+02
2.001143e+02 2.001138e+02
2.001106e+02 2.001101e+02
2.001083e+02 2.001081e+02
2.001070e+02 2.001068e+02
2.001058e+02 2.001056e+02
2.001047e+02 2.001044e+02
2.001033e+02 2.001031e+02
2.001024e+02 2.001022e+02
2.001011e+02 2.001008e+02
2.000992e+02 2.000989e+02
2.000968e+02 2.000964e+02
2.000951e+02 2.000949e+02
2.000934e+02 2.000931e+02
2.000923e+02 2.000921e+02
2.000908e+02 2.000906e+02
2.000897e+02 2.000896e+02
2.000889e+02 2.000888e+02
2.000881e+02 2.000879e+02
2.000870e+02 2.000868e+02
2.000858e+02 2.000857e+02
2.000852e+02 2.000851e+02
2.000845e+02 2.000844e+02
2.000841e+02 2.000840e+02
2.000837e+02 2.000836e+02
2.000832e+02 2.000831e+02
2.000828e+02 2.000828e+02
2.000824e+02 2.000824e+02
2.000821e+02 2.000821e+02
2.000818e+02 2.000818e+02
2.000815e+02 2.000815e+02
2.000811e+02 2.000811e+02
2.000808e+02 2.000807e+02
2.000806e+02 2.000806e+02
2.000803e+02 2.000803e+02
2.000801e+02 2.000801e+02
2.000798e+02 2.000797e+02
2.000795e+02 2.000795e+02
2.000793e+02 2.000793e+02
2.000791e+02 2.000790e+02
2.000788e+02 2.000787e+02
2.000785e+02 2.000785e+02
2.000783e+02 2.000783e+02
2.000781e+02 2.000781e+02
2.000779e+02 2.000778e+02
2.000777e+02 2.000777e+02
2.000775e+02 2.000774e+02
2.000773e+02 2.000772e+02
2.000771e+02 2.000771e+02
2.000769e+02 2.000768e+02
2.000767e+02 2.000767e+02
2.000765e+02 2.000765e+02
2.000763e+02 2.000763e+02
2.000761e+02 2.000761e+02
2.000759e+02 2.000759e+02
2.000758e+02 2.000757e+02
2.000756e+02 2.000756e+02
2.000754e+02 2.000754e+02
2.000752e+02 2.000752e+02
2.000750e+02 2.000750e+02
2.000748e+02 2.000748e+02
2.000745e+02 2.000745e+02
2.000741e+02 2.000741e+02
2.000737e+02 2.000736e+02
2.000733e+02 2.000732e+02
2.000729e+02 2.000728e+02
2.000722e+02 2.000720e+02
2.000713e+02 2.000711e+02
2.000702e+02 2.000700e+02
2.000694e+02 2.000693e+02
2.000688e+02 2.000687e+02
2.000682e+02 2.000681e+02
2.000676e+02 2.000675e+02
2.000669e+02 2.000668e+02
2.000664e+02 2.000663e+02
2.000659e+02 2.000658e+02
2.000653e+02 2.000653e+02
2.000648e+02 2.000647e+02
3.886595e+03 1.480377e+03
3.075617e+02 1.387518e+02
1.255463e+02 1.145241e+02
1.068168e+02 1.058197e+02
1.017836e+02 1.009374e+02
1.014082e+02 1.008689e+02
1.012856e+02 1.007763e+02
1.012337e+02 1.007763e+02
1.011594e+02 1.007601e+02
1.010901e+02 1.007601e+02
1.010443e+02 1.006887e+02
1.010146e+02 1.006887e+02
1.009991e+02 1.006887e+02
1.009809e+02 1.006887e+02
1.009652e+02 1.006887e+02
1.009524e+02 1.006887e+02
1.009414e+02 1.006887e+02
1.009339e+02 1.006887e+02
1.009248e+02 1.006887e+02
1.009131e+02 1.006887e+02
1.009053e+02 1.006887e+02
1.008972e+02 1.006887e+02
1.008901e+02 1.006887e+02
1.008846e+02 1.006887e+02
1.008800e+02 1.006887e+02
1.008752e+02 1.006887e+02
1.008707e+02 1.006479e+02
1.008657e+02 1.006479e+02
1.008608e+02 1.006479e+02
1.008570e+02 1.006479e+02
1.008535e+02 1.006479e+02
1.008519e+02 1.006479e+02
1.008497e+02 1.006479e+02
1.008465e+02 1.006416e+02
1.008440e+02 1.006416e+02
1.008428e+02 1.006416e+02
1.008423e+02 1.006416e+02
1.008405e+02 1.006416e+02
1.008394e+02 1.006416e+02
1.008386e+02 1.006288e+02
1.008371e+02 1.006288e+02
1.008356e+02 1.006288e+02
1.008334e+02 1.006288e+02
1.008330e+02 1.006288e+02
1.008323e+02 1.006288e+02
1.008316e+02 1.006288e+02
1.008306e+02 1.006288e+02
1.008297e+02 1.006288e+02
1.008286e+02 1.006288e+02
1.008280e+02 1.006288e+02
1.008272e+02 1.006288e+02
1.008268e+02 1.006288e+02
1.008265e+02 1.006288e+02
1.008257e+02 1.006288e+02
1.008250e+02 1.006288e+02
1.008243e+02 1.006288e+02
1.008239e+02 1.006288e+02
1.008230e+02 1.006288e+02
1.008225e+02 1.006288e+02
1.008217e+02 1.006288e+02
1.008211e+02 1.006288e+02
1.008207e+02 1.006288e+02
1.008205e+02 1.006288e+02
1.008203e+02 1.006288e+02
1.008203e+02 1.006288e+02
1.008197e+02 1.006288e+02
1.008196e+02 1.006288e+02
1.008192e+02 1.006288e+02
1.008186e+02 1.006288e+02
1.008180e+02 1.006288e+02
1.008178e+02 1.006288e+02
1.008173e+02 1.006288e+02
1.008167e+02 1.006288e+02
1.008163e+02 1.006288e+02
1.008163e+02 1.006288e+02
1.008153e+02 1.006288e+02
1.008148e+02 1.006288e+02
1.008142e+02 1.006226e+02
1.008125e+02 1.006108e+02
1.008125e+02 1.006108e+02
1.008123e+02 1.006108e+02
1.008120e+02 1.006108e+02
1.008117e+02 1.006108e+02
1.008114e+02 1.006108e+02
1.008111e+02 1.006108e+02
1.008111e+02 1.006108e+02
1.008109e+02 1.006108e+02
1.008106e+02 1.006108e+02
1.008104e+02 1.006108e+02
1.008101e+02 1.006108e+02
1.008098e+02 1.006108e+02
1.008097e+02 1.006108e+02
1.008093e+02 1.006108e+02
1.008087e+02 1.006108e+02
1.008085e+02 1.006108e+02
1.008079e+02 1.006108e+02
1.008077e+02 1.006108e+02
1.008076e+02 1.006108e+02
1.008071e+02 1.006108e+02
1.008067e+02 1.006108e+02
1.008065e+02 1.006108e+02
4.075146e+03 1.560408e+03
3.264491e+02 1.381333e+02
1.247464e+02 1.143081e+02
1.066743e+02 1.058611e+02
1.020666e+02 1.007997e+02
1.011437e+02 1.005808e+02
1.010309e+02 1.004833e+02
1.009645e+02 1.004833e+02
1.009040e+02 1.004833e+02
1.008082e+02 1.004833e+02
1.007425e+02 1.004558e+02
1.007159e+02 1.003819e+02
1.006967e+02 1.003819e+02
1.006834e+02 1.003819e+02
1.006689e+02 1.003819e+02
1.006537e+02 1.003819e+02
1.006401e+02 1.003819e+02
1.006289e+02 1.003819e+02
1.006198e+02 1.003819e+02
1.006122e+02 1.003819e+02
1.006033e+02 1.003819e+02
1.005967e+02 1.003819e+02
1.005902e+02 1.003819e+02
1.005853e+02 1.003819e+02
1.005813e+02 1.003819e+02
1.005734e+02 1.003819e+02
1.005725e+02 1.003819e+02
1.005682e+02 1.003819e+02
1.005656e+02 1.003819e+02
1.005613e+02 1.003819e+02
1.005567e+02 1.003819e+02
1.005550e+02 1.003819e+02
1.005531e+02 1.003819e+02
1.005506e+02 1.003819e+02
1.005504e+02 1.003819e+02
1.005495e+02 1.003819e+02
1.005487e+02 1.003819e+02
1.005477e+02 1.003784e+02
1.005453e+02 1.003784e+02
1.005437e+02 1.003784e+02
1.005414e+02 1.003784e+02
1.005393e+02 1.003784e+02
1.005384e+02 1.003784e+02
1.005375e+02 1.003784e+02
1.005350e+02 1.003784e+02
1.005341e+02 1.003784e+02
1.005338e+02 1.003784e+02
1.005323e+02 1.003784e+02
1.005314e+02 1.003784e+02
1.005307e+02 1.003784e+02
1.005295e+02 1.003784e+02
1.005288e+02 1.003784e+02
1.005284e+02 1.003784e+02
1.005279e+02 1.003784e+02
1.005273e+02 1.003784e+02
1.005263e+02 1.003784e+02
1.005257e+02 1.003784e+02
1.005251e+02 1.003784e+02
1.005246e+02 1.003784e+02
1.005240e+02 1.003784e+02
1.005227e+02 1.003784e+02
1.005223e+02 1.003784e+02
1.005215e+02 1.003784e+02
1.005213e+02 1.003784e+02
1.005213e+02 1.003784e+02
1.005212e+02 1.003784e+02
1.005209e+02 1.003784e+02
1.005208e+02 1.003784e+02
1.005206e+02 1.003784e+02
1.005202e+02 1.003784e+02
1.005197e+02 1.003784e+02
1.005192e+02 1.003784e+02
1.005185e+02 1.003784e+02
1.005179e+02 1.003784e+02
1.005177e+02 1.003784e+02
1.005171e+02 1.003784e+02
1.005167e+02 1.003784e+02
1.005163e+02 1.003784e+02
1.005160e+02 1.003784e+02
1.005155e+02 1.003784e+02
1.005154e+02 1.003784e+02
1.005151e+02 1.003784e+02
1.005146e+02 1.003765e+02
1.005139e+02 1.003765e+02
1.005137e+02 1.003765e+02
1.005129e+02 1.003765e+02
1.005126e+02 1.003765e+02
1.005121e+02 1.003765e+02
1.005117e+02 1.003697e+02
1.005114e+02 1.003697e+02
1.005111e+02 1.003697e+02
1.005111e+02 1.003697e+02
1.005109e+02 1.003697e+02
1.005108e+02 1.003697e+02
1.005105e+02 1.003697e+02
1.005103e+02 1.003697e+02
1.005102e+02 1.003697e+02
1.005098e+02 1.003697e+02
1.005096e+02 1.003697e+02
1.005094e+02 1.003697e+02
1.005092e+02 1.003697e+02
3.892342e+03 1.662929e+03
1.227777e+02 1.092795e+02
1.044980e+02 1.039022e+02
1.013030e+02 1.007282e+02
1.010777e+02 1.005912e+02
1.009923e+02 1.005322e+02
1.009536e+02 1.005322e+02
1.009040e+02 1.005322e+02
1.008260e+02 1.005153e+02
1.007884e+02 1.005153e+02
1.007606e+02 1.005153e+02
1.007392e+02 1.005153e+02
1.007276e+02 1.005093e+02
1.007160e+02 1.005093e+02
1.006988e+02 1.005093e+02
1.006861e+02 1.004941e+02
1.006760e+02 1.004941e+02
1.006660e+02 1.004941e+02
1.006576e+02 1.004941e+02
1.006497e+02 1.004941e+02
1.006426e+02 1.004941e+02
1.006216e+02 1.004489e+02
1.006163e+02 1.004489e+02
1.006111e+02 1.004489e+02
1.006073e+02 1.004489e+02
1.006037e+02 1.004489e+02
1.006009e+02 1.004489e+02
1.005979e+02 1.004489e+02
1.005943e+02 1.004489e+02
1.005916e+02 1.004489e+02
1.005896e+02 1.004489e+02
1.005864e+02 1.004489e+02
1.005839e+02 1.004489e+02
1.005815e+02 1.004489e+02
1.005809e+02 1.004489e+02
1.005788e+02 1.004489e+02
1.005785e+02 1.004489e+02
1.005780e+02 1.004489e+02
1.005773e+02 1.004464e+02
1.005766e+02 1.004464e+02
1.005757e+02 1.004464e+02
1.005751e+02 1.004464e+02
1.005749e+02 1.004464e+02
1.005739e+02 1.004464e+02
1.005733e+02 1.004464e+02
1.005711e+02 1.004417e+02
1.005702e+02 1.004417e+02
1.005694e+02 1.004417e+02
1.005690e+02 1.004417e+02
1.005683e+02 1.004417e+02
1.005676e+02 1.004417e+02
1.005659e+02 1.004417e+02
1.005657e+02 1.004417e+02
1.005653e+02 1.004335e+02
1.005650e+02 1.004335e+02
1.005648e+02 1.004335e+02
1.005646e+02 1.004335e+02
1.005638e+02 1.004335e+02
1.005635e+02 1.004335e+02
1.005627e+02 1.004335e+02
1.005620e+02 1.004335e+02
1.005610e+02 1.004335e+02
1.005605e+02 1.004335e+02
1.005601e+02 1.004335e+02
1.005594e+02 1.004335e+02
1.005588e+02 1.004335e+02
1.005581e+02 1.004296e+02
1.005577e+02 1.004296e+02
1.005569e+02 1.004296e+02
1.005565e+02 1.004296e+02
1.005559e+02 1.004296e+02
1.005556e+02 1.004296e+02
1.005552e+02 1.004296e+02
1.005547e+02 1.004296e+02
1.005542e+02 1.004296e+02
1.005538e+02 1.004296e+02
1.005532e+02 1.004296e+02
1.005527e+02 1.004296e+02
1.005525e+02 1.004296e+02
1.005522e+02 1.004296e+02
1.005516e+02 1.004296e+02
1.005511e+02 1.004296e+02
1.005507e+02 1.004296e+02
1.005501e+02 1.004296e+02
1.005499e+02 1.004296e+02
1.005498e+02 1.004296e+02
1.005496e+02 1.004296e+02
1.005489e+02 1.004296e+02
1.005488e+02 1.004296e+02
1.005484e+02 1.004296e+02
1.005482e+02 1.004296e+02
1.005480e+02 1.004296e+02
1.005474e+02 1.004296e+02
1.005471e+02 1.004296e+02
1.005469e+02 1.004296e+02
1.005469e+02 1.004296e+02
1.005467e+02 1.004296e+02
1.005467e+02 1.004296e+02
1.005465e+02 1.004296e+02
1.005464e+02 1.004296e+02
1.005464e+02 1.004296e+02
3.835140e+03 1.425696e+03
3.619015e+02 2.642774e+02
2.134841e+02 2.074423e+02
2.036306e+02 2.029148e+02
2.019704e+02 2.018212e+02
2.013641e+02 2.012452e+02
2.009159e+02 2.008486e+02
2.006082e+02 2.005697e+02
2.004268e+02 2.004052e+02
2.003407e+02 2.003274e+02
2.002837e+02 2.002762e+02
2.002537e+02 2.002502e+02
2.002330e+02 2.002311e+02
2.002122e+02 2.002085e+02
2.001942e+02 2.001918e+02
2.001818e+02 2.001800e+02
2.001715e+02 2.001700e+02
2.001607e+02 2.001593e+02
2.001524e+02 2.001516e+02
2.001451e+02 2.001439e+02
2.001386e+02 2.001376e+02
2.001322e+02 2.001311e+02
2.001273e+02 2.001264e+02
2.001239e+02 2.001235e+02
2.001203e+02 2.001198e+02
2.001184e+02 2.001181e+02
2.001164e+02 2.001160e+02
2.001144e+02 2.001141e+02
2.001120e+02 2.001117e+02
2.001101e+02 2.001098e+02
2.001091e+02 2.001089e+02
2.001080e+02 2.001078e+02
2.001067e+02 2.001065e+02
2.001055e+02 2.001052e+02
2.001038e+02 2.001036e+02
2.001025e+02 2.001023e+02
2.001007e+02 2.001003e+02
2.000986e+02 2.000982e+02
2.000961e+02 2.000956e+02
2.000935e+02 2.000930e+02
2.000915e+02 2.000913e+02
2.000900e+02 2.000898e+02
2.000886e+02 2.000884e+02
2.000873e+02 2.000871e+02
2.000861e+02 2.000860e+02
2.000851e+02 2.000850e+02
2.000840e+02 2.000839e+02
2.000830e+02 2.000828e+02
2.000819e+02 2.000817e+02
2.000807e+02 2.000805e+02
2.000797e+02 2.000795e+02
2.000784e+02 2.000782e+02
2.000771e+02 2.000769e+02
2.000757e+02 2.000755e+02
2.000745e+02 2.000743e+02
2.000731e+02 2.000730e+02
2.000722e+02 2.000720e+02
2.000709e+02 2.000706e+02
2.000697e+02 2.000694e+02
2.000684e+02 2.000682e+02
2.000672e+02 2.000670e+02
2.000661e+02 2.000659e+02
2.000650e+02 2.000647e+02
2.000625e+02 2.000621e+02
2.000611e+02 2.000608e+02
2.000594e+02 2.000591e+02
2.000562e+02 2.000557e+02
2.000542e+02 2.000539e+02
2.000520e+02 2.000516e+02
2.000498e+02 2.000494e+02
2.000463e+02 2.000455e+02
2.000414e+02 2.000405e+02
2.000376e+02 2.000371e+02
2.000347e+02 2.000341e+02
2.000315e+02 2.000311e+02
2.000289e+02 2.000283e+02
2.000249e+02 2.000242e+02
2.000207e+02 2.000200e+02
2.000170e+02 2.000164e+02
2.000139e+02 2.000135e+02
2.000117e+02 2.000114e+02
2.000095e+02 2.000092e+02
2.000079e+02 2.000077e+02
2.000066e+02 2.000064e+02
2.000053e+02 2.000050e+02
2.000034e+02 2.000031e+02
2.000020e+02 2.000019e+02
2.000012e+02 2.000011e+02
2.000007e+02 2.000006e+02
2.000004e+02 2.000003e+02
2.000002e+02 2.000002e+02
2.000001e+02 2.000001e+02
2.000000e+02 2.000000e+02
2.000000e+02 2.000000e+02
2.000000e+02 2.000000e+02
2.000000e+02 2.000000e+02
2.000000e+02 2.000000e+02
2.000000e+02 2.000000e+02
2.000000e+02 2.000000e+02
2.000000e+02 2.000000e+02
2.000000e+02 2.000000e+02
3.777516e+03 1.695931e+03
3.358823e+02 2.504292e+02
2.098348e+02 2.064201e+02
2.034702e+02 2.026620e+02
2.014401e+02 2.010924e+02
2.006559e+02 2.005716e+02
2.004223e+02 2.004085e+02
2.003132e+02 2.003003e+02
2.002492e+02 2.002452e+02
2.002146e+02 2.002113e+02
2.001900e+02 2.001859e+02
2.001699e+02 2.001677e+02
2.001530e+02 2.001503e+02
2.001393e+02 2.001378e+02
2.001319e+02 2.001311e+02
2.001281e+02 2.001277e+02
2.001249e+02 2.001243e+02
2.001221e+02 2.001218e+02
2.001205e+02 2.001201e+02
2.001181e+02 2.001177e+02
2.001159e+02 2.001155e+02
2.001137e+02 2.001134e+02
2.001114e+02 2.001110e+02
2.001093e+02 2.001089e+02
2.001062e+02 2.001052e+02
2.001023e+02 2.001016e+02
2.000998e+02 2.000995e+02
2.000976e+02 2.000972e+02
2.000954e+02 2.000951e+02
2.000938e+02 2.000936e+02
2.000919e+02 2.000914e+02
2.000906e+02 2.000904e+02
2.000894e+02 2.000892e+02
2.000884e+02 2.000883e+02
2.000877e+02 2.000875e+02
2.000869e+02 2.000868e+02
2.000863e+02 2.000862e+02
2.000855e+02 2.000853e+02
2.000848e+02 2.000847e+02
2.000845e+02 2.000844e+02
2.000841e+02 2.000840e+02
2.000836e+02 2.000835e+02
2.000831e+02 2.000831e+02
2.000827e+02 2.000826e+02
2.000823e+02 2.000823e+02
2.000819e+02 2.000818e+02
2.000814e+02 2.000813e+02
2.000809e+02 2.000808e+02
2.000805e+02 2.000805e+02
2.000802e+02 2.000802e+02
2.000799e+02 2.000799e+02
2.000795e+02 2.000795e+02
2.000792e+02 2.000791e+02
2.000789e+02 2.000788e+02
2.000785e+02 2.000785e+02
2.000781e+02 2.000779e+02
2.000774e+02 2.000773e+02
2.000767e+02 2.000766e+02
2.000762e+02 2.000761e+02
2.000757e+02 2.000756e+02
2.000751e+02 2.000750e+02
2.000742e+02 2.000740e+02
2.000733e+02 2.000732e+02
2.000726e+02 2.000726e+02
2.000719e+02 2.000718e+02
2.000711e+02 2.000710e+02
2.000701e+02 2.000700e+02
2.000694e+02 2.000693e+02
2.000687e+02 2.000686e+02
2.000674e+02 2.000671e+02
2.000663e+02 2.000661e+02
2.000654e+02 2.000652e+02
2.000645e+02 2.000642e+02
2.000632e+02 2.000629e+02
2.000612e+02 2.000609e+02
2.000583e+02 2.000579e+02
2.000563e+02 2.000561e+02
2.000539e+02 2.000534e+02
2.000503e+02 2.000497e+02
2.000462e+02 2.000453e+02
2.000420e+02 2.000412e+02
2.000392e+02 2.000388e+02
2.000361e+02 2.000356e+02
2.000332e+02 2.000327e+02
2.000301e+02 2.000297e+02
2.000278e+02 2.000275e+02
2.000254e+02 2.000251e+02
2.000229e+02 2.000225e+02
2.000203e+02 2.000199e+02
2.000173e+02 2.000170e+02
2.000150e+02 2.000147e+02
2.000131e+02 2.000128e+02
2.000112e+02 2.000108e+02
2.000091e+02 2.000089e+02
2.000074e+02 2.000073e+02
2.000059e+02 2.000058e+02
2.000041e+02 2.000038e+02
2.000028e+02 2.000026e+02
2.000019e+02 2.000018e+02
2.000012e+02 2.000011e+02
2.000007e+02 2.000007e+02
3.909554e+03 1.454051e+03
3.379180e+02 2.539697e+02
2.095776e+02 2.054608e+02
2.041573e+02 2.023250e+02
2.013471e+02 2.011556e+02
2.008236e+02 2.007670e+02
2.005411e+02 2.005020e+02
2.004169e+02 2.004002e+02
2.003394e+02 2.003340e+02
2.002990e+02 2.002928e+02
2.002706e+02 2.002678e+02
2.002493e+02 2.002463e+02
2.002285e+02 2.002246e+02
2.002059e+02 2.002035e+02
2.001942e+02 2.001930e+02
2.001829e+02 2.001817e+02
2.001730e+02 2.001717e+02
2.001669e+02 2.001664e+02
2.001627e+02 2.001619e+02
2.001558e+02 2.001543e+02
2.001490e+02 2.001479e+02
2.001438e+02 2.001434e+02
2.001406e+02 2.001400e+02
2.001365e+02 2.001360e+02
2.001332e+02 2.001326e+02
2.001308e+02 2.001304e+02
2.001286e+02 2.001281e+02
2.001257e+02 2.001249e+02
2.001233e+02 2.001229e+02
2.001209e+02 2.001205e+02
2.001178e+02 2.001172e+02
2.001150e+02 2.001146e+02
2.001132e+02 2.001129e+02
2.001113e+02 2.001110e+02
2.001096e+02 2.001092e+02
2.001078e+02 2.001074e+02
2.001054e+02 2.001049e+02
2.001039e+02 2.001037e+02
2.001027e+02 2.001025e+02
2.001017e+02 2.001016e+02
2.001008e+02 2.001007e+02
2.001000e+02 2.000998e+02
2.000990e+02 2.000988e+02
2.000983e+02 2.000982e+02
2.000977e+02 2.000976e+02
2.000968e+02 2.000967e+02
2.000956e+02 2.000955e+02
2.000949e+02 2.000947e+02
2.000942e+02 2.000941e+02
2.000931e+02 2.000928e+02
2.000915e+02 2.000912e+02
2.000899e+02 2.000897e+02
2.000887e+02 2.000884e+02
2.000875e+02 2.000873e+02
2.000865e+02 2.000863e+02
2.000855e+02 2.000854e+02
2.000848e+02 2.000846e+02
2.000840e+02 2.000839e+02
2.000835e+02 2.000834e+02
2.000828e+02 2.000827e+02
2.000821e+02 2.000820e+02
2.000816e+02 2.000815e+02
2.000810e+02 2.000809e+02
2.000806e+02 2.000805e+02
2.000803e+02 2.000802e+02
2.000799e+02 2.000799e+02
2.000797e+02 2.000796e+02
2.000794e+02 2.000793e+02
2.000791e+02 2.000790e+02
2.000788e+02 2.000788e+02
2.000786e+02 2.000785e+02
2.000783e+02 2.000783e+02
2.000781e+02 2.000781e+02
2.000779e+02 2.000779e+02
2.000778e+02 2.000777e+02
2.000775e+02 2.000775e+02
2.000772e+02 2.000772e+02
2.000768e+02 2.000766e+02
2.000761e+02 2.000759e+02
2.000755e+02 2.000754e+02
2.000750e+02 2.000749e+02
2.000746e+02 2.000746e+02
2.000742e+02 2.000741e+02
2.000739e+02 2.000738e+02
2.000736e+02 2.000735e+02
2.000734e+02 2.000734e+02
2.000732e+02 2.000732e+02
2.000730e+02 2.000729e+02
2.000726e+02 2.000725e+02
2.000722e+02 2.000722e+02
2.000717e+02 2.000716e+02
2.000708e+02 2.000706e+02
2.000695e+02 2.000692e+02
2.000678e+02 2.000674e+02
2.000657e+02 2.000653e+02
2.000636e+02 2.000632e+02
2.000620e+02 2.000618e+02
2.000606e+02 2.000604e+02
2.000588e+02 2.000584e+02
2.000559e+02 2.000554e+02
2.000525e+02 2.000517e+02
3.814094e+03 1.539245e+03
3.999823e+02 2.557640e+02
2.107969e+02 2.061829e+02
2.024016e+02 2.021177e+02
2.014434e+02 2.013159e+02
2.010918e+02 2.010412e+02
2.008277e+02 2.007701e+02
2.006026e+02 2.005848e+02
2.004810e+02 2.004650e+02
2.003738e+02 2.003629e+02
2.003249e+02 2.003188e+02
2.002916e+02 2.002875e+02
2.002702e+02 2.002671e+02
2.002530e+02 2.002507e+02
2.002348e+02 2.002325e+02
2.002150e+02 2.002125e+02
2.002002e+02 2.001988e+02
2.001885e+02 2.001866e+02
2.001801e+02 2.001792e+02
2.001751e+02 2.001745e+02
2.001694e+02 2.001684e+02
2.001641e+02 2.001635e+02
2.001607e+02 2.001600e+02
2.001571e+02 2.001566e+02
2.001538e+02 2.001533e+02
2.001510e+02 2.001505e+02
2.001483e+02 2.001479e+02
2.001464e+02 2.001461e+02
2.001452e+02 2.001450e+02
2.001433e+02 2.001429e+02
2.001412e+02 2.001409e+02
2.001391e+02 2.001387e+02
2.001363e+02 2.001356e+02
2.001335e+02 2.001330e+02
2.001309e+02 2.001303e+02
2.001283e+02 2.001279e+02
2.001261e+02 2.001257e+02
2.001243e+02 2.001241e+02
2.001228e+02 2.001225e+02
2.001210e+02 2.001207e+02
2.001196e+02 2.001194e+02
2.001181e+02 2.001179e+02
2.001162e+02 2.001159e+02
2.001149e+02 2.001146e+02
2.001137e+02 2.001135e+02
2.001126e+02 2.001124e+02
2.001115e+02 2.001113e+02
2.001106e+02 2.001104e+02
2.001095e+02 2.001094e+02
2.001086e+02 2.001085e+02
2.001078e+02 2.001076e+02
2.001071e+02 2.001070e+02
2.001063e+02 2.001061e+02
2.001048e+02 2.001045e+02
2.001036e+02 2.001034e+02
2.001026e+02 2.001025e+02
2.001020e+02 2.001019e+02
2.001015e+02 2.001014e+02
2.001005e+02 2.001003e+02
2.000998e+02 2.000996e+02
2.000991e+02 2.000990e+02
2.000986e+02 2.000986e+02
2.000982e+02 2.000981e+02
2.000978e+02 2.000978e+02
2.000974e+02 2.000974e+02
2.000970e+02 2.000969e+02
2.000966e+02 2.000965e+02
2.000960e+02 2.000960e+02
2.000956e+02 2.000955e+02
2.000950e+02 2.000949e+02
2.000946e+02 2.000945e+02
2.000943e+02 2.000943e+02
2.000940e+02 2.000940e+02
2.000937e+02 2.000936e+02
2.000933e+02 2.000932e+02
2.000929e+02 2.000928e+02
2.000925e+02 2.000924e+02
2.000922e+02 2.000921e+02
2.000919e+02 2.000919e+02
2.000917e+02 2.000916e+02
2.000915e+02 2.000915e+02
2.000912e+02 2.000912e+02
2.000910e+02 2.000909e+02
2.000907e+02 2.000906e+02
2.000905e+02 2.000904e+02
2.000902e+02 2.000902e+02
2.000899e+02 2.000899e+02
2.000897e+02 2.000896e+02
2.000894e+02 2.000893e+02
2.000891e+02 2.000890e+02
2.000889e+02 2.000888e+02
2.000887e+02 2.000887e+02
2.000886e+02 2.000886e+02
2.000884e+02 2.000883e+02
2.000882e+02 2.000882e+02
2.000881e+02 2.000881e+02
2.000880e+02 2.000880e+02
2.000879e+02 2.000879e+02
2.000878e+02 2.000878e+02
2.000878e+02 2.000877e+02
2.000876e+02 2.000876e+02
3.826866e+03 1.396504e+03
3.898986e+02 2.562572e+02
2.069502e+02 2.035695e+02
2.020476e+02 2.017042e+02
2.011442e+02 2.010096e+02
2.007116e+02 2.006861e+02
2.005979e+02 2.005833e+02
2.004910e+02 2.004763e+02
2.003960e+02 2.003880e+02
2.003447e+02 2.003381e+02
2.003038e+02 2.002977e+02
2.002551e+02 2.002487e+02
2.002237e+02 2.002196e+02
2.002042e+02 2.002024e+02
2.001891e+02 2.001871e+02
2.001752e+02 2.001740e+02
2.001662e+02 2.001648e+02
2.001570e+02 2.001559e+02
2.001517e+02 2.001512e+02
2.001478e+02 2.001470e+02
2.001423e+02 2.001414e+02
2.001384e+02 2.001379e+02
2.001350e+02 2.001345e+02
2.001320e+02 2.001314e+02
2.001296e+02 2.001293e+02
2.001273e+02 2.001268e+02
2.001248e+02 2.001243e+02
2.001230e+02 2.001228e+02
2.001214e+02 2.001211e+02
2.001194e+02 2.001190e+02
2.001171e+02 2.001169e+02
2.001160e+02 2.001158e+02
2.001150e+02 2.001148e+02
2.001139e+02 2.001136e+02
2.001119e+02 2.001116e+02
2.001106e+02 2.001104e+02
2.001093e+02 2.001091e+02
2.001082e+02 2.001080e+02
2.001072e+02 2.001070e+02
2.001062e+02 2.001060e+02
2.001050e+02 2.001048e+02
2.001038e+02 2.001036e+02
2.001024e+02 2.001022e+02
2.001015e+02 2.001014e+02
2.001009e+02 2.001008e+02
2.001000e+02 2.000998e+02
2.000993e+02 2.000993e+02
2.000988e+02 2.000987e+02
2.000983e+02 2.000981e+02
2.000977e+02 2.000976e+02
2.000973e+02 2.000972e+02
2.000969e+02 2.000968e+02
2.000963e+02 2.000961e+02
2.000957e+02 2.000957e+02
2.000953e+02 2.000952e+02
2.000946e+02 2.000945e+02
2.000941e+02 2.000940e+02
2.000936e+02 2.000936e+02
2.000932e+02 2.000932e+02
2.000929e+02 2.000928e+02
2.000925e+02 2.000924e+02
2.000920e+02 2.000920e+02
2.000914e+02 2.000913e+02
2.000908e+02 2.000907e+02
2.000904e+02 2.000903e+02
2.000901e+02 2.000900e+02
2.000896e+02 2.000895e+02
2.000890e+02 2.000890e+02
2.000887e+02 2.000887e+02
2.000885e+02 2.000884e+02
2.000883e+02 2.000883e+02
2.000882e+02 2.000881e+02
2.000880e+02 2.000880e+02
2.000879e+02 2.000879e+02
2.000877e+02 2.000877e+02
2.000876e+02 2.000876e+02
2.000875e+02 2.000875e+02
2.000874e+02 2.000874e+02
2.000873e+02 2.000873e+02
2.000872e+02 2.000872e+02
2.000871e+02 2.000870e+02
2.000869e+02 2.000869e+02
2.000868e+02 2.000868e+02
2.000867e+02 2.000867e+02
2.000866e+02 2.000866e+02
2.000864e+02 2.000864e+02
2.000862e+02 2.000862e+02
2.000861e+02 2.000861e+02
2.000860e+02 2.000860e+02
2.000858e+02 2.000858e+02
2.000856e+02 2.000856e+02
2.000854e+02 2.000854e+02
2.000852e+02 2.000852e+02
2.000851e+02 2.000850e+02
2.000849e+02 2.000849e+02
2.000848e+02 2.000848e+02
2.000847e+02 2.000846e+02
2.000846e+02 2.000846e+02
2.000845e+02 2.000845e+02
2.000845e+02 2.000845e+02
2.000844e+02 2.000844e+02
3.625522e+03 1.415682e+03
3.580371e+02 2.310396e+02
2.081072e+02 2.050959e+02
2.029047e+02 2.025884e+02
2.017981e+02 2.015991e+02
2.011429e+02 2.010243e+02
2.006707e+02 2.006224e+02
2.004720e+02 2.004620e+02
2.004010e+02 2.003935e+02
2.003540e+02 2.003470e+02
2.003063e+02 2.002982e+02
2.002583e+02 2.002509e+02
2.002305e+02 2.002274e+02
2.002161e+02 2.002139e+02
2.002042e+02 2.002026e+02
2.001942e+02 2.001930e+02
2.001873e+02 2.001864e+02
2.001802e+02 2.001792e+02
2.001751e+02 2.001741e+02
2.001694e+02 2.001688e+02
2.001657e+02 2.001648e+02
2.001613e+02 2.001607e+02
2.001583e+02 2.001577e+02
2.001549e+02 2.001541e+02
2.001508e+02 2.001500e+02
2.001453e+02 2.001444e+02
2.001418e+02 2.001413e+02
2.001388e+02 2.001383e+02
2.001355e+02 2.001349e+02
2.001324e+02 2.001320e+02
2.001305e+02 2.001302e+02
2.001283e+02 2.001280e+02
2.001267e+02 2.001265e+02
2.001250e+02 2.001247e+02
2.001237e+02 2.001236e+02
2.001223e+02 2.001221e+02
2.001211e+02 2.001210e+02
2.001206e+02 2.001205e+02
2.001200e+02 2.001199e+02
2.001193e+02 2.001192e+02
2.001186e+02 2.001184e+02
2.001177e+02 2.001175e+02
2.001165e+02 2.001163e+02
2.001155e+02 2.001155e+02
2.001150e+02 2.001149e+02
2.001142e+02 2.001141e+02
2.001135e+02 2.001134e+02
2.001127e+02 2.001125e+02
2.001116e+02 2.001115e+02
2.001108e+02 2.001107e+02
2.001100e+02 2.001099e+02
2.001090e+02 2.001087e+02
2.001080e+02 2.001078e+02
2.001068e+02 2.001065e+02
2.001057e+02 2.001055e+02
2.001046e+02 2.001045e+02
2.001038e+02 2.001037e+02
2.001034e+02 2.001033e+02
2.001029e+02 2.001028e+02
2.001025e+02 2.001024e+02
2.001020e+02 2.001019e+02
2.001016e+02 2.001015e+02
2.001012e+02 2.001012e+02
2.001008e+02 2.001007e+02
2.001003e+02 2.001002e+02
2.000997e+02 2.000996e+02
2.000992e+02 2.000991e+02
2.000984e+02 2.000983e+02
2.000979e+02 2.000978e+02
2.000974e+02 2.000973e+02
2.000966e+02 2.000965e+02
2.000960e+02 2.000959e+02
2.000953e+02 2.000952e+02
2.000948e+02 2.000947e+02
2.000943e+02 2.000943e+02
2.000940e+02 2.000940e+02
2.000937e+02 2.000936e+02
2.000933e+02 2.000933e+02
2.000930e+02 2.000930e+02
2.000927e+02 2.000926e+02
2.000922e+02 2.000921e+02
2.000918e+02 2.000917e+02
2.000913e+02 2.000912e+02
2.000908e+02 2.000907e+02
2.000905e+02 2.000904e+02
2.000902e+02 2.000901e+02
2.000898e+02 2.000897e+02
2.000894e+02 2.000892e+02
2.000888e+02 2.000887e+02
2.000885e+02 2.000884e+02
2.000881e+02 2.000881e+02
2.000879e+02 2.000878e+02
2.000876e+02 2.000875e+02
2.000874e+02 2.000873e+02
2.000872e+02 2.000871e+02
2.000869e+02 2.000869e+02
2.000867e+02 2.000867e+02
2.000865e+02 2.000865e+02
2.000862e+02 2.000862e+02
2.000860e+02 2.000860e+02
2.000858e+02 2.000858e+02
3.808104e+03 1.248028e+03
1.573752e+02 1.169988e+02
1.096424e+02 1.057870e+02
1.023809e+02 1.011675e+02
1.011852e+02 1.007152e+02
1.010832e+02 1.007152e+02
1.010105e+02 1.006367e+02
1.009253e+02 1.006143e+02
1.008645e+02 1.005523e+02
1.008297e+02 1.005512e+02
1.008085e+02 1.005512e+02
1.007897e+02 1.005512e+02
1.007757e+02 1.005022e+02
1.007642e+02 1.005022e+02
1.007526e+02 1.005022e+02
1.007451e+02 1.005022e+02
1.007385e+02 1.005022e+02
1.007364e+02 1.005022e+02
1.007339e+02 1.005022e+02
1.007283e+02 1.005022e+02
1.007246e+02 1.005022e+02
1.007232e+02 1.005022e+02
1.007197e+02 1.005022e+02
1.007164e+02 1.005022e+02
1.007155e+02 1.005022e+02
1.007140e+02 1.005022e+02
1.007127e+02 1.005022e+02
1.007112e+02 1.005022e+02
1.007090e+02 1.005022e+02
1.007061e+02 1.005022e+02
1.007045e+02 1.005022e+02
1.007006e+02 1.005022e+02
1.006989e+02 1.005022e+02
1.006974e+02 1.005022e+02
1.006963e+02 1.005022e+02
1.006935e+02 1.004951e+02
1.006918e+02 1.004951e+02
1.006907e+02 1.004951e+02
1.006901e+02 1.004951e+02
1.006873e+02 1.004951e+02
1.006856e+02 1.004951e+02
1.006831e+02 1.004951e+02
1.006817e+02 1.004951e+02
1.006801e+02 1.004951e+02
1.006779e+02 1.004951e+02
1.006746e+02 1.004951e+02
1.006668e+02 1.004695e+02
1.006599e+02 1.004695e+02
1.006547e+02 1.004695e+02
1.006522e+02 1.004695e+02
1.006478e+02 1.004695e+02
1.006441e+02 1.004695e+02
1.006412e+02 1.004695e+02
1.006370e+02 1.004695e+02
1.006354e+02 1.004695e+02
1.006333e+02 1.004695e+02
1.006317e+02 1.004695e+02
1.006285e+02 1.004695e+02
1.006277e+02 1.004695e+02
1.006269e+02 1.004695e+02
1.006254e+02 1.004291e+02
1.006229e+02 1.004291e+02
1.006214e+02 1.004291e+02
1.006199e+02 1.004291e+02
1.006181e+02 1.004291e+02
1.006170e+02 1.004291e+02
1.006151e+02 1.004291e+02
1.006135e+02 1.004291e+02
1.006125e+02 1.004291e+02
1.006119e+02 1.004291e+02
1.006108e+02 1.004291e+02
1.006098e+02 1.004291e+02
1.006083e+02 1.004291e+02
1.006077e+02 1.004291e+02
1.006062e+02 1.004291e+02
1.006050e+02 1.004291e+02
1.006048e+02 1.004291e+02
1.006035e+02 1.004291e+02
1.006025e+02 1.004291e+02
1.006017e+02 1.004291e+02
1.006011e+02 1.004291e+02
1.006009e+02 1.004291e+02
1.006006e+02 1.004291e+02
1.006002e+02 1.004291e+02
1.005997e+02 1.004291e+02
1.005990e+02 1.004291e+02
1.005986e+02 1.004291e+02
1.005982e+02 1.004291e+02
1.005980e+02 1.004291e+02
1.005973e+02 1.004291e+02
1.005969e+02 1.004291e+02
1.005966e+02 1.004291e+02
1.005965e+02 1.004291e+02
1.005964e+02 1.004291e+02
1.005962e+02 1.004291e+02
1.005958e+02 1.004291e+02
1.005953e+02 1.004291e+02
1.005951e+02 1.004291e+02
1.005951e+02 1.004291e+02
1.005947e+02 1.004291e+02
1.005946e+02 1.004291e+02
3.763674e+03 1.516663e+03
3.311977e+02 2.517036e+02
2.067978e+02 2.043566e+02
2.024248e+02 2.020071e+02
2.012224e+02 2.010350e+02
2.007860e+02 2.007482e+02
2.005729e+02 2.005444e+02
2.004146e+02 2.003979e+02
2.003329e+02 2.003237e+02
2.002671e+02 2.002614e+02
2.002368e+02 2.002332e+02
2.002041e+02 2.002013e+02
2.001845e+02 2.001819e+02
2.001723e+02 2.001713e+02
2.001634e+02 2.001620e+02
2.001501e+02 2.001478e+02
2.001387e+02 2.001377e+02
2.001338e+02 2.001328e+02
2.001276e+02 2.001268e+02
2.001227e+02 2.001218e+02
2.001185e+02 2.001179e+02
2.001148e+02 2.001143e+02
2.001124e+02 2.001119e+02
2.001098e+02 2.001093e+02
2.001069e+02 2.001063e+02
2.001036e+02 2.001031e+02
2.001006e+02 2.001002e+02
2.000980e+02 2.000974e+02
2.000961e+02 2.000959e+02
2.000948e+02 2.000946e+02
2.000937e+02 2.000935e+02
2.000924e+02 2.000921e+02
2.000898e+02 2.000888e+02
2.000868e+02 2.000865e+02
2.000851e+02 2.000848e+02
2.000840e+02 2.000838e+02
2.000830e+02 2.000829e+02
2.000817e+02 2.000814e+02
2.000803e+02 2.000801e+02
2.000790e+02 2.000788e+02
2.000782e+02 2.000781e+02
2.000776e+02 2.000776e+02
2.000769e+02 2.000767e+02
2.000758e+02 2.000756e+02
2.000748e+02 2.000747e+02
2.000735e+02 2.000733e+02
2.000723e+02 2.000721e+02
2.000713e+02 2.000711e+02
2.000702e+02 2.000701e+02
2.000695e+02 2.000693e+02
2.000683e+02 2.000682e+02
2.000674e+02 2.000672e+02
2.000665e+02 2.000663e+02
2.000653e+02 2.000651e+02
2.000638e+02 2.000635e+02
2.000624e+02 2.000622e+02
2.000613e+02 2.000611e+02
2.000597e+02 2.000593e+02
2.000582e+02 2.000580e+02
2.000572e+02 2.000570e+02
2.000562e+02 2.000559e+02
2.000546e+02 2.000544e+02
2.000529e+02 2.000527e+02
2.000505e+02 2.000501e+02
2.000474e+02 2.000468e+02
2.000439e+02 2.000435e+02
2.000418e+02 2.000415e+02
2.000395e+02 2.000391e+02
2.000367e+02 2.000363e+02
2.000346e+02 2.000341e+02
2.000316e+02 2.000312e+02
2.000275e+02 2.000268e+02
2.000213e+02 2.000206e+02
2.000178e+02 2.000175e+02
2.000154e+02 2.000152e+02
2.000128e+02 2.000123e+02
2.000107e+02 2.000103e+02
2.000082e+02 2.000079e+02
2.000063e+02 2.000060e+02
2.000044e+02 2.000041e+02
2.000029e+02 2.000027e+02
2.000019e+02 2.000018e+02
2.000011e+02 2.000010e+02
2.000006e+02 2.000006e+02
2.000003e+02 2.000003e+02
2.000001e+02 2.000001e+02
2.000001e+02 2.000001e+02
2.000000e+02 2.000000e+02
2.000000e+02 2.000000e+02
2.000000e+02 2.000000e+02
2.000000e+02 2.000000e+02
2.000000e+02 2.000000e+02
2.000000e+02 2.000000e+02
2.000000e+02 2.000000e+02
2.000000e+02 2.000000e+02
2.000000e+02 2.000000e+02
2.000000e+02 2.000000e+02
2.000000e+02 2.000000e+02
2.000000e+02 2.000000e+02
2.000000e+02 2.000000e+02
2.000000e+02 2.000000e+02
3.844310e+03 1.532424e+03
2.515931e+02 1.345699e+02
1.200633e+02 1.117775e+02
1.053035e+02 1.045884e+02
1.014405e+02 1.007366e+02
1.011081e+02 1.005959e+02
1.009958e+02 1.005959e+02
1.009408e+02 1.005959e+02
1.008899e+02 1.005959e+02
1.008298e+02 1.005406e+02
1.007738e+02 1.005235e+02
1.007419e+02 1.004865e+02
1.007209e+02 1.004191e+02
1.006976e+02 1.004191e+02
1.006820e+02 1.004191e+02
1.006620e+02 1.004191e+02
1.006509e+02 1.004191e+02
1.006408e+02 1.004191e+02
1.006267e+02 1.004191e+02
1.006164e+02 1.004191e+02
1.006059e+02 1.004191e+02
1.005967e+02 1.004191e+02
1.005883e+02 1.004092e+02
1.005823e+02 1.004092e+02
1.005767e+02 1.004092e+02
1.005725e+02 1.004092e+02
1.005697e+02 1.004092e+02
1.005667e+02 1.004092e+02
1.005638e+02 1.004092e+02
1.005591e+02 1.004092e+02
1.005573e+02 1.003996e+02
1.005548e+02 1.003996e+02
1.005535e+02 1.003996e+02
1.005527e+02 1.003996e+02
1.005521e+02 1.003996e+02
1.005510e+02 1.003996e+02
1.005491e+02 1.003996e+02
1.005478e+02 1.003996e+02
1.005467e+02 1.003996e+02
1.005456e+02 1.003996e+02
1.005448e+02 1.003996e+02
1.005437e+02 1.003996e+02
1.005431e+02 1.003996e+02
1.005425e+02 1.003996e+02
1.005418e+02 1.003996e+02
1.005417e+02 1.003996e+02
1.005412e+02 1.003996e+02
1.005402e+02 1.003996e+02
1.005392e+02 1.003996e+02
1.005385e+02 1.003996e+02
1.005379e+02 1.003996e+02
1.005369e+02 1.003996e+02
1.005359e+02 1.003996e+02
1.005351e+02 1.003996e+02
1.005339e+02 1.003996e+02
1.005328e+02 1.003996e+02
1.005324e+02 1.003996e+02
1.005314e+02 1.003996e+02
1.005306e+02 1.003996e+02
1.005299e+02 1.003996e+02
1.005290e+02 1.003996e+02
1.005287e+02 1.003996e+02
1.005282e+02 1.003996e+02
1.005276e+02 1.003996e+02
1.005269e+02 1.003996e+02
1.005265e+02 1.003996e+02
1.005261e+02 1.003996e+02
1.005257e+02 1.003996e+02
1.005252e+02 1.003996e+02
1.005250e+02 1.003996e+02
1.005240e+02 1.003996e+02
1.005238e+02 1.003996e+02
1.005234e+02 1.003996e+02
1.005229e+02 1.003996e+02
1.005223e+02 1.003996e+02
1.005219e+02 1.003996e+02
1.005217e+02 1.003996e+02
1.005203e+02 1.003982e+02
1.005200e+02 1.003982e+02
1.005191e+02 1.003789e+02
1.005188e+02 1.003789e+02
1.005185e+02 1.003789e+02
1.005183e+02 1.003789e+02
1.005177e+02 1.003789e+02
1.005176e+02 1.003789e+02
1.005172e+02 1.003789e+02
1.005171e+02 1.003789e+02
1.005168e+02 1.003789e+02
1.005166e+02 1.003789e+02
1.005162e+02 1.003789e+02
1.005158e+02 1.003789e+02
1.005156e+02 1.003789e+02
1.005155e+02 1.003789e+02
1.005154e+02 1.003789e+02
1.005150e+02 1.003789e+02
1.005149e+02 1.003789e+02
1.005149e+02 1.003789e+02
1.005149e+02 1.003789e+02
1.005148e+02 1.003789e+02
1.005142e+02 1.003789e+02
1.005139e+02 1.003789e+02
3.674716e+03 1.559651e+03
3.359049e+02 2.482455e+02
2.083687e+02 2.058550e+02
2.025246e+02 2.021201e+02
2.015609e+02 2.013929e+02
2.011606e+02 2.010586e+02
2.008877e+02 2.008315e+02
2.006391e+02 2.006103e+02
2.004937e+02 2.004770e+02
2.004253e+02 2.004188e+02
2.003685e+02 2.003606e+02
2.003125e+02 2.003036e+02
2.002693e+02 2.002651e+02
2.002478e+02 2.002445e+02
2.002227e+02 2.002195e+02
2.002006e+02 2.001978e+02
2.001849e+02 2.001833e+02
2.001772e+02 2.001762e+02
2.001698e+02 2.001687e+02
2.001638e+02 2.001627e+02
2.001558e+02 2.001544e+02
2.001497e+02 2.001490e+02
2.001458e+02 2.001450e+02
2.001412e+02 2.001403e+02
2.001373e+02 2.001366e+02
2.001341e+02 2.001337e+02
2.001310e+02 2.001307e+02
2.001280e+02 2.001274e+02
2.001247e+02 2.001242e+02
2.001217e+02 2.001211e+02
2.001195e+02 2.001191e+02
2.001165e+02 2.001163e+02
2.001147e+02 2.001145e+02
2.001131e+02 2.001128e+02
2.001115e+02 2.001114e+02
2.001103e+02 2.001101e+02
2.001094e+02 2.001093e+02
2.001085e+02 2.001084e+02
2.001076e+02 2.001075e+02
2.001066e+02 2.001064e+02
2.001058e+02 2.001057e+02
2.001050e+02 2.001049e+02
2.001036e+02 2.001034e+02
2.001023e+02 2.001021e+02
2.001009e+02 2.001007e+02
2.000998e+02 2.000996e+02
2.000988e+02 2.000987e+02
2.000977e+02 2.000976e+02
2.000969e+02 2.000967e+02
2.000962e+02 2.000961e+02
2.000953e+02 2.000951e+02
2.000943e+02 2.000941e+02
2.000929e+02 2.000927e+02
2.000916e+02 2.000914e+02
2.000897e+02 2.000894e+02
2.000884e+02 2.000881e+02
2.000874e+02 2.000873e+02
2.000866e+02 2.000864e+02
2.000854e+02 2.000852e+02
2.000844e+02 2.000841e+02
2.000833e+02 2.000831e+02
2.000826e+02 2.000825e+02
2.000814e+02 2.000812e+02
2.000795e+02 2.000791e+02
2.000777e+02 2.000775e+02
2.000764e+02 2.000762e+02
2.000747e+02 2.000745e+02
2.000736e+02 2.000734e+02
2.000723e+02 2.000720e+02
2.000705e+02 2.000701e+02
2.000689e+02 2.000687e+02
2.000679e+02 2.000676e+02
2.000665e+02 2.000663e+02
2.000651e+02 2.000650e+02
2.000638e+02 2.000636e+02
2.000623e+02 2.000621e+02
2.000611e+02 2.000609e+02
2.000594e+02 2.000592e+02
2.000581e+02 2.000578e+02
2.000561e+02 2.000558e+02
2.000543e+02 2.000539e+02
2.000522e+02 2.000518e+02
2.000496e+02 2.000490e+02
2.000465e+02 2.000460e+02
2.000434e+02 2.000429e+02
2.000398e+02 2.000392e+02
2.000359e+02 2.000354e+02
2.000329e+02 2.000324e+02
2.000288e+02 2.000282e+02
2.000258e+02 2.000253e+02
2.000225e+02 2.000219e+02
2.000192e+02 2.000189e+02
2.000167e+02 2.000164e+02
2.000138e+02 2.000133e+02
2.000112e+02 2.000107e+02
2.000083e+02 2.000079e+02
2.000058e+02 2.000054e+02
2.000043e+02 2.000041e+02
2.000028e+02 2.000025e+02
2.000018e+02 2.000017e+02
2.000012e+02 2.000012e+02
3.858632e+03 1.582028e+03
3.161364e+02 1.557791e+02
1.292438e+02 1.184285e+02
1.076372e+02 1.067095e+02
1.027037e+02 1.009541e+02
1.012716e+02 1.006712e+02
1.011152e+02 1.006712e+02
1.010442e+02 1.006712e+02
1.009434e+02 1.006375e+02
1.008989e+02 1.006375e+02
1.008623e+02 1.005998e+02
1.008402e+02 1.005998e+02
1.008239e+02 1.005335e+02
1.008117e+02 1.005335e+02
1.008044e+02 1.005335e+02
1.007937e+02 1.005335e+02
1.007805e+02 1.005335e+02
1.007677e+02 1.005335e+02
1.007462e+02 1.005335e+02
1.007311e+02 1.005335e+02
1.007251e+02 1.005335e+02
1.007105e+02 1.005050e+02
1.007038e+02 1.005050e+02
1.006999e+02 1.005050e+02
1.006941e+02 1.005050e+02
1.006864e+02 1.005050e+02
1.006800e+02 1.005050e+02
1.006744e+02 1.005050e+02
1.006701e+02 1.004992e+02
1.006677e+02 1.004992e+02
1.006634e+02 1.004992e+02
1.006594e+02 1.004992e+02
1.006579e+02 1.004992e+02
1.006564e+02 1.004992e+02
1.006537e+02 1.004992e+02
1.006510e+02 1.004992e+02
1.006343e+02 1.004933e+02
1.006322e+02 1.004933e+02
1.006308e+02 1.004933e+02
1.006293e+02 1.004933e+02
1.006285e+02 1.004933e+02
1.006274e+02 1.004933e+02
1.006271e+02 1.004933e+02
1.006265e+02 1.004933e+02
1.006258e+02 1.004933e+02
1.006249e+02 1.004933e+02
1.006244e+02 1.004933e+02
1.006235e+02 1.004924e+02
1.006217e+02 1.004877e+02
1.006203e+02 1.004877e+02
1.006186e+02 1.004877e+02
1.006173e+02 1.004877e+02
1.006153e+02 1.004877e+02
1.006143e+02 1.004877e+02
1.006140e+02 1.004877e+02
1.006134e+02 1.004817e+02
1.006128e+02 1.004817e+02
1.006113e+02 1.004817e+02
1.006108e+02 1.004817e+02
1.006103e+02 1.004817e+02
1.006098e+02 1.004817e+02
1.006090e+02 1.004772e+02
1.006081e+02 1.004772e+02
1.006076e+02 1.004772e+02
1.006069e+02 1.004772e+02
1.006065e+02 1.004772e+02
1.006059e+02 1.004772e+02
1.006057e+02 1.004772e+02
1.006057e+02 1.004772e+02
1.006051e+02 1.004772e+02
1.006050e+02 1.004772e+02
1.006045e+02 1.004772e+02
1.006039e+02 1.004772e+02
1.006033e+02 1.004772e+02
1.006029e+02 1.004772e+02
1.006027e+02 1.004772e+02
1.006027e+02 1.004772e+02
1.006023e+02 1.004772e+02
1.006020e+02 1.004772e+02
1.006012e+02 1.004772e+02
1.006008e+02 1.004772e+02
1.006007e+02 1.004772e+02
1.006001e+02 1.004772e+02
1.005995e+02 1.004772e+02
1.005989e+02 1.004772e+02
1.005988e+02 1.004772e+02
1.005988e+02 1.004772e+02
1.005988e+02 1.004772e+02
1.005988e+02 1.004772e+02
1.005988e+02 1.004772e+02
1.005986e+02 1.004772e+02
1.005986e+02 1.004772e+02
1.005984e+02 1.004772e+02
1.005981e+02 1.004772e+02
1.005981e+02 1.004772e+02
1.005980e+02 1.004772e+02
1.005979e+02 1.004772e+02
1.005977e+02 1.004772e+02
1.005974e+02 1.004772e+02
1.005972e+02 1.004772e+02
1.005972e+02 1.004772e+02
3.877991e+03 1.357827e+03
1.245827e+02 1.076888e+02
1.041905e+02 1.036451e+02
1.012884e+02 1.007419e+02
1.011136e+02 1.006111e+02
1.010331e+02 1.006111e+02
1.009503e+02 1.006111e+02
1.008775e+02 1.006111e+02
1.008184e+02 1.005205e+02
1.007852e+02 1.005205e+02
1.007644e+02 1.005205e+02
1.007523e+02 1.004853e+02
1.007428e+02 1.004853e+02
1.007257e+02 1.004853e+02
1.007127e+02 1.004853e+02
1.007037e+02 1.004853e+02
1.006980e+02 1.004853e+02
1.006922e+02 1.004853e+02
1.006881e+02 1.004853e+02
1.006838e+02 1.004853e+02
1.006769e+02 1.004853e+02
1.006724e+02 1.004853e+02
1.006678e+02 1.004853e+02
1.006618e+02 1.004527e+02
1.006563e+02 1.004527e+02
1.006517e+02 1.004527e+02
1.006479e+02 1.004527e+02
1.006419e+02 1.004527e+02
1.006405e+02 1.004527e+02
1.006373e+02 1.004527e+02
1.006342e+02 1.004527e+02
1.006314e+02 1.004527e+02
1.006301e+02 1.004527e+02
1.006280e+02 1.004527e+02
1.006259e+02 1.004527e+02
1.006248e+02 1.004527e+02
1.006228e+02 1.004527e+02
1.006207e+02 1.004527e+02
1.006198e+02 1.004527e+02
1.006188e+02 1.004527e+02
1.006182e+02 1.004527e+02
1.006176e+02 1.004527e+02
1.006158e+02 1.004527e+02
1.006153e+02 1.004527e+02
1.006146e+02 1.004527e+02
1.006134e+02 1.004527e+02
1.006131e+02 1.004527e+02
1.006127e+02 1.004527e+02
1.006124e+02 1.004527e+02
1.006117e+02 1.004527e+02
1.006114e+02 1.004527e+02
1.006110e+02 1.004527e+02
1.006104e+02 1.004527e+02
1.006101e+02 1.004527e+02
1.006098e+02 1.004527e+02
1.006092e+02 1.004527e+02
1.006086e+02 1.004527e+02
1.006077e+02 1.004527e+02
1.006076e+02 1.004527e+02
1.006073e+02 1.004527e+02
1.006066e+02 1.004527e+02
1.006059e+02 1.004527e+02
1.006057e+02 1.004527e+02
1.006055e+02 1.004527e+02
1.006050e+02 1.004527e+02
1.006040e+02 1.004527e+02
1.006035e+02 1.004527e+02
1.006031e+02 1.004527e+02
1.006028e+02 1.004527e+02
1.006023e+02 1.004527e+02
1.006020e+02 1.004527e+02
1.006017e+02 1.004527e+02
1.006013e+02 1.004527e+02
1.006011e+02 1.004527e+02
1.006008e+02 1.004527e+02
1.006003e+02 1.004527e+02
1.005998e+02 1.004527e+02
1.005993e+02 1.004527e+02
1.005986e+02 1.004527e+02
1.005978e+02 1.004527e+02
1.005973e+02 1.004487e+02
1.005969e+02 1.004487e+02
1.005966e+02 1.004487e+02
1.005961e+02 1.004487e+02
1.005961e+02 1.004487e+02
1.005960e+02 1.004487e+02
1.005959e+02 1.004487e+02
1.005957e+02 1.004487e+02
1.005957e+02 1.004487e+02
1.005956e+02 1.004487e+02
1.005955e+02 1.004487e+02
1.005955e+02 1.004487e+02
1.005955e+02 1.004487e+02
1.005955e+02 1.004487e+02
1.005954e+02 1.004487e+02
1.005953e+02 1.004487e+02
1.005950e+02 1.004487e+02
1.005948e+02 1.004487e+02
1.005945e+02 1.004487e+02
1.005942e+02 1.004487e+02
1.005940e+02 1.004487e+02
3.687877e+03 1.622754e+03
3.592981e+02 2.457960e+02
2.066709e+02 2.039830e+02
2.026762e+02 2.017690e+02
2.009965e+02 2.008952e+02
2.005444e+02 2.004967e+02
2.003618e+02 2.003469e+02
2.003064e+02 2.003031e+02
2.002825e+02 2.002794e+02
2.002557e+02 2.002516e+02
2.002202e+02 2.002121e+02
2.001807e+02 2.001779e+02
2.001675e+02 2.001661e+02
2.001548e+02 2.001523e+02
2.001426e+02 2.001412e+02
2.001357e+02 2.001349e+02
2.001304e+02 2.001296e+02
2.001234e+02 2.001226e+02
2.001196e+02 2.001190e+02
2.001159e+02 2.001154e+02
2.001134e+02 2.001130e+02
2.001102e+02 2.001098e+02
2.001071e+02 2.001067e+02
2.001044e+02 2.001040e+02
2.001022e+02 2.001020e+02
2.001001e+02 2.000997e+02
2.000975e+02 2.000970e+02
2.000949e+02 2.000947e+02
2.000931e+02 2.000928e+02
2.000909e+02 2.000903e+02
2.000888e+02 2.000886e+02
2.000869e+02 2.000866e+02
2.000843e+02 2.000837e+02
2.000821e+02 2.000819e+02
2.000807e+02 2.000805e+02
2.000792e+02 2.000790e+02
2.000777e+02 2.000775e+02
2.000762e+02 2.000757e+02
2.000744e+02 2.000742e+02
2.000731e+02 2.000728e+02
2.000712e+02 2.000707e+02
2.000688e+02 2.000684e+02
2.000665e+02 2.000660e+02
2.000644e+02 2.000642e+02
2.000630e+02 2.000628e+02
2.000607e+02 2.000602e+02
2.000584e+02 2.000579e+02
2.000560e+02 2.000557e+02
2.000524e+02 2.000521e+02
2.000495e+02 2.000491e+02
2.000471e+02 2.000467e+02
2.000442e+02 2.000439e+02
2.000409e+02 2.000407e+02
2.000386e+02 2.000381e+02
2.000358e+02 2.000354e+02
2.000337e+02 2.000334e+02
2.000314e+02 2.000309e+02
2.000281e+02 2.000277e+02
2.000237e+02 2.000232e+02
2.000198e+02 2.000192e+02
2.000165e+02 2.000160e+02
2.000143e+02 2.000140e+02
2.000126e+02 2.000124e+02
2.000104e+02 2.000102e+02
2.000086e+02 2.000084e+02
2.000074e+02 2.000072e+02
2.000061e+02 2.000060e+02
2.000044e+02 2.000042e+02
2.000032e+02 2.000031e+02
2.000025e+02 2.000024e+02
2.000019e+02 2.000018e+02
2.000011e+02 2.000010e+02
2.000006e+02 2.000006e+02
2.000004e+02 2.000003e+02
2.000002e+02 2.000001e+02
2.000001e+02 2.000001e+02
2.000000e+02 2.000000e+02
2.000000e+02 2.000000e+02
2.000000e+02 2.000000e+02
2.000000e+02 2.000000e+02
2.000000e+02 2.000000e+02
2.000000e+02 2.000000e+02
2.000000e+02 2.000000e+02
2.000000e+02 2.000000e+02
2.000000e+02 2.000000e+02
2.000000e+02 2.000000e+02
2.000000e+02 2.000000e+02
2.000000e+02 2.000000e+02
2.000000e+02 2.000000e+02
2.000000e+02 2.000000e+02
2.000000e+02 2.000000e+02
2.000000e+02 2.000000e+02
2.000000e+02 2.000000e+02
2.000000e+02 2.000000e+02
2.000000e+02 2.000000e+02
2.000000e+02 2.000000e+02
2.000000e+02 2.000000e+02
2.000000e+02 2.000000e+02
2.000000e+02 2.000000e+02
2.000000e+02 2.000000e+02
2.000000e+02 2.000000e+02
3.684512e+03 1.733289e+03
1.446855e+02 1.189018e+02
1.086048e+02 1.070642e+02
1.032542e+02 1.022648e+02
1.012291e+02 1.006321e+02
1.010914e+02 1.006321e+02
1.010343e+02 1.006199e+02
1.009957e+02 1.006199e+02
1.009563e+02 1.006199e+02
1.009310e+02 1.006199e+02
1.009007e+02 1.006189e+02
1.008495e+02 1.005591e+02
1.008044e+02 1.005591e+02
1.007796e+02 1.005591e+02
1.007644e+02 1.005591e+02
1.007508e+02 1.005591e+02
1.007420e+02 1.005161e+02
1.007304e+02 1.005133e+02
1.007238e+02 1.005133e+02
1.007173e+02 1.005133e+02
1.007076e+02 1.005133e+02
1.007006e+02 1.005133e+02
1.006938e+02 1.005099e+02
1.006852e+02 1.005099e+02
1.006784e+02 1.005099e+02
1.006721e+02 1.005073e+02
1.006656e+02 1.005073e+02
1.006631e+02 1.005073e+02
1.006616e+02 1.005073e+02
1.006563e+02 1.005035e+02
1.006553e+02 1.005035e+02
1.006515e+02 1.005035e+02
1.006479e+02 1.005035e+02
1.006452e+02 1.004738e+02
1.006435e+02 1.004738e+02
1.006409e+02 1.004738e+02
1.006393e+02 1.004738e+02
1.006379e+02 1.004738e+02
1.006370e+02 1.004738e+02
1.006363e+02 1.004738e+02
1.006352e+02 1.004738e+02
1.006343e+02 1.004738e+02
1.006334e+02 1.004738e+02
1.006322e+02 1.004597e+02
1.006313e+02 1.004597e+02
1.006307e+02 1.004597e+02
1.006301e+02 1.004597e+02
1.006297e+02 1.004597e+02
1.006295e+02 1.004597e+02
1.006286e+02 1.004597e+02
1.006282e+02 1.004597e+02
1.006273e+02 1.004597e+02
1.006269e+02 1.004597e+02
1.006262e+02 1.004597e+02
1.006247e+02 1.004597e+02
1.006243e+02 1.004597e+02
1.006223e+02 1.004597e+02
1.006218e+02 1.004597e+02
1.006207e+02 1.004597e+02
1.006201e+02 1.004597e+02
1.006197e+02 1.004597e+02
1.006194e+02 1.004597e+02
1.006189e+02 1.004597e+02
1.006183e+02 1.004597e+02
1.006178e+02 1.004597e+02
1.006176e+02 1.004597e+02
1.006172e+02 1.004597e+02
1.006165e+02 1.004597e+02
1.006157e+02 1.004597e+02
1.006151e+02 1.004597e+02
1.006146e+02 1.004597e+02
1.006138e+02 1.004597e+02
1.006131e+02 1.004597e+02
1.006124e+02 1.004279e+02
1.006116e+02 1.004279e+02
1.006110e+02 1.004279e+02
1.006097e+02 1.004279e+02
1.006093e+02 1.004279e+02
1.006087e+02 1.004279e+02
1.006082e+02 1.004279e+02
1.006073e+02 1.004279e+02
1.006066e+02 1.004279e+02
1.006063e+02 1.004279e+02
1.006061e+02 1.004279e+02
1.006057e+02 1.004279e+02
1.006054e+02 1.004279e+02
1.006053e+02 1.004279e+02
1.006053e+02 1.004279e+02
1.006045e+02 1.004279e+02
1.006043e+02 1.004279e+02
1.006042e+02 1.004279e+02
1.006039e+02 1.004279e+02
1.006035e+02 1.004279e+02
1.006031e+02 1.004279e+02
1.006028e+02 1.004279e+02
1.006027e+02 1.004279e+02
1.006023e+02 1.004279e+02
1.006022e+02 1.004279e+02
1.006018e+02 1.004279e+02
1.006017e+02 1.004279e+02
1.006017e+02 1.004279e+02
3.697437e+03 1.175745e+03
5.089405e+02 1.896121e+02
1.212181e+02 1.119217e+02
1.057479e+02 1.047471e+02
1.017831e+02 1.008133e+02
1.011731e+02 1.006117e+02
1.010696e+02 1.006117e+02
1.009984e+02 1.006117e+02
1.009138e+02 1.006117e+02
1.008395e+02 1.005760e+02
1.008008e+02 1.005517e+02
1.007709e+02 1.005442e+02
1.007566e+02 1.004938e+02
1.007443e+02 1.004938e+02
1.007330e+02 1.004938e+02
1.007222e+02 1.004938e+02
1.007132e+02 1.004938e+02
1.007076e+02 1.004938e+02
1.006999e+02 1.004938e+02
1.006880e+02 1.004938e+02
1.006760e+02 1.004938e+02
1.006693e+02 1.004938e+02
1.006613e+02 1.004938e+02
1.006547e+02 1.004938e+02
1.006478e+02 1.004938e+02
1.006428e+02 1.004938e+02
1.006370e+02 1.004918e+02
1.006344e+02 1.004918e+02
1.006317e+02 1.004918e+02
1.006305e+02 1.004918e+02
1.006264e+02 1.004918e+02
1.006232e+02 1.004448e+02
1.006200e+02 1.004448e+02
1.006175e+02 1.004448e+02
1.006147e+02 1.004448e+02
1.006133e+02 1.004448e+02
1.006124e+02 1.004448e+02
1.006106e+02 1.004448e+02
1.006097e+02 1.004448e+02
1.006077e+02 1.004448e+02
1.006069e+02 1.004448e+02
1.006056e+02 1.004448e+02
1.006043e+02 1.004448e+02
1.006029e+02 1.004448e+02
1.006018e+02 1.004448e+02
1.006013e+02 1.004448e+02
1.006005e+02 1.004448e+02
1.005999e+02 1.004448e+02
1.005990e+02 1.004448e+02
1.005980e+02 1.004448e+02
1.005964e+02 1.004448e+02
1.005963e+02 1.004448e+02
1.005955e+02 1.004448e+02
1.005946e+02 1.004448e+02
1.005932e+02 1.004448e+02
1.005929e+02 1.004448e+02
1.005918e+02 1.004448e+02
1.005913e+02 1.004448e+02
1.005909e+02 1.004448e+02
1.005903e+02 1.004448e+02
1.005893e+02 1.004448e+02
1.005888e+02 1.004448e+02
1.005883e+02 1.004448e+02
1.005879e+02 1.004448e+02
1.005875e+02 1.004448e+02
1.005871e+02 1.004448e+02
1.005865e+02 1.004448e+02
1.005860e+02 1.004448e+02
1.005856e+02 1.004448e+02
1.005853e+02 1.004448e+02
1.005847e+02 1.004448e+02
1.005843e+02 1.004448e+02
1.005838e+02 1.004448e+02
1.005832e+02 1.004448e+02
1.005830e+02 1.004448e+02
1.005821e+02 1.004448e+02
1.005818e+02 1.004448e+02
1.005815e+02 1.004448e+02
1.005813e+02 1.004448e+02
1.005809e+02 1.004448e+02
1.005803e+02 1.004448e+02
1.005797e+02 1.004448e+02
1.005791e+02 1.004448e+02
1.005764e+02 1.004393e+02
1.005760e+02 1.004393e+02
1.005758e+02 1.004393e+02
1.005757e+02 1.004393e+02
1.005752e+02 1.004393e+02
1.005750e+02 1.004393e+02
1.005748e+02 1.004393e+02
1.005746e+02 1.004393e+02
1.005745e+02 1.004393e+02
1.005741e+02 1.004393e+02
1.005737e+02 1.004393e+02
1.005732e+02 1.004393e+02
1.005732e+02 1.004393e+02
1.005730e+02 1.004393e+02
1.005727e+02 1.004393e+02
1.005724e+02 1.004393e+02
1.005719e+02 1.004393e+02
1.005718e+02 1.004393e+02
3.758749e+03 1.565143e+03
5.085536e+02 1.246769e+02
1.238732e+02 1.148673e+02
1.067729e+02 1.056633e+02
1.020847e+02 1.008185e+02
1.011944e+02 1.007070e+02
1.010619e+02 1.006196e+02
1.010085e+02 1.006196e+02
1.009634e+02 1.005984e+02
1.009253e+02 1.005566e+02
1.008657e+02 1.005465e+02
1.008283e+02 1.005291e+02
1.007961e+02 1.005112e+02
1.007762e+02 1.005046e+02
1.007624e+02 1.005046e+02
1.007531e+02 1.005046e+02
1.007427e+02 1.005046e+02
1.007347e+02 1.005027e+02
1.007244e+02 1.005027e+02
1.007179e+02 1.005027e+02
1.007118e+02 1.005027e+02
1.007050e+02 1.005027e+02
1.007009e+02 1.005027e+02
1.006997e+02 1.005027e+02
1.006978e+02 1.005027e+02
1.006928e+02 1.005027e+02
1.006904e+02 1.004278e+02
1.006858e+02 1.004278e+02
1.006820e+02 1.004278e+02
1.006798e+02 1.004278e+02
1.006755e+02 1.004278e+02
1.006664e+02 1.004278e+02
1.006584e+02 1.004192e+02
1.006545e+02 1.004192e+02
1.006468e+02 1.004192e+02
1.006408e+02 1.004192e+02
1.006344e+02 1.003969e+02
1.006294e+02 1.003969e+02
1.006238e+02 1.003969e+02
1.006200e+02 1.003969e+02
1.006158e+02 1.003969e+02
1.006128e+02 1.003969e+02
1.006087e+02 1.003969e+02
1.006068e+02 1.003969e+02
1.006053e+02 1.003969e+02
1.006037e+02 1.003969e+02
1.006008e+02 1.003969e+02
1.005995e+02 1.003969e+02
1.005976e+02 1.003969e+02
1.005785e+02 1.003899e+02
1.005768e+02 1.003899e+02
1.005755e+02 1.003899e+02
1.005734e+02 1.003899e+02
1.005716e+02 1.003899e+02
1.005711e+02 1.003899e+02
1.005697e+02 1.003899e+02
1.005686e+02 1.003899e+02
1.005680e+02 1.003899e+02
1.005671e+02 1.003899e+02
1.005667e+02 1.003899e+02
1.005664e+02 1.003899e+02
1.005662e+02 1.003899e+02
1.005660e+02 1.003847e+02
1.005643e+02 1.003847e+02
1.005632e+02 1.003847e+02
1.005625e+02 1.003847e+02
1.005621e+02 1.003847e+02
1.005608e+02 1.003847e+02
1.005602e+02 1.003847e+02
1.005584e+02 1.003835e+02
1.005576e+02 1.003835e+02
1.005568e+02 1.003835e+02
1.005564e+02 1.003835e+02
1.005550e+02 1.003835e+02
1.005539e+02 1.003835e+02
1.005534e+02 1.003835e+02
1.005530e+02 1.003835e+02
1.005524e+02 1.003835e+02
1.005523e+02 1.003835e+02
1.005520e+02 1.003835e+02
1.005516e+02 1.003835e+02
1.005513e+02 1.003835e+02
1.005504e+02 1.003835e+02
1.005502e+02 1.003835e+02
1.005498e+02 1.003835e+02
1.005479e+02 1.003696e+02
1.005478e+02 1.003696e+02
1.005476e+02 1.003696e+02
1.005465e+02 1.003696e+02
1.005463e+02 1.003696e+02
1.005449e+02 1.003540e+02
1.005447e+02 1.003540e+02
1.005441e+02 1.003540e+02
1.005437e+02 1.003540e+02
1.005434e+02 1.003540e+02
1.005431e+02 1.003540e+02
1.005428e+02 1.003540e+02
1.005426e+02 1.003540e+02
1.005424e+02 1.003540e+02
1.005421e+02 1.003540e+02
1.005417e+02 1.003540e+02
3.770263e+03 1.683762e+03
3.683078e+02 2.446120e+02
2.067073e+02 2.039750e+02
2.016417e+02 2.013047e+02
2.009666e+02 2.009010e+02
2.006891e+02 2.006473e+02
2.004699e+02 2.004462e+02
2.003618e+02 2.003482e+02
2.003069e+02 2.003005e+02
2.002671e+02 2.002620e+02
2.002453e+02 2.002433e+02
2.002266e+02 2.002237e+02
2.002007e+02 2.001974e+02
2.001800e+02 2.001779e+02
2.001604e+02 2.001581e+02
2.001457e+02 2.001442e+02
2.001392e+02 2.001383e+02
2.001357e+02 2.001352e+02
2.001317e+02 2.001311e+02
2.001277e+02 2.001272e+02
2.001255e+02 2.001253e+02
2.001234e+02 2.001231e+02
2.001211e+02 2.001207e+02
2.001185e+02 2.001181e+02
2.001145e+02 2.001140e+02
2.001116e+02 2.001111e+02
2.001085e+02 2.001080e+02
2.001062e+02 2.001059e+02
2.001043e+02 2.001041e+02
2.001020e+02 2.001017e+02
2.000987e+02 2.000981e+02
2.000967e+02 2.000965e+02
2.000955e+02 2.000952e+02
2.000939e+02 2.000937e+02
2.000928e+02 2.000926e+02
2.000915e+02 2.000913e+02
2.000901e+02 2.000899e+02
2.000888e+02 2.000886e+02
2.000876e+02 2.000873e+02
2.000862e+02 2.000860e+02
2.000853e+02 2.000852e+02
2.000846e+02 2.000845e+02
2.000839e+02 2.000838e+02
2.000834e+02 2.000833e+02
2.000832e+02 2.000831e+02
2.000829e+02 2.000828e+02
2.000825e+02 2.000825e+02
2.000822e+02 2.000822e+02
2.000819e+02 2.000818e+02
2.000815e+02 2.000814e+02
2.000812e+02 2.000811e+02
2.000810e+02 2.000810e+02
2.000808e+02 2.000807e+02
2.000806e+02 2.000805e+02
2.000803e+02 2.000802e+02
2.000800e+02 2.000799e+02
2.000797e+02 2.000796e+02
2.000793e+02 2.000792e+02
2.000790e+02 2.000789e+02
2.000787e+02 2.000787e+02
2.000786e+02 2.000785e+02
2.000784e+02 2.000783e+02
2.000781e+02 2.000781e+02
2.000780e+02 2.000779e+02
2.000777e+02 2.000777e+02
2.000775e+02 2.000775e+02
2.000773e+02 2.000773e+02
2.000772e+02 2.000772e+02
2.000770e+02 2.000770e+02
2.000769e+02 2.000768e+02
2.000767e+02 2.000766e+02
2.000765e+02 2.000765e+02
2.000763e+02 2.000763e+02
2.000760e+02 2.000760e+02
2.000758e+02 2.000758e+02
2.000756e+02 2.000756e+02
2.000754e+02 2.000754e+02
2.000753e+02 2.000753e+02
2.000751e+02 2.000750e+02
2.000748e+02 2.000748e+02
2.000746e+02 2.000746e+02
2.000744e+02 2.000743e+02
2.000740e+02 2.000739e+02
2.000735e+02 2.000735e+02
2.000731e+02 2.000731e+02
2.000728e+02 2.000727e+02
2.000724e+02 2.000724e+02
2.000721e+02 2.000721e+02
2.000719e+02 2.000718e+02
2.000716e+02 2.000716e+02
2.000711e+02 2.000710e+02
2.000706e+02 2.000704e+02
2.000698e+02 2.000698e+02
2.000694e+02 2.000693e+02
2.000690e+02 2.000689e+02
2.000686e+02 2.000685e+02
2.000681e+02 2.000680e+02
2.000675e+02 2.000674e+02
2.000667e+02 2.000666e+02
2.000656e+02 2.000655e+02
2.000647e+02 2.000646e+02
