7.700626e+04 2.118009e+04
4.616505e+02 1.068602e+02
2.757731e+02 1.063681e+02
4.859779e+02 6.972904e+01
4.645103e+02 6.099061e+01
3.668962e+02 5.882812e+01
3.003279e+02 5.834208e+01
2.534106e+02 5.808696e+01
1.130414e+02 5.801327e+01
8.000602e+01 5.798977e+01
6.897248e+01 5.796746e+01
7.354514e+01 5.795997e+01
5.795757e+01 5.795653e+01
5.795648e+01 5.795614e+01
5.795572e+01 5.795554e+01
5.795535e+01 5.795525e+01
5.795516e+01 5.795512e+01
5.795509e+01 5.795507e+01
5.795505e+01 5.795505e+01
5.795505e+01 5.795505e+01
5.795505e+01 5.795505e+01
1.003328e+03 8.147635e+01
1.389214e+02 8.147635e+01
7.772471e+01 7.127770e+01
6.578185e+01 6.387717e+01
6.192349e+01 6.039112e+01
6.029206e+01 5.965040e+01
5.956440e+01 5.901524e+01
5.909850e+01 5.863207e+01
5.881707e+01 5.841147e+01
5.863922e+01 5.826674e+01
5.850665e+01 5.814624e+01
5.838623e+01 5.802951e+01
5.825560e+01 5.788973e+01
5.814450e+01 5.782891e+01
5.805309e+01 5.775029e+01
5.799795e+01 5.770806e+01
5.794543e+01 5.770806e+01
5.790727e+01 5.770806e+01
5.787480e+01 5.769860e+01
5.784355e+01 5.760133e+01
5.781242e+01 5.760133e+01
5.778170e+01 5.754428e+01
5.775501e+01 5.749002e+01
5.773010e+01 5.749002e+01
5.770403e+01 5.749002e+01
5.768330e+01 5.749002e+01
5.766862e+01 5.749002e+01
5.765013e+01 5.748087e+01
5.763522e+01 5.744339e+01
5.762265e+01 5.744339e+01
5.760918e+01 5.744339e+01
5.759604e+01 5.744339e+01
5.757969e+01 5.744339e+01
5.756484e+01 5.742385e+01
5.755097e+01 5.740103e+01
5.753640e+01 5.739335e+01
5.751937e+01 5.735024e+01
5.750199e+01 5.735024e+01
5.748126e+01 5.735024e+01
5.742508e+01 5.696592e+01
5.689272e+01 5.661528e+01
5.630460e+01 5.625001e+01
5.613279e+01 5.612525e+01
5.610291e+01 5.610131e+01
5.608815e+01 5.608587e+01
5.605703e+01 5.605531e+01
5.603809e+01 5.603674e+01
5.602642e+01 5.602561e+01
5.601967e+01 5.601916e+01
5.601495e+01 5.601475e+01
5.601194e+01 5.601178e+01
5.600961e+01 5.600945e+01
5.600818e+01 5.600810e+01
5.600657e+01 5.600645e+01
5.600223e+01 5.600208e+01
5.600015e+01 5.600003e+01
5.599923e+01 5.599920e+01
5.599864e+01 5.599862e+01
5.599837e+01 5.599835e+01
5.599806e+01 5.599804e+01
5.599777e+01 5.599777e+01
5.599759e+01 5.599758e+01
5.599741e+01 5.599740e+01
5.599721e+01 5.599720e+01
5.599708e+01 5.599708e+01
5.599702e+01 5.599701e+01
5.599696e+01 5.599696e+01
5.599693e+01 5.599693e+01
5.599691e+01 5.599691e+01
5.599690e+01 5.599690e+01
5.599689e+01 5.599689e+01
5.599689e+01 5.599689e+01
5.599685e+01 5.599685e+01
5.599684e+01 5.599684e+01
5.599684e+01 5.599684e+01
5.599684e+01 5.599684e+01
5.599684e+01 5.599684e+01
5.599684e+01 5.599684e+01
5.599684e+01 5.599684e+01
5.599684e+01 5.599684e+01
7.842625e+04 2.123742e+04
1.542665e+02 1.537173e+02
1.695709e+02 1.535394e+02
6.544266e+02 1.454994e+02
4.685489e+02 1.327330e+02
9.335905e+02 1.275518e+02
7.387840e+02 1.195981e+02
6.748287e+02 1.153988e+02
5.548300e+02 1.145848e+02
3.643416e+02 1.143346e+02
2.961500e+02 1.142633e+02
1.247540e+02 1.142131e+02
2.144021e+02 1.141888e+02
1.352201e+02 1.141768e+02
1.141737e+02 1.141722e+02
1.141711e+02 1.141704e+02
1.246903e+02 1.141697e+02
1.141692e+02 1.141691e+02
1.141690e+02 1.141689e+02
1.141689e+02 1.141688e+02
1.141688e+02 1.141688e+02
1.141688e+02 1.141688e+02
1.141688e+02 1.141688e+02
1.141688e+02 1.141688e+02
7.336799e+02 3.683126e+02
1.888492e+02 1.667957e+02
1.351574e+02 1.298104e+02
1.211826e+02 1.187055e+02
1.163956e+02 1.151311e+02
1.138635e+02 1.126910e+02
1.125461e+02 1.117324e+02
1.118850e+02 1.112639e+02
1.114766e+02 1.109015e+02
1.112298e+02 1.106573e+02
1.110206e+02 1.105038e+02
1.108540e+02 1.102709e+02
1.107436e+02 1.102317e+02
1.106603e+02 1.102317e+02
1.105854e+02 1.101861e+02
1.105248e+02 1.101068e+02
1.104819e+02 1.100252e+02
1.104275e+02 1.099491e+02
1.103680e+02 1.098849e+02
1.103181e+02 1.097915e+02
1.102780e+02 1.097884e+02
1.102301e+02 1.097884e+02
1.101712e+02 1.097245e+02
1.101296e+02 1.097245e+02
1.100974e+02 1.097245e+02
1.100649e+02 1.097245e+02
1.100370e+02 1.097245e+02
1.100127e+02 1.097142e+02
1.099859e+02 1.097128e+02
1.099640e+02 1.096581e+02
1.099414e+02 1.096581e+02
1.099222e+02 1.096467e+02
1.099016e+02 1.095882e+02
1.098833e+02 1.095882e+02
1.098636e+02 1.095882e+02
1.098465e+02 1.095882e+02
1.098263e+02 1.095487e+02
1.098082e+02 1.094131e+02
1.097628e+02 1.093572e+02
1.096677e+02 1.093572e+02
1.096176e+02 1.092956e+02
1.095813e+02 1.092956e+02
1.095474e+02 1.092434e+02
1.095078e+02 1.091960e+02
1.094552e+02 1.091656e+02
1.093962e+02 1.091127e+02
1.093409e+02 1.090161e+02
1.092905e+02 1.090056e+02
1.092286e+02 1.089859e+02
1.091690e+02 1.089477e+02
1.091089e+02 1.088943e+02
1.090403e+02 1.087866e+02
1.089457e+02 1.084166e+02
1.088447e+02 1.083957e+02
1.087346e+02 1.082459e+02
1.086210e+02 1.081254e+02
1.085104e+02 1.081049e+02
1.084120e+02 1.079637e+02
1.083169e+02 1.079353e+02
1.082370e+02 1.078877e+02
1.081680e+02 1.077690e+02
1.081091e+02 1.077624e+02
1.080470e+02 1.077443e+02
1.080022e+02 1.077395e+02
1.079669e+02 1.077345e+02
1.079343e+02 1.077304e+02
1.079089e+02 1.077238e+02
1.078834e+02 1.077158e+02
1.078622e+02 1.077133e+02
1.078454e+02 1.077088e+02
1.078269e+02 1.077006e+02
1.078115e+02 1.076701e+02
1.077924e+02 1.076404e+02
1.077726e+02 1.076382e+02
1.077536e+02 1.076295e+02
1.077264e+02 1.076263e+02
1.076898e+02 1.076170e+02
7.449642e+04 2.306291e+04
5.986314e+02 1.268007e+02
4.489450e+02 1.264947e+02
6.599306e+02 1.167752e+02
6.689349e+02 1.111747e+02
3.736037e+02 1.096102e+02
2.600536e+02 1.091864e+02
2.246856e+02 1.090202e+02
1.871000e+02 1.089664e+02
1.171805e+02 1.089450e+02
1.418678e+02 1.089389e+02
1.089365e+02 1.089360e+02
1.089352e+02 1.089349e+02
1.089346e+02 1.089346e+02
1.089345e+02 1.089344e+02
1.089344e+02 1.089344e+02
1.089344e+02 1.089344e+02
1.089344e+02 1.089344e+02
1.089344e+02 1.089344e+02
6.792292e+02 1.653007e+02
1.941113e+02 1.646690e+02
1.353832e+02 1.285200e+02
1.188527e+02 1.164844e+02
1.138576e+02 1.124288e+02
1.119234e+02 1.103553e+02
1.109641e+02 1.098135e+02
1.104580e+02 1.089708e+02
1.101201e+02 1.088993e+02
1.098462e+02 1.087805e+02
1.096453e+02 1.079317e+02
1.094972e+02 1.079317e+02
1.093715e+02 1.079317e+02
1.092477e+02 1.079317e+02
1.091466e+02 1.079317e+02
1.090170e+02 1.079317e+02
1.089199e+02 1.079317e+02
1.088288e+02 1.077940e+02
1.087753e+02 1.077940e+02
1.087259e+02 1.075410e+02
1.086607e+02 1.075410e+02
1.085981e+02 1.075410e+02
1.085616e+02 1.075410e+02
1.085279e+02 1.075410e+02
1.084749e+02 1.075410e+02
1.084284e+02 1.073699e+02
1.083859e+02 1.073699e+02
1.083552e+02 1.073699e+02
1.083108e+02 1.073699e+02
1.082699e+02 1.073699e+02
1.082150e+02 1.071608e+02
1.081800e+02 1.071608e+02
1.081518e+02 1.071608e+02
1.079815e+02 1.071300e+02
1.078159e+02 1.070073e+02
1.076790e+02 1.068944e+02
1.075473e+02 1.066710e+02
1.074261e+02 1.065871e+02
1.073092e+02 1.065701e+02
1.072192e+02 1.065180e+02
1.071319e+02 1.064482e+02
1.070587e+02 1.064113e+02
1.069799e+02 1.063345e+02
1.069043e+02 1.063080e+02
1.068061e+02 1.062434e+02
1.067090e+02 1.062259e+02
1.066287e+02 1.061100e+02
1.065463e+02 1.060719e+02
1.064723e+02 1.059553e+02
1.063893e+02 1.059228e+02
1.062988e+02 1.057545e+02
1.061979e+02 1.056295e+02
1.060990e+02 1.054087e+02
1.060069e+02 1.053377e+02
1.059000e+02 1.053023e+02
1.058048e+02 1.052204e+02
1.056963e+02 1.050404e+02
1.056023e+02 1.050115e+02
1.055074e+02 1.049889e+02
1.054266e+02 1.049766e+02
1.053364e+02 1.049308e+02
1.052613e+02 1.048738e+02
1.051810e+02 1.047734e+02
1.050886e+02 1.047249e+02
1.050011e+02 1.046709e+02
1.049012e+02 1.045417e+02
1.048015e+02 1.044672e+02
1.047060e+02 1.043518e+02
1.045910e+02 1.042437e+02
1.044433e+02 1.041366e+02
1.043030e+02 1.039482e+02
1.041129e+02 1.037149e+02
1.038597e+02 1.035587e+02
1.035255e+02 1.031328e+02
1.029970e+02 1.025481e+02
1.022455e+02 1.013784e+02
1.009145e+02 1.001346e+02
9.764030e+01 9.604647e+01
9.279117e+01 9.118476e+01
8.505538e+01 8.407140e+01
7.211669e+01 7.124538e+01
6.196284e+01 6.186703e+01
7.905660e+04 2.306108e+04
4.559876e+02 1.166733e+02
3.145731e+02 1.165818e+02
3.113688e+02 7.339712e+01
4.233846e+02 6.122190e+01
4.109159e+02 5.884346e+01
3.397721e+02 5.806117e+01
3.876575e+02 5.779157e+01
3.000132e+02 5.771812e+01
1.128027e+02 5.767476e+01
6.869258e+01 5.766161e+01
9.988240e+01 5.765856e+01
1.934715e+02 5.765549e+01
5.765434e+01 5.765395e+01
5.765333e+01 5.765316e+01
5.765309e+01 5.765299e+01
5.765288e+01 5.765282e+01
5.765275e+01 5.765272e+01
5.765272e+01 5.765271e+01
5.765271e+01 5.765270e+01
5.765270e+01 5.765270e+01
2.791782e+03 1.233683e+02
1.943456e+02 1.172589e+02
8.919028e+01 8.000049e+01
6.875422e+01 6.613948e+01
6.314833e+01 6.156652e+01
6.079161e+01 5.989800e+01
5.977800e+01 5.906524e+01
5.922759e+01 5.874400e+01
5.886615e+01 5.836423e+01
5.865740e+01 5.814673e+01
5.851738e+01 5.806726e+01
5.839277e+01 5.802075e+01
5.830122e+01 5.797577e+01
5.821724e+01 5.790113e+01
5.815306e+01 5.782973e+01
5.809992e+01 5.777423e+01
5.804283e+01 5.777423e+01
5.799063e+01 5.770681e+01
5.795244e+01 5.766502e+01
5.791648e+01 5.766502e+01
5.787860e+01 5.759521e+01
5.784940e+01 5.757682e+01
5.782298e+01 5.757682e+01
5.780257e+01 5.757682e+01
5.778231e+01 5.755076e+01
5.775908e+01 5.754302e+01
5.769407e+01 5.752447e+01
5.764008e+01 5.742989e+01
5.759399e+01 5.740284e+01
5.755730e+01 5.735675e+01
5.752710e+01 5.735236e+01
5.749759e+01 5.732864e+01
5.747259e+01 5.730060e+01
5.744850e+01 5.728727e+01
5.742107e+01 5.728087e+01
5.739668e+01 5.722865e+01
5.737175e+01 5.721763e+01
5.734760e+01 5.719792e+01
5.732715e+01 5.712395e+01
5.730603e+01 5.707368e+01
5.728739e+01 5.702422e+01
5.726387e+01 5.698450e+01
5.723695e+01 5.669266e+01
5.719915e+01 5.658416e+01
5.715113e+01 5.658375e+01
5.710087e+01 5.654510e+01
5.704010e+01 5.647583e+01
5.697462e+01 5.644818e+01
5.690958e+01 5.639532e+01
5.684665e+01 5.633314e+01
5.678504e+01 5.623040e+01
5.671936e+01 5.622540e+01
5.664919e+01 5.622014e+01
5.658664e+01 5.619707e+01
5.652986e+01 5.616369e+01
5.648576e+01 5.615571e+01
5.643218e+01 5.615076e+01
5.638563e+01 5.614034e+01
5.634709e+01 5.607061e+01
5.630729e+01 5.597501e+01
5.627706e+01 5.597000e+01
5.624199e+01 5.595201e+01
5.621141e+01 5.592298e+01
5.618195e+01 5.591722e+01
5.615591e+01 5.590842e+01
5.613561e+01 5.590267e+01
5.611371e+01 5.588646e+01
5.609788e+01 5.587995e+01
5.608171e+01 5.587408e+01
5.606510e+01 5.586390e+01
5.604806e+01 5.585996e+01
5.603078e+01 5.584642e+01
5.601780e+01 5.584252e+01
5.600246e+01 5.584021e+01
5.598773e+01 5.583517e+01
5.597002e+01 5.583311e+01
5.595322e+01 5.582861e+01
5.593270e+01 5.582640e+01
5.590639e+01 5.582378e+01
5.587502e+01 5.582040e+01
7.949214e+04 1.748726e+04
3.682352e+02 1.280816e+02
3.131755e+02 1.278208e+02
4.017174e+02 9.648643e+01
4.678041e+02 6.410592e+01
3.703100e+02 5.914328e+01
3.693860e+02 5.792086e+01
3.242725e+02 5.743548e+01
2.853806e+02 5.731311e+01
1.952416e+02 5.725137e+01
5.724458e+01 5.723289e+01
9.031435e+01 5.722240e+01
6.824458e+01 5.721388e+01
5.721156e+01 5.721071e+01
5.721008e+01 5.720967e+01
5.720934e+01 5.720923e+01
5.720913e+01 5.720908e+01
5.720903e+01 5.720900e+01
5.720899e+01 5.720898e+01
5.720897e+01 5.720897e+01
5.720897e+01 5.720897e+01
4.994070e+03 9.631308e+01
2.260104e+02 9.631308e+01
8.893138e+01 7.497523e+01
6.739275e+01 6.477352e+01
6.134116e+01 5.917573e+01
5.859436e+01 5.713860e+01
5.737752e+01 5.613769e+01
5.680652e+01 5.593484e+01
5.647326e+01 5.568990e+01
5.622017e+01 5.543560e+01
5.605016e+01 5.529170e+01
5.584416e+01 5.516010e+01
5.571427e+01 5.497741e+01
5.561196e+01 5.485851e+01
5.551178e+01 5.484159e+01
5.542297e+01 5.476431e+01
5.534756e+01 5.476431e+01
5.525930e+01 5.454199e+01
5.519232e+01 5.454199e+01
5.513187e+01 5.454199e+01
5.506623e+01 5.449322e+01
5.501503e+01 5.422322e+01
5.496302e+01 5.422322e+01
5.491293e+01 5.422322e+01
5.487664e+01 5.422322e+01
5.484778e+01 5.422322e+01
5.481017e+01 5.422322e+01
5.478190e+01 5.422322e+01
5.475257e+01 5.422322e+01
5.472107e+01 5.422322e+01
5.469812e+01 5.422322e+01
5.468154e+01 5.422322e+01
5.466055e+01 5.422322e+01
5.463992e+01 5.422322e+01
5.461680e+01 5.419526e+01
5.458706e+01 5.419526e+01
5.456051e+01 5.419526e+01
5.454708e+01 5.419526e+01
5.451896e+01 5.416208e+01
5.449573e+01 5.403068e+01
5.439473e+01 5.400137e+01
5.428563e+01 5.380284e+01
5.420937e+01 5.380284e+01
5.415800e+01 5.374668e+01
5.410445e+01 5.371653e+01
5.405750e+01 5.359629e+01
5.401635e+01 5.359285e+01
5.397467e+01 5.358981e+01
5.390868e+01 5.355093e+01
5.384492e+01 5.352252e+01
5.378447e+01 5.349764e+01
5.373190e+01 5.348423e+01
5.366106e+01 5.341739e+01
5.359247e+01 5.337032e+01
5.353590e+01 5.327376e+01
5.347847e+01 5.322157e+01
5.341430e+01 5.312269e+01
5.333654e+01 5.291745e+01
5.323028e+01 5.281212e+01
5.312033e+01 5.271978e+01
5.300697e+01 5.238154e+01
5.289954e+01 5.236003e+01
5.280800e+01 5.234082e+01
5.270627e+01 5.231408e+01
5.261979e+01 5.228662e+01
5.254350e+01 5.218620e+01
5.248246e+01 5.216070e+01
5.241845e+01 5.213977e+01
5.237646e+01 5.212380e+01
5.232964e+01 5.212235e+01
5.229049e+01 5.211835e+01
5.225350e+01 5.210842e+01
5.222471e+01 5.208637e+01
5.219568e+01 5.208079e+01
5.216806e+01 5.207787e+01
5.213929e+01 5.206962e+01
5.211869e+01 5.204740e+01
5.209711e+01 5.203657e+01
5.206931e+01 5.201488e+01
5.202590e+01 5.199593e+01
7.630865e+04 2.380317e+04
8.461950e+01 8.376156e+01
8.423335e+01 8.318384e+01
3.292746e+02 6.891587e+01
4.460009e+02 5.993352e+01
5.099264e+02 5.634219e+01
3.352704e+02 5.560727e+01
3.408791e+02 5.528828e+01
2.409876e+02 5.516118e+01
1.396265e+02 5.510654e+01
1.506651e+02 5.508575e+01
1.657047e+02 5.507677e+01
5.507416e+01 5.507345e+01
5.507284e+01 5.507246e+01
5.507199e+01 5.507182e+01
5.507158e+01 5.507152e+01
5.507145e+01 5.507142e+01
5.507138e+01 5.507137e+01
5.507137e+01 5.507137e+01
5.507137e+01 5.507137e+01
5.507137e+01 5.507137e+01
4.734660e+02 1.061436e+02
1.168235e+02 9.671992e+01
7.351326e+01 6.770970e+01
6.282138e+01 6.087309e+01
5.848165e+01 5.747993e+01
5.669034e+01 5.598815e+01
5.591355e+01 5.519966e+01
5.547478e+01 5.491302e+01
5.524740e+01 5.476366e+01
5.507934e+01 5.466726e+01
5.495072e+01 5.445376e+01
5.486217e+01 5.445376e+01
5.478874e+01 5.442460e+01
5.472408e+01 5.432701e+01
5.467273e+01 5.432701e+01
5.462945e+01 5.431702e+01
5.458082e+01 5.428030e+01
5.454336e+01 5.416933e+01
5.450272e+01 5.416933e+01
5.446395e+01 5.413859e+01
5.442940e+01 5.413297e+01
5.439363e+01 5.411764e+01
5.436321e+01 5.404066e+01
5.433185e+01 5.403056e+01
5.430046e+01 5.403056e+01
5.427281e+01 5.401497e+01
5.424418e+01 5.392524e+01
5.421603e+01 5.392524e+01
5.419411e+01 5.392524e+01
5.417010e+01 5.392282e+01
5.414414e+01 5.392282e+01
5.412309e+01 5.392282e+01
5.410359e+01 5.388286e+01
5.408448e+01 5.388286e+01
5.406575e+01 5.382650e+01
5.404661e+01 5.382650e+01
5.402716e+01 5.382650e+01
5.401407e+01 5.381286e+01
5.400054e+01 5.378291e+01
5.398812e+01 5.378291e+01
5.391035e+01 5.370566e+01
5.385218e+01 5.363578e+01
5.380866e+01 5.359538e+01
5.377890e+01 5.358168e+01
5.375428e+01 5.358146e+01
5.373440e+01 5.357399e+01
5.371119e+01 5.355779e+01
5.369014e+01 5.355718e+01
5.366981e+01 5.354324e+01
5.365174e+01 5.352874e+01
5.363267e+01 5.351728e+01
5.360774e+01 5.350071e+01
5.358356e+01 5.348251e+01
5.355740e+01 5.345012e+01
5.352452e+01 5.340518e+01
5.349377e+01 5.334531e+01
5.346131e+01 5.329708e+01
5.341747e+01 5.312830e+01
5.336197e+01 5.305601e+01
5.328375e+01 5.292474e+01
5.319176e+01 5.274220e+01
5.310477e+01 5.266663e+01
5.299691e+01 5.265512e+01
5.290254e+01 5.258162e+01
5.281623e+01 5.253178e+01
5.273039e+01 5.246554e+01
5.265813e+01 5.244004e+01
5.259199e+01 5.243741e+01
5.253832e+01 5.242941e+01
5.250058e+01 5.241714e+01
5.246325e+01 5.241070e+01
5.243916e+01 5.238528e+01
5.241962e+01 5.236373e+01
5.240294e+01 5.235407e+01
5.238908e+01 5.234496e+01
5.237464e+01 5.234312e+01
5.236497e+01 5.234128e+01
5.235463e+01 5.233449e+01
5.234406e+01 5.233338e+01
5.233369e+01 5.233130e+01
7.597062e+04 2.393960e+04
1.034630e+02 1.028199e+02
1.030949e+02 1.021994e+02
9.367678e+01 9.279703e+01
9.127737e+01 9.108107e+01
9.090257e+01 9.073190e+01
9.050518e+01 9.042188e+01
9.035769e+01 9.032689e+01
9.028520e+01 9.027567e+01
9.026065e+01 9.025672e+01
9.025086e+01 9.024934e+01
9.024641e+01 9.024569e+01
9.024505e+01 9.024471e+01
9.024443e+01 9.024434e+01
9.024421e+01 9.024417e+01
9.024413e+01 9.024411e+01
9.024410e+01 9.024409e+01
9.024409e+01 9.024409e+01
9.024409e+01 9.024409e+01
4.669903e+03 1.429034e+02
2.574393e+02 1.429034e+02
1.258027e+02 1.143084e+02
1.022271e+02 9.715267e+01
9.413532e+01 9.148172e+01
8.741157e+01 8.567946e+01
7.819820e+01 7.682329e+01
7.039502e+01 6.909291e+01
6.506968e+01 6.393369e+01
6.299028e+01 6.215185e+01
6.225213e+01 6.161976e+01
6.176411e+01 6.118286e+01
6.143456e+01 6.101770e+01
6.121318e+01 6.067523e+01
6.102931e+01 6.061337e+01
6.090316e+01 6.050842e+01
6.077749e+01 6.034756e+01
6.067721e+01 6.026082e+01
6.058514e+01 6.019674e+01
6.050278e+01 6.004738e+01
6.043645e+01 6.003903e+01
6.037335e+01 5.993446e+01
6.030228e+01 5.978599e+01
6.023543e+01 5.974864e+01
6.017523e+01 5.974864e+01
6.012666e+01 5.968807e+01
6.008691e+01 5.968807e+01
6.005458e+01 5.968807e+01
6.001528e+01 5.968807e+01
5.997922e+01 5.968807e+01
5.995152e+01 5.960189e+01
5.992960e+01 5.960189e+01
5.990128e+01 5.954240e+01
5.986249e+01 5.951541e+01
5.983015e+01 5.951541e+01
5.980807e+01 5.951541e+01
5.978337e+01 5.951541e+01
5.976076e+01 5.951017e+01
5.973690e+01 5.949404e+01
5.968310e+01 5.937692e+01
5.957838e+01 5.925375e+01
5.951209e+01 5.921874e+01
5.946230e+01 5.917693e+01
5.941380e+01 5.904428e+01
5.937271e+01 5.904002e+01
5.933260e+01 5.902100e+01
5.929336e+01 5.895256e+01
5.925702e+01 5.892810e+01
5.922821e+01 5.892758e+01
5.919453e+01 5.890050e+01
5.915163e+01 5.885214e+01
5.909990e+01 5.881947e+01
5.904745e+01 5.877501e+01
5.899800e+01 5.874621e+01
5.894236e+01 5.871304e+01
5.887945e+01 5.856455e+01
5.879811e+01 5.845929e+01
5.871817e+01 5.820819e+01
5.864296e+01 5.820326e+01
5.855886e+01 5.814208e+01
5.847325e+01 5.810703e+01
5.840146e+01 5.800598e+01
5.832819e+01 5.796048e+01
5.824897e+01 5.788373e+01
5.817749e+01 5.782746e+01
5.811793e+01 5.779399e+01
5.806555e+01 5.778452e+01
5.801141e+01 5.777296e+01
5.796127e+01 5.775656e+01
5.790951e+01 5.771735e+01
5.787152e+01 5.769422e+01
5.783265e+01 5.763124e+01
5.779643e+01 5.762146e+01
5.775855e+01 5.757471e+01
5.772654e+01 5.756000e+01
5.769581e+01 5.754963e+01
5.766637e+01 5.752230e+01
5.763430e+01 5.751678e+01
5.760992e+01 5.750979e+01
5.757844e+01 5.749826e+01
5.753593e+01 5.746547e+01
5.749176e+01 5.744775e+01
7.837391e+04 1.663847e+04
3.780790e+02 1.265883e+02
3.620471e+02 1.263389e+02
3.187171e+02 8.528139e+01
2.974224e+02 5.788665e+01
3.789709e+02 5.451377e+01
2.848715e+02 5.383787e+01
1.532324e+02 5.361866e+01
1.178807e+02 5.349252e+01
6.452193e+01 5.344756e+01
1.489666e+02 5.342923e+01
6.448327e+01 5.342137e+01
5.342049e+01 5.341958e+01
5.341896e+01 5.341857e+01
5.341809e+01 5.341798e+01
5.341782e+01 5.341777e+01
5.341772e+01 5.341771e+01
5.341768e+01 5.341768e+01
5.341768e+01 5.341768e+01
5.341768e+01 5.341768e+01
5.699486e+02 2.097170e+02
1.461026e+02 1.131614e+02
8.037782e+01 7.337951e+01
6.422773e+01 6.143843e+01
5.811070e+01 5.687491e+01
5.584275e+01 5.505310e+01
5.489378e+01 5.382035e+01
5.443786e+01 5.361327e+01
5.418257e+01 5.358700e+01
5.399689e+01 5.340956e+01
5.385002e+01 5.321086e+01
5.372454e+01 5.321086e+01
5.362795e+01 5.318337e+01
5.353839e+01 5.316858e+01
5.345989e+01 5.300682e+01
5.339597e+01 5.300682e+01
5.335348e+01 5.300682e+01
5.329963e+01 5.283416e+01
5.325330e+01 5.283416e+01
5.321089e+01 5.283416e+01
5.316996e+01 5.283416e+01
5.313670e+01 5.283416e+01
5.309999e+01 5.278364e+01
5.306888e+01 5.278364e+01
5.304804e+01 5.278364e+01
5.302879e+01 5.274455e+01
5.300348e+01 5.273550e+01
5.297980e+01 5.269806e+01
5.295884e+01 5.269806e+01
5.293060e+01 5.269806e+01
5.290772e+01 5.259974e+01
5.288539e+01 5.259974e+01
5.286145e+01 5.259974e+01
5.284063e+01 5.249412e+01
5.281506e+01 5.249412e+01
5.278642e+01 5.249412e+01
5.275998e+01 5.249412e+01
5.272360e+01 5.248153e+01
5.268574e+01 5.238840e+01
5.263851e+01 5.238840e+01
5.256834e+01 5.229330e+01
5.246183e+01 5.221597e+01
5.234864e+01 5.216270e+01
5.218604e+01 5.189822e+01
5.161228e+01 5.136241e+01
5.108081e+01 5.104316e+01
5.094547e+01 5.093837e+01
5.090863e+01 5.090641e+01
5.088226e+01 5.087852e+01
5.086458e+01 5.086382e+01
5.085246e+01 5.085126e+01
5.084338e+01 5.084292e+01
5.083580e+01 5.083538e+01
5.082885e+01 5.082851e+01
5.082425e+01 5.082412e+01
5.082311e+01 5.082303e+01
5.082226e+01 5.082222e+01
5.082172e+01 5.082169e+01
5.082109e+01 5.082106e+01
5.082060e+01 5.082056e+01
5.081997e+01 5.081994e+01
5.081948e+01 5.081945e+01
5.081889e+01 5.081887e+01
5.081853e+01 5.081851e+01
5.081830e+01 5.081829e+01
5.081807e+01 5.081806e+01
5.081790e+01 5.081789e+01
5.081780e+01 5.081779e+01
5.081760e+01 5.081760e+01
5.081744e+01 5.081744e+01
5.081735e+01 5.081735e+01
5.081730e+01 5.081730e+01
5.081722e+01 5.081722e+01
5.081718e+01 5.081718e+01
5.081715e+01 5.081714e+01
5.081710e+01 5.081710e+01
5.081702e+01 5.081702e+01
5.081696e+01 5.081696e+01
5.081694e+01 5.081694e+01
5.081692e+01 5.081692e+01
5.081691e+01 5.081691e+01
8.031566e+04 2.586228e+04
7.249994e+02 1.216009e+02
3.972000e+02 1.219332e+02
6.760953e+02 1.184818e+02
5.957370e+02 1.175828e+02
5.815309e+02 1.151754e+02
4.584573e+02 1.140562e+02
2.425662e+02 1.135845e+02
4.109414e+02 1.133782e+02
2.077757e+02 1.132328e+02
2.915595e+02 1.131456e+02
2.434034e+02 1.131090e+02
1.973016e+02 1.130953e+02
1.651292e+02 1.130840e+02
2.537181e+02 1.130770e+02
2.580956e+02 1.130544e+02
2.986456e+02 1.129667e+02
2.488947e+02 1.129280e+02
1.284720e+02 1.129159e+02
1.284661e+02 1.129106e+02
1.451293e+02 1.129087e+02
1.517945e+02 1.129080e+02
1.129078e+02 1.129077e+02
1.129075e+02 1.129075e+02
1.129074e+02 1.129074e+02
1.129074e+02 1.129074e+02
1.129074e+02 1.129074e+02
1.129074e+02 1.129074e+02
5.190098e+02 1.717126e+02
1.689616e+02 1.525542e+02
1.287613e+02 1.249420e+02
1.187938e+02 1.168703e+02
1.160776e+02 1.147706e+02
1.150216e+02 1.138334e+02
1.144232e+02 1.131368e+02
1.139519e+02 1.125844e+02
1.136209e+02 1.125844e+02
1.133265e+02 1.117769e+02
1.130615e+02 1.117769e+02
1.128278e+02 1.117769e+02
1.126631e+02 1.117769e+02
1.125463e+02 1.115248e+02
1.124445e+02 1.115248e+02
1.123434e+02 1.115248e+02
1.122752e+02 1.115248e+02
1.122326e+02 1.115248e+02
1.121771e+02 1.114817e+02
1.120856e+02 1.110790e+02
1.118674e+02 1.110633e+02
1.116678e+02 1.109566e+02
1.115085e+02 1.107483e+02
1.113659e+02 1.106723e+02
1.112422e+02 1.104428e+02
1.111315e+02 1.103497e+02
1.110352e+02 1.103249e+02
1.109411e+02 1.103100e+02
1.108614e+02 1.102676e+02
1.107864e+02 1.102071e+02
1.107103e+02 1.101813e+02
1.106421e+02 1.101014e+02
1.105726e+02 1.100722e+02
1.104934e+02 1.100193e+02
1.104275e+02 1.099866e+02
1.103671e+02 1.098643e+02
1.103114e+02 1.098030e+02
1.102637e+02 1.097637e+02
1.102169e+02 1.097574e+02
1.101717e+02 1.097126e+02
1.101227e+02 1.095606e+02
1.100656e+02 1.094964e+02
1.100009e+02 1.094072e+02
1.099284e+02 1.093088e+02
1.098490e+02 1.092497e+02
1.097595e+02 1.091694e+02
1.096718e+02 1.090735e+02
1.095920e+02 1.090430e+02
1.095118e+02 1.088890e+02
1.094355e+02 1.088080e+02
1.093470e+02 1.088036e+02
1.092895e+02 1.087846e+02
1.092375e+02 1.087598e+02
1.091856e+02 1.087395e+02
1.091288e+02 1.087136e+02
1.090778e+02 1.086920e+02
1.090333e+02 1.086491e+02
1.089912e+02 1.086065e+02
1.089530e+02 1.085978e+02
1.089150e+02 1.085492e+02
1.088787e+02 1.085252e+02
1.088417e+02 1.085029e+02
1.088109e+02 1.084959e+02
1.087743e+02 1.084848e+02
1.087377e+02 1.084772e+02
1.087017e+02 1.084560e+02
1.086608e+02 1.084375e+02
1.086215e+02 1.084055e+02
1.085758e+02 1.083887e+02
1.085247e+02 1.083614e+02
1.084757e+02 1.083081e+02
1.084092e+02 1.082788e+02
1.083271e+02 1.082484e+02
7.526197e+04 2.021237e+04
4.654829e+02 1.171410e+02
3.855322e+02 1.166960e+02
3.829192e+02 1.140529e+02
4.893304e+02 1.131869e+02
3.011028e+02 1.123240e+02
4.843066e+02 1.120065e+02
1.977267e+02 1.118482e+02
2.214285e+02 1.118151e+02
1.665008e+02 1.117935e+02
1.277504e+02 1.117887e+02
1.117828e+02 1.117816e+02
1.311511e+02 1.117793e+02
1.117787e+02 1.117784e+02
1.117781e+02 1.117779e+02
1.117779e+02 1.117778e+02
1.117777e+02 1.117777e+02
1.117777e+02 1.117776e+02
1.117776e+02 1.117776e+02
1.117776e+02 1.117776e+02
1.117776e+02 1.117776e+02
8.423389e+02 1.518297e+02
1.924839e+02 1.518297e+02
1.347136e+02 1.279932e+02
1.207706e+02 1.178308e+02
1.158229e+02 1.145258e+02
1.140070e+02 1.126775e+02
1.129033e+02 1.116326e+02
1.122178e+02 1.112194e+02
1.117948e+02 1.108007e+02
1.115194e+02 1.107961e+02
1.112819e+02 1.105525e+02
1.111257e+02 1.103650e+02
1.110258e+02 1.103650e+02
1.109234e+02 1.103650e+02
1.108485e+02 1.100428e+02
1.107495e+02 1.100428e+02
1.106684e+02 1.096668e+02
1.105913e+02 1.096668e+02
1.105268e+02 1.096668e+02
1.104507e+02 1.096668e+02
1.103883e+02 1.096668e+02
1.103077e+02 1.096366e+02
1.102560e+02 1.096048e+02
1.101993e+02 1.096003e+02
1.101437e+02 1.096003e+02
1.100997e+02 1.093600e+02
1.100570e+02 1.093600e+02
1.100052e+02 1.092772e+02
1.099723e+02 1.092772e+02
1.099371e+02 1.092772e+02
1.098912e+02 1.092772e+02
1.098597e+02 1.092772e+02
1.098311e+02 1.092772e+02
1.097943e+02 1.091731e+02
1.097641e+02 1.091731e+02
1.097329e+02 1.091731e+02
1.096961e+02 1.091731e+02
1.096683e+02 1.091065e+02
1.096280e+02 1.090456e+02
1.095880e+02 1.090065e+02
1.094175e+02 1.089372e+02
1.092836e+02 1.088203e+02
1.091898e+02 1.088013e+02
1.091272e+02 1.087291e+02
1.090758e+02 1.086937e+02
1.090121e+02 1.086541e+02
1.089299e+02 1.086124e+02
1.088445e+02 1.085693e+02
1.087592e+02 1.084963e+02
1.086574e+02 1.083886e+02
1.085662e+02 1.083023e+02
1.084902e+02 1.082224e+02
1.084259e+02 1.081676e+02
1.083639e+02 1.080228e+02
1.082894e+02 1.079405e+02
1.082047e+02 1.078882e+02
1.081102e+02 1.077643e+02
1.080069e+02 1.075045e+02
1.078942e+02 1.074280e+02
1.077739e+02 1.073963e+02
1.076643e+02 1.072618e+02
1.075458e+02 1.071727e+02
1.074530e+02 1.071215e+02
1.073574e+02 1.069806e+02
1.072672e+02 1.069447e+02
1.071786e+02 1.068912e+02
1.070955e+02 1.067845e+02
1.070101e+02 1.067595e+02
1.069309e+02 1.067007e+02
1.068437e+02 1.066397e+02
1.067391e+02 1.065795e+02
1.066248e+02 1.064566e+02
1.064912e+02 1.063319e+02
1.062902e+02 1.060865e+02
1.060357e+02 1.058696e+02
1.056431e+02 1.054954e+02
1.049522e+02 1.046642e+02
1.036543e+02 1.034928e+02
1.004458e+02 1.001236e+02
9.344201e+01 9.327387e+01
7.428388e+04 2.344965e+04
7.234267e+02 1.193259e+02
7.077113e+02 1.194312e+02
7.671433e+02 1.094746e+02
7.688232e+02 1.045261e+02
6.462292e+02 9.944258e+01
2.755077e+02 1.025260e+02
6.331914e+02 9.861198e+01
5.691872e+02 9.900799e+01
4.819866e+02 9.996382e+01
5.399059e+02 9.853816e+01
5.597545e+02 9.747900e+01
4.229109e+02 9.671413e+01
4.551564e+02 9.613787e+01
4.532929e+02 9.584252e+01
3.367958e+02 9.574141e+01
2.338911e+02 9.567222e+01
1.314141e+02 9.564205e+01
1.198341e+02 9.563053e+01
1.080544e+02 9.562696e+01
9.562564e+01 9.562536e+01
9.562512e+01 9.562490e+01
9.562480e+01 9.562472e+01
9.562462e+01 9.562458e+01
9.562456e+01 9.562455e+01
9.562453e+01 9.562452e+01
9.562452e+01 9.562452e+01
9.562451e+01 9.562451e+01
9.562451e+01 9.562451e+01
9.562451e+01 9.562451e+01
9.562451e+01 9.562451e+01
2.074648e+02 9.562450e+01
2.571715e+02 9.562450e+01
2.695982e+02 9.562450e+01
3.130917e+02 9.562450e+01
9.566261e+01 9.566261e+01
3.194191e+02 9.566256e+01
2.840891e+02 9.566250e+01
4.018556e+02 9.566248e+01
3.311957e+02 9.566248e+01
2.723124e+02 9.566248e+01
3.464672e+02 9.566180e+01
5.054340e+02 9.564391e+01
5.119309e+02 9.567568e+01
4.118817e+02 9.585930e+01
6.060992e+02 9.641282e+01
6.500768e+02 9.650614e+01
7.263123e+02 9.761887e+01
5.401275e+02 1.120676e+02
7.207263e+02 1.146702e+02
5.761593e+02 1.207606e+02
7.921620e+02 1.127252e+02
6.944184e+02 1.147682e+02
1.629206e+02 1.422888e+02
1.059108e+02 1.031817e+02
9.876120e+01 9.746679e+01
9.737086e+01 9.632160e+01
9.681648e+01 9.608290e+01
9.640119e+01 9.541443e+01
9.608881e+01 9.538500e+01
9.591776e+01 9.523784e+01
9.576476e+01 9.523784e+01
9.557350e+01 9.493501e+01
9.538577e+01 9.481058e+01
9.522922e+01 9.459814e+01
9.507124e+01 9.455320e+01
9.489750e+01 9.442269e+01
9.466788e+01 9.412786e+01
9.440630e+01 9.399085e+01
9.395326e+01 9.367886e+01
9.333512e+01 9.322591e+01
9.303800e+01 9.301412e+01
9.292649e+01 9.292227e+01
9.279621e+01 9.279178e+01
9.271145e+01 9.270684e+01
9.264312e+01 9.263957e+01
9.239088e+01 9.238538e+01
9.192214e+01 9.190911e+01
9.158128e+01 9.157319e+01
9.153047e+01 9.152941e+01
9.152151e+01 9.152121e+01
9.150405e+01 9.150341e+01
9.147154e+01 9.147066e+01
9.146312e+01 9.146295e+01
9.145993e+01 9.145983e+01
9.145812e+01 9.145808e+01
9.145754e+01 9.145753e+01
9.145720e+01 9.145719e+01
9.145563e+01 9.145560e+01
9.145498e+01 9.145496e+01
9.145461e+01 9.145460e+01
9.145432e+01 9.145431e+01
9.145408e+01 9.145408e+01
9.145387e+01 9.145387e+01
9.145370e+01 9.145370e+01
9.145358e+01 9.145358e+01
9.145352e+01 9.145352e+01
9.145346e+01 9.145346e+01
9.145341e+01 9.145341e+01
9.145338e+01 9.145338e+01
9.145336e+01 9.145336e+01
7.545284e+04 1.890684e+04
7.868476e+02 1.140753e+02
3.792943e+02 1.143885e+02
5.702273e+02 1.111339e+02
5.076298e+02 1.099954e+02
3.019112e+02 1.094559e+02
3.399113e+02 1.092493e+02
1.693472e+02 1.091619e+02
1.528012e+02 1.091416e+02
1.653893e+02 1.091313e+02
1.334841e+02 1.091251e+02
1.091243e+02 1.091239e+02
1.091231e+02 1.091229e+02
1.091227e+02 1.091226e+02
1.091225e+02 1.091225e+02
1.091225e+02 1.091224e+02
1.091224e+02 1.091224e+02
1.091224e+02 1.091224e+02
1.091224e+02 1.091224e+02
1.091224e+02 1.091224e+02
4.578569e+02 1.315426e+02
1.666270e+02 1.315426e+02
1.271231e+02 1.216200e+02
1.179346e+02 1.161666e+02
1.140873e+02 1.128453e+02
1.126099e+02 1.116823e+02
1.119002e+02 1.111004e+02
1.114875e+02 1.106065e+02
1.111446e+02 1.103865e+02
1.108845e+02 1.101927e+02
1.107139e+02 1.100999e+02
1.105737e+02 1.099643e+02
1.104712e+02 1.099643e+02
1.103895e+02 1.098636e+02
1.103163e+02 1.098636e+02
1.102391e+02 1.096800e+02
1.101666e+02 1.096800e+02
1.101157e+02 1.096149e+02
1.100625e+02 1.095492e+02
1.099977e+02 1.094367e+02
1.099219e+02 1.094264e+02
1.098606e+02 1.094196e+02
1.098095e+02 1.094195e+02
1.097557e+02 1.093485e+02
1.096979e+02 1.092854e+02
1.096644e+02 1.092854e+02
1.096290e+02 1.092413e+02
1.095922e+02 1.092413e+02
1.095677e+02 1.092376e+02
1.095347e+02 1.091604e+02
1.095079e+02 1.091604e+02
1.094819e+02 1.091428e+02
1.094546e+02 1.090916e+02
1.094277e+02 1.090765e+02
1.094009e+02 1.090287e+02
1.093735e+02 1.090287e+02
1.093526e+02 1.090116e+02
1.093337e+02 1.090116e+02
1.093168e+02 1.090116e+02
1.092931e+02 1.089542e+02
1.092220e+02 1.088659e+02
1.091352e+02 1.086994e+02
1.090747e+02 1.086919e+02
1.090237e+02 1.086636e+02
1.089831e+02 1.086636e+02
1.089557e+02 1.086636e+02
1.089231e+02 1.086437e+02
1.088881e+02 1.086437e+02
1.088218e+02 1.086121e+02
1.087419e+02 1.085412e+02
1.086708e+02 1.084220e+02
1.086082e+02 1.083563e+02
1.085531e+02 1.082051e+02
1.084853e+02 1.081482e+02
1.084138e+02 1.080717e+02
1.083220e+02 1.079502e+02
1.082246e+02 1.078974e+02
1.081152e+02 1.076376e+02
1.080062e+02 1.075531e+02
1.078994e+02 1.075124e+02
1.077900e+02 1.074430e+02
1.076979e+02 1.073574e+02
1.076049e+02 1.072617e+02
1.075076e+02 1.072292e+02
1.074197e+02 1.071527e+02
1.073139e+02 1.070746e+02
1.072189e+02 1.069737e+02
1.071252e+02 1.068741e+02
1.070194e+02 1.068392e+02
1.069021e+02 1.067089e+02
1.067644e+02 1.065549e+02
1.065670e+02 1.063964e+02
1.063535e+02 1.061494e+02
1.060240e+02 1.058218e+02
1.055712e+02 1.052907e+02
1.047872e+02 1.041728e+02
1.035260e+02 1.030496e+02
1.010126e+02 1.002149e+02
9.666843e+01 9.547451e+01
8.636945e+01 8.499141e+01
7.491649e+01 7.488627e+01
7.561404e+04 1.890767e+04
2.802816e+02 1.209729e+02
2.713574e+02 1.207131e+02
3.235563e+02 7.958584e+01
6.533876e+02 5.904202e+01
3.376023e+02 5.695339e+01
4.690792e+02 5.640419e+01
2.612182e+02 5.609901e+01
1.713245e+02 5.594641e+01
1.108028e+02 5.587619e+01
9.978333e+01 5.585359e+01
5.584489e+01 5.584310e+01
5.584192e+01 5.584104e+01
5.583972e+01 5.583919e+01
5.583875e+01 5.583854e+01
5.583844e+01 5.583835e+01
5.583829e+01 5.583825e+01
5.583823e+01 5.583821e+01
5.583820e+01 5.583819e+01
5.583819e+01 5.583819e+01
5.583819e+01 5.583819e+01
5.488296e+03 8.369716e+01
2.366400e+02 8.369716e+01
8.542527e+01 7.625753e+01
6.489409e+01 6.226882e+01
5.924700e+01 5.799500e+01
5.744118e+01 5.660325e+01
5.664577e+01 5.586763e+01
5.625807e+01 5.562658e+01
5.600105e+01 5.542894e+01
5.582062e+01 5.531367e+01
5.568243e+01 5.510149e+01
5.557260e+01 5.499127e+01
5.547279e+01 5.499127e+01
5.538507e+01 5.499127e+01
5.530787e+01 5.481726e+01
5.523852e+01 5.481329e+01
5.517097e+01 5.468022e+01
5.510487e+01 5.468022e+01
5.504145e+01 5.468022e+01
5.499343e+01 5.454836e+01
5.494663e+01 5.454836e+01
5.490179e+01 5.454836e+01
5.486289e+01 5.452606e+01
5.482359e+01 5.452606e+01
5.478496e+01 5.448507e+01
5.474513e+01 5.447492e+01
5.471185e+01 5.443380e+01
5.467481e+01 5.436802e+01
5.463504e+01 5.433674e+01
5.459475e+01 5.433674e+01
5.456378e+01 5.425015e+01
5.453757e+01 5.425015e+01
5.450017e+01 5.425015e+01
5.447040e+01 5.425015e+01
5.443810e+01 5.420679e+01
5.440146e+01 5.420679e+01
5.435914e+01 5.416998e+01
5.430938e+01 5.416067e+01
5.425425e+01 5.406149e+01
5.417207e+01 5.395811e+01
5.403469e+01 5.391001e+01
5.381627e+01 5.376529e+01
5.364020e+01 5.363028e+01
5.359886e+01 5.359615e+01
5.354875e+01 5.354359e+01
5.284499e+01 5.273844e+01
5.256130e+01 5.255697e+01
5.251539e+01 5.251315e+01
5.249685e+01 5.249530e+01
5.248688e+01 5.248636e+01
5.247982e+01 5.247909e+01
5.246945e+01 5.246902e+01
5.246236e+01 5.246185e+01
5.245767e+01 5.245744e+01
5.245606e+01 5.245602e+01
5.245545e+01 5.245542e+01
5.245516e+01 5.245515e+01
5.245498e+01 5.245497e+01
5.245485e+01 5.245485e+01
5.245436e+01 5.245428e+01
5.245377e+01 5.245376e+01
5.245361e+01 5.245361e+01
5.245358e+01 5.245358e+01
5.245357e+01 5.245357e+01
5.245356e+01 5.245356e+01
5.245356e+01 5.245356e+01
5.245356e+01 5.245356e+01
5.245355e+01 5.245355e+01
5.245352e+01 5.245352e+01
5.245352e+01 5.245352e+01
5.245351e+01 5.245351e+01
5.245351e+01 5.245351e+01
5.245350e+01 5.245350e+01
5.245350e+01 5.245350e+01
5.245350e+01 5.245350e+01
5.245350e+01 5.245350e+01
5.245350e+01 5.245350e+01
5.245350e+01 5.245350e+01
5.245350e+01 5.245350e+01
5.245350e+01 5.245350e+01
7.707452e+04 2.104163e+04
1.176386e+03 1.174631e+02
2.953375e+02 1.368692e+02
6.966619e+02 1.141090e+02
8.391681e+02 1.098644e+02
5.176067e+02 1.088321e+02
3.603408e+02 1.083844e+02
2.423377e+02 1.081727e+02
2.338270e+02 1.081258e+02
1.432849e+02 1.080993e+02
1.080887e+02 1.080862e+02
1.080844e+02 1.080826e+02
1.161637e+02 1.080800e+02
1.080794e+02 1.080790e+02
1.080785e+02 1.080783e+02
1.080781e+02 1.080780e+02
1.080779e+02 1.080779e+02
1.080778e+02 1.080778e+02
1.080778e+02 1.080778e+02
1.080778e+02 1.080778e+02
1.080778e+02 1.080778e+02
7.097138e+02 2.480814e+02
1.945619e+02 1.656980e+02
1.323251e+02 1.252511e+02
1.177074e+02 1.146811e+02
1.124619e+02 1.108134e+02
1.104495e+02 1.093193e+02
1.095076e+02 1.088685e+02
1.089683e+02 1.082039e+02
1.086458e+02 1.081080e+02
1.084067e+02 1.076983e+02
1.082615e+02 1.076983e+02
1.081115e+02 1.075546e+02
1.079917e+02 1.074165e+02
1.079131e+02 1.074165e+02
1.078395e+02 1.072988e+02
1.077606e+02 1.072604e+02
1.076919e+02 1.071587e+02
1.076292e+02 1.070824e+02
1.075921e+02 1.070824e+02
1.075494e+02 1.070824e+02
1.075113e+02 1.070032e+02
1.074725e+02 1.070032e+02
1.074241e+02 1.070032e+02
1.073891e+02 1.069719e+02
1.073523e+02 1.069719e+02
1.073214e+02 1.069719e+02
1.072968e+02 1.069719e+02
1.072700e+02 1.068628e+02
1.072382e+02 1.068591e+02
1.072153e+02 1.068591e+02
1.071934e+02 1.068591e+02
1.071716e+02 1.068132e+02
1.071519e+02 1.068132e+02
1.071285e+02 1.068132e+02
1.071030e+02 1.067854e+02
1.070383e+02 1.066557e+02
1.069322e+02 1.065976e+02
1.068588e+02 1.065415e+02
1.067990e+02 1.065233e+02
1.067507e+02 1.064996e+02
1.067101e+02 1.064812e+02
1.066668e+02 1.064357e+02
1.066263e+02 1.064050e+02
1.065868e+02 1.063535e+02
1.065499e+02 1.063182e+02
1.065009e+02 1.062222e+02
1.064386e+02 1.061593e+02
1.063687e+02 1.059557e+02
1.062874e+02 1.058697e+02
1.062089e+02 1.058448e+02
1.061180e+02 1.057283e+02
1.060307e+02 1.055999e+02
1.059354e+02 1.055027e+02
1.058467e+02 1.054637e+02
1.057590e+02 1.053770e+02
1.056891e+02 1.053101e+02
1.056257e+02 1.052593e+02
1.055671e+02 1.052357e+02
1.055077e+02 1.051631e+02
1.054529e+02 1.051574e+02
1.054027e+02 1.050807e+02
1.053567e+02 1.050567e+02
1.053074e+02 1.050325e+02
1.052670e+02 1.050212e+02
1.052242e+02 1.050055e+02
1.051875e+02 1.049944e+02
1.051514e+02 1.049758e+02
1.051139e+02 1.049431e+02
1.050810e+02 1.048827e+02
1.050455e+02 1.048250e+02
1.050100e+02 1.048123e+02
1.049737e+02 1.047695e+02
1.049362e+02 1.047466e+02
1.048929e+02 1.047211e+02
1.048432e+02 1.047023e+02
1.047725e+02 1.046291e+02
1.047086e+02 1.045762e+02
1.046338e+02 1.045127e+02
1.045001e+02 1.043937e+02
1.043330e+02 1.042617e+02
7.547175e+04 2.077961e+04
4.215700e+02 1.171483e+02
3.203805e+02 1.169099e+02
3.249460e+02 9.621879e+01
4.979338e+02 6.422961e+01
4.069669e+02 5.948956e+01
2.736744e+02 5.877240e+01
3.228009e+02 5.846976e+01
1.471277e+02 5.839381e+01
1.118317e+02 5.833092e+01
1.248263e+02 5.830311e+01
9.155049e+01 5.828936e+01
5.828431e+01 5.828294e+01
5.828151e+01 5.828087e+01
5.828022e+01 5.828001e+01
5.827968e+01 5.827959e+01
5.827945e+01 5.827942e+01
5.827937e+01 5.827935e+01
5.827933e+01 5.827932e+01
5.827932e+01 5.827932e+01
5.827932e+01 5.827932e+01
2.246441e+03 8.807331e+01
2.081632e+02 8.807331e+01
8.865778e+01 8.050581e+01
7.047209e+01 6.642385e+01
6.484793e+01 6.328069e+01
6.274831e+01 6.140095e+01
6.170222e+01 6.042830e+01
6.120931e+01 6.020922e+01
6.082764e+01 5.996725e+01
6.058091e+01 5.974947e+01
6.036824e+01 5.966346e+01
6.021293e+01 5.958366e+01
6.008849e+01 5.943268e+01
5.998196e+01 5.929946e+01
5.988942e+01 5.908303e+01
5.981287e+01 5.908052e+01
5.975042e+01 5.895817e+01
5.968452e+01 5.881567e+01
5.962887e+01 5.881567e+01
5.958572e+01 5.881567e+01
5.953389e+01 5.881567e+01
5.948646e+01 5.881567e+01
5.944217e+01 5.881567e+01
5.940632e+01 5.881514e+01
5.931269e+01 5.857358e+01
5.918563e+01 5.857358e+01
5.906441e+01 5.848754e+01
5.896335e+01 5.829219e+01
5.886266e+01 5.828382e+01
5.877970e+01 5.814072e+01
5.869716e+01 5.813882e+01
5.863278e+01 5.812659e+01
5.857007e+01 5.808603e+01
5.851714e+01 5.804598e+01
5.846339e+01 5.803034e+01
5.841261e+01 5.800091e+01
5.836597e+01 5.794961e+01
5.832426e+01 5.789267e+01
5.827875e+01 5.778673e+01
5.822990e+01 5.768894e+01
5.818932e+01 5.749289e+01
5.814730e+01 5.745388e+01
5.809151e+01 5.743701e+01
5.804564e+01 5.738715e+01
5.799394e+01 5.734495e+01
5.793903e+01 5.730043e+01
5.787195e+01 5.727153e+01
5.780501e+01 5.715532e+01
5.771693e+01 5.711521e+01
5.762642e+01 5.695510e+01
5.754990e+01 5.687941e+01
5.745710e+01 5.684286e+01
5.738329e+01 5.670863e+01
5.730446e+01 5.669886e+01
5.723204e+01 5.661775e+01
5.716810e+01 5.660267e+01
5.710282e+01 5.655712e+01
5.703331e+01 5.653338e+01
5.698297e+01 5.652048e+01
5.693086e+01 5.650012e+01
5.687967e+01 5.643347e+01
5.683643e+01 5.637017e+01
5.679331e+01 5.633584e+01
5.675427e+01 5.632443e+01
5.671264e+01 5.620898e+01
5.667342e+01 5.620472e+01
5.664295e+01 5.617124e+01
5.661315e+01 5.613167e+01
5.657706e+01 5.609718e+01
5.654249e+01 5.607718e+01
5.650720e+01 5.607216e+01
5.648258e+01 5.604512e+01
5.645046e+01 5.603848e+01
5.641674e+01 5.603465e+01
5.638870e+01 5.602951e+01
5.635762e+01 5.602670e+01
5.632869e+01 5.602488e+01
5.629111e+01 5.601589e+01
5.623535e+01 5.597595e+01
5.615018e+01 5.595035e+01
7.230998e+04 1.617218e+04
2.205595e+02 1.324204e+02
2.710638e+02 1.318491e+02
1.719632e+02 9.274413e+01
4.428804e+02 6.549357e+01
3.191429e+02 5.859374e+01
3.885377e+02 5.685698e+01
1.671228e+02 5.643815e+01
8.947561e+01 5.624985e+01
1.049964e+02 5.619870e+01
1.316200e+02 5.618301e+01
5.617507e+01 5.617277e+01
5.617105e+01 5.617032e+01
5.616944e+01 5.616908e+01
5.616875e+01 5.616862e+01
5.616857e+01 5.616851e+01
5.616841e+01 5.616838e+01
5.616837e+01 5.616836e+01
5.616835e+01 5.616834e+01
5.616834e+01 5.616834e+01
5.616834e+01 5.616834e+01
6.441869e+02 9.954318e+01
1.284000e+02 9.780101e+01
7.542559e+01 6.988555e+01
6.399232e+01 6.210051e+01
6.024331e+01 5.899399e+01
5.884840e+01 5.817048e+01
5.814503e+01 5.753740e+01
5.777488e+01 5.713721e+01
5.745577e+01 5.672384e+01
5.722822e+01 5.659398e+01
5.703516e+01 5.659398e+01
5.689224e+01 5.637795e+01
5.678086e+01 5.635666e+01
5.668221e+01 5.619216e+01
5.660145e+01 5.619216e+01
5.652111e+01 5.606084e+01
5.646405e+01 5.606084e+01
5.639193e+01 5.590800e+01
5.632699e+01 5.579445e+01
5.627184e+01 5.579445e+01
5.620552e+01 5.579445e+01
5.614012e+01 5.579445e+01
5.605742e+01 5.574696e+01
5.595993e+01 5.563238e+01
5.583782e+01 5.561477e+01
5.570859e+01 5.549600e+01
5.556975e+01 5.540423e+01
5.541606e+01 5.529662e+01
5.526728e+01 5.520672e+01
5.451324e+01 5.438767e+01
5.423976e+01 5.420659e+01
5.416804e+01 5.416173e+01
5.414783e+01 5.414600e+01
5.413859e+01 5.413771e+01
5.412685e+01 5.412610e+01
5.411967e+01 5.411912e+01
5.411351e+01 5.411321e+01
5.410765e+01 5.410739e+01
5.410547e+01 5.410533e+01
5.410421e+01 5.410413e+01
5.410284e+01 5.410267e+01
5.410075e+01 5.410048e+01
5.409916e+01 5.409903e+01
5.409839e+01 5.409828e+01
5.409749e+01 5.409742e+01
5.409700e+01 5.409698e+01
5.409670e+01 5.409667e+01
5.409637e+01 5.409632e+01
5.409603e+01 5.409601e+01
5.409589e+01 5.409588e+01
5.409569e+01 5.409567e+01
5.409538e+01 5.409537e+01
5.409520e+01 5.409519e+01
5.409512e+01 5.409511e+01
5.409506e+01 5.409506e+01
5.409497e+01 5.409497e+01
5.409482e+01 5.409480e+01
5.409422e+01 5.409420e+01
5.409390e+01 5.409389e+01
5.409374e+01 5.409373e+01
5.409363e+01 5.409362e+01
5.409349e+01 5.409348e+01
5.409337e+01 5.409337e+01
5.409327e+01 5.409327e+01
5.409315e+01 5.409315e+01
5.409306e+01 5.409305e+01
5.409299e+01 5.409299e+01
5.409292e+01 5.409292e+01
5.409286e+01 5.409286e+01
5.409283e+01 5.409283e+01
5.409281e+01 5.409281e+01
5.409280e+01 5.409280e+01
5.409279e+01 5.409279e+01
5.409278e+01 5.409278e+01
5.409277e+01 5.409277e+01
5.409277e+01 5.409277e+01
5.409276e+01 5.409276e+01
5.409276e+01 5.409276e+01
5.409276e+01 5.409276e+01
5.409276e+01 5.409276e+01
7.886126e+04 2.649456e+04
2.766674e+02 7.549892e+01
3.114915e+02 7.522900e+01
3.943456e+02 6.228760e+01
4.358752e+02 5.788574e+01
3.533221e+02 5.698150e+01
4.543804e+02 5.676403e+01
1.958099e+02 5.658307e+01
1.554524e+02 5.650376e+01
2.313862e+02 5.648805e+01
7.846541e+01 5.647834e+01
1.554073e+02 5.647457e+01
5.647397e+01 5.647304e+01
5.647264e+01 5.647220e+01
5.647204e+01 5.647192e+01
5.647180e+01 5.647173e+01
5.647163e+01 5.647159e+01
5.647159e+01 5.647157e+01
5.647155e+01 5.647154e+01
5.647153e+01 5.647153e+01
5.647153e+01 5.647153e+01
2.001540e+04 9.135730e+01
3.136269e+02 9.135730e+01
1.009952e+02 8.696138e+01
7.170741e+01 6.771789e+01
6.438179e+01 6.235217e+01
6.147848e+01 5.986283e+01
6.010050e+01 5.844767e+01
5.927570e+01 5.776549e+01
5.856389e+01 5.719098e+01
5.792645e+01 5.672008e+01
5.736712e+01 5.614898e+01
5.698020e+01 5.554349e+01
5.666718e+01 5.554349e+01
5.641387e+01 5.533874e+01
5.622048e+01 5.489367e+01
5.603586e+01 5.486222e+01
5.591383e+01 5.486222e+01
5.581958e+01 5.486222e+01
5.571629e+01 5.455927e+01
5.564447e+01 5.455927e+01
5.555933e+01 5.455927e+01
5.548145e+01 5.441350e+01
5.540695e+01 5.441350e+01
5.535728e+01 5.441350e+01
5.530319e+01 5.441350e+01
5.525809e+01 5.441350e+01
5.518486e+01 5.436107e+01
5.512310e+01 5.430073e+01
5.506850e+01 5.430073e+01
5.501384e+01 5.417297e+01
5.496560e+01 5.417297e+01
5.492475e+01 5.417140e+01
5.487898e+01 5.402068e+01
5.483051e+01 5.379299e+01
5.479944e+01 5.379299e+01
5.474468e+01 5.379299e+01
5.470432e+01 5.379299e+01
5.466642e+01 5.379299e+01
5.463273e+01 5.379299e+01
5.460525e+01 5.379299e+01
5.441492e+01 5.349688e+01
5.417755e+01 5.330757e+01
5.405414e+01 5.329562e+01
5.393116e+01 5.322261e+01
5.380673e+01 5.307900e+01
5.366620e+01 5.300303e+01
5.353771e+01 5.293544e+01
5.341696e+01 5.292955e+01
5.330842e+01 5.282195e+01
5.319447e+01 5.276934e+01
5.307822e+01 5.267200e+01
5.298131e+01 5.260326e+01
5.289999e+01 5.245971e+01
5.282374e+01 5.237454e+01
5.273877e+01 5.220182e+01
5.265235e+01 5.218348e+01
5.254407e+01 5.202468e+01
5.244565e+01 5.179075e+01
5.232736e+01 5.175065e+01
5.221384e+01 5.170343e+01
5.213023e+01 5.166485e+01
5.203147e+01 5.156494e+01
5.194092e+01 5.149498e+01
5.186581e+01 5.141002e+01
5.179073e+01 5.137707e+01
5.172652e+01 5.136536e+01
5.166087e+01 5.132661e+01
5.159889e+01 5.130858e+01
5.154849e+01 5.123629e+01
5.151269e+01 5.121010e+01
5.146644e+01 5.117088e+01
5.142576e+01 5.115257e+01
5.138315e+01 5.114101e+01
5.134092e+01 5.113072e+01
5.130359e+01 5.111184e+01
5.126137e+01 5.109871e+01
5.122380e+01 5.109412e+01
5.118415e+01 5.108841e+01
5.113298e+01 5.108401e+01
5.108312e+01 5.107387e+01
7.714105e+04 1.665161e+04
8.227692e+02 1.147525e+02
5.917583e+02 1.144623e+02
5.054159e+02 1.118198e+02
5.650409e+02 1.115446e+02
3.940528e+02 1.104098e+02
3.336452e+02 1.100103e+02
2.787729e+02 1.098484e+02
2.344018e+02 1.098134e+02
1.178680e+02 1.097961e+02
1.294532e+02 1.097898e+02
1.097880e+02 1.097870e+02
1.097862e+02 1.097857e+02
1.097855e+02 1.097852e+02
1.097850e+02 1.097849e+02
1.097848e+02 1.097848e+02
1.097847e+02 1.097847e+02
1.097847e+02 1.097847e+02
1.097847e+02 1.097847e+02
1.584536e+04 1.248104e+02
2.546650e+02 1.248104e+02
1.372377e+02 1.248104e+02
1.199869e+02 1.169774e+02
1.149372e+02 1.132729e+02
1.126445e+02 1.113378e+02
1.116312e+02 1.109224e+02
1.110827e+02 1.103766e+02
1.107319e+02 1.095086e+02
1.104484e+02 1.095086e+02
1.102517e+02 1.095086e+02
1.100874e+02 1.092857e+02
1.099668e+02 1.092857e+02
1.098678e+02 1.091360e+02
1.097771e+02 1.090691e+02
1.096957e+02 1.090691e+02
1.096332e+02 1.090123e+02
1.095702e+02 1.090123e+02
1.095236e+02 1.090123e+02
1.094737e+02 1.088972e+02
1.094275e+02 1.088426e+02
1.093763e+02 1.088426e+02
1.093388e+02 1.088426e+02
1.092903e+02 1.088426e+02
1.092570e+02 1.087597e+02
1.092191e+02 1.087597e+02
1.091749e+02 1.086576e+02
1.091322e+02 1.086576e+02
1.090774e+02 1.086196e+02
1.090389e+02 1.086196e+02
1.089930e+02 1.086060e+02
1.089456e+02 1.085115e+02
1.088962e+02 1.085115e+02
1.088559e+02 1.085115e+02
1.088295e+02 1.085115e+02
1.087888e+02 1.085115e+02
1.087477e+02 1.082691e+02
1.087030e+02 1.082691e+02
1.086549e+02 1.082691e+02
1.086099e+02 1.082691e+02
1.085755e+02 1.082691e+02
1.084756e+02 1.081001e+02
1.083724e+02 1.080431e+02
1.082973e+02 1.079832e+02
1.082404e+02 1.079681e+02
1.081981e+02 1.079387e+02
1.081577e+02 1.079019e+02
1.081110e+02 1.078786e+02
1.080599e+02 1.078662e+02
1.080165e+02 1.078264e+02
1.079641e+02 1.078058e+02
1.079002e+02 1.077091e+02
1.078438e+02 1.076813e+02
1.077917e+02 1.076164e+02
1.077381e+02 1.074161e+02
1.076833e+02 1.072859e+02
1.076205e+02 1.070592e+02
1.075487e+02 1.069807e+02
1.074461e+02 1.069491e+02
1.073164e+02 1.068718e+02
1.072013e+02 1.066649e+02
1.070854e+02 1.065647e+02
1.069713e+02 1.064436e+02
1.068679e+02 1.063924e+02
1.067708e+02 1.063360e+02
1.066826e+02 1.063096e+02
1.065987e+02 1.062686e+02
1.065264e+02 1.062322e+02
1.064546e+02 1.062048e+02
1.063814e+02 1.061146e+02
1.063047e+02 1.060612e+02
1.062311e+02 1.060025e+02
1.061538e+02 1.059424e+02
1.060529e+02 1.058445e+02
1.059349e+02 1.057490e+02
1.057555e+02 1.056105e+02
1.054981e+02 1.053241e+02
1.050205e+02 1.046958e+02
1.041643e+02 1.039178e+02
1.028012e+02 1.024167e+02
9.844103e+01 9.822650e+01
8.814985e+01 8.808849e+01
7.347375e+04 1.440804e+04
3.996464e+02 7.328086e+01
2.749684e+02 7.351028e+01
5.253657e+02 6.332312e+01
4.030476e+02 5.990836e+01
4.717355e+02 5.886521e+01
2.514736e+02 5.855027e+01
1.117376e+02 5.841042e+01
8.039495e+01 5.837334e+01
1.243956e+02 5.836086e+01
6.935834e+01 5.835083e+01
5.834787e+01 5.834680e+01
5.834607e+01 5.834547e+01
5.834534e+01 5.834507e+01
5.834480e+01 5.834469e+01
5.834457e+01 5.834452e+01
5.834448e+01 5.834446e+01
5.834444e+01 5.834443e+01
5.834442e+01 5.834442e+01
5.834442e+01 5.834442e+01
5.834442e+01 5.834442e+01
4.915232e+02 1.668251e+02
1.317572e+02 1.062946e+02
7.717626e+01 7.173946e+01
6.617829e+01 6.400081e+01
6.203717e+01 6.075592e+01
6.052507e+01 5.942150e+01
5.984130e+01 5.898200e+01
5.940567e+01 5.835853e+01
5.907142e+01 5.835853e+01
5.885036e+01 5.824291e+01
5.867448e+01 5.779769e+01
5.853455e+01 5.779769e+01
5.843248e+01 5.779769e+01
5.834391e+01 5.779769e+01
5.825842e+01 5.779769e+01
5.819520e+01 5.761620e+01
5.812780e+01 5.761620e+01
5.806251e+01 5.761620e+01
5.801322e+01 5.734453e+01
5.795638e+01 5.734453e+01
5.790121e+01 5.734453e+01
5.785782e+01 5.734453e+01
5.781224e+01 5.734453e+01
5.777700e+01 5.734453e+01
5.775197e+01 5.734453e+01
5.770510e+01 5.731529e+01
5.759334e+01 5.723458e+01
5.751864e+01 5.714573e+01
5.746292e+01 5.713538e+01
5.741185e+01 5.707621e+01
5.736050e+01 5.698621e+01
5.731193e+01 5.695293e+01
5.726472e+01 5.694412e+01
5.722718e+01 5.694011e+01
5.719264e+01 5.689815e+01
5.715932e+01 5.688593e+01
5.712761e+01 5.680556e+01
5.709552e+01 5.679364e+01
5.706729e+01 5.678352e+01
5.703957e+01 5.677329e+01
5.701297e+01 5.674516e+01
5.698188e+01 5.672153e+01
5.693103e+01 5.658843e+01
5.688018e+01 5.642889e+01
5.682261e+01 5.631174e+01
5.675647e+01 5.627931e+01
5.668065e+01 5.611995e+01
5.660620e+01 5.607695e+01
5.653903e+01 5.606094e+01
5.646738e+01 5.599064e+01
5.640468e+01 5.594011e+01
5.634100e+01 5.592286e+01
5.628382e+01 5.587715e+01
5.621588e+01 5.584839e+01
5.616150e+01 5.581341e+01
5.611887e+01 5.579525e+01
5.606808e+01 5.578683e+01
5.602289e+01 5.576163e+01
5.598872e+01 5.571091e+01
5.595298e+01 5.568544e+01
5.592202e+01 5.566051e+01
5.589184e+01 5.565814e+01
5.586528e+01 5.565349e+01
5.583858e+01 5.561649e+01
5.581602e+01 5.561544e+01
5.579527e+01 5.560148e+01
5.577092e+01 5.558611e+01
5.574937e+01 5.552530e+01
5.572604e+01 5.550627e+01
5.570952e+01 5.550114e+01
5.568918e+01 5.548669e+01
5.566858e+01 5.546445e+01
5.565124e+01 5.545115e+01
5.563132e+01 5.545016e+01
5.561212e+01 5.542243e+01
5.559098e+01 5.541075e+01
5.557287e+01 5.540602e+01
5.554997e+01 5.540233e+01
5.552119e+01 5.539500e+01
5.547414e+01 5.538544e+01
7.500069e+04 2.586103e+04
2.338095e+02 9.265805e+01
1.845155e+02 9.236646e+01
4.923611e+02 7.355169e+01
4.304367e+02 6.096057e+01
4.162201e+02 5.790613e+01
2.724927e+02 5.737768e+01
1.610786e+02 5.723902e+01
1.461251e+02 5.718394e+01
2.278111e+02 5.715224e+01
7.271952e+01 5.713539e+01
8.828963e+01 5.712809e+01
5.712690e+01 5.712634e+01
5.712534e+01 5.712513e+01
5.712472e+01 5.712459e+01
5.712451e+01 5.712447e+01
5.712443e+01 5.712442e+01
5.712439e+01 5.712439e+01
5.712438e+01 5.712438e+01
5.712438e+01 5.712438e+01
2.200048e+03 8.130289e+01
1.998438e+02 8.130289e+01
8.682872e+01 7.775306e+01
6.891222e+01 6.599473e+01
6.330790e+01 6.165954e+01
6.115229e+01 6.003977e+01
6.020452e+01 5.918572e+01
5.968724e+01 5.879589e+01
5.928615e+01 5.826208e+01
5.900063e+01 5.826208e+01
5.878553e+01 5.803805e+01
5.863357e+01 5.791263e+01
5.851757e+01 5.772302e+01
5.840454e+01 5.772302e+01
5.829644e+01 5.772302e+01
5.820139e+01 5.755688e+01
5.812400e+01 5.750501e+01
5.805974e+01 5.750501e+01
5.800542e+01 5.734057e+01
5.796694e+01 5.734057e+01
5.794136e+01 5.734057e+01
5.790255e+01 5.734057e+01
5.786942e+01 5.728201e+01
5.784217e+01 5.728201e+01
5.781087e+01 5.728201e+01
5.777653e+01 5.728201e+01
5.774476e+01 5.722768e+01
5.772008e+01 5.722768e+01
5.760010e+01 5.704900e+01
5.748832e+01 5.689210e+01
5.739782e+01 5.684296e+01
5.731957e+01 5.682926e+01
5.725585e+01 5.681852e+01
5.718756e+01 5.677358e+01
5.713230e+01 5.672188e+01
5.708362e+01 5.663670e+01
5.703763e+01 5.662354e+01
5.699172e+01 5.662126e+01
5.695201e+01 5.659423e+01
5.691137e+01 5.655748e+01
5.687681e+01 5.647270e+01
5.684660e+01 5.645515e+01
5.681315e+01 5.645231e+01
5.676230e+01 5.638844e+01
5.670368e+01 5.633622e+01
5.664138e+01 5.611453e+01
5.657057e+01 5.605793e+01
5.650466e+01 5.599053e+01
5.644378e+01 5.589326e+01
5.636999e+01 5.588107e+01
5.629950e+01 5.583138e+01
5.623583e+01 5.574542e+01
5.617421e+01 5.573696e+01
5.611844e+01 5.572255e+01
5.606129e+01 5.567104e+01
5.600686e+01 5.564842e+01
5.595091e+01 5.553336e+01
5.590234e+01 5.549741e+01
5.585533e+01 5.549068e+01
5.581174e+01 5.547359e+01
5.576938e+01 5.547124e+01
5.573087e+01 5.544744e+01
5.569062e+01 5.540504e+01
5.566194e+01 5.538416e+01
5.563320e+01 5.536874e+01
5.560109e+01 5.536502e+01
5.557529e+01 5.536143e+01
5.554512e+01 5.535490e+01
5.551934e+01 5.534109e+01
5.549702e+01 5.532607e+01
5.547300e+01 5.529144e+01
5.544742e+01 5.528198e+01
5.542046e+01 5.527513e+01
5.539982e+01 5.526299e+01
5.537504e+01 5.525614e+01
5.535166e+01 5.524800e+01
5.532403e+01 5.523588e+01
5.529923e+01 5.521693e+01
5.527102e+01 5.519504e+01
5.523324e+01 5.516432e+01
5.518941e+01 5.515422e+01
7.803001e+04 1.731076e+04
5.217884e+02 1.223362e+02
3.000002e+02 1.220864e+02
5.771993e+02 1.167603e+02
5.278081e+02 1.117718e+02
3.517721e+02 7.326797e+01
4.141009e+02 6.076417e+01
5.706286e+02 5.710286e+01
4.943206e+02 5.623559e+01
1.909010e+02 5.595192e+01
1.733671e+02 5.585407e+01
1.217748e+02 5.579400e+01
1.339519e+02 5.577603e+01
1.026717e+02 5.576862e+01
5.576460e+01 5.576386e+01
5.576313e+01 5.576290e+01
5.576275e+01 5.576259e+01
5.576242e+01 5.576236e+01
5.576227e+01 5.576225e+01
5.576220e+01 5.576219e+01
5.576219e+01 5.576219e+01
5.576219e+01 5.576219e+01
8.455154e+03 1.095493e+02
2.487286e+02 1.095493e+02
9.024980e+01 7.996652e+01
6.738195e+01 6.470084e+01
6.113868e+01 5.975821e+01
5.888840e+01 5.806452e+01
5.813588e+01 5.746427e+01
5.771396e+01 5.712119e+01
5.743663e+01 5.688788e+01
5.715425e+01 5.644848e+01
5.694265e+01 5.612948e+01
5.674709e+01 5.576867e+01
5.662263e+01 5.576867e+01
5.651842e+01 5.576867e+01
5.643091e+01 5.576867e+01
5.636152e+01 5.576867e+01
5.631248e+01 5.576867e+01
5.626151e+01 5.564451e+01
5.622338e+01 5.564451e+01
5.618563e+01 5.551832e+01
5.614856e+01 5.551814e+01
5.611965e+01 5.543925e+01
5.609173e+01 5.540730e+01
5.606221e+01 5.540730e+01
5.602975e+01 5.540730e+01
5.600239e+01 5.540730e+01
5.597487e+01 5.540730e+01
5.594367e+01 5.532532e+01
5.591598e+01 5.532532e+01
5.588677e+01 5.532532e+01
5.586371e+01 5.523787e+01
5.584448e+01 5.523787e+01
5.578412e+01 5.520507e+01
5.564789e+01 5.512969e+01
5.551966e+01 5.505131e+01
5.541206e+01 5.480637e+01
5.531747e+01 5.463640e+01
5.523397e+01 5.459980e+01
5.517030e+01 5.448476e+01
5.511001e+01 5.437130e+01
5.506494e+01 5.435506e+01
5.501436e+01 5.433452e+01
5.496967e+01 5.433121e+01
5.492606e+01 5.433051e+01
5.486006e+01 5.432212e+01
5.480453e+01 5.431667e+01
5.474187e+01 5.416258e+01
5.467931e+01 5.411135e+01
5.460985e+01 5.406061e+01
5.453773e+01 5.403822e+01
5.445880e+01 5.395115e+01
5.437498e+01 5.377624e+01
5.429208e+01 5.358386e+01
5.420567e+01 5.348478e+01
5.411309e+01 5.343977e+01
5.402777e+01 5.338477e+01
5.394614e+01 5.337144e+01
5.387377e+01 5.336417e+01
5.381093e+01 5.335273e+01
5.375048e+01 5.333677e+01
5.368584e+01 5.324703e+01
5.363349e+01 5.316325e+01
5.358583e+01 5.314902e+01
5.353818e+01 5.309202e+01
5.349063e+01 5.308304e+01
5.345235e+01 5.307772e+01
5.341284e+01 5.304580e+01
5.337630e+01 5.303067e+01
5.334491e+01 5.302316e+01
5.331305e+01 5.300725e+01
5.328430e+01 5.299298e+01
5.325510e+01 5.298064e+01
5.322323e+01 5.297370e+01
5.319091e+01 5.295276e+01
5.315237e+01 5.294066e+01
5.311829e+01 5.293669e+01
5.308240e+01 5.292651e+01
5.302816e+01 5.292292e+01
5.296293e+01 5.289558e+01
7.960223e+04 1.516986e+04
2.566259e+02 8.053290e+01
1.762677e+02 7.991611e+01
5.881692e+02 6.614593e+01
6.181673e+02 6.058470e+01
4.192887e+02 5.864412e+01
3.300805e+02 5.823992e+01
9.128286e+01 5.811240e+01
1.996894e+02 5.805580e+01
1.807950e+02 5.802970e+01
1.048068e+02 5.801959e+01
5.801630e+01 5.801481e+01
5.801351e+01 5.801308e+01
5.801236e+01 5.801218e+01
5.801205e+01 5.801193e+01
5.801189e+01 5.801184e+01
5.801178e+01 5.801176e+01
5.801173e+01 5.801173e+01
5.801172e+01 5.801172e+01
5.801172e+01 5.801172e+01
1.037694e+03 9.003627e+01
1.516096e+02 9.003627e+01
7.993180e+01 7.404506e+01
6.726098e+01 6.487145e+01
6.258901e+01 6.101609e+01
5.996459e+01 5.869303e+01
5.881731e+01 5.775474e+01
5.826709e+01 5.756749e+01
5.794982e+01 5.709104e+01
5.771499e+01 5.696526e+01
5.750964e+01 5.678436e+01
5.732923e+01 5.665476e+01
5.719849e+01 5.654101e+01
5.709630e+01 5.651201e+01
5.701433e+01 5.651201e+01
5.692263e+01 5.631463e+01
5.684972e+01 5.629536e+01
5.678731e+01 5.629536e+01
5.673702e+01 5.623877e+01
5.668816e+01 5.617834e+01
5.664369e+01 5.617834e+01
5.659893e+01 5.617834e+01
5.654925e+01 5.611459e+01
5.650537e+01 5.610323e+01
5.646067e+01 5.604396e+01
5.641359e+01 5.604396e+01
5.636236e+01 5.577084e+01
5.631162e+01 5.577084e+01
5.627278e+01 5.563589e+01
5.622525e+01 5.563589e+01
5.618261e+01 5.563589e+01
5.615594e+01 5.563589e+01
5.611418e+01 5.563589e+01
5.607738e+01 5.559075e+01
5.603782e+01 5.559075e+01
5.601660e+01 5.559075e+01
5.598550e+01 5.559075e+01
5.595474e+01 5.558397e+01
5.591198e+01 5.544813e+01
5.588001e+01 5.544813e+01
5.581328e+01 5.534524e+01
5.569760e+01 5.527861e+01
5.560130e+01 5.519520e+01
5.553605e+01 5.510882e+01
5.546392e+01 5.510882e+01
5.540348e+01 5.499787e+01
5.533446e+01 5.494617e+01
5.527758e+01 5.489431e+01
5.521410e+01 5.486123e+01
5.516258e+01 5.479215e+01
5.510447e+01 5.472939e+01
5.503242e+01 5.465107e+01
5.496866e+01 5.462835e+01
5.490494e+01 5.461042e+01
5.483647e+01 5.449771e+01
5.476570e+01 5.437157e+01
5.468348e+01 5.419744e+01
5.459691e+01 5.402219e+01
5.450660e+01 5.399644e+01
5.440971e+01 5.397756e+01
5.432347e+01 5.390629e+01
5.424038e+01 5.379365e+01
5.416504e+01 5.377105e+01
5.410224e+01 5.376762e+01
5.402776e+01 5.374240e+01
5.394701e+01 5.365667e+01
5.389034e+01 5.363158e+01
5.384442e+01 5.357295e+01
5.379347e+01 5.351935e+01
5.375670e+01 5.348465e+01
5.371051e+01 5.337368e+01
5.367393e+01 5.336359e+01
5.364388e+01 5.335069e+01
5.361310e+01 5.333774e+01
5.358329e+01 5.332342e+01
5.355165e+01 5.331815e+01
5.351614e+01 5.330537e+01
5.348119e+01 5.328682e+01
5.344930e+01 5.327609e+01
5.339905e+01 5.326721e+01
5.334082e+01 5.326012e+01
7.354956e+04 1.831334e+04
1.122465e+03 1.153029e+02
1.340579e+02 1.325616e+02
4.910948e+02 1.134461e+02
3.768892e+02 1.091075e+02
4.309247e+02 1.089223e+02
4.054372e+02 1.080870e+02
2.319906e+02 1.076245e+02
2.575274e+02 1.074946e+02
1.501472e+02 1.074391e+02
1.895293e+02 1.074196e+02
1.074103e+02 1.074079e+02
1.074042e+02 1.074032e+02
1.155327e+02 1.074021e+02
1.155319e+02 1.074015e+02
1.074014e+02 1.074013e+02
1.074013e+02 1.074012e+02
1.074012e+02 1.074012e+02
1.074012e+02 1.074012e+02
1.074012e+02 1.074012e+02
1.074012e+02 1.074012e+02
1.074012e+02 1.074012e+02
7.644279e+02 2.613759e+02
1.843869e+02 1.545787e+02
1.285693e+02 1.229857e+02
1.162430e+02 1.136521e+02
1.117044e+02 1.107095e+02
1.100433e+02 1.090784e+02
1.092178e+02 1.085190e+02
1.086946e+02 1.079215e+02
1.084043e+02 1.078042e+02
1.082015e+02 1.073388e+02
1.080317e+02 1.072104e+02
1.078936e+02 1.072104e+02
1.078128e+02 1.072104e+02
1.077244e+02 1.071448e+02
1.076597e+02 1.071448e+02
1.075970e+02 1.069543e+02
1.075353e+02 1.069543e+02
1.074846e+02 1.069543e+02
1.074301e+02 1.068928e+02
1.073722e+02 1.068311e+02
1.073230e+02 1.068311e+02
1.072813e+02 1.068133e+02
1.072424e+02 1.066890e+02
1.072078e+02 1.066890e+02
1.071765e+02 1.066522e+02
1.071469e+02 1.066522e+02
1.071130e+02 1.066522e+02
1.070837e+02 1.066522e+02
1.070592e+02 1.066522e+02
1.070321e+02 1.065629e+02
1.069988e+02 1.065629e+02
1.069726e+02 1.064637e+02
1.069464e+02 1.064637e+02
1.069249e+02 1.064637e+02
1.069024e+02 1.064637e+02
1.068776e+02 1.064637e+02
1.068569e+02 1.064637e+02
1.068386e+02 1.064637e+02
1.068163e+02 1.064522e+02
1.067518e+02 1.063444e+02
1.066475e+02 1.062535e+02
1.065727e+02 1.061662e+02
1.065152e+02 1.061651e+02
1.064509e+02 1.061089e+02
1.064105e+02 1.061087e+02
1.063713e+02 1.060636e+02
1.063214e+02 1.060425e+02
1.062699e+02 1.060229e+02
1.062191e+02 1.059918e+02
1.061733e+02 1.059604e+02
1.061196e+02 1.058699e+02
1.060583e+02 1.057932e+02
1.059908e+02 1.057219e+02
1.059113e+02 1.056172e+02
1.058154e+02 1.053796e+02
1.057096e+02 1.053092e+02
1.055959e+02 1.051776e+02
1.054916e+02 1.051313e+02
1.053845e+02 1.050586e+02
1.052959e+02 1.049439e+02
1.052149e+02 1.048767e+02
1.051352e+02 1.048330e+02
1.050610e+02 1.047981e+02
1.049903e+02 1.047462e+02
1.049321e+02 1.047269e+02
1.048829e+02 1.047035e+02
1.048341e+02 1.046728e+02
1.047890e+02 1.046329e+02
1.047519e+02 1.046049e+02
1.047134e+02 1.045868e+02
1.046800e+02 1.045702e+02
1.046489e+02 1.045470e+02
1.046164e+02 1.045287e+02
1.045807e+02 1.044951e+02
1.045391e+02 1.044740e+02
1.045035e+02 1.044453e+02
1.044503e+02 1.044096e+02
1.043853e+02 1.043613e+02
1.043221e+02 1.043112e+02
8.203908e+04 1.620838e+04
5.616984e+02 1.251694e+02
4.717239e+02 1.250453e+02
4.189554e+02 1.178411e+02
6.098382e+02 1.132650e+02
4.345970e+02 1.116220e+02
4.675443e+02 1.110189e+02
3.142411e+02 1.105733e+02
1.796621e+02 1.104449e+02
2.190371e+02 1.103989e+02
1.601095e+02 1.103732e+02
1.767998e+02 1.103644e+02
1.103628e+02 1.103615e+02
1.103601e+02 1.103595e+02
1.103592e+02 1.103590e+02
1.103587e+02 1.103586e+02
1.103586e+02 1.103585e+02
1.103585e+02 1.103584e+02
1.103584e+02 1.103584e+02
1.103584e+02 1.103584e+02
1.103584e+02 1.103584e+02
1.103584e+02 1.103584e+02
8.534884e+02 1.303830e+02
1.909871e+02 1.303830e+02
1.290913e+02 1.240565e+02
1.172944e+02 1.151415e+02
1.130159e+02 1.114544e+02
1.115860e+02 1.104899e+02
1.108726e+02 1.100543e+02
1.104400e+02 1.096995e+02
1.101626e+02 1.094804e+02
1.099557e+02 1.091051e+02
1.097719e+02 1.091051e+02
1.096386e+02 1.089724e+02
1.095093e+02 1.089081e+02
1.094163e+02 1.088060e+02
1.093197e+02 1.086683e+02
1.092408e+02 1.086683e+02
1.091909e+02 1.086683e+02
1.091252e+02 1.085849e+02
1.090793e+02 1.085849e+02
1.090419e+02 1.085849e+02
1.090114e+02 1.084867e+02
1.089689e+02 1.084867e+02
1.089379e+02 1.084867e+02
1.089000e+02 1.084297e+02
1.088247e+02 1.084137e+02
1.087065e+02 1.081601e+02
1.086082e+02 1.081289e+02
1.085253e+02 1.081253e+02
1.084606e+02 1.080453e+02
1.083954e+02 1.080151e+02
1.083380e+02 1.079792e+02
1.082890e+02 1.079415e+02
1.082426e+02 1.078798e+02
1.081972e+02 1.078322e+02
1.081593e+02 1.078316e+02
1.081194e+02 1.078192e+02
1.080873e+02 1.077622e+02
1.080540e+02 1.077589e+02
1.080194e+02 1.077374e+02
1.079843e+02 1.076933e+02
1.079481e+02 1.076718e+02
1.078971e+02 1.074749e+02
1.078431e+02 1.073156e+02
1.077853e+02 1.072968e+02
1.077210e+02 1.072345e+02
1.076457e+02 1.071917e+02
1.075712e+02 1.070960e+02
1.074942e+02 1.070397e+02
1.074166e+02 1.069368e+02
1.073467e+02 1.068919e+02
1.072755e+02 1.068492e+02
1.072005e+02 1.068102e+02
1.071385e+02 1.067527e+02
1.070852e+02 1.067130e+02
1.070263e+02 1.066858e+02
1.069728e+02 1.066445e+02
1.069234e+02 1.066168e+02
1.068786e+02 1.065351e+02
1.068381e+02 1.065158e+02
1.067948e+02 1.064972e+02
1.067573e+02 1.064910e+02
1.067226e+02 1.064531e+02
1.066915e+02 1.064230e+02
1.066606e+02 1.064183e+02
1.066316e+02 1.064038e+02
1.066021e+02 1.063932e+02
1.065721e+02 1.063788e+02
1.065434e+02 1.063585e+02
1.065127e+02 1.063510e+02
1.064783e+02 1.063376e+02
1.064444e+02 1.063008e+02
1.064088e+02 1.062844e+02
1.063694e+02 1.062637e+02
1.063279e+02 1.062362e+02
1.062786e+02 1.061989e+02
1.062241e+02 1.061515e+02
1.061649e+02 1.061062e+02
1.060614e+02 1.059953e+02
1.059611e+02 1.058992e+02
7.559979e+04 1.163997e+04
2.902940e+02 1.386374e+02
2.201450e+02 1.381875e+02
6.065583e+02 1.188356e+02
5.474985e+02 1.141716e+02
3.868371e+02 1.128324e+02
3.325945e+02 1.125272e+02
2.825030e+02 1.123291e+02
1.514671e+02 1.122544e+02
1.710214e+02 1.122283e+02
1.122206e+02 1.122173e+02
1.284248e+02 1.122118e+02
1.122105e+02 1.122096e+02
1.122086e+02 1.122082e+02
1.122077e+02 1.122076e+02
1.122074e+02 1.122073e+02
1.122073e+02 1.122073e+02
1.122072e+02 1.122072e+02
1.122072e+02 1.122072e+02
1.924428e+03 1.469313e+02
2.196509e+02 1.469313e+02
1.398175e+02 1.332806e+02
1.227166e+02 1.194164e+02
1.175346e+02 1.154495e+02
1.155764e+02 1.142999e+02
1.147083e+02 1.138154e+02
1.140060e+02 1.128742e+02
1.135236e+02 1.125671e+02
1.132242e+02 1.124113e+02
1.130229e+02 1.124113e+02
1.128455e+02 1.119907e+02
1.127126e+02 1.119589e+02
1.125948e+02 1.119589e+02
1.124866e+02 1.119589e+02
1.123981e+02 1.118410e+02
1.123221e+02 1.118084e+02
1.122468e+02 1.118084e+02
1.121845e+02 1.117534e+02
1.121390e+02 1.117060e+02
1.120994e+02 1.116171e+02
1.120545e+02 1.115786e+02
1.120089e+02 1.115786e+02
1.119742e+02 1.114828e+02
1.119319e+02 1.113989e+02
1.118967e+02 1.113989e+02
1.118578e+02 1.113989e+02
1.118083e+02 1.111878e+02
1.117729e+02 1.111878e+02
1.117340e+02 1.111878e+02
1.116978e+02 1.111878e+02
1.116635e+02 1.111878e+02
1.116248e+02 1.111878e+02
1.115751e+02 1.111470e+02
1.115459e+02 1.108015e+02
1.115096e+02 1.108015e+02
1.114792e+02 1.108015e+02
1.114493e+02 1.108015e+02
1.114147e+02 1.108015e+02
1.113902e+02 1.108015e+02
1.113669e+02 1.108015e+02
1.112674e+02 1.107870e+02
1.111649e+02 1.107587e+02
1.111026e+02 1.106941e+02
1.110538e+02 1.106677e+02
1.110137e+02 1.106677e+02
1.109730e+02 1.106439e+02
1.109293e+02 1.106272e+02
1.108953e+02 1.105855e+02
1.108657e+02 1.105845e+02
1.108390e+02 1.105639e+02
1.108031e+02 1.105607e+02
1.107480e+02 1.105441e+02
1.106973e+02 1.105048e+02
1.106197e+02 1.104196e+02
1.105385e+02 1.103184e+02
1.104681e+02 1.102177e+02
1.103934e+02 1.101301e+02
1.103069e+02 1.098612e+02
1.102034e+02 1.095871e+02
1.100927e+02 1.095022e+02
1.099624e+02 1.094339e+02
1.098175e+02 1.093523e+02
1.096895e+02 1.092242e+02
1.095495e+02 1.090881e+02
1.094191e+02 1.090369e+02
1.092864e+02 1.089191e+02
1.091677e+02 1.088405e+02
1.090365e+02 1.087819e+02
1.088953e+02 1.086884e+02
1.087463e+02 1.085153e+02
1.085746e+02 1.083492e+02
1.083535e+02 1.081864e+02
1.080693e+02 1.078698e+02
1.077047e+02 1.074988e+02
1.071556e+02 1.069094e+02
1.062295e+02 1.055172e+02
1.046417e+02 1.041413e+02
1.018932e+02 1.010670e+02
9.547923e+01 9.429081e+01
8.212964e+01 8.060177e+01
7.338057e+01 7.334217e+01
7.997079e+04 2.129442e+04
6.513620e+02 1.184444e+02
4.491115e+02 1.181005e+02
4.533106e+02 1.143876e+02
6.059383e+02 1.127664e+02
3.639332e+02 1.120667e+02
2.586938e+02 1.118391e+02
2.571698e+02 1.117797e+02
1.422285e+02 1.117361e+02
1.675133e+02 1.117252e+02
1.342848e+02 1.117187e+02
1.117172e+02 1.117164e+02
1.117154e+02 1.117150e+02
1.117147e+02 1.117145e+02
1.117143e+02 1.117142e+02
1.117141e+02 1.117141e+02
1.117141e+02 1.117140e+02
1.117140e+02 1.117140e+02
1.117140e+02 1.117140e+02
1.117140e+02 1.117140e+02
4.124291e+02 1.423141e+02
1.608542e+02 1.423141e+02
1.277162e+02 1.220209e+02
1.193337e+02 1.167357e+02
1.161565e+02 1.146585e+02
1.148861e+02 1.136882e+02
1.140541e+02 1.130605e+02
1.134681e+02 1.125124e+02
1.130600e+02 1.122022e+02
1.127780e+02 1.120694e+02
1.125426e+02 1.117567e+02
1.123590e+02 1.117413e+02
1.122118e+02 1.115452e+02
1.120839e+02 1.115389e+02
1.119484e+02 1.112161e+02
1.118179e+02 1.111969e+02
1.117066e+02 1.110357e+02
1.116224e+02 1.110357e+02
1.115423e+02 1.110357e+02
1.114653e+02 1.109857e+02
1.113789e+02 1.106542e+02
1.113074e+02 1.106542e+02
1.112451e+02 1.106542e+02
1.111675e+02 1.104002e+02
1.110717e+02 1.103121e+02
1.109661e+02 1.103121e+02
1.108688e+02 1.103066e+02
1.107792e+02 1.102189e+02
1.106971e+02 1.102189e+02
1.106190e+02 1.101245e+02
1.105462e+02 1.100708e+02
1.104835e+02 1.100661e+02
1.104019e+02 1.099116e+02
1.103240e+02 1.099116e+02
1.102544e+02 1.098130e+02
1.101885e+02 1.097803e+02
1.101114e+02 1.095339e+02
1.100211e+02 1.095339e+02
1.099299e+02 1.095339e+02
1.098221e+02 1.095111e+02
1.096891e+02 1.093729e+02
1.095408e+02 1.092331e+02
1.093895e+02 1.091495e+02
1.091599e+02 1.089803e+02
1.010613e+02 9.464285e+01
6.690804e+01 6.606380e+01
6.562221e+01 6.514690e+01
6.517549e+01 6.467159e+01
6.497524e+01 6.439128e+01
6.478146e+01 6.439128e+01
6.463334e+01 6.418329e+01
6.452970e+01 6.407756e+01
6.445157e+01 6.407057e+01
6.437107e+01 6.390607e+01
6.426226e+01 6.383846e+01
6.413395e+01 6.374802e+01
6.398594e+01 6.348199e+01
6.385105e+01 6.341077e+01
6.374282e+01 6.335281e+01
6.364926e+01 6.329438e+01
6.356777e+01 6.322276e+01
6.348584e+01 6.312286e+01
6.336984e+01 6.265632e+01
6.322146e+01 6.256934e+01
6.302293e+01 6.216779e+01
6.229658e+01 6.058644e+01
6.098267e+01 5.949637e+01
6.002993e+01 5.924310e+01
5.929715e+01 5.864065e+01
5.867018e+01 5.793973e+01
5.827485e+01 5.775006e+01
5.796391e+01 5.738577e+01
5.768540e+01 5.709740e+01
5.745709e+01 5.700155e+01
5.728994e+01 5.691979e+01
5.714346e+01 5.685780e+01
5.701338e+01 5.676936e+01
5.689956e+01 5.666598e+01
5.679786e+01 5.659166e+01
5.668913e+01 5.654289e+01
5.657589e+01 5.649947e+01
7.355956e+04 1.483869e+04
1.507476e+02 1.499987e+02
1.504695e+02 1.497676e+02
8.379552e+02 1.361210e+02
4.915408e+02 1.235008e+02
5.394726e+02 1.154373e+02
4.521284e+02 1.127033e+02
5.052017e+02 1.117878e+02
4.077892e+02 1.114673e+02
3.840561e+02 1.113655e+02
3.575996e+02 1.112787e+02
2.712216e+02 1.112448e+02
1.637285e+02 1.112249e+02
1.321301e+02 1.112171e+02
1.112151e+02 1.112145e+02
1.112138e+02 1.112136e+02
1.112132e+02 1.112131e+02
1.112130e+02 1.112129e+02
1.112129e+02 1.112129e+02
1.112128e+02 1.112128e+02
1.112128e+02 1.112128e+02
1.112128e+02 1.112128e+02
1.591941e+03 1.928305e+02
2.319802e+02 1.840531e+02
1.443178e+02 1.356953e+02
1.245415e+02 1.216081e+02
1.185904e+02 1.168182e+02
1.163306e+02 1.146003e+02
1.152731e+02 1.140560e+02
1.145154e+02 1.129915e+02
1.140112e+02 1.125636e+02
1.137022e+02 1.125125e+02
1.134688e+02 1.123715e+02
1.133056e+02 1.120675e+02
1.131533e+02 1.120618e+02
1.130196e+02 1.119829e+02
1.129064e+02 1.119036e+02
1.128154e+02 1.118306e+02
1.127366e+02 1.117063e+02
1.126435e+02 1.116517e+02
1.125651e+02 1.116215e+02
1.124903e+02 1.116189e+02
1.124268e+02 1.116089e+02
1.123580e+02 1.110075e+02
1.122941e+02 1.110075e+02
1.122389e+02 1.110075e+02
1.121639e+02 1.110075e+02
1.121080e+02 1.109147e+02
1.120592e+02 1.108688e+02
1.120130e+02 1.108688e+02
1.119742e+02 1.108688e+02
1.119431e+02 1.108688e+02
1.118934e+02 1.108688e+02
1.116329e+02 1.103826e+02
1.114177e+02 1.102205e+02
1.112526e+02 1.101889e+02
1.111150e+02 1.100871e+02
1.109877e+02 1.098158e+02
1.108732e+02 1.096898e+02
1.107628e+02 1.096807e+02
1.106558e+02 1.095765e+02
1.105562e+02 1.095378e+02
1.104852e+02 1.094499e+02
1.103846e+02 1.094133e+02
1.102826e+02 1.093810e+02
1.101858e+02 1.093683e+02
1.100976e+02 1.093091e+02
1.100032e+02 1.092671e+02
1.099048e+02 1.092289e+02
1.098068e+02 1.091011e+02
1.096997e+02 1.087277e+02
1.095930e+02 1.085440e+02
1.094999e+02 1.084261e+02
1.094001e+02 1.083723e+02
1.092913e+02 1.083190e+02
1.091905e+02 1.082312e+02
1.091046e+02 1.082232e+02
1.090167e+02 1.081187e+02
1.089332e+02 1.081130e+02
1.088543e+02 1.081062e+02
1.087777e+02 1.080833e+02
1.087179e+02 1.080815e+02
1.086530e+02 1.080625e+02
1.085757e+02 1.079284e+02
1.085213e+02 1.078965e+02
1.084557e+02 1.078323e+02
1.083935e+02 1.077958e+02
1.083481e+02 1.077655e+02
1.082911e+02 1.077625e+02
1.082442e+02 1.076941e+02
1.081965e+02 1.076786e+02
1.081432e+02 1.076575e+02
1.081022e+02 1.076442e+02
1.080606e+02 1.076352e+02
1.080207e+02 1.076121e+02
1.079719e+02 1.075932e+02
1.079210e+02 1.075863e+02
1.078682e+02 1.075762e+02
1.078116e+02 1.075682e+02
1.077431e+02 1.075439e+02
1.076576e+02 1.075382e+02
7.661154e+04 1.877079e+04
2.486384e+02 1.278460e+02
2.239758e+02 1.274582e+02
4.246357e+02 1.210344e+02
5.345286e+02 1.170496e+02
5.187167e+02 1.155157e+02
4.878199e+02 1.149650e+02
3.238551e+02 1.146821e+02
3.379900e+02 1.145499e+02
2.848803e+02 1.144866e+02
1.257148e+02 1.144611e+02
1.144567e+02 1.144538e+02
1.144531e+02 1.144515e+02
1.144498e+02 1.144493e+02
1.144486e+02 1.144483e+02
1.144481e+02 1.144480e+02
1.144479e+02 1.144478e+02
1.144478e+02 1.144478e+02
1.144477e+02 1.144477e+02
1.144477e+02 1.144477e+02
1.144477e+02 1.144477e+02
1.144477e+02 1.144477e+02
3.905914e+02 1.538964e+02
1.579097e+02 1.418203e+02
1.284114e+02 1.249437e+02
1.210153e+02 1.191703e+02
1.180366e+02 1.170152e+02
1.167832e+02 1.153736e+02
1.161560e+02 1.149847e+02
1.157315e+02 1.148567e+02
1.154335e+02 1.145264e+02
1.152261e+02 1.143351e+02
1.150621e+02 1.139160e+02
1.148881e+02 1.139160e+02
1.147631e+02 1.138283e+02
1.146462e+02 1.136431e+02
1.145488e+02 1.136431e+02
1.144651e+02 1.136431e+02
1.144068e+02 1.136431e+02
1.143410e+02 1.136431e+02
1.142760e+02 1.135591e+02
1.142216e+02 1.135591e+02
1.141667e+02 1.134622e+02
1.141195e+02 1.134622e+02
1.140665e+02 1.133927e+02
1.140234e+02 1.133927e+02
1.139857e+02 1.133924e+02
1.139203e+02 1.130528e+02
1.138868e+02 1.130528e+02
1.138613e+02 1.130528e+02
1.138315e+02 1.130528e+02
1.137959e+02 1.130528e+02
1.137650e+02 1.129019e+02
1.137295e+02 1.129019e+02
1.136985e+02 1.129019e+02
1.136661e+02 1.129019e+02
1.136437e+02 1.129019e+02
1.136097e+02 1.129019e+02
1.133974e+02 1.127526e+02
1.132525e+02 1.126566e+02
1.131321e+02 1.125917e+02
1.130318e+02 1.125427e+02
1.129520e+02 1.124383e+02
1.128819e+02 1.124133e+02
1.128159e+02 1.123829e+02
1.127396e+02 1.123792e+02
1.126552e+02 1.122830e+02
1.125848e+02 1.122356e+02
1.125192e+02 1.121056e+02
1.124462e+02 1.120300e+02
1.123782e+02 1.119419e+02
1.123050e+02 1.118276e+02
1.122365e+02 1.116999e+02
1.121544e+02 1.116245e+02
1.120669e+02 1.115868e+02
1.119802e+02 1.114820e+02
1.119009e+02 1.114691e+02
1.118226e+02 1.114161e+02
1.117403e+02 1.112211e+02
1.116710e+02 1.112116e+02
1.116111e+02 1.112058e+02
1.115476e+02 1.112008e+02
1.114903e+02 1.111757e+02
1.114427e+02 1.111309e+02
1.113893e+02 1.111151e+02
1.113430e+02 1.111141e+02
1.112949e+02 1.111047e+02
1.112609e+02 1.110266e+02
1.112222e+02 1.109850e+02
1.111944e+02 1.109696e+02
1.111656e+02 1.109494e+02
1.111358e+02 1.109042e+02
1.111070e+02 1.108901e+02
1.110837e+02 1.108651e+02
1.110546e+02 1.108589e+02
1.110297e+02 1.108509e+02
1.110002e+02 1.108371e+02
1.109749e+02 1.108200e+02
1.109487e+02 1.108165e+02
1.109026e+02 1.108086e+02
1.108396e+02 1.107999e+02
7.348802e+04 1.881826e+04
5.518415e+02 1.256155e+02
4.233374e+02 1.252911e+02
5.424850e+02 1.137616e+02
3.540122e+02 1.096375e+02
5.966271e+02 1.084133e+02
3.197574e+02 1.081010e+02
2.190194e+02 1.079248e+02
1.558223e+02 1.078832e+02
1.238447e+02 1.078659e+02
1.838278e+02 1.078591e+02
1.078570e+02 1.078562e+02
1.078553e+02 1.078549e+02
1.078546e+02 1.078545e+02
1.078544e+02 1.078543e+02
1.078542e+02 1.078542e+02
1.078542e+02 1.078542e+02
1.078542e+02 1.078542e+02
1.078542e+02 1.078542e+02
2.829695e+04 1.390201e+02
3.037668e+02 1.390201e+02
1.480072e+02 1.360291e+02
1.220270e+02 1.183992e+02
1.151497e+02 1.135173e+02
1.127028e+02 1.114956e+02
1.116714e+02 1.106236e+02
1.110498e+02 1.100807e+02
1.106718e+02 1.094823e+02
1.103630e+02 1.092677e+02
1.101516e+02 1.090779e+02
1.099642e+02 1.088444e+02
1.098169e+02 1.088444e+02
1.096775e+02 1.086660e+02
1.095812e+02 1.086660e+02
1.094951e+02 1.086660e+02
1.094267e+02 1.086660e+02
1.093641e+02 1.085830e+02
1.093194e+02 1.085830e+02
1.092567e+02 1.084847e+02
1.092099e+02 1.084847e+02
1.091659e+02 1.084381e+02
1.091288e+02 1.084381e+02
1.090825e+02 1.082643e+02
1.090446e+02 1.082643e+02
1.090212e+02 1.082643e+02
1.089854e+02 1.082643e+02
1.089556e+02 1.082643e+02
1.089159e+02 1.082643e+02
1.088911e+02 1.082643e+02
1.088611e+02 1.082643e+02
1.088375e+02 1.082643e+02
1.088105e+02 1.081779e+02
1.087838e+02 1.081779e+02
1.087633e+02 1.081779e+02
1.087373e+02 1.081779e+02
1.087188e+02 1.081779e+02
1.086910e+02 1.081779e+02
1.086633e+02 1.081779e+02
1.086366e+02 1.079299e+02
1.086114e+02 1.079299e+02
1.084994e+02 1.079299e+02
1.083894e+02 1.079041e+02
1.083041e+02 1.078235e+02
1.082318e+02 1.077352e+02
1.081769e+02 1.077049e+02
1.081176e+02 1.076397e+02
1.080351e+02 1.075879e+02
1.079388e+02 1.075431e+02
1.078518e+02 1.074228e+02
1.077456e+02 1.073340e+02
1.076399e+02 1.072367e+02
1.075536e+02 1.071893e+02
1.074704e+02 1.071117e+02
1.073914e+02 1.068445e+02
1.073147e+02 1.068142e+02
1.072268e+02 1.067409e+02
1.071338e+02 1.066337e+02
1.070349e+02 1.065733e+02
1.069362e+02 1.064513e+02
1.068322e+02 1.063378e+02
1.067284e+02 1.062431e+02
1.066454e+02 1.061757e+02
1.065492e+02 1.061613e+02
1.064715e+02 1.061180e+02
1.064083e+02 1.060053e+02
1.063442e+02 1.059365e+02
1.062851e+02 1.058975e+02
1.062303e+02 1.058635e+02
1.061697e+02 1.058448e+02
1.061163e+02 1.058037e+02
1.060752e+02 1.057838e+02
1.060317e+02 1.057765e+02
1.059939e+02 1.057696e+02
1.059553e+02 1.057501e+02
1.059075e+02 1.057354e+02
1.058662e+02 1.057172e+02
1.058167e+02 1.056990e+02
1.057751e+02 1.056709e+02
1.057263e+02 1.056504e+02
1.056587e+02 1.056037e+02
1.055987e+02 1.055525e+02
7.590977e+04 1.321291e+04
3.692930e+02 1.245781e+02
2.822990e+02 1.241773e+02
5.291650e+02 7.285159e+01
4.157361e+02 5.725250e+01
4.535347e+02 5.467139e+01
3.274149e+02 5.399898e+01
2.458476e+02 5.376006e+01
1.666714e+02 5.370203e+01
1.860017e+02 5.365460e+01
1.197935e+02 5.362302e+01
6.464127e+01 5.361133e+01
6.463533e+01 5.360719e+01
5.360649e+01 5.360584e+01
5.360552e+01 5.360527e+01
5.360496e+01 5.360482e+01
5.360475e+01 5.360471e+01
5.360466e+01 5.360464e+01
5.360463e+01 5.360462e+01
5.360462e+01 5.360461e+01
5.360461e+01 5.360461e+01
5.360461e+01 5.360461e+01
5.195352e+02 9.872884e+01
1.149259e+02 9.139370e+01
7.217047e+01 6.711000e+01
6.205653e+01 5.964303e+01
5.875375e+01 5.731558e+01
5.758291e+01 5.619933e+01
5.690004e+01 5.572626e+01
5.650211e+01 5.524623e+01
5.624031e+01 5.503075e+01
5.604450e+01 5.503075e+01
5.587924e+01 5.503075e+01
5.575254e+01 5.495704e+01
5.565002e+01 5.482043e+01
5.556654e+01 5.478766e+01
5.547841e+01 5.467335e+01
5.541333e+01 5.467335e+01
5.534723e+01 5.462183e+01
5.529308e+01 5.455638e+01
5.523558e+01 5.455638e+01
5.517266e+01 5.446438e+01
5.512002e+01 5.421843e+01
5.507933e+01 5.421843e+01
5.488357e+01 5.387369e+01
5.469133e+01 5.381034e+01
5.453391e+01 5.375117e+01
5.440905e+01 5.369911e+01
5.430013e+01 5.369815e+01
5.420623e+01 5.362945e+01
5.412319e+01 5.344431e+01
5.404570e+01 5.338458e+01
5.397122e+01 5.330878e+01
5.390154e+01 5.330004e+01
5.383746e+01 5.327323e+01
5.378163e+01 5.327076e+01
5.372454e+01 5.325743e+01
5.367255e+01 5.319485e+01
5.362342e+01 5.308810e+01
5.357583e+01 5.305685e+01
5.352659e+01 5.298444e+01
5.347117e+01 5.297456e+01
5.341876e+01 5.296029e+01
5.336446e+01 5.293405e+01
5.330228e+01 5.278635e+01
5.323707e+01 5.268935e+01
5.316451e+01 5.265353e+01
5.309381e+01 5.250807e+01
5.300905e+01 5.241015e+01
5.291962e+01 5.234857e+01
5.283685e+01 5.228271e+01
5.275071e+01 5.215701e+01
5.266829e+01 5.211744e+01
5.258786e+01 5.203231e+01
5.251404e+01 5.201268e+01
5.245692e+01 5.190226e+01
5.239671e+01 5.189919e+01
5.234003e+01 5.186342e+01
5.227963e+01 5.180254e+01
5.223292e+01 5.172902e+01
5.218784e+01 5.172198e+01
5.214241e+01 5.166120e+01
5.210414e+01 5.160795e+01
5.206922e+01 5.159112e+01
5.203622e+01 5.157302e+01
5.200408e+01 5.154904e+01
5.197511e+01 5.154046e+01
5.194291e+01 5.153101e+01
5.191384e+01 5.151232e+01
5.188353e+01 5.147145e+01
5.185185e+01 5.144909e+01
5.182214e+01 5.144681e+01
5.179450e+01 5.143837e+01
5.176558e+01 5.142021e+01
5.173288e+01 5.141299e+01
5.170268e+01 5.140804e+01
5.166529e+01 5.139080e+01
5.162979e+01 5.138010e+01
5.158948e+01 5.137115e+01
5.153405e+01 5.135518e+01
5.145379e+01 5.134527e+01
