6.065578e+10 1.810866e+10
1.037699e+08 1.019312e+08
1.026849e+08 1.014961e+08
8.122180e+07 5.615912e+07
3.290103e+07 2.711152e+07
2.041829e+07 1.750914e+07
1.345259e+07 1.139329e+07
8.516647e+06 7.625365e+06
5.969808e+06 5.324107e+06
4.396371e+06 3.821450e+06
2.801668e+06 2.598038e+06
2.077700e+06 1.898957e+06
1.613813e+06 1.461316e+06
1.130148e+06 1.070472e+06
9.122936e+05 8.480207e+05
7.072725e+05 6.589600e+05
5.664425e+05 4.953573e+05
4.197749e+05 4.025059e+05
3.624505e+05 3.425180e+05
2.992946e+05 2.843067e+05
2.466086e+05 2.308746e+05
1.956793e+05 1.802097e+05
1.437059e+05 1.381555e+05
1.105051e+05 1.045552e+05
9.022278e+04 8.540963e+04
6.866589e+04 6.317072e+04
4.807097e+04 4.597330e+04
3.788896e+04 3.673604e+04
3.098106e+04 2.954755e+04
2.410348e+04 2.310636e+04
1.786546e+04 1.638630e+04
1.272181e+04 1.217434e+04
9.547082e+03 9.151664e+03
7.798553e+03 7.136176e+03
5.365415e+03 4.970347e+03
3.202288e+03 2.975637e+03
2.287622e+03 2.191602e+03
1.669391e+03 1.505416e+03
8.693222e+02 7.730387e+02
4.234236e+02 3.517619e+02
2.169661e+02 1.998750e+02
9.058632e+01 8.059535e+01
4.461453e+01 3.995274e+01
2.258659e+01 2.069041e+01
9.964052e+00 9.009513e+00
5.703885e+00 4.909140e+00
1.797874e+00 1.615546e+00
6.512232e-01 5.818945e-01
3.071258e-01 2.545378e-01
9.046899e-02 7.716662e-02
3.685957e-02 3.418351e-02
1.422554e-02 1.227330e-02
6.494477e-03 6.052669e-03
2.355714e+08 9.245141e+07
9.005433e+06 4.454819e+06
8.157930e+05 6.111279e+05
2.353031e+05 2.163127e+05
1.308433e+05 1.259826e+05
8.675171e+04 8.469043e+04
6.344735e+04 6.234819e+04
4.841826e+04 4.749123e+04
3.764114e+04 3.703537e+04
3.188712e+04 3.165138e+04
2.778101e+04 2.749237e+04
2.341573e+04 2.322983e+04
2.068757e+04 2.055464e+04
1.834456e+04 1.823420e+04
1.598334e+04 1.578829e+04
1.337353e+04 1.324452e+04
1.204367e+04 1.199431e+04
1.115471e+04 1.112859e+04
1.060910e+04 1.059270e+04
1.022235e+04 1.020952e+04
9.829569e+03 9.818489e+03
9.547865e+03 9.534611e+03
9.385467e+03 9.380450e+03
9.194423e+03 9.188656e+03
8.925769e+03 8.900811e+03
8.502784e+03 8.487495e+03
8.264682e+03 8.252876e+03
7.732428e+03 7.705391e+03
7.042332e+03 7.024020e+03
6.592863e+03 6.572865e+03
6.178366e+03 6.164794e+03
5.688003e+03 5.673578e+03
5.178391e+03 5.166945e+03
4.476091e+03 4.459264e+03
4.037330e+03 4.030513e+03
3.823745e+03 3.818637e+03
3.687682e+03 3.684735e+03
3.533047e+03 3.529231e+03
3.289115e+03 3.287749e+03
3.154978e+03 3.153534e+03
2.985048e+03 2.981392e+03
2.600723e+03 2.595516e+03
2.376860e+03 2.375393e+03
2.299199e+03 2.297650e+03
2.228367e+03 2.228181e+03
2.191063e+03 2.190461e+03
2.152277e+03 2.152187e+03
2.115673e+03 2.115667e+03
5.934001e+10 1.787901e+10
8.736965e+07 8.501570e+07
8.612622e+07 8.417363e+07
7.565977e+07 5.294794e+07
3.805421e+07 3.080543e+07
2.526684e+07 2.060285e+07
1.505198e+07 1.215429e+07
8.359996e+06 7.583512e+06
6.415299e+06 6.047331e+06
5.165548e+06 4.494319e+06
3.330738e+06 2.726158e+06
1.953024e+06 1.669329e+06
1.336410e+06 1.123239e+06
8.363920e+05 7.690550e+05
6.053605e+05 5.806923e+05
4.975085e+05 4.787180e+05
4.213328e+05 4.033584e+05
3.592735e+05 3.475248e+05
3.104533e+05 3.007027e+05
2.651147e+05 2.508856e+05
2.039367e+05 1.978695e+05
1.680053e+05 1.608974e+05
1.218163e+05 1.124665e+05
9.013164e+04 8.293334e+04
6.720753e+04 6.382372e+04
5.450164e+04 5.196760e+04
4.217539e+04 4.100221e+04
3.840494e+04 3.662725e+04
2.992590e+04 2.902269e+04
2.510879e+04 2.437461e+04
2.221094e+04 2.043578e+04
1.457734e+04 1.408591e+04
1.197520e+04 1.129913e+04
8.953020e+03 8.389500e+03
6.451587e+03 6.232968e+03
4.680095e+03 4.390634e+03
3.479504e+03 3.245409e+03
2.336883e+03 2.191316e+03
1.427124e+03 1.339973e+03
8.804057e+02 8.368511e+02
7.034270e+02 6.373191e+02
4.032413e+02 3.747392e+02
2.249106e+02 2.132871e+02
1.550174e+02 1.356349e+02
6.735663e+01 5.708624e+01
1.681016e+01 1.529591e+01
9.895855e+00 8.130334e+00
2.103095e+00 1.840806e+00
8.056054e-01 7.020860e-01
3.276871e-01 3.012399e-01
1.854490e-01 1.698350e-01
9.276025e-02 8.674338e-02
5.848919e-02 5.196222e-02
2.645971e+08 1.130073e+08
1.038536e+07 4.916725e+06
9.366659e+05 6.868153e+05
2.959799e+05 2.792503e+05
1.900174e+05 1.819843e+05
1.153934e+05 1.109621e+05
7.322698e+04 7.097913e+04
5.289711e+04 5.192216e+04
4.445591e+04 4.396861e+04
3.774887e+04 3.720141e+04
3.305993e+04 3.286366e+04
2.863289e+04 2.840830e+04
2.527261e+04 2.518468e+04
2.348234e+04 2.337379e+04
2.221247e+04 2.216151e+04
2.109073e+04 2.101841e+04
1.965204e+04 1.959648e+04
1.886981e+04 1.883249e+04
1.813017e+04 1.811133e+04
1.781749e+04 1.780398e+04
1.736309e+04 1.732784e+04
1.489500e+04 1.485200e+04
1.378171e+04 1.376088e+04
1.325542e+04 1.323100e+04
1.246767e+04 1.243139e+04
1.198550e+04 1.197077e+04
1.145204e+04 1.139663e+04
1.016859e+04 1.012949e+04
9.528489e+03 9.514196e+03
8.963185e+03 8.937697e+03
8.665897e+03 8.656844e+03
8.419551e+03 8.410405e+03
8.044705e+03 8.023653e+03
7.561614e+03 7.547305e+03
6.778016e+03 6.765306e+03
6.010409e+03 5.964615e+03
5.093904e+03 5.077995e+03
4.457347e+03 4.450152e+03
4.241739e+03 4.237435e+03
4.028893e+03 4.027414e+03
3.875481e+03 3.873829e+03
3.755786e+03 3.753846e+03
3.611614e+03 3.607763e+03
3.452677e+03 3.452063e+03
3.346542e+03 3.346152e+03
3.124208e+03 3.124079e+03
3.052444e+03 3.052323e+03
3.015265e+03 3.015265e+03
5.984378e+10 2.054725e+10
8.494130e+07 8.352846e+07
8.416913e+07 8.314925e+07
6.429940e+07 4.657435e+07
2.958272e+07 2.537431e+07
2.003134e+07 1.664212e+07
1.196059e+07 1.035387e+07
7.973174e+06 7.305713e+06
9.267415e+06 5.332100e+06
4.018852e+06 3.471204e+06
2.850491e+06 2.588681e+06
2.185041e+06 1.991899e+06
1.529277e+06 1.335867e+06
9.467923e+05 8.771151e+05
7.512285e+05 7.134899e+05
6.214638e+05 5.876020e+05
5.029609e+05 4.735534e+05
4.125354e+05 3.968547e+05
3.466025e+05 3.306732e+05
2.819269e+05 2.720092e+05
2.393306e+05 2.298641e+05
1.945922e+05 1.888623e+05
1.670338e+05 1.594946e+05
1.357808e+05 1.311185e+05
1.172431e+05 1.098850e+05
8.999632e+04 8.344785e+04
7.203895e+04 6.843394e+04
5.464533e+04 5.235757e+04
4.273095e+04 4.155012e+04
3.675987e+04 3.427956e+04
2.853139e+04 2.701706e+04
1.882611e+04 1.791089e+04
1.391990e+04 1.295605e+04
1.035930e+04 9.778821e+03
7.757726e+03 7.206232e+03
5.010478e+03 4.433267e+03
2.926126e+03 2.656470e+03
1.593580e+03 1.502231e+03
8.192372e+02 7.592120e+02
5.171971e+02 5.025131e+02
3.830648e+02 3.530977e+02
2.622195e+02 2.458249e+02
1.656970e+02 1.498841e+02
9.368513e+01 8.447966e+01
4.925236e+01 4.249942e+01
2.586115e+01 2.194846e+01
1.199596e+01 1.078905e+01
6.262550e+00 5.693392e+00
3.103981e+00 2.855269e+00
1.879717e+00 1.778615e+00
1.350221e+00 1.210667e+00
4.590328e-01 3.948036e-01
1.714445e-01 1.451953e-01
2.431275e+08 1.006941e+08
8.934928e+06 4.889104e+06
1.005128e+06 7.716902e+05
2.736241e+05 2.481391e+05
1.202140e+05 1.134137e+05
6.548094e+04 6.202587e+04
4.211383e+04 4.099868e+04
3.104887e+04 3.047583e+04
2.413890e+04 2.376563e+04
1.828107e+04 1.798006e+04
1.481735e+04 1.466782e+04
1.203676e+04 1.192401e+04
1.043612e+04 1.036370e+04
9.608080e+03 9.580998e+03
9.043620e+03 9.003507e+03
8.225264e+03 8.188180e+03
7.899269e+03 7.889483e+03
7.618050e+03 7.603002e+03
7.351249e+03 7.339448e+03
7.098790e+03 7.082470e+03
6.852777e+03 6.840893e+03
6.521844e+03 6.506803e+03
6.052547e+03 6.040810e+03
5.710011e+03 5.700568e+03
5.295975e+03 5.246111e+03
4.745532e+03 4.722309e+03
4.343595e+03 4.313268e+03
4.030577e+03 4.018070e+03
3.772210e+03 3.758862e+03
3.624572e+03 3.617510e+03
3.469353e+03 3.463676e+03
3.249381e+03 3.245747e+03
3.067355e+03 3.058734e+03
2.852730e+03 2.840879e+03
2.682773e+03 2.680132e+03
2.599463e+03 2.597747e+03
2.538235e+03 2.536915e+03
2.406379e+03 2.404580e+03
2.277761e+03 2.274314e+03
2.196200e+03 2.194646e+03
2.045721e+03 2.043731e+03
1.964015e+03 1.963326e+03
1.930845e+03 1.930395e+03
1.897636e+03 1.896991e+03
1.872042e+03 1.871991e+03
1.863456e+03 1.863412e+03
1.835448e+03 1.835177e+03
1.810446e+03 1.810445e+03
6.158166e+10 2.299195e+10
9.392033e+07 9.289160e+07
9.332221e+07 9.223563e+07
8.142698e+07 5.720462e+07
3.276611e+07 2.735292e+07
2.184119e+07 1.786004e+07
1.418906e+07 1.180416e+07
8.683488e+06 7.421768e+06
6.341182e+06 5.353533e+06
4.336453e+06 3.995136e+06
3.247172e+06 3.001499e+06
2.333533e+06 2.075434e+06
1.730146e+06 1.600330e+06
1.303120e+06 1.180492e+06
1.042583e+06 9.885753e+05
8.066463e+05 7.719888e+05
6.317504e+05 5.704160e+05
4.257178e+05 4.043952e+05
3.478764e+05 3.281019e+05
2.724093e+05 2.664791e+05
2.412735e+05 2.309827e+05
1.881702e+05 1.784831e+05
1.484347e+05 1.441434e+05
1.151420e+05 1.079470e+05
8.320954e+04 7.933105e+04
7.015382e+04 6.461856e+04
5.127528e+04 4.872818e+04
4.104577e+04 3.955400e+04
3.288718e+04 3.145569e+04
2.650813e+04 2.417061e+04
1.834080e+04 1.791650e+04
1.429763e+04 1.287295e+04
9.143337e+03 8.902733e+03
6.832831e+03 6.624216e+03
5.719413e+03 5.327353e+03
3.694547e+03 3.346372e+03
1.961412e+03 1.864858e+03
1.460450e+03 1.368492e+03
9.204996e+02 8.419898e+02
5.392058e+02 5.010625e+02
3.694073e+02 3.375927e+02
1.838327e+02 1.733414e+02
1.248194e+02 1.167061e+02
8.926380e+01 8.579305e+01
5.576149e+01 4.536823e+01
2.245496e+01 1.974873e+01
1.129590e+01 9.394991e+00
5.338388e+00 4.793143e+00
2.628736e+00 2.403987e+00
1.669882e+00 1.463511e+00
9.274945e-01 7.906475e-01
3.694883e-01 3.450577e-01
1.609597e-01 1.321978e-01
2.241071e+08 8.820510e+07
7.644220e+06 3.831867e+06
7.188143e+05 5.557801e+05
1.978350e+05 1.735208e+05
8.866371e+04 8.327223e+04
5.537362e+04 5.352738e+04
4.041000e+04 3.941405e+04
2.895640e+04 2.836412e+04
2.215372e+04 2.177054e+04
1.768110e+04 1.738193e+04
1.396802e+04 1.371017e+04
1.124994e+04 1.113044e+04
9.740666e+03 9.688373e+03
8.356736e+03 8.316695e+03
7.656774e+03 7.624204e+03
7.082355e+03 7.055879e+03
6.476599e+03 6.451859e+03
5.962350e+03 5.929830e+03
5.316380e+03 5.280535e+03
4.549246e+03 4.502604e+03
3.993401e+03 3.980857e+03
3.846261e+03 3.841361e+03
3.739447e+03 3.734417e+03
3.611995e+03 3.603272e+03
3.365194e+03 3.355188e+03
3.231257e+03 3.217524e+03
3.103185e+03 3.098480e+03
3.036972e+03 3.033325e+03
2.951777e+03 2.948263e+03
2.862122e+03 2.856886e+03
2.685354e+03 2.681318e+03
2.586650e+03 2.582962e+03
2.484917e+03 2.481527e+03
2.362054e+03 2.357714e+03
2.213934e+03 2.210105e+03
2.082855e+03 2.079014e+03
1.958843e+03 1.955499e+03
1.861063e+03 1.859516e+03
1.779117e+03 1.776233e+03
1.716227e+03 1.713171e+03
1.654325e+03 1.653136e+03
1.604797e+03 1.604480e+03
1.570621e+03 1.569712e+03
1.541105e+03 1.540957e+03
1.506373e+03 1.505809e+03
1.361123e+03 1.361053e+03
1.288971e+03 1.288708e+03
1.263469e+03 1.263467e+03
6.195765e+10 1.695953e+10
9.616613e+07 9.445435e+07
9.525396e+07 9.370168e+07
7.072241e+07 5.614611e+07
3.699591e+07 2.773189e+07
2.118032e+07 1.770942e+07
1.255897e+07 1.126542e+07
8.638722e+06 7.861833e+06
6.289187e+06 5.340889e+06
4.167501e+06 3.897203e+06
3.340452e+06 2.999656e+06
2.344061e+06 2.122472e+06
1.621839e+06 1.406554e+06
1.034868e+06 9.653158e+05
7.685852e+05 7.249002e+05
5.757678e+05 5.401588e+05
4.217316e+05 3.932749e+05
1.276637e+06 3.102394e+05
5.035408e+06 2.658545e+05
2.226854e+05 2.160359e+05
1.920184e+05 1.797355e+05
1.448237e+05 1.377706e+05
1.171730e+05 1.115885e+05
9.615533e+04 9.395069e+04
8.335220e+04 7.849922e+04
6.267205e+04 5.953284e+04
4.666937e+04 4.356321e+04
3.281305e+04 3.005358e+04
2.063461e+04 1.880938e+04
1.310317e+04 1.257099e+04
1.054414e+04 9.898473e+03
7.537152e+03 7.181086e+03
5.556771e+03 5.135571e+03
3.829914e+03 3.613798e+03
2.911959e+03 2.712327e+03
1.843813e+03 1.707044e+03
1.225450e+03 1.141879e+03
7.979922e+02 7.681415e+02
5.947083e+02 5.609418e+02
4.211289e+02 4.001751e+02
2.984173e+02 2.832678e+02
2.115062e+02 1.969805e+02
1.166472e+02 1.074018e+02
7.321468e+01 6.890788e+01
5.157138e+01 4.857910e+01
3.255812e+01 2.916476e+01
1.397685e+01 1.301623e+01
9.038960e+00 8.131254e+00
4.590157e+00 4.321565e+00
3.130538e+00 2.719885e+00
8.367481e-01 7.755447e-01
4.927414e-01 4.127908e-01
1.657352e-01 1.517745e-01
2.323347e+08 9.588572e+07
8.007241e+06 3.837254e+06
7.403317e+05 5.731756e+05
1.727126e+05 1.565851e+05
9.471707e+04 9.125388e+04
6.822177e+04 6.683499e+04
4.906603e+04 4.819654e+04
3.954655e+04 3.913303e+04
3.334140e+04 3.298531e+04
2.809807e+04 2.779024e+04
2.367195e+04 2.346397e+04
2.143487e+04 2.132290e+04
1.997863e+04 1.991272e+04
1.914891e+04 1.911442e+04
1.833850e+04 1.827803e+04
1.770429e+04 1.768873e+04
1.734951e+04 1.732911e+04
1.663335e+04 1.658066e+04
1.412701e+04 1.394675e+04
1.219014e+04 1.211652e+04
9.893132e+03 9.857803e+03
9.499611e+03 9.490633e+03
9.124456e+03 9.106886e+03
8.743404e+03 8.731172e+03
8.518840e+03 8.507068e+03
8.239300e+03 8.207566e+03
7.852188e+03 7.839317e+03
7.638176e+03 7.631480e+03
7.459014e+03 7.443798e+03
7.124772e+03 7.106969e+03
6.833120e+03 6.814360e+03
6.320103e+03 6.294310e+03
5.758113e+03 5.735075e+03
5.214461e+03 5.193083e+03
4.691438e+03 4.682239e+03
4.444330e+03 4.436154e+03
4.280629e+03 4.273738e+03
4.086154e+03 4.080469e+03
3.775791e+03 3.765424e+03
3.394701e+03 3.390220e+03
3.031693e+03 3.030132e+03
2.917903e+03 2.914589e+03
2.805121e+03 2.803888e+03
2.703974e+03 2.703580e+03
2.589779e+03 2.589132e+03
2.520392e+03 2.520244e+03
2.417284e+03 2.417136e+03
2.368521e+03 2.368519e+03
6.141597e+10 1.921282e+10
1.005962e+08 9.856206e+07
9.926878e+07 9.715768e+07
8.467239e+07 5.626988e+07
2.642715e+07 2.185509e+07
1.588831e+07 1.368480e+07
1.030314e+07 8.983698e+06
6.589272e+06 5.859941e+06
4.605339e+06 4.169681e+06
3.649147e+06 3.102728e+06
2.277745e+06 2.063511e+06
1.351833e+06 1.206677e+06
9.800086e+05 8.619312e+05
6.939776e+05 6.564327e+05
5.589010e+05 5.263572e+05
4.394749e+05 4.162461e+05
3.585832e+05 3.447878e+05
3.111969e+05 2.956243e+05
2.480163e+05 2.370429e+05
2.072010e+05 2.005934e+05
1.777554e+05 1.664428e+05
1.354445e+05 1.272820e+05
1.059322e+05 1.006089e+05
8.096878e+04 7.722824e+04
6.585801e+04 6.111829e+04
4.914841e+04 4.425442e+04
3.332396e+04 3.201359e+04
2.481491e+04 2.328496e+04
1.641786e+04 1.571452e+04
1.349518e+04 1.291290e+04
1.039885e+04 9.424515e+03
6.966254e+03 6.519672e+03
4.594827e+03 4.232035e+03
3.261055e+03 3.132261e+03
2.480373e+03 2.319339e+03
1.815604e+03 1.691910e+03
1.126827e+03 1.040836e+03
6.950701e+02 6.480219e+02
4.232913e+02 3.901609e+02
2.717018e+02 2.501830e+02
1.714908e+02 1.597048e+02
1.102563e+02 1.061158e+02
9.057556e+01 8.229829e+01
5.233212e+01 4.775415e+01
3.208370e+01 3.021911e+01
1.765448e+01 1.577414e+01
9.307132e+00 8.586573e+00
4.901996e+00 4.450320e+00
2.720164e+00 2.400553e+00
1.308958e+00 1.169321e+00
6.440871e-01 5.744819e-01
2.960135e-01 2.593145e-01
1.455524e-01 1.230197e-01
2.175112e+08 7.942294e+07
6.522227e+06 3.664933e+06
5.919031e+05 4.815010e+05
2.049999e+05 1.862208e+05
1.022006e+05 9.693838e+04
6.701750e+04 6.551842e+04
4.483989e+04 4.382348e+04
3.512032e+04 3.456584e+04
2.937705e+04 2.899916e+04
2.534310e+04 2.506686e+04
2.244192e+04 2.221545e+04
1.900688e+04 1.877662e+04
1.635535e+04 1.623474e+04
1.515177e+04 1.510942e+04
1.442473e+04 1.437994e+04
1.337965e+04 1.332483e+04
1.233160e+04 1.230149e+04
1.187857e+04 1.185251e+04
1.159628e+04 1.157973e+04
1.120372e+04 1.118457e+04
1.089812e+04 1.089066e+04
1.065574e+04 1.064723e+04
1.034567e+04 1.033174e+04
9.976387e+03 9.961515e+03
9.706381e+03 9.686312e+03
9.408404e+03 9.393578e+03
8.921508e+03 8.891994e+03
7.826304e+03 7.779633e+03
7.018706e+03 6.976148e+03
6.488811e+03 6.480042e+03
6.165679e+03 6.151656e+03
5.767562e+03 5.754829e+03
5.393743e+03 5.381391e+03
4.846550e+03 4.828174e+03
4.534510e+03 4.529438e+03
4.286072e+03 4.271913e+03
3.851078e+03 3.841561e+03
3.451340e+03 3.438345e+03
2.949735e+03 2.943636e+03
2.730725e+03 2.727083e+03
2.634295e+03 2.632939e+03
2.461681e+03 2.458888e+03
2.329534e+03 2.328248e+03
2.239651e+03 2.239128e+03
2.183546e+03 2.183276e+03
2.111138e+03 2.109522e+03
2.014036e+03 2.013967e+03
1.986785e+03 1.986778e+03
5.908674e+10 1.483648e+10
9.777415e+07 9.595853e+07
9.706219e+07 9.515990e+07
7.407008e+07 5.501110e+07
4.499521e+07 3.353491e+07
2.234250e+07 1.997999e+07
1.598722e+07 1.411341e+07
1.266671e+07 1.114461e+07
8.301833e+06 6.989460e+06
5.054562e+06 4.567423e+06
9.043039e+06 3.610460e+06
9.355611e+06 2.222108e+06
1.812263e+06 1.683758e+06
1.359849e+06 1.242021e+06
1.002983e+06 9.528436e+05
8.186356e+05 7.833294e+05
6.811927e+05 6.359505e+05
5.659499e+05 5.156970e+05
4.289676e+05 4.166503e+05
3.824664e+05 3.657093e+05
2.939247e+05 2.667716e+05
2.095840e+05 1.979443e+05
1.705817e+05 1.647796e+05
1.485562e+05 1.408323e+05
1.076414e+05 9.642551e+04
7.032179e+04 6.737163e+04
5.653823e+04 5.202645e+04
3.957604e+04 3.727776e+04
2.868791e+04 2.650583e+04
2.099402e+04 1.983916e+04
1.515156e+04 1.434138e+04
1.089089e+04 1.057450e+04
9.246563e+03 8.792048e+03
6.970435e+03 6.713602e+03
5.219347e+03 4.902992e+03
3.879958e+03 3.733757e+03
3.060595e+03 2.961395e+03
2.672598e+03 2.541841e+03
1.855458e+03 1.724594e+03
1.109061e+03 1.062387e+03
8.664460e+02 8.155137e+02
5.880215e+02 5.565180e+02
4.593144e+02 4.294540e+02
2.910786e+02 2.437288e+02
1.127233e+02 1.053390e+02
7.474890e+01 6.767090e+01
3.302994e+01 3.085494e+01
1.571577e+01 1.387405e+01
6.636138e+00 5.303645e+00
2.168962e+00 1.929301e+00
1.010699e+00 9.287197e-01
4.337010e-01 3.812312e-01
2.126707e-01 1.800157e-01
2.548310e+08 1.142229e+08
8.852001e+06 4.483769e+06
7.404322e+05 4.881438e+05
2.133033e+05 1.894860e+05
1.190589e+05 1.151690e+05
7.938415e+04 7.696879e+04
5.532757e+04 5.317616e+04
4.390576e+04 4.328906e+04
3.833325e+04 3.799412e+04
3.316291e+04 3.285342e+04
2.782918e+04 2.761116e+04
2.295618e+04 2.279220e+04
1.891266e+04 1.856868e+04
1.593075e+04 1.582529e+04
1.392166e+04 1.378644e+04
1.231837e+04 1.223599e+04
1.132560e+04 1.130618e+04
1.077230e+04 1.074324e+04
1.011124e+04 1.008226e+04
9.491799e+03 9.467387e+03
9.007738e+03 8.986137e+03
8.401423e+03 8.390889e+03
8.231219e+03 8.225251e+03
8.082826e+03 8.078919e+03
7.980553e+03 7.975487e+03
7.858125e+03 7.850597e+03
7.730385e+03 7.716620e+03
7.525881e+03 7.503824e+03
7.141527e+03 7.130784e+03
6.889109e+03 6.877890e+03
6.568737e+03 6.560574e+03
6.315330e+03 6.302155e+03
6.198264e+03 6.193657e+03
5.942659e+03 5.926042e+03
5.170839e+03 5.148461e+03
4.615444e+03 4.598361e+03
4.173970e+03 4.168235e+03
3.856931e+03 3.850050e+03
3.635296e+03 3.628650e+03
3.367908e+03 3.365565e+03
3.141025e+03 3.138182e+03
2.973681e+03 2.972075e+03
2.897301e+03 2.897074e+03
2.784122e+03 2.781676e+03
2.738144e+03 2.738102e+03
2.716322e+03 2.715731e+03
2.675921e+03 2.675908e+03
2.639488e+03 2.639475e+03
6.133656e+10 2.499514e+10
1.102817e+08 1.089826e+08
1.096480e+08 1.082835e+08
8.812595e+07 6.092783e+07
3.393244e+07 2.525502e+07
1.875066e+07 1.569459e+07
1.156083e+07 1.059779e+07
9.012780e+06 8.390791e+06
6.721732e+06 5.984901e+06
4.437921e+06 3.772705e+06
2.346381e+06 2.146739e+06
1.839189e+06 1.728105e+06
1.402973e+06 1.323942e+06
1.106993e+06 1.006899e+06
7.682305e+05 7.337803e+05
6.341793e+05 5.882189e+05
4.655570e+05 4.382882e+05
3.711304e+05 3.548491e+05
3.158100e+05 2.979564e+05
2.603818e+05 2.400866e+05
2.133789e+05 2.080107e+05
1.851558e+05 1.784895e+05
1.476118e+05 1.438495e+05
1.332194e+05 1.235767e+05
9.176085e+04 8.722021e+04
7.046177e+04 6.733331e+04
5.196624e+04 4.880691e+04
3.667699e+04 3.411707e+04
2.525186e+04 2.312084e+04
1.652785e+04 1.514047e+04
1.189799e+04 1.103728e+04
8.875391e+03 8.486116e+03
6.429758e+03 6.107614e+03
4.626334e+03 4.261109e+03
3.137927e+03 2.997918e+03
2.061869e+03 1.963060e+03
1.593355e+03 1.496769e+03
1.120230e+03 1.042797e+03
7.179195e+02 6.658633e+02
5.017085e+02 4.123092e+02
1.938429e+02 1.738916e+02
1.065590e+02 9.318352e+01
5.289241e+01 4.973411e+01
3.180897e+01 2.929635e+01
1.718144e+01 1.609387e+01
1.112019e+01 1.046720e+01
7.274026e+00 6.461351e+00
3.528396e+00 3.197407e+00
2.098891e+00 1.865677e+00
4.857941e-01 4.105909e-01
1.978319e-01 1.822213e-01
8.958545e-02 8.206466e-02
4.323591e-02 3.988290e-02
2.289687e+08 9.330429e+07
6.856469e+06 3.435219e+06
6.473322e+05 4.501061e+05
1.249792e+05 1.125944e+05
5.247982e+04 4.844918e+04
3.577875e+04 3.502634e+04
2.764463e+04 2.701689e+04
2.145136e+04 2.098910e+04
1.746300e+04 1.714825e+04
1.366549e+04 1.345023e+04
1.022769e+04 1.009756e+04
8.409900e+03 8.281396e+03
7.612385e+03 7.573697e+03
7.065698e+03 7.044822e+03
6.780280e+03 6.765862e+03
6.337589e+03 6.298620e+03
5.703101e+03 5.666365e+03
4.980989e+03 4.944776e+03
4.338128e+03 4.321999e+03
4.020954e+03 4.007911e+03
3.780631e+03 3.767333e+03
3.613310e+03 3.606700e+03
3.308690e+03 3.300331e+03
3.148560e+03 3.143798e+03
3.025884e+03 3.013647e+03
2.863207e+03 2.855382e+03
2.761867e+03 2.758362e+03
2.698340e+03 2.696071e+03
2.625242e+03 2.621923e+03
2.556391e+03 2.552260e+03
2.485982e+03 2.483873e+03
2.369308e+03 2.363536e+03
2.213230e+03 2.209027e+03
2.056898e+03 2.053613e+03
1.991580e+03 1.990199e+03
1.918507e+03 1.917050e+03
1.856847e+03 1.855581e+03
1.804159e+03 1.802719e+03
1.769629e+03 1.768961e+03
1.733650e+03 1.732957e+03
1.706731e+03 1.706322e+03
1.691819e+03 1.691582e+03
1.609393e+03 1.608206e+03
1.543164e+03 1.542412e+03
1.438383e+03 1.437622e+03
1.397695e+03 1.397627e+03
1.353344e+03 1.353328e+03
1.337357e+03 1.337272e+03
5.921382e+10 1.539219e+10
1.120622e+08 1.103072e+08
1.111979e+08 1.098346e+08
8.655854e+07 5.958171e+07
3.758728e+07 2.896896e+07
2.628389e+07 1.739417e+07
1.563691e+07 1.222422e+07
8.817286e+06 7.974799e+06
6.749811e+06 5.623253e+06
4.029007e+06 3.534869e+06
2.826957e+06 2.699968e+06
6.208771e+07 2.297958e+06
4.448960e+07 1.582420e+06
1.833224e+07 1.183343e+06
1.045378e+06 9.640982e+05
8.167687e+05 7.398411e+05
6.038792e+05 5.432985e+05
4.475478e+05 4.222952e+05
3.685638e+05 3.522763e+05
2.896888e+05 2.760478e+05
2.420062e+05 2.256043e+05
1.943950e+05 1.813697e+05
1.564976e+05 1.467741e+05
1.240033e+05 1.187507e+05
1.004684e+05 9.524290e+04
7.596765e+04 7.148870e+04
5.763946e+04 5.498434e+04
4.518731e+04 4.289250e+04
3.307088e+04 3.180374e+04
2.662653e+04 2.538894e+04
2.055608e+04 1.965936e+04
1.666645e+04 1.538685e+04
1.202243e+04 1.113813e+04
7.450711e+03 6.890964e+03
4.834238e+03 4.472292e+03
3.448173e+03 2.999185e+03
1.685696e+03 1.574435e+03
1.160733e+03 1.083165e+03
7.992285e+02 7.522248e+02
4.939733e+02 4.564611e+02
3.191474e+02 2.944890e+02
1.945703e+02 1.776691e+02
1.069127e+02 9.871090e+01
6.372798e+01 6.108410e+01
4.370951e+01 3.959015e+01
2.312323e+01 2.076616e+01
1.124901e+01 1.057449e+01
6.039624e+00 5.658522e+00
3.446593e+00 3.186718e+00
2.047076e+00 1.734936e+00
8.822006e-01 7.643746e-01
1.855200e-01 1.666260e-01
8.472443e-02 7.634050e-02
2.335142e+08 1.010782e+08
9.025689e+06 5.341791e+06
6.657569e+05 4.337762e+05
1.652962e+05 1.476554e+05
8.762602e+04 8.306086e+04
5.826165e+04 5.696375e+04
4.055353e+04 3.962848e+04
3.133181e+04 3.078095e+04
2.327622e+04 2.278833e+04
2.007832e+04 1.987416e+04
1.760469e+04 1.751360e+04
1.585655e+04 1.576043e+04
1.439624e+04 1.431916e+04
1.315374e+04 1.309127e+04
1.167786e+04 1.159894e+04
1.068972e+04 1.064834e+04
9.987146e+03 9.951856e+03
9.319456e+03 9.294971e+03
8.571712e+03 8.533656e+03
7.928567e+03 7.913504e+03
7.638910e+03 7.628233e+03
7.360828e+03 7.353209e+03
6.911968e+03 6.887978e+03
6.585953e+03 6.579379e+03
6.276827e+03 6.253330e+03
5.878883e+03 5.864968e+03
5.550082e+03 5.523015e+03
5.294231e+03 5.285894e+03
5.125293e+03 5.113165e+03
4.918041e+03 4.907448e+03
4.693072e+03 4.684826e+03
4.449186e+03 4.441370e+03
4.333714e+03 4.330513e+03
4.231555e+03 4.228562e+03
4.142975e+03 4.139218e+03
4.003564e+03 4.001356e+03
3.907978e+03 3.905386e+03
3.789434e+03 3.786209e+03
3.586741e+03 3.581451e+03
3.263119e+03 3.255379e+03
3.060028e+03 3.056122e+03
2.934850e+03 2.933051e+03
2.532601e+03 2.530402e+03
2.335424e+03 2.334424e+03
2.234115e+03 2.233392e+03
2.178138e+03 2.177904e+03
2.148016e+03 2.147978e+03
2.127212e+03 2.127206e+03
6.184809e+10 2.671506e+10
1.082930e+08 1.064987e+08
1.071325e+08 1.053860e+08
9.757652e+07 5.270596e+07
2.996036e+07 2.136000e+07
1.486935e+07 1.193770e+07
8.649815e+06 7.419203e+06
5.920986e+06 5.005655e+06
4.129783e+06 3.784648e+06
3.051101e+06 2.886711e+06
2.513248e+06 2.342425e+06
1.939647e+06 1.748449e+06
1.362476e+06 1.266944e+06
1.038382e+06 9.884647e+05
8.537112e+05 8.061901e+05
6.735788e+05 6.413204e+05
5.832714e+05 5.325412e+05
4.078148e+05 3.911410e+05
3.629793e+05 3.468732e+05
3.008536e+05 2.818733e+05
2.411599e+05 2.223862e+05
1.751360e+05 1.668277e+05
1.455418e+05 1.309350e+05
9.809992e+04 9.367453e+04
7.492934e+04 7.164342e+04
6.185075e+04 5.886941e+04
4.944097e+04 4.777921e+04
4.095311e+04 3.949586e+04
3.292743e+04 3.108333e+04
2.304834e+04 2.154027e+04
1.762588e+04 1.673531e+04
1.306521e+04 1.276127e+04
1.088954e+04 1.010551e+04
7.770920e+03 7.222211e+03
4.771286e+03 4.449129e+03
2.562744e+03 2.395885e+03
1.736029e+03 1.609435e+03
1.160135e+03 1.093418e+03
7.278148e+02 6.669601e+02
3.386928e+02 3.031764e+02
2.133948e+02 1.955998e+02
1.166046e+02 1.087306e+02
8.133978e+01 7.774861e+01
5.201717e+01 4.746816e+01
3.234480e+01 3.017885e+01
2.051813e+01 1.898376e+01
7.662527e+00 6.943247e+00
3.381195e+00 3.117357e+00
1.737745e+00 1.547210e+00
8.310910e-01 7.204542e-01
2.805744e-01 2.617372e-01
1.741146e-01 1.515674e-01
3.758535e-02 3.473563e-02
1.808199e+08 9.920709e+07
7.247603e+06 4.143170e+06
9.109088e+05 7.303298e+05
2.951002e+05 2.654215e+05
1.602235e+05 1.504433e+05
9.404987e+04 9.035316e+04
6.084133e+04 5.923127e+04
4.615161e+04 4.517055e+04
3.534938e+04 3.425631e+04
2.683905e+04 2.652866e+04
2.258309e+04 2.239405e+04
1.996025e+04 1.979753e+04
1.693449e+04 1.678210e+04
1.402367e+04 1.384276e+04
1.069205e+04 1.054830e+04
9.392072e+03 9.344958e+03
8.674051e+03 8.654821e+03
8.266203e+03 8.247590e+03
7.681429e+03 7.648255e+03
7.236645e+03 7.224349e+03
7.031045e+03 7.022103e+03
6.762895e+03 6.748772e+03
6.568497e+03 6.560834e+03
6.443677e+03 6.438369e+03
6.219879e+03 6.213436e+03
6.069178e+03 6.055042e+03
5.800174e+03 5.780641e+03
5.445239e+03 5.434274e+03
5.199864e+03 5.192977e+03
4.818531e+03 4.795725e+03
4.536079e+03 4.526670e+03
4.235821e+03 4.222947e+03
3.860564e+03 3.847274e+03
3.672251e+03 3.669765e+03
3.591679e+03 3.589968e+03
3.425785e+03 3.419747e+03
3.207263e+03 3.199949e+03
3.034336e+03 3.033104e+03
2.900428e+03 2.895179e+03
2.783545e+03 2.782777e+03
2.695691e+03 2.693107e+03
2.612049e+03 2.610669e+03
2.545658e+03 2.544766e+03
2.456241e+03 2.453851e+03
2.416508e+03 2.416442e+03
2.339795e+03 2.339600e+03
2.322877e+03 2.322861e+03
2.313000e+03 2.312995e+03
5.789971e+10 1.566915e+10
1.213136e+08 1.194090e+08
1.202426e+08 1.180582e+08
8.645647e+07 6.327618e+07
3.060588e+07 2.372152e+07
1.761451e+07 1.445777e+07
1.082953e+07 9.601605e+06
6.398420e+06 5.764775e+06
4.988835e+06 4.593476e+06
3.980533e+06 3.417416e+06
2.842915e+06 2.576152e+06
2.214885e+06 1.958312e+06
1.386296e+06 1.274449e+06
1.082693e+06 1.029709e+06
8.482737e+05 8.133345e+05
7.161937e+05 6.697340e+05
5.334999e+05 4.983222e+05
4.287422e+05 4.034021e+05
3.290473e+05 3.124834e+05
2.846087e+05 2.611921e+05
2.054733e+05 1.973736e+05
1.677445e+05 1.619981e+05
1.444965e+05 1.403969e+05
1.298924e+05 1.231774e+05
9.357566e+04 8.875264e+04
7.297418e+04 6.741099e+04
5.274173e+04 4.925531e+04
3.802659e+04 3.604414e+04
3.012867e+04 2.880599e+04
2.471267e+04 2.373842e+04
2.074293e+04 1.902857e+04
1.429399e+04 1.352678e+04
1.008393e+04 9.146663e+03
6.991947e+03 6.670826e+03
5.320072e+03 5.136410e+03
4.226396e+03 3.943961e+03
3.105223e+03 2.692069e+03
1.602375e+03 1.511517e+03
1.106303e+03 1.046074e+03
7.807729e+02 7.132630e+02
4.897294e+02 4.785090e+02
3.504172e+02 3.213750e+02
1.826283e+02 1.745068e+02
1.312826e+02 1.238367e+02
8.796796e+01 7.201207e+01
3.935933e+01 3.556804e+01
1.895331e+01 1.662919e+01
9.188743e+00 8.198595e+00
3.241141e+00 2.697291e+00
1.175838e+00 1.038912e+00
3.394515e-01 3.052235e-01
1.515517e-01 1.286682e-01
4.267598e-02 3.874435e-02
1.903387e+08 8.425730e+07
7.120177e+06 3.910453e+06
7.007486e+05 5.235135e+05
2.684476e+05 2.552488e+05
1.581130e+05 1.501649e+05
1.023484e+05 9.940440e+04
7.770408e+04 7.552716e+04
5.611541e+04 5.455959e+04
4.187955e+04 4.123709e+04
3.308020e+04 3.265654e+04
2.631451e+04 2.600027e+04
2.143877e+04 2.125014e+04
1.901721e+04 1.892818e+04
1.621323e+04 1.608172e+04
1.441667e+04 1.431467e+04
1.320210e+04 1.316073e+04
1.247650e+04 1.243728e+04
1.172176e+04 1.169967e+04
1.117542e+04 1.113543e+04
1.046522e+04 1.041122e+04
9.832287e+03 9.799256e+03
9.068365e+03 9.049567e+03
8.351922e+03 8.317700e+03
7.909197e+03 7.898899e+03
7.542048e+03 7.506043e+03
7.153843e+03 7.144373e+03
6.900406e+03 6.886456e+03
6.735690e+03 6.729378e+03
6.574790e+03 6.570020e+03
6.276141e+03 6.264871e+03
5.878343e+03 5.870482e+03
5.716762e+03 5.709404e+03
5.550692e+03 5.544298e+03
5.373909e+03 5.367106e+03
5.200428e+03 5.194001e+03
4.933235e+03 4.926733e+03
4.790474e+03 4.788283e+03
4.587005e+03 4.584159e+03
4.417019e+03 4.414281e+03
3.999265e+03 3.992819e+03
3.691994e+03 3.689528e+03
3.605337e+03 3.604353e+03
3.523796e+03 3.522771e+03
3.284669e+03 3.280065e+03
3.124807e+03 3.124107e+03
3.088674e+03 3.088551e+03
3.053398e+03 3.052561e+03
3.010151e+03 3.010133e+03
5.881361e+10 2.055207e+10
8.982849e+07 8.850659e+07
8.916378e+07 8.758550e+07
7.802984e+07 5.475185e+07
3.793633e+07 2.816489e+07
2.013659e+07 1.753149e+07
1.293373e+07 1.061045e+07
7.907814e+06 7.060414e+06
5.732886e+06 5.111565e+06
4.034143e+06 3.699466e+06
3.032128e+06 2.808449e+06
2.222666e+06 1.974991e+06
1.702876e+06 1.523289e+06
1.125152e+06 1.027601e+06
9.012856e+05 8.549193e+05
7.235376e+05 6.949026e+05
5.812643e+05 5.504677e+05
4.760874e+05 4.613876e+05
4.082752e+05 3.942251e+05
3.540702e+05 3.436380e+05
2.947119e+05 2.873677e+05
2.442457e+05 2.352463e+05
1.849798e+05 1.789618e+05
1.495730e+05 1.454518e+05
1.236515e+05 1.170785e+05
6.304803e+06 9.368112e+04
8.316880e+04 7.697529e+04
5.892122e+04 5.628160e+04
4.679033e+04 4.500645e+04
3.860035e+04 3.707790e+04
3.145125e+04 2.908649e+04
2.318192e+04 2.259477e+04
1.940728e+04 1.851392e+04
1.467095e+04 1.341701e+04
8.372833e+03 7.636225e+03
5.849975e+03 5.503000e+03
4.151598e+03 3.954409e+03
2.868502e+03 2.587130e+03
1.870134e+03 1.751873e+03
1.243714e+03 1.110899e+03
6.731288e+02 6.094011e+02
4.253241e+02 3.976447e+02
2.710152e+02 2.380117e+02
1.407398e+02 1.303418e+02
8.415491e+01 7.805338e+01
3.490746e+01 2.781569e+01
1.406302e+01 1.245132e+01
8.822175e+00 7.568424e+00
3.278952e+00 3.091507e+00
2.338519e+00 2.127247e+00
1.164735e+00 1.071053e+00
6.557354e-01 5.780600e-01
2.326726e-01 2.066592e-01
2.212332e+08 8.901045e+07
7.974680e+06 4.485203e+06
7.410631e+05 6.149921e+05
2.008226e+05 1.842888e+05
1.265137e+05 1.227988e+05
9.246062e+04 9.067499e+04
6.969088e+04 6.785794e+04
5.199956e+04 5.111036e+04
4.038121e+04 3.971224e+04
3.303489e+04 3.265274e+04
2.757455e+04 2.729487e+04
2.355623e+04 2.336798e+04
2.044538e+04 2.033316e+04
1.875659e+04 1.868078e+04
1.745033e+04 1.740160e+04
1.665385e+04 1.661250e+04
1.323820e+04 1.312860e+04
1.063932e+04 1.045815e+04
9.275980e+03 9.256680e+03
8.910630e+03 8.891810e+03
8.580153e+03 8.564979e+03
7.843396e+03 7.814086e+03
6.797858e+03 6.774873e+03
6.134530e+03 6.100583e+03
5.190456e+03 5.155190e+03
4.699319e+03 4.661884e+03
4.339142e+03 4.325830e+03
4.257984e+03 4.255080e+03
4.174037e+03 4.169901e+03
4.033624e+03 4.030054e+03
3.854681e+03 3.844545e+03
3.522657e+03 3.503895e+03
3.188641e+03 3.175804e+03
3.002373e+03 2.997193e+03
2.776666e+03 2.772170e+03
2.591700e+03 2.584367e+03
2.419194e+03 2.414920e+03
2.326562e+03 2.324057e+03
2.240635e+03 2.238178e+03
2.100699e+03 2.095515e+03
1.963629e+03 1.962518e+03
1.848332e+03 1.847199e+03
1.778116e+03 1.776908e+03
1.681505e+03 1.681176e+03
1.654233e+03 1.654151e+03
1.626787e+03 1.626621e+03
1.598277e+03 1.598254e+03
1.584097e+03 1.584034e+03
6.050525e+10 1.696949e+10
1.056833e+08 1.041921e+08
1.050156e+08 1.037819e+08
1.071111e+08 7.413685e+07
3.787844e+07 3.220199e+07
2.685026e+07 2.140496e+07
1.662105e+07 1.416407e+07
9.871984e+06 8.552649e+06
1.593826e+07 5.918420e+06
4.736385e+06 4.073210e+06
3.364799e+06 2.926785e+06
2.034042e+06 1.830954e+06
1.302830e+06 1.163123e+06
9.235736e+05 8.792769e+05
7.703703e+05 7.292881e+05
6.566431e+05 6.171349e+05
5.138959e+05 4.765207e+05
4.229420e+05 4.002699e+05
3.600423e+05 3.494073e+05
3.024775e+05 2.856866e+05
2.193643e+05 2.065198e+05
1.800028e+05 1.696333e+05
1.402179e+05 1.316943e+05
1.155709e+05 1.082582e+05
9.256206e+04 8.678665e+04
7.383168e+04 7.063889e+04
6.271584e+04 6.083863e+04
5.154309e+04 4.860465e+04
3.994895e+04 3.923875e+04
3.593469e+04 3.529477e+04
3.274020e+04 2.994432e+04
2.155936e+04 2.041434e+04
1.648428e+04 1.536318e+04
1.248708e+04 1.158426e+04
7.933938e+03 7.635196e+03
5.929108e+03 5.355058e+03
3.291051e+03 3.039900e+03
2.108572e+03 1.937933e+03
1.180460e+03 1.093063e+03
7.262116e+02 6.828970e+02
4.920214e+02 4.681462e+02
3.205882e+02 3.025835e+02
2.418915e+02 2.260395e+02
1.789262e+02 1.704090e+02
1.184854e+02 1.108816e+02
6.483853e+01 6.040203e+01
3.325913e+01 2.554763e+01
8.396586e+00 7.468423e+00
3.654720e+00 3.314477e+00
1.647177e+00 1.474033e+00
9.337423e-01 8.572607e-01
4.541915e-01 3.984222e-01
1.968419e-01 1.731839e-01
1.861650e+08 9.020535e+07
6.507057e+06 3.234942e+06
5.383532e+05 3.785814e+05
1.327277e+05 1.133896e+05
7.417861e+04 7.129732e+04
5.047786e+04 4.921039e+04
3.941482e+04 3.866155e+04
3.117477e+04 3.076284e+04
2.522727e+04 2.494143e+04
2.074834e+04 2.046606e+04
1.752047e+04 1.731796e+04
1.480382e+04 1.467326e+04
1.321071e+04 1.316440e+04
1.234505e+04 1.229100e+04
1.107248e+04 1.099206e+04
1.005495e+04 1.002382e+04
9.633743e+03 9.622033e+03
9.311367e+03 9.297257e+03
8.967049e+03 8.953314e+03
8.655239e+03 8.641789e+03
8.264177e+03 8.255615e+03
8.123823e+03 8.119618e+03
7.795008e+03 7.758295e+03
6.955313e+03 6.928173e+03
6.265848e+03 6.246026e+03
5.040125e+03 4.921490e+03
4.314548e+03 4.300332e+03
4.116325e+03 4.112510e+03
3.914275e+03 3.904980e+03
3.744375e+03 3.737493e+03
3.598835e+03 3.593158e+03
3.449348e+03 3.441614e+03
3.330942e+03 3.326590e+03
3.235271e+03 3.232079e+03
3.043719e+03 3.040060e+03
2.936030e+03 2.933940e+03
2.823908e+03 2.811432e+03
2.634228e+03 2.631950e+03
2.582394e+03 2.581508e+03
2.508069e+03 2.506847e+03
2.456353e+03 2.455708e+03
2.413761e+03 2.413525e+03
2.364245e+03 2.362181e+03
2.200689e+03 2.198218e+03
1.842074e+03 1.839846e+03
1.696957e+03 1.696741e+03
1.615583e+03 1.615570e+03
1.592852e+03 1.592829e+03
6.158322e+10 1.968366e+10
1.133331e+08 1.117845e+08
1.125589e+08 1.114701e+08
1.042510e+08 6.552584e+07
3.605840e+07 2.957927e+07
2.211773e+07 1.836266e+07
3.866209e+07 1.093261e+07
1.820619e+07 7.951982e+06
6.256871e+06 5.676374e+06
4.586866e+06 3.785166e+06
3.157176e+06 2.732012e+06
2.033631e+06 1.818663e+06
1.230752e+06 1.115678e+06
9.067120e+05 8.369770e+05
6.671816e+05 6.360755e+05
5.723885e+05 5.275723e+05
3.952812e+05 3.696707e+05
2.988327e+05 2.837144e+05
2.555131e+05 2.457907e+05
2.066816e+05 1.932426e+05
1.675121e+05 1.579140e+05
1.304324e+05 1.241687e+05
1.083329e+05 1.051575e+05
9.277545e+04 8.869018e+04
7.356036e+04 6.827864e+04
5.603131e+04 5.377265e+04
4.713326e+04 4.568309e+04
3.976009e+04 3.838316e+04
3.429648e+04 3.249554e+04
2.730330e+04 2.572928e+04
2.092493e+04 2.007867e+04
1.638928e+04 1.499096e+04
9.971019e+03 8.865201e+03
6.257800e+03 5.516243e+03
4.089958e+03 3.958632e+03
2.989978e+03 2.659330e+03
1.960843e+03 1.766774e+03
1.059506e+03 9.878487e+02
7.382245e+02 6.718957e+02
4.041695e+02 3.726019e+02
2.112580e+02 1.940739e+02
1.113076e+02 1.025197e+02
7.137116e+01 6.666842e+01
4.217628e+01 3.733030e+01
2.213124e+01 2.060419e+01
1.439409e+01 1.298996e+01
8.758941e+00 8.198629e+00
5.186429e+00 4.884973e+00
3.110748e+00 2.785050e+00
1.188240e+00 1.071494e+00
4.635464e-01 3.952613e-01
2.105781e-01 1.830016e-01
7.029944e-02 6.192740e-02
1.980720e+08 8.321068e+07
6.811827e+06 3.771807e+06
5.633916e+05 4.331428e+05
1.609280e+05 1.468051e+05
9.746260e+04 9.314229e+04
7.237241e+04 7.108856e+04
5.478650e+04 5.365140e+04
3.965623e+04 3.891065e+04
3.025506e+04 2.991907e+04
2.543265e+04 2.522472e+04
2.229213e+04 2.215695e+04
1.988312e+04 1.972313e+04
1.785129e+04 1.775845e+04
1.673091e+04 1.666815e+04
1.560542e+04 1.555266e+04
1.482362e+04 1.478528e+04
1.417376e+04 1.413782e+04
1.351071e+04 1.346802e+04
1.293456e+04 1.291075e+04
1.251660e+04 1.249531e+04
1.147120e+04 1.141415e+04
1.077810e+04 1.077017e+04
1.059221e+04 1.058539e+04
1.044948e+04 1.043948e+04
1.005956e+04 1.001889e+04
9.190084e+03 9.148464e+03
8.362117e+03 8.331047e+03
8.027972e+03 8.014163e+03
7.866335e+03 7.855591e+03
7.707122e+03 7.699662e+03
7.483014e+03 7.473587e+03
7.100661e+03 7.084812e+03
6.745363e+03 6.725910e+03
6.114602e+03 6.092911e+03
5.131852e+03 5.106003e+03
4.299992e+03 4.284414e+03
3.534638e+03 3.527652e+03
3.218049e+03 3.208482e+03
2.623957e+03 2.597252e+03
2.205226e+03 2.203552e+03
2.027739e+03 2.025853e+03
1.895556e+03 1.894542e+03
1.821636e+03 1.821164e+03
1.752005e+03 1.751219e+03
1.526477e+03 1.523764e+03
1.394572e+03 1.394479e+03
1.381546e+03 1.381521e+03
1.373044e+03 1.373039e+03
5.815051e+10 2.289275e+10
1.061692e+08 1.048362e+08
1.053188e+08 1.039094e+08
9.385304e+07 5.969143e+07
4.065269e+07 3.142781e+07
2.419453e+07 1.977863e+07
1.375349e+07 1.245656e+07
1.039761e+07 9.589781e+06
7.031803e+06 6.172138e+06
4.967558e+06 4.317382e+06
3.227104e+06 2.855951e+06
2.083761e+06 1.934029e+06
1.611163e+06 1.444849e+06
9.425130e+06 1.129295e+06
9.747582e+05 9.040020e+05
7.638654e+05 7.411493e+05
6.593143e+05 6.120172e+05
5.115227e+05 4.963682e+05
4.373052e+05 4.255359e+05
3.781192e+05 3.699965e+05
3.394840e+05 3.233350e+05
2.827857e+05 2.659826e+05
2.106599e+05 2.009620e+05
1.805917e+05 1.711851e+05
1.321848e+05 1.223306e+05
1.022935e+05 1.007810e+05
9.075020e+04 8.593538e+04
6.818024e+04 6.547830e+04
5.462369e+04 5.180592e+04
3.712109e+04 3.258154e+04
2.574091e+04 2.481967e+04
2.032286e+04 1.975100e+04
1.681204e+04 1.541705e+04
1.106212e+04 1.073912e+04
7.868361e+03 6.997736e+03
4.669884e+03 4.226645e+03
3.067568e+03 2.947688e+03
2.329656e+03 2.199376e+03
1.544375e+03 1.435099e+03
1.052241e+03 9.768029e+02
6.185529e+02 5.790049e+02
4.003600e+02 3.658920e+02
2.448003e+02 2.273247e+02
1.245926e+02 1.141362e+02
6.240995e+01 5.741997e+01
3.693058e+01 3.286469e+01
1.659576e+01 1.504664e+01
9.908901e+00 9.074780e+00
4.976219e+00 4.493054e+00
2.573821e+00 2.296551e+00
1.102255e+00 1.032698e+00
5.969911e-01 5.597990e-01
2.709598e-01 2.403814e-01
1.888251e+08 5.518815e+07
6.987795e+06 3.391996e+06
5.193123e+05 3.793826e+05
1.302725e+05 1.176782e+05
7.110982e+04 6.838075e+04
5.533901e+04 5.368350e+04
4.245030e+04 4.172593e+04
3.637139e+04 3.589878e+04
2.574142e+04 2.515881e+04
2.014950e+04 1.996320e+04
1.822944e+04 1.811806e+04
1.632924e+04 1.623243e+04
1.502581e+04 1.494107e+04
1.301483e+04 1.288975e+04
1.066250e+04 1.054685e+04
9.621598e+03 9.591643e+03
9.152469e+03 9.134607e+03
8.874052e+03 8.864592e+03
8.645044e+03 8.628364e+03
8.380542e+03 8.373912e+03
8.195857e+03 8.183602e+03
8.034585e+03 8.027278e+03
7.822725e+03 7.806351e+03
7.163231e+03 7.100477e+03
6.315534e+03 6.298037e+03
6.135360e+03 6.128137e+03
5.998660e+03 5.991537e+03
5.862763e+03 5.856971e+03
5.664154e+03 5.653340e+03
5.413933e+03 5.394226e+03
5.068809e+03 5.057511e+03
4.800105e+03 4.791035e+03
4.673136e+03 4.669589e+03
4.553347e+03 4.547981e+03
4.435273e+03 4.432659e+03
4.326781e+03 4.324953e+03
4.210511e+03 4.208494e+03
3.988592e+03 3.985545e+03
3.795963e+03 3.792544e+03
3.497621e+03 3.496381e+03
2.807284e+03 2.787075e+03
2.381716e+03 2.379855e+03
2.300807e+03 2.300242e+03
2.256719e+03 2.255899e+03
1.808799e+03 1.805517e+03
1.667392e+03 1.666962e+03
1.569850e+03 1.569730e+03
1.490927e+03 1.490920e+03
5.894068e+10 1.802913e+10
1.170114e+08 1.149883e+08
1.161526e+08 1.147839e+08
9.507345e+07 6.557813e+07
3.533019e+07 2.865250e+07
2.339600e+07 1.907865e+07
1.301240e+07 1.101454e+07
7.836255e+06 7.006302e+06
5.274000e+06 4.689106e+06
3.599904e+06 3.266939e+06
2.645515e+06 2.403271e+06
1.801128e+06 1.600117e+06
1.403137e+06 1.321190e+06
1.080578e+06 9.905448e+05
6.921290e+05 6.506152e+05
5.616384e+05 5.374593e+05
4.670843e+05 4.273803e+05
3.672980e+05 3.312769e+05
2.528858e+05 2.419238e+05
2.139248e+05 2.090351e+05
1.923742e+05 1.838959e+05
1.579556e+05 1.524849e+05
1.362432e+05 1.297926e+05
1.150899e+05 1.079287e+05
9.604382e+04 9.117499e+04
7.527386e+04 7.289383e+04
6.085025e+04 5.722978e+04
4.664915e+04 4.517996e+04
3.845329e+04 3.627889e+04
2.833827e+04 2.690919e+04
2.321642e+04 2.234469e+04
1.899168e+04 1.774376e+04
1.250432e+04 1.201202e+04
9.389167e+03 8.857506e+03
7.097061e+03 6.751960e+03
5.725536e+03 5.327844e+03
3.659350e+03 3.373590e+03
2.218503e+03 2.096514e+03
1.396901e+03 1.298832e+03
8.113124e+02 7.741528e+02
6.094180e+02 5.670830e+02
4.348977e+02 4.093521e+02
3.123923e+02 2.868221e+02
1.935030e+02 1.794894e+02
1.197142e+02 9.059867e+01
4.110003e+01 3.741323e+01
1.692631e+01 1.536041e+01
7.962506e+00 6.798210e+00
2.978540e+00 2.693754e+00
1.620814e+00 1.555954e+00
1.147589e+00 1.055197e+00
6.726783e-01 6.069615e-01
3.802226e-01 3.287747e-01
1.984078e+08 8.785004e+07
7.537951e+06 3.749594e+06
4.561676e+05 2.787002e+05
1.018692e+05 8.901042e+04
4.379464e+04 4.159390e+04
3.182836e+04 3.090996e+04
2.236396e+04 2.179138e+04
1.741290e+04 1.714537e+04
1.509027e+04 1.500329e+04
1.360548e+04 1.352565e+04
1.229591e+04 1.220220e+04
1.079743e+04 1.075225e+04
9.840734e+03 9.790280e+03
8.877783e+03 8.840068e+03
8.251425e+03 8.217540e+03
7.676138e+03 7.665126e+03
7.288630e+03 7.270828e+03
6.720325e+03 6.676655e+03
6.307541e+03 6.300580e+03
6.183647e+03 6.178524e+03
6.046774e+03 6.041392e+03
5.897771e+03 5.889932e+03
5.780949e+03 5.776946e+03
5.685875e+03 5.682991e+03
5.426286e+03 5.383921e+03
4.371523e+03 4.327990e+03
3.729997e+03 3.696228e+03
3.480893e+03 3.471267e+03
3.349145e+03 3.345366e+03
3.205852e+03 3.193808e+03
2.838087e+03 2.824824e+03
2.654456e+03 2.651077e+03
2.547257e+03 2.543705e+03
2.420345e+03 2.416471e+03
2.351712e+03 2.348944e+03
2.289897e+03 2.288266e+03
2.174076e+03 2.171036e+03
1.865943e+03 1.863345e+03
1.650464e+03 1.645326e+03
1.468546e+03 1.467983e+03
1.345430e+03 1.343632e+03
1.263666e+03 1.262910e+03
1.219903e+03 1.219753e+03
1.172289e+03 1.171899e+03
1.122288e+03 1.121907e+03
1.092312e+03 1.092125e+03
1.074293e+03 1.074253e+03
1.039602e+03 1.038775e+03
6.064904e+10 2.224282e+10
8.258482e+07 8.114870e+07
8.174657e+07 7.956167e+07
6.698433e+07 4.882302e+07
2.676950e+07 2.240917e+07
1.712851e+07 1.448186e+07
1.116065e+07 9.629367e+06
6.866488e+06 6.448874e+06
5.699431e+06 4.923365e+06
4.363429e+06 3.772507e+06
2.571130e+06 2.393885e+06
1.957592e+06 1.722710e+06
1.036334e+06 9.440423e+05
7.543424e+05 7.133203e+05
5.734838e+05 5.353217e+05
4.514381e+05 4.329673e+05
3.678714e+05 3.487375e+05
2.875886e+05 2.763006e+05
2.365592e+05 2.319064e+05
2.191736e+05 2.104997e+05
1.839402e+05 1.740741e+05
1.482464e+05 1.409953e+05
1.183545e+05 1.148772e+05
9.716052e+04 9.373174e+04
7.617033e+04 7.241326e+04
5.876713e+04 5.527691e+04
4.322938e+04 4.102608e+04
3.404763e+04 3.212209e+04
2.656644e+04 2.476748e+04
1.882365e+04 1.765778e+04
1.513922e+04 1.296986e+04
7.257136e+03 6.798978e+03
5.642052e+03 5.407729e+03
4.206679e+03 3.957523e+03
2.510279e+03 2.348275e+03
1.697289e+03 1.608509e+03
1.224922e+03 1.110204e+03
7.049850e+02 6.624318e+02
3.857079e+02 3.438414e+02
2.204494e+02 1.986291e+02
1.298531e+02 1.196283e+02
7.528831e+01 7.135071e+01
4.762389e+01 4.233550e+01
2.426921e+01 2.270424e+01
1.415477e+01 1.338757e+01
1.017984e+01 9.383074e+00
4.426607e+00 4.023906e+00
2.681264e+00 2.265861e+00
1.096867e+00 9.844386e-01
6.130062e-01 5.626174e-01
3.600410e-01 3.445864e-01
2.690467e-01 2.152596e-01
7.103607e-02 6.605869e-02
2.221915e+08 8.691385e+07
8.628109e+06 4.285585e+06
9.399729e+05 7.606350e+05
3.706049e+05 3.418433e+05
2.142485e+05 2.051196e+05
1.380582e+05 1.336604e+05
9.806078e+04 9.649525e+04
7.654194e+04 7.550446e+04
6.252659e+04 6.183665e+04
5.342871e+04 5.292255e+04
4.638004e+04 4.609205e+04
4.062935e+04 4.027804e+04
3.442996e+04 3.410301e+04
2.852403e+04 2.816579e+04
2.500151e+04 2.489486e+04
2.285651e+04 2.274995e+04
2.067081e+04 2.058729e+04
1.934435e+04 1.927263e+04
1.748341e+04 1.740305e+04
1.537688e+04 1.529215e+04
1.405564e+04 1.395999e+04
1.272512e+04 1.262173e+04
1.148769e+04 1.146793e+04
1.083581e+04 1.081522e+04
1.016487e+04 1.011444e+04
9.617679e+03 9.563975e+03
9.214228e+03 9.197917e+03
8.905719e+03 8.891744e+03
8.574322e+03 8.550582e+03
7.865230e+03 7.833026e+03
7.235064e+03 7.212978e+03
6.658257e+03 6.651741e+03
6.422310e+03 6.406079e+03
6.126279e+03 6.118378e+03
5.835030e+03 5.828418e+03
5.593011e+03 5.584549e+03
5.332701e+03 5.327074e+03
5.129047e+03 5.126400e+03
5.047276e+03 5.044857e+03
4.992456e+03 4.991749e+03
4.929797e+03 4.928332e+03
4.839457e+03 4.838476e+03
4.775612e+03 4.774805e+03
4.474682e+03 4.469586e+03
4.256612e+03 4.255696e+03
3.965094e+03 3.961388e+03
3.507688e+03 3.507558e+03
3.419828e+03 3.419756e+03
6.218382e+10 1.741211e+10
9.032669e+07 8.877941e+07
8.968065e+07 8.862993e+07
7.586544e+07 5.015270e+07
3.618228e+07 2.265743e+07
1.475095e+07 1.296446e+07
9.899276e+06 8.863763e+06
6.513289e+06 6.001116e+06
4.785326e+06 4.200918e+06
3.316513e+06 2.958783e+06
2.299604e+06 2.159528e+06
7.938809e+06 1.424055e+06
1.383494e+07 1.025489e+06
8.114146e+05 7.688582e+05
6.638023e+05 6.254517e+05
5.440886e+05 5.199656e+05
4.608920e+05 4.398124e+05
3.682661e+05 3.522432e+05
3.156810e+05 2.969971e+05
2.222536e+05 2.066579e+05
1.729684e+05 1.642074e+05
1.292358e+05 1.214718e+05
9.766978e+04 9.198682e+04
7.898515e+04 7.348336e+04
6.235541e+04 6.016025e+04
5.026250e+04 4.646908e+04
3.702248e+04 3.558251e+04
2.899429e+04 2.810449e+04
2.514447e+04 2.417274e+04
2.074513e+04 2.009285e+04
1.775748e+04 1.664703e+04
1.362491e+04 1.287387e+04
9.176604e+03 8.608493e+03
5.950095e+03 5.533471e+03
4.369861e+03 4.010142e+03
3.067540e+03 2.922782e+03
2.473068e+03 2.203496e+03
1.372325e+03 1.301686e+03
9.414707e+02 8.709658e+02
6.383781e+02 6.108868e+02
4.424290e+02 4.215991e+02
3.496501e+02 3.364181e+02
2.770070e+02 2.640550e+02
1.641731e+02 1.472716e+02
8.267990e+01 7.490835e+01
5.189743e+01 4.793475e+01
2.463944e+01 2.270587e+01
1.597061e+01 1.453331e+01
8.966642e+00 7.900986e+00
3.627325e+00 3.279630e+00
1.695348e+00 1.499674e+00
6.125196e-01 5.526003e-01
1.630379e-01 1.404440e-01
1.985723e+08 8.635784e+07
6.558271e+06 3.777396e+06
8.457616e+05 6.862539e+05
3.011983e+05 2.772105e+05
1.547275e+05 1.471708e+05
1.052659e+05 1.006930e+05
7.198863e+04 7.030066e+04
5.265998e+04 5.138758e+04
3.706958e+04 3.641289e+04
3.024537e+04 2.992629e+04
2.465003e+04 2.446793e+04
2.130027e+04 2.113790e+04
1.828915e+04 1.811721e+04
1.625886e+04 1.616956e+04
1.535850e+04 1.532264e+04
1.437513e+04 1.433722e+04
1.368748e+04 1.364981e+04
1.226789e+04 1.217963e+04
1.140273e+04 1.138878e+04
1.102179e+04 1.101064e+04
1.034240e+04 1.029486e+04
9.946624e+03 9.939414e+03
9.728061e+03 9.720751e+03
9.436306e+03 9.423349e+03
8.639276e+03 8.591471e+03
8.033818e+03 8.006620e+03
7.251133e+03 7.220662e+03
6.716671e+03 6.676982e+03
6.217117e+03 6.199877e+03
5.698139e+03 5.668382e+03
5.212726e+03 5.198658e+03
4.948907e+03 4.942463e+03
4.765449e+03 4.757655e+03
4.563328e+03 4.556725e+03
4.238711e+03 4.233479e+03
4.029599e+03 4.021723e+03
3.841440e+03 3.836332e+03
3.598951e+03 3.594199e+03
3.435435e+03 3.433919e+03
3.374053e+03 3.372303e+03
3.288353e+03 3.287389e+03
3.202045e+03 3.201252e+03
3.113412e+03 3.113076e+03
2.973230e+03 2.971705e+03
2.767852e+03 2.764512e+03
2.542163e+03 2.541259e+03
2.291075e+03 2.290976e+03
2.267078e+03 2.267077e+03
6.201728e+10 1.823476e+10
8.940900e+07 8.779342e+07
8.862167e+07 8.735108e+07
6.581461e+07 4.587601e+07
2.752471e+07 2.115663e+07
1.629942e+07 1.317726e+07
9.368022e+06 7.791257e+06
6.146728e+06 5.323752e+06
4.332366e+06 3.745447e+06
2.704956e+06 2.452763e+06
1.947486e+06 1.747758e+06
1.362374e+06 1.227689e+06
9.589555e+05 8.457978e+05
6.701863e+05 6.380367e+05
5.690193e+05 5.461258e+05
4.809756e+05 4.527982e+05
3.928164e+05 3.569779e+05
3.044144e+05 2.863185e+05
2.248449e+05 2.170283e+05
1.994050e+05 1.931911e+05
1.827193e+05 1.696090e+05
1.416045e+05 1.330461e+05
1.068272e+05 1.030094e+05
8.734841e+04 8.206106e+04
6.938268e+04 6.669271e+04
5.654669e+04 5.353333e+04
4.684852e+04 4.503168e+04
3.992373e+04 3.784873e+04
3.035801e+04 2.931799e+04
2.436597e+04 2.331158e+04
1.859486e+04 1.764465e+04
1.411663e+04 1.222802e+04
6.908471e+03 6.357027e+03
4.585635e+03 4.232376e+03
3.257607e+03 3.092821e+03
2.534701e+03 2.317005e+03
1.811588e+03 1.742223e+03
1.445167e+03 1.326640e+03
9.413365e+02 8.862891e+02
6.611373e+02 6.209573e+02
4.668543e+02 4.334176e+02
2.632684e+02 2.377275e+02
1.399045e+02 1.321943e+02
1.028767e+02 9.551211e+01
4.987735e+01 4.560465e+01
3.058529e+01 2.877877e+01
1.391335e+01 1.229552e+01
6.767869e+00 5.912633e+00
3.616950e+00 3.142364e+00
1.107758e+00 9.617682e-01
4.129418e-01 3.665908e-01
1.328440e-01 1.186307e-01
6.190459e-02 5.347985e-02
2.194801e+08 9.036929e+07
9.017491e+06 3.902880e+06
1.225825e+06 9.757251e+05
3.094156e+05 2.676719e+05
1.411423e+05 1.330745e+05
9.545307e+04 9.350585e+04
6.597364e+04 6.440914e+04
4.834354e+04 4.732100e+04
3.968362e+04 3.914708e+04
3.451254e+04 3.420170e+04
2.790520e+04 2.763064e+04
2.310305e+04 2.297102e+04
2.080854e+04 2.067071e+04
1.836876e+04 1.824377e+04
1.718248e+04 1.713887e+04
1.579858e+04 1.573287e+04
1.479718e+04 1.474685e+04
1.349799e+04 1.342379e+04
1.197257e+04 1.193198e+04
1.133188e+04 1.129807e+04
1.081289e+04 1.079158e+04
1.019918e+04 1.017512e+04
9.702539e+03 9.674671e+03
8.699142e+03 8.664239e+03
8.356271e+03 8.344890e+03
8.067831e+03 8.037045e+03
7.694750e+03 7.683830e+03
7.511618e+03 7.502588e+03
7.294921e+03 7.288127e+03
7.053599e+03 7.037571e+03
6.861064e+03 6.855326e+03
6.646222e+03 6.637083e+03
6.446318e+03 6.432346e+03
6.228851e+03 6.220424e+03
5.983095e+03 5.979528e+03
5.789063e+03 5.779221e+03
5.539305e+03 5.535381e+03
5.267045e+03 5.257406e+03
4.945371e+03 4.938399e+03
4.778313e+03 4.777161e+03
4.681351e+03 4.678717e+03
4.542093e+03 4.540571e+03
4.333107e+03 4.329278e+03
3.815961e+03 3.815067e+03
3.721414e+03 3.720844e+03
3.558690e+03 3.558430e+03
3.511390e+03 3.511211e+03
3.449450e+03 3.449418e+03
6.123951e+10 2.385189e+10
1.030910e+08 1.016622e+08
1.023929e+08 1.011774e+08
8.001449e+07 6.371807e+07
3.722063e+07 2.923915e+07
2.673264e+07 1.864990e+07
1.280363e+07 1.090234e+07
9.133260e+06 7.945822e+06
6.006118e+06 5.257786e+06
4.250468e+06 3.697709e+06
2.950610e+06 2.793429e+06
2.358265e+06 2.048106e+06
1.489861e+06 1.317058e+06
9.530501e+05 9.068367e+05
8.242767e+05 7.601600e+05
5.935423e+05 5.741936e+05
5.087590e+05 4.848649e+05
4.223187e+05 4.085014e+05
3.614326e+05 3.410752e+05
2.874026e+05 2.707667e+05
2.377087e+05 2.231987e+05
1.873752e+05 1.777117e+05
1.548153e+05 1.433535e+05
1.082358e+05 1.048081e+05
9.447343e+04 8.879774e+04
6.473453e+04 6.068114e+04
4.698430e+04 4.540821e+04
4.028206e+04 3.940454e+04
3.594460e+04 3.512880e+04
3.004402e+04 2.884446e+04
2.419226e+04 2.314509e+04
1.760729e+04 1.682060e+04
1.397429e+04 1.236630e+04
8.851053e+03 8.041171e+03
5.108716e+03 4.745471e+03
3.255148e+03 2.980334e+03
2.258999e+03 2.013933e+03
1.087566e+03 1.040855e+03
7.800819e+02 7.486811e+02
6.146411e+02 5.842782e+02
4.196615e+02 3.927586e+02
2.992592e+02 2.860982e+02
2.318535e+02 2.069281e+02
1.178826e+02 1.114400e+02
7.671470e+01 7.148479e+01
5.271493e+01 4.974865e+01
2.976262e+01 2.619588e+01
8.983032e+00 8.093699e+00
5.394939e+00 4.937041e+00
2.895803e+00 2.339992e+00
8.193222e-01 7.340544e-01
2.679352e-01 2.295750e-01
1.444547e-01 1.262768e-01
2.011013e+08 8.432717e+07
7.203302e+06 3.878851e+06
6.496110e+05 4.785168e+05
1.567791e+05 1.375169e+05
6.940995e+04 6.527805e+04
4.730062e+04 4.589144e+04
3.340230e+04 3.265404e+04
2.598959e+04 2.560008e+04
2.232023e+04 2.214444e+04
1.958734e+04 1.944929e+04
1.800666e+04 1.788050e+04
1.514718e+04 1.494289e+04
1.243832e+04 1.226133e+04
9.865878e+03 9.733752e+03
8.100522e+03 8.049995e+03
7.675255e+03 7.648205e+03
7.232808e+03 7.211635e+03
6.746494e+03 6.726126e+03
6.453597e+03 6.443638e+03
6.245139e+03 6.234729e+03
6.079327e+03 6.072318e+03
5.876559e+03 5.869924e+03
5.647025e+03 5.638916e+03
5.529515e+03 5.526009e+03
5.457495e+03 5.454179e+03
5.263461e+03 5.242695e+03
4.738740e+03 4.715870e+03
4.385295e+03 4.374219e+03
4.126634e+03 4.116349e+03
3.788602e+03 3.774223e+03
3.548157e+03 3.541262e+03
3.425112e+03 3.421602e+03
3.315771e+03 3.310921e+03
3.220164e+03 3.214893e+03
3.055877e+03 3.051642e+03
2.878308e+03 2.873515e+03
2.756278e+03 2.754601e+03
2.704162e+03 2.703060e+03
2.606654e+03 2.598446e+03
2.441465e+03 2.440237e+03
2.384316e+03 2.383017e+03
2.167440e+03 2.161757e+03
2.020147e+03 2.018337e+03
1.910576e+03 1.910214e+03
1.684221e+03 1.683924e+03
1.648781e+03 1.648609e+03
1.638647e+03 1.638642e+03
1.633816e+03 1.633816e+03
6.151487e+10 2.186596e+10
9.460720e+07 9.286134e+07
9.375237e+07 9.249682e+07
6.423739e+07 4.549782e+07
2.929609e+07 2.331846e+07
1.851707e+07 1.397230e+07
1.106560e+07 9.297823e+06
6.939581e+06 6.466442e+06
5.202261e+06 4.610559e+06
3.286601e+06 3.045348e+06
2.529973e+06 2.164165e+06
1.592186e+06 1.447824e+06
1.091648e+06 1.024768e+06
8.960102e+05 8.535189e+05
7.346412e+05 6.892416e+05
5.755683e+05 5.353823e+05
4.471087e+05 4.034165e+05
3.121678e+05 2.880197e+05
2.441665e+05 2.380770e+05
2.115181e+05 1.982220e+05
1.711314e+05 1.577197e+05
1.285845e+05 1.230374e+05
1.075845e+05 1.015385e+05
8.322246e+04 7.997775e+04
7.258714e+04 6.694424e+04
4.673561e+04 4.402022e+04
3.620985e+04 3.455479e+04
2.796100e+04 2.663228e+04
2.196102e+04 2.063015e+04
1.597313e+04 1.537201e+04
1.271748e+04 1.219172e+04
1.012669e+04 9.486784e+03
7.412449e+03 6.938598e+03
5.264210e+03 4.817995e+03
3.862770e+03 3.567063e+03
2.251242e+03 2.107793e+03
1.408637e+03 1.269621e+03
7.512677e+02 6.810277e+02
4.228358e+02 3.831870e+02
2.560616e+02 2.388126e+02
1.728415e+02 1.629083e+02
1.264518e+02 1.159487e+02
7.445183e+01 7.009459e+01
4.250505e+01 3.799040e+01
2.433005e+01 2.210507e+01
1.358627e+01 1.173648e+01
5.959471e+00 5.564691e+00
3.405803e+00 3.100464e+00
1.412387e+00 1.234197e+00
6.097147e-01 5.610137e-01
3.110508e-01 2.870576e-01
1.612398e-01 1.439906e-01
5.696717e-02 5.359527e-02
1.754906e+08 6.735175e+07
6.280027e+06 3.643965e+06
6.725262e+05 5.319560e+05
2.647355e+05 2.455638e+05
1.217830e+05 1.117246e+05
5.980724e+04 5.632698e+04
3.650447e+04 3.581336e+04
2.880650e+04 2.844697e+04
2.388036e+04 2.361938e+04
2.123238e+04 2.104034e+04
1.798131e+04 1.767887e+04
1.278504e+04 1.267700e+04
1.078204e+04 1.071536e+04
9.692418e+03 9.636189e+03
8.729749e+03 8.691475e+03
8.085173e+03 8.058802e+03
7.464305e+03 7.448762e+03
7.124186e+03 7.108433e+03
6.841288e+03 6.829707e+03
6.702397e+03 6.697034e+03
6.545051e+03 6.538746e+03
6.394502e+03 6.385114e+03
6.203075e+03 6.191418e+03
5.675704e+03 5.655320e+03
5.249085e+03 5.222947e+03
4.993150e+03 4.985698e+03
4.815834e+03 4.805747e+03
4.521590e+03 4.499815e+03
4.289000e+03 4.272868e+03
4.078494e+03 4.070850e+03
3.837413e+03 3.830603e+03
3.575433e+03 3.570036e+03
3.301290e+03 3.293451e+03
3.026591e+03 3.017027e+03
2.803124e+03 2.794855e+03
2.575752e+03 2.570521e+03
2.441403e+03 2.438591e+03
2.297759e+03 2.296250e+03
2.236674e+03 2.233159e+03
1.992237e+03 1.989071e+03
1.876926e+03 1.876192e+03
1.745995e+03 1.741099e+03
1.554729e+03 1.552965e+03
1.507404e+03 1.507260e+03
1.470563e+03 1.470292e+03
1.409762e+03 1.409506e+03
1.373385e+03 1.373304e+03
1.350696e+03 1.350694e+03
5.880770e+10 1.889958e+10
1.048007e+08 1.033104e+08
1.039091e+08 1.020413e+08
7.451099e+07 5.951230e+07
3.097968e+07 2.173005e+07
1.409074e+07 1.194708e+07
1.991266e+07 8.491668e+06
6.777375e+06 5.717935e+06
4.969057e+06 4.475316e+06
3.619413e+06 3.205310e+06
2.604363e+06 2.219688e+06
1.726428e+06 1.583807e+06
1.283916e+06 1.193277e+06
9.907353e+05 8.928931e+05
7.127000e+05 6.679011e+05
5.535426e+05 5.374039e+05
4.593073e+05 4.411163e+05
3.750287e+05 3.541254e+05
2.952242e+05 2.800731e+05
2.169045e+05 2.025951e+05
1.593425e+05 1.552126e+05
1.383316e+05 1.337927e+05
1.133530e+05 1.071894e+05
8.590189e+04 8.241735e+04
6.808067e+04 6.039208e+04
4.373302e+04 4.228527e+04
3.670340e+04 3.454999e+04
2.757137e+04 2.677538e+04
2.430748e+04 2.336453e+04
2.045666e+04 1.964161e+04
1.663813e+04 1.578735e+04
1.420911e+04 1.326175e+04
1.013380e+04 9.843202e+03
8.019428e+03 7.523962e+03
6.071079e+03 5.856271e+03
4.683602e+03 4.445676e+03
3.574653e+03 3.359366e+03
2.494336e+03 2.322182e+03
1.558580e+03 1.396323e+03
9.522599e+02 9.087994e+02
7.283951e+02 6.777762e+02
4.063177e+02 3.541604e+02
1.762947e+02 1.644529e+02
1.208132e+02 1.113699e+02
6.844873e+01 5.913452e+01
3.226484e+01 2.854070e+01
1.110927e+01 9.743879e+00
6.456951e+00 5.524418e+00
2.548131e+00 2.179005e+00
1.157225e+00 1.068020e+00
6.542743e-01 5.623963e-01
1.287177e-01 1.149941e-01
6.734129e-02 5.932900e-02
1.747031e+08 7.081304e+07
5.699927e+06 2.795416e+06
4.594618e+05 3.355743e+05
1.384349e+05 1.225840e+05
7.383832e+04 7.137159e+04
4.634781e+04 4.462974e+04
3.312989e+04 3.251206e+04
2.591612e+04 2.547406e+04
2.009374e+04 1.982370e+04
1.777961e+04 1.769563e+04
1.608315e+04 1.597710e+04
1.340976e+04 1.320995e+04
1.169368e+04 1.161249e+04
1.054604e+04 1.049184e+04
9.797133e+03 9.766277e+03
9.096436e+03 9.056506e+03
8.111390e+03 8.050328e+03
7.439773e+03 7.419853e+03
6.940093e+03 6.922580e+03
6.463105e+03 6.448890e+03
5.993912e+03 5.977489e+03
5.466332e+03 5.446166e+03
4.804199e+03 4.779310e+03
4.513997e+03 4.506845e+03
4.325032e+03 4.313190e+03
4.182546e+03 4.172675e+03
3.963842e+03 3.950970e+03
3.684490e+03 3.674894e+03
3.533691e+03 3.521772e+03
3.305364e+03 3.301267e+03
3.109568e+03 3.100167e+03
2.912323e+03 2.905301e+03
2.663289e+03 2.653168e+03
2.353354e+03 2.346752e+03
2.250117e+03 2.247650e+03
2.111528e+03 2.104880e+03
1.998362e+03 1.994957e+03
1.913254e+03 1.911326e+03
1.840256e+03 1.836976e+03
1.706741e+03 1.705305e+03
1.650911e+03 1.650195e+03
1.592676e+03 1.589781e+03
1.415437e+03 1.414169e+03
1.339081e+03 1.338963e+03
1.309363e+03 1.309163e+03
1.292946e+03 1.292804e+03
1.233480e+03 1.233150e+03
1.215102e+03 1.215100e+03
6.022105e+10 1.949606e+10
9.629814e+07 9.463470e+07
9.529286e+07 9.391148e+07
7.873568e+07 5.684168e+07
3.964673e+07 2.862811e+07
2.116706e+07 1.771136e+07
1.060107e+07 9.366726e+06
7.264553e+06 6.227511e+06
4.899966e+06 4.295796e+06
3.738110e+06 3.287601e+06
2.595905e+06 2.429683e+06
1.992121e+06 1.859623e+06
1.440333e+07 1.464777e+06
9.800168e+06 1.060719e+06
9.136367e+05 8.690301e+05
7.710031e+05 7.207487e+05
5.619527e+05 5.329591e+05
5.076486e+05 4.557809e+05
3.581421e+05 3.446267e+05
2.929020e+05 2.793771e+05
2.382701e+05 2.284612e+05
1.930705e+05 1.820089e+05
1.589497e+05 1.528620e+05
1.370515e+05 1.309792e+05
9.509784e+04 8.836808e+04
7.157789e+04 6.480478e+04
4.998299e+04 4.867983e+04
4.162213e+04 3.968857e+04
3.504358e+04 3.312618e+04
2.439825e+04 2.309075e+04
1.827034e+04 1.752329e+04
1.309405e+04 1.164696e+04
9.085049e+03 8.587161e+03
6.777558e+03 6.341107e+03
4.006779e+03 3.753812e+03
2.513980e+03 2.269161e+03
1.282549e+03 1.233337e+03
9.652789e+02 8.638896e+02
6.131009e+02 5.789725e+02
3.589995e+02 3.328646e+02
2.024456e+02 1.927405e+02
1.518661e+02 1.390722e+02
9.015952e+01 8.274989e+01
5.888945e+01 5.573529e+01
3.688047e+01 3.277084e+01
1.542644e+01 1.373547e+01
7.227007e+00 6.703753e+00
4.979497e+00 4.630046e+00
2.854572e+00 2.402446e+00
9.241305e-01 8.480622e-01
4.579619e-01 4.074192e-01
2.101761e-01 1.913789e-01
7.969644e-02 6.191148e-02
2.557673e+08 1.193939e+08
1.052379e+07 6.298957e+06
1.375388e+06 1.150129e+06
5.048582e+05 4.663369e+05
2.475187e+05 2.324056e+05
1.462694e+05 1.428968e+05
1.138835e+05 1.124366e+05
9.311768e+04 9.204744e+04
7.599225e+04 7.458626e+04
6.320609e+04 6.280196e+04
5.635098e+04 5.588980e+04
5.184174e+04 5.165446e+04
4.961932e+04 4.953146e+04
4.713671e+04 4.690180e+04
4.071871e+04 4.030036e+04
3.364053e+04 3.352252e+04
3.257004e+04 3.251313e+04
3.178447e+04 3.174231e+04
3.003111e+04 2.997383e+04
2.864585e+04 2.859850e+04
2.693681e+04 2.684503e+04
2.518193e+04 2.511941e+04
2.330253e+04 2.323543e+04
2.178610e+04 2.173987e+04
2.064412e+04 2.056453e+04
1.984561e+04 1.982286e+04
1.911823e+04 1.907233e+04
1.671577e+04 1.648677e+04
1.425540e+04 1.415622e+04
1.266835e+04 1.262041e+04
1.142302e+04 1.138155e+04
1.055800e+04 1.053429e+04
1.003042e+04 1.001712e+04
9.651714e+03 9.641767e+03
9.420526e+03 9.410607e+03
9.110117e+03 9.097403e+03
8.578866e+03 8.564548e+03
7.614121e+03 7.595877e+03
6.563115e+03 6.545379e+03
6.109378e+03 6.102079e+03
5.843412e+03 5.838402e+03
5.462134e+03 5.455340e+03
5.184702e+03 5.183397e+03
5.051017e+03 5.049975e+03
4.839888e+03 4.836631e+03
4.709895e+03 4.709244e+03
4.608333e+03 4.608309e+03
4.564850e+03 4.564808e+03
6.060251e+10 1.764643e+10
1.120937e+08 1.107432e+08
1.112814e+08 1.100695e+08
9.464549e+07 6.965872e+07
6.194316e+07 4.024595e+07
2.442777e+07 2.071629e+07
1.473859e+07 1.267799e+07
9.669835e+06 8.452404e+06
6.554519e+06 5.655735e+06
4.679000e+06 4.173361e+06
3.154036e+06 2.868480e+06
2.251029e+06 2.127593e+06
1.847640e+06 1.595985e+06
1.093703e+06 9.908199e+05
7.996222e+05 7.468261e+05
6.095033e+05 5.732068e+05
4.668776e+05 4.427001e+05
3.780089e+05 3.460773e+05
2.790406e+05 2.665458e+05
2.489841e+05 2.294451e+05
1.978231e+05 1.809211e+05
1.455736e+05 1.366743e+05
1.099857e+05 1.060204e+05
8.455934e+04 7.929857e+04
6.400961e+04 6.221819e+04
5.195532e+04 4.852878e+04
3.601520e+04 3.456957e+04
2.922562e+04 2.795489e+04
2.236563e+04 2.117791e+04
1.789918e+04 1.737185e+04
1.451265e+04 1.388241e+04
1.156836e+04 1.121678e+04
8.605801e+03 7.878966e+03
5.948546e+03 5.665818e+03
4.294554e+03 4.033557e+03
3.011191e+03 2.833141e+03
2.164031e+03 1.979132e+03
1.340203e+03 1.253398e+03
9.894976e+02 9.108211e+02
7.066459e+02 6.807420e+02
5.262044e+02 4.925905e+02
3.301797e+02 3.044053e+02
2.086072e+02 1.958050e+02
1.327765e+02 1.208846e+02
6.586847e+01 6.167212e+01
4.784907e+01 4.469627e+01
2.832031e+01 2.428988e+01
1.058640e+01 1.006031e+01
5.636869e+00 4.800374e+00
2.167282e+00 2.021893e+00
1.168126e+00 9.935797e-01
4.518500e-01 4.216771e-01
1.679182e-01 1.384944e-01
1.836159e+08 6.400978e+07
5.803934e+06 3.110975e+06
6.037573e+05 4.787920e+05
1.917170e+05 1.744076e+05
9.712292e+04 9.203926e+04
6.111090e+04 5.896300e+04
4.400013e+04 4.288181e+04
2.869660e+04 2.769973e+04
2.039057e+04 1.997792e+04
1.685674e+04 1.672450e+04
1.500652e+04 1.489678e+04
1.300622e+04 1.288261e+04
1.206863e+04 1.202880e+04
1.113441e+04 1.110490e+04
1.050038e+04 1.046349e+04
9.255685e+03 9.196396e+03
8.359652e+03 8.321155e+03
7.310469e+03 7.264510e+03
6.682364e+03 6.667042e+03
6.532159e+03 6.526706e+03
6.456139e+03 6.453723e+03
6.369320e+03 6.366594e+03
6.302654e+03 6.299968e+03
6.114594e+03 6.103889e+03
5.642239e+03 5.636522e+03
5.539630e+03 5.529816e+03
5.427193e+03 5.421459e+03
5.327648e+03 5.321420e+03
5.141187e+03 5.129095e+03
4.843046e+03 4.833551e+03
4.576504e+03 4.554733e+03
4.298765e+03 4.292326e+03
4.026704e+03 4.013069e+03
3.751414e+03 3.744472e+03
3.571113e+03 3.565367e+03
3.386192e+03 3.382703e+03
3.222478e+03 3.216514e+03
3.023476e+03 3.019505e+03
2.664457e+03 2.656292e+03
2.431793e+03 2.429735e+03
2.308360e+03 2.302788e+03
1.943552e+03 1.938103e+03
1.679420e+03 1.674016e+03
1.452320e+03 1.451879e+03
1.323992e+03 1.323475e+03
1.295365e+03 1.295247e+03
1.247574e+03 1.247548e+03
1.225503e+03 1.225501e+03
6.044115e+10 2.291365e+10
9.123070e+07 8.950041e+07
9.032774e+07 8.866762e+07
6.028693e+07 4.269773e+07
2.478753e+07 2.086261e+07
2.832472e+07 1.479223e+07
1.525339e+07 1.041178e+07
1.297515e+07 6.789820e+06
5.065285e+06 4.532260e+06
3.591054e+06 3.123780e+06
2.337770e+06 2.174022e+06
1.851230e+06 1.682549e+06
1.369948e+06 1.258144e+06
1.051536e+06 9.788921e+05
8.253751e+05 7.608512e+05
6.457835e+05 6.166123e+05
5.371578e+05 5.080385e+05
4.621669e+05 4.152522e+05
3.155525e+05 2.927222e+05
2.324812e+05 2.168422e+05
1.725021e+05 1.614024e+05
1.368358e+05 1.307934e+05
1.026338e+05 9.636341e+04
7.959288e+04 7.577798e+04
6.432302e+04 5.896603e+04
4.511972e+04 4.277628e+04
3.418730e+04 3.310940e+04
2.908624e+04 2.789469e+04
2.424909e+04 2.311366e+04
2.016493e+04 1.927261e+04
1.662377e+04 1.552685e+04
8.865854e+03 8.421223e+03
6.768594e+03 6.213306e+03
4.368139e+03 4.228856e+03
3.229334e+03 3.078361e+03
2.384347e+03 2.295637e+03
1.710701e+03 1.557866e+03
1.155564e+03 1.101183e+03
8.183566e+02 7.629698e+02
5.028287e+02 4.639672e+02
2.878567e+02 2.731882e+02
2.187253e+02 2.004913e+02
1.268397e+02 1.203953e+02
9.660060e+01 8.495924e+01
3.884695e+01 3.538055e+01
2.210182e+01 2.077372e+01
1.481145e+01 1.359167e+01
7.548168e+00 6.931570e+00
4.678729e+00 4.206645e+00
1.887583e+00 1.707636e+00
1.151500e+00 1.032692e+00
6.265572e-01 5.688401e-01
1.881838e-01 1.659710e-01
2.133053e+08 9.230251e+07
7.176778e+06 3.699050e+06
5.577117e+05 4.031457e+05
1.837640e+05 1.715653e+05
9.402408e+04 9.026805e+04
6.424570e+04 6.314637e+04
4.937900e+04 4.858286e+04
4.043870e+04 3.993532e+04
3.294219e+04 3.242131e+04
2.696331e+04 2.652807e+04
2.002308e+04 1.971041e+04
1.661687e+04 1.649613e+04
1.516587e+04 1.505675e+04
1.385293e+04 1.382137e+04
1.332868e+04 1.331032e+04
1.288595e+04 1.286340e+04
1.218354e+04 1.213790e+04
1.142489e+04 1.139405e+04
1.085831e+04 1.083929e+04
1.040522e+04 1.039052e+04
1.013322e+04 1.011996e+04
9.856494e+03 9.848603e+03
9.707037e+03 9.701138e+03
9.556554e+03 9.546525e+03
9.335415e+03 9.324731e+03
9.128512e+03 9.114083e+03
8.805795e+03 8.790591e+03
8.344616e+03 8.313718e+03
7.820914e+03 7.802430e+03
7.391365e+03 7.373292e+03
6.968966e+03 6.952157e+03
6.398348e+03 6.358126e+03
5.975551e+03 5.966062e+03
5.258117e+03 5.239207e+03
4.901489e+03 4.892731e+03
4.575259e+03 4.565854e+03
4.049759e+03 4.018085e+03
3.447935e+03 3.438141e+03
3.049383e+03 3.039807e+03
2.790057e+03 2.788810e+03
2.693415e+03 2.692164e+03
2.610450e+03 2.609676e+03
2.390326e+03 2.380113e+03
2.255526e+03 2.254983e+03
2.209040e+03 2.208738e+03
2.174566e+03 2.174281e+03
2.143129e+03 2.143052e+03
2.070911e+03 2.070910e+03
5.965089e+10 2.073824e+10
1.101926e+08 1.083155e+08
1.091133e+08 1.070327e+08
7.849877e+07 5.925478e+07
3.512632e+07 2.709098e+07
2.073314e+07 1.701055e+07
1.210154e+07 9.819777e+06
7.104672e+06 6.241009e+06
5.002802e+06 4.442433e+06
3.629777e+06 3.253522e+06
2.683258e+06 2.350449e+06
1.707552e+06 1.449128e+06
1.063649e+06 9.724882e+05
7.267528e+05 6.865227e+05
5.815665e+05 5.401325e+05
4.433218e+05 4.196289e+05
3.636564e+05 3.412412e+05
2.927762e+05 2.765137e+05
2.358093e+05 2.293355e+05
2.080347e+05 1.863534e+05
1.569388e+05 1.491375e+05
1.288231e+05 1.208355e+05
1.086860e+05 1.038518e+05
8.443804e+04 8.034200e+04
7.159402e+04 6.635853e+04
5.312679e+04 5.031304e+04
3.652713e+04 3.505200e+04
3.041587e+04 2.901816e+04
2.394498e+04 2.259318e+04
1.844337e+04 1.756851e+04
1.479128e+04 1.400346e+04
1.156721e+04 1.083715e+04
8.687576e+03 8.107151e+03
5.786913e+03 5.530513e+03
4.540511e+03 4.265111e+03
3.500819e+03 3.246939e+03
1.958986e+03 1.804640e+03
1.450920e+03 1.308755e+03
8.106167e+02 7.705399e+02
5.543661e+02 4.626037e+02
2.110577e+02 1.990032e+02
1.416137e+02 1.216815e+02
4.674797e+01 4.080853e+01
2.452261e+01 2.296933e+01
1.590380e+01 1.388292e+01
5.637724e+00 4.803453e+00
2.580521e+00 2.328670e+00
1.252705e+00 1.037368e+00
4.273830e-01 4.088256e-01
2.472987e-01 2.008815e-01
9.840696e-02 8.932819e-02
3.676042e-02 3.220101e-02
1.561412e-02 1.438317e-02
1.813402e+08 7.171642e+07
6.507319e+06 3.750460e+06
5.151952e+05 3.906304e+05
1.279026e+05 1.181023e+05
7.734228e+04 7.431940e+04
5.739647e+04 5.598434e+04
4.613797e+04 4.544986e+04
3.717273e+04 3.662999e+04
3.187848e+04 3.145263e+04
2.602199e+04 2.568901e+04
2.294957e+04 2.277872e+04
2.025168e+04 2.014552e+04
1.817962e+04 1.807503e+04
1.704329e+04 1.697883e+04
1.592541e+04 1.584072e+04
1.502691e+04 1.497834e+04
1.419582e+04 1.415484e+04
1.358601e+04 1.355984e+04
1.308289e+04 1.306157e+04
1.280638e+04 1.279501e+04
1.262235e+04 1.261575e+04
1.247480e+04 1.246713e+04
1.222405e+04 1.221302e+04
1.180101e+04 1.179569e+04
1.154067e+04 1.151466e+04
1.112507e+04 1.110722e+04
1.074955e+04 1.072966e+04
1.038285e+04 1.034071e+04
9.857476e+03 9.821414e+03
9.156422e+03 9.120856e+03
7.886547e+03 7.824029e+03
6.613348e+03 6.588021e+03
5.851353e+03 5.838024e+03
5.590157e+03 5.583935e+03
5.385947e+03 5.380395e+03
5.125891e+03 5.117753e+03
4.680614e+03 4.668296e+03
4.114099e+03 4.100522e+03
3.601533e+03 3.594263e+03
2.547253e+03 2.533016e+03
2.347279e+03 2.345942e+03
2.171024e+03 2.169512e+03
2.072775e+03 2.070729e+03
1.901780e+03 1.900542e+03
1.856742e+03 1.856605e+03
1.824667e+03 1.824503e+03
1.777985e+03 1.777787e+03
1.715516e+03 1.715515e+03
5.927125e+10 1.362765e+10
1.300285e+08 1.284588e+08
1.289877e+08 1.268669e+08
1.159366e+08 8.174532e+07
4.570716e+07 3.274916e+07
3.335635e+07 1.925776e+07
1.326150e+07 1.114601e+07
9.529799e+06 8.021497e+06
6.967139e+06 5.935630e+06
4.102238e+06 3.611408e+06
2.828726e+06 2.569762e+06
2.287002e+06 2.021083e+06
1.548598e+06 1.453305e+06
1.233021e+06 1.134812e+06
9.400026e+05 8.861213e+05
7.248722e+05 6.816435e+05
5.441594e+05 5.164862e+05
4.369703e+05 4.059381e+05
3.355312e+05 3.261608e+05
2.720770e+05 2.541041e+05
2.132725e+05 2.064017e+05
1.814559e+05 1.727997e+05
1.413076e+05 1.341729e+05
1.105108e+05 1.085100e+05
1.001014e+05 9.609175e+04
8.511942e+04 8.250519e+04
7.455995e+04 7.126146e+04
6.123338e+04 5.707541e+04
3.948371e+04 3.719882e+04
3.113611e+04 2.998342e+04
2.528588e+04 2.456159e+04
2.255248e+04 2.099901e+04
1.452866e+04 1.351370e+04
9.898020e+03 8.976659e+03
6.137286e+03 5.469988e+03
4.082661e+03 3.898663e+03
3.299986e+03 3.123444e+03
2.550115e+03 2.488105e+03
2.203920e+03 1.988813e+03
1.222040e+03 1.147264e+03
8.420783e+02 8.058513e+02
6.410663e+02 5.840309e+02
3.115898e+02 2.831149e+02
1.533049e+02 1.399721e+02
8.853362e+01 8.188855e+01
5.380567e+01 4.985136e+01
2.921403e+01 2.519184e+01
1.190520e+01 1.123620e+01
7.675220e+00 6.596825e+00
3.695878e+00 3.366269e+00
1.997775e+00 1.832272e+00
1.097712e+00 9.799242e-01
5.426587e-01 4.541175e-01
1.923740e+08 8.303322e+07
7.684596e+06 3.803491e+06
7.728547e+05 5.804507e+05
2.119534e+05 1.920487e+05
1.126629e+05 1.081520e+05
7.546639e+04 7.325582e+04
4.655546e+04 4.451842e+04
2.756673e+04 2.669051e+04
2.196511e+04 2.173661e+04
1.807247e+04 1.782263e+04
1.521313e+04 1.500808e+04
1.298179e+04 1.286736e+04
1.195410e+04 1.190736e+04
1.111278e+04 1.108482e+04
1.067711e+04 1.064826e+04
9.758892e+03 9.670628e+03
8.403226e+03 8.340012e+03
7.697428e+03 7.680995e+03
7.389944e+03 7.377475e+03
7.052436e+03 7.031900e+03
6.736085e+03 6.716831e+03
6.347247e+03 6.339903e+03
6.119112e+03 6.112042e+03
5.941453e+03 5.934937e+03
5.765193e+03 5.756811e+03
5.595203e+03 5.581190e+03
5.429462e+03 5.423142e+03
5.169582e+03 5.155390e+03
4.840143e+03 4.819477e+03
4.274620e+03 4.245151e+03
3.765796e+03 3.744259e+03
3.495514e+03 3.490004e+03
3.412750e+03 3.410554e+03
3.360528e+03 3.358472e+03
3.294444e+03 3.290425e+03
3.190888e+03 3.189354e+03
3.033471e+03 3.028486e+03
2.735207e+03 2.725636e+03
2.533742e+03 2.528251e+03
2.323931e+03 2.321604e+03
1.950748e+03 1.947106e+03
1.868907e+03 1.868018e+03
1.830824e+03 1.830199e+03
1.647687e+03 1.646471e+03
1.605418e+03 1.605092e+03
1.574737e+03 1.574524e+03
1.477638e+03 1.477557e+03
1.446402e+03 1.446389e+03
6.036874e+10 2.396492e+10
8.819659e+07 8.696367e+07
8.752118e+07 8.642881e+07
7.227873e+07 5.108423e+07
2.892682e+07 2.274003e+07
1.885015e+07 1.421961e+07
9.682693e+06 8.052565e+06
6.075156e+06 5.619465e+06
4.656280e+06 4.282734e+06
3.506391e+06 3.031726e+06
2.194127e+06 2.058685e+06
1.700458e+06 1.568386e+06
1.208708e+06 1.102554e+06
9.437524e+05 8.865793e+05
7.209115e+05 6.850155e+05
5.991326e+05 5.664179e+05
4.580922e+05 4.374754e+05
3.852270e+05 3.749893e+05
3.280086e+05 3.120442e+05
2.663718e+05 2.513707e+05
2.127952e+05 2.047324e+05
1.791835e+05 1.707837e+05
1.330419e+05 1.270232e+05
1.062162e+05 1.023635e+05
9.210181e+04 8.562746e+04
6.958210e+04 6.558128e+04
5.346463e+04 5.180959e+04
4.350077e+04 4.051320e+04
3.526327e+04 3.334099e+04
2.650703e+04 2.465929e+04
1.903076e+04 1.804612e+04
1.407124e+04 1.295358e+04
9.861010e+03 8.943283e+03
5.703296e+03 5.412932e+03
4.302213e+03 3.934203e+03
2.886682e+03 2.709643e+03
1.796353e+03 1.594398e+03
8.723462e+02 8.018156e+02
5.379730e+02 4.757667e+02
3.152689e+02 2.726482e+02
1.502992e+02 1.380992e+02
1.068268e+02 9.685494e+01
5.979005e+01 5.618944e+01
4.062039e+01 3.587343e+01
1.660100e+01 1.524710e+01
9.422007e+00 8.662496e+00
3.532267e+00 3.018518e+00
1.038776e+00 9.528148e-01
4.812248e-01 4.318124e-01
2.415479e-01 2.235275e-01
1.597346e-01 1.450734e-01
6.695477e-02 5.976228e-02
3.412108e-02 2.999015e-02
1.920392e+08 5.702757e+07
7.008990e+06 3.692770e+06
5.066647e+05 3.471462e+05
1.307967e+05 1.184011e+05
6.694096e+04 6.316311e+04
4.262895e+04 4.141826e+04
3.232806e+04 3.170587e+04
2.486628e+04 2.444608e+04
2.028716e+04 2.005764e+04
1.662578e+04 1.642343e+04
1.417660e+04 1.399786e+04
1.153577e+04 1.142421e+04
9.899536e+03 9.795869e+03
8.845030e+03 8.816694e+03
8.386231e+03 8.358418e+03
7.783076e+03 7.763058e+03
7.513121e+03 7.503009e+03
7.239289e+03 7.214824e+03
6.754222e+03 6.734120e+03
6.339618e+03 6.324962e+03
6.010706e+03 5.994167e+03
5.323942e+03 5.293650e+03
4.921826e+03 4.912020e+03
4.423761e+03 4.400230e+03
4.109546e+03 4.101431e+03
3.955295e+03 3.947478e+03
3.832353e+03 3.822748e+03
3.579825e+03 3.566852e+03
3.348921e+03 3.341974e+03
3.201991e+03 3.196201e+03
3.069651e+03 3.062784e+03
2.971791e+03 2.966709e+03
2.870534e+03 2.868054e+03
2.778072e+03 2.774493e+03
2.633566e+03 2.628715e+03
2.473777e+03 2.471307e+03
2.347861e+03 2.346471e+03
2.267854e+03 2.266322e+03
2.147357e+03 2.145141e+03
2.005860e+03 1.999740e+03
1.904707e+03 1.903970e+03
1.855600e+03 1.854763e+03
1.782823e+03 1.781643e+03
1.659598e+03 1.659232e+03
1.581922e+03 1.581191e+03
1.545751e+03 1.545504e+03
9.139924e+02 9.139042e+02
8.859097e+02 8.859081e+02
5.714539e+10 1.512781e+10
8.951862e+07 8.779617e+07
8.860248e+07 8.651653e+07
6.564551e+07 5.100265e+07
3.102892e+07 2.640154e+07
1.984733e+07 1.672347e+07
1.105655e+07 9.628734e+06
1.703351e+08 7.050353e+06
2.630643e+07 5.382867e+06
4.327059e+06 3.999738e+06
3.277671e+06 3.016891e+06
2.335199e+06 2.131752e+06
1.591237e+06 1.460051e+06
1.165948e+06 1.048737e+06
8.226173e+05 7.402904e+05
5.785953e+05 5.476247e+05
4.742603e+05 4.532968e+05
4.026452e+05 3.946278e+05
3.775308e+05 3.566164e+05
2.922812e+05 2.795855e+05
2.437877e+05 2.356581e+05
2.189628e+05 2.111573e+05
1.875393e+05 1.775884e+05
1.373316e+05 1.306116e+05
1.083563e+05 1.023303e+05
8.698800e+04 8.337451e+04
6.759377e+04 6.307498e+04
5.283285e+04 5.084913e+04
4.445860e+04 4.335759e+04
3.574583e+04 3.432416e+04
2.872465e+04 2.747918e+04
2.060740e+04 1.898748e+04
1.381620e+04 1.250683e+04
9.410828e+03 8.381763e+03
6.075968e+03 5.814755e+03
4.459161e+03 4.037899e+03
2.938859e+03 2.762650e+03
1.950847e+03 1.708808e+03
9.245170e+02 8.097628e+02
4.019860e+02 3.454747e+02
1.609574e+02 1.509007e+02
1.034186e+02 9.952268e+01
6.979347e+01 6.289608e+01
2.901225e+01 2.733057e+01
1.987142e+01 1.783181e+01
1.067842e+01 9.881913e+00
6.537385e+00 6.029469e+00
3.693670e+00 3.348494e+00
2.151700e+00 2.075474e+00
1.483378e+00 1.334408e+00
6.174864e-01 5.708181e-01
2.694398e-01 2.375370e-01
1.098529e-01 1.003491e-01
2.084757e+08 9.014558e+07
7.321114e+06 2.881705e+06
4.334142e+05 2.996767e+05
1.044381e+05 8.893690e+04
5.530719e+04 5.283262e+04
3.538068e+04 3.396104e+04
2.567350e+04 2.512036e+04
2.089430e+04 2.065656e+04
1.824658e+04 1.811366e+04
1.591677e+04 1.576407e+04
1.346257e+04 1.335315e+04
1.212600e+04 1.207764e+04
1.112819e+04 1.107349e+04
1.010400e+04 1.004675e+04
9.410849e+03 9.385938e+03
8.712030e+03 8.667785e+03
7.890517e+03 7.854889e+03
7.238503e+03 7.213957e+03
6.742487e+03 6.721866e+03
6.370053e+03 6.358803e+03
6.167147e+03 6.159868e+03
5.967554e+03 5.961033e+03
5.660615e+03 5.633815e+03
5.257892e+03 5.247451e+03
5.067049e+03 5.059185e+03
4.836708e+03 4.829286e+03
4.711259e+03 4.705847e+03
4.628033e+03 4.624227e+03
4.546673e+03 4.542507e+03
4.464298e+03 4.461045e+03
4.378713e+03 4.372036e+03
4.240005e+03 4.233943e+03
4.112771e+03 4.108639e+03
3.822612e+03 3.810474e+03
3.677430e+03 3.674765e+03
3.520019e+03 3.512969e+03
3.321847e+03 3.313491e+03
3.079940e+03 3.074190e+03
2.422749e+03 2.391471e+03
1.878826e+03 1.875431e+03
1.753153e+03 1.752694e+03
1.718704e+03 1.718309e+03
1.648216e+03 1.648118e+03
1.623232e+03 1.623093e+03
1.600710e+03 1.600428e+03
1.576810e+03 1.576774e+03
1.510964e+03 1.510957e+03
1.485039e+03 1.484991e+03
6.262359e+10 2.155995e+10
1.115598e+08 1.102399e+08
1.109032e+08 1.096725e+08
8.937910e+07 6.331624e+07
4.248477e+07 3.138238e+07
2.186757e+07 1.818481e+07
1.608341e+07 1.240909e+07
9.044459e+06 8.220155e+06
7.267527e+06 5.962518e+06
4.045213e+06 3.676911e+06
3.106292e+06 2.787607e+06
2.225841e+06 1.938250e+06
1.604402e+06 1.431031e+06
1.157003e+06 1.044957e+06
7.972819e+05 7.605880e+05
6.736450e+05 6.408135e+05
5.168366e+05 4.818383e+05
3.971115e+05 3.727848e+05
3.010528e+05 2.833560e+05
2.575104e+05 2.394442e+05
1.869228e+05 1.800863e+05
1.527622e+05 1.468622e+05
1.305750e+05 1.267745e+05
1.103799e+05 1.056427e+05
9.063098e+04 8.718008e+04
6.598281e+04 6.223551e+04
5.089300e+04 4.957206e+04
4.013782e+04 3.866807e+04
3.377582e+04 3.191763e+04
2.611650e+04 2.486272e+04
1.997950e+04 1.838775e+04
1.375719e+04 1.294444e+04
9.618141e+03 8.831377e+03
5.629671e+03 5.381759e+03
4.283137e+03 4.042579e+03
3.157897e+03 3.025133e+03
2.519461e+03 2.413821e+03
1.924478e+03 1.802634e+03
1.392042e+03 1.334814e+03
9.274391e+02 8.557566e+02
5.205300e+02 4.600111e+02
2.362080e+02 2.178643e+02
1.746458e+02 1.520506e+02
8.121709e+01 7.454677e+01
5.199875e+01 4.716910e+01
2.928299e+01 2.531799e+01
1.278874e+01 1.162021e+01
6.857473e+00 6.014308e+00
4.139081e+00 3.686310e+00
1.965159e+00 1.683249e+00
8.629898e-01 7.806218e-01
3.729855e-01 3.477891e-01
2.287870e-01 1.872898e-01
1.951902e+08 6.056994e+07
6.560264e+06 2.937114e+06
3.773266e+05 2.474916e+05
7.297128e+04 6.608240e+04
3.728542e+04 3.569095e+04
2.683958e+04 2.610714e+04
1.883297e+04 1.843953e+04
1.499847e+04 1.475209e+04
1.299578e+04 1.287817e+04
1.039939e+04 1.019387e+04
8.337656e+03 8.281858e+03
7.657870e+03 7.614996e+03
7.003296e+03 6.958202e+03
6.322722e+03 6.277881e+03
5.638707e+03 5.602094e+03
4.907394e+03 4.869360e+03
3.877067e+03 3.838891e+03
3.387135e+03 3.369285e+03
3.151597e+03 3.142360e+03
2.865503e+03 2.852804e+03
2.676155e+03 2.672592e+03
2.460620e+03 2.451158e+03
2.292313e+03 2.286595e+03
2.191527e+03 2.188849e+03
2.117959e+03 2.112941e+03
2.040447e+03 2.035405e+03
1.940686e+03 1.934629e+03
1.850370e+03 1.845905e+03
1.780007e+03 1.777362e+03
1.632703e+03 1.625949e+03
1.518975e+03 1.512372e+03
1.436583e+03 1.434282e+03
1.377579e+03 1.376127e+03
1.341115e+03 1.340139e+03
1.300137e+03 1.299406e+03
1.274256e+03 1.273595e+03
1.243435e+03 1.242720e+03
1.189451e+03 1.188488e+03
1.131091e+03 1.129396e+03
1.021651e+03 1.020347e+03
9.639511e+02 9.635379e+02
9.097900e+02 9.087463e+02
8.279733e+02 8.273801e+02
7.867652e+02 7.863374e+02
7.561906e+02 7.561412e+02
7.393071e+02 7.391150e+02
7.259472e+02 7.259312e+02
7.093068e+02 7.092906e+02
