2.026481e+10 9.028731e+09
8.491757e+04 4.069711e+04
6.910430e+04 3.570816e+04
1.086785e+04 8.692628e+03
7.552000e+03 7.499746e+03
7.442162e+03 7.439699e+03
7.437475e+03 7.430045e+03
7.424184e+03 7.375014e+03
7.428829e+03 6.884254e+03
5.117174e+03 4.703783e+03
4.037435e+03 3.978684e+03
3.913884e+03 3.912610e+03
3.909856e+03 3.907250e+03
3.899680e+03 3.873610e+03
3.791774e+03 3.582620e+03
2.983777e+03 2.890157e+03
2.717798e+03 2.687677e+03
2.667514e+03 2.666516e+03
2.665349e+03 2.664501e+03
2.663379e+03 2.652939e+03
2.610955e+03 2.502832e+03
2.157926e+03 2.088327e+03
1.976530e+03 1.972384e+03
1.969656e+03 1.968546e+03
1.970318e+03 1.958730e+03
1.911989e+03 1.849557e+03
1.652995e+03 1.634188e+03
1.610486e+03 1.610096e+03
1.609391e+03 1.608495e+03
1.611726e+03 1.595121e+03
1.546261e+03 1.534481e+03
1.516130e+03 1.515481e+03
1.514430e+03 1.513855e+03
1.509829e+03 1.502497e+03
1.464574e+03 1.450305e+03
1.430680e+03 1.430075e+03
1.430044e+03 1.428438e+03
1.425426e+03 1.416342e+03
1.385974e+03 1.380794e+03
1.373071e+03 1.372163e+03
1.371671e+03 1.364682e+03
1.331177e+03 1.323921e+03
1.309059e+03 1.307838e+03
1.305696e+03 1.299866e+03
1.260525e+03 1.241704e+03
1.175822e+03 1.173129e+03
1.167268e+03 1.164500e+03
1.171086e+03 1.142736e+03
1.103600e+03 1.102102e+03
1.098849e+03 1.097731e+03
1.090812e+03 1.086753e+03
1.073013e+03 1.071245e+03
1.066259e+03 1.063247e+03
1.547648e+07 5.962709e+06
1.710860e+05 7.845121e+04
8.597121e+03 6.484321e+03
2.467530e+03 2.256237e+03
1.509338e+03 1.476051e+03
1.275627e+03 1.263831e+03
1.181081e+03 1.178150e+03
1.138064e+03 1.135923e+03
1.115656e+03 1.114354e+03
1.099628e+03 1.098638e+03
1.087204e+03 1.086445e+03
1.076632e+03 1.076178e+03
1.068919e+03 1.068463e+03
1.061854e+03 1.061402e+03
1.048864e+03 1.047354e+03
1.018105e+03 1.017311e+03
1.002395e+03 1.001005e+03
9.507256e+02 9.492506e+02
8.978937e+02 8.945696e+02
8.745061e+02 8.738423e+02
8.632045e+02 8.625220e+02
8.418236e+02 8.412839e+02
8.358379e+02 8.356021e+02
8.312138e+02 8.310418e+02
8.285646e+02 8.284736e+02
8.267221e+02 8.266073e+02
8.254309e+02 8.253370e+02
8.235563e+02 8.234670e+02
8.227084e+02 8.226742e+02
8.216777e+02 8.215774e+02
8.182399e+02 8.181081e+02
8.159444e+02 8.158234e+02
8.124909e+02 8.124145e+02
8.107777e+02 8.107121e+02
8.043776e+02 8.043458e+02
8.036199e+02 8.036066e+02
8.033385e+02 8.033346e+02
8.032886e+02 8.032878e+02
8.032700e+02 8.032676e+02
8.032251e+02 8.032249e+02
8.032215e+02 8.032214e+02
8.032140e+02 8.032130e+02
8.031675e+02 8.031670e+02
8.031532e+02 8.031530e+02
5.618880e+02 2.000000e+02
4.814684e+02 2.000000e+02
2.670163e+02 2.000000e+02
2.000000e+02 2.000000e+02
2.101525e+10 7.190594e+09
8.816263e+04 3.813801e+04
7.655850e+04 3.849877e+04
8.824679e+03 8.378547e+03
8.079291e+03 8.067811e+03
8.057645e+03 8.055458e+03
8.048268e+03 8.030704e+03
7.837768e+03 7.668906e+03
6.902326e+03 6.074000e+03
4.864809e+03 4.764279e+03
4.668081e+03 4.665054e+03
4.660811e+03 4.658911e+03
4.661692e+03 4.621099e+03
4.584094e+03 4.351315e+03
3.651674e+03 3.398803e+03
3.061823e+03 3.051927e+03
3.043055e+03 3.042094e+03
3.044829e+03 3.032614e+03
3.055163e+03 2.912220e+03
2.475565e+03 2.381861e+03
2.261846e+03 2.255566e+03
2.248121e+03 2.247469e+03
2.246723e+03 2.240152e+03
2.223304e+03 2.162587e+03
1.931762e+03 1.869284e+03
1.823347e+03 1.821796e+03
1.820467e+03 1.819080e+03
1.818655e+03 1.807006e+03
1.769941e+03 1.678321e+03
1.516719e+03 1.506610e+03
1.492473e+03 1.491575e+03
1.492774e+03 1.487944e+03
1.470728e+03 1.444217e+03
1.401690e+03 1.399559e+03
1.396960e+03 1.396012e+03
1.397134e+03 1.388524e+03
1.360312e+03 1.351138e+03
1.348875e+03 1.342251e+03
1.342045e+03 1.337228e+03
1.329262e+03 1.327172e+03
1.325237e+03 1.312959e+03
1.282650e+03 1.280897e+03
1.277439e+03 1.275840e+03
1.269791e+03 1.245136e+03
1.175091e+03 1.168484e+03
1.162168e+03 1.156723e+03
1.150059e+03 1.135672e+03
1.106794e+03 1.101105e+03
1.094323e+03 1.092852e+03
1.091071e+03 1.076423e+03
1.043069e+03 1.036731e+03
1.029465e+03 1.026003e+03
1.014900e+03 9.947918e+02
1.672465e+07 6.199276e+06
2.197960e+05 9.465777e+04
8.433022e+03 6.345470e+03
2.567937e+03 2.374005e+03
1.402826e+03 1.356396e+03
1.122463e+03 1.110985e+03
1.041491e+03 1.037709e+03
9.950263e+02 9.927533e+02
9.502243e+02 9.478586e+02
9.334276e+02 9.322076e+02
9.163337e+02 9.157692e+02
9.087796e+02 9.083115e+02
9.033177e+02 9.030107e+02
8.988086e+02 8.984220e+02
8.829474e+02 8.812454e+02
8.481934e+02 8.453371e+02
8.280410e+02 8.275272e+02
8.202282e+02 8.199451e+02
8.140707e+02 8.137654e+02
8.115556e+02 8.114264e+02
8.094904e+02 8.093840e+02
8.055861e+02 8.055167e+02
8.038714e+02 8.038118e+02
8.025660e+02 8.024806e+02
7.943691e+02 7.941274e+02
7.914521e+02 7.909326e+02
7.707070e+02 7.702756e+02
7.658793e+02 7.658124e+02
7.647410e+02 7.647188e+02
7.645101e+02 7.645024e+02
7.627526e+02 7.626448e+02
7.598543e+02 7.598096e+02
7.588778e+02 7.588298e+02
7.573964e+02 7.573171e+02
7.565334e+02 7.565251e+02
7.564638e+02 7.564631e+02
7.564287e+02 7.564272e+02
7.562841e+02 7.562820e+02
7.562520e+02 7.562513e+02
7.562124e+02 7.562117e+02
7.562048e+02 7.562047e+02
7.561796e+02 7.561791e+02
7.561581e+02 7.561577e+02
7.553507e+02 7.553485e+02
5.569409e+02 2.000000e+02
4.927593e+02 2.000000e+02
3.219636e+02 2.000000e+02
2.000000e+02 2.000000e+02
2.041863e+10 8.346410e+09
8.222769e+04 3.892871e+04
7.497360e+04 2.847223e+04
8.646294e+03 7.312688e+03
6.227078e+03 6.186422e+03
6.153355e+03 6.151500e+03
6.149252e+03 6.147788e+03
6.159095e+03 6.132336e+03
6.116474e+03 5.840156e+03
4.826440e+03 4.427251e+03
3.481222e+03 3.455685e+03
3.415675e+03 3.415020e+03
3.415554e+03 3.411543e+03
3.401248e+03 3.373875e+03
3.203938e+03 3.024511e+03
2.549219e+03 2.487270e+03
2.430527e+03 2.429884e+03
2.429629e+03 2.428642e+03
2.430577e+03 2.419424e+03
2.419798e+03 2.337464e+03
2.166788e+03 2.050119e+03
1.915932e+03 1.908632e+03
1.901514e+03 1.900701e+03
1.899104e+03 1.897795e+03
1.902512e+03 1.867223e+03
1.756002e+03 1.701392e+03
1.642071e+03 1.640556e+03
1.638097e+03 1.637556e+03
1.643257e+03 1.628879e+03
1.593473e+03 1.550895e+03
1.486345e+03 1.483019e+03
1.478739e+03 1.478076e+03
1.473891e+03 1.467023e+03
1.434220e+03 1.403787e+03
1.351338e+03 1.349936e+03
1.348072e+03 1.347610e+03
1.345227e+03 1.340815e+03
1.317744e+03 1.286289e+03
1.250209e+03 1.248052e+03
1.244748e+03 1.243036e+03
1.236851e+03 1.223322e+03
1.180257e+03 1.174316e+03
1.167218e+03 1.164497e+03
1.159597e+03 1.148603e+03
1.096728e+03 1.078394e+03
1.051416e+03 1.049917e+03
1.050681e+03 1.043408e+03
1.028464e+03 1.014436e+03
9.803268e+02 9.783977e+02
9.819250e+02 9.703094e+02
9.331037e+02 9.233970e+02
9.102099e+02 9.091265e+02
9.129976e+02 8.990263e+02
2.021584e+07 1.035762e+07
2.430346e+05 1.211598e+05
6.621450e+03 4.673823e+03
2.127165e+03 2.016602e+03
1.533817e+03 1.501261e+03
1.228105e+03 1.207089e+03
1.098799e+03 1.091855e+03
1.036480e+03 1.031614e+03
1.003101e+03 1.001189e+03
9.805806e+02 9.796115e+02
9.665338e+02 9.657009e+02
9.571613e+02 9.566292e+02
9.517383e+02 9.512920e+02
9.467709e+02 9.464524e+02
9.397449e+02 9.394043e+02
9.365269e+02 9.362870e+02
9.256796e+02 9.250707e+02
9.147794e+02 9.145590e+02
9.102380e+02 9.100909e+02
9.080845e+02 9.079908e+02
9.065177e+02 9.064542e+02
9.044917e+02 9.044136e+02
8.949326e+02 8.943669e+02
8.890727e+02 8.889241e+02
8.773088e+02 8.738218e+02
8.399240e+02 8.391178e+02
8.243329e+02 8.237949e+02
8.190567e+02 8.188800e+02
8.175330e+02 8.174802e+02
8.160050e+02 8.158811e+02
8.127041e+02 8.126575e+02
8.121571e+02 8.121492e+02
8.120100e+02 8.120026e+02
8.116306e+02 8.116197e+02
8.105364e+02 8.105199e+02
8.103235e+02 8.103194e+02
8.102072e+02 8.102065e+02
8.101516e+02 8.101476e+02
8.096752e+02 8.096711e+02
8.095976e+02 8.095969e+02
8.095827e+02 8.095824e+02
8.065622e+02 8.063732e+02
8.027179e+02 8.027107e+02
8.022314e+02 8.022301e+02
5.914255e+02 2.000000e+02
5.211695e+02 2.000000e+02
3.338206e+02 2.000000e+02
2.000000e+02 2.000000e+02
2.074233e+10 7.656524e+09
8.690929e+04 4.291810e+04
7.566415e+04 3.506975e+04
7.046151e+03 6.310404e+03
5.807374e+03 5.796413e+03
5.783538e+03 5.782539e+03
5.780983e+03 5.776254e+03
5.769302e+03 5.732614e+03
5.940185e+03 5.498451e+03
4.461473e+03 4.316457e+03
4.168481e+03 4.158087e+03
4.148737e+03 4.147833e+03
4.146620e+03 4.141549e+03
4.155763e+03 4.085542e+03
3.787089e+03 3.590977e+03
3.109836e+03 2.994284e+03
2.891510e+03 2.888529e+03
2.885576e+03 2.884405e+03
2.882829e+03 2.874686e+03
2.822644e+03 2.735223e+03
1.827189e+07 2.464263e+03
2.655767e+07 2.407220e+03
2.241324e+07 2.403504e+03
2.328286e+07 2.399068e+03
5.977172e+06 2.333629e+03
2.158747e+03 2.139473e+03
2.107550e+03 2.099386e+03
2.087616e+03 2.067907e+03
2.065491e+03 2.052095e+03
2.070676e+03 2.039556e+03
1.941144e+03 1.914302e+03
1.875384e+03 1.873034e+03
1.868022e+03 1.862074e+03
1.852123e+03 1.803971e+03
1.680121e+03 1.665912e+03
1.648462e+03 1.646621e+03
1.638395e+03 1.629229e+03
1.572876e+03 1.511608e+03
1.441204e+03 1.437700e+03
1.432976e+03 1.432013e+03
1.429780e+03 1.422802e+03
1.399311e+03 1.359016e+03
1.308303e+03 1.304771e+03
1.301137e+03 1.296254e+03
1.288403e+03 1.264706e+03
1.178310e+03 1.168636e+03
1.152749e+03 1.148582e+03
1.141726e+03 1.121544e+03
1.046191e+03 1.042166e+03
1.034214e+03 1.033422e+03
1.029420e+03 1.021770e+03
9.862226e+02 9.749779e+02
9.664882e+02 9.651195e+02
1.459077e+07 3.744889e+06
1.477031e+05 6.809977e+04
7.752559e+03 6.248560e+03
2.302357e+03 2.047977e+03
1.442361e+03 1.415692e+03
1.267708e+03 1.258151e+03
1.177752e+03 1.172535e+03
1.113507e+03 1.109195e+03
1.085704e+03 1.083973e+03
1.052922e+03 1.049868e+03
1.007351e+03 1.004960e+03
9.919880e+02 9.913926e+02
9.839295e+02 9.836572e+02
9.688312e+02 9.678928e+02
9.589406e+02 9.584406e+02
9.463056e+02 9.461214e+02
9.430340e+02 9.428225e+02
9.368827e+02 9.364420e+02
9.304034e+02 9.301639e+02
9.270077e+02 9.269289e+02
9.242848e+02 9.240172e+02
9.204132e+02 9.202752e+02
9.186390e+02 9.185621e+02
9.156557e+02 9.156055e+02
9.134452e+02 9.119086e+02
9.039142e+02 9.034986e+02
8.993515e+02 8.991925e+02
8.939694e+02 8.938464e+02
8.906392e+02 8.903164e+02
8.875310e+02 8.874651e+02
8.817660e+02 8.816792e+02
8.780828e+02 8.780118e+02
8.775169e+02 8.775065e+02
8.772724e+02 8.772564e+02
8.758442e+02 8.758185e+02
8.752790e+02 8.752739e+02
8.752148e+02 8.752116e+02
8.749973e+02 8.749937e+02
8.749233e+02 8.749222e+02
8.748107e+02 8.748096e+02
8.747777e+02 8.747775e+02
8.747540e+02 8.747520e+02
8.746933e+02 8.746928e+02
8.746417e+02 8.746373e+02
6.044635e+02 2.000000e+02
5.145821e+02 2.000000e+02
2.749004e+02 2.000000e+02
2.000000e+02 2.000000e+02
2.149204e+10 7.173067e+09
7.404549e+04 3.563822e+04
6.804980e+04 3.589186e+04
8.814149e+03 7.903440e+03
7.435243e+03 7.418038e+03
7.407637e+03 7.406126e+03
7.404894e+03 7.395474e+03
7.328784e+03 7.273304e+03
7.172100e+03 6.524883e+03
4.561368e+03 4.031961e+03
3.490203e+03 3.443926e+03
3.381540e+03 3.379835e+03
3.377925e+03 3.373061e+03
3.381587e+03 3.336693e+03
3.203535e+03 2.959674e+03
2.669016e+03 2.542058e+03
2.456981e+03 2.454600e+03
2.454291e+03 2.450932e+03
2.450464e+03 2.439357e+03
2.398226e+03 2.340046e+03
2.179612e+03 2.162973e+03
2.140773e+03 2.139696e+03
2.137888e+03 2.136578e+03
2.131865e+03 2.121382e+03
2.115408e+03 2.044089e+03
1.875261e+03 1.851828e+03
1.819907e+03 1.815953e+03
1.815418e+03 1.810733e+03
1.808525e+03 1.791239e+03
1.702919e+03 1.599470e+03
1.512672e+03 1.508859e+03
1.505270e+03 1.503891e+03
1.500299e+03 1.492874e+03
1.467383e+03 1.441474e+03
1.412739e+03 1.411614e+03
1.409531e+03 1.408422e+03
1.399898e+03 1.391550e+03
1.377264e+03 1.370741e+03
1.357018e+03 1.343605e+03
1.319183e+03 1.318177e+03
1.316813e+03 1.311806e+03
1.296078e+03 1.285291e+03
1.270036e+03 1.269392e+03
1.266933e+03 1.264988e+03
1.253409e+03 1.229977e+03
1.202457e+03 1.195813e+03
1.192774e+03 1.188046e+03
1.180824e+03 1.154483e+03
1.111724e+03 1.108467e+03
1.104650e+03 1.101714e+03
1.079318e+03 1.067432e+03
1.053059e+03 1.048239e+03
1.044709e+03 1.040835e+03
1.739131e+07 7.101200e+06
2.167306e+05 6.307237e+04
7.155573e+03 4.595346e+03
2.469734e+03 2.267529e+03
1.653223e+03 1.615140e+03
1.354131e+03 1.338973e+03
1.231861e+03 1.224586e+03
1.146732e+03 1.139530e+03
1.091278e+03 1.089662e+03
1.071104e+03 1.070122e+03
1.056068e+03 1.055301e+03
1.042464e+03 1.041579e+03
1.036296e+03 1.036079e+03
1.033042e+03 1.032855e+03
1.029745e+03 1.029565e+03
1.024749e+03 1.024620e+03
1.023386e+03 1.023323e+03
1.022320e+03 1.022244e+03
1.020360e+03 1.020021e+03
1.014408e+03 1.014186e+03
1.003138e+03 1.001492e+03
9.769641e+02 9.760639e+02
9.621384e+02 9.617921e+02
9.543420e+02 9.540515e+02
9.512538e+02 9.511580e+02
9.504509e+02 9.503856e+02
9.498694e+02 9.498308e+02
9.478526e+02 9.475672e+02
9.415792e+02 9.413568e+02
9.391988e+02 9.391406e+02
9.380938e+02 9.380674e+02
9.378147e+02 9.378083e+02
9.373822e+02 9.373642e+02
9.345696e+02 9.337568e+02
8.149119e+02 8.125901e+02
7.767920e+02 7.765242e+02
7.677529e+02 7.675863e+02
7.635913e+02 7.635384e+02
7.625986e+02 7.625642e+02
7.600999e+02 7.600543e+02
7.591382e+02 7.591337e+02
7.583927e+02 7.583894e+02
7.579096e+02 7.579078e+02
7.578825e+02 7.578818e+02
5.068073e+02 2.000000e+02
4.231324e+02 2.000000e+02
2.000000e+02 2.000000e+02
2.000000e+02 2.000000e+02
2.057283e+10 7.052649e+09
9.034026e+04 4.193399e+04
8.116223e+04 3.488290e+04
8.839176e+03 7.543721e+03
6.808356e+03 6.779680e+03
6.759264e+03 6.757788e+03
6.756361e+03 6.751396e+03
6.764012e+03 6.704158e+03
6.471927e+03 6.164176e+03
5.529924e+03 4.936908e+03
4.061456e+03 4.032600e+03
4.063803e+03 4.023863e+03
4.058004e+03 4.021774e+03
4.031243e+03 4.012107e+03
3.977609e+03 3.917757e+03
3.790330e+03 3.593668e+03
3.290981e+03 3.109690e+03
2.717240e+03 2.662485e+03
2.644647e+03 2.617366e+03
2.636127e+03 2.615725e+03
2.631578e+03 2.613788e+03
2.607573e+03 2.587325e+03
2.517630e+03 2.495986e+03
2.403684e+03 2.352526e+03
2.225008e+03 2.214587e+03
2.203325e+03 2.201600e+03
2.198624e+03 2.190542e+03
2.140206e+03 2.051931e+03
1.824453e+03 1.730940e+03
1.665289e+03 1.662253e+03
1.657583e+03 1.656177e+03
1.654048e+03 1.647350e+03
1.602115e+03 1.570584e+03
1.478267e+03 1.464179e+03
1.449288e+03 1.448231e+03
1.447149e+03 1.445151e+03
1.441405e+03 1.429636e+03
1.385417e+03 1.378990e+03
1.371244e+03 1.369279e+03
1.365394e+03 1.359340e+03
1.330712e+03 1.318246e+03
1.300483e+03 1.297382e+03
1.296495e+03 1.293743e+03
1.281072e+03 1.271696e+03
1.235316e+03 1.229007e+03
1.217695e+03 1.213964e+03
1.203288e+03 1.192077e+03
1.159698e+03 1.151688e+03
1.147211e+03 1.143166e+03
1.142449e+03 1.131613e+03
1.115286e+03 1.104416e+03
1.084204e+03 1.081987e+03
1.073931e+03 1.069743e+03
2.301895e+07 7.731121e+06
2.538252e+05 1.059585e+05
9.810710e+03 7.185270e+03
2.648637e+03 2.355070e+03
1.679285e+03 1.635865e+03
1.339575e+03 1.327456e+03
1.271251e+03 1.266837e+03
1.197918e+03 1.193758e+03
1.154617e+03 1.152138e+03
1.116909e+03 1.114801e+03
1.093622e+03 1.092815e+03
1.083534e+03 1.083152e+03
1.076759e+03 1.076356e+03
1.071588e+03 1.071396e+03
1.068768e+03 1.068548e+03
1.063663e+03 1.063264e+03
1.059729e+03 1.059458e+03
1.055472e+03 1.055175e+03
1.047170e+03 1.046825e+03
1.027921e+03 1.027223e+03
1.024150e+03 1.024018e+03
1.020873e+03 1.020637e+03
1.011715e+03 1.011396e+03
1.002108e+03 1.001939e+03
9.966841e+02 9.961969e+02
9.767948e+02 9.762237e+02
9.724894e+02 9.723301e+02
9.698509e+02 9.696721e+02
9.593224e+02 9.584361e+02
9.344065e+02 9.319869e+02
8.844919e+02 8.810477e+02
8.608586e+02 8.600539e+02
8.486393e+02 8.483299e+02
8.454875e+02 8.454153e+02
8.441533e+02 8.440701e+02
8.309961e+02 8.303884e+02
8.243731e+02 8.243465e+02
8.207212e+02 8.204678e+02
8.182097e+02 8.181565e+02
8.161037e+02 8.160911e+02
8.152410e+02 8.152053e+02
8.073393e+02 8.073359e+02
8.069592e+02 8.069154e+02
8.042373e+02 8.042355e+02
5.322557e+02 2.000000e+02
4.416382e+02 2.000000e+02
2.000000e+02 2.000000e+02
2.000000e+02 2.000000e+02
2.078421e+10 6.891841e+09
7.870357e+04 4.139727e+04
6.907695e+04 3.371204e+04
8.308587e+03 7.183094e+03
6.315247e+03 6.289028e+03
6.262858e+03 6.261601e+03
6.260296e+03 6.255471e+03
6.232306e+03 6.195757e+03
6.198517e+03 5.700700e+03
4.275865e+03 4.052942e+03
3.817046e+03 3.807123e+03
3.796689e+03 3.795412e+03
3.794917e+03 3.790718e+03
3.800206e+03 3.767108e+03
3.666325e+03 3.525696e+03
2.924169e+03 2.767953e+03
2.582813e+03 2.573801e+03
2.569434e+03 2.568744e+03
2.571034e+03 2.566185e+03
2.562538e+03 2.536928e+03
2.432569e+03 2.302359e+03
2.146361e+03 2.137274e+03
2.128948e+03 2.128405e+03
2.128154e+03 2.123239e+03
2.090833e+03 2.042175e+03
1.768596e+03 1.685347e+03
1.627083e+03 1.614177e+03
1.629825e+03 1.610294e+03
1.619872e+03 1.604156e+03
1.559838e+03 1.531862e+03
1.471518e+03 1.466633e+03
1.462642e+03 1.461876e+03
1.459964e+03 1.456026e+03
1.452476e+03 1.419702e+03
1.368982e+03 1.364075e+03
1.359569e+03 1.358343e+03
1.359026e+03 1.344248e+03
1.299488e+03 1.282654e+03
1.266003e+03 1.265046e+03
1.266531e+03 1.259028e+03
1.234229e+03 1.221990e+03
1.198148e+03 1.197192e+03
1.194263e+03 1.190203e+03
1.168012e+03 1.158774e+03
1.145122e+03 1.142561e+03
1.141597e+03 1.136831e+03
1.126125e+03 1.120361e+03
1.116487e+03 1.114193e+03
1.109057e+03 1.105460e+03
1.494319e+07 1.072120e+03
1.034067e+07 1.050482e+03
1.045500e+03 1.038752e+03
1.022226e+03 1.016716e+03
1.464596e+07 6.509219e+06
1.414717e+05 6.968056e+04
6.488638e+03 4.922352e+03
1.984660e+03 1.881450e+03
1.485354e+03 1.461594e+03
1.325592e+03 1.317248e+03
1.196773e+03 1.189122e+03
1.138266e+03 1.134810e+03
1.098690e+03 1.096227e+03
1.064855e+03 1.062228e+03
1.006210e+03 1.004373e+03
9.888279e+02 9.875011e+02
9.748245e+02 9.744363e+02
9.709401e+02 9.707874e+02
9.687759e+02 9.686415e+02
9.667968e+02 9.667063e+02
9.630527e+02 9.628775e+02
9.572362e+02 9.568161e+02
9.534194e+02 9.533377e+02
9.525307e+02 9.524929e+02
9.519284e+02 9.519070e+02
9.512715e+02 9.512133e+02
9.506594e+02 9.506221e+02
9.487109e+02 9.486626e+02
9.475237e+02 9.475052e+02
9.467944e+02 9.464398e+02
9.439316e+02 9.438711e+02
9.425173e+02 9.424203e+02
9.415982e+02 9.415757e+02
9.411477e+02 9.411036e+02
9.377837e+02 9.376724e+02
9.354678e+02 9.354014e+02
9.318841e+02 9.315353e+02
8.920058e+02 8.767727e+02
7.711854e+02 7.696648e+02
7.546426e+02 7.544511e+02
7.530651e+02 7.530536e+02
7.526954e+02 7.526918e+02
7.526252e+02 7.526249e+02
7.524595e+02 7.524580e+02
7.524381e+02 7.524378e+02
7.524341e+02 7.524340e+02
7.523898e+02 7.523869e+02
7.484751e+02 7.484676e+02
5.563013e+02 2.000000e+02
4.923487e+02 2.000000e+02
3.218114e+02 2.000000e+02
2.000000e+02 2.000000e+02
2.088248e+10 9.566119e+09
9.555488e+04 4.001025e+04
7.964469e+04 3.813206e+04
1.012389e+04 8.599929e+03
6.890844e+03 6.842661e+03
6.815464e+03 6.813496e+03
6.811887e+03 6.808207e+03
6.809482e+03 6.763690e+03
6.678771e+03 6.376441e+03
5.054764e+03 4.638007e+03
3.809149e+03 3.723004e+03
3.678607e+03 3.675216e+03
3.673053e+03 3.670700e+03
3.686229e+03 3.648498e+03
3.636964e+03 3.439581e+03
2.931777e+03 2.878002e+03
2.816767e+03 2.814972e+03
2.812559e+03 2.811603e+03
2.818419e+03 2.803536e+03
2.748011e+03 2.675283e+03
2.326253e+03 2.249682e+03
2.147873e+03 2.139426e+03
2.132667e+03 2.132039e+03
2.129270e+03 2.118109e+03
2.073299e+03 2.014250e+03
1.885267e+03 1.881298e+03
1.876628e+03 1.875197e+03
1.874009e+03 1.863943e+03
1.796737e+03 1.751554e+03
1.640178e+03 1.623496e+03
1.609704e+03 1.608430e+03
1.605835e+03 1.602875e+03
1.590802e+03 1.562141e+03
1.486232e+03 1.471031e+03
1.452473e+03 1.451875e+03
1.590315e+06 1.447475e+03
1.265607e+07 1.411999e+03
2.134746e+07 1.393594e+03
2.925266e+07 1.390392e+03
2.136831e+07 1.382738e+03
1.365353e+03 1.357958e+03
1.354811e+03 1.348594e+03
1.340564e+03 1.336099e+03
1.330174e+03 1.326771e+03
1.306912e+03 1.300931e+03
1.283488e+03 1.281185e+03
1.277705e+03 1.275312e+03
1.270774e+03 1.254934e+03
1.188822e+03 1.176332e+03
1.158368e+03 1.156314e+03
1.150643e+03 1.145025e+03
1.118784e+03 1.115044e+03
1.109344e+03 1.103375e+03
1.360014e+07 4.711598e+06
1.399523e+05 5.059020e+04
6.027184e+03 4.436410e+03
1.655026e+03 1.552692e+03
1.241525e+03 1.227413e+03
1.141097e+03 1.137363e+03
1.101944e+03 1.099470e+03
1.070881e+03 1.069450e+03
1.046638e+03 1.045723e+03
1.031125e+03 1.030009e+03
1.003758e+03 1.002666e+03
9.945177e+02 9.941301e+02
9.881106e+02 9.875644e+02
9.559942e+02 9.547538e+02
9.443356e+02 9.438694e+02
9.299494e+02 9.293923e+02
9.123771e+02 9.119136e+02
8.999728e+02 8.990657e+02
8.807955e+02 8.796645e+02
8.617654e+02 8.611380e+02
8.507054e+02 8.503184e+02
8.477332e+02 8.475952e+02
8.382750e+02 8.376729e+02
8.302652e+02 8.301101e+02
8.274671e+02 8.271631e+02
8.220809e+02 8.218722e+02
8.185038e+02 8.183310e+02
8.174550e+02 8.174241e+02
8.170068e+02 8.169814e+02
8.157713e+02 8.157157e+02
8.149126e+02 8.148918e+02
8.146713e+02 8.146639e+02
8.140989e+02 8.140734e+02
8.137889e+02 8.137810e+02
8.135567e+02 8.135439e+02
8.126195e+02 8.126021e+02
8.122196e+02 8.122070e+02
8.113529e+02 8.113490e+02
8.111632e+02 8.111586e+02
8.111189e+02 8.111178e+02
8.111028e+02 8.111025e+02
8.110888e+02 8.110885e+02
8.109072e+02 8.109051e+02
8.107154e+02 8.107128e+02
5.357875e+02 2.000000e+02
4.442082e+02 2.000000e+02
2.000000e+02 2.000000e+02
2.000000e+02 2.000000e+02
2.074582e+10 8.226589e+09
8.084701e+04 4.430099e+04
6.849650e+04 2.635197e+04
8.000217e+03 7.516734e+03
7.084429e+03 7.035842e+03
7.001563e+03 6.998762e+03
6.995276e+03 6.990110e+03
6.984971e+03 6.923212e+03
6.657252e+03 6.304448e+03
5.357766e+03 4.947280e+03
4.294919e+03 4.265524e+03
4.238573e+03 4.236426e+03
4.231417e+03 4.225498e+03
4.224426e+03 4.141884e+03
3.945910e+03 3.655639e+03
3.095017e+03 3.055890e+03
3.014021e+03 3.012489e+03
3.011188e+03 3.009092e+03
2.994981e+03 2.984459e+03
2.969254e+03 2.804837e+03
2.443067e+03 2.396402e+03
2.336682e+03 2.329662e+03
2.331717e+03 2.325188e+03
2.323943e+03 2.316864e+03
2.292028e+03 2.242191e+03
2.021709e+03 1.972764e+03
1.927848e+03 1.926129e+03
1.923680e+03 1.921371e+03
1.924500e+03 1.906109e+03
1.796655e+03 1.747287e+03
1.676338e+03 1.667352e+03
1.654557e+03 1.653654e+03
1.654309e+03 1.646503e+03
1.608827e+03 1.561826e+03
1.479860e+03 1.475039e+03
1.470122e+03 1.468992e+03
1.463821e+03 1.461312e+03
1.455929e+03 1.419923e+03
1.368799e+03 1.366748e+03
1.364399e+03 1.363520e+03
1.363766e+03 1.357981e+03
1.347934e+03 1.338931e+03
1.342072e+03 1.332169e+03
1.335078e+03 1.328094e+03
1.322408e+03 1.317103e+03
1.304955e+03 1.284516e+03
1.235386e+03 1.233469e+03
1.228976e+03 1.225804e+03
1.209510e+03 1.188319e+03
1.146163e+03 1.141830e+03
1.133821e+03 1.128974e+03
1.112439e+03 1.095018e+03
1.067735e+03 1.062407e+03
1.569672e+07 7.304296e+06
1.922198e+05 8.614423e+04
7.841154e+03 5.282934e+03
2.804663e+03 2.568234e+03
1.504804e+03 1.475049e+03
1.223391e+03 1.211709e+03
1.133354e+03 1.128923e+03
1.081747e+03 1.078460e+03
1.052811e+03 1.051175e+03
1.033591e+03 1.032450e+03
1.018589e+03 1.017414e+03
1.003655e+03 1.003083e+03
9.959383e+02 9.957009e+02
9.925977e+02 9.923878e+02
9.887593e+02 9.884642e+02
9.664448e+02 9.643606e+02
9.500418e+02 9.495751e+02
9.415965e+02 9.411563e+02
9.365051e+02 9.359770e+02
9.284025e+02 9.280457e+02
9.167697e+02 9.162459e+02
9.051820e+02 9.050096e+02
9.020215e+02 9.019520e+02
9.005925e+02 9.005409e+02
8.977597e+02 8.973263e+02
8.901227e+02 8.898443e+02
8.868128e+02 8.866247e+02
8.841943e+02 8.840630e+02
8.787562e+02 8.783816e+02
8.752960e+02 8.752407e+02
8.744636e+02 8.744107e+02
8.738786e+02 8.738627e+02
8.736387e+02 8.736281e+02
8.734024e+02 8.733945e+02
8.732882e+02 8.732862e+02
8.732343e+02 8.732314e+02
8.726977e+02 8.725800e+02
8.708633e+02 8.708414e+02
8.704346e+02 8.704276e+02
8.701941e+02 8.701845e+02
8.698115e+02 8.698018e+02
8.696987e+02 8.696979e+02
8.691744e+02 8.691726e+02
8.691050e+02 8.691048e+02
6.014495e+02 2.000000e+02
5.122365e+02 2.000000e+02
2.743418e+02 2.000000e+02
2.000000e+02 2.000000e+02
2.070988e+10 8.403853e+09
6.813833e+04 3.186529e+04
6.192711e+04 2.614008e+04
8.475709e+03 7.468747e+03
6.770334e+03 6.743651e+03
6.725341e+03 6.722374e+03
6.718331e+03 6.713528e+03
6.691836e+03 6.651375e+03
6.758627e+03 6.111449e+03
5.032903e+03 4.620385e+03
4.182489e+03 4.156297e+03
4.141286e+03 4.138924e+03
4.133355e+03 4.121910e+03
4.127522e+03 3.977765e+03
3.433180e+03 3.177471e+03
2.736758e+03 2.694080e+03
2.653566e+03 2.652569e+03
2.650531e+03 2.649226e+03
2.647930e+03 2.636675e+03
3.174121e+06 2.470918e+03
3.900784e+06 2.112072e+03
1.300399e+07 1.911123e+03
1.821581e+07 1.905531e+03
7.821338e+06 1.899475e+03
1.882204e+03 1.871786e+03
1.840645e+03 1.804171e+03
1.694932e+03 1.681809e+03
1.666477e+03 1.665869e+03
1.664906e+03 1.661543e+03
1.660950e+03 1.611066e+03
1.462938e+03 1.429520e+03
1.404970e+03 1.404373e+03
1.403298e+03 1.401677e+03
1.396571e+03 1.386206e+03
1.356318e+03 1.350933e+03
1.346766e+03 1.344572e+03
1.346442e+03 1.341750e+03
1.326615e+03 1.313008e+03
1.281349e+03 1.277416e+03
1.272516e+03 1.271880e+03
1.268149e+03 1.262143e+03
1.232562e+03 1.223782e+03
1.215451e+03 1.212431e+03
1.209977e+03 1.205072e+03
1.194011e+03 1.178263e+03
1.147953e+03 1.145087e+03
1.139902e+03 1.132603e+03
1.113285e+03 1.091179e+03
1.054470e+03 1.051596e+03
1.052541e+03 1.036013e+03
9.999728e+02 9.942116e+02
9.877730e+02 9.836504e+02
9.745364e+02 9.669410e+02
1.194900e+07 6.310424e+06
1.387666e+05 5.821454e+04
4.969467e+03 3.276607e+03
1.478648e+03 1.381379e+03
1.092354e+03 1.083165e+03
1.018283e+03 1.015149e+03
9.882051e+02 9.845093e+02
9.664687e+02 9.651930e+02
9.538338e+02 9.532002e+02
9.421267e+02 9.408599e+02
9.267481e+02 9.260896e+02
9.159065e+02 9.151450e+02
9.098133e+02 9.095009e+02
9.055037e+02 9.050901e+02
9.012733e+02 9.010175e+02
8.922874e+02 8.912606e+02
8.672608e+02 8.652639e+02
8.286758e+02 8.278469e+02
8.111911e+02 8.102922e+02
8.018248e+02 8.016423e+02
7.988320e+02 7.986876e+02
7.966027e+02 7.964690e+02
7.932365e+02 7.931286e+02
7.918425e+02 7.917774e+02
7.903103e+02 7.902400e+02
7.894653e+02 7.894146e+02
7.886286e+02 7.885993e+02
7.832300e+02 7.805546e+02
7.632445e+02 7.627689e+02
7.586885e+02 7.583490e+02
7.516453e+02 7.515597e+02
7.506680e+02 7.506406e+02
7.504819e+02 7.504789e+02
7.504324e+02 7.504279e+02
7.503913e+02 7.503900e+02
7.502974e+02 7.502810e+02
7.500757e+02 7.500690e+02
7.499894e+02 7.499846e+02
7.497253e+02 7.497156e+02
7.495089e+02 7.495062e+02
7.492578e+02 7.492370e+02
7.489200e+02 7.489173e+02
7.488929e+02 7.488926e+02
7.484075e+02 7.483656e+02
5.552292e+02 2.000000e+02
4.914471e+02 2.000000e+02
3.214319e+02 2.000000e+02
2.000000e+02 2.000000e+02
2.024826e+10 8.210993e+09
7.318717e+04 3.424110e+04
6.798987e+04 3.139689e+04
8.528729e+03 7.440501e+03
6.979006e+03 6.964960e+03
6.953185e+03 6.949961e+03
6.949600e+03 6.937558e+03
6.888938e+03 6.814731e+03
6.633472e+03 5.850400e+03
4.821897e+03 4.628098e+03
4.433936e+03 4.421773e+03
4.412010e+03 4.410008e+03
4.407074e+03 4.394767e+03
4.385368e+03 4.218630e+03
3.882470e+03 3.334462e+03
2.848616e+03 2.831689e+03
2.814497e+03 2.813824e+03
2.812808e+03 2.811535e+03
2.810599e+03 2.791856e+03
2.670578e+03 2.547055e+03
2.251391e+03 2.140961e+03
2.066474e+03 2.064001e+03
2.060931e+03 2.059799e+03
2.059236e+03 2.048574e+03
2.068091e+03 1.930725e+03
1.691694e+03 1.670790e+03
1.646940e+03 1.646282e+03
1.644848e+03 1.643398e+03
1.645469e+03 1.624771e+03
1.533947e+03 1.521399e+03
1.505300e+03 1.502550e+03
1.504810e+03 1.501373e+03
1.504719e+03 1.494850e+03
1.467247e+03 1.454358e+03
7.906689e+06 1.426288e+03
1.345238e+07 1.422948e+03
1.600390e+06 1.411902e+03
1.357287e+03 1.348791e+03
1.337660e+03 1.335509e+03
1.334584e+03 1.330654e+03
1.317661e+03 1.292246e+03
1.249302e+03 1.242668e+03
1.237766e+03 1.233220e+03
1.224605e+03 1.203972e+03
1.097551e+03 1.073438e+03
1.045843e+03 1.043408e+03
1.031711e+03 1.020488e+03
9.914943e+02 9.845492e+02
9.848549e+02 9.792512e+02
9.787848e+02 9.726492e+02
9.627474e+02 9.553925e+02
9.444302e+02 9.383017e+02
9.292614e+02 9.230391e+02
1.772610e+07 7.375242e+06
2.155700e+05 1.079050e+05
7.745280e+03 5.405905e+03
2.589518e+03 2.382053e+03
1.609694e+03 1.579083e+03
1.232389e+03 1.205296e+03
1.067471e+03 1.060233e+03
9.963532e+02 9.931929e+02
9.619333e+02 9.604925e+02
9.376530e+02 9.360676e+02
9.137869e+02 9.121864e+02
9.023084e+02 9.013851e+02
8.889799e+02 8.883619e+02
8.743572e+02 8.721975e+02
8.476764e+02 8.468686e+02
8.366094e+02 8.361292e+02
8.293340e+02 8.290861e+02
8.265379e+02 8.263317e+02
8.189625e+02 8.185528e+02
8.129625e+02 8.127348e+02
8.107653e+02 8.106153e+02
8.041770e+02 8.040079e+02
7.992345e+02 7.989223e+02
7.968717e+02 7.967909e+02
7.868163e+02 7.864497e+02
7.802660e+02 7.801815e+02
7.789556e+02 7.788959e+02
7.779290e+02 7.778527e+02
7.751362e+02 7.749425e+02
7.737658e+02 7.737251e+02
7.734178e+02 7.734085e+02
7.730148e+02 7.730081e+02
7.729585e+02 7.729563e+02
7.729197e+02 7.729188e+02
7.729065e+02 7.729063e+02
7.729016e+02 7.729011e+02
7.728819e+02 7.728814e+02
7.728709e+02 7.728708e+02
7.728630e+02 7.728624e+02
7.728533e+02 7.728532e+02
7.728404e+02 7.728397e+02
7.725887e+02 7.725876e+02
7.725762e+02 7.725761e+02
7.725616e+02 7.725596e+02
5.721002e+02 2.000000e+02
5.053126e+02 2.000000e+02
3.272135e+02 2.000000e+02
2.000000e+02 2.000000e+02
2.116513e+10 8.639908e+09
8.354221e+04 4.039698e+04
7.489464e+04 3.811851e+04
7.965045e+03 7.539768e+03
7.246178e+03 7.236483e+03
7.225589e+03 7.224460e+03
7.226234e+03 7.205887e+03
7.167584e+03 6.902282e+03
6.515646e+03 5.912361e+03
4.807961e+03 4.746609e+03
4.698491e+03 4.696808e+03
4.693382e+03 4.690977e+03
4.681355e+03 4.647877e+03
4.593049e+03 4.305137e+03
3.512900e+03 3.370504e+03
3.281397e+03 3.274959e+03
3.267083e+03 3.265619e+03
3.259672e+03 3.251155e+03
3.325289e+03 3.138044e+03
2.572355e+03 2.471940e+03
2.303141e+03 2.292297e+03
2.286170e+03 2.285226e+03
2.286056e+03 2.280485e+03
2.269032e+03 2.225689e+03
2.110282e+03 1.967025e+03
1.807461e+03 1.799203e+03
1.793454e+03 1.792403e+03
1.788903e+03 1.783811e+03
6.833934e+06 1.702362e+03
1.770561e+07 1.511107e+03
2.654518e+07 1.492954e+03
1.755241e+07 1.488848e+03
1.112360e+06 1.475385e+03
1.463160e+03 1.450274e+03
1.409556e+03 1.397949e+03
1.377591e+03 1.376485e+03
1.375429e+03 1.371630e+03
1.359007e+03 1.344288e+03
1.300726e+03 1.288279e+03
1.279930e+03 1.275563e+03
1.276987e+03 1.273359e+03
1.269590e+03 1.257698e+03
1.221013e+03 1.207434e+03
1.188384e+03 1.186830e+03
1.185042e+03 1.181144e+03
1.172836e+03 1.154763e+03
1.150539e+03 1.135723e+03
1.154562e+03 1.129047e+03
1.111585e+03 1.105917e+03
1.091412e+03 1.085890e+03
1.067767e+03 1.061710e+03
1.053326e+03 1.049543e+03
1.032752e+03 1.022138e+03
1.809579e+07 7.940882e+06
1.982489e+05 9.751597e+04
6.283743e+03 4.299916e+03
2.437345e+03 2.315332e+03
1.744082e+03 1.717269e+03
1.426202e+03 1.398636e+03
1.256326e+03 1.250944e+03
1.186988e+03 1.181861e+03
1.123258e+03 1.120336e+03
1.093192e+03 1.091990e+03
1.074488e+03 1.073181e+03
1.014672e+03 1.012246e+03
9.793705e+02 9.777144e+02
9.538218e+02 9.532589e+02
9.395752e+02 9.384368e+02
9.282882e+02 9.280412e+02
9.257537e+02 9.256652e+02
9.246528e+02 9.245976e+02
9.165991e+02 9.156504e+02
8.734263e+02 8.719288e+02
8.515488e+02 8.509216e+02
8.127297e+02 8.113755e+02
7.922345e+02 7.918359e+02
7.686071e+02 7.677926e+02
7.574052e+02 7.572236e+02
7.554642e+02 7.553923e+02
7.545863e+02 7.545470e+02
7.536564e+02 7.536183e+02
7.530621e+02 7.530473e+02
7.523618e+02 7.523406e+02
7.521087e+02 7.521046e+02
7.520602e+02 7.520576e+02
7.520363e+02 7.520346e+02
7.517053e+02 7.517025e+02
7.516412e+02 7.516400e+02
7.515945e+02 7.515933e+02
7.514783e+02 7.514726e+02
7.508412e+02 7.507460e+02
7.498146e+02 7.498091e+02
7.495922e+02 7.495875e+02
7.495479e+02 7.495476e+02
7.495267e+02 7.495262e+02
7.494761e+02 7.494714e+02
7.491908e+02 7.491897e+02
5.020366e+02 2.000000e+02
4.196626e+02 2.000000e+02
2.000000e+02 2.000000e+02
2.000000e+02 2.000000e+02
2.067718e+10 6.534596e+09
8.075264e+04 3.532981e+04
7.066436e+04 3.757521e+04
9.534952e+03 8.469196e+03
7.276624e+03 7.229051e+03
7.200943e+03 7.197967e+03
7.195015e+03 7.187657e+03
7.163189e+03 7.117025e+03
7.037620e+03 6.522907e+03
4.935758e+03 4.542732e+03
3.886913e+03 3.819754e+03
3.772382e+03 3.768344e+03
3.767453e+03 3.759084e+03
3.726205e+03 3.655382e+03
3.375243e+03 2.989955e+03
8.490399e+06 2.313705e+03
1.690106e+07 2.196222e+03
2.253625e+07 2.186081e+03
2.189360e+07 2.166791e+03
2.121413e+03 2.108716e+03
2.098313e+03 2.097415e+03
2.098898e+03 2.089946e+03
2.072135e+03 2.025220e+03
1.893791e+03 1.880431e+03
1.874722e+03 1.868365e+03
1.875574e+03 1.864719e+03
1.840937e+03 1.818442e+03
1.708268e+03 1.679295e+03
1.655424e+03 1.654946e+03
1.654243e+03 1.652484e+03
1.644466e+03 1.632547e+03
1.579027e+03 1.541873e+03
1.507719e+03 1.506082e+03
1.504690e+03 1.502140e+03
1.494026e+03 1.480700e+03
1.429048e+03 1.403547e+03
1.385859e+03 1.383994e+03
1.382202e+03 1.379844e+03
1.370028e+03 1.355247e+03
1.310069e+03 1.305098e+03
1.300536e+03 1.299946e+03
1.300542e+03 1.290708e+03
1.243931e+03 1.226945e+03
1.204719e+03 1.203234e+03
1.201038e+03 1.197731e+03
1.181962e+03 1.171504e+03
1.119071e+03 1.103941e+03
1.089232e+03 1.087141e+03
1.085254e+03 1.079768e+03
1.064065e+03 1.046052e+03
1.020050e+03 1.015911e+03
9.959839e+02 9.849476e+02
9.265062e+02 9.163898e+02
1.620779e+07 6.738515e+06
2.183815e+05 8.475436e+04
5.944731e+03 3.580076e+03
1.366005e+03 1.262755e+03
1.053707e+03 1.044292e+03
9.944347e+02 9.908311e+02
9.648087e+02 9.625302e+02
9.440267e+02 9.424288e+02
9.227521e+02 9.218183e+02
9.088098e+02 9.077436e+02
8.892735e+02 8.882821e+02
8.757943e+02 8.747268e+02
8.566839e+02 8.558725e+02
8.494552e+02 8.492762e+02
8.473335e+02 8.472677e+02
8.463266e+02 8.462842e+02
8.453888e+02 8.453542e+02
8.444824e+02 8.444228e+02
8.413679e+02 8.412503e+02
8.381308e+02 8.380094e+02
8.368022e+02 8.367356e+02
8.352760e+02 8.352540e+02
8.326556e+02 8.324399e+02
8.303879e+02 8.302103e+02
8.250658e+02 8.250135e+02
8.217214e+02 8.216420e+02
8.202944e+02 8.202197e+02
8.192746e+02 8.192412e+02
8.189678e+02 8.189587e+02
8.186920e+02 8.186839e+02
8.185198e+02 8.185030e+02
8.177939e+02 8.177609e+02
8.175274e+02 8.175233e+02
8.173948e+02 8.173756e+02
8.172494e+02 8.172478e+02
8.172167e+02 8.172160e+02
8.171986e+02 8.171982e+02
8.171890e+02 8.171888e+02
8.170414e+02 8.170315e+02
8.146239e+02 8.146034e+02
8.137756e+02 8.137743e+02
8.137361e+02 8.137358e+02
8.136978e+02 8.136976e+02
8.136847e+02 8.136846e+02
5.682096e+02 2.000000e+02
4.863852e+02 2.000000e+02
2.681870e+02 2.000000e+02
2.000000e+02 2.000000e+02
1.993922e+10 7.838500e+09
9.213777e+04 4.740028e+04
7.338110e+04 2.968021e+04
9.286822e+03 8.615427e+03
8.092631e+03 8.069647e+03
8.050288e+03 8.047074e+03
8.043266e+03 8.032033e+03
8.078896e+03 7.880946e+03
7.235997e+03 6.296839e+03
4.329262e+03 3.972295e+03
3.743971e+03 3.732777e+03
3.723580e+03 3.721276e+03
3.718316e+03 3.716395e+03
3.692886e+03 3.674882e+03
3.505059e+03 3.318257e+03
2.885458e+03 2.807794e+03
2.715736e+03 2.714096e+03
2.712956e+03 2.710342e+03
2.725038e+03 2.695506e+03
2.599491e+03 2.476296e+03
2.047878e+03 2.009992e+03
1.964889e+03 1.962533e+03
1.959559e+03 1.956556e+03
1.947654e+03 1.915136e+03
1.861899e+03 1.706115e+03
1.552653e+03 1.539910e+03
1.529838e+03 1.529264e+03
1.530533e+03 1.525672e+03
1.537423e+03 1.490864e+03
1.373612e+03 1.361548e+03
1.347595e+03 1.346867e+03
1.345046e+03 1.343113e+03
1.340553e+03 1.321375e+03
1.557998e+07 1.267659e+03
1.835261e+06 1.262862e+03
9.203278e+05 1.257632e+03
1.235564e+03 1.219218e+03
1.189434e+03 1.187843e+03
1.185976e+03 1.184642e+03
1.181582e+03 1.170990e+03
1.144278e+03 1.138999e+03
1.133770e+03 1.132672e+03
1.131127e+03 1.120015e+03
1.096069e+03 1.090017e+03
1.084238e+03 1.081702e+03
1.075130e+03 1.069717e+03
1.061806e+03 1.054683e+03
1.056653e+03 1.048379e+03
1.049557e+03 1.043742e+03
1.038388e+03 1.031083e+03
1.018225e+03 1.013767e+03
1.010998e+03 1.005189e+03
9.929573e+02 9.871850e+02
1.940952e+07 6.717384e+06
3.156320e+05 1.275786e+05
8.812041e+03 5.806874e+03
2.396960e+03 2.233521e+03
1.623916e+03 1.599506e+03
1.396846e+03 1.387391e+03
1.305158e+03 1.297555e+03
1.236023e+03 1.230418e+03
1.187958e+03 1.185107e+03
1.129056e+03 1.124173e+03
1.086491e+03 1.084109e+03
1.033038e+03 1.029835e+03
1.008812e+03 1.007729e+03
9.936724e+02 9.931522e+02
9.872682e+02 9.869756e+02
9.824086e+02 9.821081e+02
9.768317e+02 9.763861e+02
9.737639e+02 9.736649e+02
9.722475e+02 9.721863e+02
9.709492e+02 9.708655e+02
9.701307e+02 9.700958e+02
9.695000e+02 9.694790e+02
9.691375e+02 9.691149e+02
9.674193e+02 9.673453e+02
9.617876e+02 9.615840e+02
9.596226e+02 9.595428e+02
9.574495e+02 9.573774e+02
9.568496e+02 9.568136e+02
9.562256e+02 9.562007e+02
9.559428e+02 9.559205e+02
9.556095e+02 9.555851e+02
9.551926e+02 9.551844e+02
9.550316e+02 9.550154e+02
9.526251e+02 9.525728e+02
9.467295e+02 9.458141e+02
8.660747e+02 8.608144e+02
7.897375e+02 7.893612e+02
7.780469e+02 7.778172e+02
7.732227e+02 7.731783e+02
7.719830e+02 7.719609e+02
7.709001e+02 7.708872e+02
7.705994e+02 7.705972e+02
7.705459e+02 7.705440e+02
7.705267e+02 7.705264e+02
5.989222e+02 2.000000e+02
5.417199e+02 2.000000e+02
3.898128e+02 2.000000e+02
2.000000e+02 2.000000e+02
2.129947e+10 9.242768e+09
8.849878e+04 4.243266e+04
8.017482e+04 3.493591e+04
7.869680e+03 6.947458e+03
6.478512e+03 6.467275e+03
6.453974e+03 6.452674e+03
6.450680e+03 6.434475e+03
6.367907e+03 6.267158e+03
5.385027e+03 4.975091e+03
3.910145e+03 3.809328e+03
3.670498e+03 3.667017e+03
3.659530e+03 3.658253e+03
3.655664e+03 3.644884e+03
3.605209e+03 3.484634e+03
3.044149e+03 2.845437e+03
2.482901e+03 2.464790e+03
2.445369e+03 2.444869e+03
2.443382e+03 2.442191e+03
2.449316e+03 2.425509e+03
2.292988e+03 2.199666e+03
2.008428e+03 1.951196e+03
1.884761e+03 1.882869e+03
1.880700e+03 1.879621e+03
1.886386e+03 1.870121e+03
1.842058e+03 1.772100e+03
1.533776e+03 1.517781e+03
1.493470e+03 1.493018e+03
1.492220e+03 1.491617e+03
1.492852e+03 1.481772e+03
1.455411e+03 1.430551e+03
1.403659e+03 1.402731e+03
1.401201e+03 1.400749e+03
1.399247e+03 1.393772e+03
1.363677e+03 1.353917e+03
1.338516e+03 1.338008e+03
1.337084e+03 1.336462e+03
1.328426e+03 1.321588e+03
1.290509e+03 1.281666e+03
1.266863e+03 1.266459e+03
1.265279e+03 1.263966e+03
1.254541e+03 1.239860e+03
1.202745e+03 1.186423e+03
1.171872e+03 1.170280e+03
1.175048e+03 1.161977e+03
1.118206e+03 1.107262e+03
1.099075e+03 1.096840e+03
1.093306e+03 1.082988e+03
1.058082e+03 1.054868e+03
1.048470e+03 1.047679e+03
1.050943e+03 1.041952e+03
1.023447e+03 1.021041e+03
1.017659e+03 1.016176e+03
1.009372e+03 1.003972e+03
1.974988e+07 9.430724e+06
2.258420e+05 5.821944e+04
6.769608e+03 4.926142e+03
2.046037e+03 1.923590e+03
1.320730e+03 1.299281e+03
1.172980e+03 1.164288e+03
1.081853e+03 1.075854e+03
1.038204e+03 1.036012e+03
1.017107e+03 1.015966e+03
1.002847e+03 1.002211e+03
9.963459e+02 9.959815e+02
9.919145e+02 9.916769e+02
9.880213e+02 9.878029e+02
9.847582e+02 9.846105e+02
9.826147e+02 9.824991e+02
9.798261e+02 9.795738e+02
9.764025e+02 9.763027e+02
9.744985e+02 9.744376e+02
9.737761e+02 9.737541e+02
9.723769e+02 9.723099e+02
9.708945e+02 9.708354e+02
9.683346e+02 9.682254e+02
9.659667e+02 9.657438e+02
9.621611e+02 9.620235e+02
9.596124e+02 9.594876e+02
9.528188e+02 9.512370e+02
8.695624e+02 8.669939e+02
8.316257e+02 8.308711e+02
8.234494e+02 8.232989e+02
8.216100e+02 8.215581e+02
8.211001e+02 8.210328e+02
8.189745e+02 8.188627e+02
8.172976e+02 8.172466e+02
8.139245e+02 8.137493e+02
8.115911e+02 8.115391e+02
8.093840e+02 8.093703e+02
8.089657e+02 8.089514e+02
8.087203e+02 8.087166e+02
8.086799e+02 8.086793e+02
8.086616e+02 8.086613e+02
8.086538e+02 8.086537e+02
8.086477e+02 8.086477e+02
8.070867e+02 8.069832e+02
8.061495e+02 8.061474e+02
5.937405e+02 2.000000e+02
5.230599e+02 2.000000e+02
3.346064e+02 2.000000e+02
2.000000e+02 2.000000e+02
2.014904e+10 8.862948e+09
7.400780e+04 3.888577e+04
6.689810e+04 3.412168e+04
7.997386e+03 7.003772e+03
6.213073e+03 6.189894e+03
6.164591e+03 6.162634e+03
6.157110e+03 6.149120e+03
6.147703e+03 6.047915e+03
5.815385e+03 5.315288e+03
3.998230e+03 3.726140e+03
3.455532e+03 3.436230e+03
3.427851e+03 3.426393e+03
3.423926e+03 3.422115e+03
3.420162e+03 3.397988e+03
3.316892e+03 3.145798e+03
2.681013e+03 2.580459e+03
2.446243e+03 2.440650e+03
2.436440e+03 2.435821e+03
2.435070e+03 2.433386e+03
2.423792e+03 2.404756e+03
2.353842e+03 2.232892e+03
1.949311e+03 1.930452e+03
1.912865e+03 1.912132e+03
1.911145e+03 1.908984e+03
1.901043e+03 1.874672e+03
1.796594e+03 1.724020e+03
1.551210e+03 1.542344e+03
1.533752e+03 1.533018e+03
1.531705e+03 1.528847e+03
1.511687e+03 1.494964e+03
1.433494e+03 1.421012e+03
1.409688e+03 1.409230e+03
1.407232e+03 1.404006e+03
1.398548e+03 1.367333e+03
1.300040e+03 1.296338e+03
1.291958e+03 1.291562e+03
1.292198e+03 1.285645e+03
1.275005e+03 1.262230e+03
1.260765e+03 1.252676e+03
1.251647e+03 1.242385e+03
1.227141e+03 1.221615e+03
1.220115e+03 1.216552e+03
1.217378e+03 1.212585e+03
1.204241e+03 1.199941e+03
1.186662e+03 1.185775e+03
1.183621e+03 1.182339e+03
1.175368e+03 1.171351e+03
1.168955e+03 1.156962e+03
1.141932e+03 1.140608e+03
1.138598e+03 1.131259e+03
1.115789e+03 1.110092e+03
1.107093e+03 1.102420e+03
1.101949e+03 1.095200e+03
1.434716e+07 6.407168e+06
1.469242e+05 4.923531e+04
6.227667e+03 4.439954e+03
2.272883e+03 2.156195e+03
1.693712e+03 1.655727e+03
1.429527e+03 1.411835e+03
1.248394e+03 1.241104e+03
1.165973e+03 1.160824e+03
1.128212e+03 1.126834e+03
1.104160e+03 1.102354e+03
1.078235e+03 1.077408e+03
1.069695e+03 1.069311e+03
1.060524e+03 1.059544e+03
1.045830e+03 1.045399e+03
1.039641e+03 1.039410e+03
1.033141e+03 1.032609e+03
1.025444e+03 1.025200e+03
1.021021e+03 1.020849e+03
1.016406e+03 1.015868e+03
1.001519e+03 1.001390e+03
9.988066e+02 9.987234e+02
9.980373e+02 9.980144e+02
9.974074e+02 9.973243e+02
9.943738e+02 9.942904e+02
9.849750e+02 9.845215e+02
9.775912e+02 9.769089e+02
9.555388e+02 9.551013e+02
9.510875e+02 9.509051e+02
9.307198e+02 9.293402e+02
9.220530e+02 9.217907e+02
9.151666e+02 9.142957e+02
8.273347e+02 8.217552e+02
7.807093e+02 7.798255e+02
7.725485e+02 7.724630e+02
7.708381e+02 7.708138e+02
7.704984e+02 7.704880e+02
7.703618e+02 7.703579e+02
7.694692e+02 7.693886e+02
7.679379e+02 7.679249e+02
7.676972e+02 7.676963e+02
7.676562e+02 7.676552e+02
7.675428e+02 7.675407e+02
7.673260e+02 7.673252e+02
7.673086e+02 7.673085e+02
5.118118e+02 2.000000e+02
4.267719e+02 2.000000e+02
2.000000e+02 2.000000e+02
2.000000e+02 2.000000e+02
2.040693e+10 9.242046e+09
8.704934e+04 4.665970e+04
7.982160e+04 4.177208e+04
9.474392e+03 8.551943e+03
7.628245e+03 7.567294e+03
7.538634e+03 7.536328e+03
7.533200e+03 7.524630e+03
7.495383e+03 7.403185e+03
6.953596e+03 6.390304e+03
4.799952e+03 4.487263e+03
4.138863e+03 4.125189e+03
4.113854e+03 4.112827e+03
4.110565e+03 4.101663e+03
4.074642e+03 3.994023e+03
3.610706e+03 3.392099e+03
2.963299e+03 2.915636e+03
2.848351e+03 2.846331e+03
2.842079e+03 2.840122e+03
2.830943e+03 2.769064e+03
2.539367e+03 2.344345e+03
2.055054e+03 2.038175e+03
2.021386e+03 2.020538e+03
2.019319e+03 2.017636e+03
2.023117e+03 2.004679e+03
1.955765e+03 1.830515e+03
1.637330e+03 1.596089e+03
1.559905e+03 1.559468e+03
1.560528e+03 1.557312e+03
1.563502e+03 1.535131e+03
1.428814e+03 1.386825e+03
1.349122e+03 1.347488e+03
1.345854e+03 1.344764e+03
1.346398e+03 1.332318e+03
1.291896e+03 1.278816e+03
1.266146e+03 1.265689e+03
1.265094e+03 1.264408e+03
1.263851e+03 1.258439e+03
1.240338e+03 1.233475e+03
1.217792e+03 1.217010e+03
1.216604e+03 1.215481e+03
1.213202e+03 1.201172e+03
1.174804e+03 1.160590e+03
1.136160e+03 1.135178e+03
1.134590e+03 1.132726e+03
1.124566e+03 1.113254e+03
1.097610e+03 1.095578e+03
1.095568e+03 1.093646e+03
1.090654e+03 1.087025e+03
1.079861e+03 1.078879e+03
1.076981e+03 1.076174e+03
1.071350e+03 1.066721e+03
1.048824e+03 1.047037e+03
1.043621e+03 1.039645e+03
1.941550e+07 8.039448e+06
2.329342e+05 1.090616e+05
7.124433e+03 4.757467e+03
2.416221e+03 2.252827e+03
1.394082e+03 1.358800e+03
1.166885e+03 1.159020e+03
1.104199e+03 1.101582e+03
1.062569e+03 1.060290e+03
1.035679e+03 1.034550e+03
1.018201e+03 1.016766e+03
1.005790e+03 1.005079e+03
9.972342e+02 9.966065e+02
9.911053e+02 9.908920e+02
9.860586e+02 9.857756e+02
9.799652e+02 9.794284e+02
9.752304e+02 9.748206e+02
9.691382e+02 9.689128e+02
9.636214e+02 9.631842e+02
9.568385e+02 9.566462e+02
9.527645e+02 9.525099e+02
9.433286e+02 9.427747e+02
8.394120e+02 8.366093e+02
8.085048e+02 8.079374e+02
7.968177e+02 7.965943e+02
7.926763e+02 7.925094e+02
7.911295e+02 7.910606e+02
7.898751e+02 7.898112e+02
7.887929e+02 7.887410e+02
7.880734e+02 7.880117e+02
7.856813e+02 7.854780e+02
7.797160e+02 7.796235e+02
7.775114e+02 7.774029e+02
7.760322e+02 7.759752e+02
7.733457e+02 7.732663e+02
7.723360e+02 7.723206e+02
7.703502e+02 7.702489e+02
7.680789e+02 7.680210e+02
7.654970e+02 7.654641e+02
7.645253e+02 7.644987e+02
7.640517e+02 7.640469e+02
7.638938e+02 7.638909e+02
7.638136e+02 7.638132e+02
7.637809e+02 7.637806e+02
7.637698e+02 7.637698e+02
5.100726e+02 2.000000e+02
4.255074e+02 2.000000e+02
2.000000e+02 2.000000e+02
2.000000e+02 2.000000e+02
2.074480e+10 9.548416e+09
7.718300e+04 3.065755e+04
7.076349e+04 3.720436e+04
8.288468e+03 7.257364e+03
6.793648e+03 6.764277e+03
6.742613e+03 6.739875e+03
6.736432e+03 6.728626e+03
6.686269e+03 6.638043e+03
6.332462e+03 5.949858e+03
4.758591e+03 4.446526e+03
4.238453e+03 4.232406e+03
4.225364e+03 4.222014e+03
4.212904e+03 4.189380e+03
4.189390e+03 3.885275e+03
2.937916e+03 2.827200e+03
1.331073e+06 2.645727e+03
2.635250e+03 2.633895e+03
5.319997e+06 2.623611e+03
6.234052e+06 2.545901e+03
1.219586e+07 2.248585e+03
1.933004e+07 2.174647e+03
2.420719e+07 2.166776e+03
2.035943e+07 2.164857e+03
1.600309e+07 2.161314e+03
2.143969e+03 2.132733e+03
2.070106e+03 2.043234e+03
2.009279e+03 1.987853e+03
1.962472e+03 1.951800e+03
1.955499e+03 1.945367e+03
1.945906e+03 1.931555e+03
1.887818e+03 1.872827e+03
1.844797e+03 1.841374e+03
1.833027e+03 1.778338e+03
1.666459e+03 1.656603e+03
1.648636e+03 1.647130e+03
1.645076e+03 1.638059e+03
1.617134e+03 1.560827e+03
1.453203e+03 1.450302e+03
1.445778e+03 1.445350e+03
1.444139e+03 1.438010e+03
1.408287e+03 1.396040e+03
1.373461e+03 1.371187e+03
1.369996e+03 1.367837e+03
1.357809e+03 1.345106e+03
1.313485e+03 1.282065e+03
1.246160e+03 1.244263e+03
1.240796e+03 1.231195e+03
1.202318e+03 1.192366e+03
1.175989e+03 1.174683e+03
1.172514e+03 1.156065e+03
1.116138e+03 1.105243e+03
1.107504e+03 1.099172e+03
1.096789e+03 1.074908e+03
1.763441e+07 7.329985e+06
2.087455e+05 9.634641e+04
8.050133e+03 5.854432e+03
2.426140e+03 2.167041e+03
1.309941e+03 1.286214e+03
1.144385e+03 1.140224e+03
1.117917e+03 1.116597e+03
1.096643e+03 1.094938e+03
1.070187e+03 1.067716e+03
1.035296e+03 1.033246e+03
9.930614e+02 9.916158e+02
9.778827e+02 9.769458e+02
9.641795e+02 9.638120e+02
9.592091e+02 9.589859e+02
9.559599e+02 9.557476e+02
9.394156e+02 9.372096e+02
8.963656e+02 8.947501e+02
8.775099e+02 8.767461e+02
8.557946e+02 8.553391e+02
8.421462e+02 8.416926e+02
8.370745e+02 8.369622e+02
8.354088e+02 8.353095e+02
8.332133e+02 8.331415e+02
8.286068e+02 8.285474e+02
8.267573e+02 8.265139e+02
8.205066e+02 8.201127e+02
8.179759e+02 8.179154e+02
8.175849e+02 8.175713e+02
8.172548e+02 8.172432e+02
8.170159e+02 8.169976e+02
8.167653e+02 8.167559e+02
8.166435e+02 8.166397e+02
8.165697e+02 8.165633e+02
8.164360e+02 8.164311e+02
8.161861e+02 8.161803e+02
8.160416e+02 8.160380e+02
8.159861e+02 8.159851e+02
8.159586e+02 8.159583e+02
8.159113e+02 8.159093e+02
8.137414e+02 8.136904e+02
8.130847e+02 8.130822e+02
8.129913e+02 8.129903e+02
8.129558e+02 8.129556e+02
8.129403e+02 8.129401e+02
6.290514e+02 2.000000e+02
5.677569e+02 2.000000e+02
4.043091e+02 2.000000e+02
2.000000e+02 2.000000e+02
2.042145e+10 6.930139e+09
8.478958e+04 4.618635e+04
7.887107e+04 4.137651e+04
9.871815e+03 9.208073e+03
8.626391e+03 8.606102e+03
8.586826e+03 8.584554e+03
8.586336e+03 8.568772e+03
8.542954e+03 8.415037e+03
7.536409e+03 6.720506e+03
4.766425e+03 4.510331e+03
4.222705e+03 4.212834e+03
4.204565e+03 4.203212e+03
4.204391e+03 4.188867e+03
4.110095e+03 4.000453e+03
3.323172e+03 2.956732e+03
2.522965e+03 2.477586e+03
2.426773e+03 2.426124e+03
2.424998e+03 2.423433e+03
2.419849e+03 2.398559e+03
2.350704e+03 2.219761e+03
1.973761e+03 1.926749e+03
1.876188e+03 1.875594e+03
1.875186e+03 1.874135e+03
1.867952e+03 1.859725e+03
1.772631e+03 1.708344e+03
1.566587e+03 1.558642e+03
1.549341e+03 1.548810e+03
1.546798e+03 1.542984e+03
1.526969e+03 1.484192e+03
1.406993e+03 1.394208e+03
1.385287e+03 1.384594e+03
1.382394e+03 1.379126e+03
1.365985e+03 1.338026e+03
1.294697e+03 1.293184e+03
1.290235e+03 1.289940e+03
1.285900e+03 1.282509e+03
1.258259e+03 1.253077e+03
1.245698e+03 1.243926e+03
1.242437e+03 1.240698e+03
1.236925e+03 1.227756e+03
1.194389e+03 1.191407e+03
1.189449e+03 1.187435e+03
1.184290e+03 1.180204e+03
1.162067e+03 1.155899e+03
1.151541e+03 1.148895e+03
1.146431e+03 1.142867e+03
1.126716e+03 1.122232e+03
1.117466e+03 1.115888e+03
1.118215e+03 1.107083e+03
1.081153e+03 1.078510e+03
1.073501e+03 1.072320e+03
1.067556e+03 1.062902e+03
1.055685e+03 1.052223e+03
1.595548e+07 6.462848e+06
1.588998e+05 9.040555e+04
9.317779e+03 7.203095e+03
3.057436e+03 2.861127e+03
1.840910e+03 1.798696e+03
1.493953e+03 1.473585e+03
1.345154e+03 1.337786e+03
1.258294e+03 1.251960e+03
1.205216e+03 1.202866e+03
1.182588e+03 1.181239e+03
1.164564e+03 1.163688e+03
1.145946e+03 1.144717e+03
1.125763e+03 1.124977e+03
1.117197e+03 1.116881e+03
1.113918e+03 1.113694e+03
1.109072e+03 1.108758e+03
1.100873e+03 1.100200e+03
1.094219e+03 1.093955e+03
1.083958e+03 1.083318e+03
1.078379e+03 1.078176e+03
1.073088e+03 1.072898e+03
1.069298e+03 1.069112e+03
1.067036e+03 1.066887e+03
1.064482e+03 1.064324e+03
1.060442e+03 1.060145e+03
1.054808e+03 1.054565e+03
1.052906e+03 1.052818e+03
1.051290e+03 1.051236e+03
1.050066e+03 1.049961e+03
1.030439e+03 1.021042e+03
9.885167e+02 9.881795e+02
9.839596e+02 9.838841e+02
9.831366e+02 9.831263e+02
9.830495e+02 9.830452e+02
9.825544e+02 9.825512e+02
9.814147e+02 9.814120e+02
9.813568e+02 9.813559e+02
9.809161e+02 9.806959e+02
9.665509e+02 9.665037e+02
9.651670e+02 9.651567e+02
9.648689e+02 9.648574e+02
9.642108e+02 9.641981e+02
9.349703e+02 9.346563e+02
9.297422e+02 9.297327e+02
6.281401e+02 2.000000e+02
5.326768e+02 2.000000e+02
2.791523e+02 2.000000e+02
2.000000e+02 2.000000e+02
2.042376e+10 5.462474e+09
8.338905e+04 3.879535e+04
7.563666e+04 3.394090e+04
8.116651e+03 7.224367e+03
6.556736e+03 6.535387e+03
6.515456e+03 6.513643e+03
6.510183e+03 6.507671e+03
6.507662e+03 6.458378e+03
6.227083e+03 5.972544e+03
5.294114e+03 4.804994e+03
4.334129e+03 4.313374e+03
4.288279e+03 4.286725e+03
4.285468e+03 4.280113e+03
4.318765e+03 4.240827e+03
3.951437e+03 3.663130e+03
3.212178e+03 3.159544e+03
3.111185e+03 3.109251e+03
3.104654e+03 3.102316e+03
3.084856e+03 3.042782e+03
2.840616e+03 2.659413e+03
2.376402e+03 2.356561e+03
2.356359e+03 2.341792e+03
2.355974e+03 2.339460e+03
2.339915e+03 2.327215e+03
2.279358e+03 2.226334e+03
2.009935e+03 1.911124e+03
1.782220e+03 1.767191e+03
1.755880e+03 1.754951e+03
1.750395e+03 1.745918e+03
1.706778e+03 1.662626e+03
1.557793e+03 1.544768e+03
1.531764e+03 1.531057e+03
1.528795e+03 1.526514e+03
1.510493e+03 1.482302e+03
1.422801e+03 1.417389e+03
1.412428e+03 1.411949e+03
1.411171e+03 1.408037e+03
1.384861e+03 1.371489e+03
1.334218e+03 1.331246e+03
1.327065e+03 1.326237e+03
1.320792e+03 1.314725e+03
1.272671e+03 1.261568e+03
1.243647e+03 1.241228e+03
1.239470e+03 1.233394e+03
1.201372e+03 1.184079e+03
1.158810e+03 1.157542e+03
1.156794e+03 1.153501e+03
1.145318e+03 1.130537e+03
1.108146e+03 1.106116e+03
1.102290e+03 1.100186e+03
1.075607e+03 1.068072e+03
1.053956e+03 1.051245e+03
1.050546e+03 1.044545e+03
1.503995e+07 5.500255e+06
2.024192e+05 9.837582e+04
9.635029e+03 6.967051e+03
2.512875e+03 2.333212e+03
1.613523e+03 1.573223e+03
1.297383e+03 1.276191e+03
1.179275e+03 1.174690e+03
1.152891e+03 1.150939e+03
1.132162e+03 1.130814e+03
1.105867e+03 1.104336e+03
1.083801e+03 1.082841e+03
1.068548e+03 1.067177e+03
1.052154e+03 1.051552e+03
1.038020e+03 1.037401e+03
1.019900e+03 1.019237e+03
1.015903e+03 1.015761e+03
1.013943e+03 1.013828e+03
1.012110e+03 1.012003e+03
1.009565e+03 1.009405e+03
1.001627e+03 1.001419e+03
9.980048e+02 9.979516e+02
9.964648e+02 9.962995e+02
9.930937e+02 9.929946e+02
9.857262e+02 9.856230e+02
9.845951e+02 9.845122e+02
9.835615e+02 9.835253e+02
9.832331e+02 9.832216e+02
9.825896e+02 9.825467e+02
9.817990e+02 9.817471e+02
9.765354e+02 9.764619e+02
9.756562e+02 9.756301e+02
9.746141e+02 9.745310e+02
9.732978e+02 9.732369e+02
9.724036e+02 9.723904e+02
9.720384e+02 9.720216e+02
9.718727e+02 9.718689e+02
9.710767e+02 9.710295e+02
9.697731e+02 9.697455e+02
9.692900e+02 9.692712e+02
9.617512e+02 9.615086e+02
9.557624e+02 9.557195e+02
9.514847e+02 9.513724e+02
9.478725e+02 9.478591e+02
9.457670e+02 9.457557e+02
7.195499e+02 2.000000e+02
6.450293e+02 2.000000e+02
4.471342e+02 2.000000e+02
2.000000e+02 2.000000e+02
2.117556e+10 7.566353e+09
7.928068e+04 4.419770e+04
7.326516e+04 3.751634e+04
1.087292e+04 9.506525e+03
8.208253e+03 8.124819e+03
8.073125e+03 8.069722e+03
8.077237e+03 8.064633e+03
8.032167e+03 7.926073e+03
7.782902e+03 7.052406e+03
5.236732e+03 4.577552e+03
3.812028e+03 3.745599e+03
3.681103e+03 3.676154e+03
3.671861e+03 3.670087e+03
3.665800e+03 3.652540e+03
3.537685e+03 3.413396e+03
2.959386e+03 2.783840e+03
2.564431e+03 2.559236e+03
2.555762e+03 2.554816e+03
2.552896e+03 2.540431e+03
2.508729e+03 2.422660e+03
2.107072e+03 2.049650e+03
1.969813e+03 1.967010e+03
1.963494e+03 1.962551e+03
1.950586e+03 1.939852e+03
1.882712e+03 1.790469e+03
1.625495e+03 1.619405e+03
1.611410e+03 1.610768e+03
1.611003e+03 1.606673e+03
1.583642e+03 1.568562e+03
1.511771e+03 1.501938e+03
1.492280e+03 1.491823e+03
1.490240e+03 1.487261e+03
1.474340e+03 1.444275e+03
1.393196e+03 1.384680e+03
1.375325e+03 1.374799e+03
1.373307e+03 1.367720e+03
1.344473e+03 1.330768e+03
1.326336e+03 1.310176e+03
1.319785e+03 1.308633e+03
1.315247e+03 1.304373e+03
1.278344e+03 1.265344e+03
1.238656e+03 1.235605e+03
1.232531e+03 1.229778e+03
1.219708e+03 1.206105e+03
1.160971e+03 1.152864e+03
1.147031e+03 1.144032e+03
1.147112e+03 1.131283e+03
1.096043e+03 1.094210e+03
1.090336e+03 1.089312e+03
1.089214e+03 1.081134e+03
1.069845e+03 1.065115e+03
1.065568e+03 1.060423e+03
1.048809e+03 1.038356e+03
1.453602e+07 6.091966e+06
1.732565e+05 5.769500e+04
6.728740e+03 4.350864e+03
1.679799e+03 1.569620e+03
1.180421e+03 1.170682e+03
1.090863e+03 1.085026e+03
1.035228e+03 1.031864e+03
1.008239e+03 1.006252e+03
9.899082e+02 9.888624e+02
9.751108e+02 9.743203e+02
9.641882e+02 9.633351e+02
9.551112e+02 9.544539e+02
9.470236e+02 9.465963e+02
9.405181e+02 9.400816e+02
9.368504e+02 9.367509e+02
9.345422e+02 9.343202e+02
9.294539e+02 9.293540e+02
9.276739e+02 9.275986e+02
9.270865e+02 9.270714e+02
9.269231e+02 9.269146e+02
9.265933e+02 9.265766e+02
9.256846e+02 9.256720e+02
9.255463e+02 9.255404e+02
9.254396e+02 9.254290e+02
9.200644e+02 9.195127e+02
9.146218e+02 9.141653e+02
8.146076e+02 8.095445e+02
7.783299e+02 7.774357e+02
7.609503e+02 7.599637e+02
7.496004e+02 7.493301e+02
7.452662e+02 7.451352e+02
7.437790e+02 7.437476e+02
7.433801e+02 7.433741e+02
7.431464e+02 7.431414e+02
7.430760e+02 7.430742e+02
7.429993e+02 7.429980e+02
7.429839e+02 7.429836e+02
7.429781e+02 7.429778e+02
7.429737e+02 7.429735e+02
7.422581e+02 7.422064e+02
7.413848e+02 7.413723e+02
7.412187e+02 7.412174e+02
7.405347e+02 7.405261e+02
7.401889e+02 7.401877e+02
5.240892e+02 2.000000e+02
4.520688e+02 2.000000e+02
2.600163e+02 2.000000e+02
2.000000e+02 2.000000e+02
2.022604e+10 8.359555e+09
8.245837e+04 4.317304e+04
7.460133e+04 3.831079e+04
7.954629e+03 7.135049e+03
6.329438e+03 6.305334e+03
6.293468e+03 6.292007e+03
6.290076e+03 6.287787e+03
6.283174e+03 6.251642e+03
6.206670e+03 5.865246e+03
4.859602e+03 4.391098e+03
3.340933e+03 3.291207e+03
3.254066e+03 3.252441e+03
3.249957e+03 3.249006e+03
3.244172e+03 3.231364e+03
3.187287e+03 2.988846e+03
2.672394e+03 2.600912e+03
2.511583e+03 2.502367e+03
2.493663e+03 2.493146e+03
2.493809e+03 2.489734e+03
2.497229e+03 2.459327e+03
2.362025e+03 2.270995e+03
2.115958e+03 2.105321e+03
2.095207e+03 2.093682e+03
2.093025e+03 2.090043e+03
2.084004e+03 2.048169e+03
8.228108e+06 1.794728e+03
2.737719e+07 1.699315e+03
1.746843e+07 1.689269e+03
2.001362e+07 1.682590e+03
8.661745e+05 1.630969e+03
1.579802e+03 1.570084e+03
1.544462e+03 1.529065e+03
1.493071e+03 1.486208e+03
1.478524e+03 1.476612e+03
1.478190e+03 1.464423e+03
1.418557e+03 1.379064e+03
1.296336e+03 1.291269e+03
1.286009e+03 1.285034e+03
1.282418e+03 1.276263e+03
1.225398e+03 1.211107e+03
1.164688e+03 1.162571e+03
1.160614e+03 1.155084e+03
1.135658e+03 1.114183e+03
1.049623e+03 1.038232e+03
1.025768e+03 1.024813e+03
1.023701e+03 1.013023e+03
9.581714e+02 9.488183e+02
9.401634e+02 9.392358e+02
9.367907e+02 9.304959e+02
9.092359e+02 9.038355e+02
9.013500e+02 8.980329e+02
9.032016e+02 8.955582e+02
8.778998e+02 8.743625e+02
1.668877e+07 7.101404e+06
2.182202e+05 9.859212e+04
6.733897e+03 4.011403e+03
2.140836e+03 2.010911e+03
1.421524e+03 1.370234e+03
1.102582e+03 1.093401e+03
1.025890e+03 1.022025e+03
9.869741e+02 9.840717e+02
9.612541e+02 9.602221e+02
9.460148e+02 9.448975e+02
9.296162e+02 9.287089e+02
8.944367e+02 8.927880e+02
8.595139e+02 8.583192e+02
8.436631e+02 8.431137e+02
8.356905e+02 8.354217e+02
8.289202e+02 8.287019e+02
8.252400e+02 8.250374e+02
8.229623e+02 8.228578e+02
8.209844e+02 8.208813e+02
8.187369e+02 8.186712e+02
8.168184e+02 8.167118e+02
8.138419e+02 8.137377e+02
8.125147e+02 8.124818e+02
8.118922e+02 8.118572e+02
8.105595e+02 8.105160e+02
8.101876e+02 8.101767e+02
8.100670e+02 8.100556e+02
8.099597e+02 8.099508e+02
8.098186e+02 8.098139e+02
8.097663e+02 8.097611e+02
8.096203e+02 8.096134e+02
8.095229e+02 8.095122e+02
8.092032e+02 8.091921e+02
8.086592e+02 8.086555e+02
8.086290e+02 8.086287e+02
8.086223e+02 8.086221e+02
8.086179e+02 8.086178e+02
8.086152e+02 8.086152e+02
8.086141e+02 8.086140e+02
8.086137e+02 8.086137e+02
8.086126e+02 8.086123e+02
8.085682e+02 8.085680e+02
8.085467e+02 8.085463e+02
8.085287e+02 8.085284e+02
5.651062e+02 2.000000e+02
4.839712e+02 2.000000e+02
2.676122e+02 2.000000e+02
2.000000e+02 2.000000e+02
2.021641e+10 8.922437e+09
9.508678e+04 4.425915e+04
8.261265e+04 3.890496e+04
1.046940e+04 9.508731e+03
8.789549e+03 8.751172e+03
8.733230e+03 8.730079e+03
8.728020e+03 8.714217e+03
8.676134e+03 8.540560e+03
8.091668e+03 7.094689e+03
5.303560e+03 5.180819e+03
5.002803e+03 4.993147e+03
4.984817e+03 4.981922e+03
4.974799e+03 4.951562e+03
4.989040e+03 4.750014e+03
4.154401e+03 3.828100e+03
3.341111e+03 3.304938e+03
3.276814e+03 3.275236e+03
3.274089e+03 3.270341e+03
3.278226e+03 3.240428e+03
3.173177e+03 2.937028e+03
2.283508e+03 2.185375e+03
2.123034e+03 2.121060e+03
2.118761e+03 2.116781e+03
2.112274e+03 2.096578e+03
2.054734e+03 1.897675e+03
1.658430e+03 1.630128e+03
1.610086e+03 1.608753e+03
1.606170e+03 1.603450e+03
1.603498e+03 1.566390e+03
1.432481e+03 1.425640e+03
1.413520e+03 1.412922e+03
1.412501e+03 1.410272e+03
1.399968e+03 1.385238e+03
1.333885e+03 1.321183e+03
1.308897e+03 1.308387e+03
1.307168e+03 1.305773e+03
1.294656e+03 1.281166e+03
1.214129e+03 1.193220e+03
1.167266e+03 1.166231e+03
1.162781e+03 1.159026e+03
1.142654e+03 1.122766e+03
1.086973e+03 1.084826e+03
1.082279e+03 1.079905e+03
1.073254e+03 1.060594e+03
1.028066e+03 1.025514e+03
1.024449e+03 1.020864e+03
1.004669e+03 9.990282e+02
9.860437e+02 9.838493e+02
9.807845e+02 9.750284e+02
9.465294e+02 9.352790e+02
9.198359e+02 9.178867e+02
9.129251e+02 9.088466e+02
8.949221e+02 8.905666e+02
1.863876e+07 7.746888e+06
2.133688e+05 8.791724e+04
7.871310e+03 6.033953e+03
2.887459e+03 2.694110e+03
1.574832e+03 1.538925e+03
1.228901e+03 1.210144e+03
1.075276e+03 1.064458e+03
9.838243e+02 9.784479e+02
9.313980e+02 9.289529e+02
8.651943e+02 8.627316e+02
8.370838e+02 8.360050e+02
8.165514e+02 8.153370e+02
8.016165e+02 8.008189e+02
7.913863e+02 7.907530e+02
7.876160e+02 7.874786e+02
7.854579e+02 7.853160e+02
7.825993e+02 7.825097e+02
7.811646e+02 7.811020e+02
7.797600e+02 7.796623e+02
7.770409e+02 7.767463e+02
7.734741e+02 7.734071e+02
7.726076e+02 7.725722e+02
7.703675e+02 7.698852e+02
7.675094e+02 7.674799e+02
7.662382e+02 7.661654e+02
7.652532e+02 7.652141e+02
7.649270e+02 7.649088e+02
7.645815e+02 7.645710e+02
7.643610e+02 7.643543e+02
7.643248e+02 7.643237e+02
7.643110e+02 7.643104e+02
7.642997e+02 7.642992e+02
7.642926e+02 7.642924e+02
7.642890e+02 7.642888e+02
7.642847e+02 7.642846e+02
7.642831e+02 7.642831e+02
7.642810e+02 7.642808e+02
7.641830e+02 7.641770e+02
7.640933e+02 7.640861e+02
7.638259e+02 7.638248e+02
7.636941e+02 7.636931e+02
7.620966e+02 7.620910e+02
7.619921e+02 7.619912e+02
7.619116e+02 7.619115e+02
5.370994e+02 2.000000e+02
4.621879e+02 2.000000e+02
2.624257e+02 2.000000e+02
2.000000e+02 2.000000e+02
2.083820e+10 8.495696e+09
7.369269e+04 3.426465e+04
6.445077e+04 3.476812e+04
7.776587e+03 7.276396e+03
6.892406e+03 6.865799e+03
6.844041e+03 6.842635e+03
6.841553e+03 6.835186e+03
6.918499e+03 6.804484e+03
6.541479e+03 6.040993e+03
4.630351e+03 4.062870e+03
3.235650e+03 3.194447e+03
3.158023e+03 3.157224e+03
3.155484e+03 3.154403e+03
3.144845e+03 3.126695e+03
3.240961e+03 2.972467e+03
2.456876e+03 2.394021e+03
2.331689e+03 2.326267e+03
2.321206e+03 2.320559e+03
2.321571e+03 2.315271e+03
2.298126e+03 2.244328e+03
2.103125e+03 2.013801e+03
1.888725e+03 1.881536e+03
1.877360e+03 1.876761e+03
1.875569e+03 1.872780e+03
1.874096e+03 1.832982e+03
1.635335e+03 1.589510e+03
1.541761e+03 1.540078e+03
1.537921e+03 1.537138e+03
1.535384e+03 1.525595e+03
1.524582e+03 1.473091e+03
1.405292e+03 1.401147e+03
1.396375e+03 1.396087e+03
1.395014e+03 1.392543e+03
1.378965e+03 1.359515e+03
1.320601e+03 1.317986e+03
1.314573e+03 1.313708e+03
9.364084e+05 1.300347e+03
2.109147e+07 1.256100e+03
3.188669e+07 1.243634e+03
8.850041e+06 1.236129e+03
1.226217e+03 1.220207e+03
1.191573e+03 1.183095e+03
1.171598e+03 1.166207e+03
1.164258e+03 1.160229e+03
1.145617e+03 1.130919e+03
1.103844e+03 1.102453e+03
1.099711e+03 1.094720e+03
1.075946e+03 1.071864e+03
1.064929e+03 1.063985e+03
1.062488e+03 1.053424e+03
1.011575e+03 1.002873e+03
9.920978e+02 9.899253e+02
9.902820e+02 9.794340e+02
2.047191e+07 9.975259e+06
2.748852e+05 1.316324e+05
6.951519e+03 4.290757e+03
1.780206e+03 1.671347e+03
1.200068e+03 1.181634e+03
1.069327e+03 1.061861e+03
9.958150e+02 9.914804e+02
9.527288e+02 9.510496e+02
9.303233e+02 9.289799e+02
9.097030e+02 9.080908e+02
8.909105e+02 8.900807e+02
8.727362e+02 8.719652e+02
8.583526e+02 8.577508e+02
8.407278e+02 8.401085e+02
8.294383e+02 8.288864e+02
8.138854e+02 8.135626e+02
8.096342e+02 8.094654e+02
8.020765e+02 8.015961e+02
7.882058e+02 7.877714e+02
7.800563e+02 7.797888e+02
7.734927e+02 7.732463e+02
7.705953e+02 7.703878e+02
7.671102e+02 7.669998e+02
7.650549e+02 7.649962e+02
7.641563e+02 7.641253e+02
7.639368e+02 7.639276e+02
7.638535e+02 7.638474e+02
7.637643e+02 7.637598e+02
7.636059e+02 7.636006e+02
7.634948e+02 7.634801e+02
7.633866e+02 7.633840e+02
7.633481e+02 7.633461e+02
7.626595e+02 7.626569e+02
7.625498e+02 7.625284e+02
7.597520e+02 7.596887e+02
7.590110e+02 7.589984e+02
7.587265e+02 7.587233e+02
7.585853e+02 7.585736e+02
7.561447e+02 7.560856e+02
7.547961e+02 7.547803e+02
7.543525e+02 7.543501e+02
7.540980e+02 7.540970e+02
7.540449e+02 7.540444e+02
7.539701e+02 7.539698e+02
5.323749e+02 2.000000e+02
4.585138e+02 2.000000e+02
2.615509e+02 2.000000e+02
2.000000e+02 2.000000e+02
2.130878e+10 8.384519e+09
6.664141e+04 3.088134e+04
6.181640e+04 2.761560e+04
9.446789e+03 8.164828e+03
7.238836e+03 7.218274e+03
7.200724e+03 7.194128e+03
7.189961e+03 7.177090e+03
7.178079e+03 7.045217e+03
6.426312e+03 5.622155e+03
4.457995e+03 4.328522e+03
4.165915e+03 4.160657e+03
4.154611e+03 4.152992e+03
4.155371e+03 4.136882e+03
4.006568e+03 3.908103e+03
3.337099e+03 3.020025e+03
2.662621e+03 2.614662e+03
2.569019e+03 2.567932e+03
2.566380e+03 2.565693e+03
2.560463e+03 2.556233e+03
2.541455e+03 2.482484e+03
2.228090e+03 2.166856e+03
2.067744e+03 2.063323e+03
2.057984e+03 2.056640e+03
2.051966e+03 2.042336e+03
2.044024e+03 1.932176e+03
1.705640e+03 1.677572e+03
1.657559e+03 1.656923e+03
1.656383e+03 1.652904e+03
1.641741e+03 1.604881e+03
1.483557e+03 1.467656e+03
1.454843e+03 1.454040e+03
1.453931e+03 1.449622e+03
1.422270e+03 1.407134e+03
1.362886e+03 1.358005e+03
1.351215e+03 1.350917e+03
1.349827e+03 1.347922e+03
1.344849e+03 1.324636e+03
1.264290e+03 1.261186e+03
1.257503e+03 1.256784e+03
1.256082e+03 1.247185e+03
1.207898e+03 1.194372e+03
1.182233e+03 1.172198e+03
1.178645e+03 1.169148e+03
1.163206e+03 1.149176e+03
1.104468e+03 1.101853e+03
1.095423e+03 1.093199e+03
1.096946e+03 1.080358e+03
1.034385e+03 1.032657e+03
1.029562e+03 1.027864e+03
1.020804e+03 1.013416e+03
1.004161e+03 1.002174e+03
1.001896e+03 9.979285e+02
9.812738e+02 9.741420e+02
1.836875e+07 6.926726e+06
2.319760e+05 1.172272e+05
8.395144e+03 5.862905e+03
2.767976e+03 2.603521e+03
1.476332e+03 1.432562e+03
1.208659e+03 1.194247e+03
1.080806e+03 1.077544e+03
1.047566e+03 1.046226e+03
1.025300e+03 1.023250e+03
1.007616e+03 1.006723e+03
9.928084e+02 9.921549e+02
9.864670e+02 9.860717e+02
9.798365e+02 9.792508e+02
9.580299e+02 9.564547e+02
9.313074e+02 9.302180e+02
9.204515e+02 9.199772e+02
9.087576e+02 9.078507e+02
8.928356e+02 8.922950e+02
8.852509e+02 8.849528e+02
8.794802e+02 8.793877e+02
8.780893e+02 8.780215e+02
8.754515e+02 8.749890e+02
8.659161e+02 8.658666e+02
8.652620e+02 8.652445e+02
8.640809e+02 8.640028e+02
8.633692e+02 8.633167e+02
8.614911e+02 8.614332e+02
8.610119e+02 8.609979e+02
8.609126e+02 8.609006e+02
8.511969e+02 8.492239e+02
8.089497e+02 8.077557e+02
7.924676e+02 7.919797e+02
7.785403e+02 7.775557e+02
7.683057e+02 7.681260e+02
7.627114e+02 7.626192e+02
7.562268e+02 7.560663e+02
7.538560e+02 7.538087e+02
7.532791e+02 7.532666e+02
7.529136e+02 7.529077e+02
7.527781e+02 7.527765e+02
7.527441e+02 7.527440e+02
7.527330e+02 7.527328e+02
7.521538e+02 7.521477e+02
7.517945e+02 7.517933e+02
5.298276e+02 2.000000e+02
4.561861e+02 2.000000e+02
2.609501e+02 2.000000e+02
2.000000e+02 2.000000e+02
2.035601e+10 8.978797e+09
8.993357e+04 4.807393e+04
8.014160e+04 3.628758e+04
8.565976e+03 7.176582e+03
6.213701e+03 6.190820e+03
6.178433e+03 6.177073e+03
6.175939e+03 6.170862e+03
6.162800e+03 6.098357e+03
5.863571e+03 5.377492e+03
4.166899e+03 3.774116e+03
3.487325e+03 3.467036e+03
3.456736e+03 3.456035e+03
3.455364e+03 3.452909e+03
3.446895e+03 3.418931e+03
3.291124e+03 3.164960e+03
2.685078e+03 2.608991e+03
2.560782e+03 2.560019e+03
2.559422e+03 2.557914e+03
2.547174e+03 2.539599e+03
2.517583e+03 2.370048e+03
2.045170e+03 1.995830e+03
1.943827e+03 1.940518e+03
1.938112e+03 1.937539e+03
1.936602e+03 1.930633e+03
1.882871e+03 1.830881e+03
1.703046e+03 1.641328e+03
1.576098e+03 1.573019e+03
1.569139e+03 1.567816e+03
1.562373e+03 1.549075e+03
1.490624e+03 1.437922e+03
1.385536e+03 1.382896e+03
1.380953e+03 1.380243e+03
1.376256e+03 1.371753e+03
1.342839e+03 1.331117e+03
1.232946e+06 1.309968e+03
1.232709e+06 1.307127e+03
1.110732e+07 1.298585e+03
1.242619e+07 1.268640e+03
1.263498e+03 1.262785e+03
1.498714e+07 1.258712e+03
6.342189e+06 1.222217e+03
2.355066e+07 1.195919e+03
6.555505e+06 1.188198e+03
1.177671e+03 1.163392e+03
1.100367e+03 1.095448e+03
1.084886e+03 1.082865e+03
1.076109e+03 1.064465e+03
1.027356e+03 1.023896e+03
1.018464e+03 1.017603e+03
1.013773e+03 1.005125e+03
9.763655e+02 9.734717e+02
9.690533e+02 9.673007e+02
9.581470e+02 9.513042e+02
1.760433e+07 6.391776e+06
2.297005e+05 1.073041e+05
6.241092e+03 3.829773e+03
1.769840e+03 1.666380e+03
1.231976e+03 1.203073e+03
1.038675e+03 1.030262e+03
9.692117e+02 9.660323e+02
9.398313e+02 9.386633e+02
9.231424e+02 9.218896e+02
9.108844e+02 9.103617e+02
9.014563e+02 9.007209e+02
8.870030e+02 8.865177e+02
8.811134e+02 8.808565e+02
8.766560e+02 8.764041e+02
8.697951e+02 8.695529e+02
8.668783e+02 8.666481e+02
8.625615e+02 8.622562e+02
8.592917e+02 8.591550e+02
8.541277e+02 8.538828e+02
8.440866e+02 8.436348e+02
8.347144e+02 8.340346e+02
7.998514e+02 7.983240e+02
7.650289e+02 7.637871e+02
7.537215e+02 7.535243e+02
7.498536e+02 7.496555e+02
7.480514e+02 7.479776e+02
7.465354e+02 7.464926e+02
7.459054e+02 7.458557e+02
7.451190e+02 7.451001e+02
7.397218e+02 7.394475e+02
7.372289e+02 7.371795e+02
7.364374e+02 7.364157e+02
7.358046e+02 7.357982e+02
7.353412e+02 7.353371e+02
7.352864e+02 7.352807e+02
7.341513e+02 7.341287e+02
7.337817e+02 7.337802e+02
7.337585e+02 7.337579e+02
7.337519e+02 7.337518e+02
7.337470e+02 7.337468e+02
7.337456e+02 7.337455e+02
7.336480e+02 7.335763e+02
7.315167e+02 7.315146e+02
7.314437e+02 7.314419e+02
4.922746e+02 2.000000e+02
4.125632e+02 2.000000e+02
2.000000e+02 2.000000e+02
2.000000e+02 2.000000e+02
2.017469e+10 9.322592e+09
8.342702e+04 4.107331e+04
7.983071e+04 3.877193e+04
8.424029e+03 7.747129e+03
6.877084e+03 6.856744e+03
6.831685e+03 6.828832e+03
6.827200e+03 6.816097e+03
6.825062e+03 6.732294e+03
6.514452e+03 5.981846e+03
4.415545e+03 3.678131e+03
2.838180e+03 2.755231e+03
2.700044e+03 2.697100e+03
2.692656e+03 2.691730e+03
2.689976e+03 2.682456e+03
2.640034e+03 2.583621e+03
2.325331e+03 2.206451e+03
2.078967e+03 2.075926e+03
2.073493e+03 2.073090e+03
2.070181e+03 2.066050e+03
2.039010e+03 1.987461e+03
1.809214e+03 1.722323e+03
1.604400e+03 1.603540e+03
1.603052e+03 1.602081e+03
1.600524e+03 1.594118e+03
1.574230e+03 1.535033e+03
1.433474e+03 1.424576e+03
1.416650e+03 1.416378e+03
1.415241e+03 1.414752e+03
1.422386e+03 1.403196e+03
1.338463e+03 1.327729e+03
1.314429e+03 1.313991e+03
1.313182e+03 1.312251e+03
7.351628e+06 1.295543e+03
2.320393e+07 1.254899e+03
2.046071e+07 1.246707e+03
1.491042e+07 1.244381e+03
1.236355e+03 1.233154e+03
1.231023e+03 1.226570e+03
1.204507e+03 1.197084e+03
1.176337e+03 1.173596e+03
1.172350e+03 1.170605e+03
1.163199e+03 1.155804e+03
1.125336e+03 1.122086e+03
1.118317e+03 1.117683e+03
1.114978e+03 1.106923e+03
1.064252e+03 1.060258e+03
1.052231e+03 1.050422e+03
1.031724e+03 1.025361e+03
1.004762e+03 1.002414e+03
1.000501e+03 9.968790e+02
9.864208e+02 9.808869e+02
9.703227e+02 9.686925e+02
9.671303e+02 9.606988e+02
1.761615e+07 7.748734e+06
1.990077e+05 9.447364e+04
8.517185e+03 6.990336e+03
3.367257e+03 3.125961e+03
1.839272e+03 1.795834e+03
1.454450e+03 1.428186e+03
1.245641e+03 1.237207e+03
1.142398e+03 1.139430e+03
1.110611e+03 1.108110e+03
1.082139e+03 1.079801e+03
1.057622e+03 1.054858e+03
1.001610e+03 1.000210e+03
9.841749e+02 9.833779e+02
9.757751e+02 9.754894e+02
9.604991e+02 9.594977e+02
9.495142e+02 9.493392e+02
9.466589e+02 9.465261e+02
9.442277e+02 9.441377e+02
9.429866e+02 9.429519e+02
9.421656e+02 9.421316e+02
9.416345e+02 9.416125e+02
9.396238e+02 9.395966e+02
9.371777e+02 9.370386e+02
9.331551e+02 9.329971e+02
9.292103e+02 9.291151e+02
9.285159e+02 9.284990e+02
9.282530e+02 9.282388e+02
9.280969e+02 9.280867e+02
9.279050e+02 9.278726e+02
9.276109e+02 9.275990e+02
9.274653e+02 9.274586e+02
9.267834e+02 9.267607e+02
9.266506e+02 9.266498e+02
9.265646e+02 9.265558e+02
9.234878e+02 9.233345e+02
9.209896e+02 9.209661e+02
9.201799e+02 9.201655e+02
9.170733e+02 9.169545e+02
9.139820e+02 9.139514e+02
9.109807e+02 9.108561e+02
9.066834e+02 9.066432e+02
9.054938e+02 9.054512e+02
8.603992e+02 8.599835e+02
8.000200e+02 7.999791e+02
5.404827e+02 2.000000e+02
4.642997e+02 2.000000e+02
2.628693e+02 2.000000e+02
2.000000e+02 2.000000e+02
2.000693e+10 6.689992e+09
8.368506e+04 4.588640e+04
7.444109e+04 2.879885e+04
9.739970e+03 8.771621e+03
7.947359e+03 7.917091e+03
7.893058e+03 7.891685e+03
7.889246e+03 7.882091e+03
7.856798e+03 7.795894e+03
7.842652e+03 6.914501e+03
5.048963e+03 4.521180e+03
3.512414e+03 3.374132e+03
3.235099e+03 3.224560e+03
3.232612e+03 3.219688e+03
3.220732e+03 3.212671e+03
3.189116e+03 3.134430e+03
2.830077e+03 2.562264e+03
2.153896e+03 2.103778e+03
2.047500e+03 2.046908e+03
2.045842e+03 2.045209e+03
2.044092e+03 2.039477e+03
2.009386e+03 1.949516e+03
1.743851e+03 1.661396e+03
1.594069e+03 1.592641e+03
1.590028e+03 1.589462e+03
1.586811e+03 1.581607e+03
1.540301e+03 1.488115e+03
1.401054e+03 1.389127e+03
1.378671e+03 1.378296e+03
1.378627e+03 1.376599e+03
1.375734e+03 1.358202e+03
1.291578e+03 1.286238e+03
1.279792e+03 1.279346e+03
1.278608e+03 1.277727e+03
1.273487e+03 1.266249e+03
1.244869e+03 1.179506e+03
1.130022e+03 1.125301e+03
1.120419e+03 1.119846e+03
1.119304e+03 1.117811e+03
1.112178e+03 1.103898e+03
1.074506e+03 1.068839e+03
1.065687e+03 1.063408e+03
1.061304e+03 1.058271e+03
1.046726e+03 1.030022e+03
9.957033e+02 9.931453e+02
9.877372e+02 9.846966e+02
9.631151e+02 9.500444e+02
9.137484e+02 9.116446e+02
9.093454e+02 9.062754e+02
9.026584e+02 8.945968e+02
8.732501e+02 8.716551e+02
8.716948e+02 8.667143e+02
8.574737e+02 8.530199e+02
8.474536e+02 8.452844e+02
2.216812e+07 9.464527e+06
2.657084e+05 1.174501e+05
7.248824e+03 4.817383e+03
1.909714e+03 1.740676e+03
1.227028e+03 1.199277e+03
1.025718e+03 1.017906e+03
9.722002e+02 9.696184e+02
9.264671e+02 9.243773e+02
8.950863e+02 8.935355e+02
8.818409e+02 8.811085e+02
8.724213e+02 8.716581e+02
8.578080e+02 8.569565e+02
8.405041e+02 8.394590e+02
8.323462e+02 8.320579e+02
8.263043e+02 8.258836e+02
8.183724e+02 8.181334e+02
8.153809e+02 8.152969e+02
8.137726e+02 8.136551e+02
8.115335e+02 8.114380e+02
8.091373e+02 8.090744e+02
8.076990e+02 8.076454e+02
8.056731e+02 8.056371e+02
8.048923e+02 8.048631e+02
8.039673e+02 8.039242e+02
8.027111e+02 8.026042e+02
8.011314e+02 8.010327e+02
8.004866e+02 8.004548e+02
8.001531e+02 8.001233e+02
7.999571e+02 7.999521e+02
7.999051e+02 7.999034e+02
7.998710e+02 7.998698e+02
7.997429e+02 7.997382e+02
7.996962e+02 7.996942e+02
7.996790e+02 7.996786e+02
7.996755e+02 7.996754e+02
7.996746e+02 7.996745e+02
7.996653e+02 7.996642e+02
7.936150e+02 7.935409e+02
7.930427e+02 7.930390e+02
7.929726e+02 7.929721e+02
7.929526e+02 7.929524e+02
7.929480e+02 7.929480e+02
7.924117e+02 7.924065e+02
7.922862e+02 7.922861e+02
5.849811e+02 2.000000e+02
5.158817e+02 2.000000e+02
3.316173e+02 2.000000e+02
2.000000e+02 2.000000e+02
2.074216e+10 9.296552e+09
8.684290e+04 3.498950e+04
7.665565e+04 4.286662e+04
7.902532e+03 7.306102e+03
6.823164e+03 6.765600e+03
6.719524e+03 6.717843e+03
6.717395e+03 6.711843e+03
6.687044e+03 6.631063e+03
6.458612e+03 5.920518e+03
4.628843e+03 4.323066e+03
4.084674e+03 4.065539e+03
4.043241e+03 4.040913e+03
4.033974e+03 4.023114e+03
3.975516e+03 3.881095e+03
3.401581e+03 3.022867e+03
2.579235e+03 2.551097e+03
2.546665e+03 2.531940e+03
2.564642e+03 2.530242e+03
2.538343e+03 2.527351e+03
2.505330e+03 2.473072e+03
2.532550e+03 2.332833e+03
2.086886e+03 2.054609e+03
2.023694e+03 2.021356e+03
2.018333e+03 2.017170e+03
2.028114e+03 2.007255e+03
1.926770e+03 1.881724e+03
1.742641e+03 1.731191e+03
1.718238e+03 1.717794e+03
1.718028e+03 1.714905e+03
1.703262e+03 1.681120e+03
1.591770e+03 1.563313e+03
1.533468e+03 1.532797e+03
1.530826e+03 1.528382e+03
1.530916e+03 1.505293e+03
1.416600e+03 1.404595e+03
1.392858e+03 1.391985e+03
1.391389e+03 1.387430e+03
1.367994e+03 1.348344e+03
1.325479e+03 1.323465e+03
1.323163e+03 1.321627e+03
1.320315e+03 1.314480e+03
1.296955e+03 1.285084e+03
1.271361e+03 1.269684e+03
1.265276e+03 1.258408e+03
1.235377e+03 1.212500e+03
1.164736e+03 1.161879e+03
1.156800e+03 1.149471e+03
1.119349e+03 1.107121e+03
1.085596e+03 1.083337e+03
1.084054e+03 1.080482e+03
1.079889e+03 1.070730e+03
1.065623e+03 1.060038e+03
1.065807e+03 1.055872e+03
1.574399e+07 6.680186e+06
1.732040e+05 6.776725e+04
6.352340e+03 4.328666e+03
1.991544e+03 1.862225e+03
1.363698e+03 1.347558e+03
1.220427e+03 1.211553e+03
1.137899e+03 1.133170e+03
1.102655e+03 1.101017e+03
1.072735e+03 1.071830e+03
1.057264e+03 1.056561e+03
1.046765e+03 1.045765e+03
1.025717e+03 1.024155e+03
1.005050e+03 1.003715e+03
9.932147e+02 9.928536e+02
9.875117e+02 9.868831e+02
9.771258e+02 9.766605e+02
9.704642e+02 9.701142e+02
9.651031e+02 9.648944e+02
9.592506e+02 9.586973e+02
9.135390e+02 9.084511e+02
8.283143e+02 8.258854e+02
7.889147e+02 7.875505e+02
7.767433e+02 7.763958e+02
7.731644e+02 7.730824e+02
7.697300e+02 7.694235e+02
7.660920e+02 7.659092e+02
7.640540e+02 7.639259e+02
7.631572e+02 7.630822e+02
7.620273e+02 7.619824e+02
7.610167e+02 7.609860e+02
7.607160e+02 7.607050e+02
7.604261e+02 7.604194e+02
7.603430e+02 7.603409e+02
7.602886e+02 7.602870e+02
7.602248e+02 7.602163e+02
7.600000e+02 7.599984e+02
7.599563e+02 7.599559e+02
7.597159e+02 7.596821e+02
7.592657e+02 7.592648e+02
7.592457e+02 7.592455e+02
7.592402e+02 7.592402e+02
7.549289e+02 7.547585e+02
7.521646e+02 7.521501e+02
7.516197e+02 7.516161e+02
5.584897e+02 2.000000e+02
4.941438e+02 2.000000e+02
3.225596e+02 2.000000e+02
2.000000e+02 2.000000e+02
2.066901e+10 7.475909e+09
8.146105e+04 4.292365e+04
7.183845e+04 3.595231e+04
9.105116e+03 7.654124e+03
6.972004e+03 6.878100e+03
6.805848e+03 6.802158e+03
6.797517e+03 6.794567e+03
6.802538e+03 6.766926e+03
6.911595e+03 6.555472e+03
5.617335e+03 5.073015e+03
4.135971e+03 3.977855e+03
3.855425e+03 3.845017e+03
3.840442e+03 3.838271e+03
3.842242e+03 3.827150e+03
3.780389e+03 3.672776e+03
3.229474e+03 2.919429e+03
2.380397e+03 2.353808e+03
2.336842e+03 2.335838e+03
2.334180e+03 2.333210e+03
2.328132e+03 2.319344e+03
2.227172e+03 2.155304e+03
1.884070e+03 1.813720e+03
1.746662e+03 1.745149e+03
1.743525e+03 1.742885e+03
1.738921e+03 1.731237e+03
1.761398e+03 1.660145e+03
1.494849e+03 1.485692e+03
1.473664e+03 1.473194e+03
1.472731e+03 1.470560e+03
1.465898e+03 1.439812e+03
1.324590e+03 1.306548e+03
1.285772e+03 1.285042e+03
1.284191e+03 1.283095e+03
1.285228e+03 1.272837e+03
1.251762e+03 1.228836e+03
1.195789e+03 1.194235e+03
1.192142e+03 1.191440e+03
1.189101e+03 1.181869e+03
1.158530e+03 1.147851e+03
1.134918e+03 1.134375e+03
1.136583e+03 1.129825e+03
1.118707e+03 1.106930e+03
1.089794e+03 1.089092e+03
1.087540e+03 1.085046e+03
1.080101e+03 1.072846e+03
1.067006e+03 1.065269e+03
1.062248e+03 1.061512e+03
1.056793e+03 1.053917e+03
1.042607e+03 1.039850e+03
1.036560e+03 1.035109e+03
1.030654e+03 1.024881e+03
9.946634e+02 9.918597e+02
9.831232e+02 9.771381e+02
1.765243e+07 6.762306e+06
2.072881e+05 1.079835e+05
5.613088e+03 3.924923e+03
1.661136e+03 1.558016e+03
1.208108e+03 1.194534e+03
1.119596e+03 1.115152e+03
1.058339e+03 1.056182e+03
1.028926e+03 1.026493e+03
9.981134e+02 9.960591e+02
9.733973e+02 9.723616e+02
9.513595e+02 9.503114e+02
9.352105e+02 9.340563e+02
9.229086e+02 9.223001e+02
9.163797e+02 9.160978e+02
9.100646e+02 9.096808e+02
9.055216e+02 9.053004e+02
9.022120e+02 9.020207e+02
8.962682e+02 8.957090e+02
8.769436e+02 8.755465e+02
8.535036e+02 8.528616e+02
8.459064e+02 8.454769e+02
8.374370e+02 8.371508e+02
8.307135e+02 8.305040e+02
8.166801e+02 8.157123e+02
8.069988e+02 8.064375e+02
8.015436e+02 8.012919e+02
7.992126e+02 7.991537e+02
7.971859e+02 7.971131e+02
7.960259e+02 7.959680e+02
7.954034e+02 7.953889e+02
7.942606e+02 7.941988e+02
7.938181e+02 7.938066e+02
7.937600e+02 7.937580e+02
7.937157e+02 7.937144e+02
7.936434e+02 7.936421e+02
7.936183e+02 7.936180e+02
7.936102e+02 7.936098e+02
7.934589e+02 7.934566e+02
7.934039e+02 7.934036e+02
7.933982e+02 7.933981e+02
7.933961e+02 7.933958e+02
7.933904e+02 7.933904e+02
7.933891e+02 7.933890e+02
7.933882e+02 7.933882e+02
4.966937e+02 2.000000e+02
3.977958e+02 2.000000e+02
2.000000e+02 2.000000e+02
2.000000e+02 2.000000e+02
