1.085621e+01 7.099054e+00
4.008689e+00 3.158646e+00
3.865623e+00 2.970424e+00
4.748673e-01 2.973615e-01
2.157155e-02 1.622427e-02
8.096769e-03 7.786203e-03
6.762650e-03 6.725107e-03
6.618376e-03 6.615463e-03
6.605828e-03 6.605548e-03
6.604718e-03 6.604686e-03
6.604603e-03 6.604599e-03
8.275355e+00 3.793661e+00
7.438688e+00 3.793661e+00
7.059870e+00 3.793661e+00
6.885135e+00 3.793661e+00
6.749661e+00 3.793661e+00
6.629774e+00 3.793661e+00
6.539647e+00 3.793661e+00
6.446755e+00 3.793661e+00
6.397090e+00 3.793661e+00
6.328703e+00 3.793661e+00
6.275601e+00 3.793661e+00
6.237263e+00 3.793661e+00
6.207556e+00 3.793661e+00
6.164564e+00 3.793661e+00
6.112328e+00 3.793661e+00
6.080254e+00 3.793661e+00
6.043611e+00 3.793661e+00
5.566277e+00 3.595798e+00
5.030757e+00 3.096261e+00
4.581405e+00 2.290679e+00
4.247483e+00 2.171998e+00
3.937155e+00 1.959534e+00
3.635239e+00 1.803306e+00
3.307416e+00 1.796452e+00
3.056687e+00 1.671786e+00
2.847819e+00 1.232894e+00
2.693950e+00 1.175844e+00
2.551834e+00 1.175844e+00
2.423517e+00 1.134223e+00
2.322621e+00 1.123470e+00
2.231987e+00 1.049589e+00
2.145794e+00 1.039501e+00
2.064725e+00 1.039501e+00
1.992932e+00 1.031446e+00
1.936421e+00 1.018973e+00
1.885248e+00 8.527884e-01
1.834120e+00 8.527884e-01
1.778086e+00 7.917652e-01
1.724175e+00 7.917652e-01
1.675730e+00 7.917652e-01
1.633861e+00 7.917652e-01
1.582962e+00 7.917652e-01
1.541677e+00 7.816703e-01
1.507551e+00 7.675082e-01
1.472681e+00 7.675082e-01
1.444016e+00 7.675082e-01
1.417398e+00 7.675082e-01
1.388738e+00 7.664491e-01
1.357847e+00 7.200985e-01
1.314612e+00 7.128329e-01
1.279615e+00 6.994419e-01
1.250511e+00 6.994419e-01
1.218849e+00 6.951100e-01
1.182264e+00 6.951100e-01
1.146973e+00 6.498632e-01
1.106076e+00 6.498632e-01
1.070875e+00 6.188902e-01
1.035887e+00 6.162502e-01
1.004893e+00 5.953816e-01
9.682412e-01 5.611270e-01
9.274011e-01 5.297966e-01
8.959906e-01 5.297966e-01
8.628763e-01 5.171841e-01
8.321476e-01 5.171841e-01
7.998752e-01 5.134814e-01
7.667146e-01 4.475265e-01
7.390745e-01 4.475265e-01
7.138682e-01 4.461919e-01
6.928824e-01 4.313916e-01
6.644439e-01 4.131700e-01
6.399882e-01 4.128730e-01
6.122680e-01 3.998673e-01
5.935916e-01 3.753710e-01
5.730473e-01 3.395754e-01
5.495380e-01 3.367832e-01
5.277479e-01 3.228710e-01
5.022112e-01 3.118648e-01
4.772834e-01 3.118648e-01
4.568401e-01 3.045054e-01
4.380699e-01 2.893709e-01
4.158013e-01 2.863462e-01
3.948560e-01 2.849100e-01
3.763036e-01 2.738395e-01
3.537837e-01 2.643341e-01
3.334674e-01 2.611544e-01
3.115799e-01 2.522735e-01
2.902037e-01 2.330493e-01
2.656624e-01 2.287359e-01
2.340897e-01 2.163411e-01
2.006167e-01 1.899278e-01
1.094726e+01 7.252013e+00
5.806728e+00 4.452337e+00
5.449622e+00 4.467429e+00
1.596092e+00 8.208848e-01
6.445263e-02 3.954253e-02
9.015439e-03 8.080631e-03
5.066194e-03 4.988312e-03
4.676383e-03 4.667937e-03
4.644415e-03 4.643624e-03
4.640706e-03 4.640647e-03
4.640374e-03 4.640367e-03
4.962967e+00 3.286655e+00
4.279720e+00 2.632420e+00
4.068875e+00 2.626227e+00
3.965976e+00 2.626227e+00
3.875701e+00 2.626227e+00
3.797868e+00 2.626227e+00
3.653902e+00 2.408289e+00
3.372444e+00 2.100830e+00
3.123212e+00 2.100830e+00
2.912540e+00 1.914033e+00
2.721222e+00 1.785160e+00
2.564325e+00 1.772891e+00
2.443400e+00 1.696322e+00
2.311597e+00 1.592053e+00
2.217838e+00 1.535644e+00
2.130456e+00 1.305481e+00
2.024668e+00 1.267907e+00
1.940962e+00 1.238561e+00
1.852967e+00 1.153079e+00
1.773566e+00 1.142868e+00
1.696447e+00 1.129905e+00
1.627376e+00 1.071297e+00
1.572418e+00 1.037183e+00
1.490570e+00 9.718182e-01
1.416307e+00 9.401082e-01
1.355019e+00 8.846394e-01
1.300358e+00 8.607110e-01
1.243167e+00 8.479408e-01
1.197891e+00 8.439679e-01
1.153508e+00 8.354944e-01
1.115656e+00 7.803645e-01
1.081531e+00 7.651605e-01
1.046722e+00 7.163810e-01
1.014530e+00 6.877708e-01
9.850125e-01 6.410758e-01
9.569777e-01 6.093182e-01
9.336426e-01 5.920768e-01
9.109474e-01 5.920768e-01
8.892498e-01 5.846733e-01
8.663481e-01 5.554411e-01
8.455077e-01 5.510600e-01
8.260634e-01 5.421888e-01
8.059863e-01 5.216345e-01
7.881875e-01 5.207929e-01
7.694214e-01 5.048459e-01
7.523102e-01 5.007066e-01
7.371223e-01 4.931414e-01
7.218220e-01 4.889642e-01
7.086343e-01 4.854957e-01
6.971231e-01 4.791853e-01
6.841046e-01 4.790397e-01
6.723495e-01 4.629086e-01
6.610066e-01 4.388276e-01
6.494107e-01 4.297072e-01
6.377980e-01 4.192396e-01
6.227877e-01 4.192365e-01
6.117230e-01 4.187209e-01
5.991470e-01 4.154987e-01
5.875228e-01 4.082229e-01
5.776015e-01 4.042417e-01
5.674603e-01 3.881838e-01
5.563560e-01 3.881838e-01
5.472653e-01 3.881838e-01
5.352082e-01 3.867326e-01
5.273048e-01 3.867325e-01
5.164755e-01 3.735274e-01
5.040088e-01 3.426547e-01
4.946633e-01 3.425206e-01
4.832320e-01 3.350998e-01
4.697745e-01 3.336115e-01
4.577330e-01 3.334299e-01
4.454903e-01 3.283609e-01
4.340542e-01 3.189027e-01
4.229911e-01 3.141411e-01
4.134007e-01 3.034155e-01
4.041445e-01 2.827750e-01
3.940527e-01 2.824625e-01
3.832028e-01 2.809008e-01
3.722865e-01 2.772595e-01
3.629583e-01 2.631277e-01
3.521880e-01 2.501703e-01
3.405761e-01 2.434617e-01
3.280984e-01 2.323371e-01
3.147696e-01 2.072008e-01
3.008886e-01 1.845878e-01
2.864259e-01 1.806179e-01
2.734726e-01 1.762844e-01
2.584223e-01 1.738626e-01
2.349456e-01 1.687296e-01
1.947481e-01 1.578032e-01
1.080101e+01 7.088749e+00
3.243029e+00 2.500772e+00
2.974337e+00 2.295026e+00
5.541446e-01 3.644503e-01
3.482488e-02 2.687123e-02
9.674208e-03 9.229268e-03
7.844159e-03 7.810224e-03
7.703873e-03 7.701540e-03
7.692655e-03 7.692383e-03
7.691756e-03 7.691736e-03
7.691662e-03 7.691660e-03
7.600957e+00 4.378206e+00
7.139048e+00 3.901719e+00
6.899501e+00 3.901719e+00
6.760456e+00 3.901719e+00
6.630715e+00 3.901719e+00
6.549461e+00 3.901719e+00
6.475150e+00 3.901719e+00
6.379290e+00 3.901719e+00
5.968487e+00 3.724667e+00
5.456554e+00 3.424049e+00
5.051364e+00 2.938874e+00
4.675365e+00 2.461000e+00
4.316261e+00 2.275520e+00
3.983003e+00 1.983782e+00
3.707508e+00 1.817975e+00
3.456094e+00 1.709741e+00
3.173231e+00 1.417384e+00
2.962114e+00 1.388447e+00
2.798848e+00 1.355711e+00
2.658700e+00 1.292167e+00
2.546159e+00 1.233382e+00
2.441779e+00 1.233382e+00
2.340116e+00 1.224877e+00
2.248933e+00 1.207751e+00
2.169782e+00 1.174749e+00
2.092190e+00 1.114588e+00
2.025613e+00 1.114588e+00
1.967325e+00 1.102917e+00
1.912944e+00 1.097526e+00
1.856322e+00 1.097526e+00
1.805705e+00 9.989668e-01
1.754089e+00 9.989668e-01
1.717670e+00 9.858067e-01
1.675833e+00 9.650711e-01
1.640278e+00 9.404119e-01
1.601657e+00 9.216092e-01
1.569568e+00 8.518760e-01
1.536936e+00 8.174463e-01
1.506370e+00 8.174463e-01
1.474014e+00 8.157112e-01
1.441617e+00 8.062007e-01
1.407961e+00 7.850322e-01
1.378599e+00 7.850322e-01
1.354783e+00 7.850322e-01
1.328300e+00 7.809130e-01
1.306653e+00 7.809130e-01
1.278234e+00 7.782685e-01
1.249797e+00 7.396643e-01
1.216703e+00 7.194597e-01
1.190764e+00 7.194597e-01
1.169133e+00 7.119582e-01
1.151145e+00 6.768696e-01
1.127999e+00 6.768696e-01
1.098521e+00 6.591832e-01
1.070478e+00 6.559699e-01
1.044726e+00 6.499315e-01
1.025047e+00 6.377951e-01
9.975322e-01 6.255476e-01
9.616117e-01 6.218667e-01
9.248981e-01 6.106620e-01
8.935157e-01 5.934565e-01
8.662224e-01 5.893050e-01
8.354863e-01 5.741713e-01
8.095424e-01 5.622344e-01
7.806023e-01 5.539004e-01
7.482069e-01 5.479045e-01
7.156941e-01 5.280154e-01
6.901229e-01 4.741551e-01
6.641644e-01 4.607855e-01
6.389308e-01 4.449073e-01
6.189084e-01 4.153836e-01
5.944900e-01 4.128703e-01
5.719955e-01 3.957537e-01
5.515324e-01 3.876106e-01
5.260100e-01 3.496856e-01
5.010001e-01 3.304955e-01
4.816573e-01 3.203822e-01
4.627734e-01 3.080197e-01
4.460080e-01 2.965284e-01
4.276874e-01 2.924725e-01
4.108609e-01 2.904351e-01
3.948270e-01 2.694205e-01
3.755358e-01 2.556823e-01
3.564608e-01 2.503815e-01
3.355044e-01 2.377744e-01
3.156777e-01 2.223903e-01
2.932405e-01 2.192441e-01
2.739494e-01 2.118567e-01
2.425332e-01 2.054929e-01
2.105590e-01 1.991833e-01
1.093418e+01 6.592140e+00
5.163483e+00 4.025984e+00
4.701108e+00 3.664548e+00
7.037787e-01 5.214834e-01
1.086379e-01 9.190661e-02
5.443288e-02 5.243349e-02
4.539668e-02 4.501718e-02
4.418960e-02 4.407926e-02
4.388783e-02 4.386456e-02
4.380252e-02 4.379824e-02
4.378463e-02 4.378267e-02
4.382287e-02 4.376403e-02
4.335259e-02 4.296929e-02
4.261493e-02 4.248074e-02
4.240137e-02 4.235950e-02
4.231719e-02 4.231086e-02
4.230375e-02 4.230214e-02
4.229964e-02 4.229943e-02
4.229911e-02 4.229907e-02
4.229896e-02 4.229895e-02
8.368688e+00 5.020778e+00
7.408958e+00 4.360798e+00
7.037813e+00 4.360798e+00
6.837037e+00 4.360798e+00
6.688064e+00 4.360798e+00
6.604988e+00 4.360798e+00
6.523035e+00 4.360798e+00
6.436278e+00 4.360798e+00
6.373846e+00 4.360798e+00
6.312700e+00 4.360798e+00
6.179792e+00 4.360798e+00
5.509074e+00 3.673029e+00
4.968798e+00 2.713088e+00
4.577946e+00 2.713088e+00
4.193163e+00 2.631925e+00
3.905608e+00 2.410746e+00
3.577402e+00 2.206971e+00
3.228912e+00 1.896398e+00
2.965495e+00 1.845464e+00
2.779032e+00 1.790042e+00
2.623920e+00 1.752364e+00
2.492372e+00 1.682611e+00
2.380423e+00 1.599021e+00
2.279959e+00 1.562917e+00
2.193249e+00 1.502620e+00
2.108832e+00 1.502620e+00
2.034058e+00 1.418580e+00
1.958651e+00 1.282877e+00
1.892868e+00 1.261588e+00
1.834567e+00 1.261588e+00
1.784792e+00 1.176192e+00
1.735558e+00 1.012079e+00
1.687683e+00 1.012079e+00
1.650447e+00 9.449136e-01
1.601907e+00 9.449136e-01
1.559648e+00 9.449136e-01
1.524887e+00 9.332891e-01
1.488434e+00 9.265600e-01
1.454669e+00 9.202847e-01
1.420468e+00 8.134431e-01
1.392753e+00 8.134431e-01
1.346286e+00 8.134431e-01
1.309952e+00 8.134431e-01
1.269032e+00 8.134431e-01
1.227523e+00 8.134431e-01
1.203761e+00 8.134431e-01
1.176337e+00 8.043933e-01
1.146578e+00 8.035725e-01
1.104947e+00 7.662604e-01
1.070897e+00 7.288513e-01
1.030018e+00 7.288513e-01
9.922841e-01 7.262425e-01
9.613071e-01 6.964216e-01
9.238477e-01 6.479693e-01
8.846237e-01 6.373045e-01
8.525855e-01 6.259859e-01
8.298033e-01 5.738304e-01
7.984302e-01 5.487379e-01
7.664990e-01 5.327913e-01
7.339945e-01 5.191519e-01
7.102951e-01 4.881814e-01
6.849004e-01 4.780172e-01
6.591761e-01 4.714490e-01
6.354261e-01 4.680140e-01
6.094210e-01 4.534758e-01
5.850885e-01 4.352810e-01
5.610935e-01 4.328997e-01
5.334872e-01 4.115218e-01
5.084533e-01 3.791001e-01
4.819063e-01 3.586938e-01
4.608787e-01 3.304468e-01
4.385362e-01 3.279832e-01
4.173073e-01 3.112180e-01
3.981572e-01 3.078557e-01
3.768876e-01 2.981147e-01
3.562343e-01 2.804953e-01
3.353448e-01 2.623108e-01
3.112891e-01 2.355241e-01
2.910576e-01 2.243224e-01
2.570060e-01 2.116780e-01
2.150578e-01 2.017525e-01
1.108492e+01 6.640102e+00
5.686120e+00 4.667568e+00
5.358666e+00 3.878703e+00
1.178459e+00 6.272301e-01
4.647558e-02 3.047635e-02
7.154926e-03 6.692313e-03
4.853528e-03 4.791530e-03
4.578397e-03 4.572689e-03
4.549887e-03 4.549402e-03
4.547280e-03 4.547227e-03
4.547064e-03 4.547061e-03
8.033728e+00 2.929087e+00
7.310315e+00 2.929087e+00
7.014987e+00 2.929087e+00
6.822099e+00 2.929087e+00
6.658083e+00 2.929087e+00
6.552816e+00 2.929087e+00
6.474824e+00 2.929087e+00
6.400968e+00 2.929087e+00
6.342722e+00 2.929087e+00
6.283724e+00 2.929087e+00
6.239798e+00 2.929087e+00
6.195730e+00 2.929087e+00
6.162139e+00 2.929087e+00
6.130817e+00 2.929087e+00
6.104669e+00 2.929087e+00
6.066498e+00 2.929087e+00
6.035198e+00 2.929087e+00
5.649569e+00 2.616231e+00
5.111218e+00 2.522869e+00
4.625232e+00 2.257595e+00
4.261595e+00 1.704996e+00
3.959267e+00 1.704488e+00
3.680430e+00 1.591744e+00
3.421671e+00 1.373706e+00
3.146184e+00 1.280768e+00
2.897829e+00 1.242632e+00
2.703113e+00 1.220285e+00
2.553461e+00 1.220285e+00
2.434367e+00 1.220176e+00
2.314950e+00 1.117794e+00
2.217177e+00 1.117794e+00
2.137492e+00 1.098494e+00
2.055902e+00 1.064895e+00
1.981763e+00 1.064895e+00
1.912435e+00 1.014315e+00
1.843566e+00 9.598001e-01
1.786418e+00 9.598001e-01
1.738329e+00 9.598001e-01
1.686878e+00 9.598001e-01
1.645027e+00 9.182115e-01
1.600588e+00 8.706619e-01
1.559062e+00 8.706619e-01
1.520129e+00 8.475880e-01
1.482230e+00 8.060477e-01
1.441479e+00 7.834745e-01
1.401756e+00 7.789529e-01
1.366446e+00 7.743214e-01
1.330928e+00 7.029621e-01
1.298567e+00 7.029621e-01
1.271969e+00 7.029621e-01
1.240203e+00 7.029621e-01
1.213061e+00 7.029621e-01
1.180350e+00 6.478724e-01
1.144551e+00 6.476242e-01
1.113184e+00 6.163583e-01
1.076997e+00 5.697884e-01
1.037145e+00 5.634970e-01
1.000825e+00 5.141047e-01
9.678233e-01 4.920376e-01
9.396513e-01 4.920376e-01
9.166329e-01 4.853489e-01
8.810503e-01 4.787318e-01
8.648428e-01 4.787318e-01
8.298854e-01 4.704803e-01
8.052925e-01 4.654312e-01
7.823969e-01 4.629119e-01
7.500610e-01 4.162599e-01
7.198056e-01 4.104263e-01
6.952583e-01 3.942538e-01
6.661387e-01 3.920637e-01
6.390042e-01 3.920637e-01
6.085468e-01 3.812096e-01
5.869727e-01 3.624714e-01
5.641874e-01 3.607053e-01
5.372699e-01 3.337399e-01
5.157549e-01 3.190485e-01
4.945846e-01 3.053106e-01
4.719881e-01 2.948154e-01
4.492259e-01 2.520250e-01
4.303234e-01 2.502329e-01
4.120885e-01 2.498991e-01
3.945230e-01 2.496868e-01
3.752598e-01 2.379037e-01
3.534798e-01 2.300547e-01
3.323439e-01 2.217357e-01
3.100673e-01 2.201568e-01
2.927046e-01 2.182043e-01
2.694297e-01 2.077540e-01
2.315531e-01 1.960175e-01
2.001615e-01 1.877599e-01
1.102702e+01 6.788540e+00
5.208363e+00 4.188245e+00
4.961255e+00 4.111674e+00
1.228451e+00 6.882794e-01
5.948439e-02 4.555672e-02
1.943329e-02 1.878405e-02
1.652773e-02 1.645723e-02
1.618075e-02 1.617288e-02
1.613474e-02 1.613379e-02
1.613031e-02 1.613022e-02
1.612993e-02 1.612992e-02
1.612989e-02 1.612989e-02
7.737654e+00 3.556146e+00
7.238930e+00 3.556146e+00
6.962676e+00 3.556146e+00
6.782170e+00 3.556146e+00
6.654056e+00 3.556146e+00
6.556453e+00 3.556146e+00
6.482678e+00 3.556146e+00
6.414968e+00 3.556146e+00
6.354471e+00 3.556146e+00
6.058357e+00 3.556146e+00
5.487007e+00 2.813313e+00
5.007713e+00 2.671688e+00
4.642721e+00 2.171631e+00
4.318081e+00 2.078681e+00
4.045014e+00 1.990836e+00
3.802855e+00 1.926125e+00
3.597350e+00 1.870829e+00
3.394022e+00 1.683402e+00
3.134774e+00 1.622452e+00
2.905346e+00 1.502785e+00
2.735341e+00 1.400583e+00
2.577982e+00 1.365410e+00
2.442838e+00 1.273947e+00
2.338590e+00 1.130376e+00
2.249594e+00 9.981958e-01
2.170530e+00 9.634307e-01
2.086772e+00 9.634307e-01
2.013144e+00 9.634307e-01
1.949219e+00 9.634307e-01
1.881592e+00 8.962092e-01
1.823056e+00 8.272283e-01
1.764489e+00 8.272283e-01
1.715050e+00 8.125302e-01
1.667294e+00 7.840632e-01
1.626095e+00 7.840632e-01
1.581927e+00 7.626216e-01
1.538538e+00 7.127112e-01
1.501167e+00 7.127112e-01
1.464449e+00 7.127112e-01
1.427447e+00 7.127112e-01
1.389953e+00 7.070719e-01
1.365481e+00 7.070719e-01
1.335584e+00 7.070719e-01
1.309342e+00 7.070719e-01
1.286860e+00 7.070719e-01
1.259954e+00 7.002003e-01
1.235752e+00 6.977151e-01
1.212149e+00 6.596872e-01
1.177770e+00 6.536903e-01
1.145908e+00 6.536903e-01
1.114338e+00 6.455421e-01
1.088875e+00 6.226953e-01
1.064503e+00 5.665257e-01
1.036866e+00 5.607634e-01
1.003560e+00 5.284928e-01
9.742848e-01 5.270116e-01
9.428494e-01 5.164341e-01
9.119211e-01 5.046481e-01
8.892061e-01 5.046481e-01
8.614785e-01 5.044021e-01
8.354357e-01 4.720209e-01
8.090159e-01 4.720209e-01
7.825705e-01 4.622440e-01
7.558304e-01 4.571053e-01
7.285449e-01 4.383025e-01
6.985921e-01 4.340987e-01
6.701801e-01 4.209204e-01
6.493688e-01 4.004589e-01
6.229661e-01 3.757998e-01
5.993622e-01 3.479809e-01
5.762216e-01 3.262750e-01
5.538439e-01 3.218423e-01
5.355773e-01 3.206928e-01
5.160427e-01 3.206928e-01
4.960449e-01 3.167285e-01
4.770966e-01 2.921572e-01
4.562152e-01 2.843121e-01
4.362310e-01 2.813122e-01
4.143942e-01 2.571731e-01
3.954295e-01 2.498735e-01
3.749982e-01 2.484733e-01
3.557348e-01 2.409033e-01
3.363402e-01 2.314045e-01
3.184266e-01 2.188275e-01
2.977873e-01 2.113238e-01
2.771564e-01 1.943512e-01
2.544913e-01 1.833372e-01
2.193094e-01 1.774539e-01
1.857493e-01 1.661492e-01
1.095203e+01 6.656897e+00
5.315343e+00 3.876975e+00
4.978528e+00 3.992764e+00
9.990486e-01 5.765879e-01
3.721917e-02 2.953861e-02
6.849507e-03 6.523376e-03
5.289742e-03 5.250388e-03
5.131548e-03 5.127414e-03
5.114515e-03 5.113671e-03
5.110974e-03 5.110906e-03
5.110615e-03 5.110602e-03
5.110560e-03 5.110557e-03
7.877156e+00 2.632567e+00
7.242336e+00 2.632567e+00
6.998203e+00 2.632567e+00
6.809811e+00 2.632567e+00
6.685371e+00 2.632567e+00
6.581837e+00 2.632567e+00
6.517335e+00 2.632567e+00
6.446141e+00 2.632567e+00
6.384183e+00 2.632567e+00
6.319249e+00 2.632567e+00
6.273271e+00 2.632567e+00
6.222454e+00 2.632567e+00
6.186392e+00 2.632567e+00
6.149241e+00 2.632567e+00
6.104482e+00 2.632567e+00
6.081663e+00 2.632567e+00
6.046210e+00 2.632567e+00
5.561367e+00 2.572766e+00
5.007036e+00 2.429487e+00
4.596819e+00 2.421320e+00
4.222486e+00 1.900151e+00
3.947508e+00 1.739434e+00
3.624877e+00 1.709645e+00
3.300030e+00 1.567569e+00
3.032048e+00 1.356227e+00
2.846010e+00 1.327501e+00
2.672987e+00 1.293081e+00
2.531899e+00 1.172680e+00
2.402573e+00 1.044050e+00
2.299298e+00 1.005632e+00
2.200936e+00 9.461101e-01
2.110326e+00 9.461101e-01
2.037124e+00 9.461101e-01
1.968622e+00 9.065968e-01
1.910012e+00 9.065968e-01
1.850186e+00 9.065968e-01
1.794414e+00 8.853895e-01
1.747346e+00 8.523905e-01
1.693897e+00 8.470432e-01
1.641398e+00 8.470432e-01
1.598448e+00 8.392938e-01
1.552494e+00 8.392938e-01
1.509371e+00 7.894408e-01
1.474777e+00 7.673761e-01
1.442281e+00 7.599551e-01
1.405145e+00 7.599551e-01
1.376235e+00 7.464520e-01
1.347802e+00 7.404855e-01
1.309829e+00 7.336130e-01
1.272207e+00 7.123451e-01
1.236019e+00 7.123451e-01
1.203063e+00 6.408825e-01
1.162456e+00 6.322753e-01
1.136996e+00 6.288430e-01
1.098932e+00 5.869168e-01
1.067762e+00 5.869168e-01
1.027131e+00 5.654372e-01
9.981973e-01 5.499934e-01
9.645769e-01 4.947703e-01
9.373677e-01 4.830024e-01
9.004527e-01 4.830024e-01
8.720314e-01 4.830024e-01
8.353106e-01 4.724849e-01
8.073941e-01 4.421333e-01
7.769317e-01 4.397243e-01
7.458725e-01 3.940919e-01
7.173128e-01 3.940919e-01
6.931506e-01 3.898072e-01
6.625811e-01 3.894639e-01
6.375083e-01 3.815440e-01
6.165177e-01 3.725140e-01
5.949270e-01 3.485098e-01
5.666985e-01 3.209796e-01
5.451041e-01 3.008345e-01
5.213338e-01 3.008345e-01
4.989282e-01 2.928774e-01
4.771901e-01 2.797122e-01
4.600144e-01 2.669086e-01
4.419765e-01 2.488126e-01
4.212985e-01 2.262200e-01
4.038625e-01 2.223848e-01
3.844919e-01 2.208004e-01
3.629436e-01 2.206592e-01
3.407437e-01 2.146788e-01
3.212447e-01 2.096616e-01
3.020677e-01 2.079381e-01
2.793004e-01 2.069538e-01
2.491533e-01 2.012366e-01
2.047316e-01 1.871350e-01
1.084324e+01 5.573129e+00
5.757338e+00 4.505201e+00
5.408125e+00 4.208406e+00
1.287575e+00 8.599943e-01
1.327643e-01 1.025607e-01
4.427556e-02 4.164497e-02
3.557247e-02 3.519820e-02
3.422738e-02 3.418624e-02
3.407778e-02 3.406974e-02
3.405669e-02 3.405616e-02
3.405429e-02 3.405424e-02
3.405405e-02 3.405404e-02
9.737640e+00 2.854714e+00
7.494128e+00 2.854714e+00
7.103910e+00 2.854714e+00
6.873102e+00 2.854714e+00
6.676052e+00 2.854714e+00
6.551473e+00 2.854714e+00
6.477119e+00 2.854714e+00
6.396714e+00 2.854714e+00
6.342363e+00 2.854714e+00
6.284632e+00 2.854714e+00
6.244280e+00 2.854714e+00
6.190749e+00 2.854714e+00
6.151456e+00 2.854714e+00
6.115042e+00 2.854714e+00
6.088349e+00 2.854714e+00
5.784836e+00 2.854714e+00
5.250995e+00 2.847605e+00
4.764682e+00 2.517016e+00
4.382310e+00 2.481916e+00
4.097056e+00 2.248472e+00
3.824185e+00 2.051747e+00
3.499798e+00 1.822309e+00
3.163344e+00 1.608059e+00
2.929074e+00 1.558050e+00
2.747908e+00 1.465773e+00
2.600514e+00 1.429736e+00
2.478278e+00 1.383758e+00
2.360207e+00 1.282897e+00
2.265596e+00 1.281079e+00
2.172403e+00 1.252192e+00
2.086035e+00 1.199603e+00
2.013626e+00 1.137770e+00
1.940977e+00 1.104269e+00
1.874983e+00 1.036075e+00
1.812417e+00 9.250530e-01
1.756949e+00 9.250530e-01
1.699724e+00 9.250530e-01
1.650466e+00 9.250530e-01
1.605732e+00 8.562891e-01
1.563122e+00 8.562891e-01
1.529376e+00 8.562891e-01
1.491116e+00 8.436829e-01
1.454803e+00 8.292929e-01
1.420777e+00 8.049599e-01
1.387830e+00 7.812701e-01
1.352324e+00 7.812701e-01
1.312637e+00 7.408999e-01
1.281972e+00 7.104811e-01
1.253773e+00 6.906611e-01
1.229923e+00 6.906611e-01
1.204796e+00 6.906611e-01
1.156704e+00 6.580803e-01
1.133893e+00 6.580803e-01
1.112411e+00 6.580803e-01
1.076758e+00 6.406018e-01
1.051597e+00 6.406018e-01
1.024665e+00 5.938580e-01
9.892185e-01 5.858865e-01
9.580206e-01 5.203442e-01
9.223861e-01 4.841469e-01
8.915045e-01 4.748385e-01
8.530642e-01 4.536320e-01
8.175570e-01 4.214014e-01
7.943884e-01 4.198748e-01
7.645573e-01 4.198748e-01
7.351891e-01 4.194246e-01
7.049451e-01 4.069959e-01
6.778720e-01 3.989814e-01
6.495245e-01 3.989814e-01
6.235452e-01 3.832166e-01
5.945131e-01 3.723158e-01
5.706504e-01 3.357279e-01
5.480338e-01 3.271803e-01
5.244601e-01 3.256910e-01
5.038372e-01 2.833938e-01
4.855337e-01 2.823154e-01
4.631122e-01 2.807812e-01
4.440777e-01 2.719356e-01
4.241201e-01 2.664237e-01
4.015324e-01 2.662713e-01
3.834931e-01 2.508001e-01
3.643567e-01 2.371386e-01
3.411876e-01 2.289586e-01
3.194137e-01 2.159613e-01
3.001369e-01 2.110935e-01
2.822841e-01 2.063850e-01
2.629108e-01 1.973057e-01
2.318420e-01 1.949159e-01
2.010085e-01 1.780741e-01
1.100883e+01 6.820447e+00
5.607631e+00 4.303044e+00
5.304117e+00 4.127088e+00
1.198472e+00 7.225892e-01
2.466566e-02 1.690803e-02
2.750542e-03 2.462760e-03
1.766869e-03 1.749240e-03
1.687106e-03 1.685689e-03
1.679387e-03 1.679252e-03
1.678673e-03 1.678660e-03
1.678610e-03 1.678608e-03
7.905418e+00 4.806814e+00
7.313008e+00 4.806814e+00
7.018474e+00 4.806814e+00
6.862900e+00 4.806814e+00
6.715504e+00 4.806814e+00
6.606611e+00 4.503232e+00
6.516365e+00 4.503232e+00
6.441998e+00 4.503232e+00
6.395947e+00 4.503232e+00
6.344961e+00 4.503232e+00
6.291729e+00 4.503232e+00
6.248720e+00 4.503232e+00
6.226423e+00 4.503232e+00
6.195295e+00 4.503232e+00
6.154102e+00 4.503232e+00
6.126788e+00 4.503232e+00
6.103078e+00 4.503232e+00
6.072196e+00 4.503232e+00
6.040295e+00 4.503232e+00
6.011108e+00 4.503232e+00
5.990630e+00 4.503232e+00
5.970825e+00 4.503232e+00
5.954985e+00 4.503232e+00
5.915428e+00 4.459724e+00
5.892270e+00 4.459724e+00
5.869550e+00 4.459724e+00
5.848216e+00 4.459724e+00
5.826445e+00 4.459724e+00
5.811385e+00 4.459724e+00
5.789768e+00 4.459724e+00
5.773007e+00 4.459724e+00
5.756297e+00 4.459724e+00
5.740512e+00 4.459724e+00
5.725788e+00 4.459724e+00
5.700249e+00 4.459724e+00
5.684157e+00 4.459724e+00
5.668123e+00 4.459724e+00
5.657630e+00 4.459724e+00
5.633682e+00 4.393138e+00
5.615605e+00 4.393138e+00
4.626723e+00 3.136889e+00
3.764540e+00 2.450420e+00
3.260544e+00 1.909933e+00
2.948829e+00 1.608211e+00
2.717518e+00 1.501940e+00
2.543933e+00 1.499076e+00
2.393109e+00 1.479327e+00
2.282597e+00 1.479327e+00
2.169602e+00 1.307152e+00
2.065642e+00 1.307152e+00
1.980308e+00 1.222692e+00
1.920849e+00 1.222692e+00
1.851410e+00 1.212725e+00
1.786945e+00 1.212725e+00
1.718073e+00 1.168863e+00
1.656127e+00 1.129897e+00
1.595061e+00 1.032504e+00
1.514216e+00 1.032504e+00
1.448025e+00 1.012848e+00
1.407228e+00 9.684890e-01
1.352096e+00 9.615431e-01
1.286355e+00 9.491417e-01
1.256009e+00 9.357739e-01
1.201368e+00 8.563094e-01
1.144999e+00 8.095844e-01
1.103971e+00 7.669719e-01
1.046439e+00 7.455167e-01
9.874825e-01 6.181812e-01
9.358612e-01 6.171590e-01
8.868927e-01 6.050606e-01
8.501902e-01 5.594678e-01
8.065179e-01 5.510314e-01
7.727400e-01 5.387358e-01
7.348754e-01 5.275107e-01
6.972436e-01 4.948172e-01
6.598959e-01 4.858315e-01
6.299308e-01 4.731945e-01
6.018514e-01 4.475709e-01
5.700792e-01 4.356554e-01
5.407941e-01 4.064550e-01
5.165470e-01 3.769119e-01
4.902218e-01 3.570176e-01
4.621074e-01 3.406964e-01
4.305444e-01 3.364141e-01
4.028381e-01 3.292011e-01
3.744846e-01 3.207373e-01
3.512090e-01 2.964205e-01
3.209153e-01 2.741641e-01
2.860701e-01 2.477347e-01
2.412609e-01 2.193496e-01
1.093494e+01 6.503707e+00
5.516348e+00 4.217697e+00
5.190265e+00 4.065864e+00
6.047517e-01 4.035199e-01
2.122636e-02 1.664175e-02
4.504299e-03 4.281322e-03
3.676921e-03 3.659202e-03
3.577804e-03 3.575637e-03
3.567646e-03 3.567421e-03
3.566709e-03 3.566692e-03
3.566623e-03 3.566621e-03
8.439291e+00 3.352322e+00
7.469757e+00 3.352322e+00
7.109393e+00 3.352322e+00
6.927257e+00 3.352322e+00
6.769395e+00 3.352322e+00
6.672386e+00 3.352322e+00
6.547458e+00 3.352322e+00
6.473428e+00 3.352322e+00
6.402477e+00 3.352322e+00
6.339134e+00 3.352322e+00
6.278371e+00 3.352322e+00
6.225909e+00 3.352322e+00
6.186719e+00 3.352322e+00
5.947617e+00 3.352322e+00
5.354196e+00 3.128779e+00
4.871935e+00 2.989035e+00
4.505407e+00 2.921092e+00
4.193065e+00 2.414602e+00
3.929218e+00 2.254966e+00
3.585731e+00 2.026106e+00
3.247460e+00 1.790719e+00
3.009883e+00 1.757726e+00
2.816463e+00 1.731418e+00
2.646770e+00 1.696557e+00
2.528938e+00 1.681337e+00
2.425271e+00 1.595243e+00
2.318246e+00 1.539299e+00
2.228823e+00 1.322003e+00
2.148548e+00 1.246399e+00
2.076915e+00 1.242735e+00
2.006695e+00 9.453244e-01
1.944871e+00 9.453244e-01
1.890522e+00 9.453244e-01
1.837083e+00 6.473829e-01
1.786176e+00 6.148682e-01
1.740964e+00 6.148682e-01
1.697879e+00 6.106731e-01
1.653905e+00 6.106731e-01
1.610776e+00 6.106731e-01
1.567473e+00 6.106731e-01
1.526130e+00 6.099356e-01
1.481227e+00 6.099356e-01
1.450535e+00 6.080783e-01
1.419430e+00 6.080783e-01
1.384485e+00 6.080783e-01
1.359616e+00 6.080783e-01
1.331337e+00 5.983421e-01
1.308795e+00 5.983421e-01
1.285981e+00 5.631568e-01
1.256654e+00 5.396944e-01
1.235342e+00 5.396944e-01
1.211436e+00 5.223565e-01
1.185733e+00 5.193205e-01
1.156953e+00 5.193205e-01
1.121224e+00 5.193205e-01
1.095319e+00 5.193205e-01
1.066711e+00 5.181638e-01
1.036910e+00 5.123709e-01
1.001474e+00 4.929848e-01
9.708373e-01 4.929848e-01
9.389332e-01 4.929848e-01
9.079496e-01 4.916698e-01
8.799553e-01 4.773370e-01
8.410825e-01 4.773370e-01
8.154077e-01 4.773370e-01
7.843749e-01 4.509207e-01
7.542326e-01 4.187980e-01
7.318973e-01 4.121640e-01
7.069652e-01 4.115260e-01
6.783274e-01 4.115260e-01
6.542060e-01 3.908335e-01
6.246357e-01 3.896352e-01
5.972210e-01 3.868462e-01
5.706406e-01 3.733958e-01
5.466817e-01 3.563480e-01
5.231780e-01 3.473961e-01
5.048481e-01 3.346656e-01
4.837665e-01 3.046125e-01
4.660257e-01 3.001921e-01
4.474922e-01 2.986813e-01
4.259415e-01 2.906571e-01
4.048350e-01 2.826864e-01
3.851061e-01 2.532306e-01
3.646596e-01 2.489770e-01
3.468686e-01 2.409175e-01
3.262389e-01 2.389255e-01
3.064768e-01 2.321104e-01
2.838531e-01 2.264356e-01
2.613719e-01 2.092862e-01
2.275450e-01 2.052004e-01
1.092262e+01 6.674888e+00
5.832121e+00 4.710733e+00
5.585055e+00 4.386970e+00
1.810398e+00 1.246713e+00
1.327425e-01 8.694793e-02
2.121686e-02 1.945245e-02
1.333285e-02 1.314476e-02
1.256723e-02 1.254725e-02
1.248106e-02 1.247951e-02
1.247403e-02 1.247388e-02
1.247339e-02 1.247338e-02
9.860026e+00 1.301582e+00
7.574616e+00 1.301582e+00
7.146585e+00 1.301582e+00
6.909479e+00 1.301582e+00
6.749101e+00 1.301582e+00
6.590115e+00 1.301582e+00
6.487441e+00 1.301582e+00
6.420844e+00 1.301582e+00
6.371824e+00 1.301582e+00
6.309518e+00 1.301582e+00
6.262998e+00 1.301582e+00
6.219963e+00 1.301582e+00
6.186744e+00 1.301582e+00
6.146071e+00 1.301582e+00
6.113740e+00 1.301582e+00
6.066790e+00 1.301582e+00
6.033881e+00 1.301582e+00
6.008512e+00 1.301582e+00
5.980281e+00 1.301582e+00
5.765888e+00 1.301582e+00
5.123081e+00 1.132271e+00
4.655277e+00 1.132271e+00
4.288276e+00 1.033001e+00
3.995138e+00 1.002470e+00
3.707585e+00 1.002470e+00
3.372425e+00 9.894151e-01
3.082130e+00 9.782735e-01
2.871951e+00 9.109124e-01
2.699060e+00 7.438319e-01
2.559625e+00 7.342828e-01
2.435345e+00 6.601070e-01
2.340011e+00 6.284197e-01
2.245182e+00 5.978352e-01
2.158061e+00 5.978352e-01
2.074532e+00 5.978352e-01
1.993039e+00 5.978352e-01
1.933110e+00 5.947562e-01
1.874287e+00 5.749557e-01
1.819569e+00 5.749557e-01
1.762095e+00 5.749557e-01
1.717706e+00 5.625119e-01
1.669781e+00 5.625119e-01
1.622007e+00 5.425433e-01
1.580452e+00 5.286346e-01
1.534875e+00 5.069195e-01
1.500141e+00 5.069195e-01
1.461706e+00 5.069195e-01
1.428529e+00 5.019978e-01
1.403033e+00 5.019978e-01
1.370103e+00 5.019978e-01
1.340574e+00 5.019978e-01
1.313692e+00 4.728093e-01
1.269747e+00 4.728093e-01
1.242042e+00 4.712028e-01
1.219817e+00 4.712028e-01
1.180775e+00 4.684679e-01
1.146188e+00 4.359167e-01
1.110453e+00 4.042074e-01
1.077340e+00 3.750393e-01
1.047198e+00 3.602140e-01
1.006120e+00 3.556104e-01
9.715775e-01 3.145267e-01
9.367217e-01 2.934867e-01
9.019201e-01 2.934867e-01
8.670905e-01 2.874711e-01
8.344586e-01 2.846628e-01
7.982360e-01 2.824352e-01
7.671449e-01 2.778720e-01
7.344081e-01 2.718725e-01
7.052281e-01 2.514818e-01
6.753027e-01 2.392666e-01
6.476788e-01 2.390470e-01
6.211818e-01 2.382139e-01
5.972381e-01 2.382139e-01
5.716582e-01 2.381486e-01
5.471575e-01 2.158252e-01
5.225201e-01 2.087041e-01
4.979346e-01 2.085592e-01
4.740534e-01 2.051911e-01
4.572469e-01 2.051911e-01
4.334374e-01 2.046203e-01
4.106844e-01 2.003205e-01
3.897231e-01 1.959840e-01
3.682815e-01 1.923532e-01
3.454141e-01 1.855279e-01
3.191245e-01 1.719074e-01
2.938976e-01 1.666375e-01
2.687952e-01 1.603755e-01
2.343526e-01 1.418065e-01
1.895239e-01 1.297301e-01
1.096543e+01 7.275110e+00
5.076970e+00 3.848738e+00
4.608864e+00 3.492775e+00
7.802191e-01 5.364709e-01
5.499238e-02 4.244824e-02
2.048537e-02 1.963732e-02
1.697057e-02 1.689569e-02
1.654582e-02 1.653675e-02
1.650510e-02 1.650427e-02
1.650075e-02 1.650069e-02
1.650041e-02 1.650041e-02
1.650038e-02 1.650038e-02
7.670926e+00 3.699337e+00
7.180636e+00 3.699337e+00
6.971928e+00 3.699337e+00
6.822869e+00 3.699337e+00
6.683711e+00 3.699337e+00
6.578789e+00 3.699337e+00
6.495041e+00 3.699337e+00
6.431438e+00 3.699337e+00
6.382588e+00 3.699337e+00
6.334638e+00 3.699337e+00
6.275491e+00 3.699337e+00
6.244311e+00 3.699337e+00
6.198231e+00 3.699337e+00
6.155594e+00 3.699337e+00
6.111969e+00 3.699337e+00
6.081534e+00 3.699337e+00
6.050999e+00 3.699337e+00
6.017792e+00 3.699337e+00
5.984734e+00 3.699337e+00
5.967355e+00 3.699337e+00
5.946503e+00 3.699337e+00
5.915542e+00 3.699337e+00
5.895321e+00 3.699337e+00
5.867727e+00 3.699337e+00
5.849589e+00 3.699337e+00
5.831500e+00 3.699337e+00
5.193160e+00 3.177949e+00
4.622767e+00 2.409776e+00
4.244036e+00 2.316615e+00
3.923063e+00 1.922070e+00
3.640341e+00 1.686400e+00
3.314646e+00 1.593543e+00
2.992490e+00 1.558297e+00
2.751967e+00 1.422570e+00
2.562417e+00 1.394707e+00
2.411685e+00 1.279461e+00
2.287601e+00 1.279461e+00
2.177300e+00 1.030902e+00
2.083700e+00 1.030902e+00
2.007835e+00 1.030902e+00
1.930733e+00 9.417458e-01
1.852815e+00 9.195228e-01
1.782149e+00 9.195228e-01
1.723080e+00 8.278539e-01
1.661026e+00 8.175286e-01
1.612898e+00 7.966799e-01
1.565975e+00 7.898961e-01
1.521992e+00 7.898961e-01
1.479899e+00 7.853157e-01
1.439396e+00 7.853157e-01
1.399685e+00 7.853157e-01
1.359730e+00 7.596418e-01
1.313629e+00 7.596418e-01
1.269425e+00 7.352856e-01
1.224467e+00 7.048602e-01
1.185914e+00 7.000203e-01
1.145985e+00 6.807262e-01
1.102429e+00 6.771071e-01
1.068409e+00 6.531985e-01
1.028034e+00 6.186897e-01
9.891664e-01 5.906147e-01
9.502061e-01 5.718408e-01
9.133417e-01 5.420321e-01
8.724921e-01 5.418935e-01
8.387127e-01 5.380627e-01
8.080482e-01 5.380627e-01
7.772190e-01 5.233203e-01
7.501725e-01 5.233203e-01
7.149853e-01 4.955567e-01
6.855278e-01 4.359909e-01
6.521595e-01 4.214286e-01
6.259063e-01 4.163492e-01
5.992113e-01 4.163492e-01
5.719359e-01 4.034969e-01
5.494228e-01 3.932287e-01
5.231990e-01 3.725272e-01
4.976881e-01 3.338679e-01
4.747092e-01 3.224606e-01
4.546815e-01 2.996352e-01
4.332845e-01 2.925233e-01
4.108831e-01 2.857220e-01
3.899204e-01 2.751771e-01
3.680354e-01 2.717485e-01
3.469100e-01 2.521827e-01
3.261463e-01 2.386485e-01
3.012133e-01 2.354007e-01
2.812395e-01 2.230625e-01
2.540630e-01 2.213916e-01
2.197319e-01 2.069351e-01
1.080310e+01 6.000317e+00
4.945757e+00 3.886799e+00
4.594414e+00 3.547821e+00
1.182697e+00 7.276744e-01
6.599337e-02 5.052310e-02
1.997022e-02 1.910523e-02
1.689757e-02 1.680674e-02
1.650669e-02 1.649629e-02
1.646043e-02 1.645943e-02
1.645634e-02 1.645627e-02
1.645604e-02 1.645603e-02
1.645600e-02 1.645600e-02
7.981242e+00 3.852107e+00
7.282364e+00 3.852107e+00
7.020934e+00 3.852107e+00
6.821940e+00 3.852107e+00
6.689341e+00 3.852107e+00
6.593445e+00 3.852107e+00
6.506189e+00 3.852107e+00
6.418905e+00 3.852107e+00
6.355542e+00 3.852107e+00
6.018398e+00 3.773895e+00
5.494038e+00 3.481554e+00
5.140008e+00 3.340532e+00
4.677440e+00 2.777173e+00
4.224082e+00 2.597745e+00
3.873142e+00 2.410182e+00
3.548368e+00 2.227217e+00
3.262744e+00 2.107627e+00
3.045332e+00 1.834842e+00
2.852635e+00 1.724812e+00
2.702100e+00 1.705504e+00
2.568021e+00 1.323603e+00
2.459845e+00 1.268421e+00
2.355739e+00 1.209492e+00
2.256213e+00 1.209492e+00
2.174252e+00 1.209492e+00
2.100150e+00 1.152905e+00
2.024445e+00 1.152905e+00
1.962796e+00 1.087365e+00
1.903676e+00 9.806454e-01
1.849894e+00 9.684833e-01
1.808269e+00 9.117238e-01
1.763900e+00 9.117238e-01
1.717058e+00 9.040522e-01
1.676560e+00 8.963939e-01
1.629039e+00 8.963939e-01
1.592347e+00 8.665618e-01
1.561727e+00 8.665618e-01
1.529214e+00 8.665618e-01
1.495498e+00 8.665618e-01
1.461746e+00 8.665618e-01
1.437340e+00 8.552829e-01
1.410388e+00 8.400449e-01
1.386575e+00 8.040641e-01
1.359119e+00 8.024236e-01
1.330102e+00 8.024236e-01
1.301617e+00 7.518934e-01
1.269386e+00 6.862749e-01
1.245108e+00 6.862749e-01
1.219230e+00 6.862749e-01
1.189061e+00 6.751260e-01
1.150630e+00 6.069840e-01
1.120915e+00 5.961829e-01
1.092403e+00 5.957994e-01
1.055785e+00 5.643446e-01
1.022923e+00 5.586296e-01
9.918756e-01 5.586296e-01
9.734791e-01 5.505875e-01
9.463402e-01 5.436521e-01
9.171490e-01 5.362895e-01
8.847089e-01 5.231782e-01
8.578526e-01 5.231782e-01
8.278275e-01 5.231782e-01
8.053584e-01 5.231782e-01
7.759249e-01 4.583896e-01
7.487348e-01 4.561236e-01
7.270612e-01 4.512194e-01
7.014244e-01 4.472795e-01
6.796980e-01 4.392167e-01
6.525493e-01 4.170797e-01
6.310186e-01 4.170797e-01
6.072768e-01 3.956767e-01
5.881027e-01 3.790102e-01
5.658323e-01 3.581693e-01
5.419676e-01 3.581693e-01
5.221108e-01 3.494941e-01
5.031569e-01 3.439623e-01
4.818911e-01 3.346783e-01
4.627438e-01 3.114495e-01
4.439810e-01 3.093856e-01
4.229892e-01 3.022731e-01
4.015606e-01 2.873251e-01
3.844339e-01 2.758623e-01
3.663530e-01 2.594600e-01
3.476009e-01 2.429466e-01
3.265707e-01 2.372223e-01
3.073098e-01 2.293920e-01
2.891914e-01 2.272231e-01
2.602808e-01 2.142029e-01
2.194483e-01 2.044199e-01
1.113166e+01 6.228344e+00
5.760794e+00 3.937967e+00
5.338221e+00 4.301053e+00
1.692597e+00 1.124807e+00
5.759177e-02 3.994479e-02
9.826984e-03 9.124236e-03
7.224577e-03 7.171201e-03
6.931409e-03 6.923508e-03
6.902097e-03 6.901149e-03
6.897628e-03 6.897504e-03
6.896932e-03 6.896911e-03
6.896861e-03 6.896859e-03
7.974474e+00 3.096222e+00
7.319878e+00 3.096222e+00
7.033629e+00 3.096222e+00
6.836809e+00 3.096222e+00
6.702324e+00 3.096222e+00
6.611539e+00 3.096222e+00
6.524987e+00 3.096222e+00
6.427222e+00 3.096222e+00
6.370271e+00 3.096222e+00
6.319142e+00 3.096222e+00
6.263407e+00 3.096222e+00
5.777584e+00 2.215632e+00
5.256261e+00 2.190426e+00
4.784210e+00 1.819878e+00
4.450923e+00 1.743355e+00
4.115018e+00 1.652251e+00
3.737921e+00 1.539483e+00
3.383625e+00 1.531732e+00
3.125626e+00 1.531732e+00
2.913071e+00 1.442499e+00
2.732481e+00 1.356699e+00
2.579543e+00 1.351835e+00
2.472611e+00 1.254495e+00
2.354573e+00 1.186539e+00
2.257683e+00 1.157731e+00
2.178477e+00 1.157731e+00
2.096860e+00 1.157731e+00
2.029929e+00 1.116297e+00
1.966297e+00 9.175680e-01
1.901535e+00 9.166852e-01
1.845856e+00 8.538631e-01
1.790258e+00 8.226137e-01
1.739696e+00 8.226137e-01
1.696375e+00 7.168055e-01
1.650489e+00 7.152857e-01
1.609353e+00 7.152857e-01
1.574915e+00 7.152857e-01
1.535080e+00 6.445969e-01
1.500255e+00 6.372093e-01
1.465351e+00 6.372093e-01
1.424553e+00 6.372093e-01
1.391137e+00 6.372093e-01
1.359043e+00 6.340237e-01
1.334638e+00 6.117146e-01
1.305429e+00 5.472010e-01
1.276130e+00 5.356958e-01
1.253982e+00 5.356958e-01
1.225449e+00 5.356958e-01
1.203053e+00 5.332327e-01
1.176581e+00 5.332327e-01
1.156869e+00 5.250446e-01
1.131928e+00 5.250446e-01
1.102203e+00 5.019026e-01
1.077561e+00 4.986143e-01
1.048498e+00 4.986143e-01
1.012927e+00 4.986143e-01
9.816852e-01 4.986143e-01
9.470015e-01 4.957133e-01
9.147611e-01 4.940816e-01
8.818234e-01 4.853142e-01
8.586432e-01 4.739041e-01
8.260478e-01 4.603130e-01
8.002978e-01 4.603130e-01
7.719359e-01 4.503366e-01
7.462956e-01 4.467384e-01
7.188958e-01 4.148447e-01
6.933472e-01 3.854623e-01
6.682684e-01 3.686603e-01
6.396996e-01 3.674272e-01
6.168869e-01 3.645197e-01
5.913598e-01 3.557687e-01
5.713646e-01 3.557687e-01
5.483017e-01 3.433382e-01
5.267705e-01 3.359110e-01
5.069634e-01 3.321491e-01
4.892786e-01 3.289471e-01
4.683591e-01 3.040406e-01
4.514599e-01 2.941128e-01
4.328212e-01 2.527032e-01
4.126510e-01 2.476397e-01
3.912513e-01 2.468373e-01
3.746517e-01 2.191900e-01
3.539033e-01 2.163538e-01
3.346859e-01 2.122441e-01
3.180501e-01 2.119293e-01
2.974316e-01 1.946187e-01
2.755827e-01 1.838276e-01
2.415520e-01 1.640984e-01
1.850457e-01 1.341756e-01
1.104454e+01 6.922630e+00
5.303149e+00 4.226072e+00
5.001862e+00 3.686728e+00
1.078001e+00 7.052602e-01
3.351168e-02 2.429972e-02
6.557394e-03 5.884446e-03
4.012246e-03 3.945957e-03
3.753231e-03 3.746501e-03
3.718761e-03 3.718265e-03
3.716370e-03 3.716317e-03
3.716138e-03 3.716134e-03
8.712229e+00 3.311095e+00
7.421174e+00 3.311095e+00
7.069855e+00 3.311095e+00
6.869294e+00 3.311095e+00
6.737496e+00 3.311095e+00
6.631867e+00 3.311095e+00
6.535441e+00 3.311095e+00
6.469237e+00 3.311095e+00
6.407966e+00 3.311095e+00
6.347467e+00 3.311095e+00
6.301616e+00 3.311095e+00
6.259663e+00 3.311095e+00
6.199415e+00 3.311095e+00
6.149478e+00 3.311095e+00
6.110524e+00 3.311095e+00
6.079880e+00 3.311095e+00
5.679559e+00 3.311095e+00
5.147745e+00 2.707701e+00
4.740267e+00 2.010237e+00
4.358661e+00 1.853138e+00
4.077901e+00 1.853138e+00
3.786990e+00 1.798642e+00
3.462245e+00 1.782956e+00
3.167720e+00 1.519440e+00
2.940432e+00 1.472457e+00
2.759618e+00 1.414023e+00
2.608392e+00 1.268326e+00
2.477739e+00 1.255961e+00
2.369594e+00 1.229796e+00
2.268732e+00 1.063528e+00
2.174804e+00 1.059222e+00
2.093953e+00 1.041326e+00
2.015770e+00 1.041326e+00
1.950390e+00 9.219853e-01
1.886789e+00 8.972743e-01
1.825978e+00 8.874549e-01
1.773672e+00 8.091824e-01
1.721834e+00 7.403619e-01
1.672797e+00 7.358050e-01
1.630052e+00 7.146225e-01
1.589509e+00 6.802309e-01
1.545099e+00 6.788876e-01
1.507698e+00 6.656918e-01
1.477325e+00 6.656918e-01
1.441440e+00 6.472956e-01
1.403034e+00 6.458087e-01
1.363422e+00 5.829411e-01
1.322238e+00 5.829411e-01
1.296286e+00 5.737201e-01
1.269373e+00 5.196101e-01
1.232088e+00 4.989657e-01
1.199814e+00 4.781753e-01
1.163429e+00 4.621907e-01
1.133799e+00 4.533952e-01
1.107068e+00 4.533952e-01
1.077456e+00 4.327030e-01
1.044737e+00 4.132350e-01
1.023376e+00 4.132350e-01
9.881849e-01 4.105519e-01
9.593012e-01 3.857566e-01
9.249173e-01 3.857566e-01
8.872812e-01 3.830344e-01
8.500848e-01 3.762445e-01
8.217143e-01 3.734536e-01
7.952911e-01 3.734536e-01
7.674028e-01 3.669542e-01
7.357512e-01 3.643102e-01
7.068849e-01 3.641512e-01
6.816127e-01 3.641512e-01
6.526163e-01 3.595668e-01
6.316975e-01 3.595668e-01
6.050729e-01 3.432699e-01
5.819802e-01 3.410095e-01
5.568948e-01 3.290532e-01
5.338050e-01 3.187520e-01
5.122309e-01 3.087365e-01
4.895776e-01 2.989146e-01
4.680761e-01 2.933122e-01
4.491807e-01 2.921102e-01
4.272540e-01 2.911097e-01
4.089586e-01 2.864994e-01
3.930025e-01 2.706311e-01
3.752991e-01 2.582371e-01
3.527835e-01 2.367902e-01
3.326711e-01 2.281106e-01
3.104628e-01 2.204938e-01
2.908079e-01 1.971544e-01
2.661596e-01 1.754780e-01
2.343280e-01 1.666463e-01
1.875862e-01 1.347452e-01
1.108795e+01 7.297981e+00
5.133754e+00 3.820519e+00
4.731886e+00 3.920370e+00
1.557871e+00 9.751037e-01
5.103966e-02 3.780291e-02
8.019814e-03 7.216437e-03
5.287539e-03 5.228638e-03
5.026644e-03 5.019928e-03
4.995528e-03 4.994853e-03
4.992777e-03 4.992713e-03
4.992492e-03 4.992485e-03
8.542215e+00 1.251086e+00
7.323823e+00 1.251086e+00
6.993574e+00 1.251086e+00
6.802525e+00 1.251086e+00
6.677966e+00 1.251086e+00
6.562350e+00 1.251086e+00
6.463347e+00 1.251086e+00
6.372933e+00 1.251086e+00
6.326212e+00 1.251086e+00
6.270328e+00 1.251086e+00
6.217943e+00 1.251086e+00
5.847449e+00 1.251086e+00
5.287653e+00 1.004268e+00
4.836150e+00 9.158365e-01
4.454581e+00 9.158365e-01
4.133815e+00 9.158365e-01
3.858999e+00 9.107903e-01
3.626292e+00 8.339372e-01
3.363878e+00 8.339372e-01
3.114236e+00 8.308302e-01
2.900160e+00 8.308302e-01
2.729306e+00 7.561170e-01
2.599129e+00 6.900959e-01
2.476942e+00 6.713326e-01
2.361278e+00 6.450332e-01
2.272969e+00 5.783990e-01
2.182612e+00 5.783990e-01
2.097195e+00 5.225633e-01
2.025977e+00 5.225633e-01
1.958318e+00 5.225633e-01
1.899659e+00 5.225633e-01
1.845882e+00 5.070829e-01
1.792614e+00 5.070829e-01
1.748606e+00 4.548841e-01
1.701757e+00 4.548841e-01
1.659417e+00 4.531927e-01
1.614620e+00 4.531927e-01
1.573894e+00 4.224359e-01
1.537356e+00 3.759196e-01
1.503310e+00 3.728488e-01
1.471977e+00 3.709200e-01
1.438983e+00 3.709200e-01
1.405780e+00 3.586877e-01
1.372095e+00 3.586877e-01
1.339299e+00 3.503827e-01
1.305267e+00 3.503827e-01
1.274620e+00 3.459762e-01
1.247903e+00 3.445416e-01
1.221186e+00 3.411190e-01
1.184446e+00 3.406870e-01
1.161935e+00 3.406870e-01
1.130003e+00 3.406870e-01
1.106857e+00 3.314828e-01
1.073170e+00 3.236493e-01
1.043205e+00 2.947637e-01
1.009981e+00 2.814382e-01
9.726067e-01 2.461993e-01
9.437140e-01 2.461993e-01
9.142778e-01 2.461993e-01
8.860261e-01 2.330647e-01
8.519751e-01 2.330647e-01
8.249828e-01 2.316189e-01
7.981888e-01 2.110831e-01
7.728385e-01 2.110831e-01
7.469270e-01 2.110831e-01
7.199138e-01 2.051934e-01
6.923242e-01 2.013487e-01
6.721174e-01 2.013487e-01
6.473451e-01 1.985291e-01
6.224409e-01 1.985291e-01
5.969291e-01 1.915852e-01
5.747986e-01 1.903840e-01
5.552344e-01 1.890583e-01
5.351064e-01 1.889165e-01
5.107551e-01 1.883888e-01
4.894704e-01 1.874962e-01
4.696466e-01 1.802039e-01
4.518397e-01 1.704761e-01
4.335731e-01 1.698823e-01
4.156088e-01 1.663211e-01
3.932058e-01 1.620683e-01
3.741143e-01 1.582446e-01
3.573853e-01 1.572023e-01
3.363957e-01 1.561570e-01
3.157139e-01 1.518934e-01
2.874491e-01 1.458215e-01
2.698553e-01 1.446762e-01
2.518189e-01 1.417286e-01
2.221019e-01 1.393724e-01
1.764052e-01 1.368977e-01
1.085019e+01 7.418316e+00
5.051164e+00 3.669422e+00
4.646523e+00 3.140991e+00
1.209918e+00 7.958351e-01
1.085967e-01 8.546730e-02
3.421554e-02 3.222668e-02
2.717165e-02 2.684018e-02
2.627803e-02 2.625782e-02
2.618281e-02 2.617946e-02
2.617068e-02 2.617041e-02
2.616933e-02 2.616930e-02
2.616922e-02 2.616922e-02
7.855678e+00 4.759476e+00
7.232234e+00 4.734992e+00
6.986534e+00 4.734992e+00
6.818730e+00 4.734992e+00
6.704208e+00 4.734992e+00
6.621662e+00 4.734992e+00
6.531329e+00 4.734992e+00
6.458718e+00 4.734992e+00
6.393610e+00 4.734992e+00
6.344673e+00 4.734992e+00
6.294875e+00 4.558454e+00
6.240376e+00 4.558454e+00
6.193644e+00 4.558454e+00
6.026673e+00 4.558454e+00
5.489441e+00 3.556801e+00
5.021506e+00 3.556801e+00
4.615107e+00 2.896622e+00
4.276909e+00 2.817445e+00
3.978293e+00 2.576039e+00
3.716872e+00 2.238606e+00
3.435590e+00 2.138099e+00
3.116359e+00 1.804109e+00
2.904508e+00 1.723558e+00
2.741301e+00 1.594769e+00
2.592398e+00 1.563786e+00
2.460528e+00 1.407594e+00
2.352531e+00 1.358846e+00
2.256972e+00 1.336256e+00
2.175300e+00 1.308806e+00
2.091612e+00 1.197880e+00
2.024468e+00 1.184960e+00
1.958036e+00 1.184960e+00
1.893335e+00 1.129306e+00
1.830845e+00 1.129306e+00
1.774998e+00 1.125530e+00
1.723379e+00 1.026884e+00
1.676194e+00 9.300375e-01
1.634077e+00 9.300375e-01
1.593299e+00 9.300375e-01
1.555720e+00 9.300375e-01
1.516443e+00 9.300375e-01
1.481400e+00 9.238184e-01
1.445534e+00 8.836783e-01
1.410340e+00 8.439241e-01
1.375883e+00 8.400680e-01
1.349107e+00 8.400680e-01
1.316188e+00 8.097800e-01
1.285473e+00 8.084083e-01
1.255051e+00 8.084083e-01
1.228983e+00 8.084083e-01
1.199937e+00 7.978189e-01
1.174258e+00 7.691360e-01
1.143259e+00 7.365644e-01
1.105001e+00 7.149915e-01
1.075752e+00 6.991921e-01
1.045452e+00 6.866693e-01
1.021033e+00 6.797547e-01
9.928305e-01 6.564028e-01
9.629885e-01 6.098154e-01
9.273860e-01 6.009145e-01
8.988777e-01 5.926612e-01
8.656216e-01 5.804970e-01
8.328981e-01 5.441456e-01
8.094141e-01 5.260466e-01
7.807298e-01 5.260466e-01
7.519289e-01 5.191733e-01
7.246666e-01 5.073408e-01
6.982314e-01 5.046763e-01
6.653623e-01 4.605217e-01
6.391361e-01 4.364540e-01
6.118721e-01 4.154254e-01
5.877665e-01 4.104631e-01
5.644548e-01 3.893201e-01
5.391750e-01 3.805187e-01
5.168835e-01 3.563438e-01
4.978599e-01 3.374701e-01
4.776198e-01 3.264601e-01
4.593785e-01 3.221755e-01
4.408454e-01 2.963287e-01
4.205233e-01 2.897315e-01
4.031822e-01 2.777666e-01
3.867869e-01 2.701843e-01
3.620728e-01 2.626595e-01
3.432667e-01 2.582255e-01
3.223587e-01 2.480045e-01
3.036162e-01 2.387461e-01
2.788139e-01 2.180145e-01
2.457074e-01 2.037887e-01
2.070173e-01 1.916545e-01
1.095191e+01 6.281846e+00
5.423167e+00 4.062989e+00
5.113898e+00 3.979523e+00
1.721244e+00 1.043771e+00
8.151968e-02 5.839419e-02
2.544288e-02 2.446700e-02
2.071176e-02 2.061089e-02
2.033866e-02 2.032944e-02
2.030165e-02 2.030070e-02
2.029748e-02 2.029737e-02
2.029706e-02 2.029705e-02
2.029702e-02 2.029702e-02
7.800640e+00 2.726674e+00
7.218217e+00 2.726674e+00
6.974647e+00 2.726674e+00
6.814644e+00 2.726674e+00
6.649592e+00 2.726674e+00
6.542812e+00 2.726674e+00
6.454001e+00 2.726674e+00
6.371388e+00 2.726674e+00
6.316833e+00 2.726674e+00
6.244242e+00 2.726674e+00
6.074368e+00 2.662647e+00
5.435172e+00 2.276829e+00
4.944548e+00 2.026991e+00
4.589657e+00 1.894982e+00
4.261755e+00 1.553632e+00
3.980203e+00 1.511416e+00
3.758022e+00 1.498764e+00
3.508510e+00 1.273581e+00
3.201033e+00 1.136188e+00
2.955054e+00 1.003360e+00
2.779544e+00 1.003360e+00
2.637346e+00 9.882670e-01
2.509667e+00 9.821621e-01
2.402818e+00 9.502454e-01
2.306783e+00 9.207274e-01
2.220981e+00 9.207274e-01
2.141358e+00 9.207274e-01
2.076519e+00 8.207638e-01
2.011760e+00 7.960195e-01
1.942983e+00 7.960195e-01
1.885620e+00 7.845786e-01
1.829339e+00 6.944344e-01
1.773623e+00 6.093147e-01
1.723397e+00 5.876572e-01
1.674900e+00 5.671311e-01
1.636511e+00 5.671311e-01
1.599288e+00 5.671311e-01
1.558027e+00 5.671311e-01
1.519422e+00 5.591267e-01
1.480038e+00 5.336562e-01
1.446214e+00 5.305112e-01
1.412740e+00 5.201782e-01
1.380005e+00 5.153546e-01
1.348430e+00 5.153546e-01
1.323097e+00 5.153546e-01
1.285985e+00 4.848244e-01
1.244267e+00 4.830753e-01
1.217927e+00 4.826141e-01
1.187468e+00 4.826141e-01
1.152132e+00 4.774089e-01
1.120798e+00 4.769285e-01
1.091677e+00 4.704702e-01
1.061369e+00 4.704702e-01
1.030154e+00 4.686762e-01
1.004477e+00 4.678377e-01
9.758568e-01 4.580824e-01
9.416805e-01 4.359895e-01
9.091831e-01 4.181012e-01
8.773667e-01 4.180905e-01
8.505219e-01 4.107397e-01
8.262074e-01 3.998198e-01
8.015611e-01 3.974264e-01
7.805181e-01 3.884101e-01
7.516438e-01 3.726919e-01
7.246152e-01 3.581722e-01
6.927146e-01 3.558240e-01
6.692016e-01 3.517033e-01
6.479982e-01 3.274570e-01
6.231939e-01 3.274570e-01
5.986965e-01 3.202079e-01
5.746969e-01 3.200831e-01
5.490491e-01 3.126596e-01
5.290024e-01 2.929106e-01
5.076160e-01 2.885050e-01
4.887538e-01 2.855109e-01
4.701662e-01 2.853524e-01
4.500949e-01 2.603184e-01
4.316108e-01 2.558060e-01
4.124814e-01 2.502593e-01
3.929991e-01 2.480598e-01
3.744409e-01 2.400616e-01
3.583826e-01 2.370961e-01
3.388246e-01 2.326019e-01
3.196397e-01 2.118014e-01
2.984742e-01 2.083488e-01
2.768658e-01 2.033466e-01
2.539932e-01 1.987818e-01
2.236728e-01 1.872334e-01
1.893213e-01 1.788168e-01
1.067578e+01 6.985674e+00
5.781069e+00 4.340891e+00
5.377131e+00 4.136360e+00
1.702013e+00 9.999033e-01
5.820981e-02 4.320648e-02
9.213939e-03 8.388466e-03
6.219851e-03 6.127183e-03
5.906626e-03 5.900742e-03
5.880879e-03 5.880200e-03
5.878252e-03 5.878164e-03
5.877952e-03 5.877943e-03
5.877912e-03 5.877909e-03
7.616910e+00 4.118712e+00
7.174765e+00 4.118712e+00
6.921115e+00 4.118712e+00
6.778850e+00 4.118712e+00
6.664797e+00 4.118712e+00
6.575914e+00 4.118712e+00
6.510502e+00 4.118712e+00
6.436176e+00 4.118712e+00
6.386447e+00 4.118712e+00
6.336563e+00 4.118712e+00
6.300264e+00 4.118712e+00
6.240930e+00 4.118712e+00
6.194683e+00 4.118712e+00
6.169551e+00 4.118712e+00
6.133337e+00 4.025251e+00
6.100113e+00 4.025251e+00
6.061269e+00 4.025251e+00
6.039289e+00 4.025251e+00
6.010970e+00 4.025251e+00
5.985957e+00 4.025251e+00
5.958132e+00 4.025251e+00
5.927962e+00 4.025251e+00
5.901794e+00 4.025251e+00
5.880293e+00 4.025251e+00
5.864949e+00 4.025251e+00
5.852709e+00 4.025251e+00
5.829617e+00 4.025251e+00
5.815637e+00 4.025251e+00
5.803169e+00 4.025251e+00
5.785883e+00 4.025251e+00
5.769255e+00 4.025251e+00
5.747438e+00 4.025251e+00
5.196857e+00 3.530014e+00
4.640102e+00 3.212080e+00
4.172747e+00 2.891008e+00
3.730275e+00 2.637466e+00
3.279385e+00 2.269805e+00
2.980861e+00 1.911514e+00
2.738936e+00 1.760117e+00
2.551300e+00 1.625596e+00
2.401585e+00 1.625596e+00
2.274153e+00 1.594229e+00
2.162791e+00 1.492856e+00
2.064726e+00 1.329721e+00
1.985516e+00 1.265924e+00
1.917494e+00 1.259861e+00
1.854596e+00 1.208470e+00
1.796069e+00 1.168083e+00
1.739285e+00 1.156615e+00
1.686178e+00 1.087404e+00
1.622774e+00 9.351359e-01
1.571647e+00 9.194532e-01
1.536086e+00 8.406418e-01
1.497343e+00 8.126341e-01
1.448603e+00 8.126341e-01
1.403578e+00 8.087345e-01
1.346724e+00 7.994884e-01
1.304691e+00 7.994884e-01
1.263404e+00 7.994884e-01
1.212206e+00 7.651748e-01
1.160679e+00 7.521621e-01
1.107264e+00 7.521621e-01
1.057678e+00 7.363705e-01
1.001149e+00 6.804590e-01
9.570755e-01 6.369222e-01
9.087318e-01 6.163647e-01
8.656346e-01 6.080998e-01
8.260303e-01 5.305212e-01
7.917622e-01 5.305212e-01
7.581006e-01 5.305212e-01
7.214279e-01 5.005744e-01
6.853965e-01 4.811246e-01
6.531524e-01 4.499193e-01
6.258385e-01 4.342319e-01
5.949497e-01 4.006176e-01
5.625933e-01 3.927497e-01
5.367674e-01 3.882941e-01
5.093889e-01 3.634284e-01
4.817496e-01 3.090454e-01
4.523761e-01 3.011535e-01
4.275377e-01 2.870152e-01
4.015151e-01 2.826979e-01
3.742857e-01 2.528236e-01
3.516260e-01 2.419383e-01
3.251727e-01 2.404335e-01
3.060788e-01 2.374331e-01
2.865955e-01 2.346792e-01
2.540754e-01 2.092409e-01
2.203046e-01 1.791265e-01
1.119380e+01 6.361012e+00
5.568078e+00 4.490577e+00
5.070190e+00 4.130863e+00
7.824681e-01 4.848951e-01
3.850070e-02 3.144434e-02
9.528197e-03 8.840580e-03
6.855127e-03 6.761348e-03
6.531707e-03 6.524741e-03
6.499755e-03 6.499198e-03
6.497291e-03 6.497233e-03
6.497076e-03 6.497069e-03
6.497046e-03 6.497045e-03
7.613647e+00 4.464987e+00
7.168879e+00 4.464987e+00
6.907551e+00 4.464987e+00
6.766650e+00 4.464987e+00
6.651924e+00 4.464987e+00
6.572851e+00 4.464987e+00
6.492667e+00 4.464987e+00
6.424813e+00 3.921185e+00
6.288447e+00 3.859364e+00
5.923045e+00 3.719740e+00
5.416000e+00 3.098547e+00
4.939192e+00 2.967683e+00
4.554931e+00 2.445591e+00
4.248670e+00 2.195636e+00
3.946159e+00 1.948355e+00
3.638883e+00 1.813357e+00
3.295338e+00 1.652242e+00
3.055684e+00 1.462680e+00
2.859613e+00 1.446270e+00
2.708274e+00 1.446270e+00
2.567744e+00 1.260755e+00
2.446411e+00 1.201198e+00
2.344808e+00 1.034693e+00
2.248595e+00 9.534772e-01
2.170605e+00 9.476036e-01
2.102488e+00 9.061475e-01
2.034926e+00 9.061475e-01
1.977554e+00 8.695797e-01
1.918090e+00 8.695797e-01
1.866489e+00 8.695797e-01
1.815147e+00 8.656739e-01
1.771763e+00 8.245022e-01
1.727535e+00 7.785479e-01
1.685324e+00 7.785479e-01
1.646133e+00 7.785479e-01
1.600511e+00 7.785479e-01
1.564780e+00 7.549465e-01
1.529643e+00 7.549465e-01
1.494502e+00 7.549465e-01
1.459061e+00 7.549465e-01
1.425374e+00 7.517302e-01
1.393517e+00 7.378153e-01
1.359962e+00 7.024043e-01
1.330876e+00 7.024043e-01
1.302040e+00 6.683910e-01
1.273126e+00 6.618351e-01
1.242382e+00 6.506242e-01
1.212014e+00 6.506242e-01
1.192652e+00 6.506242e-01
1.161691e+00 6.289835e-01
1.125613e+00 6.289835e-01
1.090277e+00 6.215123e-01
1.056218e+00 5.921338e-01
1.028757e+00 5.789946e-01
9.938896e-01 5.714620e-01
9.631831e-01 5.614155e-01
9.344186e-01 5.614155e-01
9.028365e-01 5.614155e-01
8.696745e-01 5.536660e-01
8.382459e-01 5.504624e-01
8.131201e-01 5.409754e-01
7.842647e-01 5.327843e-01
7.632324e-01 4.999572e-01
7.396884e-01 4.809406e-01
7.148838e-01 4.623669e-01
6.883386e-01 4.335471e-01
6.672560e-01 4.196989e-01
6.439085e-01 3.793195e-01
6.201181e-01 3.710950e-01
5.980880e-01 3.613924e-01
5.749434e-01 3.228310e-01
5.548623e-01 3.127520e-01
5.331104e-01 3.113819e-01
5.104554e-01 3.096847e-01
4.906618e-01 2.915813e-01
4.705778e-01 2.902094e-01
4.509949e-01 2.862293e-01
4.339783e-01 2.862293e-01
4.152992e-01 2.730243e-01
3.961575e-01 2.730243e-01
3.769761e-01 2.628327e-01
3.590441e-01 2.558207e-01
3.380687e-01 2.401964e-01
3.197282e-01 2.297805e-01
3.001495e-01 2.240026e-01
2.811212e-01 2.150894e-01
2.628718e-01 2.026279e-01
2.371775e-01 1.933683e-01
1.975331e-01 1.653478e-01
1.100256e+01 7.002875e+00
5.171141e+00 3.970077e+00
4.808335e+00 3.937349e+00
6.355020e-01 4.521845e-01
6.648909e-02 5.865234e-02
3.169341e-02 3.069010e-02
2.798768e-02 2.783319e-02
2.740434e-02 2.739006e-02
2.733773e-02 2.733615e-02
2.733142e-02 2.733126e-02
2.733080e-02 2.733078e-02
2.733073e-02 2.733072e-02
7.961364e+00 3.716330e+00
7.294854e+00 3.716330e+00
6.964512e+00 3.716330e+00
6.798643e+00 3.716330e+00
6.676284e+00 3.716330e+00
6.600859e+00 3.716330e+00
6.506748e+00 3.716330e+00
5.509968e+00 3.534195e+00
4.565868e+00 2.867646e+00
3.987997e+00 1.853599e+00
3.647905e+00 1.699246e+00
3.348193e+00 1.490662e+00
3.122654e+00 1.488718e+00
2.931007e+00 1.287501e+00
2.780522e+00 1.287501e+00
2.651025e+00 1.113498e+00
2.551478e+00 1.069496e+00
2.452422e+00 1.069496e+00
2.366705e+00 1.051577e+00
2.290318e+00 1.041845e+00
2.216741e+00 1.030115e+00
2.145342e+00 9.620906e-01
2.086460e+00 9.620906e-01
2.025018e+00 9.452386e-01
1.965102e+00 9.452386e-01
1.914602e+00 9.430061e-01
1.860171e+00 8.679880e-01
1.814736e+00 8.679880e-01
1.774435e+00 8.679880e-01
1.735927e+00 8.679880e-01
1.700035e+00 7.951378e-01
1.661087e+00 7.951378e-01
1.628189e+00 7.951378e-01
1.590141e+00 7.526573e-01
1.551221e+00 7.039207e-01
1.518771e+00 7.039207e-01
1.486576e+00 7.039207e-01
1.453792e+00 6.704284e-01
1.423391e+00 6.704284e-01
1.396727e+00 6.704284e-01
1.369560e+00 6.704284e-01
1.345862e+00 6.668811e-01
1.320945e+00 6.668811e-01
1.295794e+00 6.668811e-01
1.275666e+00 6.668811e-01
1.257740e+00 6.466887e-01
1.235168e+00 6.466887e-01
1.211057e+00 6.124879e-01
1.182509e+00 6.124879e-01
1.151279e+00 6.124879e-01
1.126761e+00 6.098151e-01
1.095071e+00 5.836706e-01
1.055671e+00 5.628486e-01
1.024485e+00 5.586064e-01
9.962126e-01 5.533457e-01
9.671250e-01 5.533457e-01
9.396555e-01 5.410141e-01
9.102761e-01 4.905240e-01
8.802777e-01 4.820373e-01
8.530035e-01 4.483128e-01
8.220622e-01 4.391268e-01
7.973707e-01 4.391268e-01
7.689189e-01 4.280773e-01
7.403656e-01 4.170664e-01
7.170863e-01 4.150259e-01
6.934570e-01 3.956494e-01
6.684556e-01 3.956494e-01
6.454025e-01 3.828301e-01
6.229036e-01 3.828301e-01
6.013785e-01 3.828301e-01
5.792503e-01 3.646680e-01
5.624256e-01 3.646680e-01
5.437045e-01 3.606570e-01
5.216034e-01 3.606336e-01
5.024506e-01 3.579806e-01
4.806845e-01 3.464603e-01
4.595041e-01 3.230399e-01
4.367338e-01 2.990373e-01
4.180691e-01 2.796668e-01
3.994164e-01 2.714479e-01
3.804515e-01 2.660672e-01
3.642472e-01 2.555902e-01
3.431385e-01 2.298045e-01
3.260351e-01 2.258700e-01
3.011422e-01 2.097413e-01
2.810724e-01 1.860195e-01
2.597626e-01 1.701144e-01
2.258117e-01 1.602759e-01
1.834208e-01 1.486394e-01
1.090235e+01 6.402403e+00
5.699539e+00 4.310509e+00
5.342957e+00 4.140163e+00
1.062533e+00 6.533301e-01
6.813154e-02 5.317164e-02
1.697422e-02 1.622216e-02
1.347069e-02 1.339250e-02
1.317347e-02 1.316362e-02
1.314384e-02 1.314292e-02
1.314004e-02 1.313990e-02
1.313949e-02 1.313948e-02
1.313943e-02 1.313943e-02
8.146821e+00 4.679276e+00
7.309299e+00 4.679276e+00
7.014807e+00 4.679276e+00
6.810580e+00 4.679276e+00
6.688935e+00 4.679276e+00
6.586166e+00 4.390393e+00
6.509365e+00 4.390393e+00
6.417571e+00 4.390393e+00
6.356456e+00 4.390393e+00
5.999028e+00 4.054392e+00
5.432505e+00 3.513386e+00
4.966340e+00 2.617045e+00
4.594833e+00 2.542288e+00
4.292736e+00 2.462334e+00
4.029440e+00 2.347115e+00
3.794538e+00 2.347115e+00
3.580336e+00 2.193094e+00
3.321770e+00 1.942980e+00
3.062259e+00 1.725729e+00
2.860543e+00 1.696327e+00
2.692785e+00 1.578630e+00
2.570683e+00 1.571622e+00
2.459568e+00 1.525522e+00
2.351413e+00 1.372503e+00
2.268616e+00 1.343545e+00
2.180188e+00 1.315647e+00
2.105434e+00 1.315647e+00
2.038148e+00 1.314016e+00
1.970319e+00 1.200094e+00
1.910013e+00 1.185393e+00
1.856730e+00 1.185393e+00
1.805691e+00 1.118582e+00
1.759468e+00 1.105649e+00
1.715509e+00 1.105649e+00
1.674668e+00 1.094163e+00
1.632349e+00 1.088272e+00
1.597684e+00 1.050285e+00
1.559756e+00 1.050285e+00
1.525070e+00 1.015193e+00
1.490804e+00 9.000160e-01
1.454757e+00 8.524205e-01
1.424924e+00 8.373587e-01
1.399733e+00 8.130514e-01
1.370995e+00 8.130514e-01
1.341024e+00 8.038975e-01
1.308736e+00 7.988229e-01
1.284453e+00 7.505242e-01
1.264399e+00 7.505242e-01
1.247030e+00 7.505242e-01
1.211188e+00 7.505242e-01
1.177608e+00 7.492089e-01
1.136674e+00 7.492089e-01
1.095345e+00 7.441954e-01
1.061475e+00 7.275108e-01
1.029500e+00 7.165338e-01
9.949482e-01 6.950963e-01
9.611296e-01 6.950963e-01
9.240254e-01 6.744169e-01
8.925099e-01 6.606407e-01
8.603379e-01 6.062765e-01
8.325555e-01 6.062765e-01
8.010575e-01 5.992063e-01
7.753367e-01 5.600490e-01
7.476824e-01 5.350949e-01
7.251373e-01 5.272031e-01
7.015968e-01 4.985512e-01
6.772511e-01 4.615623e-01
6.548761e-01 4.143268e-01
6.313526e-01 3.834966e-01
6.096988e-01 3.767922e-01
5.868435e-01 3.745252e-01
5.675912e-01 3.644662e-01
5.452579e-01 3.568610e-01
5.227887e-01 3.330095e-01
4.997651e-01 3.259838e-01
4.781678e-01 3.163157e-01
4.588178e-01 3.089394e-01
4.398616e-01 2.912792e-01
4.221631e-01 2.878301e-01
4.053539e-01 2.558425e-01
3.865763e-01 2.465621e-01
3.710977e-01 2.407296e-01
3.507383e-01 2.310323e-01
3.321274e-01 2.283690e-01
3.114087e-01 2.173445e-01
2.915738e-01 1.979026e-01
2.696232e-01 1.773711e-01
2.399684e-01 1.696495e-01
1.999603e-01 1.524167e-01
1.065958e+01 6.292248e+00
5.738685e+00 4.515258e+00
5.416448e+00 4.426223e+00
1.144863e+00 7.092438e-01
9.312141e-02 7.826833e-02
3.564635e-02 3.383521e-02
2.918905e-02 2.900006e-02
2.846577e-02 2.844306e-02
2.836716e-02 2.836513e-02
2.835874e-02 2.835847e-02
2.835777e-02 2.835774e-02
2.835765e-02 2.835764e-02
8.132585e+00 4.602417e+00
7.383623e+00 4.602417e+00
7.101789e+00 4.602417e+00
6.882543e+00 4.602417e+00
6.774336e+00 4.602417e+00
6.681450e+00 4.602417e+00
6.590495e+00 4.602417e+00
6.512867e+00 4.602417e+00
6.429704e+00 4.469569e+00
6.372158e+00 4.469569e+00
6.308438e+00 4.469569e+00
6.249754e+00 4.469569e+00
6.196078e+00 4.468762e+00
6.160843e+00 4.468762e+00
6.131401e+00 4.468762e+00
6.094511e+00 4.468762e+00
6.072296e+00 4.468762e+00
6.039357e+00 4.300129e+00
6.006973e+00 4.300129e+00
5.975809e+00 4.300129e+00
5.956456e+00 4.300129e+00
5.936225e+00 4.300129e+00
5.912643e+00 4.300129e+00
5.880742e+00 4.300129e+00
5.862420e+00 4.300129e+00
5.838923e+00 4.300129e+00
5.811569e+00 4.300129e+00
5.793380e+00 4.300129e+00
5.756005e+00 4.300129e+00
5.738595e+00 4.300129e+00
5.718049e+00 4.300129e+00
5.697718e+00 4.300129e+00
5.680386e+00 4.300129e+00
5.666281e+00 4.300129e+00
5.650215e+00 4.300129e+00
5.536594e+00 4.109803e+00
4.771350e+00 3.109866e+00
4.218761e+00 2.787584e+00
3.672866e+00 2.393895e+00
3.219801e+00 1.916377e+00
2.905486e+00 1.875252e+00
2.658198e+00 1.771803e+00
2.478116e+00 1.709187e+00
2.307635e+00 1.480411e+00
2.183065e+00 1.454495e+00
2.081465e+00 1.299827e+00
2.003840e+00 1.299827e+00
1.934298e+00 1.212658e+00
1.859939e+00 1.196005e+00
1.796571e+00 1.196005e+00
1.744271e+00 1.153540e+00
1.683535e+00 1.134016e+00
1.615462e+00 1.095504e+00
1.562618e+00 1.069541e+00
1.503956e+00 1.069541e+00
1.452909e+00 1.055464e+00
1.406070e+00 1.027668e+00
1.370006e+00 9.668035e-01
1.335770e+00 9.668035e-01
1.295517e+00 9.422380e-01
1.238088e+00 8.630934e-01
1.184849e+00 8.489682e-01
1.141659e+00 8.480943e-01
1.088207e+00 8.437210e-01
1.043957e+00 7.731192e-01
9.938790e-01 7.359703e-01
9.402290e-01 6.978156e-01
8.976289e-01 6.753146e-01
8.617642e-01 6.283147e-01
8.231083e-01 6.137266e-01
7.806799e-01 5.664880e-01
7.480238e-01 5.502314e-01
7.124469e-01 5.243283e-01
6.763210e-01 5.002792e-01
6.449206e-01 4.759273e-01
6.123037e-01 4.198011e-01
5.815939e-01 4.088895e-01
5.567495e-01 3.903967e-01
5.284423e-01 3.776830e-01
5.034838e-01 3.576296e-01
4.757251e-01 3.378242e-01
4.509472e-01 3.174423e-01
4.211199e-01 3.115201e-01
3.971105e-01 2.931681e-01
3.666064e-01 2.699207e-01
3.369326e-01 2.671851e-01
3.063381e-01 2.529627e-01
2.687468e-01 2.284878e-01
2.174715e-01 2.041730e-01
1.083546e+01 5.938433e+00
5.412792e+00 4.263020e+00
5.082457e+00 4.108711e+00
5.986937e-01 3.947893e-01
2.671650e-02 2.257072e-02
8.764586e-03 8.289550e-03
7.333513e-03 7.300471e-03
7.169525e-03 7.165757e-03
7.157676e-03 7.157408e-03
7.156692e-03 7.156671e-03
7.156595e-03 7.156594e-03
3.745168e+00 2.297370e+00
3.498985e+00 2.297370e+00
3.386418e+00 2.297370e+00
3.317425e+00 2.297370e+00
3.260251e+00 2.279131e+00
3.218985e+00 2.279131e+00
3.187336e+00 2.279131e+00
2.993120e+00 1.933648e+00
2.781078e+00 1.815234e+00
2.610835e+00 1.391085e+00
2.453579e+00 1.391085e+00
2.333010e+00 1.227365e+00
2.219139e+00 1.227365e+00
2.114847e+00 1.227365e+00
2.031371e+00 1.223826e+00
1.963108e+00 1.168467e+00
1.894193e+00 1.131145e+00
1.837403e+00 1.116212e+00
1.776806e+00 1.086443e+00
1.729052e+00 1.070647e+00
1.675637e+00 1.011596e+00
1.637463e+00 1.011596e+00
1.591079e+00 9.631638e-01
1.548481e+00 8.707958e-01
1.506700e+00 8.329408e-01
1.457952e+00 8.329408e-01
1.421458e+00 8.259260e-01
1.388660e+00 8.191949e-01
1.356279e+00 8.047543e-01
1.329920e+00 8.042306e-01
1.297978e+00 8.042306e-01
1.264118e+00 7.531046e-01
1.225289e+00 7.528983e-01
1.186413e+00 7.528983e-01
1.153050e+00 7.419358e-01
1.123532e+00 7.269304e-01
1.095988e+00 7.157045e-01
1.067981e+00 6.474260e-01
1.036915e+00 6.417275e-01
1.010368e+00 6.295354e-01
9.873976e-01 6.270062e-01
9.613665e-01 6.270061e-01
9.403252e-01 5.648003e-01
9.203006e-01 5.505050e-01
8.983963e-01 5.505050e-01
8.803539e-01 5.341605e-01
8.601892e-01 5.341605e-01
8.426007e-01 5.341605e-01
8.258420e-01 5.333749e-01
8.089152e-01 5.269015e-01
7.912778e-01 5.158706e-01
7.769697e-01 5.158706e-01
7.622967e-01 5.158706e-01
7.485436e-01 5.158706e-01
7.357030e-01 5.146543e-01
7.218378e-01 5.051728e-01
7.098081e-01 5.051728e-01
6.954478e-01 5.010885e-01
6.823802e-01 4.725538e-01
6.693264e-01 4.626026e-01
6.565059e-01 4.595193e-01
6.459377e-01 4.557396e-01
6.350288e-01 4.557395e-01
6.213763e-01 4.400276e-01
6.109776e-01 4.400275e-01
5.992222e-01 4.400274e-01
5.857239e-01 4.399668e-01
5.718406e-01 4.392495e-01
5.601094e-01 4.309811e-01
5.482123e-01 4.273482e-01
5.364070e-01 4.156885e-01
5.239406e-01 4.017199e-01
5.142381e-01 4.017188e-01
5.052384e-01 3.792501e-01
4.927784e-01 3.582217e-01
4.819779e-01 3.568296e-01
4.732836e-01 3.493862e-01
4.628602e-01 3.492975e-01
4.495198e-01 3.491062e-01
4.406800e-01 3.390371e-01
4.290433e-01 3.242792e-01
4.190612e-01 3.241291e-01
4.083552e-01 3.222749e-01
3.957186e-01 3.135488e-01
3.795480e-01 3.107994e-01
3.532271e-01 3.059937e-01
3.336590e-01 2.941999e-01
3.122651e-01 2.792429e-01
2.840499e-01 2.582370e-01
2.345664e-01 2.143444e-01
1.096799e+01 6.453424e+00
3.404499e+00 2.457511e+00
3.142669e+00 2.433374e+00
3.224939e-01 1.685639e-01
2.413496e-02 2.052274e-02
9.146530e-03 8.820079e-03
7.850741e-03 7.828067e-03
7.740276e-03 7.737787e-03
7.728075e-03 7.727923e-03
7.727274e-03 7.727257e-03
7.727215e-03 7.727214e-03
7.856369e+00 4.966129e+00
7.290339e+00 4.633212e+00
6.998896e+00 4.633212e+00
6.838523e+00 4.633212e+00
6.704692e+00 4.623199e+00
6.601186e+00 4.623199e+00
6.523854e+00 4.623199e+00
6.446601e+00 4.623199e+00
6.406362e+00 4.623199e+00
6.360299e+00 4.623199e+00
6.311657e+00 4.623199e+00
6.272778e+00 4.623199e+00
6.216273e+00 4.623199e+00
6.172920e+00 4.623199e+00
6.127765e+00 4.623199e+00
6.093473e+00 4.623199e+00
6.048740e+00 4.623199e+00
5.615793e+00 3.013770e+00
5.132840e+00 3.013770e+00
4.664134e+00 2.452641e+00
4.326860e+00 2.452641e+00
4.005026e+00 2.303001e+00
3.698636e+00 2.177896e+00
3.378545e+00 2.026210e+00
3.116134e+00 1.744359e+00
2.903166e+00 1.721493e+00
2.733398e+00 1.576270e+00
2.599583e+00 1.490904e+00
2.492081e+00 1.481879e+00
2.376632e+00 1.472261e+00
2.284174e+00 1.457892e+00
2.199855e+00 1.398815e+00
2.122775e+00 1.309194e+00
2.037967e+00 1.220177e+00
1.978746e+00 1.220177e+00
1.918082e+00 1.220177e+00
1.864454e+00 1.181519e+00
1.805968e+00 1.119785e+00
1.754456e+00 1.119785e+00
1.709600e+00 1.062953e+00
1.666276e+00 1.062953e+00
1.625344e+00 1.062953e+00
1.583946e+00 1.055557e+00
1.543407e+00 9.806380e-01
1.511406e+00 9.565700e-01
1.485971e+00 9.565700e-01
1.454291e+00 9.565700e-01
1.416042e+00 9.442210e-01
1.383889e+00 9.194327e-01
1.353600e+00 8.286983e-01
1.324711e+00 8.286983e-01
1.296260e+00 7.400474e-01
1.249509e+00 7.400474e-01
1.223118e+00 6.974579e-01
1.187601e+00 6.974579e-01
1.151696e+00 6.913647e-01
1.122802e+00 6.189816e-01
1.088500e+00 6.055425e-01
1.050668e+00 5.928220e-01
1.019113e+00 5.928220e-01
9.768610e-01 5.489911e-01
9.430505e-01 5.478158e-01
9.170531e-01 5.478158e-01
8.781326e-01 5.250796e-01
8.494764e-01 5.177801e-01
8.205586e-01 5.131876e-01
7.917509e-01 5.006726e-01
7.615958e-01 4.563748e-01
7.316017e-01 4.405552e-01
7.023496e-01 4.384555e-01
6.785972e-01 4.384555e-01
6.505961e-01 4.344412e-01
6.302383e-01 4.220091e-01
6.062505e-01 4.077983e-01
5.792195e-01 3.914428e-01
5.554148e-01 3.783545e-01
5.335885e-01 3.578657e-01
5.132475e-01 3.448225e-01
4.920317e-01 3.415626e-01
4.724832e-01 3.337820e-01
4.488069e-01 3.214059e-01
4.284129e-01 3.132771e-01
4.085200e-01 3.106624e-01
3.878577e-01 2.957511e-01
3.661282e-01 2.620903e-01
3.446003e-01 2.580479e-01
3.251470e-01 2.362877e-01
3.018074e-01 2.290458e-01
2.641255e-01 2.103132e-01
2.213998e-01 1.993096e-01
1.082560e+01 5.855720e+00
5.421071e+00 4.419084e+00
5.076526e+00 3.866517e+00
1.367696e+00 8.640537e-01
5.603292e-02 4.295060e-02
1.138675e-02 1.075875e-02
8.745245e-03 8.671162e-03
8.466952e-03 8.460722e-03
8.440202e-03 8.439359e-03
8.437191e-03 8.437132e-03
8.436936e-03 8.436932e-03
9.004493e+00 4.614909e+00
7.406909e+00 3.716786e+00
7.067309e+00 3.716786e+00
6.855887e+00 3.716786e+00
6.689649e+00 3.716786e+00
6.584226e+00 3.716786e+00
6.510024e+00 3.716786e+00
6.446411e+00 3.716786e+00
6.381547e+00 3.716786e+00
6.327576e+00 3.716786e+00
6.271776e+00 3.716786e+00
6.233515e+00 3.716786e+00
6.180009e+00 3.716786e+00
6.136124e+00 3.716786e+00
6.106305e+00 3.716786e+00
6.077501e+00 3.716786e+00
6.043247e+00 3.716786e+00
6.020885e+00 3.716786e+00
5.982830e+00 3.716786e+00
5.949992e+00 3.716786e+00
5.922749e+00 3.716786e+00
5.904134e+00 3.716786e+00
5.886032e+00 3.716786e+00
5.859437e+00 3.716786e+00
5.831327e+00 3.716786e+00
5.810236e+00 3.716786e+00
5.785480e+00 3.716786e+00
5.763379e+00 3.716786e+00
5.743541e+00 3.716786e+00
5.725039e+00 3.716786e+00
5.706649e+00 3.716786e+00
5.686968e+00 3.716786e+00
5.674306e+00 3.716786e+00
5.643667e+00 3.716786e+00
4.975745e+00 2.972845e+00
4.443249e+00 2.824267e+00
3.868901e+00 2.606439e+00
3.353334e+00 1.927256e+00
2.986398e+00 1.700981e+00
2.733937e+00 1.525620e+00
2.526634e+00 1.503662e+00
2.363111e+00 1.357938e+00
2.228504e+00 1.287069e+00
2.115927e+00 1.255532e+00
2.018228e+00 1.174333e+00
1.935936e+00 1.137905e+00
1.856641e+00 1.122322e+00
1.796185e+00 1.073211e+00
1.733188e+00 1.026020e+00
1.669467e+00 1.020537e+00
1.614974e+00 9.607293e-01
1.564985e+00 8.896046e-01
1.521220e+00 8.896046e-01
1.467347e+00 8.010550e-01
1.417684e+00 7.610230e-01
1.373363e+00 7.610230e-01
1.329846e+00 7.610230e-01
1.284933e+00 7.424497e-01
1.241041e+00 7.424497e-01
1.193748e+00 7.075777e-01
1.152763e+00 7.067028e-01
1.108950e+00 6.784628e-01
1.071067e+00 6.532832e-01
1.031203e+00 6.167465e-01
9.934760e-01 5.974660e-01
9.556461e-01 5.974660e-01
9.167098e-01 5.936169e-01
8.826649e-01 5.750473e-01
8.426785e-01 5.587366e-01
8.051214e-01 5.269592e-01
7.722290e-01 4.921895e-01
7.391669e-01 4.440238e-01
7.081933e-01 4.291403e-01
6.765684e-01 4.058461e-01
6.472559e-01 3.829890e-01
6.146603e-01 3.673355e-01
5.869700e-01 3.035055e-01
5.555796e-01 3.035055e-01
5.289745e-01 3.032650e-01
4.998944e-01 3.024852e-01
4.746928e-01 2.908092e-01
4.507377e-01 2.908092e-01
4.260414e-01 2.862745e-01
3.990611e-01 2.836762e-01
3.748864e-01 2.836762e-01
3.509783e-01 2.752393e-01
3.318118e-01 2.579418e-01
3.100634e-01 2.520464e-01
2.742330e-01 2.263482e-01
2.339235e-01 2.141481e-01
1.113374e+01 7.098563e+00
4.004640e+00 3.178236e+00
3.704825e+00 3.121286e+00
4.457879e-01 3.168708e-01
1.832120e-02 1.562373e-02
8.352442e-03 8.184242e-03
7.466519e-03 7.438568e-03
7.322883e-03 7.319959e-03
7.308648e-03 7.308390e-03
7.307306e-03 7.307276e-03
7.307157e-03 7.307153e-03
8.968847e+00 4.047700e+00
7.460937e+00 4.047700e+00
7.086162e+00 4.047700e+00
6.893818e+00 4.047700e+00
6.760042e+00 4.047700e+00
6.646269e+00 4.047700e+00
6.551451e+00 4.047700e+00
6.464113e+00 4.047700e+00
6.400850e+00 4.047700e+00
6.350270e+00 4.047700e+00
6.290758e+00 4.047700e+00
6.234484e+00 4.047700e+00
6.183584e+00 4.047700e+00
6.128996e+00 4.047700e+00
5.876733e+00 4.047700e+00
5.313522e+00 3.271481e+00
4.883459e+00 2.618637e+00
4.463736e+00 2.525556e+00
4.126271e+00 2.433323e+00
3.836106e+00 1.984708e+00
3.438300e+00 1.862875e+00
3.155885e+00 1.484219e+00
2.937901e+00 1.319637e+00
2.751415e+00 1.319637e+00
2.614380e+00 1.250518e+00
2.495844e+00 1.245187e+00
2.389983e+00 1.188908e+00
2.287791e+00 1.152719e+00
2.209650e+00 1.152719e+00
2.131794e+00 1.029272e+00
2.058796e+00 9.815127e-01
1.994251e+00 9.815127e-01
1.935549e+00 9.355832e-01
1.883113e+00 9.310306e-01
1.830685e+00 9.310306e-01
1.779585e+00 9.280477e-01
1.731836e+00 9.163267e-01
1.689444e+00 9.163267e-01
1.655618e+00 8.531014e-01
1.616213e+00 8.531014e-01
1.580138e+00 8.042375e-01
1.542373e+00 7.820954e-01
1.508026e+00 7.820954e-01
1.473292e+00 7.820954e-01
1.440355e+00 7.684890e-01
1.414160e+00 7.684890e-01
1.380098e+00 7.534095e-01
1.347611e+00 7.534095e-01
1.318226e+00 7.534095e-01
1.289055e+00 7.534095e-01
1.260336e+00 7.534095e-01
1.234132e+00 7.534095e-01
1.208214e+00 7.534095e-01
1.174009e+00 6.877777e-01
1.137203e+00 6.877777e-01
1.103467e+00 6.877777e-01
1.081708e+00 6.877777e-01
1.051973e+00 6.840776e-01
1.022196e+00 6.840776e-01
9.887255e-01 6.801760e-01
9.558361e-01 6.801760e-01
9.220601e-01 6.428086e-01
8.900183e-01 6.376169e-01
8.576206e-01 6.230520e-01
8.266984e-01 5.666406e-01
7.981622e-01 5.414228e-01
7.711652e-01 4.921901e-01
7.454303e-01 4.758650e-01
7.194895e-01 4.634128e-01
6.942335e-01 4.629742e-01
6.656079e-01 4.439920e-01
6.435878e-01 4.439920e-01
6.235551e-01 4.336555e-01
6.009167e-01 4.029206e-01
5.777128e-01 4.006093e-01
5.536352e-01 3.703750e-01
5.340518e-01 3.677762e-01
5.119331e-01 3.476336e-01
4.909554e-01 3.443093e-01
4.715795e-01 3.435571e-01
4.529367e-01 3.399486e-01
4.335065e-01 3.278197e-01
4.116345e-01 3.212225e-01
3.925141e-01 3.032912e-01
3.735682e-01 2.894165e-01
3.493968e-01 2.660046e-01
3.265342e-01 2.455073e-01
3.010904e-01 2.335350e-01
2.755516e-01 2.104217e-01
2.351340e-01 1.789341e-01
1.095845e+01 5.985293e+00
6.004505e+00 4.877549e+00
5.742410e+00 4.841797e+00
1.056814e+00 7.176526e-01
3.608978e-02 2.725712e-02
7.317859e-03 6.855636e-03
5.026500e-03 4.982807e-03
4.844229e-03 4.839881e-03
4.822341e-03 4.821930e-03
4.820381e-03 4.820329e-03
4.820183e-03 4.820176e-03
4.820154e-03 4.820152e-03
7.552689e+00 3.128481e-01
7.205693e+00 3.128481e-01
6.986656e+00 3.128481e-01
6.804850e+00 3.128481e-01
6.663839e+00 3.128481e-01
6.550056e+00 3.128481e-01
6.438074e+00 3.128481e-01
6.374681e+00 3.128481e-01
6.311780e+00 3.128481e-01
6.208042e+00 3.128481e-01
5.625523e+00 3.128481e-01
5.112411e+00 3.005829e-01
4.724584e+00 3.005829e-01
4.385380e+00 3.005829e-01
4.088801e+00 2.993998e-01
3.829787e+00 2.929453e-01
3.604058e+00 2.747369e-01
3.312577e+00 2.545952e-01
3.069175e+00 2.236972e-01
2.876713e+00 2.236972e-01
2.714293e+00 2.236972e-01
2.580603e+00 2.236972e-01
2.469401e+00 2.167964e-01
2.370188e+00 2.090897e-01
2.279332e+00 2.090897e-01
2.211164e+00 2.090897e-01
2.139100e+00 1.976938e-01
2.064261e+00 1.923812e-01
1.999783e+00 1.923812e-01
1.942127e+00 1.792138e-01
1.883038e+00 1.742440e-01
1.820400e+00 1.696552e-01
1.775826e+00 1.696552e-01
1.732340e+00 1.696552e-01
1.682860e+00 1.696552e-01
1.640511e+00 1.696552e-01
1.605852e+00 1.696552e-01
1.567365e+00 1.696552e-01
1.538000e+00 1.696552e-01
1.505110e+00 1.696552e-01
1.471735e+00 1.589588e-01
1.437769e+00 1.589588e-01
1.407893e+00 1.589588e-01
1.375776e+00 1.589588e-01
1.339712e+00 1.589588e-01
1.311043e+00 1.589588e-01
1.278825e+00 1.589588e-01
1.253065e+00 1.501488e-01
1.224140e+00 1.501488e-01
1.197253e+00 1.443881e-01
1.177652e+00 1.443881e-01
1.148162e+00 1.443881e-01
1.117494e+00 1.433213e-01
1.087007e+00 1.371897e-01
1.050008e+00 1.197770e-01
1.011748e+00 1.197770e-01
9.871928e-01 1.195515e-01
9.599391e-01 1.129476e-01
9.214743e-01 1.055984e-01
8.900981e-01 1.055984e-01
8.601579e-01 1.040133e-01
8.267984e-01 1.038811e-01
7.988445e-01 1.032526e-01
7.678611e-01 9.518909e-02
7.403555e-01 9.474666e-02
7.126078e-01 9.282126e-02
6.805760e-01 9.282126e-02
6.535681e-01 9.144275e-02
6.297349e-01 9.012702e-02
6.078378e-01 9.012702e-02
5.799818e-01 8.464768e-02
5.558863e-01 8.432032e-02
5.365213e-01 8.359578e-02
5.154019e-01 8.359578e-02
4.965010e-01 7.431127e-02
4.742636e-01 7.241236e-02
4.504751e-01 7.228850e-02
4.301401e-01 7.202974e-02
4.076716e-01 7.153606e-02
3.866484e-01 6.495155e-02
3.690559e-01 6.388951e-02
3.522050e-01 5.551294e-02
3.328374e-01 5.414135e-02
3.138481e-01 5.307740e-02
2.938657e-01 4.461747e-02
2.720196e-01 4.321527e-02
2.435915e-01 4.259985e-02
1.944930e-01 4.140903e-02
1.446789e-01 3.714250e-02
1.093293e+01 5.502094e+00
4.975166e+00 3.913688e+00
4.642033e+00 3.652161e+00
1.004010e+00 6.022269e-01
9.583777e-02 7.390818e-02
2.867906e-02 2.721490e-02
2.216095e-02 2.192646e-02
2.134225e-02 2.131568e-02
2.121631e-02 2.121221e-02
2.120272e-02 2.120236e-02
2.120101e-02 2.120096e-02
2.120084e-02 2.120083e-02
8.049672e+00 3.434871e+00
7.303045e+00 3.434871e+00
7.009210e+00 3.434871e+00
6.820244e+00 3.434871e+00
6.676666e+00 3.434871e+00
6.611170e+00 3.434871e+00
6.473256e+00 3.434871e+00
6.022583e+00 2.814661e+00
5.442066e+00 2.753205e+00
5.036922e+00 2.707418e+00
4.613464e+00 2.634785e+00
4.284529e+00 2.436801e+00
4.028294e+00 2.436801e+00
3.738097e+00 2.044312e+00
3.490501e+00 1.832851e+00
3.255459e+00 1.832851e+00
3.021671e+00 1.830647e+00
2.833677e+00 1.727245e+00
2.663677e+00 1.525687e+00
2.545718e+00 1.419556e+00
2.424216e+00 1.237695e+00
2.323757e+00 1.237695e+00
2.234697e+00 1.142626e+00
2.148154e+00 1.135009e+00
2.067578e+00 1.098154e+00
1.999519e+00 1.062608e+00
1.937881e+00 1.062608e+00
1.880774e+00 1.038990e+00
1.821460e+00 1.038542e+00
1.766005e+00 1.038542e+00
1.715518e+00 1.038542e+00
1.671883e+00 1.014468e+00
1.624186e+00 1.003116e+00
1.587399e+00 9.791560e-01
1.553686e+00 9.791560e-01
1.517026e+00 9.350648e-01
1.479931e+00 9.350648e-01
1.447434e+00 8.813170e-01
1.416167e+00 7.908572e-01
1.387887e+00 7.908572e-01
1.355870e+00 7.908572e-01
1.328221e+00 7.840750e-01
1.302422e+00 7.522853e-01
1.276656e+00 7.494688e-01
1.253576e+00 7.155947e-01
1.224128e+00 6.784055e-01
1.193893e+00 6.440899e-01
1.166233e+00 6.396737e-01
1.139782e+00 6.136534e-01
1.117430e+00 6.136534e-01
1.090393e+00 6.135171e-01
1.060383e+00 6.017090e-01
1.023555e+00 5.722913e-01
9.979435e-01 5.677710e-01
9.700817e-01 5.677710e-01
9.445764e-01 5.646740e-01
9.169713e-01 5.646740e-01
8.904655e-01 5.646740e-01
8.618860e-01 5.646740e-01
8.337171e-01 5.523693e-01
8.088501e-01 5.263656e-01
7.810646e-01 5.118415e-01
7.557695e-01 4.720373e-01
7.297897e-01 4.390708e-01
7.096124e-01 4.390708e-01
6.837567e-01 4.390017e-01
6.646049e-01 4.383981e-01
6.448004e-01 4.311997e-01
6.218062e-01 4.283709e-01
6.003898e-01 4.207830e-01
5.780701e-01 4.145542e-01
5.561424e-01 3.982309e-01
5.360691e-01 3.755127e-01
5.137141e-01 3.555904e-01
4.947789e-01 3.511407e-01
4.789641e-01 3.471908e-01
4.562866e-01 3.387786e-01
4.413200e-01 3.350414e-01
4.230434e-01 3.198067e-01
4.041616e-01 3.079429e-01
3.875699e-01 2.924176e-01
3.686337e-01 2.678334e-01
3.476366e-01 2.590867e-01
3.319255e-01 2.534558e-01
3.138640e-01 2.475420e-01
2.932548e-01 2.360570e-01
2.721918e-01 2.255006e-01
2.455990e-01 2.233827e-01
2.037123e-01 1.912677e-01
1.101128e+01 6.727314e+00
4.995225e+00 3.931065e+00
4.577345e+00 3.748140e+00
8.732819e-01 5.825030e-01
8.488300e-02 6.750807e-02
3.119365e-02 2.918507e-02
2.571704e-02 2.546629e-02
2.494358e-02 2.490912e-02
2.481360e-02 2.480759e-02
2.479532e-02 2.479494e-02
2.479373e-02 2.479367e-02
2.479353e-02 2.479353e-02
8.714236e+00 3.828574e+00
7.477640e+00 3.828574e+00
7.089339e+00 3.828574e+00
6.881105e+00 3.828574e+00
6.740889e+00 3.828574e+00
6.651502e+00 3.828574e+00
6.571783e+00 3.828574e+00
6.506445e+00 3.828574e+00
6.439406e+00 3.828574e+00
6.363657e+00 3.828574e+00
6.309993e+00 3.828574e+00
6.279793e+00 3.828574e+00
6.222760e+00 3.828574e+00
6.183063e+00 3.828574e+00
6.141908e+00 3.828574e+00
6.106779e+00 3.828574e+00
6.076101e+00 3.828574e+00
5.955861e+00 3.828574e+00
5.320202e+00 3.445928e+00
4.806723e+00 2.953140e+00
4.395490e+00 2.504289e+00
4.023167e+00 2.493704e+00
3.632977e+00 2.184203e+00
3.295433e+00 2.079808e+00
3.047294e+00 1.884179e+00
2.852847e+00 1.724743e+00
2.680751e+00 1.723972e+00
2.550806e+00 1.619194e+00
2.438912e+00 1.418377e+00
2.322952e+00 1.418377e+00
2.231670e+00 1.321673e+00
2.153077e+00 1.145880e+00
2.080217e+00 1.145880e+00
2.003201e+00 1.095370e+00
1.933853e+00 1.095370e+00
1.873628e+00 1.091940e+00
1.818260e+00 1.053362e+00
1.770824e+00 1.026265e+00
1.724934e+00 9.394924e-01
1.680849e+00 9.394924e-01
1.638935e+00 9.394924e-01
1.597811e+00 9.394924e-01
1.557562e+00 9.394924e-01
1.518737e+00 9.375271e-01
1.482967e+00 9.375271e-01
1.454514e+00 8.668103e-01
1.424791e+00 8.668103e-01
1.386097e+00 8.352941e-01
1.349316e+00 7.861268e-01
1.321893e+00 7.861268e-01
1.288596e+00 7.861268e-01
1.253328e+00 7.861268e-01
1.214934e+00 7.861268e-01
1.178466e+00 7.081251e-01
1.138263e+00 6.866181e-01
1.102758e+00 6.864258e-01
1.071764e+00 6.864258e-01
1.043054e+00 6.864258e-01
1.010916e+00 6.792343e-01
9.840891e-01 6.673330e-01
9.557632e-01 6.526304e-01
9.223422e-01 5.907901e-01
8.815883e-01 5.809347e-01
8.533333e-01 5.765789e-01
8.254064e-01 5.701524e-01
7.896889e-01 5.421096e-01
7.660012e-01 5.357300e-01
7.433287e-01 5.290117e-01
7.149147e-01 4.929983e-01
6.866168e-01 4.904687e-01
6.592615e-01 4.892355e-01
6.328284e-01 4.707676e-01
6.101942e-01 4.377939e-01
5.858609e-01 4.147834e-01
5.620171e-01 4.088355e-01
5.394036e-01 3.872030e-01
5.148866e-01 3.707147e-01
4.902046e-01 3.579981e-01
4.653829e-01 3.451911e-01
4.437410e-01 3.376822e-01
4.239374e-01 3.066675e-01
4.035687e-01 3.003577e-01
3.821336e-01 2.829084e-01
3.525693e-01 2.825122e-01
3.295602e-01 2.673841e-01
3.108592e-01 2.516276e-01
2.899253e-01 2.509307e-01
2.539592e-01 2.196396e-01
2.248241e-01 1.888590e-01
