3.071866e+08 1.312389e+06
3.046111e+03 2.869380e+03
2.936450e+03 2.732083e+03
1.506676e+03 1.464215e+03
1.433278e+03 1.428950e+03
1.422891e+03 1.422345e+03
1.420912e+03 1.420775e+03
1.420603e+03 1.420568e+03
1.420521e+03 1.420489e+03
1.420455e+03 1.420436e+03
1.420412e+03 1.420392e+03
1.420386e+03 1.420377e+03
1.420372e+03 1.420366e+03
1.420360e+03 1.420356e+03
1.420355e+03 1.420340e+03
1.420312e+03 1.420300e+03
1.420267e+03 1.420256e+03
1.420231e+03 1.420219e+03
1.420182e+03 1.420153e+03
1.420183e+03 1.420029e+03
1.419353e+03 1.418318e+03
1.414976e+03 1.412778e+03
1.408063e+03 1.407999e+03
1.407879e+03 1.407869e+03
1.407850e+03 1.407844e+03
1.407827e+03 1.407823e+03
1.407812e+03 1.407806e+03
1.407801e+03 1.407800e+03
1.407799e+03 1.407798e+03
1.407798e+03 1.407797e+03
1.407797e+03 1.407796e+03
1.407810e+03 1.407791e+03
1.407664e+03 1.407648e+03
1.407602e+03 1.407406e+03
1.405810e+03 1.405378e+03
1.405388e+03 1.405043e+03
1.405302e+03 1.404982e+03
1.405117e+03 1.404829e+03
1.405028e+03 1.404776e+03
1.405028e+03 1.404771e+03
1.404982e+03 1.404761e+03
1.404927e+03 1.404753e+03
1.404896e+03 1.404690e+03
1.404890e+03 1.404757e+03
1.404878e+03 1.404715e+03
1.404858e+03 1.404671e+03
1.404837e+03 1.404692e+03
1.404823e+03 1.404715e+03
1.404795e+03 1.404704e+03
1.404760e+03 1.404683e+03
1.404757e+03 1.404690e+03
1.404736e+03 1.404633e+03
1.404733e+03 1.404644e+03
6.164749e+03 2.968070e+03
5.610225e+03 2.968070e+03
5.297160e+03 2.968070e+03
5.106366e+03 2.968070e+03
4.927502e+03 2.968070e+03
4.807157e+03 2.968070e+03
4.405020e+03 2.782705e+03
4.079365e+03 1.943595e+03
3.846448e+03 1.877544e+03
3.637684e+03 1.854907e+03
3.438677e+03 1.742671e+03
3.281633e+03 1.348318e+03
3.143455e+03 1.333371e+03
3.004704e+03 1.333032e+03
2.902020e+03 1.333022e+03
2.798306e+03 1.333022e+03
2.690529e+03 1.329805e+03
2.593538e+03 1.329805e+03
2.507957e+03 1.329805e+03
2.434095e+03 1.320830e+03
2.361951e+03 1.260483e+03
2.304748e+03 1.223902e+03
2.247216e+03 1.193759e+03
2.184301e+03 1.145358e+03
2.122319e+03 1.145109e+03
2.052052e+03 1.110422e+03
1.985192e+03 1.081346e+03
1.920384e+03 9.599502e+02
1.856266e+03 8.772762e+02
1.793453e+03 8.756624e+02
1.735181e+03 8.661175e+02
1.667166e+03 8.647397e+02
1.603711e+03 8.345568e+02
1.552705e+03 8.318398e+02
1.499053e+03 8.119733e+02
1.422519e+03 7.967935e+02
1.371029e+03 7.550198e+02
1.317122e+03 6.610676e+02
1.267118e+03 6.217817e+02
1.224299e+03 6.010243e+02
1.173192e+03 5.889461e+02
1.117468e+03 5.879258e+02
1.063217e+03 5.713624e+02
1.006606e+03 5.675334e+02
9.550142e+02 5.578547e+02
9.007575e+02 5.432491e+02
8.262202e+02 5.375513e+02
7.028540e+02 5.260145e+02
1.657963e+08 5.247504e+05
2.250090e+03 2.089408e+03
2.170226e+03 2.024859e+03
8.767226e+02 5.765827e+02
4.446715e+02 4.242077e+02
4.071473e+02 4.059583e+02
4.043879e+02 4.038381e+02
4.032934e+02 4.030712e+02
4.028266e+02 4.028032e+02
4.027880e+02 4.027819e+02
4.027746e+02 4.027722e+02
4.027704e+02 4.027686e+02
4.027681e+02 4.027672e+02
4.027665e+02 4.027657e+02
4.027650e+02 4.027638e+02
4.027616e+02 4.027580e+02
4.027452e+02 4.027329e+02
4.026879e+02 4.026579e+02
4.025839e+02 4.025750e+02
4.025621e+02 4.025594e+02
4.025555e+02 4.025533e+02
4.025476e+02 4.025419e+02
4.025154e+02 4.024886e+02
4.023010e+02 4.021014e+02
4.011116e+02 4.009660e+02
4.006906e+02 4.002490e+02
3.992821e+02 3.986802e+02
3.982421e+02 3.980829e+02
3.979983e+02 3.975367e+02
3.965353e+02 3.959311e+02
3.946989e+02 3.942935e+02
3.941999e+02 3.939932e+02
3.940344e+02 3.938704e+02
3.940016e+02 3.938450e+02
3.939491e+02 3.938309e+02
3.939420e+02 3.938302e+02
3.939140e+02 3.938046e+02
3.939009e+02 3.938124e+02
3.938877e+02 3.938173e+02
3.938836e+02 3.938159e+02
3.938596e+02 3.938107e+02
3.938506e+02 3.937957e+02
3.938490e+02 3.938012e+02
3.938412e+02 3.938076e+02
3.938430e+02 3.938005e+02
3.938359e+02 3.937986e+02
3.938293e+02 3.937930e+02
3.938267e+02 3.937916e+02
3.938212e+02 3.937964e+02
3.938189e+02 3.937888e+02
3.938160e+02 3.937914e+02
3.938075e+02 3.937857e+02
3.938026e+02 3.937781e+02
5.655345e+03 1.524985e+03
4.795667e+03 1.524985e+03
4.236914e+03 1.524985e+03
3.775128e+03 1.524985e+03
3.356143e+03 1.524985e+03
2.792525e+03 1.524985e+03
2.055100e+03 9.520505e+02
1.356859e+03 6.366744e+02
7.051867e+02 3.315319e+02
3.363248e+02 2.045411e+02
2.608217e+02 1.920407e+02
2.196192e+02 1.881379e+02
1.989291e+02 1.852998e+02
1.881081e+02 1.824382e+02
1.861798e+02 1.824382e+02
1.847410e+02 1.811272e+02
1.833521e+02 1.787454e+02
1.822497e+02 1.785298e+02
1.811259e+02 1.785240e+02
1.802610e+02 1.780426e+02
1.794923e+02 1.773094e+02
1.786626e+02 1.767207e+02
1.777300e+02 1.760969e+02
1.758547e+02 1.749378e+02
1.737278e+02 1.735738e+02
1.726739e+02 1.726305e+02
1.709451e+02 1.705954e+02
1.705186e+02 1.703328e+02
1.704342e+02 1.703038e+02
1.703981e+02 1.703038e+02
1.703785e+02 1.702721e+02
1.703648e+02 1.702721e+02
1.702900e+02 1.702180e+02
1.701734e+02 1.700752e+02
1.700926e+02 1.700335e+02
1.700405e+02 1.700010e+02
1.700107e+02 1.699587e+02
1.699918e+02 1.699424e+02
1.699783e+02 1.699316e+02
1.699704e+02 1.699302e+02
1.699641e+02 1.699259e+02
1.699580e+02 1.699235e+02
1.699521e+02 1.699212e+02
1.699468e+02 1.699191e+02
1.699417e+02 1.699173e+02
1.699349e+02 1.699157e+02
1.699263e+02 1.699134e+02
1.699152e+02 1.699099e+02
1.298905e+08 1.341771e+06
3.143424e+03 2.937064e+03
3.026117e+03 2.801925e+03
7.894502e+02 6.747537e+02
6.236991e+02 6.113009e+02
5.959588e+02 5.943145e+02
5.927888e+02 5.924779e+02
5.919410e+02 5.918016e+02
5.914948e+02 5.914260e+02
5.913468e+02 5.913317e+02
5.913111e+02 5.913028e+02
5.912915e+02 5.912878e+02
5.912862e+02 5.912838e+02
5.912835e+02 5.912819e+02
5.912798e+02 5.912786e+02
5.912778e+02 5.912764e+02
5.912925e+02 5.912681e+02
5.904007e+02 5.899689e+02
5.893696e+02 5.892850e+02
5.891217e+02 5.890982e+02
5.890579e+02 5.890500e+02
5.890359e+02 5.890236e+02
5.889975e+02 5.889690e+02
5.886400e+02 5.876839e+02
5.845880e+02 5.843024e+02
5.835098e+02 5.834189e+02
5.833045e+02 5.832969e+02
5.832929e+02 5.832893e+02
5.832890e+02 5.832865e+02
5.832866e+02 5.832854e+02
5.832852e+02 5.832846e+02
5.832844e+02 5.832841e+02
5.832838e+02 5.832835e+02
5.832829e+02 5.832823e+02
5.832865e+02 5.832722e+02
5.831628e+02 5.830902e+02
5.828782e+02 5.828150e+02
5.826728e+02 5.826193e+02
5.825479e+02 5.825331e+02
5.825037e+02 5.824985e+02
5.824839e+02 5.824778e+02
5.824565e+02 5.824287e+02
5.823146e+02 5.822885e+02
5.822277e+02 5.821983e+02
5.821348e+02 5.821155e+02
5.820881e+02 5.820760e+02
5.820599e+02 5.820508e+02
5.820274e+02 5.819865e+02
5.813985e+02 5.809443e+02
5.810313e+02 5.806439e+02
5.808863e+02 5.806405e+02
5.808215e+02 5.805318e+02
5.807522e+02 5.804538e+02
5.830156e+03 3.800871e+03
5.060177e+03 3.792182e+03
4.672316e+03 3.255667e+03
4.473867e+03 3.255667e+03
4.301893e+03 2.921353e+03
3.933800e+03 2.633111e+03
3.471712e+03 1.756799e+03
3.159231e+03 1.734083e+03
2.923520e+03 1.723248e+03
2.693051e+03 1.500390e+03
2.516359e+03 1.319208e+03
2.381557e+03 1.208182e+03
2.249149e+03 1.121436e+03
2.131237e+03 1.083369e+03
2.025892e+03 9.171513e+02
1.925446e+03 9.104505e+02
1.837756e+03 9.094760e+02
1.769050e+03 7.726541e+02
1.695215e+03 7.523500e+02
1.628163e+03 5.580259e+02
1.569747e+03 5.474395e+02
1.514283e+03 4.276797e+02
1.461015e+03 4.190727e+02
1.412406e+03 3.998011e+02
1.358228e+03 3.668683e+02
1.306926e+03 3.561953e+02
1.251379e+03 3.558037e+02
1.196732e+03 3.430719e+02
1.140208e+03 3.418374e+02
1.091065e+03 3.349102e+02
1.043947e+03 3.226044e+02
9.904133e+02 3.223808e+02
9.493888e+02 2.597944e+02
9.073167e+02 2.587589e+02
8.685448e+02 2.504706e+02
8.258752e+02 2.504389e+02
7.947132e+02 2.493885e+02
7.588671e+02 2.378072e+02
7.171312e+02 2.234278e+02
6.864486e+02 2.167783e+02
6.489722e+02 2.079298e+02
6.083566e+02 1.945628e+02
5.702884e+02 1.932955e+02
5.250935e+02 1.863512e+02
4.828794e+02 1.853268e+02
4.272713e+02 1.827746e+02
3.331929e+02 1.805797e+02
2.387093e+02 1.793248e+02
1.778974e+08 1.640079e+06
2.874651e+03 2.716633e+03
2.788968e+03 2.672372e+03
1.442840e+03 1.332359e+03
1.229940e+03 1.224700e+03
1.217046e+03 1.216381e+03
1.215170e+03 1.214855e+03
1.214430e+03 1.214351e+03
1.214227e+03 1.214191e+03
1.214170e+03 1.214156e+03
1.214144e+03 1.214137e+03
1.214133e+03 1.214130e+03
1.214128e+03 1.214126e+03
1.214126e+03 1.214123e+03
1.214123e+03 1.214122e+03
1.214122e+03 1.214120e+03
1.214119e+03 1.214118e+03
1.214116e+03 1.214114e+03
1.214116e+03 1.214109e+03
1.214084e+03 1.214076e+03
1.214069e+03 1.214050e+03
1.213904e+03 1.213858e+03
1.213752e+03 1.213725e+03
1.213621e+03 1.213539e+03
1.213367e+03 1.213339e+03
1.213238e+03 1.213196e+03
1.213025e+03 1.212886e+03
1.212401e+03 1.212262e+03
1.211816e+03 1.210979e+03
1.208289e+03 1.207923e+03
1.206894e+03 1.206820e+03
1.206667e+03 1.206659e+03
1.206643e+03 1.206641e+03
1.206637e+03 1.206636e+03
1.206634e+03 1.206631e+03
1.206633e+03 1.206614e+03
1.206545e+03 1.206490e+03
1.205879e+03 1.205026e+03
1.203729e+03 1.203679e+03
1.203261e+03 1.202999e+03
1.203044e+03 1.202860e+03
1.202959e+03 1.202802e+03
1.202952e+03 1.202760e+03
1.202954e+03 1.202807e+03
1.202917e+03 1.202780e+03
1.202888e+03 1.202798e+03
1.202850e+03 1.202744e+03
1.202842e+03 1.202763e+03
1.202823e+03 1.202740e+03
1.202810e+03 1.202715e+03
1.202796e+03 1.202714e+03
1.202779e+03 1.202709e+03
1.202782e+03 1.202715e+03
5.826303e+03 4.051692e+03
5.189502e+03 4.051692e+03
4.906381e+03 3.571217e+03
4.593198e+03 3.287130e+03
4.203696e+03 2.854837e+03
3.879245e+03 2.845664e+03
3.592091e+03 2.334201e+03
3.387648e+03 2.074252e+03
3.180089e+03 1.773151e+03
3.050181e+03 1.725867e+03
2.915877e+03 1.428292e+03
2.812698e+03 1.424807e+03
2.719987e+03 1.405838e+03
2.634204e+03 1.400448e+03
2.535122e+03 1.399803e+03
2.451107e+03 1.395193e+03
2.380390e+03 1.385845e+03
2.308966e+03 1.367773e+03
2.247186e+03 1.364811e+03
2.188426e+03 1.364659e+03
2.125495e+03 1.267638e+03
2.074026e+03 1.266769e+03
2.019567e+03 1.135082e+03
1.966468e+03 1.045979e+03
1.890159e+03 1.042251e+03
1.820210e+03 1.012910e+03
1.756182e+03 9.862827e+02
1.686632e+03 9.585828e+02
1.631756e+03 8.768526e+02
1.570685e+03 8.253289e+02
1.517524e+03 7.999084e+02
1.466784e+03 7.657250e+02
1.409392e+03 6.754772e+02
1.355383e+03 6.754059e+02
1.301937e+03 6.064691e+02
1.251090e+03 5.837750e+02
1.206278e+03 5.831248e+02
1.164854e+03 5.461877e+02
1.118310e+03 5.454053e+02
1.075402e+03 5.327851e+02
1.024460e+03 5.318794e+02
9.721311e+02 5.201942e+02
9.182447e+02 4.683086e+02
8.556737e+02 4.413470e+02
7.904498e+02 4.339043e+02
7.381011e+02 4.301860e+02
6.589653e+02 4.284985e+02
5.701439e+02 4.242583e+02
1.837547e+08 1.274741e+06
2.807286e+03 2.631264e+03
2.686488e+03 2.499381e+03
1.004553e+03 8.773191e+02
7.743026e+02 7.641102e+02
7.542921e+02 7.535828e+02
7.525794e+02 7.523519e+02
7.519195e+02 7.518609e+02
7.517822e+02 7.517415e+02
7.516933e+02 7.516715e+02
7.516551e+02 7.516433e+02
7.516358e+02 7.516290e+02
7.516258e+02 7.516117e+02
7.515723e+02 7.515458e+02
7.514789e+02 7.514625e+02
7.514335e+02 7.514242e+02
7.513983e+02 7.513747e+02
7.513069e+02 7.512964e+02
7.512629e+02 7.512440e+02
7.511524e+02 7.511306e+02
7.510791e+02 7.510690e+02
7.510392e+02 7.509832e+02
7.505968e+02 7.503976e+02
7.498155e+02 7.496243e+02
7.490401e+02 7.488235e+02
7.483445e+02 7.482431e+02
7.479659e+02 7.477938e+02
7.473162e+02 7.470367e+02
7.465807e+02 7.465031e+02
7.463963e+02 7.463632e+02
7.462734e+02 7.462136e+02
7.460731e+02 7.459951e+02
7.458129e+02 7.457158e+02
7.454498e+02 7.453252e+02
7.449568e+02 7.445460e+02
7.436143e+02 7.432244e+02
7.426492e+02 7.425549e+02
7.424277e+02 7.423913e+02
7.422770e+02 7.422287e+02
7.420033e+02 7.419045e+02
7.416399e+02 7.416072e+02
7.415437e+02 7.415353e+02
7.415115e+02 7.415061e+02
7.414969e+02 7.414937e+02
7.414888e+02 7.414867e+02
7.414794e+02 7.414771e+02
7.414690e+02 7.414653e+02
7.414608e+02 7.414567e+02
7.414805e+02 7.413964e+02
7.401578e+02 7.394416e+02
7.394168e+02 7.389451e+02
7.392741e+02 7.389430e+02
7.392099e+02 7.388768e+02
5.419940e+03 2.254738e+03
4.650514e+03 2.254738e+03
4.174896e+03 2.254738e+03
3.662736e+03 2.251450e+03
3.115025e+03 1.560971e+03
2.392938e+03 1.350693e+03
1.245305e+03 4.877135e+02
3.356424e+02 2.017180e+02
2.493170e+02 1.854346e+02
2.067344e+02 1.827422e+02
1.879817e+02 1.817682e+02
1.823749e+02 1.767010e+02
1.778014e+02 1.736220e+02
1.747578e+02 1.705788e+02
1.730392e+02 1.692464e+02
1.715100e+02 1.683780e+02
1.701483e+02 1.671209e+02
1.683782e+02 1.662894e+02
1.664705e+02 1.653517e+02
1.656804e+02 1.650343e+02
1.651725e+02 1.646535e+02
1.636806e+02 1.634273e+02
1.630577e+02 1.629674e+02
1.624239e+02 1.623989e+02
1.612515e+02 1.610461e+02
1.611074e+02 1.609631e+02
1.610591e+02 1.609631e+02
1.610331e+02 1.609607e+02
1.610179e+02 1.609607e+02
1.610085e+02 1.609557e+02
1.610001e+02 1.609499e+02
1.609942e+02 1.609499e+02
1.609882e+02 1.609499e+02
1.609822e+02 1.609473e+02
1.609762e+02 1.609398e+02
1.609712e+02 1.609398e+02
1.609139e+02 1.608931e+02
1.608253e+02 1.608245e+02
1.608087e+02 1.608078e+02
1.607974e+02 1.607973e+02
1.607951e+02 1.607951e+02
1.607872e+02 1.607872e+02
1.607870e+02 1.607870e+02
1.607870e+02 1.607870e+02
1.607670e+02 1.607670e+02
1.607665e+02 1.607665e+02
1.607664e+02 1.607664e+02
1.607664e+02 1.607664e+02
1.786209e+08 1.297823e+06
2.841557e+03 2.669433e+03
2.728671e+03 2.576202e+03
1.001539e+03 8.358336e+02
7.525444e+02 7.340466e+02
7.127138e+02 7.118378e+02
7.102333e+02 7.099511e+02
7.094819e+02 7.094387e+02
7.093770e+02 7.093689e+02
7.093615e+02 7.093477e+02
7.093247e+02 7.093176e+02
7.093093e+02 7.093065e+02
7.093036e+02 7.093012e+02
7.092986e+02 7.092908e+02
7.092453e+02 7.092204e+02
7.090112e+02 7.088905e+02
7.084004e+02 7.081716e+02
7.076660e+02 7.072680e+02
7.041524e+02 7.033584e+02
7.006699e+02 7.003217e+02
6.997123e+02 6.996715e+02
6.995974e+02 6.995823e+02
6.995661e+02 6.995582e+02
6.995546e+02 6.995490e+02
6.995431e+02 6.995384e+02
6.995300e+02 6.995174e+02
6.994786e+02 6.994703e+02
6.994471e+02 6.994378e+02
6.994212e+02 6.994158e+02
6.994107e+02 6.994032e+02
6.993181e+02 6.990131e+02
6.980626e+02 6.976415e+02
6.978472e+02 6.975407e+02
6.978146e+02 6.975540e+02
6.977415e+02 6.975027e+02
6.976744e+02 6.975067e+02
6.976500e+02 6.975044e+02
6.976155e+02 6.974680e+02
6.975965e+02 6.974749e+02
6.975443e+02 6.973771e+02
6.975124e+02 6.973946e+02
6.975080e+02 6.973663e+02
6.974878e+02 6.973800e+02
6.974736e+02 6.973960e+02
6.974596e+02 6.973915e+02
6.974383e+02 6.973590e+02
6.974370e+02 6.973495e+02
6.974322e+02 6.973661e+02
6.974156e+02 6.973390e+02
6.974076e+02 6.973509e+02
6.974041e+02 6.973465e+02
6.973937e+02 6.973553e+02
6.973791e+02 6.973379e+02
5.545508e+03 2.901933e+03
4.717120e+03 2.901933e+03
4.084304e+03 2.575005e+03
3.603203e+03 2.365920e+03
3.243309e+03 1.764632e+03
2.941572e+03 1.764632e+03
2.606251e+03 1.709466e+03
2.291314e+03 1.155473e+03
2.042644e+03 1.155473e+03
1.462377e+03 6.247169e+02
5.611509e+02 2.371554e+02
3.728627e+02 1.823943e+02
2.800820e+02 1.716266e+02
2.180321e+02 1.716266e+02
1.799422e+02 1.682366e+02
1.696334e+02 1.670398e+02
1.668962e+02 1.645195e+02
1.633643e+02 1.627204e+02
1.621008e+02 1.616549e+02
1.608604e+02 1.607235e+02
1.600601e+02 1.600379e+02
1.590910e+02 1.589926e+02
1.590199e+02 1.589359e+02
1.589865e+02 1.589279e+02
1.589596e+02 1.589166e+02
1.589465e+02 1.589106e+02
1.589390e+02 1.589106e+02
1.589341e+02 1.589088e+02
1.589303e+02 1.589087e+02
1.589265e+02 1.589048e+02
1.589233e+02 1.588947e+02
1.589206e+02 1.588947e+02
1.589175e+02 1.588929e+02
1.589138e+02 1.588929e+02
1.589040e+02 1.588901e+02
1.588396e+02 1.588388e+02
1.588211e+02 1.588204e+02
1.588111e+02 1.588106e+02
1.587871e+02 1.587868e+02
1.587753e+02 1.587752e+02
1.587714e+02 1.587714e+02
1.587698e+02 1.587696e+02
1.587683e+02 1.587683e+02
1.587680e+02 1.587680e+02
1.587675e+02 1.587675e+02
1.587671e+02 1.587671e+02
1.587660e+02 1.587660e+02
1.587647e+02 1.587647e+02
1.372033e+08 2.247908e+06
3.315859e+03 3.105189e+03
3.225616e+03 3.010192e+03
1.242093e+03 9.806313e+02
8.725683e+02 8.521949e+02
8.311905e+02 8.296356e+02
8.281608e+02 8.274505e+02
8.267470e+02 8.265940e+02
8.263458e+02 8.263192e+02
8.262722e+02 8.262454e+02
8.262203e+02 8.262111e+02
8.262032e+02 8.261967e+02
8.261967e+02 8.261881e+02
8.261762e+02 8.261638e+02
8.261324e+02 8.261219e+02
8.261029e+02 8.260972e+02
8.260852e+02 8.260770e+02
8.260686e+02 8.260584e+02
8.260473e+02 8.260374e+02
8.260354e+02 8.259820e+02
8.257531e+02 8.256943e+02
8.255774e+02 8.255635e+02
8.255220e+02 8.255057e+02
8.254455e+02 8.254009e+02
8.252239e+02 8.250783e+02
8.247980e+02 8.246948e+02
8.245567e+02 8.243240e+02
8.238456e+02 8.236528e+02
8.232545e+02 8.231090e+02
8.228625e+02 8.228086e+02
8.227194e+02 8.224832e+02
8.222264e+02 8.220740e+02
8.219175e+02 8.217938e+02
8.216668e+02 8.215821e+02
8.214861e+02 8.214568e+02
8.213975e+02 8.213835e+02
8.213638e+02 8.213452e+02
8.213065e+02 8.208150e+02
8.187697e+02 8.186665e+02
8.185271e+02 8.185126e+02
8.184949e+02 8.184741e+02
8.183836e+02 8.183095e+02
8.181794e+02 8.180876e+02
8.177507e+02 8.174436e+02
8.174371e+02 8.171368e+02
8.173541e+02 8.170964e+02
8.172935e+02 8.170619e+02
8.172868e+02 8.170294e+02
8.172245e+02 8.170547e+02
8.172052e+02 8.170785e+02
8.171773e+02 8.170203e+02
8.171333e+02 8.170342e+02
8.170896e+02 8.169802e+02
6.078877e+03 3.834516e+03
5.387979e+03 3.834516e+03
5.142137e+03 3.834516e+03
4.915754e+03 3.325882e+03
4.728401e+03 3.325882e+03
4.608068e+03 3.325882e+03
4.439529e+03 2.924095e+03
4.005804e+03 2.419998e+03
3.682757e+03 1.973868e+03
3.430977e+03 1.973817e+03
3.221936e+03 1.973817e+03
3.044900e+03 1.709998e+03
2.905654e+03 1.661013e+03
2.753838e+03 1.576041e+03
2.630709e+03 1.569976e+03
2.509156e+03 1.380409e+03
2.401428e+03 1.214041e+03
2.293648e+03 1.129064e+03
2.199116e+03 1.123093e+03
2.117850e+03 1.041282e+03
2.030004e+03 1.039176e+03
1.956233e+03 1.035223e+03
1.878591e+03 1.033906e+03
1.819747e+03 9.949672e+02
1.769183e+03 8.996873e+02
1.705905e+03 8.934881e+02
1.647035e+03 8.795393e+02
1.576902e+03 8.309057e+02
1.521975e+03 8.255633e+02
1.456436e+03 7.777320e+02
1.386430e+03 6.744018e+02
1.333920e+03 6.637895e+02
1.274084e+03 5.943193e+02
1.210164e+03 5.915518e+02
1.160203e+03 5.700758e+02
1.101214e+03 4.652228e+02
1.055104e+03 4.564928e+02
1.004934e+03 4.558400e+02
9.465648e+02 4.397357e+02
9.047542e+02 4.369980e+02
8.610278e+02 4.317973e+02
8.111674e+02 4.152661e+02
7.645179e+02 4.142732e+02
7.095433e+02 4.082460e+02
6.660759e+02 4.045071e+02
6.150460e+02 3.990954e+02
5.458129e+02 3.939121e+02
4.728571e+02 3.825806e+02
1.487378e+08 3.316604e+05
2.822284e+03 2.666083e+03
2.734071e+03 2.605672e+03
1.155936e+03 8.788940e+02
7.927438e+02 6.967137e+02
7.525450e+02 6.818075e+02
7.443543e+02 6.689705e+02
7.383724e+02 6.662542e+02
7.255511e+02 6.646930e+02
7.093007e+02 6.642478e+02
7.262676e+02 6.638530e+02
7.219278e+02 6.635647e+02
7.197158e+02 6.633227e+02
7.253353e+02 6.631464e+02
7.271125e+02 6.629792e+02
7.308458e+02 6.628505e+02
7.249210e+02 6.627081e+02
7.344967e+02 6.626284e+02
7.091842e+02 6.625689e+02
7.305170e+02 6.625443e+02
6.954867e+02 6.624340e+02
7.109068e+02 6.623271e+02
7.321845e+02 6.622609e+02
7.127300e+02 6.622350e+02
6.991213e+02 6.622237e+02
7.107662e+02 6.622189e+02
6.991129e+02 6.622164e+02
7.029938e+02 6.622143e+02
6.855140e+02 6.622106e+02
6.952201e+02 6.622043e+02
7.223887e+02 6.621872e+02
6.757488e+02 6.621426e+02
6.931650e+02 6.620788e+02
6.929930e+02 6.618815e+02
6.909095e+02 6.617529e+02
6.733078e+02 6.614523e+02
6.781543e+02 6.604334e+02
6.774252e+02 6.598357e+02
6.612797e+02 6.592349e+02
6.637979e+02 6.570074e+02
6.566707e+02 6.545697e+02
6.600460e+02 6.539666e+02
6.570820e+02 6.530490e+02
6.758663e+02 6.525120e+02
6.699142e+02 6.523847e+02
6.697848e+02 6.523035e+02
6.620033e+02 6.522919e+02
7.047161e+02 6.522852e+02
6.697565e+02 6.522785e+02
6.814030e+02 6.522749e+02
6.658664e+02 6.522730e+02
6.678063e+02 6.522708e+02
6.775120e+02 6.522584e+02
6.077675e+03 3.914124e+03
5.497319e+03 3.914124e+03
5.272569e+03 3.733819e+03
5.101310e+03 3.733819e+03
4.999236e+03 3.733819e+03
4.905594e+03 3.733819e+03
4.789726e+03 3.359605e+03
4.698642e+03 3.359605e+03
4.623438e+03 3.359605e+03
4.554609e+03 3.359605e+03
4.493933e+03 3.359605e+03
4.429899e+03 3.359605e+03
4.368433e+03 3.359605e+03
4.311789e+03 3.359605e+03
4.262991e+03 3.359605e+03
4.174155e+03 3.201227e+03
4.114643e+03 3.201227e+03
4.063234e+03 3.201227e+03
3.854537e+03 2.438953e+03
3.430769e+03 2.088352e+03
3.139256e+03 2.032136e+03
2.926463e+03 1.895783e+03
2.725411e+03 1.558581e+03
2.559724e+03 1.529668e+03
2.279171e+03 1.312253e+03
2.103055e+03 1.176989e+03
2.005970e+03 9.909057e+02
1.922594e+03 9.511447e+02
1.848856e+03 8.819622e+02
1.757171e+03 8.790804e+02
1.682700e+03 7.210851e+02
1.611070e+03 6.700256e+02
1.527709e+03 6.672868e+02
1.465317e+03 6.413686e+02
1.394392e+03 5.596621e+02
1.322754e+03 5.335350e+02
1.237040e+03 5.080826e+02
1.163455e+03 4.583726e+02
1.088532e+03 4.364052e+02
1.012965e+03 4.258460e+02
9.594362e+02 4.142383e+02
8.954089e+02 4.125214e+02
8.506876e+02 3.959638e+02
7.944858e+02 3.838026e+02
7.376835e+02 3.631270e+02
6.857487e+02 3.595116e+02
5.985971e+02 3.561369e+02
4.772228e+02 3.547407e+02
1.601206e+08 8.820036e+05
3.589347e+03 3.337460e+03
3.467586e+03 3.287841e+03
1.134937e+03 9.919579e+02
8.900423e+02 8.729317e+02
8.531826e+02 8.503569e+02
8.489008e+02 8.486311e+02
8.477100e+02 8.474888e+02
8.472077e+02 8.471574e+02
8.471201e+02 8.471081e+02
8.471018e+02 8.470959e+02
8.470968e+02 8.470927e+02
8.470909e+02 8.470889e+02
8.470890e+02 8.470877e+02
8.470880e+02 8.470864e+02
8.470849e+02 8.470837e+02
8.470821e+02 8.470803e+02
8.470775e+02 8.470740e+02
8.470765e+02 8.470206e+02
8.466745e+02 8.465809e+02
8.462744e+02 8.462247e+02
8.460618e+02 8.460246e+02
8.458128e+02 8.456119e+02
8.441877e+02 8.436887e+02
8.422317e+02 8.414452e+02
8.390394e+02 8.383643e+02
8.364769e+02 8.362672e+02
8.360226e+02 8.357773e+02
8.348304e+02 8.344897e+02
8.342161e+02 8.340244e+02
8.342637e+02 8.339724e+02
8.339837e+02 8.338205e+02
8.338975e+02 8.336920e+02
8.337827e+02 8.336557e+02
8.337731e+02 8.336329e+02
8.336528e+02 8.336011e+02
8.336250e+02 8.335854e+02
8.336624e+02 8.335789e+02
8.336044e+02 8.335752e+02
8.336613e+02 8.335575e+02
8.334787e+02 8.329030e+02
8.312614e+02 8.306980e+02
8.302717e+02 8.300372e+02
8.300936e+02 8.299577e+02
8.300514e+02 8.298971e+02
8.300245e+02 8.298626e+02
8.299720e+02 8.298597e+02
8.299530e+02 8.297999e+02
8.299009e+02 8.298069e+02
8.298711e+02 8.297754e+02
8.298529e+02 8.297536e+02
8.298494e+02 8.297731e+02
8.298335e+02 8.297534e+02
6.021286e+03 4.147501e+03
5.365865e+03 3.952327e+03
5.078538e+03 3.317470e+03
4.878450e+03 3.317470e+03
4.720548e+03 3.317470e+03
4.595558e+03 3.317470e+03
4.497872e+03 2.928359e+03
4.417330e+03 2.928359e+03
4.342229e+03 2.928359e+03
4.193466e+03 2.817720e+03
3.819451e+03 2.537985e+03
3.532384e+03 2.052608e+03
3.302514e+03 1.908622e+03
3.110007e+03 1.727058e+03
2.962676e+03 1.513031e+03
2.814972e+03 1.507704e+03
2.682837e+03 1.398060e+03
2.579802e+03 1.390230e+03
2.460907e+03 1.024299e+03
2.359588e+03 9.719233e+02
2.276385e+03 9.125105e+02
2.177205e+03 8.950818e+02
2.097535e+03 8.577581e+02
2.029037e+03 8.537520e+02
1.952106e+03 8.528762e+02
1.891111e+03 8.357860e+02
1.830295e+03 7.960395e+02
1.746089e+03 7.846155e+02
1.664606e+03 7.492932e+02
1.571851e+03 7.268670e+02
1.506938e+03 7.212791e+02
1.439173e+03 7.102469e+02
1.370027e+03 6.905507e+02
1.312476e+03 6.843338e+02
1.257672e+03 6.297137e+02
1.200384e+03 5.650415e+02
1.153362e+03 5.591513e+02
1.100347e+03 5.289874e+02
1.040548e+03 5.264595e+02
9.816900e+02 4.355888e+02
9.255622e+02 4.143076e+02
8.668370e+02 4.023579e+02
8.101371e+02 3.906944e+02
7.455984e+02 3.789955e+02
6.848082e+02 3.688193e+02
6.161531e+02 3.616825e+02
5.039206e+02 3.592243e+02
3.944306e+02 3.549125e+02
1.725799e+08 2.651127e+06
2.117985e+03 1.957681e+03
2.030504e+03 1.869872e+03
9.208006e+02 8.412597e+02
7.938428e+02 7.843754e+02
7.725719e+02 7.711799e+02
7.696138e+02 7.692688e+02
7.685763e+02 7.684166e+02
7.680485e+02 7.679344e+02
7.677631e+02 7.677390e+02
7.676934e+02 7.676793e+02
7.676704e+02 7.676619e+02
7.676545e+02 7.676480e+02
7.676331e+02 7.676155e+02
7.675669e+02 7.675494e+02
7.675092e+02 7.674951e+02
7.674545e+02 7.674368e+02
7.673783e+02 7.672534e+02
7.666522e+02 7.665177e+02
7.662827e+02 7.662535e+02
7.661305e+02 7.661151e+02
7.660902e+02 7.660866e+02
7.660824e+02 7.660801e+02
7.660793e+02 7.660778e+02
7.660767e+02 7.660755e+02
7.660737e+02 7.660721e+02
7.660711e+02 7.660639e+02
7.660102e+02 7.659870e+02
7.659113e+02 7.658834e+02
7.658017e+02 7.657660e+02
7.657348e+02 7.657235e+02
7.657008e+02 7.656681e+02
7.656104e+02 7.654910e+02
7.653548e+02 7.652341e+02
7.652131e+02 7.650369e+02
7.650302e+02 7.646876e+02
7.647881e+02 7.641422e+02
7.639967e+02 7.634659e+02
7.634767e+02 7.630356e+02
7.630027e+02 7.627150e+02
7.627233e+02 7.625169e+02
7.624457e+02 7.623886e+02
7.623393e+02 7.623231e+02
7.623146e+02 7.623103e+02
7.623069e+02 7.623052e+02
7.623044e+02 7.623036e+02
7.623027e+02 7.623024e+02
7.623022e+02 7.623020e+02
7.623015e+02 7.623007e+02
7.623109e+02 7.622846e+02
7.625997e+02 7.615906e+02
7.609714e+02 7.605265e+02
7.606965e+02 7.603813e+02
5.843398e+03 3.433827e+03
5.168125e+03 2.726522e+03
4.753893e+03 2.726522e+03
4.460560e+03 2.726522e+03
4.273666e+03 2.726522e+03
4.132029e+03 2.726522e+03
3.988365e+03 2.726522e+03
3.859350e+03 2.726522e+03
3.753201e+03 2.644322e+03
3.475217e+03 2.315140e+03
3.122688e+03 2.107710e+03
2.814184e+03 1.809577e+03
2.573224e+03 1.501383e+03
2.364379e+03 1.461720e+03
2.203155e+03 1.079523e+03
2.051516e+03 8.385590e+02
1.925763e+03 8.269674e+02
1.802030e+03 6.841733e+02
1.700449e+03 6.841363e+02
1.600533e+03 6.838656e+02
1.499917e+03 6.774824e+02
1.407119e+03 6.774751e+02
1.338304e+03 6.317388e+02
1.275001e+03 5.975803e+02
1.211966e+03 5.965588e+02
1.166481e+03 5.954236e+02
1.117679e+03 5.251857e+02
1.067023e+03 5.116253e+02
1.014239e+03 4.723915e+02
9.596110e+02 4.275917e+02
9.030515e+02 3.826545e+02
8.550632e+02 3.783613e+02
8.027033e+02 3.781388e+02
7.566815e+02 3.435092e+02
7.129047e+02 3.003019e+02
6.698290e+02 2.964461e+02
6.311754e+02 2.893035e+02
5.902518e+02 2.821871e+02
5.502346e+02 2.813706e+02
5.137576e+02 2.750266e+02
4.743035e+02 2.723737e+02
4.320997e+02 2.697341e+02
3.976292e+02 2.669915e+02
3.615447e+02 2.630314e+02
3.216444e+02 2.614423e+02
2.771822e+02 2.596192e+02
2.613843e+02 2.556079e+02
2.563106e+02 2.536183e+02
1.824662e+08 2.975260e+05
4.056437e+03 3.838017e+03
3.945181e+03 3.670856e+03
1.271175e+03 9.760823e+02
8.080955e+02 7.770211e+02
7.451963e+02 7.424205e+02
7.392347e+02 7.386727e+02
7.376562e+02 7.373701e+02
7.366077e+02 7.365681e+02
7.365171e+02 7.365062e+02
7.364925e+02 7.364839e+02
7.364696e+02 7.364606e+02
7.364387e+02 7.364351e+02
7.364262e+02 7.364227e+02
7.364185e+02 7.364153e+02
7.364101e+02 7.364052e+02
7.363780e+02 7.363712e+02
7.363476e+02 7.363403e+02
7.363222e+02 7.362890e+02
7.361575e+02 7.358806e+02
7.350140e+02 7.349066e+02
7.345622e+02 7.344584e+02
7.342227e+02 7.341849e+02
7.339877e+02 7.339196e+02
7.338345e+02 7.337471e+02
7.337919e+02 7.331511e+02
7.308790e+02 7.307301e+02
7.304982e+02 7.304944e+02
7.304843e+02 7.304824e+02
7.304801e+02 7.304791e+02
7.304781e+02 7.304753e+02
7.304559e+02 7.303992e+02
7.300057e+02 7.287576e+02
7.276990e+02 7.273076e+02
7.275935e+02 7.272014e+02
7.275057e+02 7.271817e+02
7.274059e+02 7.271411e+02
7.273504e+02 7.271200e+02
7.273001e+02 7.271180e+02
7.272640e+02 7.270682e+02
7.272574e+02 7.270968e+02
7.272130e+02 7.270583e+02
7.271836e+02 7.270065e+02
7.271553e+02 7.270316e+02
7.271494e+02 7.270642e+02
7.271258e+02 7.270315e+02
7.271214e+02 7.270037e+02
7.271128e+02 7.270231e+02
7.270996e+02 7.270281e+02
7.270846e+02 7.270065e+02
7.270850e+02 7.270048e+02
7.270671e+02 7.269902e+02
7.270607e+02 7.269843e+02
6.171406e+03 4.444984e+03
5.495334e+03 3.888993e+03
5.254489e+03 3.811236e+03
5.076439e+03 3.811236e+03
4.897294e+03 3.723055e+03
4.728513e+03 2.811401e+03
4.301911e+03 2.401235e+03
3.984333e+03 2.334960e+03
3.747102e+03 2.262515e+03
3.504110e+03 1.794537e+03
3.352664e+03 1.790852e+03
3.201063e+03 1.735800e+03
3.073214e+03 1.611636e+03
2.939810e+03 1.490271e+03
2.830608e+03 1.490133e+03
2.717523e+03 1.361382e+03
2.614009e+03 1.353989e+03
2.523359e+03 1.353958e+03
2.432887e+03 1.292579e+03
2.362593e+03 9.245051e+02
2.297221e+03 8.956847e+02
2.226549e+03 8.954192e+02
2.172185e+03 8.954192e+02
2.115585e+03 8.954192e+02
2.036650e+03 8.514580e+02
1.958342e+03 8.504032e+02
1.880917e+03 8.260698e+02
1.808430e+03 6.509937e+02
1.736637e+03 6.503093e+02
1.674213e+03 6.450981e+02
1.605808e+03 5.789871e+02
1.544791e+03 5.682919e+02
1.487651e+03 5.657789e+02
1.436382e+03 5.626003e+02
1.381292e+03 5.605907e+02
1.327417e+03 5.493551e+02
1.276924e+03 5.471431e+02
1.224471e+03 5.455604e+02
1.174467e+03 5.345558e+02
1.128328e+03 5.252956e+02
1.078003e+03 5.038515e+02
1.023708e+03 4.930827e+02
9.809008e+02 4.880297e+02
9.197527e+02 4.870855e+02
8.648285e+02 4.842326e+02
8.046604e+02 4.750549e+02
7.001051e+02 4.687148e+02
6.192033e+02 4.662159e+02
1.489584e+08 5.493230e+05
2.685247e+03 2.512082e+03
2.574586e+03 2.392886e+03
8.282893e+02 6.501809e+02
5.829538e+02 5.670340e+02
5.478593e+02 5.432418e+02
5.387411e+02 5.377438e+02
5.366129e+02 5.362564e+02
5.356986e+02 5.356690e+02
5.356252e+02 5.356179e+02
5.356042e+02 5.355998e+02
5.355908e+02 5.355768e+02
5.355226e+02 5.355150e+02
5.355037e+02 5.354974e+02
5.354884e+02 5.354361e+02
5.349145e+02 5.345010e+02
5.335805e+02 5.334272e+02
5.327062e+02 5.325040e+02
5.320079e+02 5.319323e+02
5.315989e+02 5.314050e+02
5.302991e+02 5.298020e+02
5.288640e+02 5.287843e+02
5.287112e+02 5.287056e+02
5.286961e+02 5.286929e+02
5.286865e+02 5.286790e+02
5.285690e+02 5.285040e+02
5.281798e+02 5.278989e+02
5.273823e+02 5.271102e+02
5.268600e+02 5.267735e+02
5.267207e+02 5.266863e+02
5.266348e+02 5.266056e+02
5.265257e+02 5.265117e+02
5.264907e+02 5.264875e+02
5.264845e+02 5.264831e+02
5.264815e+02 5.264778e+02
5.264323e+02 5.264160e+02
5.263864e+02 5.263784e+02
5.263076e+02 5.262889e+02
5.262901e+02 5.260644e+02
5.248637e+02 5.243231e+02
5.244694e+02 5.239652e+02
5.242516e+02 5.238279e+02
5.241228e+02 5.238185e+02
5.240490e+02 5.236854e+02
5.239275e+02 5.237334e+02
5.238755e+02 5.236669e+02
5.238512e+02 5.236892e+02
5.238409e+02 5.236720e+02
5.238271e+02 5.236035e+02
5.237965e+02 5.236668e+02
5.237791e+02 5.236203e+02
5.237930e+02 5.236142e+02
5.237648e+02 5.236284e+02
5.606216e+03 3.577569e+03
4.609130e+03 2.362862e+03
3.912815e+03 2.191295e+03
3.357667e+03 2.189081e+03
2.951681e+03 1.789446e+03
2.593485e+03 1.652304e+03
2.290476e+03 1.048852e+03
2.011894e+03 9.491388e+02
1.632316e+03 7.119330e+02
5.886188e+02 2.389382e+02
3.519278e+02 1.877466e+02
2.796405e+02 1.819545e+02
2.308688e+02 1.772823e+02
1.949316e+02 1.739126e+02
1.766627e+02 1.726269e+02
1.748918e+02 1.698309e+02
1.735875e+02 1.691454e+02
1.725730e+02 1.687396e+02
1.717994e+02 1.685715e+02
1.711930e+02 1.685715e+02
1.707038e+02 1.685302e+02
1.689394e+02 1.653305e+02
1.678475e+02 1.651660e+02
1.670798e+02 1.645219e+02
1.664233e+02 1.640994e+02
1.657729e+02 1.631539e+02
1.651476e+02 1.629022e+02
1.645242e+02 1.623647e+02
1.639396e+02 1.621099e+02
1.632276e+02 1.606866e+02
1.622521e+02 1.600543e+02
1.615718e+02 1.598032e+02
1.610708e+02 1.597702e+02
1.607001e+02 1.595405e+02
1.604036e+02 1.593728e+02
1.601424e+02 1.592363e+02
1.598767e+02 1.591670e+02
1.596490e+02 1.589513e+02
1.594109e+02 1.586570e+02
1.592177e+02 1.584863e+02
1.590395e+02 1.584157e+02
1.588312e+02 1.581976e+02
1.586367e+02 1.579910e+02
1.584756e+02 1.579354e+02
1.583461e+02 1.579116e+02
1.582329e+02 1.578928e+02
1.580832e+02 1.578654e+02
1.578880e+02 1.578287e+02
1.582800e+08 2.234063e+06
3.211396e+03 3.082637e+03
3.141917e+03 2.983195e+03
1.391743e+03 1.320764e+03
1.290875e+03 1.283135e+03
1.275924e+03 1.275361e+03
1.274187e+03 1.273901e+03
1.273492e+03 1.273437e+03
1.273347e+03 1.273278e+03
1.273213e+03 1.273162e+03
1.273073e+03 1.273038e+03
1.273009e+03 1.272997e+03
1.272991e+03 1.272986e+03
1.272985e+03 1.272983e+03
1.272984e+03 1.272983e+03
1.272982e+03 1.272981e+03
1.272981e+03 1.272980e+03
1.272980e+03 1.272978e+03
1.272975e+03 1.272974e+03
1.272971e+03 1.272969e+03
1.272960e+03 1.272955e+03
1.272944e+03 1.272939e+03
1.272934e+03 1.272921e+03
1.272895e+03 1.272674e+03
1.272209e+03 1.271832e+03
1.270465e+03 1.270268e+03
1.269887e+03 1.269795e+03
1.269337e+03 1.269200e+03
1.268763e+03 1.268620e+03
1.267827e+03 1.267434e+03
1.265907e+03 1.265738e+03
1.265685e+03 1.265495e+03
1.265670e+03 1.265475e+03
1.265700e+03 1.265469e+03
1.265733e+03 1.265466e+03
1.265610e+03 1.265464e+03
1.265677e+03 1.265459e+03
1.265703e+03 1.265446e+03
1.265447e+03 1.265384e+03
1.265179e+03 1.265121e+03
1.265012e+03 1.264712e+03
1.264162e+03 1.263975e+03
1.263485e+03 1.263448e+03
1.263356e+03 1.263351e+03
1.263355e+03 1.263332e+03
1.262918e+03 1.262533e+03
1.262420e+03 1.262146e+03
1.262266e+03 1.261971e+03
1.262183e+03 1.261999e+03
1.262157e+03 1.261943e+03
1.262124e+03 1.261918e+03
1.262084e+03 1.261929e+03
1.262108e+03 1.261932e+03
6.087089e+03 4.031593e+03
5.538483e+03 4.031593e+03
5.319390e+03 3.926936e+03
5.153300e+03 3.738757e+03
5.032380e+03 3.738757e+03
4.920904e+03 3.533900e+03
4.853241e+03 3.533900e+03
4.774566e+03 3.533900e+03
4.716489e+03 3.533900e+03
4.394467e+03 2.973886e+03
4.163863e+03 2.816997e+03
3.949655e+03 2.146596e+03
3.759475e+03 2.135806e+03
3.606958e+03 2.124132e+03
3.497035e+03 2.091831e+03
3.372610e+03 1.952635e+03
3.263675e+03 1.938229e+03
3.153112e+03 1.666584e+03
3.070716e+03 1.653097e+03
2.984611e+03 1.447843e+03
2.906024e+03 1.380122e+03
2.827461e+03 1.373081e+03
2.759245e+03 1.371861e+03
2.695245e+03 1.299969e+03
2.602745e+03 1.256586e+03
2.517035e+03 1.241374e+03
2.437472e+03 1.196694e+03
2.347421e+03 1.144843e+03
2.256569e+03 9.989016e+02
2.165912e+03 9.652526e+02
2.082447e+03 9.649542e+02
2.006289e+03 9.438486e+02
1.927202e+03 9.365701e+02
1.868188e+03 9.071535e+02
1.814109e+03 9.063656e+02
1.746361e+03 8.635575e+02
1.678368e+03 8.581257e+02
1.613452e+03 8.445189e+02
1.533411e+03 8.399146e+02
1.460910e+03 8.194129e+02
1.398884e+03 7.936920e+02
1.328810e+03 7.925809e+02
1.271231e+03 7.884128e+02
1.193957e+03 7.806494e+02
1.124068e+03 7.684133e+02
1.032026e+03 7.006611e+02
9.191045e+02 6.713368e+02
7.660872e+02 6.310709e+02
1.573957e+08 4.186197e+05
2.307752e+03 2.138065e+03
2.202851e+03 2.034914e+03
7.166420e+02 4.427017e+02
3.485380e+02 3.291425e+02
2.995676e+02 2.981138e+02
2.958587e+02 2.955474e+02
2.948071e+02 2.946266e+02
2.943741e+02 2.943461e+02
2.943141e+02 2.943017e+02
2.943007e+02 2.942942e+02
2.942891e+02 2.942865e+02
2.942854e+02 2.942836e+02
2.942835e+02 2.942817e+02
2.942816e+02 2.942802e+02
2.942787e+02 2.942772e+02
2.942746e+02 2.942727e+02
2.942707e+02 2.942688e+02
2.942661e+02 2.942649e+02
2.942641e+02 2.942628e+02
2.942609e+02 2.942598e+02
2.942597e+02 2.942587e+02
2.942579e+02 2.942532e+02
2.942286e+02 2.941190e+02
2.933862e+02 2.926874e+02
2.904253e+02 2.900027e+02
2.899360e+02 2.895682e+02
2.897771e+02 2.895027e+02
2.899194e+02 2.894702e+02
2.894328e+02 2.893053e+02
2.890763e+02 2.890565e+02
2.890489e+02 2.890474e+02
2.890490e+02 2.890434e+02
2.890721e+02 2.889390e+02
2.882504e+02 2.882388e+02
2.882131e+02 2.881990e+02
2.875679e+02 2.870311e+02
2.871163e+02 2.868043e+02
2.870485e+02 2.866937e+02
2.870050e+02 2.867006e+02
2.869120e+02 2.867363e+02
2.869134e+02 2.867350e+02
2.868609e+02 2.866280e+02
2.868368e+02 2.866722e+02
2.868224e+02 2.866913e+02
2.867746e+02 2.865906e+02
2.867528e+02 2.866471e+02
2.867263e+02 2.866163e+02
2.866998e+02 2.865917e+02
2.866884e+02 2.866220e+02
2.866817e+02 2.865912e+02
2.866632e+02 2.865724e+02
2.866555e+02 2.865780e+02
5.906286e+03 3.815697e+03
5.191552e+03 3.815697e+03
4.791076e+03 3.521744e+03
4.470213e+03 3.092268e+03
4.193080e+03 2.999729e+03
3.934536e+03 2.537093e+03
3.665025e+03 2.537093e+03
3.452367e+03 2.100015e+03
3.256401e+03 2.051455e+03
2.952835e+03 1.520757e+03
2.487405e+03 1.298681e+03
2.120780e+03 9.538015e+02
1.855498e+03 9.321544e+02
1.658427e+03 8.235430e+02
1.524024e+03 7.768485e+02
1.378034e+03 7.642816e+02
1.254127e+03 6.314122e+02
1.149870e+03 5.435078e+02
1.066584e+03 5.094597e+02
9.874770e+02 4.877335e+02
9.145119e+02 4.643151e+02
8.457845e+02 4.642852e+02
7.913026e+02 4.372741e+02
7.437830e+02 3.932683e+02
7.065345e+02 3.924610e+02
6.691554e+02 3.834035e+02
6.397694e+02 3.523989e+02
6.013360e+02 3.347790e+02
5.649113e+02 3.277609e+02
5.304464e+02 3.241290e+02
4.943525e+02 3.205553e+02
4.620954e+02 3.125470e+02
4.309467e+02 3.105586e+02
4.060594e+02 3.074351e+02
3.821318e+02 3.067493e+02
3.598977e+02 3.013581e+02
3.464540e+02 2.996136e+02
3.336407e+02 2.992818e+02
3.240915e+02 2.968550e+02
3.151567e+02 2.922409e+02
3.084136e+02 2.904351e+02
3.022651e+02 2.898064e+02
2.972865e+02 2.882850e+02
2.929079e+02 2.868729e+02
2.903394e+02 2.859219e+02
2.883853e+02 2.847865e+02
2.859233e+02 2.839567e+02
2.835057e+02 2.827474e+02
1.353503e+08 1.550632e+06
2.777150e+03 2.600195e+03
2.665769e+03 2.417182e+03
8.596732e+02 7.018198e+02
6.296189e+02 6.203398e+02
6.082715e+02 6.076042e+02
6.066116e+02 6.061739e+02
6.051518e+02 6.050646e+02
6.049003e+02 6.048797e+02
6.048543e+02 6.048442e+02
6.048351e+02 6.048263e+02
6.048745e+02 6.048159e+02
6.045512e+02 6.044942e+02
6.043167e+02 6.042478e+02
6.038906e+02 6.037983e+02
6.035851e+02 6.035518e+02
6.033088e+02 6.032062e+02
6.029872e+02 6.029501e+02
6.029052e+02 6.028919e+02
6.028774e+02 6.028490e+02
6.027367e+02 6.026811e+02
6.024536e+02 6.021737e+02
6.004343e+02 5.999805e+02
5.985954e+02 5.983476e+02
5.972158e+02 5.965485e+02
5.936049e+02 5.932747e+02
5.926199e+02 5.926004e+02
5.925645e+02 5.925599e+02
5.925535e+02 5.925506e+02
5.925455e+02 5.925426e+02
5.925376e+02 5.925349e+02
5.925198e+02 5.925090e+02
5.924235e+02 5.923280e+02
5.919922e+02 5.916821e+02
5.909052e+02 5.908646e+02
5.908101e+02 5.908069e+02
5.907977e+02 5.907887e+02
5.911833e+02 5.904504e+02
5.897874e+02 5.895059e+02
5.896143e+02 5.892575e+02
5.895919e+02 5.892884e+02
5.895478e+02 5.892563e+02
5.894981e+02 5.892694e+02
5.894403e+02 5.892994e+02
5.893774e+02 5.891833e+02
5.893860e+02 5.892183e+02
5.893683e+02 5.892151e+02
5.893526e+02 5.891952e+02
5.893199e+02 5.892042e+02
5.892837e+02 5.891764e+02
5.892654e+02 5.891863e+02
5.892642e+02 5.891911e+02
5.892615e+02 5.891644e+02
6.019720e+03 4.171778e+03
5.424630e+03 3.679443e+03
5.088127e+03 3.679443e+03
4.851257e+03 3.459870e+03
4.651331e+03 3.459870e+03
4.487109e+03 2.855319e+03
4.320268e+03 2.855319e+03
4.165202e+03 2.855319e+03
4.010530e+03 2.855319e+03
3.725520e+03 2.240346e+03
3.325679e+03 2.061814e+03
2.968077e+03 1.706005e+03
2.713077e+03 1.636289e+03
2.517932e+03 1.408606e+03
2.331152e+03 1.399178e+03
2.166082e+03 1.051702e+03
2.045946e+03 9.805952e+02
1.929111e+03 9.350283e+02
1.823525e+03 7.611948e+02
1.718621e+03 7.607781e+02
1.634132e+03 6.616273e+02
1.553655e+03 5.200066e+02
1.479649e+03 4.867986e+02
1.420614e+03 4.867622e+02
1.342990e+03 4.409676e+02
1.287835e+03 4.268813e+02
1.225626e+03 4.114697e+02
1.161675e+03 3.248821e+02
1.093476e+03 3.200469e+02
1.029438e+03 3.170358e+02
9.731268e+02 2.693788e+02
9.224039e+02 2.693422e+02
8.662435e+02 2.579722e+02
8.210693e+02 2.443528e+02
7.709659e+02 2.170650e+02
7.254722e+02 2.122154e+02
6.852359e+02 1.940562e+02
6.423861e+02 1.835480e+02
5.950165e+02 1.803495e+02
5.569665e+02 1.779467e+02
5.253187e+02 1.779178e+02
4.858562e+02 1.667288e+02
4.493338e+02 1.633830e+02
3.945438e+02 1.606979e+02
3.432154e+02 1.602150e+02
2.981827e+02 1.573070e+02
2.311279e+02 1.543992e+02
1.558452e+02 1.534915e+02
1.551561e+08 1.309075e+06
2.038623e+03 1.905332e+03
1.964942e+03 1.855297e+03
4.299694e+02 3.125413e+02
2.348933e+02 2.181634e+02
1.935206e+02 1.918734e+02
1.900685e+02 1.898452e+02
1.894569e+02 1.893007e+02
1.890273e+02 1.889545e+02
1.888807e+02 1.888716e+02
1.888641e+02 1.888578e+02
1.888555e+02 1.888523e+02
1.888472e+02 1.888405e+02
1.888273e+02 1.888213e+02
1.888145e+02 1.887968e+02
1.887020e+02 1.886780e+02
1.886031e+02 1.885922e+02
1.885707e+02 1.885669e+02
1.885659e+02 1.885641e+02
1.885631e+02 1.885622e+02
1.885616e+02 1.885606e+02
1.885595e+02 1.885569e+02
1.885562e+02 1.885422e+02
1.884576e+02 1.884439e+02
1.884020e+02 1.883951e+02
1.883416e+02 1.883059e+02
1.878590e+02 1.876221e+02
1.859956e+02 1.853877e+02
1.831801e+02 1.827080e+02
1.819030e+02 1.818842e+02
1.818089e+02 1.818023e+02
1.817863e+02 1.817830e+02
1.817803e+02 1.817772e+02
1.817697e+02 1.817604e+02
1.817482e+02 1.817462e+02
1.817446e+02 1.817430e+02
1.817414e+02 1.817400e+02
1.817354e+02 1.817295e+02
1.817334e+02 1.816748e+02
1.813441e+02 1.812622e+02
1.810516e+02 1.809885e+02
1.808905e+02 1.807537e+02
1.805925e+02 1.803817e+02
1.802124e+02 1.801944e+02
1.801712e+02 1.801661e+02
1.801583e+02 1.801509e+02
1.800934e+02 1.800608e+02
1.800303e+02 1.800170e+02
1.800073e+02 1.799543e+02
1.797207e+02 1.796575e+02
1.790498e+02 1.789284e+02
1.787376e+02 1.787276e+02
1.787126e+02 1.787081e+02
5.168828e+03 2.132743e+03
3.990099e+03 2.132743e+03
3.166657e+03 1.471540e+03
1.400549e+03 6.001096e+02
2.595380e+02 1.961271e+02
2.019284e+02 1.858728e+02
1.906910e+02 1.824632e+02
1.877899e+02 1.815193e+02
1.851659e+02 1.790904e+02
1.829553e+02 1.765302e+02
1.812250e+02 1.765302e+02
1.794556e+02 1.737792e+02
1.776492e+02 1.737792e+02
1.760485e+02 1.718074e+02
1.745700e+02 1.708322e+02
1.734582e+02 1.704722e+02
1.725051e+02 1.696176e+02
1.710691e+02 1.689111e+02
1.701900e+02 1.680142e+02
1.695020e+02 1.677987e+02
1.689743e+02 1.673800e+02
1.683757e+02 1.672142e+02
1.679072e+02 1.666855e+02
1.675273e+02 1.663937e+02
1.672643e+02 1.661711e+02
1.670647e+02 1.661467e+02
1.668714e+02 1.660152e+02
1.667011e+02 1.659959e+02
1.665503e+02 1.659195e+02
1.664230e+02 1.658779e+02
1.663106e+02 1.657855e+02
1.661933e+02 1.655102e+02
1.660676e+02 1.654858e+02
1.659494e+02 1.654176e+02
1.658526e+02 1.653740e+02
1.657412e+02 1.653418e+02
1.656404e+02 1.652913e+02
1.655471e+02 1.652662e+02
1.654214e+02 1.651062e+02
1.653335e+02 1.649977e+02
1.652238e+02 1.649206e+02
1.651228e+02 1.648994e+02
1.650380e+02 1.648358e+02
1.649413e+02 1.646941e+02
1.648805e+02 1.646628e+02
1.648305e+02 1.646229e+02
1.647172e+02 1.645385e+02
1.646034e+02 1.645101e+02
1.236737e+08 1.144450e+06
3.463274e+03 3.184400e+03
3.352473e+03 3.161956e+03
1.680814e+03 1.332890e+03
1.140474e+03 1.121670e+03
1.104123e+03 1.102501e+03
1.099034e+03 1.098781e+03
1.098243e+03 1.098203e+03
1.098149e+03 1.098132e+03
1.098103e+03 1.098090e+03
1.098060e+03 1.098026e+03
1.097941e+03 1.097924e+03
1.097903e+03 1.097878e+03
1.097751e+03 1.097682e+03
1.097441e+03 1.097333e+03
1.097125e+03 1.097061e+03
1.096834e+03 1.096792e+03
1.096614e+03 1.096548e+03
1.096431e+03 1.096406e+03
1.096360e+03 1.096314e+03
1.096132e+03 1.095884e+03
1.095268e+03 1.095165e+03
1.094921e+03 1.094833e+03
1.094610e+03 1.094502e+03
1.094041e+03 1.093941e+03
1.093503e+03 1.093348e+03
1.092828e+03 1.092593e+03
1.092131e+03 1.091770e+03
1.091082e+03 1.090722e+03
1.089939e+03 1.089692e+03
1.089385e+03 1.089139e+03
1.088846e+03 1.088739e+03
1.088962e+03 1.088601e+03
1.088979e+03 1.088568e+03
1.088918e+03 1.088555e+03
1.088906e+03 1.088544e+03
1.088788e+03 1.088536e+03
1.088891e+03 1.088530e+03
1.088805e+03 1.088510e+03
1.088332e+03 1.088018e+03
1.086983e+03 1.086943e+03
1.086795e+03 1.086776e+03
1.086695e+03 1.086686e+03
1.086649e+03 1.086645e+03
1.086630e+03 1.086624e+03
1.086289e+03 1.085680e+03
1.085671e+03 1.085208e+03
1.085516e+03 1.085208e+03
1.085329e+03 1.085042e+03
1.085315e+03 1.085033e+03
1.085227e+03 1.084940e+03
1.085219e+03 1.085032e+03
1.085211e+03 1.084996e+03
6.051378e+03 4.266492e+03
5.461945e+03 3.705117e+03
5.205509e+03 3.399936e+03
5.023110e+03 3.399936e+03
4.861738e+03 3.399936e+03
4.715175e+03 3.399936e+03
4.639888e+03 3.399936e+03
4.379004e+03 2.776234e+03
3.983534e+03 2.739542e+03
3.743917e+03 2.428341e+03
3.497950e+03 1.980949e+03
3.282932e+03 1.785305e+03
3.114754e+03 1.540107e+03
2.973647e+03 1.539821e+03
2.855580e+03 1.513218e+03
2.734574e+03 1.283156e+03
2.640122e+03 1.279144e+03
2.547477e+03 1.219885e+03
2.438596e+03 1.109601e+03
2.365525e+03 1.105406e+03
2.281889e+03 1.104711e+03
2.203136e+03 1.042765e+03
2.135368e+03 1.018826e+03
2.066742e+03 1.012123e+03
1.993533e+03 9.489011e+02
1.939789e+03 9.474533e+02
1.885588e+03 9.455052e+02
1.818019e+03 9.406097e+02
1.746264e+03 9.148348e+02
1.676363e+03 9.099643e+02
1.607573e+03 8.860649e+02
1.548845e+03 8.573268e+02
1.477382e+03 8.359048e+02
1.417895e+03 7.834393e+02
1.363140e+03 7.724532e+02
1.296469e+03 7.460818e+02
1.241213e+03 7.358636e+02
1.187248e+03 6.435640e+02
1.136302e+03 6.305734e+02
1.080777e+03 6.170251e+02
1.033513e+03 6.157575e+02
9.827092e+02 6.112122e+02
9.316722e+02 6.085824e+02
8.814723e+02 5.958117e+02
8.303964e+02 5.872569e+02
7.857154e+02 5.769859e+02
7.310041e+02 5.748787e+02
6.668460e+02 5.670581e+02
1.618444e+08 1.448032e+06
2.741281e+03 2.525332e+03
2.631608e+03 2.463286e+03
1.006793e+03 8.096765e+02
7.361146e+02 7.254036e+02
7.087220e+02 7.073319e+02
7.055563e+02 7.049557e+02
7.038040e+02 7.036782e+02
7.035117e+02 7.034989e+02
7.034688e+02 7.034645e+02
7.034584e+02 7.034565e+02
7.034549e+02 7.034462e+02
7.034320e+02 7.034274e+02
7.034189e+02 7.034130e+02
7.034005e+02 7.033921e+02
7.033651e+02 7.033532e+02
7.033185e+02 7.032918e+02
7.031583e+02 7.030622e+02
7.027171e+02 7.026434e+02
7.023363e+02 7.022405e+02
7.016921e+02 7.015705e+02
7.012762e+02 7.012245e+02
7.010885e+02 7.009717e+02
7.005488e+02 7.002813e+02
6.998014e+02 6.996677e+02
6.992025e+02 6.989311e+02
6.983671e+02 6.981377e+02
6.977467e+02 6.976773e+02
6.975701e+02 6.974593e+02
6.972710e+02 6.972238e+02
6.971475e+02 6.971355e+02
6.971093e+02 6.971039e+02
6.970789e+02 6.970518e+02
6.968882e+02 6.967983e+02
6.966312e+02 6.966168e+02
6.965714e+02 6.965523e+02
6.965320e+02 6.964806e+02
6.964247e+02 6.963867e+02
6.963812e+02 6.962936e+02
6.962617e+02 6.961883e+02
6.961567e+02 6.961295e+02
6.961341e+02 6.960699e+02
6.960326e+02 6.959863e+02
6.959628e+02 6.959397e+02
6.959073e+02 6.958969e+02
6.958786e+02 6.958623e+02
6.958385e+02 6.958220e+02
6.958047e+02 6.957962e+02
6.957755e+02 6.957654e+02
6.957207e+02 6.956979e+02
6.956331e+02 6.955918e+02
6.954983e+02 6.954235e+02
6.952687e+02 6.946851e+02
6.006582e+03 1.913080e+03
5.286605e+03 1.913080e+03
4.935044e+03 1.913080e+03
4.688961e+03 1.913080e+03
4.508959e+03 1.913080e+03
4.373770e+03 1.913080e+03
4.062824e+03 1.913080e+03
3.664922e+03 1.886416e+03
3.384402e+03 1.843164e+03
3.176204e+03 1.604236e+03
3.010864e+03 1.238457e+03
2.865633e+03 1.238110e+03
2.707218e+03 1.113611e+03
2.570228e+03 1.108393e+03
2.467340e+03 9.149041e+02
2.363510e+03 9.028185e+02
2.281691e+03 9.027444e+02
2.194983e+03 8.641750e+02
2.106772e+03 7.935300e+02
2.020946e+03 7.526949e+02
1.950106e+03 7.481341e+02
1.888863e+03 7.429932e+02
1.829206e+03 7.429691e+02
1.766230e+03 6.751612e+02
1.694430e+03 6.659076e+02
1.637798e+03 6.445521e+02
1.576578e+03 6.342124e+02
1.515098e+03 5.489584e+02
1.460778e+03 5.443335e+02
1.396703e+03 5.359152e+02
1.346260e+03 5.160322e+02
1.292891e+03 4.779433e+02
1.234526e+03 4.504384e+02
1.189400e+03 4.316710e+02
1.146431e+03 4.313524e+02
1.103269e+03 4.300010e+02
1.061604e+03 4.269119e+02
1.025568e+03 4.000298e+02
9.828698e+02 3.923398e+02
9.468766e+02 3.500637e+02
9.129666e+02 3.371978e+02
8.662563e+02 3.306721e+02
8.287536e+02 3.197726e+02
7.802131e+02 3.107752e+02
7.330221e+02 3.095675e+02
6.741076e+02 3.058537e+02
5.795394e+02 3.026316e+02
4.542399e+02 3.009641e+02
1.886785e+08 6.234008e+05
2.701623e+03 2.557390e+03
2.625978e+03 2.457233e+03
1.108175e+03 1.039664e+03
9.889716e+02 9.808902e+02
9.743846e+02 9.737771e+02
9.723827e+02 9.722703e+02
9.720852e+02 9.720641e+02
9.720546e+02 9.720428e+02
9.720405e+02 9.720337e+02
9.720281e+02 9.720232e+02
9.720206e+02 9.720155e+02
9.720008e+02 9.719906e+02
9.719685e+02 9.719523e+02
9.718915e+02 9.718834e+02
9.718682e+02 9.718634e+02
9.718558e+02 9.718530e+02
9.718505e+02 9.718311e+02
9.717314e+02 9.716792e+02
9.714206e+02 9.712621e+02
9.710373e+02 9.706105e+02
9.692429e+02 9.682315e+02
9.657597e+02 9.657134e+02
9.656215e+02 9.656164e+02
9.656108e+02 9.656094e+02
9.656083e+02 9.656069e+02
9.656066e+02 9.656058e+02
9.656052e+02 9.656036e+02
9.655991e+02 9.655923e+02
9.655791e+02 9.655777e+02
9.655738e+02 9.655686e+02
9.656094e+02 9.652696e+02
9.638750e+02 9.638499e+02
9.637929e+02 9.637896e+02
9.637758e+02 9.637744e+02
9.637704e+02 9.637672e+02
9.635487e+02 9.629726e+02
9.626035e+02 9.621546e+02
9.624128e+02 9.621204e+02
9.623729e+02 9.619840e+02
9.622952e+02 9.619341e+02
9.622622e+02 9.620241e+02
9.622186e+02 9.619988e+02
9.621848e+02 9.619566e+02
9.621533e+02 9.618995e+02
9.621072e+02 9.619362e+02
9.620684e+02 9.619001e+02
9.620699e+02 9.619241e+02
9.620303e+02 9.618896e+02
9.620007e+02 9.618604e+02
9.619895e+02 9.619025e+02
9.619813e+02 9.618871e+02
9.619698e+02 9.618632e+02
6.044776e+03 4.380365e+03
5.434691e+03 4.085579e+03
5.127861e+03 3.717945e+03
4.939992e+03 3.717945e+03
4.676599e+03 3.667540e+03
4.289978e+03 3.046390e+03
3.946597e+03 2.341897e+03
3.671336e+03 1.989804e+03
3.453137e+03 1.857937e+03
3.297681e+03 1.857814e+03
3.156211e+03 1.807977e+03
3.010231e+03 1.806580e+03
2.876337e+03 1.762932e+03
2.751145e+03 1.513645e+03
2.658020e+03 1.320950e+03
2.550780e+03 1.310498e+03
2.465152e+03 1.260418e+03
2.382469e+03 1.245235e+03
2.309524e+03 1.112199e+03
2.247035e+03 1.069013e+03
2.179821e+03 9.781913e+02
2.119390e+03 9.683999e+02
2.065752e+03 9.675716e+02
2.013733e+03 9.356540e+02
1.966359e+03 9.352717e+02
1.908225e+03 9.352717e+02
1.839873e+03 8.900004e+02
1.780406e+03 8.884123e+02
1.728140e+03 8.548440e+02
1.677529e+03 8.047237e+02
1.620619e+03 8.046843e+02
1.568592e+03 7.825992e+02
1.519773e+03 7.740855e+02
1.472109e+03 7.664554e+02
1.422739e+03 7.494311e+02
1.371517e+03 6.979967e+02
1.324071e+03 6.960606e+02
1.282927e+03 6.898083e+02
1.239913e+03 6.549659e+02
1.200312e+03 6.547897e+02
1.156494e+03 6.263267e+02
1.105514e+03 6.244325e+02
1.063347e+03 6.239937e+02
1.016155e+03 6.182324e+02
9.719031e+02 6.170672e+02
9.220713e+02 6.113234e+02
8.358549e+02 6.033346e+02
7.061633e+02 5.948835e+02
1.542095e+08 1.099827e+06
1.177408e+03 1.070201e+03
1.109202e+03 9.921495e+02
5.091489e+02 4.707103e+02
4.351685e+02 4.260905e+02
4.152236e+02 4.134395e+02
4.123532e+02 4.119621e+02
4.110693e+02 4.105790e+02
4.098410e+02 4.097423e+02
4.095010e+02 4.094358e+02
4.093110e+02 4.092882e+02
4.092584e+02 4.092492e+02
4.092461e+02 4.092423e+02
4.092388e+02 4.092367e+02
4.092360e+02 4.092352e+02
4.092353e+02 4.092346e+02
4.092345e+02 4.092337e+02
4.092335e+02 4.092326e+02
4.092318e+02 4.092313e+02
4.092308e+02 4.092298e+02
4.092264e+02 4.092172e+02
4.091690e+02 4.090437e+02
4.084147e+02 4.079976e+02
4.064512e+02 4.047931e+02
4.015028e+02 4.013190e+02
4.010467e+02 4.010420e+02
4.010359e+02 4.010344e+02
4.010317e+02 4.010309e+02
4.010299e+02 4.010290e+02
4.010285e+02 4.010280e+02
4.010264e+02 4.010238e+02
4.010041e+02 4.009262e+02
4.003426e+02 3.994959e+02
3.988301e+02 3.986685e+02
3.987052e+02 3.985559e+02
3.986421e+02 3.985029e+02
3.986076e+02 3.985227e+02
3.985883e+02 3.985126e+02
3.985555e+02 3.984779e+02
3.985495e+02 3.984778e+02
3.985312e+02 3.984823e+02
3.985222e+02 3.984714e+02
3.985128e+02 3.984656e+02
3.985063e+02 3.984678e+02
3.984965e+02 3.984595e+02
3.984921e+02 3.984561e+02
3.984921e+02 3.984591e+02
3.984901e+02 3.984546e+02
3.984835e+02 3.984475e+02
3.984800e+02 3.984396e+02
3.984722e+02 3.984423e+02
3.984640e+02 3.984345e+02
3.984582e+02 3.984382e+02
6.216123e+03 3.773695e+03
5.618519e+03 3.659260e+03
5.369298e+03 3.601710e+03
5.208362e+03 3.601710e+03
5.050638e+03 3.601710e+03
4.845195e+03 3.493450e+03
4.477585e+03 2.747045e+03
4.249535e+03 2.661882e+03
4.052990e+03 2.593642e+03
3.856668e+03 2.550080e+03
3.720941e+03 2.461167e+03
3.588625e+03 2.061297e+03
3.451445e+03 1.931192e+03
3.338143e+03 1.904410e+03
3.224616e+03 1.836705e+03
3.132350e+03 1.610892e+03
3.045540e+03 1.603633e+03
2.969710e+03 1.566737e+03
2.879954e+03 1.563663e+03
2.804182e+03 1.476736e+03
2.735795e+03 1.252804e+03
2.660498e+03 1.248706e+03
2.598678e+03 1.241539e+03
2.542910e+03 1.238829e+03
2.461715e+03 1.084372e+03
2.381560e+03 1.052043e+03
2.309831e+03 9.780660e+02
2.230125e+03 8.994312e+02
2.158003e+03 8.721739e+02
2.083399e+03 7.840823e+02
2.021392e+03 7.826604e+02
1.959938e+03 7.133560e+02
1.880250e+03 7.112943e+02
1.818733e+03 6.826410e+02
1.742276e+03 6.695524e+02
1.668450e+03 6.679571e+02
1.593148e+03 6.650427e+02
1.532923e+03 6.599633e+02
1.456294e+03 6.472253e+02
1.400500e+03 6.228604e+02
1.347169e+03 6.184437e+02
1.270732e+03 5.965404e+02
1.212372e+03 5.923588e+02
1.146385e+03 5.837491e+02
1.073758e+03 5.800240e+02
9.926001e+02 5.790291e+02
8.575283e+02 5.672893e+02
7.280420e+02 5.649943e+02
1.446893e+08 3.249505e+06
1.979174e+03 1.836303e+03
1.895339e+03 1.790476e+03
6.822575e+02 6.366244e+02
6.018225e+02 5.979934e+02
5.944816e+02 5.937191e+02
5.924001e+02 5.920923e+02
5.916010e+02 5.914883e+02
5.913033e+02 5.912592e+02
5.912173e+02 5.911977e+02
5.911819e+02 5.911749e+02
5.911707e+02 5.911636e+02
5.911594e+02 5.911545e+02
5.911506e+02 5.911413e+02
5.911326e+02 5.911274e+02
5.911256e+02 5.911233e+02
5.911213e+02 5.911198e+02
5.911191e+02 5.911182e+02
5.911179e+02 5.911172e+02
5.911164e+02 5.911155e+02
5.911146e+02 5.911136e+02
5.911127e+02 5.911122e+02
5.911115e+02 5.911107e+02
5.911098e+02 5.911083e+02
5.911064e+02 5.911012e+02
5.910903e+02 5.910723e+02
5.910315e+02 5.908247e+02
5.897204e+02 5.886320e+02
5.863581e+02 5.858009e+02
5.842908e+02 5.841446e+02
5.837979e+02 5.837805e+02
5.837264e+02 5.837182e+02
5.836722e+02 5.836649e+02
5.836469e+02 5.836451e+02
5.836427e+02 5.836420e+02
5.836415e+02 5.836409e+02
5.836404e+02 5.836398e+02
5.836388e+02 5.836378e+02
5.836802e+02 5.836332e+02
5.830215e+02 5.827742e+02
5.817683e+02 5.817008e+02
5.815886e+02 5.815843e+02
5.815754e+02 5.815726e+02
5.816019e+02 5.815445e+02
5.806842e+02 5.802228e+02
5.802770e+02 5.800399e+02
5.801729e+02 5.799153e+02
5.801204e+02 5.799152e+02
5.801323e+02 5.798968e+02
5.800725e+02 5.798024e+02
5.800116e+02 5.798482e+02
5.799958e+02 5.798808e+02
5.799973e+02 5.798644e+02
5.745083e+03 4.266798e+03
5.031823e+03 3.685732e+03
4.655050e+03 2.956051e+03
4.335234e+03 2.856560e+03
4.072283e+03 2.856560e+03
3.835026e+03 2.640733e+03
3.561690e+03 2.041636e+03
3.086559e+03 1.662753e+03
2.698185e+03 1.306167e+03
2.425356e+03 1.204558e+03
2.196062e+03 9.759504e+02
2.021890e+03 9.759504e+02
1.869415e+03 8.261623e+02
1.730647e+03 6.010328e+02
1.605764e+03 5.745918e+02
1.488124e+03 5.605246e+02
1.401289e+03 5.556351e+02
1.300002e+03 4.822994e+02
1.217528e+03 4.640439e+02
1.148276e+03 4.258875e+02
1.089554e+03 4.255735e+02
1.029837e+03 4.238463e+02
9.865413e+02 4.070978e+02
9.361129e+02 3.921680e+02
8.814262e+02 3.676268e+02
8.319996e+02 3.407383e+02
7.858078e+02 3.160859e+02
7.464772e+02 2.694409e+02
7.027578e+02 2.391182e+02
6.612132e+02 2.387676e+02
6.254039e+02 2.343457e+02
5.848685e+02 2.276619e+02
5.517610e+02 2.245023e+02
5.194501e+02 2.153846e+02
4.898417e+02 2.085027e+02
4.614703e+02 2.080079e+02
4.336211e+02 2.042035e+02
4.063820e+02 1.990952e+02
3.735408e+02 1.928201e+02
3.401285e+02 1.919442e+02
3.114136e+02 1.904448e+02
2.822123e+02 1.882103e+02
2.550973e+02 1.879155e+02
2.153539e+02 1.859697e+02
1.933939e+02 1.833337e+02
1.872498e+02 1.813270e+02
1.830303e+02 1.800836e+02
1.797480e+02 1.774525e+02
1.445391e+08 2.040069e+06
2.978447e+03 2.779140e+03
2.864108e+03 2.705192e+03
8.982278e+02 8.028843e+02
7.687503e+02 7.614289e+02
7.538333e+02 7.528705e+02
7.500446e+02 7.497759e+02
7.493347e+02 7.492957e+02
7.492512e+02 7.492160e+02
7.490464e+02 7.490215e+02
7.490099e+02 7.489949e+02
7.489878e+02 7.489835e+02
7.489813e+02 7.489787e+02
7.489780e+02 7.489770e+02
7.489767e+02 7.489760e+02
7.489757e+02 7.489751e+02
7.489752e+02 7.489745e+02
7.489737e+02 7.489723e+02
7.489700e+02 7.489676e+02
7.489632e+02 7.489607e+02
7.489565e+02 7.489535e+02
7.489521e+02 7.489452e+02
7.489220e+02 7.489152e+02
7.489325e+02 7.488839e+02
7.485737e+02 7.483840e+02
7.477853e+02 7.476025e+02
7.471488e+02 7.470259e+02
7.460913e+02 7.456763e+02
7.441674e+02 7.441354e+02
7.440618e+02 7.440555e+02
7.440406e+02 7.440379e+02
7.440310e+02 7.440292e+02
7.440234e+02 7.440204e+02
7.439832e+02 7.439733e+02
7.439716e+02 7.438967e+02
7.429555e+02 7.422977e+02
7.411021e+02 7.410748e+02
7.406885e+02 7.404081e+02
7.404502e+02 7.402256e+02
7.404117e+02 7.402055e+02
7.403536e+02 7.401282e+02
7.402956e+02 7.401155e+02
7.402444e+02 7.401166e+02
7.402454e+02 7.401226e+02
7.402063e+02 7.401095e+02
7.401892e+02 7.401141e+02
7.401858e+02 7.401064e+02
7.401752e+02 7.400817e+02
7.401698e+02 7.400902e+02
7.401504e+02 7.400880e+02
7.401460e+02 7.400842e+02
7.401330e+02 7.400626e+02
7.401141e+02 7.400619e+02
6.035537e+03 4.413165e+03
5.434510e+03 4.159978e+03
5.082625e+03 4.062252e+03
4.857556e+03 3.693304e+03
4.686584e+03 3.693304e+03
4.478016e+03 2.740147e+03
4.295208e+03 2.740147e+03
3.822542e+03 2.677671e+03
3.507840e+03 1.978040e+03
3.286651e+03 1.883722e+03
3.109531e+03 1.679511e+03
2.949317e+03 1.645049e+03
2.815483e+03 1.480506e+03
2.674927e+03 1.472618e+03
2.560427e+03 1.472597e+03
2.455808e+03 1.346966e+03
2.362385e+03 1.346751e+03
2.276588e+03 1.330966e+03
2.187956e+03 1.278832e+03
2.100642e+03 1.248042e+03
2.030524e+03 1.247345e+03
1.954771e+03 1.148135e+03
1.889120e+03 1.095887e+03
1.829955e+03 1.094905e+03
1.765668e+03 1.075022e+03
1.714498e+03 1.036650e+03
1.662305e+03 1.015620e+03
1.602545e+03 9.635632e+02
1.541713e+03 9.191353e+02
1.479765e+03 8.614366e+02
1.422361e+03 6.786688e+02
1.368729e+03 6.785186e+02
1.312509e+03 6.783740e+02
1.261154e+03 5.272329e+02
1.218778e+03 5.106957e+02
1.166160e+03 4.960739e+02
1.124671e+03 4.913004e+02
1.087075e+03 4.861973e+02
1.039989e+03 4.679000e+02
1.000726e+03 4.518838e+02
9.593463e+02 4.450448e+02
9.083633e+02 4.330015e+02
8.647781e+02 4.070676e+02
8.094690e+02 4.038974e+02
7.663700e+02 3.981685e+02
7.227410e+02 3.970058e+02
6.473186e+02 3.947923e+02
5.367411e+02 3.919779e+02
1.680228e+08 2.442862e+06
3.468036e+02 2.978552e+02
3.208143e+02 2.888382e+02
2.246886e+02 2.121875e+02
1.987452e+02 1.952749e+02
1.921948e+02 1.918428e+02
1.912869e+02 1.911633e+02
1.910562e+02 1.909923e+02
1.908573e+02 1.908085e+02
1.907435e+02 1.907195e+02
1.907124e+02 1.907051e+02
1.907010e+02 1.906872e+02
1.906723e+02 1.906653e+02
1.906652e+02 1.906619e+02
1.906607e+02 1.906586e+02
1.906585e+02 1.906568e+02
1.906568e+02 1.906556e+02
1.906557e+02 1.906537e+02
1.906491e+02 1.906427e+02
1.906235e+02 1.906064e+02
1.905503e+02 1.905404e+02
1.905223e+02 1.905184e+02
1.905398e+02 1.904659e+02
1.902689e+02 1.901651e+02
1.898939e+02 1.898572e+02
1.897595e+02 1.897435e+02
1.897138e+02 1.897070e+02
1.896874e+02 1.895861e+02
1.887372e+02 1.883261e+02
1.873265e+02 1.869495e+02
1.864362e+02 1.861594e+02
1.855520e+02 1.852827e+02
1.849079e+02 1.847913e+02
1.844098e+02 1.842174e+02
1.838041e+02 1.837611e+02
1.836535e+02 1.836467e+02
1.836341e+02 1.836314e+02
1.836303e+02 1.836289e+02
1.836277e+02 1.836260e+02
1.836246e+02 1.836197e+02
1.836104e+02 1.835720e+02
1.833321e+02 1.831644e+02
1.829168e+02 1.827539e+02
1.826266e+02 1.825073e+02
1.824035e+02 1.823344e+02
1.822068e+02 1.821658e+02
1.820908e+02 1.820686e+02
1.820387e+02 1.819824e+02
1.819279e+02 1.819058e+02
1.818698e+02 1.818630e+02
1.818530e+02 1.818475e+02
1.818549e+02 1.817582e+02
1.812084e+02 1.805880e+02
5.893118e+03 3.551780e+03
5.206260e+03 3.551780e+03
4.895158e+03 3.551780e+03
4.638793e+03 3.551780e+03
4.430447e+03 3.551780e+03
4.220134e+03 2.956852e+03
4.035507e+03 2.340076e+03
3.857228e+03 2.340076e+03
3.608792e+03 2.220001e+03
3.095616e+03 1.360484e+03
2.766682e+03 1.335236e+03
2.440230e+03 1.249554e+03
2.216228e+03 1.095936e+03
2.026329e+03 9.639404e+02
1.863706e+03 8.806364e+02
1.724585e+03 8.091400e+02
1.601336e+03 6.814133e+02
1.492747e+03 6.367781e+02
1.389174e+03 6.238732e+02
1.295416e+03 4.685436e+02
1.218600e+03 4.455441e+02
1.146114e+03 4.130359e+02
1.079534e+03 3.397067e+02
1.023540e+03 3.316586e+02
9.635885e+02 3.053108e+02
9.161381e+02 2.902349e+02
8.737981e+02 2.856097e+02
8.293055e+02 2.854664e+02
7.880397e+02 2.715469e+02
7.472055e+02 2.712523e+02
7.107269e+02 2.538182e+02
6.721943e+02 2.530226e+02
6.316517e+02 2.406652e+02
6.016771e+02 2.396267e+02
5.718609e+02 2.340710e+02
5.385774e+02 2.256678e+02
5.111498e+02 2.112766e+02
4.865662e+02 2.076081e+02
4.569711e+02 2.020095e+02
4.292674e+02 2.014510e+02
4.012962e+02 1.967533e+02
3.756011e+02 1.911942e+02
3.560356e+02 1.832259e+02
3.329030e+02 1.817032e+02
3.087151e+02 1.790427e+02
2.738267e+02 1.776916e+02
1.995604e+02 1.769365e+02
1.767617e+02 1.748458e+02
2.050893e+08 3.613019e+06
2.381052e+03 2.227208e+03
2.299436e+03 2.177423e+03
5.748069e+02 3.351747e+02
2.188275e+02 1.979247e+02
1.842486e+02 1.820980e+02
1.796626e+02 1.791332e+02
1.782848e+02 1.781777e+02
1.780520e+02 1.779640e+02
1.776084e+02 1.775832e+02
1.775449e+02 1.775362e+02
1.775276e+02 1.775036e+02
1.774411e+02 1.774263e+02
1.773951e+02 1.773863e+02
1.773403e+02 1.773248e+02
1.772878e+02 1.772729e+02
1.772381e+02 1.772265e+02
1.771883e+02 1.771756e+02
1.771654e+02 1.770465e+02
1.763539e+02 1.755625e+02
1.731512e+02 1.727230e+02
1.713394e+02 1.711566e+02
1.697927e+02 1.690286e+02
1.677405e+02 1.677224e+02
1.676815e+02 1.676758e+02
1.676695e+02 1.676674e+02
1.676636e+02 1.676592e+02
1.676161e+02 1.675660e+02
1.674572e+02 1.674513e+02
1.674407e+02 1.674382e+02
1.674743e+02 1.673907e+02
1.658201e+02 1.652612e+02
1.651903e+02 1.646524e+02
1.650384e+02 1.647351e+02
1.649189e+02 1.647197e+02
1.648311e+02 1.646297e+02
1.647557e+02 1.645724e+02
1.647701e+02 1.645887e+02
1.647175e+02 1.645376e+02
1.646684e+02 1.645284e+02
1.646363e+02 1.645207e+02
1.645974e+02 1.644943e+02
1.645884e+02 1.644941e+02
1.645624e+02 1.644939e+02
1.645624e+02 1.644697e+02
1.645447e+02 1.645044e+02
1.645338e+02 1.644529e+02
1.645165e+02 1.644550e+02
1.645096e+02 1.644638e+02
1.645047e+02 1.644708e+02
1.644996e+02 1.644538e+02
1.644918e+02 1.644564e+02
1.644845e+02 1.644423e+02
5.973020e+03 3.314117e+03
5.379936e+03 3.314117e+03
5.096476e+03 3.314117e+03
4.917361e+03 3.314117e+03
4.806054e+03 3.314117e+03
4.645901e+03 2.735088e+03
4.565182e+03 2.735088e+03
4.258923e+03 2.732991e+03
3.957295e+03 2.394777e+03
3.705554e+03 1.841440e+03
3.494751e+03 1.715402e+03
3.332339e+03 1.624377e+03
3.159084e+03 1.624141e+03
2.987931e+03 1.568120e+03
2.876579e+03 1.557771e+03
2.771399e+03 1.242325e+03
2.676407e+03 1.233929e+03
2.578675e+03 1.217085e+03
2.468691e+03 1.216090e+03
2.376457e+03 1.180556e+03
2.302781e+03 1.178150e+03
2.225913e+03 1.169371e+03
2.145987e+03 1.167926e+03
2.076484e+03 1.165229e+03
2.007313e+03 1.015659e+03
1.929213e+03 9.540929e+02
1.857029e+03 9.532054e+02
1.764073e+03 8.637680e+02
1.688661e+03 8.633789e+02
1.607825e+03 8.566627e+02
1.544052e+03 8.442133e+02
1.483043e+03 7.994173e+02
1.418839e+03 7.769964e+02
1.348776e+03 7.551872e+02
1.291915e+03 7.120534e+02
1.216036e+03 6.904303e+02
1.164988e+03 6.883253e+02
1.118600e+03 6.736233e+02
1.060394e+03 6.444751e+02
1.013986e+03 6.263695e+02
9.648261e+02 6.040871e+02
9.068342e+02 5.820531e+02
8.631283e+02 5.474594e+02
8.130315e+02 5.383560e+02
7.455754e+02 4.477734e+02
6.790085e+02 4.186231e+02
5.700158e+02 3.961504e+02
4.967322e+02 3.876799e+02
2.385654e+08 1.240875e+06
3.283404e+03 3.067582e+03
3.164667e+03 2.938916e+03
1.459918e+03 1.319763e+03
1.237758e+03 1.225159e+03
1.212121e+03 1.211485e+03
1.210585e+03 1.210368e+03
1.209865e+03 1.209759e+03
1.209612e+03 1.209590e+03
1.209553e+03 1.209546e+03
1.209543e+03 1.209540e+03
1.209539e+03 1.209535e+03
1.209533e+03 1.209530e+03
1.209526e+03 1.209520e+03
1.209512e+03 1.209507e+03
1.209503e+03 1.209499e+03
1.209494e+03 1.209492e+03
1.209488e+03 1.209477e+03
1.209395e+03 1.209346e+03
1.209052e+03 1.208945e+03
1.208609e+03 1.208463e+03
1.207796e+03 1.207655e+03
1.207453e+03 1.207371e+03
1.207224e+03 1.206997e+03
1.206616e+03 1.206547e+03
1.206477e+03 1.206458e+03
1.206411e+03 1.206384e+03
1.206279e+03 1.206172e+03
1.205823e+03 1.205537e+03
1.204902e+03 1.204589e+03
1.204341e+03 1.204158e+03
1.204089e+03 1.203887e+03
1.203680e+03 1.203426e+03
1.203094e+03 1.202847e+03
1.202748e+03 1.202621e+03
1.202493e+03 1.202380e+03
1.202255e+03 1.202219e+03
1.202190e+03 1.202184e+03
1.202176e+03 1.202174e+03
1.202171e+03 1.202165e+03
1.202251e+03 1.202074e+03
1.201634e+03 1.201270e+03
1.200766e+03 1.200618e+03
1.200470e+03 1.200423e+03
1.200363e+03 1.200322e+03
1.200270e+03 1.200260e+03
1.200251e+03 1.200244e+03
1.200236e+03 1.200200e+03
1.200151e+03 1.200139e+03
1.200096e+03 1.200033e+03
1.198880e+03 1.198711e+03
1.198608e+03 1.198156e+03
1.197938e+03 1.197689e+03
5.697784e+03 3.332335e+03
4.983810e+03 3.332335e+03
4.552428e+03 3.055201e+03
4.195930e+03 2.922210e+03
3.909912e+03 2.821866e+03
3.711441e+03 2.630169e+03
3.452557e+03 2.234512e+03
3.249235e+03 2.121471e+03
3.073838e+03 2.029996e+03
2.899634e+03 1.726502e+03
2.707982e+03 1.353187e+03
2.481100e+03 1.095739e+03
2.285019e+03 1.090699e+03
2.071162e+03 8.591617e+02
1.799384e+03 8.208164e+02
1.407874e+03 6.714065e+02
4.809461e+02 1.577083e+02
1.986432e+02 7.910019e+01
1.100855e+02 6.601141e+01
7.573260e+01 6.152813e+01
6.243224e+01 5.884820e+01
5.807729e+01 5.659282e+01
5.427917e+01 5.406004e+01
5.325456e+01 5.324092e+01
5.260275e+01 5.257010e+01
5.076583e+01 5.056981e+01
5.061536e+01 5.053061e+01
5.055371e+01 5.045898e+01
5.051348e+01 5.044255e+01
5.045530e+01 5.038681e+01
5.037949e+01 5.030242e+01
5.031915e+01 5.025404e+01
5.027350e+01 5.021910e+01
5.024242e+01 5.019250e+01
5.022100e+01 5.018234e+01
5.020446e+01 5.016909e+01
5.019054e+01 5.016055e+01
5.018153e+01 5.015397e+01
5.017424e+01 5.014891e+01
5.016667e+01 5.014412e+01
5.016034e+01 5.014093e+01
5.015309e+01 5.012675e+01
5.014736e+01 5.012272e+01
5.013935e+01 5.012137e+01
5.013389e+01 5.011766e+01
5.012753e+01 5.011508e+01
5.011804e+01 5.011160e+01
5.010766e+01 5.010365e+01
1.813023e+08 1.820450e+06
2.865312e+03 2.700378e+03
2.749867e+03 2.649699e+03
1.577822e+03 1.526431e+03
1.472142e+03 1.463621e+03
1.455310e+03 1.454424e+03
1.453049e+03 1.452824e+03
1.452430e+03 1.452363e+03
1.452302e+03 1.452267e+03
1.452245e+03 1.452226e+03
1.452215e+03 1.452203e+03
1.452199e+03 1.452187e+03
1.452172e+03 1.452159e+03
1.452147e+03 1.452134e+03
1.452122e+03 1.452117e+03
1.452114e+03 1.452110e+03
1.452111e+03 1.452108e+03
1.452107e+03 1.452104e+03
1.452099e+03 1.452097e+03
1.452094e+03 1.452091e+03
1.452083e+03 1.452075e+03
1.452045e+03 1.452031e+03
1.451969e+03 1.451947e+03
1.451860e+03 1.451838e+03
1.451750e+03 1.451727e+03
1.451632e+03 1.451572e+03
1.451370e+03 1.451125e+03
1.449716e+03 1.449165e+03
1.445708e+03 1.445049e+03
1.443573e+03 1.443549e+03
1.443488e+03 1.443473e+03
1.443411e+03 1.443408e+03
1.443404e+03 1.443402e+03
1.443401e+03 1.443401e+03
1.443399e+03 1.443398e+03
1.443397e+03 1.443396e+03
1.443393e+03 1.443391e+03
1.443389e+03 1.443386e+03
1.443390e+03 1.443330e+03
1.442715e+03 1.441967e+03
1.441271e+03 1.440851e+03
1.441082e+03 1.440759e+03
1.441023e+03 1.440710e+03
1.440935e+03 1.440670e+03
1.440888e+03 1.440581e+03
1.440858e+03 1.440617e+03
1.440805e+03 1.440576e+03
1.440768e+03 1.440586e+03
1.440771e+03 1.440637e+03
1.440747e+03 1.440601e+03
1.440715e+03 1.440589e+03
1.440689e+03 1.440560e+03
1.440671e+03 1.440573e+03
6.045965e+03 4.386147e+03
5.506654e+03 4.386147e+03
5.156839e+03 3.694901e+03
4.944133e+03 3.694901e+03
4.720964e+03 3.413647e+03
4.562492e+03 3.338756e+03
4.398130e+03 3.142194e+03
3.935578e+03 2.213254e+03
3.665549e+03 2.085615e+03
3.436868e+03 2.035634e+03
3.237077e+03 1.859757e+03
3.056904e+03 1.630693e+03
2.921816e+03 1.624308e+03
2.803295e+03 1.461537e+03
2.676182e+03 1.398652e+03
2.551083e+03 1.397969e+03
2.449531e+03 1.308318e+03
2.358395e+03 1.307204e+03
2.256085e+03 1.264609e+03
2.182798e+03 1.176507e+03
2.103855e+03 1.042365e+03
2.036246e+03 1.037331e+03
1.974021e+03 9.796703e+02
1.914186e+03 9.543372e+02
1.852100e+03 9.415666e+02
1.793612e+03 9.136351e+02
1.726642e+03 8.596572e+02
1.655386e+03 8.590972e+02
1.593377e+03 7.886920e+02
1.532816e+03 7.836130e+02
1.478294e+03 7.719154e+02
1.416287e+03 7.491678e+02
1.359322e+03 7.241103e+02
1.306710e+03 6.081913e+02
1.254478e+03 5.957488e+02
1.204752e+03 5.813136e+02
1.160196e+03 5.521128e+02
1.113822e+03 5.465171e+02
1.068586e+03 5.435687e+02
1.025410e+03 5.414051e+02
9.842882e+02 5.377652e+02
9.289377e+02 5.271012e+02
8.863844e+02 5.258270e+02
8.421200e+02 5.235007e+02
7.934409e+02 5.220272e+02
7.403018e+02 5.188369e+02
6.578302e+02 5.165271e+02
5.966878e+02 5.144778e+02
2.165252e+08 6.191209e+05
2.890058e+03 2.730613e+03
2.779798e+03 2.644365e+03
1.162174e+03 1.041060e+03
9.693600e+02 9.615122e+02
9.501473e+02 9.492938e+02
9.477034e+02 9.470623e+02
9.462064e+02 9.461123e+02
9.459701e+02 9.459374e+02
9.459124e+02 9.458967e+02
9.458867e+02 9.458274e+02
9.455381e+02 9.454882e+02
9.454508e+02 9.454322e+02
9.454116e+02 9.454024e+02
9.453990e+02 9.453946e+02
9.453927e+02 9.453863e+02
9.453735e+02 9.453609e+02
9.453096e+02 9.452954e+02
9.452660e+02 9.452615e+02
9.452543e+02 9.452491e+02
9.452406e+02 9.451744e+02
9.449119e+02 9.448619e+02
9.447468e+02 9.445881e+02
9.443108e+02 9.442840e+02
9.442095e+02 9.441337e+02
9.438414e+02 9.437900e+02
9.436321e+02 9.435889e+02
9.434418e+02 9.433098e+02
9.430959e+02 9.428415e+02
9.424431e+02 9.422170e+02
9.420821e+02 9.420274e+02
9.419665e+02 9.419487e+02
9.419167e+02 9.418632e+02
9.416114e+02 9.409025e+02
9.396516e+02 9.394313e+02
9.390013e+02 9.388748e+02
9.387307e+02 9.387180e+02
9.387076e+02 9.386661e+02
9.383923e+02 9.382784e+02
9.380511e+02 9.379790e+02
9.378519e+02 9.377875e+02
9.376862e+02 9.376677e+02
9.376245e+02 9.376133e+02
9.375936e+02 9.375856e+02
9.375735e+02 9.375636e+02
9.375548e+02 9.375124e+02
9.374196e+02 9.373712e+02
9.374439e+02 9.368645e+02
9.368949e+02 9.365745e+02
9.366522e+02 9.362583e+02
9.365543e+02 9.362960e+02
9.364830e+02 9.363057e+02
9.364536e+02 9.362041e+02
6.056291e+03 3.923292e+03
5.484373e+03 3.923292e+03
5.202592e+03 3.923292e+03
4.994595e+03 2.975747e+03
4.813791e+03 2.975747e+03
4.636859e+03 2.975747e+03
4.495777e+03 2.975747e+03
4.381495e+03 2.975747e+03
4.248780e+03 2.975747e+03
4.109761e+03 2.846946e+03
3.966380e+03 2.629843e+03
3.855177e+03 2.629843e+03
3.735179e+03 2.629843e+03
3.612771e+03 2.376989e+03
3.435061e+03 2.376989e+03
3.196792e+03 2.210749e+03
2.678740e+03 1.316571e+03
2.303052e+03 1.069914e+03
2.053813e+03 9.543729e+02
1.870097e+03 8.419661e+02
1.692792e+03 7.700567e+02
1.548096e+03 6.569454e+02
1.415231e+03 6.180626e+02
1.305153e+03 5.873719e+02
1.155262e+03 4.755027e+02
1.042507e+03 3.556297e+02
9.849111e+02 3.376060e+02
9.401872e+02 3.263607e+02
8.932712e+02 3.257255e+02
8.506236e+02 3.188980e+02
8.086177e+02 3.020534e+02
7.633818e+02 2.756488e+02
7.167879e+02 2.660947e+02
6.830281e+02 2.591860e+02
6.450215e+02 2.496826e+02
6.056396e+02 2.464537e+02
5.717240e+02 2.458202e+02
5.402523e+02 2.428221e+02
5.088086e+02 2.267317e+02
4.799520e+02 2.168345e+02
4.538731e+02 2.108338e+02
4.206067e+02 2.069470e+02
3.910495e+02 1.986104e+02
3.610626e+02 1.941069e+02
3.406661e+02 1.893534e+02
3.228472e+02 1.885859e+02
2.883285e+02 1.856188e+02
1.930066e+02 1.828473e+02
1.610027e+08 3.101724e+06
3.543230e+03 3.295555e+03
3.437038e+03 3.166702e+03
1.376876e+03 1.050083e+03
9.344550e+02 8.845237e+02
8.433433e+02 8.407714e+02
8.383897e+02 8.373122e+02
8.363538e+02 8.362011e+02
8.358455e+02 8.357641e+02
8.356526e+02 8.356248e+02
8.355929e+02 8.355820e+02
8.355419e+02 8.355265e+02
8.354693e+02 8.354348e+02
8.353611e+02 8.353456e+02
8.353286e+02 8.353231e+02
8.353202e+02 8.353179e+02
8.353162e+02 8.353144e+02
8.353125e+02 8.353101e+02
8.353171e+02 8.352766e+02
8.350218e+02 8.348528e+02
8.342497e+02 8.338680e+02
8.320909e+02 8.311443e+02
8.279463e+02 8.276226e+02
8.270460e+02 8.270220e+02
8.269561e+02 8.269524e+02
8.269486e+02 8.269456e+02
8.269346e+02 8.269287e+02
8.268979e+02 8.268919e+02
8.268761e+02 8.268376e+02
8.267285e+02 8.266651e+02
8.262541e+02 8.256996e+02
8.244371e+02 8.244174e+02
8.243781e+02 8.243706e+02
8.243620e+02 8.243574e+02
8.243285e+02 8.243188e+02
8.242929e+02 8.242869e+02
8.242698e+02 8.242638e+02
8.243422e+02 8.240862e+02
8.230039e+02 8.225787e+02
8.227100e+02 8.224034e+02
8.226326e+02 8.223677e+02
8.225427e+02 8.222239e+02
8.224848e+02 8.223119e+02
8.224285e+02 8.222336e+02
8.223967e+02 8.222369e+02
8.223516e+02 8.222263e+02
8.223416e+02 8.222261e+02
8.223102e+02 8.222242e+02
8.222979e+02 8.222008e+02
8.222857e+02 8.222148e+02
8.222801e+02 8.221855e+02
8.222606e+02 8.221785e+02
8.222440e+02 8.221684e+02
5.423306e+03 3.209563e+03
4.837964e+03 3.209563e+03
4.366529e+03 2.825262e+03
4.028029e+03 2.562007e+03
3.686297e+03 2.562007e+03
3.207746e+03 1.892137e+03
1.342329e+03 5.515289e+02
4.820432e+02 2.059653e+02
3.176148e+02 1.989327e+02
2.425242e+02 1.957951e+02
2.012242e+02 1.944588e+02
1.994838e+02 1.944588e+02
1.984322e+02 1.937199e+02
1.975621e+02 1.929009e+02
1.968483e+02 1.929009e+02
1.961849e+02 1.912592e+02
1.955604e+02 1.912592e+02
1.950746e+02 1.906771e+02
1.945098e+02 1.906771e+02
1.940108e+02 1.905527e+02
1.927634e+02 1.879750e+02
1.902922e+02 1.856866e+02
1.885935e+02 1.821445e+02
1.871330e+02 1.814157e+02
1.857501e+02 1.806116e+02
1.844283e+02 1.792829e+02
1.831515e+02 1.785694e+02
1.820982e+02 1.781776e+02
1.813909e+02 1.776468e+02
1.807750e+02 1.775390e+02
1.801577e+02 1.772865e+02
1.795791e+02 1.767561e+02
1.791272e+02 1.765794e+02
1.785824e+02 1.765122e+02
1.780640e+02 1.760426e+02
1.776966e+02 1.756352e+02
1.773861e+02 1.756347e+02
1.769570e+02 1.751831e+02
1.765410e+02 1.749556e+02
1.761720e+02 1.747694e+02
1.757356e+02 1.745472e+02
1.753014e+02 1.740382e+02
1.749654e+02 1.738773e+02
1.745875e+02 1.737249e+02
1.743058e+02 1.735256e+02
1.740210e+02 1.734131e+02
1.737596e+02 1.733540e+02
1.733745e+02 1.732899e+02
1.691289e+08 1.120537e+06
2.840484e+03 2.669303e+03
2.730829e+03 2.564145e+03
1.141962e+03 9.413215e+02
8.742921e+02 8.630189e+02
8.472052e+02 8.464493e+02
8.446411e+02 8.442601e+02
8.436034e+02 8.434716e+02
8.432737e+02 8.432519e+02
8.432346e+02 8.432180e+02
8.432124e+02 8.432046e+02
8.432024e+02 8.431856e+02
8.431760e+02 8.431661e+02
8.431556e+02 8.431497e+02
8.431435e+02 8.431389e+02
8.431356e+02 8.431323e+02
8.431282e+02 8.431260e+02
8.431215e+02 8.431186e+02
8.431145e+02 8.431090e+02
8.430943e+02 8.430780e+02
8.429989e+02 8.429639e+02
8.427906e+02 8.426600e+02
8.422992e+02 8.422364e+02
8.418865e+02 8.418155e+02
8.415993e+02 8.414338e+02
8.397462e+02 8.389657e+02
8.358225e+02 8.352760e+02
8.338330e+02 8.337798e+02
8.336381e+02 8.336290e+02
8.336236e+02 8.336217e+02
8.336201e+02 8.336193e+02
8.336188e+02 8.336184e+02
8.336182e+02 8.336176e+02
8.336174e+02 8.336156e+02
8.336073e+02 8.336029e+02
8.336231e+02 8.335629e+02
8.331953e+02 8.325164e+02
8.309619e+02 8.306280e+02
8.307031e+02 8.304595e+02
8.306414e+02 8.303594e+02
8.305392e+02 8.303989e+02
8.305368e+02 8.302928e+02
8.305379e+02 8.303535e+02
8.304787e+02 8.303089e+02
8.304328e+02 8.302700e+02
8.304110e+02 8.302364e+02
8.304286e+02 8.302615e+02
8.303855e+02 8.302457e+02
8.303660e+02 8.302235e+02
8.303623e+02 8.302634e+02
8.303338e+02 8.302404e+02
8.302983e+02 8.302339e+02
8.302984e+02 8.302232e+02
5.587755e+03 1.914216e+03
4.761764e+03 1.914216e+03
4.136380e+03 1.914216e+03
3.634432e+03 1.914216e+03
2.898375e+03 1.385686e+03
7.497970e+02 3.818679e+02
5.347767e+02 3.135724e+02
4.078590e+02 3.078051e+02
3.438008e+02 3.055488e+02
3.078648e+02 3.026702e+02
3.060443e+02 3.021354e+02
3.046361e+02 3.007109e+02
3.035565e+02 2.999700e+02
3.028188e+02 2.998289e+02
3.021966e+02 2.989980e+02
3.015627e+02 2.986166e+02
3.012325e+02 2.986166e+02
3.008144e+02 2.973542e+02
3.003664e+02 2.973542e+02
2.997565e+02 2.970160e+02
2.990573e+02 2.953350e+02
2.975921e+02 2.945537e+02
2.962181e+02 2.933134e+02
2.952165e+02 2.925456e+02
2.945111e+02 2.923768e+02
2.937295e+02 2.917638e+02
2.931824e+02 2.915497e+02
2.927388e+02 2.912302e+02
2.923422e+02 2.909594e+02
2.919877e+02 2.905356e+02
2.917057e+02 2.904273e+02
2.914503e+02 2.902724e+02
2.911978e+02 2.900001e+02
2.909908e+02 2.899473e+02
2.907896e+02 2.898685e+02
2.905777e+02 2.897908e+02
2.903969e+02 2.896866e+02
2.902114e+02 2.896009e+02
2.900339e+02 2.895244e+02
2.898680e+02 2.893515e+02
2.897195e+02 2.893117e+02
2.895786e+02 2.892334e+02
2.894473e+02 2.891809e+02
2.893298e+02 2.891206e+02
2.892189e+02 2.890239e+02
2.891127e+02 2.889818e+02
2.889919e+02 2.889197e+02
2.888822e+02 2.888569e+02
1.761025e+08 8.391653e+05
2.882871e+03 2.695261e+03
2.772331e+03 2.632310e+03
1.754597e+03 1.698134e+03
1.661223e+03 1.655197e+03
1.647852e+03 1.647170e+03
1.646125e+03 1.645763e+03
1.645040e+03 1.644926e+03
1.644824e+03 1.644803e+03
1.644786e+03 1.644771e+03
1.644762e+03 1.644751e+03
1.644741e+03 1.644733e+03
1.644732e+03 1.644729e+03
1.644729e+03 1.644726e+03
1.644725e+03 1.644724e+03
1.644724e+03 1.644723e+03
1.644723e+03 1.644722e+03
1.644721e+03 1.644719e+03
1.644717e+03 1.644715e+03
1.644713e+03 1.644703e+03
1.644679e+03 1.644656e+03
1.644605e+03 1.644590e+03
1.644514e+03 1.644482e+03
1.644227e+03 1.644195e+03
1.644108e+03 1.644081e+03
1.643601e+03 1.643357e+03
1.639203e+03 1.638424e+03
1.636062e+03 1.636030e+03
1.635986e+03 1.635979e+03
1.635973e+03 1.635970e+03
1.635968e+03 1.635965e+03
1.635962e+03 1.635949e+03
1.635924e+03 1.635918e+03
1.635912e+03 1.635901e+03
1.636066e+03 1.635864e+03
1.636071e+03 1.635857e+03
1.636097e+03 1.635856e+03
1.635968e+03 1.635854e+03
1.636064e+03 1.635851e+03
1.635990e+03 1.635848e+03
1.635918e+03 1.635826e+03
1.635622e+03 1.635490e+03
1.634562e+03 1.633931e+03
1.633591e+03 1.633206e+03
1.633361e+03 1.633080e+03
1.633330e+03 1.633121e+03
1.633231e+03 1.633012e+03
1.633203e+03 1.633039e+03
1.633132e+03 1.632984e+03
1.633090e+03 1.632888e+03
1.633061e+03 1.632942e+03
1.633046e+03 1.632906e+03
1.633037e+03 1.632911e+03
5.827537e+03 4.039954e+03
5.220090e+03 3.779467e+03
4.862890e+03 3.302518e+03
4.590167e+03 3.302518e+03
4.356201e+03 2.950900e+03
4.209270e+03 2.604878e+03
4.049015e+03 2.604878e+03
3.911457e+03 2.604878e+03
3.777961e+03 2.581812e+03
3.660123e+03 2.371550e+03
3.534549e+03 2.052724e+03
3.084116e+03 1.663350e+03
2.757695e+03 1.395272e+03
2.496393e+03 1.315619e+03
2.292335e+03 1.273639e+03
2.120193e+03 1.003034e+03
1.972166e+03 7.724331e+02
1.845414e+03 7.674832e+02
1.719936e+03 7.484609e+02
1.608708e+03 7.255188e+02
1.502932e+03 6.240205e+02
1.411947e+03 5.587096e+02
1.330579e+03 5.517069e+02
1.263724e+03 4.784842e+02
1.179271e+03 4.509739e+02
1.130328e+03 4.500727e+02
1.075730e+03 4.295359e+02
1.015135e+03 3.784824e+02
9.620187e+02 3.402079e+02
9.114452e+02 3.199024e+02
8.594211e+02 2.973158e+02
8.124250e+02 2.658106e+02
7.641653e+02 2.498778e+02
7.246099e+02 2.486862e+02
6.824062e+02 2.467103e+02
6.424999e+02 2.353149e+02
5.940657e+02 2.342971e+02
5.531305e+02 2.228532e+02
5.108282e+02 2.147408e+02
4.734377e+02 2.078275e+02
4.384854e+02 2.034928e+02
3.978127e+02 1.945612e+02
3.651734e+02 1.857806e+02
3.331128e+02 1.838771e+02
3.070699e+02 1.793709e+02
2.719441e+02 1.775175e+02
2.024718e+02 1.752489e+02
1.741236e+02 1.730000e+02
