2.171020e+01 2.150079e+01
2.162467e+01 2.136992e+01
2.161243e+01 2.147220e+01
2.007047e+01 2.004841e+01
2.000006e+01 2.000003e+01
1.999996e+01 1.999996e+01
2.167931e+01 2.146108e+01
2.156960e+01 2.140763e+01
2.155076e+01 2.140763e+01
2.153760e+01 2.140763e+01
2.152850e+01 2.138075e+01
2.152195e+01 2.137912e+01
2.151467e+01 2.137912e+01
2.151056e+01 2.137912e+01
2.150740e+01 2.137912e+01
2.150325e+01 2.137912e+01
2.149927e+01 2.137912e+01
2.149641e+01 2.137912e+01
2.149318e+01 2.137912e+01
2.149076e+01 2.137912e+01
2.148838e+01 2.137912e+01
2.147690e+01 2.137357e+01
2.143799e+01 2.121807e+01
2.140281e+01 2.119027e+01
2.137458e+01 2.116388e+01
2.134479e+01 2.114815e+01
2.131866e+01 2.114815e+01
2.127650e+01 2.102176e+01
2.124343e+01 2.102176e+01
2.121596e+01 2.102176e+01
2.119411e+01 2.101962e+01
2.117638e+01 2.096873e+01
2.115837e+01 2.096873e+01
2.114296e+01 2.096873e+01
2.112940e+01 2.096873e+01
2.111695e+01 2.095447e+01
2.110530e+01 2.095329e+01
2.109439e+01 2.093149e+01
2.108252e+01 2.092355e+01
2.107195e+01 2.089449e+01
2.106110e+01 2.089399e+01
2.105230e+01 2.086392e+01
2.104406e+01 2.086392e+01
2.103357e+01 2.086392e+01
2.102595e+01 2.086392e+01
2.101786e+01 2.086148e+01
2.100878e+01 2.084524e+01
2.100018e+01 2.084524e+01
2.099264e+01 2.082691e+01
2.098587e+01 2.082691e+01
2.097894e+01 2.082691e+01
2.097181e+01 2.082691e+01
2.096585e+01 2.082691e+01
2.095975e+01 2.080027e+01
2.095265e+01 2.079607e+01
2.094690e+01 2.079607e+01
2.093889e+01 2.075756e+01
2.093284e+01 2.075756e+01
2.092737e+01 2.075756e+01
2.092142e+01 2.075756e+01
2.091340e+01 2.072431e+01
2.090495e+01 2.072321e+01
2.089845e+01 2.072321e+01
2.089047e+01 2.071301e+01
2.088183e+01 2.070212e+01
2.087337e+01 2.067871e+01
2.086371e+01 2.064217e+01
2.085322e+01 2.064217e+01
2.084821e+01 2.064217e+01
2.084123e+01 2.064217e+01
2.083326e+01 2.064217e+01
2.082253e+01 2.064217e+01
2.081068e+01 2.059488e+01
2.079699e+01 2.058539e+01
2.078937e+01 2.056964e+01
2.077631e+01 2.056760e+01
2.076096e+01 2.055857e+01
2.074574e+01 2.055216e+01
2.072988e+01 2.055105e+01
2.071405e+01 2.054574e+01
2.069516e+01 2.054515e+01
2.067441e+01 2.052987e+01
2.065750e+01 2.052954e+01
2.063945e+01 2.052620e+01
2.061844e+01 2.049088e+01
2.059900e+01 2.045100e+01
2.057906e+01 2.044680e+01
2.055966e+01 2.043683e+01
2.053664e+01 2.040857e+01
2.051565e+01 2.038566e+01
2.049200e+01 2.037260e+01
2.046556e+01 2.035572e+01
2.044141e+01 2.034847e+01
2.041588e+01 2.034337e+01
2.038737e+01 2.031925e+01
2.036039e+01 2.028109e+01
2.032325e+01 2.025846e+01
2.028978e+01 2.024232e+01
2.025753e+01 2.022191e+01
2.020617e+01 2.019128e+01
2.015288e+01 2.013675e+01
2.171007e+01 2.150692e+01
2.161540e+01 2.144522e+01
2.157758e+01 2.140921e+01
2.002984e+01 2.002006e+01
2.000002e+01 2.000001e+01
1.999999e+01 1.999999e+01
2.165629e+01 2.142764e+01
2.156703e+01 2.142764e+01
2.154517e+01 2.142643e+01
2.153333e+01 2.140043e+01
2.152499e+01 2.140043e+01
2.152019e+01 2.139798e+01
2.151554e+01 2.139798e+01
2.151171e+01 2.139798e+01
2.150784e+01 2.134297e+01
2.150401e+01 2.134297e+01
2.150196e+01 2.134297e+01
2.149850e+01 2.134297e+01
2.149481e+01 2.134297e+01
2.149197e+01 2.134297e+01
2.148944e+01 2.134297e+01
2.146395e+01 2.127831e+01
2.141946e+01 2.123217e+01
2.138047e+01 2.120805e+01
2.135060e+01 2.117246e+01
2.132418e+01 2.114941e+01
2.129857e+01 2.111711e+01
2.126458e+01 2.110985e+01
2.123447e+01 2.105903e+01
2.120926e+01 2.102730e+01
2.118954e+01 2.098537e+01
2.117105e+01 2.098537e+01
2.115414e+01 2.098101e+01
2.113824e+01 2.093812e+01
2.112552e+01 2.093812e+01
2.111152e+01 2.093211e+01
2.110070e+01 2.093211e+01
2.108970e+01 2.093010e+01
2.107817e+01 2.092988e+01
2.106739e+01 2.092276e+01
2.105847e+01 2.092276e+01
2.104979e+01 2.090386e+01
2.103905e+01 2.089639e+01
2.103072e+01 2.086918e+01
2.102285e+01 2.081721e+01
2.101581e+01 2.081721e+01
2.100850e+01 2.079457e+01
2.100111e+01 2.079457e+01
2.099517e+01 2.079305e+01
2.098726e+01 2.079305e+01
2.098134e+01 2.079305e+01
2.097404e+01 2.079305e+01
2.096726e+01 2.078389e+01
2.096055e+01 2.078389e+01
2.095393e+01 2.078389e+01
2.094620e+01 2.078389e+01
2.093944e+01 2.078389e+01
2.093269e+01 2.078389e+01
2.092545e+01 2.078389e+01
2.091840e+01 2.078389e+01
2.091135e+01 2.078229e+01
2.090387e+01 2.077355e+01
2.089755e+01 2.076830e+01
2.089037e+01 2.076816e+01
2.087961e+01 2.076236e+01
2.086931e+01 2.074677e+01
2.086023e+01 2.073938e+01
2.085205e+01 2.073541e+01
2.084342e+01 2.072256e+01
2.083645e+01 2.072256e+01
2.082513e+01 2.070736e+01
2.081233e+01 2.069415e+01
2.080142e+01 2.069382e+01
2.078790e+01 2.066551e+01
2.077664e+01 2.064872e+01
2.076526e+01 2.061703e+01
2.075013e+01 2.059043e+01
2.073529e+01 2.057154e+01
2.072079e+01 2.057154e+01
2.070472e+01 2.056971e+01
2.068786e+01 2.055652e+01
2.067242e+01 2.054200e+01
2.065352e+01 2.052541e+01
2.063561e+01 2.052212e+01
2.061666e+01 2.049440e+01
2.059795e+01 2.047616e+01
2.057990e+01 2.045702e+01
2.056092e+01 2.045204e+01
2.053796e+01 2.043370e+01
2.051419e+01 2.039823e+01
2.049248e+01 2.037807e+01
2.046925e+01 2.035644e+01
2.044484e+01 2.033816e+01
2.041832e+01 2.030926e+01
2.038767e+01 2.028339e+01
2.035813e+01 2.026977e+01
2.032100e+01 2.025176e+01
2.028862e+01 2.022563e+01
2.025171e+01 2.020509e+01
2.020447e+01 2.015699e+01
2.014086e+01 2.009562e+01
2.171823e+01 2.150857e+01
2.163265e+01 2.142478e+01
2.161149e+01 2.146735e+01
2.003198e+01 2.002156e+01
2.000000e+01 1.999999e+01
1.999997e+01 1.999997e+01
2.162101e+01 2.144901e+01
2.156546e+01 2.134432e+01
2.154755e+01 2.133644e+01
2.153520e+01 2.133644e+01
2.152680e+01 2.133644e+01
2.151820e+01 2.133644e+01
2.151279e+01 2.133644e+01
2.150856e+01 2.133644e+01
2.150477e+01 2.133644e+01
2.150176e+01 2.133644e+01
2.149764e+01 2.133644e+01
2.149439e+01 2.133644e+01
2.149165e+01 2.133644e+01
2.148821e+01 2.133644e+01
2.148564e+01 2.133644e+01
2.148352e+01 2.133644e+01
2.148107e+01 2.133644e+01
2.147903e+01 2.133644e+01
2.147703e+01 2.133644e+01
2.147476e+01 2.133644e+01
2.147374e+01 2.133644e+01
2.147224e+01 2.133644e+01
2.147089e+01 2.133644e+01
2.146911e+01 2.133644e+01
2.146802e+01 2.133644e+01
2.146649e+01 2.133644e+01
2.146554e+01 2.133644e+01
2.146461e+01 2.133644e+01
2.146385e+01 2.133644e+01
2.146280e+01 2.133644e+01
2.146193e+01 2.133644e+01
2.146037e+01 2.133644e+01
2.145882e+01 2.133644e+01
2.145744e+01 2.133644e+01
2.145459e+01 2.133644e+01
2.140154e+01 2.122930e+01
2.135876e+01 2.118574e+01
2.130476e+01 2.115557e+01
2.125671e+01 2.107172e+01
2.122188e+01 2.105947e+01
2.119106e+01 2.105813e+01
2.116693e+01 2.104135e+01
2.114737e+01 2.102662e+01
2.112623e+01 2.099283e+01
2.111059e+01 2.099138e+01
2.109735e+01 2.095837e+01
2.108325e+01 2.095837e+01
2.106921e+01 2.093776e+01
2.105495e+01 2.090768e+01
2.104338e+01 2.090768e+01
2.103407e+01 2.090768e+01
2.102390e+01 2.088348e+01
2.101151e+01 2.088348e+01
2.100319e+01 2.087861e+01
2.099225e+01 2.084807e+01
2.098434e+01 2.081923e+01
2.097674e+01 2.081923e+01
2.096839e+01 2.081923e+01
2.095977e+01 2.081923e+01
2.095186e+01 2.081923e+01
2.094309e+01 2.081923e+01
2.093466e+01 2.081076e+01
2.092365e+01 2.079683e+01
2.091534e+01 2.076512e+01
2.090554e+01 2.076512e+01
2.089284e+01 2.076446e+01
2.088222e+01 2.076446e+01
2.086899e+01 2.076276e+01
2.085447e+01 2.074926e+01
2.084062e+01 2.073643e+01
2.082689e+01 2.072291e+01
2.080816e+01 2.069993e+01
2.079091e+01 2.068211e+01
2.077517e+01 2.066218e+01
2.075815e+01 2.064085e+01
2.073855e+01 2.063315e+01
2.071843e+01 2.061109e+01
2.069852e+01 2.056474e+01
2.067941e+01 2.055122e+01
2.066021e+01 2.054233e+01
2.063919e+01 2.052540e+01
2.061929e+01 2.048737e+01
2.059459e+01 2.048290e+01
2.056703e+01 2.045738e+01
2.053968e+01 2.041852e+01
2.050885e+01 2.039362e+01
2.048228e+01 2.037499e+01
2.044862e+01 2.035139e+01
2.041534e+01 2.032850e+01
2.038329e+01 2.031275e+01
2.034959e+01 2.030339e+01
2.031477e+01 2.026850e+01
2.027769e+01 2.024220e+01
2.023467e+01 2.021261e+01
2.016664e+01 2.015211e+01
2.171209e+01 2.150699e+01
2.163189e+01 2.145430e+01
2.160121e+01 2.145408e+01
2.002193e+01 2.001588e+01
1.999999e+01 1.999998e+01
1.999997e+01 1.999997e+01
2.160377e+01 2.143380e+01
2.156045e+01 2.137894e+01
2.154407e+01 2.137894e+01
2.153328e+01 2.137894e+01
2.152489e+01 2.137894e+01
2.151807e+01 2.137894e+01
2.151274e+01 2.137894e+01
2.150941e+01 2.137894e+01
2.150482e+01 2.137894e+01
2.150094e+01 2.137894e+01
2.149726e+01 2.134136e+01
2.149378e+01 2.134136e+01
2.149067e+01 2.134136e+01
2.148856e+01 2.134136e+01
2.148651e+01 2.134136e+01
2.148490e+01 2.134136e+01
2.148208e+01 2.134136e+01
2.140288e+01 2.121683e+01
2.133859e+01 2.111296e+01
2.129617e+01 2.110594e+01
2.126181e+01 2.105837e+01
2.123300e+01 2.104333e+01
2.121016e+01 2.102156e+01
2.119171e+01 2.102156e+01
2.117262e+01 2.099932e+01
2.115766e+01 2.099887e+01
2.114448e+01 2.098530e+01
2.113029e+01 2.097955e+01
2.111812e+01 2.097955e+01
2.110844e+01 2.097806e+01
2.109750e+01 2.097379e+01
2.108842e+01 2.097011e+01
2.107756e+01 2.096090e+01
2.106783e+01 2.092446e+01
2.105937e+01 2.092094e+01
2.105072e+01 2.092094e+01
2.104351e+01 2.091693e+01
2.103467e+01 2.089316e+01
2.102694e+01 2.089316e+01
2.101873e+01 2.087004e+01
2.101047e+01 2.087004e+01
2.100361e+01 2.087004e+01
2.099770e+01 2.087004e+01
2.099045e+01 2.086588e+01
2.098494e+01 2.084444e+01
2.097707e+01 2.084444e+01
2.097066e+01 2.084444e+01
2.096441e+01 2.084444e+01
2.095720e+01 2.084191e+01
2.095023e+01 2.084107e+01
2.094357e+01 2.084107e+01
2.093798e+01 2.083391e+01
2.093087e+01 2.079982e+01
2.092649e+01 2.079982e+01
2.092035e+01 2.079982e+01
2.091406e+01 2.079982e+01
2.090779e+01 2.079982e+01
2.089855e+01 2.079982e+01
2.088643e+01 2.074817e+01
2.087917e+01 2.073809e+01
2.086881e+01 2.073761e+01
2.085967e+01 2.072881e+01
2.084731e+01 2.072550e+01
2.083717e+01 2.070316e+01
2.082876e+01 2.070316e+01
2.081531e+01 2.070161e+01
2.080595e+01 2.069921e+01
2.079368e+01 2.069869e+01
2.078055e+01 2.069829e+01
2.076421e+01 2.063184e+01
2.074932e+01 2.060442e+01
2.073546e+01 2.058470e+01
2.072254e+01 2.058369e+01
2.070984e+01 2.057591e+01
2.069443e+01 2.057591e+01
2.067702e+01 2.054715e+01
2.066082e+01 2.054560e+01
2.064438e+01 2.054560e+01
2.062745e+01 2.050478e+01
2.060793e+01 2.048383e+01
2.058952e+01 2.047265e+01
2.056749e+01 2.044393e+01
2.054616e+01 2.043545e+01
2.052628e+01 2.042191e+01
2.050329e+01 2.040660e+01
2.048022e+01 2.037554e+01
2.045495e+01 2.035833e+01
2.043027e+01 2.034161e+01
2.039936e+01 2.030779e+01
2.036881e+01 2.029538e+01
2.033722e+01 2.026815e+01
2.030335e+01 2.024038e+01
2.026599e+01 2.022301e+01
2.021512e+01 2.016208e+01
2.015144e+01 2.013219e+01
2.171941e+01 2.151376e+01
2.161505e+01 2.138366e+01
2.158430e+01 2.142850e+01
2.001949e+01 2.001320e+01
1.999999e+01 1.999997e+01
1.999995e+01 1.999995e+01
1.999995e+01 1.999995e+01
2.157631e+01 2.140381e+01
2.154983e+01 2.140381e+01
2.153692e+01 2.140381e+01
2.152671e+01 2.139447e+01
2.151954e+01 2.139447e+01
2.151409e+01 2.139447e+01
2.150901e+01 2.139447e+01
2.150465e+01 2.139447e+01
2.150066e+01 2.139447e+01
2.149775e+01 2.139447e+01
2.149471e+01 2.139447e+01
2.149082e+01 2.138030e+01
2.146693e+01 2.133095e+01
2.142883e+01 2.128707e+01
2.139833e+01 2.125110e+01
2.136688e+01 2.120949e+01
2.133864e+01 2.120321e+01
2.131098e+01 2.117619e+01
2.127672e+01 2.114672e+01
2.124397e+01 2.112114e+01
2.122018e+01 2.108818e+01
2.119799e+01 2.098477e+01
2.117792e+01 2.098477e+01
2.116155e+01 2.098477e+01
2.114404e+01 2.098477e+01
2.113011e+01 2.098477e+01
2.111585e+01 2.097984e+01
2.110255e+01 2.094502e+01
2.109062e+01 2.092065e+01
2.108114e+01 2.092065e+01
2.107041e+01 2.092065e+01
2.106048e+01 2.092065e+01
2.105064e+01 2.092065e+01
2.104281e+01 2.092065e+01
2.103459e+01 2.086724e+01
2.102655e+01 2.086495e+01
2.101798e+01 2.086495e+01
2.101050e+01 2.086495e+01
2.100310e+01 2.086495e+01
2.099688e+01 2.086495e+01
2.098989e+01 2.086495e+01
2.098336e+01 2.086495e+01
2.097607e+01 2.085850e+01
2.096951e+01 2.085850e+01
2.096315e+01 2.084883e+01
2.095736e+01 2.084696e+01
2.095081e+01 2.083660e+01
2.094503e+01 2.083660e+01
2.093844e+01 2.083660e+01
2.093053e+01 2.083656e+01
2.092342e+01 2.082358e+01
2.091720e+01 2.080670e+01
2.090886e+01 2.077867e+01
2.090350e+01 2.076790e+01
2.089593e+01 2.076790e+01
2.088794e+01 2.075127e+01
2.087934e+01 2.075127e+01
2.087162e+01 2.075127e+01
2.086098e+01 2.075058e+01
2.085230e+01 2.074977e+01
2.084092e+01 2.072692e+01
2.083132e+01 2.072692e+01
2.081949e+01 2.070348e+01
2.080600e+01 2.068806e+01
2.079451e+01 2.068477e+01
2.078268e+01 2.066597e+01
2.077127e+01 2.061430e+01
2.075900e+01 2.061430e+01
2.074507e+01 2.060849e+01
2.072992e+01 2.060424e+01
2.071904e+01 2.059628e+01
2.070427e+01 2.059579e+01
2.069020e+01 2.058761e+01
2.067472e+01 2.058057e+01
2.066080e+01 2.057238e+01
2.064253e+01 2.054539e+01
2.062612e+01 2.052758e+01
2.060742e+01 2.049224e+01
2.058770e+01 2.046014e+01
2.057064e+01 2.045316e+01
2.055438e+01 2.044212e+01
2.053042e+01 2.043578e+01
2.050956e+01 2.042452e+01
2.048571e+01 2.039857e+01
2.046565e+01 2.039298e+01
2.044024e+01 2.037720e+01
2.041786e+01 2.034048e+01
2.038682e+01 2.031877e+01
2.035627e+01 2.028969e+01
2.032406e+01 2.026532e+01
2.029712e+01 2.025389e+01
2.026337e+01 2.023561e+01
2.021555e+01 2.017724e+01
2.015616e+01 2.013385e+01
2.171918e+01 2.153578e+01
2.161944e+01 2.142504e+01
2.159815e+01 2.141008e+01
2.003089e+01 2.002040e+01
1.999999e+01 1.999998e+01
1.999997e+01 1.999997e+01
2.155871e+01 2.133904e+01
2.151685e+01 2.133904e+01
2.150010e+01 2.133904e+01
2.149101e+01 2.133904e+01
2.148335e+01 2.133904e+01
2.147866e+01 2.133904e+01
2.147198e+01 2.133904e+01
2.144603e+01 2.124820e+01
2.142071e+01 2.123953e+01
2.139036e+01 2.119258e+01
2.136139e+01 2.115910e+01
2.133308e+01 2.114583e+01
2.130778e+01 2.111266e+01
2.128549e+01 2.111266e+01
2.126458e+01 2.110016e+01
2.124736e+01 2.106597e+01
2.122964e+01 2.105056e+01
2.121260e+01 2.104144e+01
2.119258e+01 2.097201e+01
2.116863e+01 2.094446e+01
2.114727e+01 2.093088e+01
2.112832e+01 2.092254e+01
2.111045e+01 2.091867e+01
2.109364e+01 2.089992e+01
2.107647e+01 2.089992e+01
2.106174e+01 2.087254e+01
2.104721e+01 2.087254e+01
2.103538e+01 2.086765e+01
2.102216e+01 2.085787e+01
2.100968e+01 2.085549e+01
2.099767e+01 2.085549e+01
2.098569e+01 2.083485e+01
2.097404e+01 2.083441e+01
2.096308e+01 2.082034e+01
2.095205e+01 2.079301e+01
2.094037e+01 2.078450e+01
2.093010e+01 2.077596e+01
2.091947e+01 2.077596e+01
2.090956e+01 2.074737e+01
2.089876e+01 2.074488e+01
2.088768e+01 2.074488e+01
2.087905e+01 2.072196e+01
2.086943e+01 2.072196e+01
2.086069e+01 2.072196e+01
2.085273e+01 2.071733e+01
2.084294e+01 2.071733e+01
2.083416e+01 2.071733e+01
2.082694e+01 2.071733e+01
2.081926e+01 2.070781e+01
2.081115e+01 2.070768e+01
2.080259e+01 2.067269e+01
2.079346e+01 2.066323e+01
2.078582e+01 2.065932e+01
2.077765e+01 2.065773e+01
2.076976e+01 2.064928e+01
2.076057e+01 2.064350e+01
2.075173e+01 2.063303e+01
2.074432e+01 2.062359e+01
2.073598e+01 2.059481e+01
2.072670e+01 2.059123e+01
2.071751e+01 2.059123e+01
2.070862e+01 2.053669e+01
2.070014e+01 2.053669e+01
2.069175e+01 2.053414e+01
2.068333e+01 2.053260e+01
2.067402e+01 2.053122e+01
2.066529e+01 2.051048e+01
2.065676e+01 2.050667e+01
2.064660e+01 2.050563e+01
2.063670e+01 2.049652e+01
2.062533e+01 2.048815e+01
2.061458e+01 2.048133e+01
2.060543e+01 2.048016e+01
2.059224e+01 2.047810e+01
2.057815e+01 2.047266e+01
2.056424e+01 2.045501e+01
2.055296e+01 2.043930e+01
2.054275e+01 2.042160e+01
2.052978e+01 2.040693e+01
2.051417e+01 2.039930e+01
2.050060e+01 2.039165e+01
2.048651e+01 2.039150e+01
2.046971e+01 2.039092e+01
2.045052e+01 2.037300e+01
2.043479e+01 2.036265e+01
2.041540e+01 2.035012e+01
2.039188e+01 2.032740e+01
2.037528e+01 2.031250e+01
2.034953e+01 2.028876e+01
2.033157e+01 2.027821e+01
2.030607e+01 2.026075e+01
2.027497e+01 2.023335e+01
2.023933e+01 2.020365e+01
2.019788e+01 2.016651e+01
2.015777e+01 2.014738e+01
2.171514e+01 2.149858e+01
2.163609e+01 2.138803e+01
2.158967e+01 2.138686e+01
2.002379e+01 2.001635e+01
1.999999e+01 1.999998e+01
1.999995e+01 1.999995e+01
2.161817e+01 2.140673e+01
2.156270e+01 2.139858e+01
2.154316e+01 2.137550e+01
2.153338e+01 2.137550e+01
2.152605e+01 2.137550e+01
2.151995e+01 2.137550e+01
2.151422e+01 2.137550e+01
2.150905e+01 2.137550e+01
2.150469e+01 2.137550e+01
2.150097e+01 2.137550e+01
2.149870e+01 2.137550e+01
2.149586e+01 2.137550e+01
2.149250e+01 2.137550e+01
2.149053e+01 2.137550e+01
2.148183e+01 2.131703e+01
2.144365e+01 2.122067e+01
2.141588e+01 2.122067e+01
2.137858e+01 2.119395e+01
2.134889e+01 2.119395e+01
2.132184e+01 2.117320e+01
2.129962e+01 2.112709e+01
2.127693e+01 2.107168e+01
2.124325e+01 2.104716e+01
2.121889e+01 2.104716e+01
2.119377e+01 2.103849e+01
2.117409e+01 2.100767e+01
2.115552e+01 2.099495e+01
2.114060e+01 2.099495e+01
2.112647e+01 2.098724e+01
2.111314e+01 2.097027e+01
2.109989e+01 2.095285e+01
2.108981e+01 2.095285e+01
2.107919e+01 2.095285e+01
2.106938e+01 2.091678e+01
2.105819e+01 2.088904e+01
2.104799e+01 2.088904e+01
2.104071e+01 2.088904e+01
2.103190e+01 2.087435e+01
2.102346e+01 2.087435e+01
2.101594e+01 2.087424e+01
2.100706e+01 2.087424e+01
2.099961e+01 2.082694e+01
2.099206e+01 2.082694e+01
2.098235e+01 2.082485e+01
2.097686e+01 2.082310e+01
2.096970e+01 2.082310e+01
2.096316e+01 2.082310e+01
2.095574e+01 2.082310e+01
2.094844e+01 2.082310e+01
2.094140e+01 2.080605e+01
2.093376e+01 2.080317e+01
2.092736e+01 2.080317e+01
2.092104e+01 2.077655e+01
2.091282e+01 2.077655e+01
2.090717e+01 2.076668e+01
2.089924e+01 2.076536e+01
2.089127e+01 2.075859e+01
2.088264e+01 2.072904e+01
2.087397e+01 2.072904e+01
2.086298e+01 2.072659e+01
2.085497e+01 2.072311e+01
2.084615e+01 2.071813e+01
2.083546e+01 2.070747e+01
2.082135e+01 2.068055e+01
2.080925e+01 2.067668e+01
2.079566e+01 2.066057e+01
2.078457e+01 2.065990e+01
2.077181e+01 2.064737e+01
2.076051e+01 2.064688e+01
2.074830e+01 2.063260e+01
2.073534e+01 2.059797e+01
2.072157e+01 2.058758e+01
2.070649e+01 2.057989e+01
2.069138e+01 2.057016e+01
2.067638e+01 2.055636e+01
2.066071e+01 2.055446e+01
2.064472e+01 2.055157e+01
2.062718e+01 2.049839e+01
2.060943e+01 2.049592e+01
2.059172e+01 2.049592e+01
2.057222e+01 2.044961e+01
2.055380e+01 2.043709e+01
2.053065e+01 2.042223e+01
2.050766e+01 2.041317e+01
2.048070e+01 2.037978e+01
2.045462e+01 2.036066e+01
2.043571e+01 2.034212e+01
2.040963e+01 2.031071e+01
2.038224e+01 2.027486e+01
2.035172e+01 2.026924e+01
2.031777e+01 2.022808e+01
2.028109e+01 2.021402e+01
2.024740e+01 2.017957e+01
2.019020e+01 2.015943e+01
2.013529e+01 2.011640e+01
2.172386e+01 2.149780e+01
2.163575e+01 2.134550e+01
2.158673e+01 2.143934e+01
2.002386e+01 2.001668e+01
1.999975e+01 1.999974e+01
1.999972e+01 1.999972e+01
2.162320e+01 2.137419e+01
2.156179e+01 2.137419e+01
2.154476e+01 2.137419e+01
2.153206e+01 2.137419e+01
2.152423e+01 2.137419e+01
2.151742e+01 2.137419e+01
2.151141e+01 2.137419e+01
2.150625e+01 2.137419e+01
2.150189e+01 2.137419e+01
2.149798e+01 2.137419e+01
2.149624e+01 2.137419e+01
2.149331e+01 2.137419e+01
2.149067e+01 2.137419e+01
2.148786e+01 2.137419e+01
2.146606e+01 2.134197e+01
2.142297e+01 2.124918e+01
2.138886e+01 2.120996e+01
2.136013e+01 2.114175e+01
2.133401e+01 2.114175e+01
2.130251e+01 2.110750e+01
2.126653e+01 2.104603e+01
2.123433e+01 2.104341e+01
2.120815e+01 2.104142e+01
2.118507e+01 2.097299e+01
2.116621e+01 2.097299e+01
2.114975e+01 2.095543e+01
2.113507e+01 2.094088e+01
2.112072e+01 2.093602e+01
2.110803e+01 2.093602e+01
2.109728e+01 2.093291e+01
2.108641e+01 2.093291e+01
2.107701e+01 2.093291e+01
2.106737e+01 2.093114e+01
2.105589e+01 2.089449e+01
2.104801e+01 2.089449e+01
2.103964e+01 2.089390e+01
2.103102e+01 2.088397e+01
2.102285e+01 2.087293e+01
2.101573e+01 2.084422e+01
2.100922e+01 2.084422e+01
2.100232e+01 2.084422e+01
2.099447e+01 2.084422e+01
2.098875e+01 2.083137e+01
2.098086e+01 2.083137e+01
2.097471e+01 2.083137e+01
2.096825e+01 2.082869e+01
2.096149e+01 2.082371e+01
2.095507e+01 2.081780e+01
2.094954e+01 2.081780e+01
2.094300e+01 2.081780e+01
2.093517e+01 2.081601e+01
2.092818e+01 2.081338e+01
2.092169e+01 2.078155e+01
2.091531e+01 2.078155e+01
2.090774e+01 2.078155e+01
2.090158e+01 2.078155e+01
2.089500e+01 2.076423e+01
2.088653e+01 2.075448e+01
2.087736e+01 2.075249e+01
2.086697e+01 2.074733e+01
2.085756e+01 2.074733e+01
2.084636e+01 2.073321e+01
2.083306e+01 2.072357e+01
2.082129e+01 2.070955e+01
2.081173e+01 2.069428e+01
2.080159e+01 2.068891e+01
2.078914e+01 2.066919e+01
2.077850e+01 2.066919e+01
2.076892e+01 2.065589e+01
2.075557e+01 2.061541e+01
2.074301e+01 2.061541e+01
2.072808e+01 2.060040e+01
2.071315e+01 2.059927e+01
2.069745e+01 2.058825e+01
2.067867e+01 2.056379e+01
2.066063e+01 2.055362e+01
2.064268e+01 2.054216e+01
2.062698e+01 2.052412e+01
2.060866e+01 2.051334e+01
2.058969e+01 2.045430e+01
2.057057e+01 2.045421e+01
2.054969e+01 2.044253e+01
2.052814e+01 2.043119e+01
2.050798e+01 2.041872e+01
2.048408e+01 2.040073e+01
2.045709e+01 2.037240e+01
2.042973e+01 2.033812e+01
2.040048e+01 2.032596e+01
2.036854e+01 2.028841e+01
2.034032e+01 2.027573e+01
2.031204e+01 2.025761e+01
2.028523e+01 2.022716e+01
2.025004e+01 2.019842e+01
2.019879e+01 2.016280e+01
2.013387e+01 2.011650e+01
2.172500e+01 2.150989e+01
2.163808e+01 2.145968e+01
2.159689e+01 2.139986e+01
2.002920e+01 2.001921e+01
2.000003e+01 2.000002e+01
1.999998e+01 1.999998e+01
2.165640e+01 2.144092e+01
2.157263e+01 2.135388e+01
2.155129e+01 2.135388e+01
2.153668e+01 2.134900e+01
2.152708e+01 2.134900e+01
2.151993e+01 2.134900e+01
2.151416e+01 2.134900e+01
2.150948e+01 2.134900e+01
2.150631e+01 2.134900e+01
2.150278e+01 2.134900e+01
2.149987e+01 2.134900e+01
2.149671e+01 2.134900e+01
2.149414e+01 2.134900e+01
2.149178e+01 2.134900e+01
2.148930e+01 2.134900e+01
2.148704e+01 2.134900e+01
2.146091e+01 2.131561e+01
2.141969e+01 2.123540e+01
2.138520e+01 2.121054e+01
2.135104e+01 2.118222e+01
2.131364e+01 2.109258e+01
2.127179e+01 2.102810e+01
2.124134e+01 2.102281e+01
2.121637e+01 2.097653e+01
2.119507e+01 2.097129e+01
2.117681e+01 2.097129e+01
2.115878e+01 2.093274e+01
2.114311e+01 2.093274e+01
2.112897e+01 2.093274e+01
2.111606e+01 2.093274e+01
2.110469e+01 2.088982e+01
2.109447e+01 2.087280e+01
2.108295e+01 2.087280e+01
2.107354e+01 2.087280e+01
2.106459e+01 2.087280e+01
2.105383e+01 2.087280e+01
2.104538e+01 2.087280e+01
2.103660e+01 2.087280e+01
2.102861e+01 2.087280e+01
2.101937e+01 2.087280e+01
2.101192e+01 2.086653e+01
2.100343e+01 2.085688e+01
2.099599e+01 2.082735e+01
2.098885e+01 2.082735e+01
2.098219e+01 2.082735e+01
2.097607e+01 2.078593e+01
2.096877e+01 2.078593e+01
2.096128e+01 2.078593e+01
2.095407e+01 2.078593e+01
2.094738e+01 2.078118e+01
2.094185e+01 2.078023e+01
2.093562e+01 2.077425e+01
2.092900e+01 2.077425e+01
2.092377e+01 2.075271e+01
2.091222e+01 2.075271e+01
2.090471e+01 2.075271e+01
2.089735e+01 2.075271e+01
2.088908e+01 2.075271e+01
2.088110e+01 2.075271e+01
2.087337e+01 2.074946e+01
2.086248e+01 2.074946e+01
2.085273e+01 2.071637e+01
2.083881e+01 2.071637e+01
2.082822e+01 2.070810e+01
2.081771e+01 2.069733e+01
2.080528e+01 2.069733e+01
2.079127e+01 2.069733e+01
2.077808e+01 2.068573e+01
2.076711e+01 2.066366e+01
2.075102e+01 2.064090e+01
2.073733e+01 2.061805e+01
2.072117e+01 2.061193e+01
2.070717e+01 2.061193e+01
2.069095e+01 2.058230e+01
2.067511e+01 2.058115e+01
2.065969e+01 2.057129e+01
2.064188e+01 2.056311e+01
2.062511e+01 2.052692e+01
2.060777e+01 2.049345e+01
2.059060e+01 2.042927e+01
2.057129e+01 2.042795e+01
2.055114e+01 2.042059e+01
2.053001e+01 2.036598e+01
2.050462e+01 2.036251e+01
2.048262e+01 2.036114e+01
2.045149e+01 2.033614e+01
2.042357e+01 2.030595e+01
2.039605e+01 2.027084e+01
2.037163e+01 2.026971e+01
2.034489e+01 2.024700e+01
2.031217e+01 2.023002e+01
2.028269e+01 2.021688e+01
2.024488e+01 2.019681e+01
2.018902e+01 2.015029e+01
2.012341e+01 2.011344e+01
2.170939e+01 2.138811e+01
2.160477e+01 2.135874e+01
2.155338e+01 2.138809e+01
2.003802e+01 2.002582e+01
2.000004e+01 2.000003e+01
2.000000e+01 2.000000e+01
2.163773e+01 2.142720e+01
2.156702e+01 2.142720e+01
2.154780e+01 2.142720e+01
2.153590e+01 2.139192e+01
2.152917e+01 2.139192e+01
2.152307e+01 2.139192e+01
2.151831e+01 2.137850e+01
2.151328e+01 2.137850e+01
2.150911e+01 2.137850e+01
2.150553e+01 2.137850e+01
2.150218e+01 2.137081e+01
2.149917e+01 2.132763e+01
2.149613e+01 2.132763e+01
2.149377e+01 2.132763e+01
2.149142e+01 2.132763e+01
2.148898e+01 2.132763e+01
2.148672e+01 2.132763e+01
2.148454e+01 2.132763e+01
2.148214e+01 2.132763e+01
2.148067e+01 2.132763e+01
2.147906e+01 2.132763e+01
2.147788e+01 2.132763e+01
2.147637e+01 2.132763e+01
2.142654e+01 2.126874e+01
2.136660e+01 2.118326e+01
2.132037e+01 2.115886e+01
2.127965e+01 2.113790e+01
2.124190e+01 2.110309e+01
2.121026e+01 2.107512e+01
2.118586e+01 2.101471e+01
2.116267e+01 2.100774e+01
2.114208e+01 2.098078e+01
2.112531e+01 2.098078e+01
2.110960e+01 2.095259e+01
2.109361e+01 2.094530e+01
2.107919e+01 2.093695e+01
2.106613e+01 2.092328e+01
2.105353e+01 2.090780e+01
2.104243e+01 2.088874e+01
2.103167e+01 2.088874e+01
2.102079e+01 2.086259e+01
2.101150e+01 2.086259e+01
2.100203e+01 2.086259e+01
2.099209e+01 2.086130e+01
2.098267e+01 2.085533e+01
2.097470e+01 2.083937e+01
2.096562e+01 2.083937e+01
2.095699e+01 2.081459e+01
2.094967e+01 2.080211e+01
2.094327e+01 2.080211e+01
2.093679e+01 2.079640e+01
2.092940e+01 2.079640e+01
2.092262e+01 2.074367e+01
2.091280e+01 2.074367e+01
2.090513e+01 2.073879e+01
2.089820e+01 2.070331e+01
2.088728e+01 2.070331e+01
2.087651e+01 2.069945e+01
2.086623e+01 2.069945e+01
2.085679e+01 2.069451e+01
2.084679e+01 2.069451e+01
2.083815e+01 2.069399e+01
2.082374e+01 2.068953e+01
2.081326e+01 2.067080e+01
2.080156e+01 2.067080e+01
2.078881e+01 2.066373e+01
2.077935e+01 2.065960e+01
2.076947e+01 2.065960e+01
2.075641e+01 2.062110e+01
2.074030e+01 2.062065e+01
2.072694e+01 2.061968e+01
2.071581e+01 2.059291e+01
2.069962e+01 2.059242e+01
2.068374e+01 2.056958e+01
2.066786e+01 2.055155e+01
2.065154e+01 2.053686e+01
2.063542e+01 2.053288e+01
2.061634e+01 2.049650e+01
2.059486e+01 2.049342e+01
2.057359e+01 2.047170e+01
2.055436e+01 2.046900e+01
2.053885e+01 2.044320e+01
2.051575e+01 2.041922e+01
2.049430e+01 2.036083e+01
2.047053e+01 2.034407e+01
2.044650e+01 2.034361e+01
2.042505e+01 2.032045e+01
2.039889e+01 2.029944e+01
2.036760e+01 2.029117e+01
2.033978e+01 2.027233e+01
2.030675e+01 2.024493e+01
2.027288e+01 2.023276e+01
2.023310e+01 2.019432e+01
2.018226e+01 2.015317e+01
2.012908e+01 2.011948e+01
2.171843e+01 2.144928e+01
2.163859e+01 2.147971e+01
2.159028e+01 2.131729e+01
2.002390e+01 2.001612e+01
2.000001e+01 2.000000e+01
1.999999e+01 1.999999e+01
2.164002e+01 2.150361e+01
2.157225e+01 2.138106e+01
2.154772e+01 2.138106e+01
2.153504e+01 2.137920e+01
2.152787e+01 2.137920e+01
2.152154e+01 2.137920e+01
2.151714e+01 2.137920e+01
2.151280e+01 2.137920e+01
2.150879e+01 2.137920e+01
2.150579e+01 2.137920e+01
2.150095e+01 2.137920e+01
2.149743e+01 2.137920e+01
2.149469e+01 2.137920e+01
2.149248e+01 2.137523e+01
2.149051e+01 2.137523e+01
2.148779e+01 2.137523e+01
2.148550e+01 2.137523e+01
2.148327e+01 2.137523e+01
2.148147e+01 2.137523e+01
2.147919e+01 2.137523e+01
2.147784e+01 2.137523e+01
2.147536e+01 2.137523e+01
2.142518e+01 2.127231e+01
2.137766e+01 2.124951e+01
2.134080e+01 2.115378e+01
2.129816e+01 2.113050e+01
2.125948e+01 2.112627e+01
2.122574e+01 2.106564e+01
2.119969e+01 2.105704e+01
2.117749e+01 2.103924e+01
2.115787e+01 2.103303e+01
2.114105e+01 2.101700e+01
2.112476e+01 2.095575e+01
2.111155e+01 2.095575e+01
2.109998e+01 2.095575e+01
2.108806e+01 2.092008e+01
2.107782e+01 2.090543e+01
2.106556e+01 2.090543e+01
2.105609e+01 2.090543e+01
2.104448e+01 2.090543e+01
2.103576e+01 2.090543e+01
2.102615e+01 2.090543e+01
2.101746e+01 2.090543e+01
2.100958e+01 2.090397e+01
2.100233e+01 2.087221e+01
2.099465e+01 2.086560e+01
2.098746e+01 2.086560e+01
2.097922e+01 2.084196e+01
2.097022e+01 2.082599e+01
2.096481e+01 2.082599e+01
2.095884e+01 2.082599e+01
2.095171e+01 2.081765e+01
2.094512e+01 2.081765e+01
2.093812e+01 2.081644e+01
2.092705e+01 2.080518e+01
2.091887e+01 2.079813e+01
2.091422e+01 2.079813e+01
2.090584e+01 2.078102e+01
2.089634e+01 2.077160e+01
2.088879e+01 2.076904e+01
2.088004e+01 2.076904e+01
2.087207e+01 2.076904e+01
2.086225e+01 2.076168e+01
2.084989e+01 2.075929e+01
2.083693e+01 2.074763e+01
2.082394e+01 2.072371e+01
2.081200e+01 2.068421e+01
2.079852e+01 2.068220e+01
2.078636e+01 2.067983e+01
2.077022e+01 2.062940e+01
2.075614e+01 2.062940e+01
2.073965e+01 2.061656e+01
2.072267e+01 2.061647e+01
2.070798e+01 2.061407e+01
2.068891e+01 2.058465e+01
2.067101e+01 2.057030e+01
2.065299e+01 2.050886e+01
2.063506e+01 2.048031e+01
2.061759e+01 2.044359e+01
2.059991e+01 2.043991e+01
2.057984e+01 2.042916e+01
2.056142e+01 2.041219e+01
2.054074e+01 2.039956e+01
2.051625e+01 2.039791e+01
2.049423e+01 2.038488e+01
2.047114e+01 2.037615e+01
2.044481e+01 2.036128e+01
2.041944e+01 2.034703e+01
2.038813e+01 2.033257e+01
2.035724e+01 2.030460e+01
2.032299e+01 2.026249e+01
2.028660e+01 2.023784e+01
2.025483e+01 2.020477e+01
2.020015e+01 2.016900e+01
2.012708e+01 2.011504e+01
2.171595e+01 2.149442e+01
2.160404e+01 2.138313e+01
2.156055e+01 2.137672e+01
2.002481e+01 2.001557e+01
1.999999e+01 1.999998e+01
1.999996e+01 1.999996e+01
1.999996e+01 1.999996e+01
2.157301e+01 2.142525e+01
2.155048e+01 2.139509e+01
2.153631e+01 2.136576e+01
2.152713e+01 2.136576e+01
2.152151e+01 2.136576e+01
2.151559e+01 2.136576e+01
2.151085e+01 2.136576e+01
2.150685e+01 2.136576e+01
2.150301e+01 2.136576e+01
2.149908e+01 2.136576e+01
2.149649e+01 2.136576e+01
2.147904e+01 2.132657e+01
2.143810e+01 2.126632e+01
2.140251e+01 2.124273e+01
2.136765e+01 2.116509e+01
2.134543e+01 2.116509e+01
2.131832e+01 2.115604e+01
2.129536e+01 2.113857e+01
2.126662e+01 2.109421e+01
2.123750e+01 2.105638e+01
2.121331e+01 2.102761e+01
2.119162e+01 2.102761e+01
2.117227e+01 2.101841e+01
2.115602e+01 2.101841e+01
2.114012e+01 2.098776e+01
2.112613e+01 2.098776e+01
2.111436e+01 2.097224e+01
2.110295e+01 2.097224e+01
2.109115e+01 2.096114e+01
2.108169e+01 2.095754e+01
2.107191e+01 2.092279e+01
2.106223e+01 2.090634e+01
2.105364e+01 2.090590e+01
2.104469e+01 2.090590e+01
2.103642e+01 2.089286e+01
2.102875e+01 2.087588e+01
2.102015e+01 2.086003e+01
2.101444e+01 2.086003e+01
2.100808e+01 2.086003e+01
2.100110e+01 2.084703e+01
2.099312e+01 2.084703e+01
2.098681e+01 2.084703e+01
2.098026e+01 2.083986e+01
2.097426e+01 2.083986e+01
2.096725e+01 2.083986e+01
2.096036e+01 2.083986e+01
2.095384e+01 2.078810e+01
2.094708e+01 2.078810e+01
2.093800e+01 2.078810e+01
2.093228e+01 2.078810e+01
2.092650e+01 2.078810e+01
2.091942e+01 2.078810e+01
2.091151e+01 2.077087e+01
2.090370e+01 2.077087e+01
2.089680e+01 2.076672e+01
2.088788e+01 2.076253e+01
2.087941e+01 2.075955e+01
2.087032e+01 2.074672e+01
2.086332e+01 2.072390e+01
2.085685e+01 2.072390e+01
2.084859e+01 2.072390e+01
2.083947e+01 2.072342e+01
2.082861e+01 2.069642e+01
2.081699e+01 2.069430e+01
2.080640e+01 2.069128e+01
2.079486e+01 2.068437e+01
2.078160e+01 2.068300e+01
2.076632e+01 2.065320e+01
2.075518e+01 2.065320e+01
2.073840e+01 2.061751e+01
2.072401e+01 2.060553e+01
2.070927e+01 2.059740e+01
2.069172e+01 2.057798e+01
2.067605e+01 2.057497e+01
2.066218e+01 2.055410e+01
2.064719e+01 2.051616e+01
2.063190e+01 2.048258e+01
2.061247e+01 2.042677e+01
2.059319e+01 2.040995e+01
2.057760e+01 2.040512e+01
2.055944e+01 2.039697e+01
2.053876e+01 2.038372e+01
2.051288e+01 2.037579e+01
2.048724e+01 2.035819e+01
2.045807e+01 2.035046e+01
2.043072e+01 2.033724e+01
2.040535e+01 2.033019e+01
2.037620e+01 2.030412e+01
2.034569e+01 2.027859e+01
2.031357e+01 2.025671e+01
2.027648e+01 2.021938e+01
2.024328e+01 2.018240e+01
2.020645e+01 2.017410e+01
2.015498e+01 2.013333e+01
2.172105e+01 2.154510e+01
2.161634e+01 2.144152e+01
2.158147e+01 2.142666e+01
2.003367e+01 2.002195e+01
2.000000e+01 1.999998e+01
1.999995e+01 1.999995e+01
2.165155e+01 2.144507e+01
2.156785e+01 2.133522e+01
2.154695e+01 2.133522e+01
2.153512e+01 2.133522e+01
2.152808e+01 2.133522e+01
2.152032e+01 2.133522e+01
2.151584e+01 2.133522e+01
2.151070e+01 2.133522e+01
2.150745e+01 2.133522e+01
2.150327e+01 2.133522e+01
2.149967e+01 2.133522e+01
2.149644e+01 2.133522e+01
2.149217e+01 2.133522e+01
2.145461e+01 2.132124e+01
2.141865e+01 2.126891e+01
2.138164e+01 2.112592e+01
2.135162e+01 2.112592e+01
2.133000e+01 2.109484e+01
2.129950e+01 2.109288e+01
2.126211e+01 2.105302e+01
2.123196e+01 2.105302e+01
2.120900e+01 2.103239e+01
2.119189e+01 2.101915e+01
2.117325e+01 2.101915e+01
2.115668e+01 2.101679e+01
2.114244e+01 2.101018e+01
2.112911e+01 2.099617e+01
2.111669e+01 2.095782e+01
2.110606e+01 2.095782e+01
2.109469e+01 2.095782e+01
2.108340e+01 2.092629e+01
2.107277e+01 2.092629e+01
2.106211e+01 2.089537e+01
2.105231e+01 2.089537e+01
2.104449e+01 2.089537e+01
2.103649e+01 2.086317e+01
2.102932e+01 2.086317e+01
2.102223e+01 2.086317e+01
2.101448e+01 2.086317e+01
2.100813e+01 2.086317e+01
2.100067e+01 2.086317e+01
2.099335e+01 2.086317e+01
2.098647e+01 2.086317e+01
2.097976e+01 2.086317e+01
2.097345e+01 2.086317e+01
2.096764e+01 2.086152e+01
2.096059e+01 2.085782e+01
2.095267e+01 2.084333e+01
2.094673e+01 2.083849e+01
2.093998e+01 2.080719e+01
2.093360e+01 2.080719e+01
2.092731e+01 2.080700e+01
2.092159e+01 2.078077e+01
2.091443e+01 2.075842e+01
2.090752e+01 2.075842e+01
2.090183e+01 2.075353e+01
2.089713e+01 2.075353e+01
2.089215e+01 2.075353e+01
2.088640e+01 2.075078e+01
2.087599e+01 2.071039e+01
2.086399e+01 2.070402e+01
2.085458e+01 2.070402e+01
2.084185e+01 2.068714e+01
2.083102e+01 2.067430e+01
2.081891e+01 2.067414e+01
2.080789e+01 2.066546e+01
2.079532e+01 2.066508e+01
2.077999e+01 2.063951e+01
2.076678e+01 2.061622e+01
2.075108e+01 2.061244e+01
2.073664e+01 2.060435e+01
2.072232e+01 2.059461e+01
2.070777e+01 2.056973e+01
2.069378e+01 2.056518e+01
2.067862e+01 2.054487e+01
2.066153e+01 2.053185e+01
2.064554e+01 2.051447e+01
2.062713e+01 2.051287e+01
2.061181e+01 2.049856e+01
2.059394e+01 2.048465e+01
2.057692e+01 2.047340e+01
2.055529e+01 2.043549e+01
2.053398e+01 2.041977e+01
2.051398e+01 2.040802e+01
2.049341e+01 2.040181e+01
2.046937e+01 2.037964e+01
2.044454e+01 2.037388e+01
2.041591e+01 2.033287e+01
2.038327e+01 2.030608e+01
2.035021e+01 2.027338e+01
2.031274e+01 2.024837e+01
2.028127e+01 2.023176e+01
2.025231e+01 2.020860e+01
2.020544e+01 2.016966e+01
2.014026e+01 2.012232e+01
2.170889e+01 2.148852e+01
2.163138e+01 2.148531e+01
2.158173e+01 2.136907e+01
2.001916e+01 2.001256e+01
2.000001e+01 2.000000e+01
1.999999e+01 1.999999e+01
2.161229e+01 2.142684e+01
2.156179e+01 2.142569e+01
2.154314e+01 2.139103e+01
2.153380e+01 2.139103e+01
2.152492e+01 2.134297e+01
2.151947e+01 2.134297e+01
2.151395e+01 2.134297e+01
2.150840e+01 2.134297e+01
2.150452e+01 2.134297e+01
2.150046e+01 2.134297e+01
2.149732e+01 2.134297e+01
2.149518e+01 2.134297e+01
2.149219e+01 2.134297e+01
2.148968e+01 2.134297e+01
2.148683e+01 2.134297e+01
2.148481e+01 2.134297e+01
2.148309e+01 2.134297e+01
2.148110e+01 2.134297e+01
2.147911e+01 2.134297e+01
2.147633e+01 2.134297e+01
2.143181e+01 2.123548e+01
2.139487e+01 2.115584e+01
2.136045e+01 2.113881e+01
2.132683e+01 2.113881e+01
2.128850e+01 2.112792e+01
2.125297e+01 2.105146e+01
2.122269e+01 2.101495e+01
2.119622e+01 2.100933e+01
2.117518e+01 2.098119e+01
2.115589e+01 2.098119e+01
2.113918e+01 2.097010e+01
2.112412e+01 2.096605e+01
2.111089e+01 2.094211e+01
2.109803e+01 2.094211e+01
2.108526e+01 2.092177e+01
2.107512e+01 2.092177e+01
2.106524e+01 2.092177e+01
2.105505e+01 2.092177e+01
2.104530e+01 2.092078e+01
2.103608e+01 2.090858e+01
2.102694e+01 2.090858e+01
2.101890e+01 2.089043e+01
2.100991e+01 2.089043e+01
2.100186e+01 2.088865e+01
2.099438e+01 2.087176e+01
2.098610e+01 2.085699e+01
2.097842e+01 2.085699e+01
2.097029e+01 2.084716e+01
2.096352e+01 2.084675e+01
2.095625e+01 2.084636e+01
2.094787e+01 2.083829e+01
2.094014e+01 2.082224e+01
2.093234e+01 2.082224e+01
2.092469e+01 2.080059e+01
2.091713e+01 2.079216e+01
2.091045e+01 2.078977e+01
2.090214e+01 2.078560e+01
2.089360e+01 2.078526e+01
2.088636e+01 2.077774e+01
2.087780e+01 2.077175e+01
2.086717e+01 2.074190e+01
2.085942e+01 2.073131e+01
2.084766e+01 2.070523e+01
2.083766e+01 2.070453e+01
2.082502e+01 2.069037e+01
2.081401e+01 2.068555e+01
2.080074e+01 2.067339e+01
2.078697e+01 2.067339e+01
2.077264e+01 2.062878e+01
2.075794e+01 2.058888e+01
2.074332e+01 2.058886e+01
2.072825e+01 2.058769e+01
2.071158e+01 2.057424e+01
2.069569e+01 2.057424e+01
2.067957e+01 2.054881e+01
2.066226e+01 2.053423e+01
2.064704e+01 2.052057e+01
2.063023e+01 2.051740e+01
2.061196e+01 2.048796e+01
2.058948e+01 2.047247e+01
2.057243e+01 2.042209e+01
2.055357e+01 2.040414e+01
2.053298e+01 2.040120e+01
2.051262e+01 2.039417e+01
2.048901e+01 2.036032e+01
2.046500e+01 2.032599e+01
2.043940e+01 2.030555e+01
2.041123e+01 2.029635e+01
2.038236e+01 2.027984e+01
2.035242e+01 2.025461e+01
2.031463e+01 2.024004e+01
2.028226e+01 2.020299e+01
2.024122e+01 2.016744e+01
2.019677e+01 2.012793e+01
2.013072e+01 2.009357e+01
2.171434e+01 2.155073e+01
2.160655e+01 2.145830e+01
2.157875e+01 2.135310e+01
2.003241e+01 2.002253e+01
1.999999e+01 1.999998e+01
1.999996e+01 1.999996e+01
2.161448e+01 2.142534e+01
2.156387e+01 2.137504e+01
2.154330e+01 2.137504e+01
2.153461e+01 2.137504e+01
2.152606e+01 2.137504e+01
2.151978e+01 2.128609e+01
2.151612e+01 2.128609e+01
2.151094e+01 2.128609e+01
2.150691e+01 2.128609e+01
2.150344e+01 2.128609e+01
2.149983e+01 2.128609e+01
2.149732e+01 2.128609e+01
2.149453e+01 2.128609e+01
2.149204e+01 2.128609e+01
2.148978e+01 2.128609e+01
2.148751e+01 2.128609e+01
2.148543e+01 2.128609e+01
2.148373e+01 2.128609e+01
2.148158e+01 2.128609e+01
2.148014e+01 2.128609e+01
2.147864e+01 2.128609e+01
2.147660e+01 2.128609e+01
2.147510e+01 2.128609e+01
2.147307e+01 2.128609e+01
2.147188e+01 2.128609e+01
2.147012e+01 2.128609e+01
2.146857e+01 2.128609e+01
2.146746e+01 2.128609e+01
2.146606e+01 2.128609e+01
2.146467e+01 2.128609e+01
2.146339e+01 2.128609e+01
2.146199e+01 2.128609e+01
2.146045e+01 2.128609e+01
2.145928e+01 2.128609e+01
2.143871e+01 2.128064e+01
2.133889e+01 2.119625e+01
2.128488e+01 2.108886e+01
2.124167e+01 2.108693e+01
2.121074e+01 2.104167e+01
2.118706e+01 2.104167e+01
2.116638e+01 2.101618e+01
2.114806e+01 2.101618e+01
2.113061e+01 2.101618e+01
2.111423e+01 2.098283e+01
2.109728e+01 2.096103e+01
2.108261e+01 2.095454e+01
2.106941e+01 2.094289e+01
2.105712e+01 2.093927e+01
2.104491e+01 2.090528e+01
2.103650e+01 2.090528e+01
2.102545e+01 2.089014e+01
2.101526e+01 2.089014e+01
2.100607e+01 2.088774e+01
2.099700e+01 2.085833e+01
2.098751e+01 2.082897e+01
2.097906e+01 2.082897e+01
2.097126e+01 2.082149e+01
2.096367e+01 2.082149e+01
2.095554e+01 2.081466e+01
2.094774e+01 2.081466e+01
2.093599e+01 2.081466e+01
2.092785e+01 2.079179e+01
2.092078e+01 2.079179e+01
2.090434e+01 2.077825e+01
2.089131e+01 2.077825e+01
2.087931e+01 2.075582e+01
2.086612e+01 2.074057e+01
2.085382e+01 2.071861e+01
2.084025e+01 2.067719e+01
2.082728e+01 2.067487e+01
2.081213e+01 2.066624e+01
2.079723e+01 2.066589e+01
2.077985e+01 2.063973e+01
2.076537e+01 2.063630e+01
2.074933e+01 2.062710e+01
2.073190e+01 2.061843e+01
2.071505e+01 2.060875e+01
2.069736e+01 2.059735e+01
2.067960e+01 2.059470e+01
2.066161e+01 2.057638e+01
2.064150e+01 2.055700e+01
2.062306e+01 2.053934e+01
2.060093e+01 2.049679e+01
2.057946e+01 2.046498e+01
2.055439e+01 2.043475e+01
2.052614e+01 2.041697e+01
2.050040e+01 2.040391e+01
2.047048e+01 2.037950e+01
2.043690e+01 2.035427e+01
2.040350e+01 2.034012e+01
2.036680e+01 2.029754e+01
2.032362e+01 2.024067e+01
2.028774e+01 2.022842e+01
2.022562e+01 2.018983e+01
2.015062e+01 2.011603e+01
2.171984e+01 2.149035e+01
2.161276e+01 2.140992e+01
2.157321e+01 2.142859e+01
2.001396e+01 2.000870e+01
1.999997e+01 1.999996e+01
1.999995e+01 1.999995e+01
2.164252e+01 2.144357e+01
2.156759e+01 2.142516e+01
2.154819e+01 2.142516e+01
2.153560e+01 2.142516e+01
2.152713e+01 2.140772e+01
2.151996e+01 2.140772e+01
2.151421e+01 2.140772e+01
2.150879e+01 2.137489e+01
2.150491e+01 2.137489e+01
2.150190e+01 2.137489e+01
2.149811e+01 2.137489e+01
2.149495e+01 2.137489e+01
2.149189e+01 2.137489e+01
2.148989e+01 2.137489e+01
2.148824e+01 2.137489e+01
2.148609e+01 2.137489e+01
2.148449e+01 2.137489e+01
2.148247e+01 2.137489e+01
2.148114e+01 2.137489e+01
2.147929e+01 2.137489e+01
2.147773e+01 2.133396e+01
2.147634e+01 2.133396e+01
2.147530e+01 2.133396e+01
2.147362e+01 2.133396e+01
2.147265e+01 2.133396e+01
2.147131e+01 2.133396e+01
2.147017e+01 2.133396e+01
2.146876e+01 2.133396e+01
2.146763e+01 2.133396e+01
2.146604e+01 2.133396e+01
2.146449e+01 2.133396e+01
2.142217e+01 2.123827e+01
2.137682e+01 2.120086e+01
2.134144e+01 2.114893e+01
2.130548e+01 2.110776e+01
2.125774e+01 2.102381e+01
2.122035e+01 2.100579e+01
2.119312e+01 2.096886e+01
2.116758e+01 2.092792e+01
2.114811e+01 2.092792e+01
2.112980e+01 2.092221e+01
2.111126e+01 2.092221e+01
2.109454e+01 2.091047e+01
2.108079e+01 2.091047e+01
2.106880e+01 2.087363e+01
2.105655e+01 2.086872e+01
2.104555e+01 2.086872e+01
2.103509e+01 2.086603e+01
2.102409e+01 2.086603e+01
2.101570e+01 2.086603e+01
2.100729e+01 2.086603e+01
2.099794e+01 2.085893e+01
2.098829e+01 2.084512e+01
2.098166e+01 2.084512e+01
2.097258e+01 2.083501e+01
2.096506e+01 2.083314e+01
2.095698e+01 2.081869e+01
2.094943e+01 2.081869e+01
2.094148e+01 2.081869e+01
2.093292e+01 2.078985e+01
2.092269e+01 2.078854e+01
2.091187e+01 2.078732e+01
2.090327e+01 2.078558e+01
2.089343e+01 2.075933e+01
2.088402e+01 2.074045e+01
2.087044e+01 2.071434e+01
2.085872e+01 2.071434e+01
2.084669e+01 2.071434e+01
2.083138e+01 2.068901e+01
2.082069e+01 2.068901e+01
2.080666e+01 2.067144e+01
2.079192e+01 2.067144e+01
2.077646e+01 2.066128e+01
2.076013e+01 2.062018e+01
2.074781e+01 2.061391e+01
2.073263e+01 2.061125e+01
2.071399e+01 2.059267e+01
2.069324e+01 2.052509e+01
2.067564e+01 2.049215e+01
2.065417e+01 2.049215e+01
2.063183e+01 2.048994e+01
2.060903e+01 2.047072e+01
2.058497e+01 2.045127e+01
2.056308e+01 2.045099e+01
2.054184e+01 2.043650e+01
2.051407e+01 2.038987e+01
2.048835e+01 2.038668e+01
2.045213e+01 2.032376e+01
2.041940e+01 2.031242e+01
2.039166e+01 2.028848e+01
2.036106e+01 2.024934e+01
2.032504e+01 2.022416e+01
2.028450e+01 2.021502e+01
2.023137e+01 2.018192e+01
2.015745e+01 2.012765e+01
2.170954e+01 2.143218e+01
2.161508e+01 2.140760e+01
2.157197e+01 2.135442e+01
2.005049e+01 2.003479e+01
2.000005e+01 2.000003e+01
1.999999e+01 1.999999e+01
1.999999e+01 1.999999e+01
2.158094e+01 2.141379e+01
2.155614e+01 2.141379e+01
2.154161e+01 2.138330e+01
2.153218e+01 2.137538e+01
2.152384e+01 2.137454e+01
2.151801e+01 2.137454e+01
2.151286e+01 2.137454e+01
2.150812e+01 2.137454e+01
2.150410e+01 2.137454e+01
2.150162e+01 2.137454e+01
2.149729e+01 2.137454e+01
2.147916e+01 2.132233e+01
2.143531e+01 2.121755e+01
2.140126e+01 2.121755e+01
2.136796e+01 2.116684e+01
2.134162e+01 2.116684e+01
2.131771e+01 2.114530e+01
2.129323e+01 2.114530e+01
2.126976e+01 2.110571e+01
2.124783e+01 2.106151e+01
2.122314e+01 2.106151e+01
2.120077e+01 2.100243e+01
2.118103e+01 2.099198e+01
2.116529e+01 2.099198e+01
2.115055e+01 2.096622e+01
2.113787e+01 2.092091e+01
2.112450e+01 2.092091e+01
2.111329e+01 2.092091e+01
2.110065e+01 2.091503e+01
2.108960e+01 2.083032e+01
2.108016e+01 2.083032e+01
2.107088e+01 2.083032e+01
2.106249e+01 2.083032e+01
2.105247e+01 2.083032e+01
2.104366e+01 2.083032e+01
2.103561e+01 2.083032e+01
2.102681e+01 2.078089e+01
2.101981e+01 2.078089e+01
2.101296e+01 2.076185e+01
2.100636e+01 2.076185e+01
2.099934e+01 2.076185e+01
2.099300e+01 2.076185e+01
2.098594e+01 2.076185e+01
2.097887e+01 2.076185e+01
2.097285e+01 2.075631e+01
2.096625e+01 2.075093e+01
2.096064e+01 2.075093e+01
2.095479e+01 2.075093e+01
2.094823e+01 2.075056e+01
2.094373e+01 2.075056e+01
2.093573e+01 2.075056e+01
2.092851e+01 2.075056e+01
2.092178e+01 2.074719e+01
2.091329e+01 2.074719e+01
2.090710e+01 2.074719e+01
2.089796e+01 2.074568e+01
2.088834e+01 2.072799e+01
2.087927e+01 2.072142e+01
2.087138e+01 2.071974e+01
2.086225e+01 2.071974e+01
2.085394e+01 2.071974e+01
2.084023e+01 2.071270e+01
2.083093e+01 2.069934e+01
2.082034e+01 2.066749e+01
2.080794e+01 2.066749e+01
2.079499e+01 2.066598e+01
2.078265e+01 2.066580e+01
2.076903e+01 2.066564e+01
2.075683e+01 2.066039e+01
2.074399e+01 2.063800e+01
2.072951e+01 2.063259e+01
2.071562e+01 2.061444e+01
2.070341e+01 2.060644e+01
2.068780e+01 2.059879e+01
2.067206e+01 2.057666e+01
2.065501e+01 2.056986e+01
2.063899e+01 2.054766e+01
2.062376e+01 2.053108e+01
2.060262e+01 2.050795e+01
2.058975e+01 2.049509e+01
2.057161e+01 2.047436e+01
2.055169e+01 2.044278e+01
2.052933e+01 2.043621e+01
2.050710e+01 2.041994e+01
2.048247e+01 2.038213e+01
2.045540e+01 2.036894e+01
2.043059e+01 2.035050e+01
2.039892e+01 2.030224e+01
2.036867e+01 2.028288e+01
2.034166e+01 2.025298e+01
2.030956e+01 2.022518e+01
2.027431e+01 2.019902e+01
2.021512e+01 2.016377e+01
2.014442e+01 2.010382e+01
2.171985e+01 2.151610e+01
2.164725e+01 2.146420e+01
2.160832e+01 2.140023e+01
2.004996e+01 2.003450e+01
1.999997e+01 1.999995e+01
1.999991e+01 1.999991e+01
1.999991e+01 1.999991e+01
2.157968e+01 2.139683e+01
2.155238e+01 2.139683e+01
2.153804e+01 2.139683e+01
2.152868e+01 2.139683e+01
2.152148e+01 2.137856e+01
2.151592e+01 2.137856e+01
2.150786e+01 2.137856e+01
2.150374e+01 2.137056e+01
2.150102e+01 2.137056e+01
2.149730e+01 2.137056e+01
2.149377e+01 2.137056e+01
2.146808e+01 2.132181e+01
2.142591e+01 2.129749e+01
2.139745e+01 2.124144e+01
2.136508e+01 2.114179e+01
2.133916e+01 2.106166e+01
2.131482e+01 2.106166e+01
2.128548e+01 2.101695e+01
2.125256e+01 2.099780e+01
2.122783e+01 2.099401e+01
2.120362e+01 2.097676e+01
2.118200e+01 2.097676e+01
2.116482e+01 2.095546e+01
2.114921e+01 2.095546e+01
2.113433e+01 2.094751e+01
2.112078e+01 2.094751e+01
2.110928e+01 2.094751e+01
2.109822e+01 2.093557e+01
2.108700e+01 2.093557e+01
2.107674e+01 2.093301e+01
2.106742e+01 2.093301e+01
2.105823e+01 2.090642e+01
2.105031e+01 2.090627e+01
2.104221e+01 2.087498e+01
2.103299e+01 2.087296e+01
2.102606e+01 2.087296e+01
2.101932e+01 2.087072e+01
2.101217e+01 2.086990e+01
2.100582e+01 2.086366e+01
2.099757e+01 2.086366e+01
2.099047e+01 2.086366e+01
2.098302e+01 2.085935e+01
2.097763e+01 2.085935e+01
2.097057e+01 2.085935e+01
2.096471e+01 2.084939e+01
2.095782e+01 2.084939e+01
2.095224e+01 2.082448e+01
2.094684e+01 2.082448e+01
2.094075e+01 2.081745e+01
2.093180e+01 2.081715e+01
2.092604e+01 2.081715e+01
2.091897e+01 2.080814e+01
2.091309e+01 2.080568e+01
2.090513e+01 2.079482e+01
2.089658e+01 2.078048e+01
2.088949e+01 2.077209e+01
2.088196e+01 2.077186e+01
2.087324e+01 2.076755e+01
2.086529e+01 2.076369e+01
2.085385e+01 2.076126e+01
2.084366e+01 2.074814e+01
2.083457e+01 2.073575e+01
2.082489e+01 2.072775e+01
2.081431e+01 2.070856e+01
2.080127e+01 2.070551e+01
2.078793e+01 2.067503e+01
2.077439e+01 2.066162e+01
2.076241e+01 2.064372e+01
2.074963e+01 2.061051e+01
2.073736e+01 2.058340e+01
2.072212e+01 2.057460e+01
2.071038e+01 2.056107e+01
2.069824e+01 2.053892e+01
2.068180e+01 2.052849e+01
2.066681e+01 2.052760e+01
2.065059e+01 2.052521e+01
2.063316e+01 2.048288e+01
2.061471e+01 2.046369e+01
2.059566e+01 2.046149e+01
2.057729e+01 2.046011e+01
2.055682e+01 2.044513e+01
2.053581e+01 2.044099e+01
2.051739e+01 2.041666e+01
2.049717e+01 2.038321e+01
2.047009e+01 2.036915e+01
2.044899e+01 2.036866e+01
2.042648e+01 2.035257e+01
2.039971e+01 2.034138e+01
2.036959e+01 2.029787e+01
2.034056e+01 2.026151e+01
2.030267e+01 2.022069e+01
2.026820e+01 2.020144e+01
2.020221e+01 2.013007e+01
2.013001e+01 2.010266e+01
2.171689e+01 2.149628e+01
2.165007e+01 2.149127e+01
2.160009e+01 2.144867e+01
2.002749e+01 2.001769e+01
1.999995e+01 1.999995e+01
1.999993e+01 1.999993e+01
2.161476e+01 2.142159e+01
2.156472e+01 2.141400e+01
2.154733e+01 2.139099e+01
2.153592e+01 2.137246e+01
2.152820e+01 2.137246e+01
2.152082e+01 2.137246e+01
2.151519e+01 2.137246e+01
2.150999e+01 2.137246e+01
2.150500e+01 2.137246e+01
2.150136e+01 2.137246e+01
2.149794e+01 2.137246e+01
2.149420e+01 2.137246e+01
2.149230e+01 2.137246e+01
2.148964e+01 2.137246e+01
2.148674e+01 2.137246e+01
2.148462e+01 2.137246e+01
2.148194e+01 2.137246e+01
2.147500e+01 2.136454e+01
2.143319e+01 2.122888e+01
2.139394e+01 2.120309e+01
2.135737e+01 2.120309e+01
2.131888e+01 2.116039e+01
2.127790e+01 2.111852e+01
2.124263e+01 2.107243e+01
2.121478e+01 2.106883e+01
2.119331e+01 2.103580e+01
2.117287e+01 2.102922e+01
2.115422e+01 2.101881e+01
2.113855e+01 2.099789e+01
2.112398e+01 2.099789e+01
2.111104e+01 2.098181e+01
2.109882e+01 2.096685e+01
2.108616e+01 2.095948e+01
2.107722e+01 2.092677e+01
2.106707e+01 2.092507e+01
2.105740e+01 2.087692e+01
2.104875e+01 2.087692e+01
2.103885e+01 2.086863e+01
2.103020e+01 2.085258e+01
2.102233e+01 2.084681e+01
2.101398e+01 2.084681e+01
2.100548e+01 2.084681e+01
2.099790e+01 2.084655e+01
2.099076e+01 2.084655e+01
2.098396e+01 2.084655e+01
2.097724e+01 2.083916e+01
2.096884e+01 2.082835e+01
2.096238e+01 2.082835e+01
2.095536e+01 2.082661e+01
2.094923e+01 2.082661e+01
2.094325e+01 2.082661e+01
2.093537e+01 2.080297e+01
2.092931e+01 2.080297e+01
2.092281e+01 2.080297e+01
2.091540e+01 2.080297e+01
2.090819e+01 2.080224e+01
2.089938e+01 2.080224e+01
2.088944e+01 2.080214e+01
2.087983e+01 2.077966e+01
2.087139e+01 2.075628e+01
2.086114e+01 2.075004e+01
2.085100e+01 2.074755e+01
2.083961e+01 2.074755e+01
2.082706e+01 2.071597e+01
2.081474e+01 2.069948e+01
2.079986e+01 2.063544e+01
2.078674e+01 2.062779e+01
2.077466e+01 2.059624e+01
2.076313e+01 2.059240e+01
2.075193e+01 2.059042e+01
2.073844e+01 2.059042e+01
2.072308e+01 2.058739e+01
2.070895e+01 2.057758e+01
2.069225e+01 2.055964e+01
2.067550e+01 2.054514e+01
2.065960e+01 2.053020e+01
2.064099e+01 2.051585e+01
2.062316e+01 2.051585e+01
2.060401e+01 2.049795e+01
2.058508e+01 2.049621e+01
2.056751e+01 2.047504e+01
2.054681e+01 2.044681e+01
2.052793e+01 2.043775e+01
2.050188e+01 2.042229e+01
2.047730e+01 2.040519e+01
2.045476e+01 2.038271e+01
2.043148e+01 2.036743e+01
2.040431e+01 2.033465e+01
2.037697e+01 2.032563e+01
2.034791e+01 2.026740e+01
2.031561e+01 2.024916e+01
2.027967e+01 2.022219e+01
2.025157e+01 2.021891e+01
2.019943e+01 2.016931e+01
2.012947e+01 2.010278e+01
2.171347e+01 2.153245e+01
2.162339e+01 2.141334e+01
2.158488e+01 2.132707e+01
2.002827e+01 2.001904e+01
1.999990e+01 1.999989e+01
1.999988e+01 1.999988e+01
1.999988e+01 1.999988e+01
2.157879e+01 2.133699e+01
2.155315e+01 2.133699e+01
2.153809e+01 2.133699e+01
2.152756e+01 2.133699e+01
2.152145e+01 2.133699e+01
2.151552e+01 2.133699e+01
2.150955e+01 2.133699e+01
2.150474e+01 2.133203e+01
2.150121e+01 2.133203e+01
2.149676e+01 2.132020e+01
2.149519e+01 2.132020e+01
2.147665e+01 2.132020e+01
2.143985e+01 2.126091e+01
2.140549e+01 2.119907e+01
2.137383e+01 2.119907e+01
2.134640e+01 2.114157e+01
2.132025e+01 2.111936e+01
2.129204e+01 2.111671e+01
2.125704e+01 2.107063e+01
2.123030e+01 2.105627e+01
2.120677e+01 2.105627e+01
2.118649e+01 2.100295e+01
2.116818e+01 2.098242e+01
2.115226e+01 2.098242e+01
2.113928e+01 2.098242e+01
2.112543e+01 2.098242e+01
2.111310e+01 2.096327e+01
2.110033e+01 2.094393e+01
2.109039e+01 2.094393e+01
2.108046e+01 2.094240e+01
2.107038e+01 2.094240e+01
2.106185e+01 2.093180e+01
2.105219e+01 2.093180e+01
2.104440e+01 2.093180e+01
2.103716e+01 2.090985e+01
2.102971e+01 2.090985e+01
2.102140e+01 2.090985e+01
2.101500e+01 2.089741e+01
2.100723e+01 2.089734e+01
2.099952e+01 2.086847e+01
2.099235e+01 2.086847e+01
2.098534e+01 2.086847e+01
2.097837e+01 2.086307e+01
2.097333e+01 2.086307e+01
2.096677e+01 2.086307e+01
2.095926e+01 2.085418e+01
2.095357e+01 2.085418e+01
2.094532e+01 2.084272e+01
2.093882e+01 2.083204e+01
2.093159e+01 2.080943e+01
2.092585e+01 2.080943e+01
2.091693e+01 2.080777e+01
2.090955e+01 2.078520e+01
2.090450e+01 2.078520e+01
2.089759e+01 2.077732e+01
2.088569e+01 2.076661e+01
2.087642e+01 2.075959e+01
2.086742e+01 2.075715e+01
2.085879e+01 2.075345e+01
2.084917e+01 2.073901e+01
2.083770e+01 2.067239e+01
2.082856e+01 2.067239e+01
2.081801e+01 2.066370e+01
2.080645e+01 2.065236e+01
2.079271e+01 2.064805e+01
2.077977e+01 2.063351e+01
2.076706e+01 2.063286e+01
2.075234e+01 2.063066e+01
2.073727e+01 2.062077e+01
2.072543e+01 2.061969e+01
2.071219e+01 2.059713e+01
2.069922e+01 2.055487e+01
2.068369e+01 2.051212e+01
2.066881e+01 2.050900e+01
2.065316e+01 2.050104e+01
2.063517e+01 2.049379e+01
2.062020e+01 2.049329e+01
2.060507e+01 2.047618e+01
2.058482e+01 2.045950e+01
2.056668e+01 2.043819e+01
2.054873e+01 2.042845e+01
2.052418e+01 2.042682e+01
2.050090e+01 2.038801e+01
2.047923e+01 2.036899e+01
2.045713e+01 2.034815e+01
2.043328e+01 2.033590e+01
2.040490e+01 2.032427e+01
2.037395e+01 2.030627e+01
2.034377e+01 2.026660e+01
2.030908e+01 2.024390e+01
2.027763e+01 2.021019e+01
2.024092e+01 2.018316e+01
2.018008e+01 2.015678e+01
2.012126e+01 2.009470e+01
2.171205e+01 2.151920e+01
2.161805e+01 2.146565e+01
2.158693e+01 2.141646e+01
2.001792e+01 2.001193e+01
2.000002e+01 2.000001e+01
2.000000e+01 2.000000e+01
2.163396e+01 2.143695e+01
2.156785e+01 2.141556e+01
2.154894e+01 2.140183e+01
2.153561e+01 2.139243e+01
2.152757e+01 2.139243e+01
2.152058e+01 2.139243e+01
2.151478e+01 2.139243e+01
2.151004e+01 2.139243e+01
2.150698e+01 2.139243e+01
2.150315e+01 2.139243e+01
2.149980e+01 2.136775e+01
2.149729e+01 2.136775e+01
2.149472e+01 2.136775e+01
2.149220e+01 2.136775e+01
2.148858e+01 2.136775e+01
2.148559e+01 2.136182e+01
2.148340e+01 2.136182e+01
2.148179e+01 2.136182e+01
2.147896e+01 2.136182e+01
2.147709e+01 2.136182e+01
2.147527e+01 2.136182e+01
2.147313e+01 2.136182e+01
2.147111e+01 2.136182e+01
2.146983e+01 2.136182e+01
2.146837e+01 2.136182e+01
2.146736e+01 2.136182e+01
2.146556e+01 2.136182e+01
2.146472e+01 2.136182e+01
2.146365e+01 2.136182e+01
2.146188e+01 2.136182e+01
2.146060e+01 2.135609e+01
2.145887e+01 2.132813e+01
2.145746e+01 2.132813e+01
2.145650e+01 2.132813e+01
2.145550e+01 2.132813e+01
2.145416e+01 2.132813e+01
2.145308e+01 2.132813e+01
2.145207e+01 2.132813e+01
2.145105e+01 2.132813e+01
2.144975e+01 2.132813e+01
2.144849e+01 2.132813e+01
2.144736e+01 2.132813e+01
2.144624e+01 2.132813e+01
2.144442e+01 2.132813e+01
2.144339e+01 2.132813e+01
2.144192e+01 2.132813e+01
2.144073e+01 2.132813e+01
2.143977e+01 2.132813e+01
2.143898e+01 2.132813e+01
2.143767e+01 2.132813e+01
2.143413e+01 2.132663e+01
2.143197e+01 2.132663e+01
2.142824e+01 2.132663e+01
2.136533e+01 2.124425e+01
2.128521e+01 2.112322e+01
2.122905e+01 2.111023e+01
2.119030e+01 2.105952e+01
2.115626e+01 2.101636e+01
2.112817e+01 2.100296e+01
2.110467e+01 2.097724e+01
2.108479e+01 2.096317e+01
2.106346e+01 2.089581e+01
2.104451e+01 2.089581e+01
2.102845e+01 2.089428e+01
2.101399e+01 2.085422e+01
2.100383e+01 2.085422e+01
2.099094e+01 2.085422e+01
2.097759e+01 2.085338e+01
2.096549e+01 2.084325e+01
2.095139e+01 2.083167e+01
2.094037e+01 2.082647e+01
2.092808e+01 2.082163e+01
2.090997e+01 2.081657e+01
2.089224e+01 2.078944e+01
2.086919e+01 2.075769e+01
2.085028e+01 2.075599e+01
2.083032e+01 2.074887e+01
2.081028e+01 2.068940e+01
2.078789e+01 2.068356e+01
2.076632e+01 2.067190e+01
2.074388e+01 2.065473e+01
2.071563e+01 2.059064e+01
2.068639e+01 2.058985e+01
2.065930e+01 2.058325e+01
2.062865e+01 2.055203e+01
2.059719e+01 2.052296e+01
2.057019e+01 2.048981e+01
2.054218e+01 2.044696e+01
2.050716e+01 2.040881e+01
2.046926e+01 2.038591e+01
2.042406e+01 2.035255e+01
2.037851e+01 2.031620e+01
2.033342e+01 2.026836e+01
2.027252e+01 2.023095e+01
2.016763e+01 2.015873e+01
2.170956e+01 2.151201e+01
2.161108e+01 2.141388e+01
2.158517e+01 2.142846e+01
2.002315e+01 2.001678e+01
2.000001e+01 2.000000e+01
1.999999e+01 1.999999e+01
1.999999e+01 1.999999e+01
2.157346e+01 2.140680e+01
2.154820e+01 2.139911e+01
2.153591e+01 2.130715e+01
2.152746e+01 2.130715e+01
2.152211e+01 2.130715e+01
2.151635e+01 2.130715e+01
2.151257e+01 2.130715e+01
2.150754e+01 2.130715e+01
2.150377e+01 2.130715e+01
2.150023e+01 2.130715e+01
2.149751e+01 2.130715e+01
2.149476e+01 2.129827e+01
2.149248e+01 2.129827e+01
2.149000e+01 2.129827e+01
2.148735e+01 2.129827e+01
2.148591e+01 2.129827e+01
2.148363e+01 2.129827e+01
2.148154e+01 2.129827e+01
2.147855e+01 2.129827e+01
2.144197e+01 2.129687e+01
2.139739e+01 2.121348e+01
2.136380e+01 2.118621e+01
2.133294e+01 2.118621e+01
2.130523e+01 2.118553e+01
2.126767e+01 2.109232e+01
2.123600e+01 2.107093e+01
2.121097e+01 2.100956e+01
2.118758e+01 2.100595e+01
2.116664e+01 2.099758e+01
2.115083e+01 2.099758e+01
2.113232e+01 2.098242e+01
2.112003e+01 2.098242e+01
2.110637e+01 2.097986e+01
2.109436e+01 2.096742e+01
2.108335e+01 2.094031e+01
2.107234e+01 2.094031e+01
2.106259e+01 2.093629e+01
2.105289e+01 2.092015e+01
2.104222e+01 2.092015e+01
2.103252e+01 2.091887e+01
2.102204e+01 2.090852e+01
2.101239e+01 2.089372e+01
2.100381e+01 2.088121e+01
2.099544e+01 2.087657e+01
2.098811e+01 2.087564e+01
2.098144e+01 2.087564e+01
2.097356e+01 2.086868e+01
2.096682e+01 2.086543e+01
2.095869e+01 2.084781e+01
2.095228e+01 2.084259e+01
2.094403e+01 2.084259e+01
2.093722e+01 2.082170e+01
2.092912e+01 2.080027e+01
2.092040e+01 2.079072e+01
2.091526e+01 2.079072e+01
2.090422e+01 2.076688e+01
2.089489e+01 2.076688e+01
2.088654e+01 2.076688e+01
2.087665e+01 2.076637e+01
2.086516e+01 2.075583e+01
2.085527e+01 2.075513e+01
2.084503e+01 2.071766e+01
2.083403e+01 2.070678e+01
2.082258e+01 2.070518e+01
2.081312e+01 2.068657e+01
2.080224e+01 2.067773e+01
2.078937e+01 2.066896e+01
2.077209e+01 2.061765e+01
2.075787e+01 2.059994e+01
2.074418e+01 2.058835e+01
2.072981e+01 2.058483e+01
2.071768e+01 2.058482e+01
2.070227e+01 2.058385e+01
2.068390e+01 2.057682e+01
2.066511e+01 2.056403e+01
2.064627e+01 2.056207e+01
2.062961e+01 2.054244e+01
2.060949e+01 2.052179e+01
2.058894e+01 2.050138e+01
2.056981e+01 2.049612e+01
2.055273e+01 2.044270e+01
2.052739e+01 2.043855e+01
2.050242e+01 2.041569e+01
2.047720e+01 2.039800e+01
2.045201e+01 2.037196e+01
2.042400e+01 2.034764e+01
2.039415e+01 2.030452e+01
2.035940e+01 2.028215e+01
2.032320e+01 2.024211e+01
2.029429e+01 2.022882e+01
2.025908e+01 2.018823e+01
2.021484e+01 2.015740e+01
2.016794e+01 2.014414e+01
2.011224e+01 2.010775e+01
2.171865e+01 2.155922e+01
2.158992e+01 2.141498e+01
2.158262e+01 2.136100e+01
2.002210e+01 2.001584e+01
2.000002e+01 2.000001e+01
2.000000e+01 2.000000e+01
2.161681e+01 2.145260e+01
2.156530e+01 2.137955e+01
2.154662e+01 2.137955e+01
2.153488e+01 2.137955e+01
2.152520e+01 2.137955e+01
2.151945e+01 2.137955e+01
2.151521e+01 2.137955e+01
2.151117e+01 2.137955e+01
2.150682e+01 2.137955e+01
2.150385e+01 2.137955e+01
2.150091e+01 2.137955e+01
2.149786e+01 2.137955e+01
2.149477e+01 2.137955e+01
2.149282e+01 2.137955e+01
2.149018e+01 2.135754e+01
2.148755e+01 2.135754e+01
2.148590e+01 2.135754e+01
2.148431e+01 2.135754e+01
2.148247e+01 2.135754e+01
2.146212e+01 2.131837e+01
2.142396e+01 2.126605e+01
2.138476e+01 2.120251e+01
2.134959e+01 2.116909e+01
2.131916e+01 2.111930e+01
2.127856e+01 2.109095e+01
2.124562e+01 2.107510e+01
2.121723e+01 2.103793e+01
2.119308e+01 2.099394e+01
2.117490e+01 2.098885e+01
2.115332e+01 2.098162e+01
2.113796e+01 2.095367e+01
2.112271e+01 2.095052e+01
2.110758e+01 2.095052e+01
2.109304e+01 2.095052e+01
2.108075e+01 2.093319e+01
2.107007e+01 2.092771e+01
2.105863e+01 2.092771e+01
2.104741e+01 2.091610e+01
2.103812e+01 2.091610e+01
2.102990e+01 2.089716e+01
2.102189e+01 2.089442e+01
2.101335e+01 2.089442e+01
2.100616e+01 2.089442e+01
2.099846e+01 2.087587e+01
2.098961e+01 2.087434e+01
2.098201e+01 2.087347e+01
2.097358e+01 2.086035e+01
2.096594e+01 2.085441e+01
2.095846e+01 2.083321e+01
2.095136e+01 2.082982e+01
2.094498e+01 2.082982e+01
2.093717e+01 2.082335e+01
2.092867e+01 2.080350e+01
2.092274e+01 2.080350e+01
2.091656e+01 2.078833e+01
2.091007e+01 2.078833e+01
2.090264e+01 2.074638e+01
2.089459e+01 2.074638e+01
2.088514e+01 2.074638e+01
2.087321e+01 2.074638e+01
2.086386e+01 2.074638e+01
2.085567e+01 2.073830e+01
2.084505e+01 2.073600e+01
2.083220e+01 2.072412e+01
2.081986e+01 2.070795e+01
2.080553e+01 2.069436e+01
2.079283e+01 2.068582e+01
2.078132e+01 2.068552e+01
2.076730e+01 2.065900e+01
2.075569e+01 2.064473e+01
2.074154e+01 2.061482e+01
2.072781e+01 2.061449e+01
2.071208e+01 2.060057e+01
2.069604e+01 2.059678e+01
2.067819e+01 2.057939e+01
2.066027e+01 2.055184e+01
2.064218e+01 2.051706e+01
2.062502e+01 2.051346e+01
2.060831e+01 2.050950e+01
2.058825e+01 2.047378e+01
2.056768e+01 2.046990e+01
2.054368e+01 2.044804e+01
2.052354e+01 2.044019e+01
2.050347e+01 2.042257e+01
2.047951e+01 2.038944e+01
2.045575e+01 2.038389e+01
2.043288e+01 2.035892e+01
2.040637e+01 2.034162e+01
2.037937e+01 2.031686e+01
2.034932e+01 2.029811e+01
2.031673e+01 2.028167e+01
2.028283e+01 2.024782e+01
2.024694e+01 2.020879e+01
2.018925e+01 2.015746e+01
2.012017e+01 2.010571e+01
2.172241e+01 2.148437e+01
2.160427e+01 2.140592e+01
2.156134e+01 2.144885e+01
2.002219e+01 2.001620e+01
1.999990e+01 1.999989e+01
1.999988e+01 1.999988e+01
2.164202e+01 2.147988e+01
2.156807e+01 2.139276e+01
2.154574e+01 2.133404e+01
2.153577e+01 2.133404e+01
2.152643e+01 2.133404e+01
2.152014e+01 2.133404e+01
2.151478e+01 2.133404e+01
2.150981e+01 2.133404e+01
2.150552e+01 2.133404e+01
2.150209e+01 2.133404e+01
2.149841e+01 2.133404e+01
2.148158e+01 2.133404e+01
2.144982e+01 2.130641e+01
2.141397e+01 2.125393e+01
2.137794e+01 2.123020e+01
2.134950e+01 2.119525e+01
2.132542e+01 2.118320e+01
2.130322e+01 2.117490e+01
2.127490e+01 2.110823e+01
2.124831e+01 2.109407e+01
2.122285e+01 2.104668e+01
2.120034e+01 2.104385e+01
2.118102e+01 2.103743e+01
2.116308e+01 2.101436e+01
2.114948e+01 2.101436e+01
2.113495e+01 2.100740e+01
2.112071e+01 2.099398e+01
2.110808e+01 2.095353e+01
2.109864e+01 2.095353e+01
2.108827e+01 2.094083e+01
2.107806e+01 2.090541e+01
2.106838e+01 2.090541e+01
2.105919e+01 2.090088e+01
2.105002e+01 2.088227e+01
2.104076e+01 2.088227e+01
2.103219e+01 2.088227e+01
2.102352e+01 2.088100e+01
2.101696e+01 2.087831e+01
2.101096e+01 2.087491e+01
2.100436e+01 2.085931e+01
2.099631e+01 2.085931e+01
2.098999e+01 2.081994e+01
2.098213e+01 2.081158e+01
2.097502e+01 2.080479e+01
2.096868e+01 2.080479e+01
2.096236e+01 2.080479e+01
2.095676e+01 2.080479e+01
2.095079e+01 2.080479e+01
2.094535e+01 2.080479e+01
2.093772e+01 2.080479e+01
2.093074e+01 2.078690e+01
2.092478e+01 2.078690e+01
2.091809e+01 2.078690e+01
2.091108e+01 2.077739e+01
2.090454e+01 2.077739e+01
2.089654e+01 2.073455e+01
2.089123e+01 2.073455e+01
2.088243e+01 2.073156e+01
2.087289e+01 2.072014e+01
2.086350e+01 2.071607e+01
2.085118e+01 2.071450e+01
2.084157e+01 2.071086e+01
2.083196e+01 2.068956e+01
2.081939e+01 2.067505e+01
2.080832e+01 2.067505e+01
2.079819e+01 2.067505e+01
2.078489e+01 2.066356e+01
2.077253e+01 2.064109e+01
2.076127e+01 2.064109e+01
2.074727e+01 2.063137e+01
2.073344e+01 2.060701e+01
2.071782e+01 2.057424e+01
2.070485e+01 2.057424e+01
2.068804e+01 2.054018e+01
2.066976e+01 2.053559e+01
2.065533e+01 2.051924e+01
2.063700e+01 2.050760e+01
2.061995e+01 2.046687e+01
2.060271e+01 2.045927e+01
2.058664e+01 2.045125e+01
2.056577e+01 2.044609e+01
2.054705e+01 2.042003e+01
2.052514e+01 2.039708e+01
2.050257e+01 2.038654e+01
2.048022e+01 2.034273e+01
2.045577e+01 2.032107e+01
2.043208e+01 2.031816e+01
2.040177e+01 2.030193e+01
2.037560e+01 2.029204e+01
2.034307e+01 2.027443e+01
2.031168e+01 2.023984e+01
2.028603e+01 2.021701e+01
2.025101e+01 2.017895e+01
2.019302e+01 2.012719e+01
2.012694e+01 2.009210e+01
2.171276e+01 2.150909e+01
2.162528e+01 2.138256e+01
2.159453e+01 2.140495e+01
2.002943e+01 2.001763e+01
1.999998e+01 1.999997e+01
1.999994e+01 1.999994e+01
2.165743e+01 2.140874e+01
2.157247e+01 2.139661e+01
2.155217e+01 2.139661e+01
2.153718e+01 2.126786e+01
2.152741e+01 2.126786e+01
2.152112e+01 2.126786e+01
2.151496e+01 2.126786e+01
2.151009e+01 2.126786e+01
2.150571e+01 2.126786e+01
2.150267e+01 2.126786e+01
2.149988e+01 2.126786e+01
2.149675e+01 2.126786e+01
2.149443e+01 2.126786e+01
2.149248e+01 2.126786e+01
2.148943e+01 2.126786e+01
2.148735e+01 2.126786e+01
2.148548e+01 2.126786e+01
2.148312e+01 2.126786e+01
2.148156e+01 2.126786e+01
2.148042e+01 2.126786e+01
2.147827e+01 2.126786e+01
2.147678e+01 2.126786e+01
2.147455e+01 2.126786e+01
2.144604e+01 2.126786e+01
2.139927e+01 2.123128e+01
2.136622e+01 2.122444e+01
2.133523e+01 2.115804e+01
2.130667e+01 2.115741e+01
2.127699e+01 2.111968e+01
2.124483e+01 2.110763e+01
2.121338e+01 2.107130e+01
2.118998e+01 2.104363e+01
2.116861e+01 2.102394e+01
2.115216e+01 2.101831e+01
2.113686e+01 2.100748e+01
2.112314e+01 2.100201e+01
2.110877e+01 2.099498e+01
2.109454e+01 2.098103e+01
2.108188e+01 2.095125e+01
2.107022e+01 2.095125e+01
2.105878e+01 2.095125e+01
2.104876e+01 2.094732e+01
2.104041e+01 2.092040e+01
2.103139e+01 2.092040e+01
2.102259e+01 2.090058e+01
2.101387e+01 2.089499e+01
2.100675e+01 2.088771e+01
2.099749e+01 2.087138e+01
2.099086e+01 2.087138e+01
2.098482e+01 2.087138e+01
2.097863e+01 2.087138e+01
2.097083e+01 2.087103e+01
2.096240e+01 2.087103e+01
2.095498e+01 2.084313e+01
2.094583e+01 2.084313e+01
2.094011e+01 2.083969e+01
2.093130e+01 2.083264e+01
2.092308e+01 2.083264e+01
2.091547e+01 2.082952e+01
2.090964e+01 2.081005e+01
2.090328e+01 2.081005e+01
2.089242e+01 2.078342e+01
2.088195e+01 2.075119e+01
2.087033e+01 2.074160e+01
2.085806e+01 2.072613e+01
2.084883e+01 2.071351e+01
2.083754e+01 2.069254e+01
2.082441e+01 2.068279e+01
2.080939e+01 2.066508e+01
2.079405e+01 2.066403e+01
2.077995e+01 2.065022e+01
2.076512e+01 2.062020e+01
2.074896e+01 2.061804e+01
2.073355e+01 2.061535e+01
2.071782e+01 2.058357e+01
2.070327e+01 2.058193e+01
2.068510e+01 2.056742e+01
2.066799e+01 2.055747e+01
2.064835e+01 2.055023e+01
2.062702e+01 2.053734e+01
2.060627e+01 2.052155e+01
2.058333e+01 2.050767e+01
2.056143e+01 2.048368e+01
2.053824e+01 2.046804e+01
2.051392e+01 2.043298e+01
2.049239e+01 2.041388e+01
2.046660e+01 2.039295e+01
2.043893e+01 2.037330e+01
2.040805e+01 2.033097e+01
2.037759e+01 2.031625e+01
2.034343e+01 2.028195e+01
2.030703e+01 2.027229e+01
2.027180e+01 2.023958e+01
2.021964e+01 2.019172e+01
2.015299e+01 2.014022e+01
2.171523e+01 2.154217e+01
2.161814e+01 2.131819e+01
2.160025e+01 2.142961e+01
2.002739e+01 2.001642e+01
1.999993e+01 1.999992e+01
1.999991e+01 1.999991e+01
2.162250e+01 2.139642e+01
2.156726e+01 2.139642e+01
2.154831e+01 2.138528e+01
2.153694e+01 2.138528e+01
2.152695e+01 2.138528e+01
2.151925e+01 2.137089e+01
2.151362e+01 2.137089e+01
2.150799e+01 2.137089e+01
2.150331e+01 2.137089e+01
2.149937e+01 2.137089e+01
2.149702e+01 2.137087e+01
2.149363e+01 2.137087e+01
2.148861e+01 2.137087e+01
2.144630e+01 2.128360e+01
2.141365e+01 2.123484e+01
2.138527e+01 2.120013e+01
2.135583e+01 2.115063e+01
2.132782e+01 2.113986e+01
2.130510e+01 2.113986e+01
2.128358e+01 2.111970e+01
2.125141e+01 2.099933e+01
2.122550e+01 2.096673e+01
2.120261e+01 2.092719e+01
2.118174e+01 2.092719e+01
2.116493e+01 2.092719e+01
2.115042e+01 2.092719e+01
2.113629e+01 2.091980e+01
2.112309e+01 2.091980e+01
2.111060e+01 2.089710e+01
2.109980e+01 2.089710e+01
2.108793e+01 2.089710e+01
2.107832e+01 2.089710e+01
2.106824e+01 2.085958e+01
2.106027e+01 2.085958e+01
2.104995e+01 2.085958e+01
2.104176e+01 2.085018e+01
2.103360e+01 2.085018e+01
2.102734e+01 2.085018e+01
2.101934e+01 2.085018e+01
2.101169e+01 2.085018e+01
2.100500e+01 2.085018e+01
2.099802e+01 2.085018e+01
2.099181e+01 2.085018e+01
2.098482e+01 2.085018e+01
2.097774e+01 2.082894e+01
2.097072e+01 2.081524e+01
2.096335e+01 2.081524e+01
2.095780e+01 2.081524e+01
2.095017e+01 2.081524e+01
2.094236e+01 2.081514e+01
2.093551e+01 2.077998e+01
2.092905e+01 2.077995e+01
2.092303e+01 2.076353e+01
2.091773e+01 2.076353e+01
2.090962e+01 2.076353e+01
2.090360e+01 2.076353e+01
2.089426e+01 2.074495e+01
2.088505e+01 2.074495e+01
2.087578e+01 2.074495e+01
2.086725e+01 2.074348e+01
2.085905e+01 2.073509e+01
2.085020e+01 2.072515e+01
2.084264e+01 2.068554e+01
2.083744e+01 2.068554e+01
2.082680e+01 2.067758e+01
2.081517e+01 2.067758e+01
2.080884e+01 2.067758e+01
2.079611e+01 2.067407e+01
2.078156e+01 2.064702e+01
2.076841e+01 2.063688e+01
2.075522e+01 2.062431e+01
2.074359e+01 2.062431e+01
2.072934e+01 2.061682e+01
2.071604e+01 2.059572e+01
2.069678e+01 2.057642e+01
2.068107e+01 2.056403e+01
2.066346e+01 2.054996e+01
2.064355e+01 2.052299e+01
2.062604e+01 2.048660e+01
2.060993e+01 2.047833e+01
2.059056e+01 2.047096e+01
2.057212e+01 2.046782e+01
2.055196e+01 2.045128e+01
2.052744e+01 2.042819e+01
2.050034e+01 2.042438e+01
2.047589e+01 2.038897e+01
2.044894e+01 2.037622e+01
2.042204e+01 2.035454e+01
2.039541e+01 2.032527e+01
2.036492e+01 2.026085e+01
2.033266e+01 2.021888e+01
2.029511e+01 2.016813e+01
2.025452e+01 2.015131e+01
2.020193e+01 2.011991e+01
2.012404e+01 2.010483e+01
2.172008e+01 2.154051e+01
2.160426e+01 2.136331e+01
2.157419e+01 2.141637e+01
2.002187e+01 2.001363e+01
1.999997e+01 1.999996e+01
1.999994e+01 1.999994e+01
2.162807e+01 2.137341e+01
2.156412e+01 2.137341e+01
2.154546e+01 2.137341e+01
2.153455e+01 2.137341e+01
2.152479e+01 2.137341e+01
2.151843e+01 2.137341e+01
2.151468e+01 2.137341e+01
2.151017e+01 2.137341e+01
2.150645e+01 2.137341e+01
2.150290e+01 2.135465e+01
2.149936e+01 2.135465e+01
2.149650e+01 2.135465e+01
2.149364e+01 2.135465e+01
2.147167e+01 2.133287e+01
2.143937e+01 2.129741e+01
2.140014e+01 2.122919e+01
2.137065e+01 2.121678e+01
2.133815e+01 2.120205e+01
2.130662e+01 2.113167e+01
2.127785e+01 2.107462e+01
2.124804e+01 2.100916e+01
2.122301e+01 2.099230e+01
2.120130e+01 2.098866e+01
2.118259e+01 2.098866e+01
2.116542e+01 2.095132e+01
2.115105e+01 2.093472e+01
2.113748e+01 2.092069e+01
2.112454e+01 2.090822e+01
2.111236e+01 2.087914e+01
2.110068e+01 2.087914e+01
2.109024e+01 2.086602e+01
2.108048e+01 2.086602e+01
2.107097e+01 2.086602e+01
2.106159e+01 2.084078e+01
2.105338e+01 2.081419e+01
2.104492e+01 2.081419e+01
2.103653e+01 2.081419e+01
2.102912e+01 2.081419e+01
2.102123e+01 2.081419e+01
2.101288e+01 2.078373e+01
2.100561e+01 2.078373e+01
2.099854e+01 2.078373e+01
2.099252e+01 2.078373e+01
2.098485e+01 2.078373e+01
2.097911e+01 2.078373e+01
2.097310e+01 2.078373e+01
2.096628e+01 2.078373e+01
2.096043e+01 2.078041e+01
2.095346e+01 2.075329e+01
2.094551e+01 2.075329e+01
2.093810e+01 2.075329e+01
2.093042e+01 2.072579e+01
2.092269e+01 2.072579e+01
2.091867e+01 2.072579e+01
2.091202e+01 2.068159e+01
2.090518e+01 2.068159e+01
2.089572e+01 2.068159e+01
2.088897e+01 2.067648e+01
2.087716e+01 2.064182e+01
2.086711e+01 2.064032e+01
2.085556e+01 2.060099e+01
2.084900e+01 2.060099e+01
2.083992e+01 2.060099e+01
2.082894e+01 2.060099e+01
2.081667e+01 2.059414e+01
2.080601e+01 2.059414e+01
2.079246e+01 2.059414e+01
2.078148e+01 2.058753e+01
2.076872e+01 2.058160e+01
2.075517e+01 2.054231e+01
2.074255e+01 2.054231e+01
2.073229e+01 2.054231e+01
2.071734e+01 2.051112e+01
2.070265e+01 2.050574e+01
2.068696e+01 2.050574e+01
2.067058e+01 2.050433e+01
2.065448e+01 2.050211e+01
2.064006e+01 2.050211e+01
2.062400e+01 2.050091e+01
2.060096e+01 2.050091e+01
2.058223e+01 2.047335e+01
2.056142e+01 2.046223e+01
2.054089e+01 2.043933e+01
2.051841e+01 2.040991e+01
2.049509e+01 2.040427e+01
2.047009e+01 2.038623e+01
2.044445e+01 2.037055e+01
2.041966e+01 2.035827e+01
2.039260e+01 2.031967e+01
2.036224e+01 2.031309e+01
2.032656e+01 2.027243e+01
2.028797e+01 2.022155e+01
2.025839e+01 2.020918e+01
2.020192e+01 2.014891e+01
2.014397e+01 2.010733e+01
2.171313e+01 2.137496e+01
2.158266e+01 2.138297e+01
2.155337e+01 2.134780e+01
2.001385e+01 2.000930e+01
2.000000e+01 2.000000e+01
1.999999e+01 1.999999e+01
2.161125e+01 2.141641e+01
2.156498e+01 2.138773e+01
2.154955e+01 2.138773e+01
2.153737e+01 2.138200e+01
2.152838e+01 2.138200e+01
2.152213e+01 2.138200e+01
2.151627e+01 2.137155e+01
2.151205e+01 2.137155e+01
2.150828e+01 2.137155e+01
2.150490e+01 2.137155e+01
2.150123e+01 2.137155e+01
2.149782e+01 2.137155e+01
2.149501e+01 2.137155e+01
2.149132e+01 2.137155e+01
2.144248e+01 2.124697e+01
2.139492e+01 2.122674e+01
2.135524e+01 2.116419e+01
2.132571e+01 2.113781e+01
2.129616e+01 2.110325e+01
2.126042e+01 2.109326e+01
2.123206e+01 2.104631e+01
2.120975e+01 2.104631e+01
2.119157e+01 2.103641e+01
2.117321e+01 2.099674e+01
2.115633e+01 2.099674e+01
2.114225e+01 2.097689e+01
2.112852e+01 2.096040e+01
2.111455e+01 2.096040e+01
2.110308e+01 2.096040e+01
2.109185e+01 2.095237e+01
2.108166e+01 2.093081e+01
2.107076e+01 2.093081e+01
2.106231e+01 2.092544e+01
2.105270e+01 2.092250e+01
2.104341e+01 2.090961e+01
2.103575e+01 2.090961e+01
2.102790e+01 2.088721e+01
2.102084e+01 2.088721e+01
2.101382e+01 2.086625e+01
2.100698e+01 2.086219e+01
2.099928e+01 2.086219e+01
2.099271e+01 2.086219e+01
2.098655e+01 2.086219e+01
2.097895e+01 2.085659e+01
2.097243e+01 2.085303e+01
2.096629e+01 2.084540e+01
2.096038e+01 2.082849e+01
2.095353e+01 2.080513e+01
2.094796e+01 2.080513e+01
2.094080e+01 2.079930e+01
2.093332e+01 2.078389e+01
2.092637e+01 2.078389e+01
2.091866e+01 2.078389e+01
2.091078e+01 2.078028e+01
2.090497e+01 2.077548e+01
2.089887e+01 2.077548e+01
2.089277e+01 2.076899e+01
2.088156e+01 2.076899e+01
2.087257e+01 2.073797e+01
2.086389e+01 2.073797e+01
2.085384e+01 2.072705e+01
2.084532e+01 2.072705e+01
2.083630e+01 2.072252e+01
2.082700e+01 2.072103e+01
2.081654e+01 2.072078e+01
2.080373e+01 2.071296e+01
2.079240e+01 2.069291e+01
2.077996e+01 2.067250e+01
2.076640e+01 2.066211e+01
2.075278e+01 2.066211e+01
2.074199e+01 2.065890e+01
2.072693e+01 2.063209e+01
2.071191e+01 2.060652e+01
2.069635e+01 2.058970e+01
2.068013e+01 2.055806e+01
2.066641e+01 2.055605e+01
2.064960e+01 2.055389e+01
2.063175e+01 2.055094e+01
2.061579e+01 2.052015e+01
2.059723e+01 2.047865e+01
2.057743e+01 2.047865e+01
2.055747e+01 2.045742e+01
2.053896e+01 2.045659e+01
2.051622e+01 2.043885e+01
2.049337e+01 2.042520e+01
2.046795e+01 2.040005e+01
2.044700e+01 2.037413e+01
2.042332e+01 2.034963e+01
2.039206e+01 2.032794e+01
2.036132e+01 2.028458e+01
2.033265e+01 2.026304e+01
2.029674e+01 2.023576e+01
2.026171e+01 2.020311e+01
2.019590e+01 2.016533e+01
2.013339e+01 2.012172e+01
2.170796e+01 2.153359e+01
2.165317e+01 2.148044e+01
2.162516e+01 2.143795e+01
2.003382e+01 2.002213e+01
1.999999e+01 1.999998e+01
1.999996e+01 1.999996e+01
2.162235e+01 2.146791e+01
2.156510e+01 2.139878e+01
2.154753e+01 2.139878e+01
2.153739e+01 2.139878e+01
2.152878e+01 2.139878e+01
2.152327e+01 2.138237e+01
2.151748e+01 2.138237e+01
2.151281e+01 2.138237e+01
2.150850e+01 2.138237e+01
2.150463e+01 2.138237e+01
2.150214e+01 2.138237e+01
2.149848e+01 2.138237e+01
2.149475e+01 2.138237e+01
2.149205e+01 2.138237e+01
2.149025e+01 2.138237e+01
2.148803e+01 2.138237e+01
2.148563e+01 2.138237e+01
2.148349e+01 2.138237e+01
2.148182e+01 2.138237e+01
2.147975e+01 2.138237e+01
2.147819e+01 2.138237e+01
2.147660e+01 2.138237e+01
2.147492e+01 2.138237e+01
2.147273e+01 2.138237e+01
2.147152e+01 2.138237e+01
2.147030e+01 2.138237e+01
2.146929e+01 2.138237e+01
2.146792e+01 2.138237e+01
2.146703e+01 2.138237e+01
2.146566e+01 2.138237e+01
2.143126e+01 2.129106e+01
2.138434e+01 2.125983e+01
2.134625e+01 2.116308e+01
2.130945e+01 2.113568e+01
2.126783e+01 2.112022e+01
2.123165e+01 2.110677e+01
2.120332e+01 2.105180e+01
2.117975e+01 2.098379e+01
2.115873e+01 2.097051e+01
2.113852e+01 2.097051e+01
2.112169e+01 2.095949e+01
2.110568e+01 2.095081e+01
2.109157e+01 2.094105e+01
2.107950e+01 2.093790e+01
2.106724e+01 2.093790e+01
2.105593e+01 2.093790e+01
2.104473e+01 2.093281e+01
2.103283e+01 2.091878e+01
2.102303e+01 2.090927e+01
2.101404e+01 2.089080e+01
2.100512e+01 2.089080e+01
2.099529e+01 2.088077e+01
2.098705e+01 2.084867e+01
2.097884e+01 2.084867e+01
2.097060e+01 2.084867e+01
2.096217e+01 2.083723e+01
2.095127e+01 2.083723e+01
2.094168e+01 2.083723e+01
2.093092e+01 2.082544e+01
2.092339e+01 2.082334e+01
2.091645e+01 2.081497e+01
2.090967e+01 2.081251e+01
2.089810e+01 2.079318e+01
2.088564e+01 2.078251e+01
2.087432e+01 2.070446e+01
2.086484e+01 2.070416e+01
2.085430e+01 2.070416e+01
2.083811e+01 2.068516e+01
2.082666e+01 2.068516e+01
2.081541e+01 2.068506e+01
2.080102e+01 2.067022e+01
2.078338e+01 2.065694e+01
2.077165e+01 2.065694e+01
2.075737e+01 2.064262e+01
2.074054e+01 2.058715e+01
2.072199e+01 2.057659e+01
2.070506e+01 2.051894e+01
2.068812e+01 2.050423e+01
2.066940e+01 2.050021e+01
2.064798e+01 2.048220e+01
2.062337e+01 2.048122e+01
2.060245e+01 2.047710e+01
2.057927e+01 2.047211e+01
2.055424e+01 2.046362e+01
2.052701e+01 2.045103e+01
2.049649e+01 2.040646e+01
2.047553e+01 2.037523e+01
2.045000e+01 2.036770e+01
2.041639e+01 2.034332e+01
2.038974e+01 2.031573e+01
2.035784e+01 2.029589e+01
2.032575e+01 2.024866e+01
2.029060e+01 2.021840e+01
2.021938e+01 2.017519e+01
2.014080e+01 2.009089e+01
2.171870e+01 2.150701e+01
2.162296e+01 2.141910e+01
2.158601e+01 2.140277e+01
2.002768e+01 2.002034e+01
2.000001e+01 2.000000e+01
1.999998e+01 1.999998e+01
2.162281e+01 2.142744e+01
2.156742e+01 2.142744e+01
2.154729e+01 2.136794e+01
2.153482e+01 2.136794e+01
2.152614e+01 2.136794e+01
2.151871e+01 2.136794e+01
2.151376e+01 2.136794e+01
2.150840e+01 2.136794e+01
2.150388e+01 2.136794e+01
2.149964e+01 2.136794e+01
2.149628e+01 2.136794e+01
2.149409e+01 2.128167e+01
2.149112e+01 2.128167e+01
2.148833e+01 2.128167e+01
2.148625e+01 2.128167e+01
2.148452e+01 2.128167e+01
2.148244e+01 2.128167e+01
2.148034e+01 2.128167e+01
2.147707e+01 2.128167e+01
2.143522e+01 2.124651e+01
2.139783e+01 2.121266e+01
2.136260e+01 2.120134e+01
2.133413e+01 2.118991e+01
2.130828e+01 2.113281e+01
2.127838e+01 2.107615e+01
2.124555e+01 2.105135e+01
2.121508e+01 2.103935e+01
2.119073e+01 2.102025e+01
2.116997e+01 2.098557e+01
2.115290e+01 2.096204e+01
2.113595e+01 2.096204e+01
2.112400e+01 2.095438e+01
2.110916e+01 2.095438e+01
2.109736e+01 2.095438e+01
2.108520e+01 2.095295e+01
2.107408e+01 2.095295e+01
2.106336e+01 2.093617e+01
2.105367e+01 2.093472e+01
2.104462e+01 2.090360e+01
2.103578e+01 2.090360e+01
2.102523e+01 2.087991e+01
2.101793e+01 2.087991e+01
2.101016e+01 2.084906e+01
2.100199e+01 2.084906e+01
2.099382e+01 2.084906e+01
2.098677e+01 2.083460e+01
2.097789e+01 2.083460e+01
2.097077e+01 2.083460e+01
2.096416e+01 2.083285e+01
2.095642e+01 2.083285e+01
2.094879e+01 2.083285e+01
2.094031e+01 2.082866e+01
2.093345e+01 2.082866e+01
2.092747e+01 2.082451e+01
2.092085e+01 2.082080e+01
2.091245e+01 2.079112e+01
2.090345e+01 2.079112e+01
2.089642e+01 2.078793e+01
2.088927e+01 2.077984e+01
2.088081e+01 2.077174e+01
2.086971e+01 2.075976e+01
2.086108e+01 2.074402e+01
2.085273e+01 2.073584e+01
2.084194e+01 2.069904e+01
2.083057e+01 2.067278e+01
2.082098e+01 2.061444e+01
2.081138e+01 2.059660e+01
2.079739e+01 2.059610e+01
2.078393e+01 2.059388e+01
2.076922e+01 2.058732e+01
2.075393e+01 2.058534e+01
2.073869e+01 2.058524e+01
2.072407e+01 2.057891e+01
2.071006e+01 2.057596e+01
2.069316e+01 2.057312e+01
2.067956e+01 2.055990e+01
2.066336e+01 2.054876e+01
2.064605e+01 2.054171e+01
2.062618e+01 2.052791e+01
2.060835e+01 2.050693e+01
2.058786e+01 2.050267e+01
2.056728e+01 2.047970e+01
2.054701e+01 2.043137e+01
2.052488e+01 2.041157e+01
2.050426e+01 2.040416e+01
2.047864e+01 2.039449e+01
2.045393e+01 2.037679e+01
2.042124e+01 2.034003e+01
2.039512e+01 2.032036e+01
2.036109e+01 2.026802e+01
2.032836e+01 2.024955e+01
2.029748e+01 2.021257e+01
2.026477e+01 2.018107e+01
2.021337e+01 2.016460e+01
2.014497e+01 2.012897e+01
