4.010646e+04 3.555966e+04
2.014156e+04 1.984659e+04
1.998775e+04 1.971994e+04
6.790326e+03 6.747658e+03
6.660280e+03 6.660270e+03
6.660235e+03 6.660235e+03
6.660235e+03 6.660235e+03
2.266299e+04 1.208893e+04
2.127038e+04 1.208893e+04
2.053637e+04 1.208893e+04
1.992016e+04 1.208893e+04
1.925311e+04 1.208893e+04
1.847261e+04 1.208893e+04
1.772647e+04 1.208893e+04
1.708822e+04 1.208893e+04
1.644416e+04 1.191189e+04
1.592963e+04 1.191189e+04
1.538501e+04 1.168823e+04
1.489054e+04 1.167914e+04
1.439499e+04 1.106191e+04
1.390106e+04 1.092677e+04
1.346309e+04 1.055269e+04
1.304300e+04 1.013186e+04
1.261669e+04 9.740801e+03
1.225651e+04 9.616578e+03
1.189732e+04 9.188570e+03
1.153529e+04 8.919512e+03
1.120539e+04 8.632462e+03
1.090336e+04 8.550561e+03
1.061741e+04 8.300794e+03
1.028500e+04 8.260106e+03
1.000767e+04 8.029323e+03
9.732234e+03 7.793911e+03
9.445888e+03 7.066826e+03
9.190460e+03 7.008803e+03
8.927642e+03 6.819869e+03
8.672158e+03 6.652873e+03
8.429454e+03 6.614312e+03
8.167375e+03 6.298267e+03
7.930488e+03 5.976266e+03
7.682029e+03 5.705286e+03
7.476664e+03 5.705073e+03
7.258087e+03 5.660328e+03
7.039025e+03 5.434693e+03
6.846192e+03 5.251216e+03
6.655949e+03 5.008145e+03
6.449517e+03 4.877369e+03
6.264247e+03 4.389916e+03
6.092597e+03 4.375750e+03
5.917814e+03 4.365788e+03
5.763070e+03 4.353604e+03
5.591506e+03 4.295546e+03
5.434928e+03 4.035620e+03
5.280081e+03 4.035258e+03
5.050425e+03 3.753049e+03
4.813514e+03 3.584720e+03
4.586489e+03 3.401744e+03
4.373206e+03 3.401744e+03
4.145950e+03 3.300978e+03
3.956081e+03 3.120659e+03
3.770194e+03 2.994084e+03
3.605346e+03 2.896502e+03
3.433868e+03 2.763719e+03
3.289424e+03 2.628654e+03
3.157227e+03 2.488115e+03
3.025066e+03 2.482308e+03
2.902626e+03 2.448158e+03
2.796267e+03 2.442485e+03
2.697031e+03 2.375607e+03
2.598622e+03 2.284772e+03
2.502277e+03 2.190880e+03
2.393357e+03 2.131633e+03
2.300597e+03 2.098387e+03
2.230420e+03 2.029143e+03
2.165659e+03 2.023618e+03
2.112157e+03 1.996745e+03
2.068400e+03 1.968267e+03
2.028978e+03 1.960145e+03
1.994003e+03 1.935860e+03
1.967649e+03 1.926198e+03
1.946428e+03 1.915560e+03
1.932261e+03 1.911531e+03
1.920689e+03 1.908601e+03
1.913881e+03 1.905477e+03
1.909522e+03 1.903345e+03
1.906026e+03 1.902312e+03
1.903342e+03 1.900295e+03
1.901305e+03 1.899610e+03
1.899848e+03 1.898240e+03
1.898825e+03 1.897803e+03
1.898140e+03 1.897419e+03
1.897602e+03 1.897213e+03
1.897304e+03 1.897099e+03
1.897123e+03 1.897059e+03
1.897055e+03 1.897038e+03
1.897036e+03 1.897024e+03
1.897029e+03 1.897023e+03
1.897024e+03 1.897023e+03
1.897023e+03 1.897023e+03
1.897023e+03 1.897023e+03
1.897023e+03 1.897023e+03
4.002048e+04 3.449648e+04
2.210798e+04 2.177934e+04
2.194707e+04 2.165822e+04
6.554670e+03 6.335190e+03
5.713766e+03 5.713672e+03
5.713437e+03 5.713437e+03
5.713437e+03 5.713437e+03
2.545943e+04 1.058007e+04
2.316580e+04 1.058007e+04
2.225448e+04 1.058007e+04
2.147405e+04 1.058007e+04
2.066184e+04 1.058007e+04
1.977162e+04 1.058007e+04
1.904816e+04 1.058007e+04
1.838992e+04 1.058007e+04
1.774721e+04 1.037194e+04
1.715238e+04 1.037194e+04
1.656831e+04 1.037194e+04
1.607528e+04 1.037194e+04
1.561243e+04 1.037194e+04
1.517454e+04 1.011705e+04
1.464580e+04 1.001788e+04
1.422520e+04 1.001788e+04
1.382735e+04 9.709004e+03
1.342031e+04 9.709004e+03
1.302921e+04 9.283592e+03
1.267420e+04 8.794362e+03
1.233268e+04 8.658071e+03
1.199578e+04 8.551674e+03
1.166914e+04 8.533572e+03
1.132082e+04 8.452391e+03
1.098438e+04 8.452391e+03
1.068082e+04 7.911579e+03
1.037925e+04 7.374001e+03
1.010379e+04 7.371880e+03
9.822389e+03 7.321312e+03
9.552683e+03 7.289577e+03
9.269570e+03 7.112256e+03
8.998438e+03 6.700862e+03
8.767399e+03 6.682357e+03
8.504113e+03 6.481626e+03
8.261018e+03 6.476260e+03
8.015497e+03 6.131285e+03
7.774181e+03 6.055050e+03
7.561282e+03 5.779744e+03
7.350042e+03 5.454856e+03
7.142554e+03 5.378841e+03
6.934707e+03 5.236151e+03
6.738650e+03 4.938415e+03
6.542605e+03 4.831118e+03
6.327749e+03 4.746822e+03
6.134376e+03 4.746822e+03
5.931286e+03 4.500600e+03
5.762990e+03 4.430327e+03
5.512828e+03 3.835631e+03
5.272424e+03 3.782444e+03
5.044421e+03 3.682800e+03
4.806850e+03 3.665892e+03
4.576257e+03 3.537041e+03
4.367457e+03 3.445239e+03
4.140501e+03 3.304100e+03
3.967115e+03 3.219323e+03
3.802801e+03 3.060051e+03
3.656602e+03 3.018149e+03
3.512516e+03 2.938954e+03
3.389693e+03 2.869879e+03
3.271603e+03 2.809297e+03
3.138916e+03 2.742623e+03
3.045496e+03 2.711452e+03
2.951004e+03 2.654948e+03
2.866568e+03 2.623533e+03
2.789516e+03 2.592548e+03
2.708154e+03 2.494669e+03
2.609668e+03 2.370742e+03
2.511803e+03 2.294317e+03
2.425158e+03 2.258622e+03
2.358377e+03 2.192347e+03
2.297408e+03 2.166941e+03
2.241523e+03 2.153067e+03
2.205399e+03 2.134065e+03
2.173589e+03 2.125797e+03
2.149841e+03 2.115509e+03
2.131305e+03 2.110568e+03
2.119259e+03 2.105394e+03
2.111971e+03 2.102792e+03
2.106483e+03 2.099971e+03
2.102569e+03 2.097739e+03
2.099825e+03 2.096258e+03
2.097970e+03 2.095281e+03
2.096492e+03 2.094925e+03
2.095363e+03 2.094012e+03
2.094412e+03 2.093791e+03
2.093875e+03 2.093602e+03
2.093615e+03 2.093513e+03
2.093495e+03 2.093460e+03
2.093456e+03 2.093437e+03
2.093443e+03 2.093434e+03
2.093436e+03 2.093432e+03
2.093432e+03 2.093432e+03
2.093432e+03 2.093432e+03
2.093432e+03 2.093432e+03
3.991046e+04 3.519501e+04
1.923218e+04 1.896991e+04
1.908061e+04 1.885636e+04
4.748651e+03 4.654700e+03
4.508648e+03 4.508629e+03
4.508578e+03 4.508578e+03
4.508578e+03 4.508578e+03
2.258931e+04 8.556642e+03
2.051617e+04 8.556642e+03
1.973558e+04 8.556642e+03
1.907859e+04 8.556642e+03
1.832102e+04 8.556642e+03
1.757001e+04 8.556642e+03
1.676568e+04 8.502191e+03
1.609620e+04 8.502191e+03
1.550587e+04 8.502191e+03
1.493418e+04 8.201079e+03
1.437985e+04 8.201079e+03
1.384586e+04 8.201079e+03
1.333253e+04 8.066079e+03
1.286749e+04 7.892620e+03
1.249663e+04 7.734328e+03
1.208371e+04 7.734328e+03
1.171615e+04 7.734328e+03
1.131351e+04 7.578165e+03
1.092580e+04 7.555553e+03
1.056590e+04 7.555553e+03
1.024581e+04 7.555553e+03
9.941942e+03 7.551465e+03
9.605338e+03 7.304969e+03
9.287285e+03 7.190309e+03
8.984636e+03 7.190309e+03
8.682196e+03 6.813771e+03
8.410685e+03 6.426836e+03
8.127644e+03 6.242650e+03
7.866563e+03 6.130939e+03
7.617443e+03 5.475199e+03
7.363173e+03 5.414637e+03
7.120018e+03 5.414597e+03
6.900089e+03 5.397668e+03
6.654027e+03 5.115643e+03
6.416764e+03 4.751595e+03
6.222996e+03 4.598370e+03
6.009357e+03 4.471668e+03
5.805063e+03 4.322332e+03
5.588771e+03 3.767664e+03
5.410273e+03 3.706740e+03
5.227495e+03 3.556932e+03
5.057366e+03 3.303991e+03
4.890173e+03 3.271037e+03
4.731858e+03 3.254924e+03
4.580063e+03 3.117159e+03
4.404021e+03 3.113519e+03
4.239075e+03 3.031662e+03
4.039720e+03 2.737708e+03
3.806826e+03 2.374905e+03
3.563481e+03 2.350743e+03
3.377659e+03 2.282046e+03
3.198525e+03 2.101044e+03
3.015902e+03 1.982607e+03
2.818902e+03 1.854547e+03
2.649073e+03 1.854547e+03
2.510763e+03 1.854518e+03
2.369649e+03 1.774519e+03
2.237330e+03 1.426746e+03
2.117149e+03 1.397350e+03
2.009873e+03 1.388777e+03
1.920773e+03 1.332734e+03
1.834639e+03 1.332320e+03
1.732900e+03 1.321487e+03
1.632215e+03 1.182019e+03
1.533807e+03 1.165740e+03
1.449486e+03 1.129552e+03
1.349135e+03 1.079284e+03
1.262597e+03 1.028660e+03
1.191441e+03 9.821760e+02
1.129069e+03 9.642000e+02
1.080326e+03 9.311467e+02
1.031581e+03 9.145784e+02
9.870293e+02 9.050915e+02
9.543985e+02 9.002819e+02
9.299298e+02 8.909340e+02
9.101770e+02 8.840761e+02
8.984353e+02 8.799209e+02
8.898240e+02 8.791690e+02
8.838910e+02 8.759153e+02
8.799145e+02 8.749486e+02
8.773266e+02 8.740190e+02
8.753783e+02 8.729731e+02
8.740742e+02 8.723066e+02
8.732164e+02 8.722154e+02
8.725525e+02 8.720789e+02
8.721645e+02 8.719019e+02
8.719534e+02 8.718379e+02
8.718224e+02 8.717872e+02
8.717897e+02 8.717695e+02
8.717749e+02 8.717658e+02
8.717686e+02 8.717657e+02
8.717657e+02 8.717657e+02
8.717657e+02 8.717657e+02
8.717657e+02 8.717657e+02
4.013881e+04 3.467555e+04
1.911988e+04 1.884985e+04
1.893785e+04 1.868640e+04
4.720162e+03 4.629069e+03
4.410233e+03 4.410191e+03
4.410055e+03 4.410055e+03
4.410055e+03 4.410055e+03
2.323329e+04 8.900793e+03
2.097229e+04 8.900793e+03
2.015712e+04 8.900793e+03
1.933838e+04 8.900793e+03
1.848043e+04 8.900793e+03
1.769305e+04 8.900793e+03
1.690754e+04 8.900793e+03
1.615215e+04 8.900793e+03
1.560678e+04 8.776635e+03
1.501039e+04 8.715240e+03
1.447487e+04 8.531102e+03
1.401233e+04 8.522390e+03
1.354762e+04 8.522390e+03
1.311176e+04 8.522390e+03
1.268994e+04 8.299935e+03
1.226905e+04 8.295552e+03
1.189120e+04 8.231935e+03
1.148042e+04 8.100957e+03
1.111770e+04 7.943381e+03
1.079445e+04 7.763961e+03
1.048224e+04 7.763925e+03
1.018450e+04 7.386022e+03
9.884340e+03 7.088075e+03
9.596120e+03 6.607268e+03
9.293877e+03 6.605940e+03
9.017103e+03 6.595482e+03
8.739947e+03 6.595395e+03
8.480029e+03 6.397442e+03
8.248090e+03 6.001304e+03
8.020157e+03 5.587184e+03
7.822214e+03 5.433114e+03
7.568904e+03 5.391295e+03
7.342501e+03 5.391295e+03
7.121600e+03 5.255340e+03
6.908487e+03 4.921916e+03
6.699195e+03 4.753659e+03
6.480770e+03 4.347414e+03
6.277745e+03 4.344638e+03
6.076446e+03 4.234196e+03
5.880736e+03 4.143906e+03
5.697167e+03 4.000103e+03
5.503081e+03 3.969632e+03
5.315997e+03 3.928061e+03
5.133448e+03 3.780376e+03
4.971888e+03 3.640061e+03
4.811461e+03 3.627007e+03
4.666778e+03 3.411975e+03
4.496207e+03 3.324232e+03
4.268092e+03 3.098140e+03
4.050804e+03 3.022549e+03
3.844257e+03 2.870898e+03
3.627850e+03 2.804917e+03
3.433325e+03 2.590892e+03
3.265253e+03 2.450001e+03
3.114988e+03 2.338122e+03
2.968573e+03 2.306025e+03
2.842240e+03 2.248261e+03
2.727435e+03 2.194230e+03
2.615243e+03 2.166725e+03
2.503231e+03 2.119892e+03
2.426116e+03 2.088287e+03
2.343077e+03 2.052737e+03
2.272102e+03 2.033115e+03
2.201293e+03 2.002432e+03
2.135869e+03 1.911106e+03
2.068777e+03 1.904146e+03
2.005990e+03 1.866324e+03
1.953415e+03 1.839421e+03
1.899933e+03 1.809681e+03
1.853098e+03 1.766079e+03
1.809608e+03 1.734446e+03
1.779917e+03 1.726024e+03
1.753146e+03 1.713962e+03
1.733749e+03 1.706910e+03
1.720112e+03 1.697039e+03
1.708904e+03 1.691417e+03
1.701045e+03 1.688722e+03
1.695235e+03 1.686812e+03
1.690823e+03 1.685012e+03
1.687583e+03 1.683599e+03
1.684845e+03 1.682052e+03
1.683092e+03 1.681425e+03
1.681683e+03 1.680177e+03
1.680818e+03 1.679887e+03
1.680057e+03 1.679401e+03
1.679586e+03 1.679253e+03
1.679287e+03 1.679149e+03
1.679140e+03 1.679087e+03
1.679086e+03 1.679067e+03
1.679065e+03 1.679057e+03
1.679058e+03 1.679057e+03
1.679057e+03 1.679057e+03
1.679057e+03 1.679057e+03
1.679057e+03 1.679057e+03
3.997246e+04 3.436604e+04
2.066673e+04 2.044631e+04
2.053445e+04 2.020107e+04
7.344664e+03 7.229666e+03
6.954302e+03 6.954256e+03
6.954164e+03 6.954164e+03
6.954164e+03 6.954164e+03
2.319412e+04 1.315908e+04
2.151986e+04 1.315908e+04
2.070288e+04 1.315908e+04
1.994913e+04 1.315908e+04
1.929348e+04 1.315908e+04
1.860421e+04 1.315908e+04
1.787284e+04 1.315908e+04
1.722886e+04 1.315908e+04
1.665797e+04 1.255457e+04
1.610856e+04 1.255457e+04
1.560055e+04 1.255457e+04
1.511120e+04 1.191683e+04
1.463064e+04 1.191683e+04
1.413846e+04 1.079927e+04
1.367903e+04 1.079926e+04
1.326620e+04 1.048746e+04
1.286407e+04 1.026430e+04
1.249880e+04 9.851141e+03
1.208826e+04 9.462324e+03
1.173039e+04 9.214220e+03
1.140009e+04 8.734883e+03
1.106669e+04 8.734883e+03
1.072342e+04 8.322919e+03
1.039219e+04 8.070844e+03
1.005880e+04 7.520031e+03
9.759926e+03 7.338975e+03
9.520917e+03 7.160285e+03
9.196696e+03 6.926060e+03
8.912060e+03 6.926060e+03
8.651050e+03 6.384507e+03
8.359743e+03 6.194643e+03
8.109036e+03 6.050522e+03
7.847654e+03 5.777123e+03
7.625221e+03 5.645959e+03
7.389208e+03 5.487342e+03
7.159832e+03 5.393563e+03
6.928253e+03 5.200833e+03
6.701690e+03 5.149296e+03
6.458112e+03 4.673243e+03
6.247440e+03 4.619816e+03
6.054955e+03 4.499880e+03
5.846649e+03 4.246934e+03
5.667732e+03 4.211537e+03
5.484419e+03 4.089688e+03
5.306572e+03 3.803504e+03
5.143909e+03 3.765670e+03
4.976595e+03 3.527395e+03
4.758519e+03 3.168724e+03
4.519104e+03 3.157010e+03
4.276952e+03 3.061630e+03
4.045443e+03 2.920861e+03
3.838232e+03 2.769595e+03
3.629421e+03 2.587200e+03
3.418718e+03 2.330386e+03
3.213483e+03 2.329527e+03
3.006786e+03 2.188050e+03
2.793056e+03 2.015335e+03
2.575296e+03 1.870675e+03
2.347424e+03 1.692080e+03
2.149147e+03 1.559490e+03
1.983789e+03 1.461922e+03
1.828492e+03 1.343430e+03
1.706759e+03 1.300927e+03
1.585197e+03 1.256519e+03
1.494095e+03 1.209267e+03
1.401851e+03 1.176577e+03
1.320897e+03 1.155115e+03
1.263789e+03 1.112095e+03
1.215441e+03 1.108386e+03
1.172977e+03 1.097786e+03
1.136369e+03 1.083707e+03
1.109583e+03 1.076567e+03
1.094708e+03 1.067090e+03
1.080629e+03 1.062042e+03
1.071697e+03 1.059080e+03
1.065282e+03 1.054792e+03
1.060096e+03 1.053635e+03
1.056825e+03 1.051106e+03
1.054144e+03 1.050777e+03
1.052136e+03 1.049118e+03
1.050702e+03 1.048923e+03
1.049707e+03 1.048331e+03
1.049042e+03 1.048078e+03
1.048559e+03 1.048013e+03
1.048164e+03 1.047893e+03
1.047946e+03 1.047842e+03
1.047838e+03 1.047799e+03
1.047801e+03 1.047786e+03
1.047784e+03 1.047776e+03
1.047777e+03 1.047776e+03
1.047776e+03 1.047776e+03
1.047776e+03 1.047776e+03
1.047776e+03 1.047776e+03
1.047776e+03 1.047776e+03
3.990483e+04 3.461920e+04
2.069211e+04 2.044355e+04
2.053436e+04 2.026499e+04
6.290385e+03 6.239709e+03
6.089415e+03 6.089392e+03
6.089350e+03 6.089350e+03
6.089350e+03 6.089350e+03
2.282999e+04 1.107079e+04
2.136134e+04 1.107079e+04
2.060806e+04 1.107079e+04
1.994815e+04 1.107079e+04
1.915843e+04 1.107079e+04
1.836957e+04 1.107079e+04
1.761366e+04 1.107079e+04
1.700199e+04 1.107079e+04
1.636450e+04 1.080233e+04
1.578867e+04 1.078065e+04
1.525102e+04 1.073080e+04
1.476900e+04 1.042361e+04
1.430768e+04 1.024742e+04
1.386113e+04 1.024742e+04
1.340806e+04 1.024742e+04
1.301499e+04 1.023096e+04
1.260448e+04 9.667750e+03
1.226975e+04 9.364288e+03
1.192398e+04 9.182568e+03
1.160943e+04 8.986118e+03
1.124480e+04 8.494830e+03
1.090997e+04 8.479704e+03
1.060596e+04 8.358436e+03
1.029436e+04 8.247662e+03
9.995438e+03 8.004465e+03
9.688377e+03 7.786882e+03
9.391274e+03 7.515404e+03
9.132005e+03 7.154064e+03
8.863096e+03 6.886173e+03
8.622153e+03 6.651221e+03
8.395179e+03 6.650883e+03
8.170601e+03 6.223855e+03
7.953340e+03 6.150074e+03
7.709533e+03 5.597581e+03
7.461332e+03 5.597438e+03
7.225191e+03 5.385664e+03
7.008114e+03 5.193805e+03
6.783075e+03 5.059414e+03
6.577900e+03 4.955336e+03
6.382652e+03 4.685351e+03
6.196394e+03 4.612931e+03
6.001581e+03 4.440899e+03
5.812213e+03 4.415919e+03
5.626320e+03 4.086483e+03
5.452889e+03 3.848301e+03
5.285576e+03 3.805285e+03
5.132654e+03 3.657210e+03
4.931702e+03 3.656836e+03
4.706433e+03 3.521262e+03
4.498167e+03 3.397741e+03
4.295324e+03 3.298850e+03
4.085208e+03 3.249050e+03
3.901603e+03 3.018471e+03
3.720786e+03 2.971343e+03
3.566916e+03 2.971015e+03
3.400319e+03 2.762472e+03
3.260665e+03 2.696554e+03
3.129270e+03 2.514233e+03
3.000184e+03 2.353902e+03
2.895597e+03 2.350325e+03
2.809676e+03 2.346428e+03
2.704443e+03 2.311625e+03
2.610808e+03 2.278312e+03
2.527103e+03 2.250964e+03
2.437483e+03 2.204738e+03
2.356957e+03 2.079955e+03
2.265147e+03 2.057006e+03
2.189842e+03 2.009406e+03
2.122096e+03 1.963452e+03
2.060953e+03 1.934868e+03
2.014085e+03 1.922026e+03
1.978064e+03 1.915011e+03
1.948634e+03 1.889151e+03
1.921901e+03 1.886043e+03
1.905382e+03 1.874373e+03
1.892399e+03 1.872823e+03
1.882567e+03 1.869035e+03
1.875496e+03 1.866695e+03
1.869874e+03 1.862454e+03
1.865905e+03 1.861313e+03
1.863456e+03 1.859390e+03
1.861761e+03 1.858547e+03
1.860296e+03 1.857853e+03
1.858865e+03 1.857518e+03
1.858067e+03 1.857319e+03
1.857479e+03 1.857145e+03
1.857216e+03 1.857048e+03
1.857067e+03 1.857007e+03
1.857004e+03 1.856988e+03
1.856989e+03 1.856985e+03
1.856987e+03 1.856985e+03
1.856985e+03 1.856985e+03
1.856985e+03 1.856985e+03
1.856985e+03 1.856985e+03
4.013564e+04 3.541325e+04
1.767801e+04 1.745349e+04
1.754285e+04 1.722947e+04
5.733919e+03 5.660594e+03
5.495521e+03 5.495498e+03
5.495445e+03 5.495445e+03
5.495445e+03 5.495445e+03
2.153831e+04 1.015255e+04
1.974123e+04 1.015255e+04
1.893863e+04 1.015255e+04
1.822373e+04 1.015255e+04
1.746362e+04 1.015255e+04
1.685825e+04 1.015255e+04
1.616378e+04 1.015255e+04
1.544512e+04 9.699728e+03
1.485327e+04 9.699728e+03
1.431297e+04 9.699728e+03
1.377950e+04 9.576937e+03
1.324810e+04 9.576937e+03
1.279697e+04 9.545863e+03
1.234190e+04 9.545863e+03
1.196549e+04 9.545863e+03
1.158776e+04 9.545863e+03
1.123587e+04 9.032780e+03
1.089253e+04 8.754531e+03
1.057295e+04 8.649174e+03
1.025691e+04 8.085382e+03
9.906764e+03 7.868508e+03
9.576312e+03 7.500010e+03
9.270754e+03 7.500010e+03
9.018471e+03 6.931762e+03
8.758143e+03 6.748830e+03
8.501498e+03 6.612636e+03
8.256483e+03 6.449603e+03
8.037327e+03 6.436319e+03
7.814076e+03 6.181253e+03
7.582434e+03 5.878719e+03
7.352284e+03 5.450127e+03
7.131354e+03 5.312279e+03
6.928578e+03 5.144284e+03
6.748861e+03 4.962646e+03
6.560989e+03 4.796333e+03
6.381763e+03 4.609773e+03
6.169927e+03 4.550197e+03
6.002200e+03 4.386661e+03
5.840344e+03 4.376626e+03
5.662088e+03 4.361060e+03
5.506994e+03 4.289596e+03
5.344917e+03 4.153013e+03
5.208087e+03 4.021449e+03
5.048413e+03 3.939744e+03
4.904744e+03 3.855361e+03
4.767058e+03 3.797883e+03
4.644519e+03 3.744984e+03
4.475900e+03 3.547098e+03
4.266357e+03 3.298186e+03
4.078797e+03 3.232062e+03
3.893645e+03 3.062298e+03
3.731497e+03 3.062207e+03
3.584602e+03 3.000267e+03
3.425768e+03 2.656384e+03
3.297114e+03 2.639297e+03
3.174328e+03 2.638866e+03
3.055218e+03 2.617929e+03
2.956258e+03 2.553488e+03
2.863557e+03 2.512551e+03
2.778971e+03 2.479389e+03
2.701404e+03 2.400240e+03
2.634713e+03 2.400240e+03
2.577086e+03 2.361423e+03
2.518751e+03 2.319178e+03
2.469466e+03 2.290892e+03
2.424673e+03 2.271933e+03
2.370756e+03 2.258138e+03
2.319221e+03 2.236325e+03
2.285037e+03 2.214884e+03
2.253713e+03 2.191012e+03
2.226758e+03 2.177735e+03
2.204790e+03 2.167834e+03
2.187149e+03 2.161018e+03
2.173677e+03 2.152276e+03
2.163416e+03 2.148409e+03
2.155284e+03 2.145487e+03
2.150225e+03 2.143139e+03
2.145644e+03 2.139958e+03
2.142695e+03 2.139024e+03
2.139970e+03 2.137491e+03
2.138058e+03 2.135886e+03
2.136521e+03 2.134474e+03
2.135292e+03 2.134142e+03
2.134552e+03 2.133548e+03
2.133909e+03 2.133356e+03
2.133495e+03 2.133256e+03
2.133297e+03 2.133193e+03
2.133203e+03 2.133174e+03
2.133180e+03 2.133167e+03
2.133169e+03 2.133166e+03
2.133167e+03 2.133166e+03
2.133166e+03 2.133166e+03
2.133166e+03 2.133166e+03
2.133166e+03 2.133166e+03
3.991161e+04 3.506857e+04
1.954926e+04 1.925346e+04
1.940773e+04 1.913357e+04
6.762840e+03 6.665398e+03
6.423555e+03 6.423508e+03
6.423418e+03 6.423418e+03
6.423418e+03 6.423418e+03
2.531447e+04 1.186624e+04
2.338802e+04 1.186624e+04
2.240270e+04 1.186624e+04
2.158207e+04 1.186624e+04
2.062951e+04 1.186624e+04
1.989070e+04 1.186624e+04
1.914344e+04 1.186624e+04
1.841005e+04 1.186624e+04
1.774291e+04 1.186624e+04
1.720118e+04 1.168037e+04
1.666867e+04 1.158793e+04
1.617039e+04 1.156316e+04
1.568508e+04 1.105274e+04
1.525947e+04 1.080930e+04
1.478892e+04 1.080079e+04
1.433129e+04 1.017825e+04
1.392807e+04 9.601475e+03
1.350430e+04 9.212103e+03
1.317956e+04 9.003212e+03
1.281471e+04 8.411909e+03
1.245131e+04 8.397734e+03
1.210703e+04 8.239097e+03
1.177089e+04 8.226558e+03
1.145146e+04 8.133826e+03
1.113788e+04 8.120652e+03
1.079892e+04 7.959332e+03
1.049709e+04 7.768742e+03
1.016962e+04 7.222315e+03
9.876677e+03 7.102556e+03
9.607911e+03 6.673292e+03
9.345343e+03 6.499166e+03
9.085444e+03 6.149677e+03
8.808988e+03 5.819336e+03
8.571119e+03 5.768679e+03
8.323360e+03 5.766034e+03
8.067068e+03 5.637196e+03
7.811295e+03 5.398561e+03
7.604815e+03 5.277931e+03
7.367835e+03 5.251816e+03
7.134254e+03 5.250803e+03
6.928629e+03 5.027556e+03
6.709506e+03 5.026965e+03
6.494172e+03 4.757477e+03
6.287802e+03 4.754251e+03
6.100629e+03 4.410291e+03
5.916777e+03 4.268824e+03
5.741821e+03 4.242285e+03
5.510818e+03 4.215081e+03
5.261846e+03 4.011640e+03
5.021558e+03 3.962377e+03
4.811285e+03 3.476877e+03
4.562777e+03 3.115330e+03
4.334840e+03 3.107427e+03
4.123817e+03 3.028182e+03
3.920107e+03 2.976169e+03
3.742091e+03 2.924329e+03
3.564683e+03 2.782413e+03
3.405707e+03 2.607026e+03
3.253301e+03 2.360327e+03
3.107591e+03 2.360274e+03
2.956959e+03 2.334678e+03
2.828408e+03 2.202386e+03
2.667343e+03 2.047010e+03
2.483497e+03 2.034126e+03
2.336041e+03 1.987413e+03
2.209388e+03 1.966030e+03
2.103812e+03 1.902916e+03
2.018286e+03 1.866854e+03
1.942780e+03 1.813090e+03
1.889094e+03 1.791980e+03
1.844785e+03 1.782233e+03
1.812436e+03 1.761300e+03
1.787857e+03 1.753897e+03
1.768041e+03 1.744136e+03
1.754284e+03 1.731059e+03
1.745556e+03 1.728774e+03
1.738958e+03 1.727376e+03
1.733730e+03 1.725076e+03
1.729520e+03 1.723885e+03
1.726489e+03 1.722822e+03
1.724330e+03 1.721921e+03
1.722794e+03 1.720684e+03
1.721721e+03 1.720150e+03
1.720919e+03 1.719850e+03
1.720314e+03 1.719697e+03
1.719853e+03 1.719591e+03
1.719616e+03 1.719530e+03
1.719527e+03 1.719502e+03
1.719501e+03 1.719490e+03
1.719492e+03 1.719489e+03
1.719490e+03 1.719489e+03
1.719489e+03 1.719489e+03
1.719489e+03 1.719489e+03
1.719489e+03 1.719489e+03
4.000823e+04 3.369822e+04
2.050152e+04 2.015361e+04
2.036606e+04 2.012831e+04
7.454487e+03 7.385644e+03
7.176541e+03 7.176515e+03
7.176459e+03 7.176459e+03
7.176459e+03 7.176459e+03
2.470748e+04 1.371645e+04
2.317260e+04 1.371645e+04
2.241107e+04 1.371645e+04
2.180186e+04 1.371645e+04
2.113504e+04 1.371645e+04
2.035513e+04 1.371645e+04
1.960501e+04 1.371645e+04
1.885490e+04 1.371645e+04
1.824813e+04 1.345596e+04
1.768621e+04 1.335374e+04
1.713485e+04 1.335332e+04
1.655384e+04 1.315998e+04
1.606610e+04 1.252346e+04
1.570826e+04 1.218679e+04
1.525832e+04 1.218679e+04
1.485276e+04 1.218679e+04
1.445249e+04 1.204032e+04
1.404839e+04 1.189007e+04
1.364507e+04 1.096924e+04
1.330877e+04 1.095884e+04
1.293413e+04 1.038950e+04
1.257446e+04 1.038795e+04
1.227493e+04 1.018844e+04
1.198178e+04 9.817254e+03
1.169807e+04 9.611797e+03
1.137952e+04 9.086143e+03
1.108216e+04 8.882538e+03
1.080018e+04 8.613886e+03
1.050273e+04 8.512119e+03
1.023966e+04 8.119946e+03
9.961762e+03 8.042037e+03
9.673748e+03 7.785624e+03
9.419112e+03 7.560386e+03
9.192202e+03 7.091195e+03
8.934757e+03 6.930522e+03
8.694601e+03 6.393332e+03
8.444111e+03 6.121768e+03
8.214047e+03 6.067993e+03
7.983035e+03 6.047691e+03
7.748829e+03 6.046720e+03
7.544253e+03 5.795478e+03
7.337144e+03 5.715353e+03
7.127932e+03 5.611202e+03
6.907057e+03 5.479122e+03
6.670105e+03 5.185114e+03
6.473404e+03 5.124816e+03
6.302502e+03 5.013700e+03
6.058358e+03 4.804472e+03
5.821936e+03 4.554881e+03
5.558051e+03 4.481799e+03
5.319167e+03 4.216092e+03
5.083463e+03 3.973600e+03
4.870074e+03 3.818848e+03
4.658360e+03 3.807248e+03
4.440921e+03 3.503599e+03
4.247265e+03 3.390945e+03
4.066964e+03 3.386637e+03
3.908051e+03 3.283033e+03
3.750735e+03 3.242657e+03
3.586636e+03 3.089492e+03
3.435308e+03 3.022014e+03
3.301964e+03 2.919555e+03
3.196121e+03 2.780406e+03
3.085165e+03 2.739837e+03
2.986790e+03 2.651996e+03
2.893366e+03 2.627828e+03
2.805354e+03 2.483876e+03
2.679375e+03 2.422889e+03
2.584977e+03 2.368947e+03
2.503183e+03 2.357438e+03
2.437325e+03 2.313294e+03
2.385969e+03 2.295741e+03
2.345840e+03 2.278877e+03
2.315778e+03 2.265590e+03
2.293061e+03 2.256443e+03
2.275610e+03 2.253523e+03
2.262767e+03 2.250095e+03
2.254071e+03 2.244275e+03
2.248726e+03 2.241317e+03
2.244278e+03 2.238852e+03
2.240735e+03 2.236763e+03
2.238353e+03 2.235823e+03
2.236675e+03 2.234788e+03
2.235419e+03 2.234132e+03
2.234262e+03 2.233522e+03
2.233676e+03 2.233220e+03
2.233262e+03 2.233057e+03
2.233062e+03 2.233021e+03
2.233009e+03 2.232994e+03
2.232994e+03 2.232987e+03
2.232987e+03 2.232983e+03
2.232985e+03 2.232983e+03
2.232983e+03 2.232983e+03
2.232983e+03 2.232983e+03
4.014916e+04 3.358959e+04
2.121801e+04 2.087477e+04
2.105613e+04 2.074291e+04
6.076337e+03 5.964542e+03
5.635422e+03 5.635335e+03
5.635194e+03 5.635194e+03
5.635194e+03 5.635194e+03
2.518920e+04 1.317955e+04
2.246706e+04 1.317955e+04
2.146370e+04 1.317955e+04
2.056345e+04 1.317955e+04
1.971344e+04 1.317955e+04
1.891846e+04 1.317955e+04
1.816965e+04 1.308567e+04
1.744191e+04 1.248786e+04
1.671067e+04 1.207335e+04
1.613120e+04 1.207335e+04
1.556341e+04 1.205049e+04
1.505665e+04 1.205049e+04
1.461977e+04 1.145466e+04
1.419066e+04 1.117456e+04
1.375228e+04 1.113423e+04
1.330022e+04 1.029647e+04
1.292450e+04 1.003054e+04
1.254131e+04 9.812610e+03
1.216212e+04 9.650050e+03
1.183417e+04 9.309791e+03
1.148839e+04 9.144844e+03
1.116476e+04 8.886081e+03
1.083727e+04 8.569519e+03
1.053196e+04 8.079312e+03
1.018779e+04 8.048405e+03
9.890264e+03 7.795863e+03
9.577246e+03 7.517960e+03
9.304407e+03 7.428248e+03
9.045918e+03 7.362804e+03
8.784399e+03 7.204109e+03
8.517667e+03 6.787103e+03
8.292552e+03 6.597890e+03
8.058879e+03 6.287844e+03
7.806636e+03 6.089671e+03
7.568469e+03 6.012984e+03
7.361457e+03 5.876795e+03
7.123054e+03 5.682995e+03
6.917411e+03 5.549852e+03
6.721636e+03 5.310163e+03
6.520207e+03 5.168184e+03
6.327188e+03 5.084610e+03
6.126281e+03 4.951645e+03
5.927842e+03 4.712325e+03
5.739515e+03 4.382673e+03
5.554165e+03 4.163114e+03
5.380223e+03 4.158316e+03
5.193499e+03 3.988132e+03
4.997348e+03 3.729737e+03
4.767873e+03 3.603998e+03
4.523774e+03 3.449748e+03
4.301258e+03 3.231270e+03
4.078783e+03 3.227889e+03
3.897957e+03 3.001620e+03
3.670643e+03 2.872175e+03
3.512779e+03 2.740347e+03
3.319148e+03 2.622787e+03
3.153717e+03 2.514879e+03
2.997549e+03 2.458962e+03
2.846286e+03 2.416037e+03
2.709491e+03 2.344614e+03
2.579192e+03 2.201281e+03
2.426110e+03 2.036109e+03
2.283850e+03 1.883569e+03
2.159353e+03 1.791882e+03
2.036344e+03 1.754088e+03
1.938958e+03 1.671794e+03
1.856963e+03 1.627957e+03
1.788061e+03 1.622147e+03
1.719404e+03 1.583609e+03
1.664465e+03 1.567077e+03
1.622808e+03 1.547051e+03
1.590582e+03 1.532608e+03
1.567242e+03 1.529542e+03
1.549846e+03 1.524846e+03
1.536481e+03 1.513638e+03
1.525074e+03 1.513051e+03
1.519690e+03 1.510571e+03
1.515095e+03 1.509600e+03
1.511655e+03 1.507745e+03
1.509137e+03 1.506058e+03
1.507330e+03 1.505439e+03
1.506199e+03 1.504748e+03
1.505254e+03 1.504232e+03
1.504611e+03 1.503951e+03
1.504109e+03 1.503777e+03
1.503837e+03 1.503683e+03
1.503712e+03 1.503653e+03
1.503643e+03 1.503621e+03
1.503619e+03 1.503602e+03
1.503608e+03 1.503600e+03
1.503602e+03 1.503599e+03
1.503600e+03 1.503599e+03
1.503599e+03 1.503599e+03
1.503599e+03 1.503599e+03
3.983855e+04 3.475653e+04
2.021146e+04 1.986897e+04
2.007643e+04 1.977197e+04
5.247300e+03 5.093311e+03
4.647239e+03 4.647181e+03
4.647063e+03 4.647063e+03
4.647063e+03 4.647063e+03
2.564435e+04 1.061345e+04
2.199582e+04 1.061345e+04
2.096248e+04 1.061345e+04
2.021111e+04 1.061345e+04
1.951609e+04 1.061345e+04
1.871524e+04 1.061345e+04
1.797893e+04 1.061345e+04
1.729645e+04 1.061345e+04
1.666266e+04 1.020750e+04
1.609782e+04 1.020750e+04
1.555871e+04 1.020750e+04
1.504383e+04 1.010787e+04
1.458475e+04 1.010787e+04
1.417280e+04 9.599449e+03
1.371873e+04 9.035842e+03
1.337924e+04 8.704497e+03
1.299597e+04 8.648479e+03
1.263525e+04 8.624741e+03
1.226492e+04 8.409267e+03
1.189758e+04 8.256449e+03
1.156520e+04 8.123435e+03
1.128421e+04 8.090082e+03
1.094692e+04 7.425509e+03
1.065312e+04 7.237207e+03
1.037989e+04 7.180889e+03
1.007997e+04 7.180889e+03
9.799566e+03 7.180889e+03
9.494347e+03 7.112030e+03
9.240284e+03 6.965138e+03
8.981013e+03 6.927916e+03
8.732060e+03 6.335648e+03
8.456319e+03 6.330133e+03
8.210625e+03 6.277796e+03
7.964147e+03 6.027315e+03
7.697919e+03 5.842990e+03
7.482756e+03 5.753400e+03
7.237845e+03 5.734829e+03
7.001375e+03 5.449174e+03
6.792295e+03 5.137686e+03
6.601357e+03 5.120629e+03
6.390825e+03 4.871288e+03
6.175175e+03 4.638639e+03
5.998876e+03 4.416908e+03
5.839209e+03 4.350377e+03
5.679175e+03 4.221050e+03
5.513178e+03 4.220010e+03
5.346655e+03 3.953888e+03
5.158151e+03 3.857053e+03
4.903219e+03 3.759730e+03
4.662503e+03 3.500642e+03
4.438141e+03 3.276036e+03
4.211723e+03 3.243683e+03
3.996392e+03 3.101924e+03
3.801721e+03 2.997407e+03
3.613244e+03 2.840706e+03
3.454816e+03 2.773882e+03
3.274125e+03 2.586890e+03
3.124772e+03 2.529833e+03
2.978455e+03 2.375379e+03
2.867808e+03 2.323177e+03
2.750562e+03 2.255402e+03
2.630101e+03 2.245960e+03
2.526181e+03 2.204871e+03
2.427026e+03 2.112761e+03
2.335934e+03 2.068093e+03
2.221234e+03 2.011207e+03
2.121851e+03 1.955659e+03
2.036319e+03 1.893209e+03
1.956316e+03 1.805939e+03
1.898792e+03 1.794567e+03
1.851912e+03 1.779260e+03
1.816658e+03 1.758328e+03
1.786724e+03 1.736811e+03
1.765713e+03 1.728085e+03
1.746910e+03 1.720688e+03
1.734120e+03 1.713445e+03
1.724474e+03 1.712225e+03
1.717774e+03 1.709142e+03
1.712687e+03 1.706995e+03
1.709037e+03 1.705068e+03
1.706125e+03 1.702313e+03
1.703774e+03 1.701122e+03
1.702243e+03 1.699809e+03
1.701004e+03 1.699514e+03
1.699988e+03 1.699199e+03
1.699446e+03 1.699098e+03
1.699171e+03 1.698986e+03
1.698969e+03 1.698939e+03
1.698935e+03 1.698922e+03
1.698918e+03 1.698911e+03
1.698911e+03 1.698910e+03
1.698910e+03 1.698910e+03
1.698910e+03 1.698910e+03
1.698910e+03 1.698910e+03
4.017642e+04 3.554528e+04
2.075905e+04 2.037097e+04
2.061515e+04 2.027905e+04
6.237414e+03 6.161470e+03
6.064150e+03 6.064136e+03
6.064097e+03 6.064097e+03
6.064097e+03 6.064097e+03
2.148732e+04 1.026658e+04
1.974791e+04 1.026658e+04
1.895486e+04 1.026658e+04
1.845314e+04 1.026658e+04
1.783396e+04 1.026658e+04
1.702550e+04 1.022426e+04
1.631419e+04 1.022426e+04
1.569125e+04 1.022426e+04
1.510524e+04 1.022426e+04
1.457340e+04 1.022426e+04
1.404547e+04 1.014082e+04
1.353693e+04 1.014082e+04
1.308869e+04 1.007569e+04
1.265025e+04 1.006871e+04
1.223686e+04 9.670293e+03
1.186361e+04 9.511993e+03
1.150477e+04 8.409130e+03
1.116596e+04 8.255450e+03
1.084589e+04 8.255450e+03
1.053591e+04 8.053627e+03
1.021921e+04 7.858150e+03
9.931209e+03 7.830483e+03
9.669297e+03 7.728147e+03
9.367787e+03 7.629750e+03
9.105796e+03 7.478006e+03
8.850727e+03 7.253085e+03
8.605640e+03 7.100136e+03
8.360854e+03 6.414965e+03
8.124166e+03 6.195810e+03
7.913488e+03 5.927577e+03
7.705237e+03 5.653907e+03
7.503448e+03 5.647498e+03
7.286783e+03 5.590324e+03
7.080160e+03 5.485407e+03
6.850941e+03 5.061752e+03
6.682839e+03 4.668244e+03
6.519194e+03 4.646886e+03
6.340548e+03 4.646694e+03
6.163076e+03 4.567277e+03
5.987430e+03 4.420237e+03
5.835972e+03 4.403928e+03
5.685689e+03 4.308999e+03
5.531267e+03 4.167885e+03
5.374737e+03 4.084007e+03
5.243236e+03 3.898425e+03
5.101068e+03 3.898285e+03
4.973099e+03 3.889635e+03
4.807368e+03 3.723163e+03
4.617969e+03 3.480913e+03
4.418748e+03 3.403508e+03
4.245750e+03 3.212747e+03
4.081040e+03 3.150765e+03
3.923772e+03 3.091562e+03
3.776753e+03 3.028471e+03
3.640349e+03 3.001902e+03
3.519832e+03 2.999928e+03
3.397005e+03 2.903794e+03
3.272851e+03 2.859628e+03
3.166048e+03 2.735258e+03
3.070104e+03 2.731847e+03
2.984284e+03 2.637631e+03
2.894431e+03 2.588387e+03
2.803470e+03 2.550112e+03
2.727217e+03 2.520689e+03
2.658856e+03 2.479449e+03
2.582954e+03 2.408209e+03
2.525254e+03 2.359786e+03
2.468662e+03 2.343334e+03
2.420770e+03 2.312918e+03
2.382089e+03 2.291167e+03
2.351842e+03 2.281208e+03
2.322959e+03 2.276379e+03
2.303229e+03 2.274211e+03
2.289418e+03 2.268611e+03
2.280134e+03 2.263949e+03
2.272677e+03 2.260212e+03
2.267053e+03 2.258271e+03
2.262828e+03 2.256659e+03
2.259474e+03 2.254782e+03
2.257051e+03 2.254316e+03
2.255397e+03 2.253010e+03
2.254182e+03 2.252616e+03
2.253329e+03 2.252367e+03
2.252685e+03 2.252065e+03
2.252266e+03 2.251910e+03
2.252026e+03 2.251860e+03
2.251845e+03 2.251784e+03
2.251784e+03 2.251760e+03
2.251757e+03 2.251741e+03
2.251745e+03 2.251739e+03
2.251741e+03 2.251739e+03
2.251739e+03 2.251739e+03
2.251739e+03 2.251739e+03
2.251739e+03 2.251739e+03
3.998895e+04 3.528604e+04
2.037712e+04 2.009134e+04
2.022009e+04 1.998897e+04
5.401777e+03 5.344483e+03
5.219474e+03 5.219455e+03
5.219405e+03 5.219405e+03
5.219405e+03 5.219405e+03
2.184639e+04 1.091863e+04
2.031842e+04 1.091863e+04
1.952269e+04 1.091863e+04
1.887853e+04 1.091863e+04
1.816671e+04 1.091863e+04
1.738900e+04 1.091863e+04
1.664123e+04 1.091863e+04
1.601533e+04 1.091863e+04
1.535891e+04 1.034259e+04
1.479211e+04 1.020241e+04
1.425966e+04 9.437368e+03
1.374125e+04 9.437368e+03
1.326917e+04 9.437368e+03
1.279786e+04 9.437368e+03
1.235619e+04 9.437368e+03
1.192191e+04 8.998097e+03
1.155958e+04 8.892718e+03
1.113339e+04 7.825130e+03
1.078631e+04 7.825130e+03
1.037683e+04 7.401260e+03
1.005067e+04 7.163043e+03
9.725239e+03 7.009472e+03
9.405962e+03 6.955948e+03
9.095936e+03 6.938684e+03
8.820907e+03 6.529778e+03
8.549697e+03 6.476665e+03
8.298770e+03 6.184478e+03
8.062418e+03 6.027154e+03
7.814841e+03 5.607423e+03
7.589837e+03 5.597678e+03
7.348343e+03 5.236268e+03
7.144159e+03 5.120257e+03
6.931606e+03 4.872560e+03
6.712626e+03 4.829228e+03
6.515960e+03 4.750934e+03
6.301312e+03 4.728971e+03
6.098137e+03 4.493728e+03
5.920091e+03 4.339815e+03
5.746279e+03 4.200230e+03
5.568878e+03 3.871435e+03
5.375409e+03 3.806382e+03
5.200762e+03 3.681691e+03
5.018741e+03 3.647122e+03
4.855488e+03 3.274427e+03
4.683198e+03 3.274146e+03
4.531158e+03 3.212405e+03
4.388041e+03 3.206620e+03
4.193338e+03 2.897740e+03
3.964148e+03 2.598974e+03
3.739293e+03 2.565993e+03
3.540453e+03 2.535717e+03
3.348913e+03 2.468298e+03
3.154581e+03 2.376479e+03
2.992427e+03 2.321288e+03
2.847782e+03 2.068586e+03
2.704119e+03 2.012410e+03
2.560564e+03 1.934703e+03
2.438160e+03 1.902598e+03
2.327365e+03 1.888729e+03
2.224439e+03 1.776390e+03
2.140597e+03 1.673377e+03
2.039833e+03 1.655544e+03
1.941221e+03 1.613671e+03
1.852035e+03 1.608351e+03
1.767977e+03 1.542734e+03
1.683350e+03 1.483054e+03
1.602875e+03 1.418976e+03
1.537088e+03 1.400907e+03
1.487984e+03 1.374722e+03
1.447482e+03 1.371216e+03
1.412052e+03 1.349665e+03
1.385572e+03 1.343513e+03
1.363044e+03 1.336304e+03
1.347772e+03 1.326143e+03
1.336722e+03 1.322294e+03
1.329588e+03 1.319510e+03
1.323056e+03 1.314554e+03
1.318731e+03 1.311808e+03
1.315229e+03 1.310535e+03
1.312605e+03 1.308785e+03
1.310817e+03 1.308059e+03
1.309115e+03 1.306745e+03
1.308058e+03 1.306427e+03
1.307351e+03 1.306177e+03
1.306750e+03 1.306104e+03
1.306340e+03 1.306001e+03
1.306104e+03 1.305957e+03
1.305959e+03 1.305939e+03
1.305927e+03 1.305911e+03
1.305914e+03 1.305908e+03
1.305910e+03 1.305908e+03
1.305909e+03 1.305908e+03
1.305908e+03 1.305908e+03
1.305908e+03 1.305908e+03
4.006818e+04 3.482079e+04
2.047161e+04 2.025024e+04
2.032152e+04 2.002576e+04
6.002537e+03 5.867927e+03
5.557013e+03 5.556970e+03
5.556827e+03 5.556826e+03
5.556826e+03 5.556826e+03
2.282729e+04 1.248529e+04
2.098791e+04 1.248529e+04
2.010399e+04 1.248529e+04
1.934390e+04 1.248529e+04
1.867244e+04 1.248529e+04
1.789868e+04 1.248529e+04
1.721824e+04 1.248529e+04
1.659967e+04 1.241802e+04
1.601471e+04 1.198345e+04
1.543425e+04 1.188850e+04
1.495291e+04 1.188850e+04
1.443787e+04 1.164351e+04
1.399913e+04 1.154461e+04
1.355581e+04 1.087634e+04
1.313857e+04 1.049557e+04
1.273681e+04 1.049557e+04
1.236110e+04 9.991994e+03
1.198351e+04 9.737870e+03
1.164305e+04 9.189444e+03
1.132076e+04 9.018319e+03
1.100873e+04 8.867721e+03
1.067567e+04 8.573728e+03
1.037322e+04 8.190937e+03
1.008917e+04 7.607086e+03
9.829862e+03 7.433843e+03
9.584250e+03 7.415681e+03
9.313959e+03 7.415657e+03
9.033952e+03 6.719044e+03
8.782728e+03 6.560673e+03
8.541735e+03 6.362991e+03
8.298865e+03 6.362975e+03
8.067339e+03 6.331423e+03
7.854729e+03 6.191119e+03
7.631462e+03 5.930496e+03
7.397986e+03 5.502847e+03
7.194862e+03 5.475937e+03
6.975061e+03 5.410140e+03
6.790860e+03 5.323453e+03
6.612980e+03 5.260882e+03
6.427659e+03 5.230481e+03
6.234397e+03 4.771236e+03
6.077075e+03 4.765759e+03
5.908974e+03 4.704027e+03
5.735234e+03 4.593311e+03
5.588246e+03 4.529273e+03
5.413281e+03 4.163155e+03
5.265479e+03 4.038308e+03
5.047745e+03 4.008910e+03
4.831411e+03 3.859467e+03
4.599850e+03 3.673032e+03
4.385807e+03 3.518335e+03
4.195264e+03 3.467951e+03
3.988744e+03 3.300792e+03
3.819074e+03 3.159921e+03
3.666080e+03 3.001181e+03
3.525186e+03 2.912773e+03
3.378171e+03 2.778226e+03
3.256901e+03 2.678563e+03
3.131653e+03 2.632838e+03
3.029390e+03 2.561821e+03
2.921542e+03 2.528242e+03
2.833320e+03 2.492915e+03
2.754804e+03 2.487073e+03
2.687280e+03 2.481090e+03
2.619177e+03 2.421350e+03
2.558346e+03 2.367348e+03
2.504583e+03 2.342707e+03
2.434627e+03 2.296906e+03
2.384282e+03 2.281544e+03
2.339275e+03 2.254497e+03
2.302114e+03 2.243295e+03
2.272258e+03 2.230878e+03
2.248994e+03 2.215424e+03
2.229998e+03 2.204589e+03
2.215307e+03 2.191939e+03
2.204815e+03 2.188297e+03
2.196964e+03 2.186496e+03
2.191053e+03 2.182629e+03
2.186175e+03 2.179319e+03
2.182998e+03 2.178418e+03
2.180956e+03 2.177790e+03
2.179041e+03 2.176626e+03
2.177937e+03 2.176089e+03
2.176931e+03 2.175810e+03
2.176142e+03 2.175500e+03
2.175618e+03 2.175291e+03
2.175326e+03 2.175216e+03
2.175207e+03 2.175175e+03
2.175178e+03 2.175166e+03
2.175167e+03 2.175162e+03
2.175163e+03 2.175162e+03
2.175162e+03 2.175162e+03
2.175162e+03 2.175162e+03
2.175162e+03 2.175162e+03
4.012373e+04 3.325126e+04
2.158610e+04 2.130460e+04
2.143376e+04 2.113566e+04
7.874247e+03 7.808362e+03
7.687331e+03 7.687302e+03
7.687254e+03 7.687254e+03
7.687254e+03 7.687254e+03
2.382460e+04 1.298944e+04
2.167534e+04 1.298944e+04
2.085814e+04 1.298944e+04
2.014072e+04 1.298944e+04
1.955280e+04 1.298944e+04
1.878168e+04 1.298944e+04
1.801968e+04 1.285507e+04
1.739468e+04 1.277173e+04
1.676059e+04 1.233983e+04
1.616867e+04 1.215073e+04
1.562878e+04 1.215073e+04
1.514589e+04 1.195771e+04
1.469146e+04 1.176968e+04
1.426618e+04 1.164999e+04
1.389522e+04 1.145520e+04
1.353502e+04 1.099122e+04
1.315060e+04 1.059918e+04
1.277487e+04 1.005117e+04
1.244613e+04 9.536956e+03
1.209628e+04 9.536931e+03
1.177300e+04 8.817844e+03
1.145564e+04 8.670449e+03
1.113997e+04 8.598766e+03
1.085254e+04 8.402725e+03
1.059539e+04 8.395818e+03
1.028870e+04 8.330753e+03
1.003074e+04 8.069224e+03
9.755887e+03 7.901844e+03
9.507016e+03 7.775972e+03
9.274733e+03 6.962333e+03
9.042178e+03 6.947059e+03
8.800557e+03 6.777566e+03
8.560175e+03 6.629872e+03
8.313382e+03 6.469024e+03
8.036512e+03 6.045273e+03
7.790684e+03 5.852217e+03
7.542024e+03 5.832547e+03
7.296858e+03 5.721991e+03
7.072403e+03 5.598877e+03
6.839740e+03 5.256089e+03
6.610336e+03 5.206626e+03
6.424423e+03 4.697429e+03
6.218489e+03 4.697409e+03
6.028513e+03 4.612671e+03
5.812864e+03 4.590280e+03
5.621463e+03 4.484497e+03
5.431175e+03 4.302675e+03
5.160435e+03 4.108399e+03
4.808332e+03 3.737334e+03
4.485323e+03 3.427620e+03
4.163112e+03 3.229906e+03
3.911217e+03 3.119627e+03
3.647998e+03 2.844088e+03
3.439002e+03 2.782587e+03
3.260120e+03 2.762326e+03
3.092193e+03 2.557225e+03
2.955602e+03 2.456592e+03
2.828557e+03 2.419099e+03
2.725289e+03 2.312876e+03
2.638461e+03 2.301278e+03
2.555516e+03 2.243974e+03
2.477924e+03 2.230700e+03
2.412665e+03 2.203760e+03
2.362916e+03 2.202770e+03
2.313696e+03 2.185350e+03
2.280657e+03 2.168807e+03
2.246266e+03 2.161498e+03
2.218810e+03 2.157325e+03
2.198960e+03 2.153761e+03
2.185229e+03 2.151145e+03
2.171358e+03 2.146295e+03
2.162052e+03 2.143375e+03
2.154768e+03 2.141667e+03
2.148446e+03 2.140541e+03
2.144429e+03 2.138910e+03
2.141554e+03 2.136603e+03
2.139629e+03 2.136301e+03
2.137911e+03 2.135182e+03
2.136662e+03 2.134502e+03
2.135737e+03 2.134077e+03
2.134893e+03 2.133684e+03
2.134239e+03 2.133285e+03
2.133666e+03 2.133105e+03
2.133363e+03 2.133037e+03
2.133155e+03 2.133003e+03
2.133019e+03 2.132957e+03
2.132957e+03 2.132935e+03
2.132938e+03 2.132925e+03
2.132929e+03 2.132921e+03
2.132922e+03 2.132918e+03
2.132919e+03 2.132918e+03
2.132918e+03 2.132918e+03
2.132918e+03 2.132918e+03
2.132918e+03 2.132918e+03
4.023198e+04 3.492148e+04
1.854448e+04 1.825034e+04
1.838893e+04 1.807335e+04
4.319393e+03 4.266027e+03
4.099622e+03 4.096859e+03
4.095902e+03 4.095265e+03
4.095285e+03 4.095068e+03
4.095079e+03 4.095001e+03
4.095028e+03 4.094981e+03
4.094997e+03 4.094973e+03
4.094980e+03 4.094968e+03
4.094972e+03 4.094965e+03
4.094972e+03 4.094965e+03
4.094967e+03 4.094963e+03
4.094965e+03 4.094963e+03
4.094963e+03 4.094962e+03
4.094963e+03 4.094962e+03
4.094962e+03 4.094962e+03
4.094962e+03 4.094962e+03
4.094962e+03 4.094962e+03
4.094962e+03 4.094962e+03
4.094962e+03 4.094962e+03
4.094962e+03 4.094961e+03
4.094962e+03 4.094961e+03
4.094961e+03 4.094961e+03
4.094961e+03 4.094961e+03
4.094961e+03 4.094961e+03
4.094961e+03 4.094961e+03
4.094961e+03 4.094961e+03
4.094961e+03 4.094961e+03
4.094961e+03 4.094961e+03
4.094961e+03 4.094961e+03
4.094961e+03 4.094961e+03
4.094961e+03 4.094961e+03
4.094961e+03 4.094961e+03
1.977131e+04 9.256109e+03
1.853838e+04 9.256109e+03
1.769323e+04 9.256109e+03
1.664892e+04 9.256109e+03
1.561771e+04 9.256109e+03
1.467858e+04 9.256109e+03
1.389452e+04 9.256109e+03
1.312260e+04 9.256109e+03
1.237552e+04 9.167015e+03
1.173890e+04 9.121713e+03
1.112074e+04 8.769181e+03
1.055904e+04 7.646065e+03
1.004072e+04 7.643289e+03
9.583237e+03 7.582180e+03
9.119666e+03 6.573216e+03
8.677487e+03 6.244323e+03
8.331691e+03 5.876680e+03
7.954454e+03 5.823608e+03
7.600346e+03 5.600723e+03
7.282079e+03 5.252522e+03
6.959877e+03 5.204113e+03
6.661218e+03 5.033011e+03
6.344504e+03 4.877256e+03
6.054268e+03 4.549795e+03
5.789276e+03 4.398434e+03
5.492708e+03 4.240770e+03
5.219947e+03 4.034812e+03
4.985199e+03 3.871907e+03
4.742705e+03 3.595673e+03
4.541395e+03 3.538035e+03
4.327878e+03 3.305591e+03
4.113579e+03 3.102106e+03
3.921817e+03 2.991377e+03
3.665796e+03 2.523679e+03
3.398583e+03 2.523679e+03
3.170935e+03 2.491063e+03
2.951914e+03 2.339568e+03
2.756666e+03 2.301535e+03
2.585172e+03 2.166679e+03
2.451503e+03 2.042381e+03
2.312073e+03 1.978293e+03
2.199288e+03 1.949578e+03
2.104539e+03 1.853706e+03
1.988625e+03 1.804208e+03
1.903494e+03 1.737627e+03
1.833018e+03 1.691560e+03
1.774412e+03 1.679459e+03
1.723398e+03 1.654389e+03
1.688845e+03 1.640491e+03
1.658297e+03 1.631781e+03
1.640999e+03 1.621166e+03
1.628612e+03 1.613084e+03
1.619840e+03 1.610342e+03
1.614097e+03 1.609012e+03
1.610056e+03 1.605987e+03
1.607397e+03 1.605048e+03
1.605633e+03 1.603336e+03
1.604491e+03 1.603207e+03
1.603649e+03 1.602984e+03
1.603082e+03 1.602796e+03
1.602801e+03 1.602737e+03
1.602726e+03 1.602709e+03
1.602706e+03 1.602699e+03
1.602697e+03 1.602692e+03
1.602692e+03 1.602692e+03
1.602692e+03 1.602692e+03
3.982029e+04 3.545822e+04
2.177520e+04 2.148155e+04
2.160021e+04 2.126263e+04
6.471828e+03 6.320834e+03
5.988485e+03 5.988437e+03
5.988288e+03 5.988288e+03
5.988288e+03 5.988288e+03
2.363578e+04 1.050421e+04
2.104858e+04 1.050421e+04
2.011922e+04 1.050421e+04
1.930573e+04 1.050421e+04
1.859743e+04 1.050421e+04
1.786735e+04 1.050421e+04
1.717391e+04 1.050421e+04
1.650843e+04 1.050421e+04
1.589667e+04 1.050421e+04
1.529077e+04 1.050421e+04
1.471857e+04 1.050421e+04
1.423015e+04 1.050421e+04
1.381738e+04 1.010815e+04
1.331852e+04 1.010815e+04
1.288196e+04 9.835553e+03
1.249586e+04 9.835487e+03
1.210121e+04 9.414220e+03
1.174741e+04 9.221001e+03
1.138869e+04 8.962266e+03
1.105700e+04 8.825625e+03
1.070130e+04 8.283379e+03
1.045123e+04 8.283379e+03
1.015919e+04 7.713732e+03
9.887028e+03 7.680710e+03
9.588953e+03 7.605574e+03
9.334601e+03 7.276647e+03
9.053476e+03 7.148734e+03
8.795223e+03 6.713666e+03
8.532028e+03 6.597320e+03
8.294890e+03 6.253109e+03
8.052440e+03 6.003959e+03
7.812124e+03 5.932328e+03
7.563772e+03 5.917524e+03
7.362293e+03 5.668643e+03
7.179552e+03 5.320151e+03
6.957343e+03 5.077952e+03
6.755219e+03 4.799025e+03
6.570892e+03 4.747299e+03
6.386867e+03 4.746965e+03
6.203319e+03 4.699290e+03
6.001133e+03 4.684723e+03
5.820689e+03 4.448681e+03
5.661949e+03 4.419589e+03
5.493187e+03 4.226683e+03
5.326334e+03 3.988037e+03
5.129256e+03 3.896495e+03
4.960669e+03 3.851576e+03
4.721531e+03 3.648725e+03
4.473265e+03 3.542764e+03
4.239850e+03 3.367737e+03
3.989250e+03 2.788614e+03
3.769136e+03 2.694365e+03
3.597213e+03 2.671148e+03
3.418139e+03 2.671034e+03
3.257410e+03 2.603378e+03
3.111632e+03 2.552732e+03
2.969707e+03 2.406552e+03
2.843596e+03 2.403086e+03
2.728174e+03 2.385338e+03
2.618726e+03 2.287854e+03
2.519090e+03 2.222700e+03
2.426548e+03 2.187246e+03
2.334547e+03 2.131559e+03
2.261799e+03 2.089089e+03
2.201290e+03 2.030472e+03
2.145847e+03 2.011747e+03
2.102345e+03 1.989781e+03
2.066457e+03 1.985623e+03
2.035766e+03 1.971302e+03
2.010275e+03 1.966227e+03
1.990229e+03 1.960188e+03
1.977415e+03 1.953791e+03
1.965954e+03 1.950619e+03
1.957921e+03 1.946264e+03
1.952163e+03 1.944773e+03
1.947978e+03 1.941755e+03
1.944891e+03 1.941101e+03
1.942424e+03 1.939635e+03
1.940830e+03 1.938492e+03
1.939597e+03 1.937560e+03
1.938212e+03 1.936895e+03
1.937294e+03 1.936519e+03
1.936679e+03 1.936187e+03
1.936327e+03 1.936097e+03
1.936117e+03 1.936028e+03
1.936021e+03 1.935989e+03
1.935973e+03 1.935953e+03
1.935953e+03 1.935941e+03
1.935940e+03 1.935934e+03
1.935935e+03 1.935934e+03
1.935934e+03 1.935934e+03
1.935934e+03 1.935934e+03
1.935934e+03 1.935934e+03
1.935934e+03 1.935934e+03
4.022802e+04 3.474206e+04
1.885410e+04 1.860957e+04
1.874355e+04 1.851430e+04
7.632397e+03 7.470011e+03
7.194559e+03 7.194516e+03
7.194381e+03 7.194381e+03
7.194381e+03 7.194381e+03
2.337020e+04 9.850032e+03
2.165701e+04 9.850032e+03
2.085037e+04 9.850032e+03
2.020541e+04 9.850032e+03
1.947128e+04 9.850032e+03
1.877869e+04 9.850032e+03
1.805639e+04 9.850032e+03
1.749329e+04 9.850032e+03
1.697030e+04 9.850032e+03
1.638578e+04 9.850032e+03
1.582256e+04 9.850032e+03
1.533370e+04 9.850032e+03
1.493517e+04 9.850032e+03
1.449371e+04 9.674006e+03
1.412584e+04 9.490000e+03
1.368926e+04 9.368626e+03
1.332023e+04 9.368626e+03
1.295322e+04 9.010999e+03
1.262628e+04 8.984283e+03
1.230631e+04 8.984241e+03
1.197429e+04 8.838777e+03
1.163349e+04 8.429286e+03
1.134682e+04 8.429286e+03
1.101984e+04 8.429286e+03
1.078497e+04 8.254544e+03
1.052595e+04 8.080709e+03
1.023925e+04 7.903530e+03
9.966532e+03 7.849924e+03
9.723112e+03 7.486649e+03
9.461952e+03 7.178269e+03
9.195303e+03 6.991240e+03
8.948114e+03 6.873956e+03
8.717680e+03 6.591320e+03
8.496826e+03 6.558733e+03
8.284861e+03 6.380176e+03
8.087732e+03 6.165790e+03
7.894157e+03 5.744191e+03
7.699016e+03 5.333890e+03
7.489734e+03 5.122789e+03
7.273717e+03 5.025358e+03
7.071831e+03 4.973971e+03
6.857689e+03 4.769408e+03
6.665684e+03 4.731626e+03
6.505709e+03 4.604846e+03
6.317256e+03 4.527992e+03
6.135690e+03 4.280149e+03
5.974682e+03 4.170371e+03
5.756184e+03 4.161472e+03
5.479672e+03 4.082612e+03
5.250260e+03 3.851845e+03
5.048463e+03 3.802847e+03
4.824249e+03 3.639066e+03
4.607577e+03 3.479455e+03
4.408026e+03 3.395094e+03
4.228826e+03 3.191069e+03
4.055291e+03 3.191069e+03
3.910777e+03 3.159808e+03
3.756631e+03 3.061238e+03
3.610747e+03 2.914257e+03
3.471925e+03 2.888594e+03
3.341674e+03 2.879203e+03
3.223371e+03 2.876410e+03
3.121706e+03 2.732464e+03
3.016761e+03 2.664374e+03
2.937493e+03 2.663046e+03
2.863831e+03 2.646564e+03
2.795425e+03 2.621216e+03
2.724671e+03 2.599649e+03
2.667108e+03 2.529870e+03
2.609866e+03 2.510627e+03
2.561597e+03 2.482542e+03
2.522540e+03 2.468487e+03
2.489431e+03 2.441906e+03
2.464297e+03 2.422215e+03
2.447804e+03 2.415411e+03
2.432484e+03 2.408633e+03
2.420966e+03 2.405380e+03
2.411962e+03 2.401363e+03
2.405499e+03 2.399126e+03
2.401709e+03 2.396061e+03
2.398441e+03 2.394743e+03
2.396262e+03 2.393779e+03
2.394606e+03 2.392854e+03
2.393420e+03 2.392226e+03
2.392545e+03 2.391715e+03
2.391936e+03 2.391451e+03
2.391486e+03 2.391334e+03
2.391349e+03 2.391298e+03
2.391279e+03 2.391259e+03
2.391255e+03 2.391244e+03
2.391242e+03 2.391237e+03
2.391237e+03 2.391237e+03
2.391237e+03 2.391237e+03
2.391237e+03 2.391237e+03
3.991338e+04 3.466901e+04
1.916932e+04 1.893432e+04
1.902497e+04 1.878219e+04
6.170118e+03 6.098309e+03
5.911508e+03 5.911473e+03
5.911396e+03 5.911396e+03
5.911396e+03 5.911396e+03
2.256748e+04 1.004582e+04
2.069507e+04 1.004582e+04
1.970037e+04 1.004582e+04
1.889969e+04 1.004582e+04
1.799153e+04 1.004582e+04
1.716359e+04 1.004582e+04
1.649345e+04 9.924713e+03
1.586009e+04 9.924713e+03
1.526179e+04 9.924713e+03
1.472962e+04 9.924713e+03
1.425405e+04 9.924713e+03
1.379915e+04 9.892151e+03
1.333484e+04 9.837882e+03
1.293721e+04 9.696759e+03
1.256262e+04 9.373255e+03
1.218329e+04 9.182015e+03
1.182763e+04 9.182015e+03
1.146607e+04 9.091211e+03
1.118027e+04 7.981966e+03
1.086704e+04 7.971929e+03
1.057731e+04 7.828024e+03
1.030205e+04 7.605388e+03
9.997576e+03 7.567126e+03
9.724142e+03 7.567126e+03
9.464333e+03 7.406895e+03
9.233270e+03 7.067238e+03
9.010532e+03 7.067238e+03
8.755306e+03 6.914670e+03
8.509994e+03 6.743396e+03
8.281850e+03 6.506475e+03
8.056500e+03 6.004677e+03
7.842840e+03 5.536650e+03
7.636774e+03 5.465716e+03
7.431649e+03 5.465216e+03
7.216610e+03 5.322749e+03
7.023668e+03 5.239909e+03
6.830256e+03 5.142910e+03
6.659149e+03 5.050701e+03
6.494394e+03 5.050659e+03
6.316780e+03 4.792881e+03
6.144633e+03 4.786160e+03
5.980014e+03 4.641973e+03
5.825353e+03 4.598645e+03
5.670961e+03 3.871147e+03
5.516743e+03 3.792485e+03
5.361694e+03 3.534741e+03
5.225500e+03 3.472110e+03
5.032352e+03 3.455741e+03
4.823846e+03 3.360102e+03
4.615631e+03 3.321481e+03
4.405033e+03 3.229247e+03
4.228538e+03 3.200975e+03
4.046618e+03 3.156724e+03
3.882391e+03 3.052792e+03
3.725730e+03 2.775943e+03
3.566167e+03 2.748704e+03
3.435681e+03 2.726146e+03
3.318047e+03 2.668864e+03
3.179997e+03 2.518241e+03
3.054047e+03 2.501099e+03
2.953246e+03 2.389359e+03
2.851171e+03 2.379361e+03
2.748385e+03 2.341493e+03
2.665697e+03 2.341252e+03
2.588582e+03 2.254491e+03
2.503680e+03 2.205296e+03
2.425541e+03 2.153737e+03
2.329760e+03 2.102618e+03
2.249994e+03 2.048312e+03
2.187429e+03 2.032853e+03
2.122077e+03 2.021464e+03
2.072918e+03 1.992450e+03
2.038710e+03 1.983316e+03
2.008058e+03 1.970672e+03
1.988621e+03 1.960028e+03
1.974378e+03 1.948587e+03
1.963670e+03 1.947023e+03
1.955068e+03 1.944710e+03
1.948800e+03 1.941068e+03
1.945017e+03 1.939944e+03
1.942438e+03 1.938138e+03
1.940413e+03 1.937511e+03
1.938834e+03 1.936735e+03
1.937597e+03 1.936022e+03
1.936632e+03 1.935753e+03
1.936081e+03 1.935667e+03
1.935721e+03 1.935574e+03
1.935564e+03 1.935533e+03
1.935523e+03 1.935511e+03
1.935512e+03 1.935504e+03
1.935507e+03 1.935503e+03
1.935504e+03 1.935503e+03
1.935503e+03 1.935503e+03
1.935503e+03 1.935503e+03
4.004984e+04 3.184077e+04
1.884197e+04 1.865382e+04
1.872128e+04 1.847659e+04
7.081692e+03 7.041963e+03
6.958709e+03 6.958695e+03
6.958657e+03 6.958657e+03
6.958657e+03 6.958657e+03
2.481124e+04 1.271336e+04
2.284109e+04 1.271336e+04
2.186984e+04 1.271336e+04
2.108803e+04 1.271336e+04
2.044976e+04 1.271336e+04
1.971641e+04 1.271336e+04
1.894415e+04 1.271336e+04
1.820338e+04 1.245359e+04
1.763437e+04 1.224331e+04
1.705276e+04 1.207205e+04
1.653075e+04 1.174107e+04
1.601400e+04 1.174107e+04
1.556931e+04 1.130017e+04
1.506544e+04 1.130017e+04
1.462711e+04 1.126773e+04
1.420525e+04 1.101595e+04
1.382841e+04 1.070079e+04
1.345098e+04 1.026343e+04
1.312771e+04 1.026343e+04
1.279731e+04 1.026343e+04
1.239982e+04 1.012503e+04
1.202126e+04 9.882054e+03
1.165699e+04 9.609090e+03
1.136998e+04 9.226857e+03
1.108549e+04 9.156559e+03
1.079728e+04 8.371252e+03
1.050257e+04 8.371127e+03
1.020653e+04 8.266368e+03
9.942146e+03 7.871863e+03
9.667698e+03 7.718492e+03
9.393121e+03 7.131373e+03
9.144553e+03 6.977560e+03
8.879023e+03 6.662841e+03
8.641436e+03 6.662285e+03
8.385151e+03 6.561569e+03
8.154094e+03 6.470539e+03
7.910829e+03 6.462446e+03
7.712181e+03 6.230934e+03
7.501446e+03 6.115328e+03
7.280867e+03 5.964062e+03
7.080236e+03 5.664776e+03
6.877241e+03 5.390253e+03
6.690666e+03 5.261953e+03
6.493928e+03 5.199260e+03
6.304095e+03 5.179844e+03
6.106880e+03 4.768088e+03
5.935070e+03 4.530914e+03
5.703336e+03 4.435874e+03
5.436161e+03 4.292204e+03
5.198291e+03 3.324854e+03
4.960665e+03 3.246345e+03
4.742419e+03 3.242495e+03
4.510968e+03 3.239501e+03
4.291598e+03 3.157218e+03
4.092983e+03 3.081960e+03
3.891806e+03 2.910304e+03
3.710423e+03 2.897415e+03
3.531438e+03 2.710258e+03
3.369876e+03 2.511277e+03
3.210023e+03 2.487660e+03
3.067031e+03 2.391101e+03
2.919377e+03 2.293293e+03
2.790309e+03 2.255838e+03
2.674870e+03 2.131746e+03
2.539521e+03 2.063621e+03
2.412339e+03 1.962249e+03
2.285426e+03 1.930657e+03
2.153882e+03 1.860403e+03
2.036204e+03 1.782824e+03
1.938214e+03 1.734076e+03
1.856931e+03 1.685113e+03
1.784431e+03 1.662672e+03
1.730669e+03 1.648689e+03
1.691710e+03 1.629920e+03
1.658266e+03 1.610416e+03
1.634521e+03 1.604930e+03
1.619351e+03 1.598216e+03
1.608572e+03 1.595956e+03
1.599951e+03 1.589877e+03
1.594175e+03 1.586787e+03
1.590355e+03 1.585843e+03
1.587173e+03 1.584099e+03
1.585037e+03 1.582802e+03
1.583530e+03 1.581968e+03
1.582318e+03 1.581180e+03
1.581468e+03 1.580830e+03
1.580950e+03 1.580552e+03
1.580623e+03 1.580472e+03
1.580464e+03 1.580426e+03
1.580420e+03 1.580407e+03
1.580408e+03 1.580404e+03
1.580404e+03 1.580404e+03
1.580404e+03 1.580404e+03
1.580404e+03 1.580404e+03
4.000297e+04 3.536383e+04
1.973008e+04 1.941267e+04
1.955226e+04 1.934011e+04
5.445353e+03 5.351581e+03
5.158508e+03 5.158475e+03
5.158376e+03 5.158376e+03
5.158376e+03 5.158376e+03
2.161302e+04 1.142052e+04
1.954824e+04 1.142052e+04
1.874879e+04 1.142052e+04
1.809393e+04 1.142052e+04
1.740491e+04 1.142052e+04
1.669081e+04 1.142052e+04
1.601333e+04 1.142052e+04
1.541511e+04 1.142052e+04
1.473621e+04 1.060126e+04
1.415848e+04 9.750471e+03
1.368819e+04 9.750471e+03
1.320918e+04 9.750471e+03
1.277518e+04 9.539341e+03
1.233503e+04 9.539341e+03
1.193092e+04 9.267677e+03
1.154475e+04 9.230753e+03
1.118273e+04 8.408184e+03
1.080662e+04 7.934563e+03
1.048354e+04 7.555321e+03
1.015798e+04 7.319042e+03
9.830858e+03 7.076340e+03
9.535353e+03 7.076340e+03
9.278820e+03 6.794480e+03
8.998441e+03 6.794387e+03
8.711575e+03 6.721118e+03
8.470359e+03 6.588318e+03
8.197298e+03 6.289104e+03
7.934487e+03 6.195285e+03
7.705265e+03 6.133200e+03
7.453530e+03 5.999636e+03
7.237882e+03 5.549550e+03
7.028747e+03 5.377222e+03
6.819882e+03 5.161312e+03
6.595567e+03 4.734144e+03
6.368212e+03 4.702416e+03
6.158171e+03 4.266089e+03
5.961334e+03 4.186409e+03
5.777564e+03 4.080644e+03
5.589950e+03 4.017288e+03
5.390297e+03 4.000575e+03
5.197335e+03 3.948897e+03
5.029772e+03 3.855677e+03
4.856543e+03 3.602165e+03
4.695946e+03 3.500504e+03
4.552229e+03 3.259232e+03
4.390712e+03 3.219030e+03
4.240071e+03 3.015547e+03
4.037420e+03 2.988137e+03
3.824923e+03 2.892824e+03
3.619332e+03 2.617482e+03
3.414954e+03 2.545740e+03
3.227117e+03 2.414171e+03
3.028318e+03 2.351490e+03
2.863518e+03 2.256146e+03
2.695188e+03 2.151698e+03
2.539995e+03 2.023606e+03
2.374266e+03 1.876080e+03
2.229116e+03 1.732551e+03
2.095321e+03 1.683903e+03
1.977729e+03 1.602526e+03
1.861481e+03 1.544747e+03
1.761333e+03 1.515311e+03
1.668461e+03 1.436409e+03
1.590091e+03 1.386581e+03
1.532300e+03 1.373975e+03
1.482546e+03 1.365440e+03
1.437913e+03 1.351024e+03
1.401441e+03 1.337518e+03
1.371850e+03 1.317815e+03
1.350617e+03 1.315103e+03
1.333985e+03 1.303875e+03
1.321863e+03 1.299881e+03
1.312268e+03 1.295037e+03
1.304124e+03 1.292770e+03
1.299133e+03 1.291690e+03
1.295479e+03 1.289598e+03
1.293037e+03 1.288132e+03
1.291227e+03 1.287783e+03
1.289641e+03 1.286858e+03
1.288385e+03 1.286516e+03
1.287539e+03 1.286353e+03
1.286824e+03 1.285738e+03
1.286182e+03 1.285609e+03
1.285785e+03 1.285480e+03
1.285522e+03 1.285431e+03
1.285414e+03 1.285387e+03
1.285376e+03 1.285354e+03
1.285352e+03 1.285341e+03
1.285345e+03 1.285341e+03
1.285341e+03 1.285341e+03
1.285341e+03 1.285341e+03
1.285341e+03 1.285341e+03
1.285341e+03 1.285341e+03
1.285341e+03 1.285341e+03
3.994269e+04 3.540413e+04
1.907656e+04 1.871654e+04
1.889081e+04 1.861355e+04
5.871748e+03 5.819858e+03
5.730623e+03 5.730604e+03
5.730571e+03 5.730571e+03
5.730571e+03 5.730571e+03
2.170817e+04 1.154453e+04
1.984408e+04 1.154453e+04
1.901690e+04 1.154453e+04
1.836190e+04 1.154453e+04
1.764409e+04 1.154453e+04
1.682561e+04 1.154453e+04
1.609933e+04 1.154453e+04
1.548011e+04 1.147618e+04
1.494088e+04 1.113513e+04
1.439962e+04 1.041456e+04
1.386778e+04 1.041456e+04
1.338434e+04 1.001165e+04
1.297306e+04 9.594330e+03
1.252530e+04 9.594330e+03
1.213869e+04 9.527887e+03
1.173709e+04 9.210285e+03
1.138717e+04 8.953027e+03
1.101011e+04 8.769699e+03
1.067312e+04 8.254460e+03
1.034663e+04 8.150039e+03
1.005584e+04 8.096256e+03
9.748886e+03 7.977972e+03
9.471813e+03 7.423437e+03
9.192708e+03 7.366291e+03
8.910470e+03 7.274185e+03
8.644790e+03 6.168740e+03
8.370576e+03 6.168459e+03
8.107467e+03 5.777866e+03
7.887658e+03 5.657015e+03
7.641231e+03 5.328502e+03
7.422601e+03 5.268458e+03
7.210706e+03 5.261220e+03
6.978197e+03 5.187534e+03
6.786710e+03 4.833007e+03
6.565916e+03 4.833007e+03
6.350023e+03 4.672833e+03
6.142419e+03 4.583236e+03
5.966524e+03 4.532568e+03
5.758568e+03 4.224238e+03
5.588340e+03 3.888003e+03
5.419093e+03 3.815893e+03
5.244289e+03 3.815889e+03
5.096442e+03 3.752668e+03
4.941533e+03 3.702606e+03
4.791478e+03 3.403910e+03
4.637289e+03 3.191032e+03
4.493489e+03 3.170763e+03
4.291822e+03 3.055987e+03
4.094108e+03 2.928123e+03
3.883776e+03 2.917409e+03
3.679088e+03 2.662235e+03
3.513130e+03 2.662235e+03
3.340594e+03 2.539419e+03
3.178302e+03 2.495386e+03
3.024420e+03 2.379474e+03
2.867752e+03 2.192799e+03
2.725866e+03 2.181116e+03
2.605028e+03 2.069441e+03
2.494536e+03 2.031396e+03
2.396741e+03 1.969679e+03
2.296793e+03 1.956705e+03
2.195193e+03 1.838864e+03
2.096448e+03 1.761260e+03
1.999950e+03 1.727541e+03
1.899584e+03 1.666753e+03
1.822911e+03 1.641530e+03
1.756831e+03 1.620019e+03
1.706750e+03 1.595219e+03
1.662325e+03 1.576368e+03
1.626559e+03 1.568903e+03
1.598393e+03 1.561597e+03
1.580436e+03 1.553085e+03
1.566719e+03 1.543943e+03
1.555485e+03 1.534071e+03
1.546376e+03 1.532247e+03
1.538975e+03 1.529796e+03
1.534165e+03 1.527140e+03
1.530385e+03 1.525362e+03
1.527695e+03 1.523783e+03
1.525944e+03 1.523164e+03
1.524289e+03 1.522774e+03
1.523167e+03 1.521885e+03
1.522338e+03 1.521417e+03
1.521860e+03 1.521121e+03
1.521409e+03 1.521068e+03
1.521129e+03 1.521024e+03
1.521028e+03 1.520991e+03
1.520986e+03 1.520966e+03
1.520966e+03 1.520955e+03
1.520958e+03 1.520955e+03
1.520955e+03 1.520955e+03
1.520955e+03 1.520955e+03
1.520955e+03 1.520955e+03
1.520955e+03 1.520955e+03
3.997474e+04 3.433798e+04
1.843750e+04 1.816907e+04
1.828287e+04 1.806010e+04
5.704540e+03 5.587103e+03
5.305003e+03 5.302245e+03
5.300218e+03 5.299468e+03
5.299529e+03 5.299229e+03
5.299307e+03 5.299189e+03
5.299231e+03 5.299153e+03
5.299187e+03 5.299140e+03
5.299159e+03 5.299133e+03
5.299148e+03 5.299131e+03
5.299141e+03 5.299126e+03
5.299131e+03 5.299124e+03
5.299125e+03 5.299122e+03
5.299123e+03 5.299121e+03
5.299122e+03 5.299121e+03
5.299121e+03 5.299121e+03
5.299121e+03 5.299120e+03
5.299121e+03 5.299120e+03
5.299120e+03 5.299120e+03
5.299120e+03 5.299120e+03
5.299120e+03 5.299120e+03
5.299120e+03 5.299120e+03
5.299120e+03 5.299120e+03
5.299120e+03 5.299120e+03
5.299120e+03 5.299120e+03
5.299120e+03 5.299120e+03
5.299120e+03 5.299120e+03
5.299120e+03 5.299120e+03
5.299120e+03 5.299120e+03
5.299120e+03 5.299120e+03
5.299120e+03 5.299120e+03
5.299120e+03 5.299120e+03
5.299120e+03 5.299120e+03
2.141468e+04 1.251989e+04
1.907552e+04 1.251989e+04
1.802995e+04 1.251989e+04
1.705726e+04 1.251989e+04
1.597977e+04 1.125494e+04
1.500976e+04 1.106199e+04
1.414334e+04 1.011137e+04
1.335075e+04 1.000197e+04
1.265359e+04 1.000197e+04
1.205725e+04 9.174704e+03
1.146781e+04 9.101411e+03
1.095567e+04 8.636654e+03
1.044974e+04 8.247924e+03
9.978687e+03 7.826073e+03
9.558604e+03 7.768546e+03
9.118762e+03 6.569143e+03
8.751862e+03 6.527158e+03
8.334342e+03 6.083695e+03
7.953249e+03 6.014384e+03
7.602277e+03 5.759290e+03
7.256698e+03 5.627829e+03
6.929450e+03 5.204590e+03
6.623833e+03 5.146510e+03
6.315466e+03 4.688949e+03
6.012872e+03 4.464446e+03
5.700196e+03 4.166766e+03
5.441476e+03 4.120957e+03
5.180590e+03 3.890309e+03
4.937006e+03 3.780780e+03
4.703390e+03 3.453364e+03
4.452956e+03 3.264808e+03
4.222301e+03 2.868644e+03
4.034742e+03 2.770395e+03
3.779169e+03 2.504626e+03
3.522205e+03 2.407933e+03
3.231274e+03 2.407898e+03
2.993647e+03 2.319036e+03
2.800686e+03 2.182784e+03
2.619630e+03 2.099452e+03
2.465155e+03 2.008516e+03
2.279501e+03 1.886229e+03
2.091076e+03 1.763637e+03
1.919142e+03 1.643550e+03
1.774763e+03 1.560500e+03
1.679026e+03 1.493597e+03
1.606582e+03 1.451623e+03
1.536535e+03 1.432990e+03
1.488145e+03 1.423046e+03
1.448329e+03 1.405282e+03
1.421761e+03 1.386095e+03
1.402149e+03 1.378420e+03
1.389004e+03 1.375740e+03
1.380148e+03 1.372506e+03
1.375287e+03 1.370371e+03
1.372121e+03 1.368886e+03
1.369923e+03 1.367679e+03
1.368311e+03 1.366893e+03
1.367140e+03 1.366100e+03
1.366375e+03 1.365870e+03
1.365772e+03 1.365099e+03
1.365400e+03 1.365060e+03
1.365152e+03 1.365025e+03
1.365026e+03 1.365014e+03
1.365017e+03 1.365013e+03
1.365013e+03 1.365013e+03
1.365013e+03 1.365013e+03
3.992181e+04 3.305779e+04
1.890402e+04 1.859545e+04
1.876090e+04 1.841149e+04
6.347870e+03 6.303984e+03
6.203530e+03 6.203515e+03
6.203488e+03 6.203488e+03
6.203488e+03 6.203488e+03
2.033369e+04 1.040191e+04
1.908476e+04 1.040191e+04
1.843870e+04 1.040191e+04
1.768528e+04 1.040191e+04
1.703482e+04 1.040191e+04
1.634970e+04 1.040191e+04
1.566025e+04 1.003813e+04
1.504623e+04 1.003813e+04
1.452099e+04 1.001720e+04
1.405960e+04 9.927757e+03
1.358840e+04 9.787775e+03
1.316087e+04 9.715444e+03
1.273090e+04 9.540396e+03
1.231763e+04 9.540396e+03
1.194516e+04 9.365440e+03
1.161967e+04 9.190376e+03
1.123416e+04 8.871886e+03
1.089184e+04 8.122983e+03
1.053933e+04 7.700257e+03
1.023689e+04 7.521586e+03
9.951830e+03 7.521586e+03
9.676281e+03 7.386335e+03
9.407491e+03 7.228675e+03
9.100502e+03 6.697902e+03
8.839907e+03 6.690499e+03
8.588931e+03 6.352009e+03
8.362276e+03 5.984439e+03
8.118082e+03 5.739486e+03
7.872373e+03 5.678135e+03
7.654843e+03 4.969197e+03
7.433175e+03 4.943499e+03
7.216859e+03 4.871901e+03
7.025813e+03 4.500132e+03
6.835300e+03 4.407182e+03
6.646755e+03 4.335027e+03
6.460673e+03 4.263752e+03
6.249762e+03 3.910612e+03
6.055464e+03 3.910612e+03
5.867060e+03 3.817230e+03
5.693376e+03 3.798208e+03
5.532443e+03 3.798208e+03
5.378674e+03 3.787977e+03
5.204862e+03 3.599320e+03
5.043699e+03 3.588683e+03
4.890171e+03 3.356889e+03
4.746515e+03 3.231502e+03
4.609421e+03 3.209903e+03
4.415047e+03 3.192082e+03
4.211851e+03 3.031299e+03
4.000536e+03 3.023866e+03
3.781214e+03 3.002002e+03
3.612726e+03 2.819096e+03
3.452206e+03 2.780561e+03
3.294622e+03 2.594997e+03
3.167869e+03 2.473278e+03
3.054337e+03 2.424749e+03
2.923547e+03 2.357585e+03
2.805082e+03 2.355884e+03
2.705525e+03 2.355796e+03
2.603587e+03 2.182117e+03
2.518427e+03 2.105353e+03
2.435914e+03 2.068672e+03
2.372978e+03 2.066382e+03
2.312551e+03 2.046612e+03
2.253961e+03 2.035415e+03
2.196787e+03 2.033883e+03
2.151642e+03 2.007663e+03
2.102142e+03 1.986770e+03
2.051871e+03 1.943893e+03
2.007629e+03 1.917439e+03
1.972533e+03 1.898835e+03
1.943618e+03 1.894876e+03
1.921531e+03 1.888110e+03
1.905249e+03 1.884218e+03
1.891992e+03 1.877401e+03
1.882292e+03 1.866944e+03
1.874880e+03 1.865483e+03
1.869989e+03 1.863808e+03
1.866108e+03 1.861377e+03
1.863431e+03 1.859891e+03
1.861295e+03 1.859323e+03
1.859739e+03 1.858607e+03
1.858875e+03 1.857993e+03
1.858300e+03 1.857683e+03
1.857840e+03 1.857499e+03
1.857524e+03 1.857390e+03
1.857359e+03 1.857314e+03
1.857307e+03 1.857279e+03
1.857282e+03 1.857269e+03
1.857271e+03 1.857268e+03
1.857268e+03 1.857268e+03
1.857268e+03 1.857268e+03
1.857268e+03 1.857268e+03
1.857268e+03 1.857268e+03
3.994217e+04 3.404874e+04
1.877346e+04 1.853521e+04
1.863955e+04 1.834755e+04
5.012172e+03 4.883439e+03
4.565993e+03 4.565921e+03
4.565760e+03 4.565760e+03
4.565760e+03 4.565760e+03
2.138950e+04 1.018454e+04
1.918585e+04 1.018454e+04
1.844135e+04 1.018454e+04
1.784705e+04 1.018454e+04
1.722106e+04 1.018454e+04
1.650130e+04 1.018454e+04
1.566808e+04 1.018454e+04
1.503409e+04 1.018454e+04
1.444011e+04 1.018454e+04
1.394007e+04 9.990926e+03
1.340760e+04 9.900444e+03
1.294118e+04 9.544426e+03
1.249732e+04 9.087281e+03
1.201828e+04 9.087281e+03
1.160847e+04 9.066900e+03
1.120539e+04 8.948777e+03
1.083296e+04 8.370858e+03
1.048097e+04 8.089485e+03
1.014127e+04 7.390857e+03
9.795767e+03 7.390857e+03
9.472302e+03 7.288769e+03
9.147077e+03 7.258968e+03
8.857475e+03 6.599510e+03
8.573614e+03 6.350359e+03
8.311419e+03 6.339674e+03
8.030145e+03 6.097299e+03
7.770837e+03 5.871350e+03
7.527206e+03 5.742302e+03
7.278726e+03 5.623324e+03
7.065959e+03 5.479150e+03
6.841523e+03 5.101479e+03
6.631419e+03 5.051593e+03
6.426701e+03 5.051593e+03
6.234719e+03 4.819546e+03
6.065351e+03 4.636174e+03
5.863715e+03 4.360326e+03
5.667869e+03 4.335718e+03
5.495292e+03 4.082555e+03
5.341360e+03 3.764440e+03
5.145354e+03 3.487536e+03
5.007363e+03 3.282855e+03
4.862051e+03 3.275407e+03
4.704831e+03 3.146292e+03
4.567895e+03 3.146292e+03
4.399848e+03 2.998954e+03
4.258150e+03 2.976743e+03
4.118361e+03 2.894607e+03
3.913010e+03 2.752353e+03
3.673558e+03 2.594831e+03
3.490693e+03 2.414190e+03
3.305124e+03 2.365364e+03
3.131015e+03 2.149015e+03
2.984036e+03 2.148167e+03
2.821219e+03 2.120889e+03
2.679829e+03 2.066633e+03
2.550871e+03 1.979267e+03
2.417769e+03 1.862958e+03
2.305051e+03 1.826046e+03
2.198478e+03 1.754941e+03
2.104234e+03 1.743637e+03
2.014626e+03 1.671295e+03
1.924654e+03 1.599487e+03
1.849003e+03 1.598781e+03
1.762492e+03 1.535521e+03
1.684556e+03 1.504277e+03
1.623045e+03 1.458970e+03
1.573261e+03 1.450007e+03
1.513981e+03 1.374799e+03
1.460415e+03 1.359330e+03
1.419050e+03 1.334210e+03
1.382427e+03 1.322913e+03
1.354291e+03 1.308245e+03
1.331499e+03 1.293431e+03
1.313368e+03 1.286668e+03
1.301177e+03 1.277309e+03
1.291336e+03 1.275212e+03
1.284109e+03 1.273143e+03
1.278406e+03 1.269405e+03
1.274160e+03 1.268256e+03
1.271041e+03 1.267227e+03
1.268815e+03 1.266166e+03
1.267230e+03 1.265208e+03
1.266144e+03 1.264935e+03
1.265389e+03 1.264575e+03
1.264846e+03 1.264525e+03
1.264537e+03 1.264451e+03
1.264436e+03 1.264402e+03
1.264396e+03 1.264376e+03
1.264380e+03 1.264367e+03
1.264368e+03 1.264364e+03
1.264365e+03 1.264364e+03
1.264364e+03 1.264364e+03
1.264364e+03 1.264364e+03
1.264364e+03 1.264364e+03
3.998890e+04 3.452530e+04
1.983574e+04 1.954830e+04
1.965818e+04 1.943214e+04
6.359188e+03 6.305096e+03
6.165852e+03 6.165822e+03
6.165759e+03 6.165759e+03
6.165759e+03 6.165759e+03
2.133198e+04 1.138965e+04
2.000472e+04 1.138965e+04
1.936629e+04 1.138965e+04
1.875089e+04 1.138965e+04
1.814780e+04 1.138965e+04
1.741017e+04 1.138965e+04
1.672622e+04 1.138965e+04
1.600869e+04 1.095521e+04
1.540547e+04 1.095521e+04
1.486533e+04 1.073512e+04
1.440935e+04 1.073512e+04
1.389070e+04 1.073512e+04
1.348099e+04 1.060689e+04
1.302601e+04 1.009453e+04
1.260265e+04 1.009453e+04
1.221266e+04 1.000526e+04
1.188455e+04 9.587413e+03
1.155495e+04 9.435484e+03
1.120259e+04 9.234555e+03
1.089695e+04 8.908863e+03
1.060542e+04 8.704792e+03
1.031925e+04 8.253046e+03
1.001187e+04 8.045424e+03
9.770263e+03 7.996443e+03
9.513748e+03 7.742324e+03
9.235027e+03 7.742007e+03
8.975613e+03 7.366600e+03
8.752276e+03 7.250596e+03
8.515140e+03 6.578121e+03
8.300074e+03 6.451158e+03
8.047184e+03 6.254619e+03
7.837797e+03 6.251848e+03
7.614943e+03 6.151878e+03
7.405737e+03 5.905076e+03
7.194672e+03 5.546647e+03
7.000910e+03 5.382661e+03
6.800987e+03 5.114095e+03
6.600025e+03 5.050257e+03
6.413677e+03 4.870149e+03
6.196589e+03 4.630855e+03
6.006305e+03 4.586785e+03
5.838272e+03 4.517899e+03
5.664337e+03 4.135500e+03
5.518950e+03 4.082909e+03
5.370720e+03 4.082909e+03
5.199020e+03 3.954832e+03
5.046516e+03 3.855586e+03
4.852171e+03 3.680290e+03
4.623054e+03 3.548383e+03
4.424212e+03 3.497835e+03
4.206691e+03 3.319543e+03
3.985178e+03 3.078792e+03
3.833442e+03 3.046103e+03
3.672947e+03 2.825986e+03
3.495976e+03 2.715510e+03
3.334887e+03 2.557442e+03
3.187327e+03 2.499423e+03
3.052616e+03 2.488035e+03
2.933913e+03 2.421476e+03
2.822142e+03 2.317211e+03
2.717611e+03 2.305636e+03
2.610942e+03 2.286290e+03
2.520788e+03 2.252684e+03
2.429337e+03 2.223757e+03
2.352084e+03 2.167761e+03
2.281621e+03 2.123703e+03
2.218082e+03 2.076037e+03
2.155553e+03 2.043947e+03
2.109750e+03 2.006856e+03
2.061054e+03 1.981764e+03
2.030256e+03 1.959512e+03
2.001946e+03 1.954948e+03
1.980403e+03 1.949694e+03
1.962223e+03 1.940218e+03
1.951031e+03 1.935519e+03
1.941909e+03 1.929665e+03
1.934976e+03 1.925786e+03
1.929756e+03 1.923275e+03
1.925907e+03 1.920490e+03
1.922583e+03 1.918692e+03
1.920671e+03 1.918082e+03
1.919118e+03 1.917380e+03
1.917975e+03 1.916564e+03
1.917133e+03 1.916439e+03
1.916574e+03 1.916211e+03
1.916270e+03 1.916095e+03
1.916093e+03 1.916028e+03
1.916023e+03 1.916002e+03
1.915998e+03 1.915989e+03
1.915986e+03 1.915982e+03
1.915982e+03 1.915982e+03
1.915982e+03 1.915982e+03
1.915982e+03 1.915982e+03
1.915982e+03 1.915982e+03
4.022922e+04 3.470727e+04
1.969701e+04 1.938801e+04
1.951107e+04 1.928795e+04
5.869984e+03 5.824756e+03
5.731529e+03 5.731513e+03
5.731481e+03 5.731481e+03
5.731481e+03 5.731481e+03
2.333484e+04 9.300480e+03
2.164174e+04 9.300480e+03
2.076917e+04 9.300480e+03
1.991994e+04 9.300480e+03
1.903831e+04 9.300480e+03
1.824048e+04 9.300480e+03
1.750800e+04 9.300480e+03
1.684516e+04 9.259868e+03
1.622105e+04 9.259868e+03
1.563925e+04 8.890620e+03
1.507620e+04 8.890620e+03
1.453100e+04 8.702207e+03
1.402869e+04 8.432426e+03
1.351532e+04 8.432426e+03
1.308812e+04 8.432426e+03
1.268258e+04 8.432426e+03
1.231791e+04 8.277289e+03
1.194225e+04 8.277289e+03
1.159070e+04 8.117780e+03
1.125384e+04 8.117780e+03
1.089223e+04 8.117780e+03
1.056305e+04 8.073203e+03
1.026653e+04 7.623712e+03
9.983307e+03 7.482342e+03
9.678804e+03 7.301265e+03
9.400396e+03 7.144248e+03
9.093442e+03 6.959807e+03
8.810916e+03 6.798837e+03
8.554253e+03 6.656912e+03
8.306979e+03 6.579052e+03
8.044830e+03 5.765174e+03
7.798681e+03 5.465876e+03
7.548797e+03 4.956861e+03
7.331145e+03 4.905718e+03
7.064430e+03 4.835990e+03
6.843964e+03 4.698811e+03
6.630441e+03 4.628110e+03
6.406339e+03 4.540305e+03
6.168242e+03 4.395866e+03
5.954416e+03 4.361611e+03
5.746248e+03 4.178909e+03
5.537620e+03 3.803085e+03
5.348518e+03 3.788523e+03
5.166022e+03 3.788519e+03
4.984993e+03 3.755814e+03
4.807029e+03 3.409348e+03
4.644681e+03 3.357781e+03
4.401613e+03 3.139185e+03
4.166055e+03 3.022521e+03
3.932893e+03 2.625804e+03
3.700753e+03 2.509052e+03
3.469207e+03 2.508496e+03
3.248426e+03 2.335473e+03
3.031184e+03 1.982852e+03
2.829140e+03 1.955615e+03
2.650311e+03 1.826162e+03
2.487356e+03 1.822392e+03
2.345213e+03 1.771344e+03
2.206273e+03 1.658607e+03
2.037490e+03 1.495473e+03
1.904435e+03 1.296289e+03
1.781468e+03 1.288302e+03
1.650778e+03 1.255448e+03
1.539550e+03 1.237531e+03
1.420221e+03 1.152891e+03
1.331548e+03 1.080268e+03
1.245249e+03 1.047987e+03
1.172651e+03 1.016054e+03
1.116077e+03 9.958276e+02
1.069106e+03 9.788039e+02
1.027426e+03 9.521228e+02
9.977957e+02 9.403634e+02
9.732539e+02 9.357202e+02
9.563386e+02 9.316477e+02
9.433933e+02 9.243441e+02
9.332419e+02 9.182766e+02
9.267701e+02 9.172492e+02
9.213221e+02 9.134575e+02
9.175780e+02 9.123056e+02
9.154653e+02 9.116333e+02
9.137491e+02 9.104530e+02
9.121886e+02 9.103357e+02
9.109883e+02 9.099908e+02
9.103079e+02 9.095042e+02
9.097912e+02 9.093960e+02
9.094642e+02 9.092806e+02
9.092789e+02 9.092277e+02
9.092103e+02 9.091904e+02
9.091899e+02 9.091784e+02
9.091803e+02 9.091766e+02
9.091778e+02 9.091765e+02
9.091765e+02 9.091765e+02
9.091765e+02 9.091765e+02
9.091765e+02 9.091765e+02
3.990958e+04 3.396071e+04
2.134116e+04 2.099192e+04
2.115698e+04 2.071790e+04
6.041042e+03 5.960438e+03
5.831355e+03 5.831332e+03
5.831269e+03 5.831269e+03
5.831269e+03 5.831269e+03
2.243384e+04 1.205463e+04
2.045073e+04 1.205463e+04
1.954642e+04 1.205463e+04
1.875225e+04 1.205463e+04
1.792052e+04 1.205463e+04
1.731242e+04 1.205463e+04
1.658961e+04 1.188403e+04
1.592946e+04 1.131176e+04
1.536464e+04 1.121214e+04
1.486013e+04 1.108983e+04
1.436449e+04 1.043117e+04
1.389689e+04 1.031294e+04
1.348466e+04 1.000433e+04
1.309790e+04 1.000433e+04
1.267190e+04 9.882480e+03
1.230561e+04 9.554670e+03
1.202185e+04 9.118964e+03
1.166522e+04 8.732822e+03
1.135587e+04 8.519385e+03
1.103171e+04 8.286201e+03
1.071589e+04 8.279059e+03
1.039336e+04 8.224087e+03
1.009069e+04 7.615459e+03
9.791972e+03 7.615459e+03
9.543842e+03 7.505011e+03
9.271511e+03 6.974385e+03
9.027919e+03 6.974385e+03
8.769301e+03 6.896261e+03
8.521336e+03 6.682508e+03
8.281065e+03 6.448472e+03
8.052638e+03 6.096808e+03
7.818191e+03 6.096808e+03
7.613061e+03 5.838667e+03
7.380749e+03 5.687055e+03
7.146383e+03 5.381036e+03
6.947767e+03 5.013849e+03
6.739872e+03 4.944921e+03
6.547090e+03 4.944921e+03
6.360260e+03 4.764520e+03
6.165630e+03 4.764520e+03
5.969660e+03 4.526918e+03
5.784716e+03 4.069316e+03
5.617622e+03 3.830222e+03
5.444255e+03 3.748187e+03
5.254868e+03 3.650760e+03
5.061947e+03 3.406391e+03
4.898328e+03 3.184414e+03
4.651374e+03 3.133034e+03
4.389149e+03 3.120542e+03
4.148279e+03 3.041938e+03
3.916149e+03 2.992227e+03
3.721662e+03 2.941083e+03
3.536436e+03 2.889584e+03
3.350601e+03 2.778428e+03
3.175926e+03 2.604214e+03
3.019660e+03 2.468993e+03
2.873006e+03 2.322766e+03
2.744556e+03 2.299197e+03
2.611334e+03 2.271644e+03
2.508967e+03 2.179783e+03
2.411775e+03 2.039445e+03
2.309556e+03 1.973004e+03
2.206925e+03 1.909184e+03
2.127630e+03 1.881616e+03
2.051184e+03 1.852491e+03
1.986768e+03 1.837685e+03
1.937510e+03 1.788481e+03
1.888503e+03 1.774971e+03
1.851651e+03 1.768377e+03
1.821418e+03 1.756215e+03
1.794628e+03 1.745281e+03
1.773572e+03 1.741371e+03
1.759612e+03 1.736056e+03
1.748768e+03 1.731284e+03
1.741210e+03 1.728090e+03
1.735457e+03 1.726887e+03
1.730994e+03 1.724565e+03
1.728012e+03 1.723608e+03
1.725896e+03 1.722508e+03
1.724327e+03 1.722156e+03
1.723126e+03 1.720879e+03
1.722099e+03 1.720772e+03
1.721450e+03 1.720605e+03
1.720978e+03 1.720452e+03
1.720620e+03 1.720405e+03
1.720436e+03 1.720337e+03
1.720335e+03 1.720307e+03
1.720302e+03 1.720287e+03
1.720290e+03 1.720284e+03
1.720285e+03 1.720283e+03
1.720283e+03 1.720283e+03
1.720283e+03 1.720283e+03
1.720283e+03 1.720283e+03
1.720283e+03 1.720283e+03
4.023664e+04 3.392223e+04
2.067390e+04 2.034000e+04
2.047006e+04 2.009741e+04
6.814305e+03 6.735245e+03
6.502984e+03 6.502964e+03
6.502912e+03 6.502912e+03
6.502912e+03 6.502912e+03
2.094885e+04 1.118753e+04
1.965415e+04 1.118753e+04
1.886314e+04 1.118753e+04
1.815081e+04 1.118753e+04
1.739947e+04 1.118753e+04
1.666228e+04 1.111251e+04
1.602414e+04 1.111251e+04
1.544578e+04 1.111251e+04
1.495660e+04 1.076760e+04
1.445735e+04 1.076760e+04
1.397462e+04 1.051429e+04
1.354085e+04 1.029707e+04
1.307935e+04 1.007095e+04
1.264174e+04 1.002069e+04
1.224495e+04 9.613379e+03
1.185355e+04 9.445057e+03
1.146510e+04 9.088382e+03
1.110265e+04 8.836336e+03
1.077836e+04 8.514668e+03
1.048637e+04 8.353678e+03
1.015844e+04 8.167496e+03
9.861512e+03 7.725599e+03
9.547795e+03 7.586214e+03
9.263984e+03 7.501481e+03
9.002309e+03 7.276701e+03
8.750226e+03 6.680758e+03
8.489641e+03 6.304137e+03
8.258367e+03 6.288180e+03
8.041737e+03 6.265098e+03
7.830922e+03 6.047186e+03
7.610437e+03 5.716681e+03
7.373699e+03 5.670890e+03
7.171625e+03 5.562235e+03
6.951796e+03 5.307642e+03
6.729752e+03 5.195598e+03
6.534408e+03 5.015730e+03
6.338309e+03 4.803604e+03
6.125296e+03 4.690611e+03
5.942431e+03 3.985298e+03
5.760198e+03 3.921186e+03
5.575743e+03 3.693981e+03
5.393655e+03 3.655460e+03
5.217657e+03 3.555195e+03
5.062589e+03 3.552208e+03
4.900267e+03 3.237026e+03
4.742299e+03 3.069603e+03
4.579300e+03 2.877717e+03
4.389889e+03 2.599774e+03
4.171168e+03 2.599774e+03
3.956892e+03 2.354319e+03
3.737793e+03 2.354315e+03
3.534023e+03 2.148944e+03
3.326754e+03 2.142491e+03
3.139283e+03 2.135484e+03
2.945184e+03 2.119059e+03
2.779152e+03 2.105973e+03
2.613329e+03 1.950974e+03
2.466373e+03 1.942008e+03
2.350861e+03 1.804509e+03
2.225895e+03 1.748293e+03
2.108461e+03 1.706374e+03
2.009039e+03 1.598421e+03
1.917152e+03 1.592787e+03
1.832838e+03 1.564414e+03
1.756031e+03 1.534485e+03
1.690435e+03 1.489260e+03
1.628599e+03 1.457059e+03
1.566827e+03 1.431046e+03
1.505645e+03 1.384817e+03
1.456099e+03 1.355514e+03
1.414021e+03 1.320947e+03
1.378599e+03 1.311884e+03
1.351084e+03 1.303808e+03
1.331096e+03 1.298296e+03
1.313105e+03 1.288810e+03
1.299966e+03 1.283102e+03
1.290604e+03 1.276801e+03
1.284256e+03 1.272611e+03
1.279004e+03 1.271721e+03
1.274854e+03 1.268792e+03
1.272016e+03 1.268272e+03
1.269887e+03 1.267230e+03
1.268427e+03 1.266247e+03
1.266922e+03 1.265689e+03
1.265924e+03 1.264932e+03
1.265168e+03 1.264619e+03
1.264749e+03 1.264555e+03
1.264565e+03 1.264497e+03
1.264487e+03 1.264460e+03
1.264458e+03 1.264450e+03
1.264446e+03 1.264440e+03
1.264441e+03 1.264440e+03
1.264440e+03 1.264440e+03
1.264440e+03 1.264440e+03
4.003271e+04 3.381839e+04
1.917612e+04 1.872472e+04
1.900432e+04 1.857087e+04
4.827020e+03 4.740872e+03
4.587143e+03 4.587114e+03
4.587043e+03 4.587042e+03
4.587042e+03 4.587042e+03
2.287476e+04 9.532865e+03
2.040762e+04 9.532865e+03
1.955461e+04 9.532865e+03
1.887620e+04 9.532865e+03
1.823156e+04 9.532865e+03
1.752561e+04 9.532865e+03
1.677053e+04 9.532865e+03
1.604700e+04 9.532865e+03
1.542612e+04 9.532865e+03
1.480351e+04 9.529168e+03
1.429519e+04 9.529168e+03
1.377070e+04 9.529168e+03
1.329807e+04 9.529168e+03
1.291070e+04 9.470161e+03
1.250454e+04 9.307537e+03
1.213221e+04 8.616327e+03
1.176779e+04 8.616327e+03
1.134486e+04 8.529322e+03
1.097979e+04 8.529322e+03
1.060367e+04 8.212423e+03
1.025329e+04 7.826201e+03
9.926588e+03 7.601085e+03
9.584546e+03 7.596853e+03
9.284499e+03 7.328043e+03
8.949532e+03 6.899435e+03
8.636260e+03 6.596816e+03
8.365736e+03 6.349992e+03
8.092225e+03 5.717064e+03
7.827910e+03 5.592490e+03
7.594424e+03 5.432512e+03
7.323664e+03 5.288504e+03
7.062525e+03 4.858839e+03
6.840639e+03 4.803790e+03
6.631958e+03 4.787390e+03
6.397006e+03 4.787390e+03
6.181539e+03 4.626246e+03
5.974320e+03 4.554137e+03
5.774855e+03 4.089059e+03
5.571124e+03 3.865241e+03
5.386033e+03 3.725418e+03
5.190133e+03 3.614894e+03
4.999412e+03 3.288707e+03
4.846886e+03 3.287482e+03
4.667232e+03 3.209156e+03
4.498508e+03 2.897620e+03
4.320020e+03 2.747430e+03
4.172618e+03 2.739893e+03
3.963801e+03 2.658500e+03
3.731602e+03 2.570625e+03
3.509801e+03 2.545353e+03
3.292062e+03 2.332612e+03
3.102446e+03 2.265532e+03
2.913066e+03 2.037735e+03
2.724374e+03 1.927132e+03
2.541133e+03 1.888836e+03
2.389933e+03 1.726007e+03
2.245602e+03 1.703829e+03
2.110550e+03 1.609498e+03
1.988826e+03 1.486291e+03
1.879501e+03 1.436287e+03
1.771674e+03 1.290866e+03
1.660171e+03 1.220147e+03
1.566081e+03 1.135105e+03
1.467831e+03 1.118046e+03
1.363521e+03 1.098276e+03
1.283359e+03 1.079155e+03
1.219458e+03 1.038086e+03
1.157819e+03 1.009259e+03
1.104650e+03 9.804476e+02
1.060180e+03 9.734295e+02
1.021583e+03 9.547419e+02
9.951531e+02 9.366683e+02
9.718935e+02 9.303823e+02
9.514305e+02 9.260150e+02
9.386623e+02 9.218592e+02
9.298501e+02 9.187679e+02
9.240131e+02 9.161453e+02
9.196129e+02 9.150254e+02
9.171066e+02 9.136112e+02
9.149575e+02 9.123726e+02
9.132707e+02 9.114660e+02
9.120579e+02 9.105353e+02
9.110831e+02 9.098741e+02
9.104764e+02 9.096284e+02
9.099400e+02 9.095253e+02
9.096434e+02 9.094551e+02
9.094663e+02 9.093923e+02
9.094077e+02 9.093758e+02
9.093817e+02 9.093695e+02
9.093699e+02 9.093656e+02
9.093663e+02 9.093654e+02
9.093654e+02 9.093654e+02
9.093654e+02 9.093654e+02
9.093654e+02 9.093654e+02
