0 0 0 0 0 0 0 0 0 0 0 0 0 0 0 0 0 0 0 0 0 0 0 0 0 0 0 0 0 0 
134.957 99.864 61.5139 164.154 33.6788 236.659 72.1726 37.9878 89.9853 51.2769 95.8205 59.4486 192.439 95.1965 41.6331 88.9502 110.739 180.816 37.9862 60.4755 19.5981 74.9842 68.2852 64.6751 22.8996 112.86 61.9664 160.235 42.2726 165.716 
26.9982 26.4683 24.2836 25.5914 24.9257 27.0314 24.3334 27.8531 25.6326 25.8905 22.475 25.8225 23.8256 24.9045 25.0987 26.5352 25.044 23.6149 26.3131 25.5708 23.2468 23.77 26.1813 21.8161 22.5496 24.5157 25.1734 25.1243 23.3624 23.4112 
1.40771 1.46394 1.72086 1.47224 1.10552 1.45615 1.82513 1.29819 2.05979 1.71077 1.50151 1.95277 1.56928 1.7985 1.89127 1.5485 1.22502 1.69606 1.72522 1.92635 0.595855 1.85057 1.77343 2.16749 1.19184 1.54312 1.84773 1.80888 1.80117 1.51084 
623.941 279.258 706.008 737.971 657.295 582.686 590.33 490.956 264.186 720.652 552.196 479.754 381.665 531.666 828.589 547.638 482.399 501.019 753.285 521.961 341.102 942.68 630.456 775.414 718.418 420.548 325.976 773.319 596.994 414.983 
1.14241 1.20363 1.36149 0.767848 1.60003 0.993155 0.955758 0.952683 1.74153 0.919922 1.32766 1.79338 1.37397 0.744061 0.872857 1.40563 1.08545 1.14852 0.821603 1.09565 1.39406 1.3281 0.72864 0.894855 0.781984 1.20974 1.03106 0.887491 0.732838 1.24675 
140.64 143.48 113.589 403.975 199.41 261.308 195.911 235.135 119.808 176.619 341.197 335.72 305.66 393.337 290.203 498.359 238.596 190.848 120.53 162.098 78.7733 197.12 217.422 234.029 55.7026 162.642 373.765 109.708 149.936 323.895 
100 100 100 100 100 100 100 100 100 100 100 100 100 100 100 100 100 100 100 100 100 100 100 100 100 100 100 100 100 100 
422.502 433.789 415.993 425.009 426.507 425.976 430.699 428.124 427.606 436.859 215.056 427.591 416.161 421.831 413.824 432.507 162.147 422.298 277.677 215.258 427.884 423.552 307.258 429.341 426.535 429.782 243.38 420.097 419.281 427.414 
413.753 413.672 413.69 413.657 413.891 413.721 408.293 413.754 410.108 410.276 424.906 413.658 413.69 413.674 413.657 413.672 413.12 413.669 413.657 413.693 410.027 414.262 413.686 413.657 413.677 413.658 412.883 413.658 413.701 413.658 
