0.12016 0.17708 0.076647 0.10237 0.87881 0.1187 0.05276 0.041689 0.019136 0.037443 0.031765 0.0096271 0.11592 0.054084 0.032342 0.05458 0.053307 0.053992 0.092123 0.048474 0.01365 0.051377 0.084392 0.053187 0.27259 0.15433 0.021945 0.21417 0.099731 0.1591 0.54709 0.059543 
1.9908e-09 3.1142e-09 4.9457e-10 2.3174e-09 6.5896e-10 4.5344e-10 8.4142e-10 1.2928e-09 9.7245e-10 1.3807e-09 8.2829e-10 1.6364e-09 2.5835e-10 2.2575e-10 4.6904e-10 5.7105e-10 2.5385e-09 5.831e-09 9.814e-10 1.6572e-08 1.9219e-09 1.1953e-09 8.5564e-10 3.7193e-10 6.4258e-09 2.9969e-09 9.012e-10 1.0043e-09 1.1294e-09 1.5568e-09 4.7095e-10 2.5718e-09 
1.2004e-08 2.3401e-08 8.5634e-08 2.311e-09 2.62e-09 2.1179e-09 3.9588e-09 9.7412e-09 3.3457e-09 7.2243e-09 2.8905e-09 2.2341e-09 3.0983e-09 1.068e-09 6.9971e-09 4.6991e-09 4.6339e-10 2.9369e-08 1.4672e-09 1.7277e-08 1.3339e-09 2.507e-09 3.8818e-10 8.8629e-08 1.9719e-09 2.4905e-09 1.0343e-08 7.559e-10 3.4959e-09 5.8497e-08 2.0962e-09 1.0801e-09 
53.9164 68.3626 132.1332 3.9866 3.9866 134.5718 84.6182 3.9902 143.64 3.9866 1.296e-11 143.5117 143.5111 3.3992e-11 143.5536 4.2238 3.9912 4.0156 3.9867 143.5406 3.9866 3.9866 143.5423 3.9911 3.9866 151.9715 3.988 181.5661 3.9866 3.9866 3.9866 7.2668 
19.9999 0.00010356 20 19.9997 20 19.9998 20 19.9999 19.9999 19.9999 19.9999 20 19.9998 20 19.9997 19.9998 19.9998 20 19.9996 19.9999 20 19.9999 20 19.9999 20 20 20 20 19.9999 19.9999 19.9998 20 
1.637 0.91618 3.1527 0.89455 3.0764 1.5 1.5 1.5764 1.5 2.0698 1.5 1.5 1.5764 1.5 1.5764 1.5764 1.5 3 1.5 1.4883e-06 1.5764 1.5764 1.5764 1.9826e-06 1.5764 2.901e-06 4.6527 1.5764 1.5 1.5 1.5 1.5764 
9.7365e-09 3.1406e-08 1.5082e-09 1.2828e-09 1.1346e-09 8.4356e-10 5.1517e-09 2.7612e-09 4.1601e-09 4.7237e-10 2.3549e-09 5.7332e-10 4.3349e-10 1.2056e-09 1.8188e-08 1.7614e-09 1.5401e-08 1.6036e-09 1.2375e-09 2.1323e-09 3.4493e-10 7.0961e-09 1.2595e-08 2.025e-08 4.7523e-09 8.5811e-10 7.584e-10 3.3939e-09 1.7359e-07 2.291e-09 1.3024e-09 2.6548e-09 
3.8803 1.1494 5.9698 5.9698 1.9899 4.9748 4.9748 1.9899 3.9798 3.9798 3.9798 2.9849 3.9798 3.9798 2.9849 3.9798 2.9849 5.9698 4.9748 1.9899 3.9798 2.9849 4.9748 2.9849 2.9849 2.9849 4.9748 4.9748 2.9849 2.9849 3.9798 3.9798 
2.6532 1.6594 2.9849 2.9849 3.9798 0.99496 0.99496 0 0.99496 5.9698 0.99496 1.1369e-13 1.9899 2.9849 5.9698 3.9798 2.9849 1.9899 2.9849 0.99496 4.9748 4.9748 3.9798 3.9798 1.9899 0.99496 0.99496 3.9798 1.9899 1.9899 1.9899 3.9798 
619.2276 322.1944 221.3945 634.977 538.5481 241.1061 812.1021 593.8592 575.4179 1110.3789 577.2091 122.4785 931.0761 221.5775 557.4783 359.2716 1187.3657 655.8596 657.0364 558.6239 853.7497 1168.4077 3.2611 694.5285 1169.3511 417.223 754.2444 121.3579 459.9663 635.1167 793.2173 950.6439 
2065.6939 365.5234 1568.5748 2951.4236 2339.7866 1691.2095 2385.4867 2281.9925 2302.108 2044.4246 2147.07 2085.6401 2143.0016 1687.0595 2085.7647 1771.4372 1809.0691 2045.3467 2463.0735 1827.523 1396.6417 1868.7343 1629.5652 2206.9368 2343.6204 2796.5025 1419.2896 2064.4869 2042.9678 1908.021 2381.8155 2282.243 
0.016619 0.015527 0.014845 0.0052564 0.074469 0.026266 0.012099 0.010827 0.021742 0.004302 0.020559 0.0030683 0.017374 0.0015597 0.048128 0.021004 0.0055308 0.010698 0.01254 0.010417 0.0063521 0.0058503 0.0088343 0.025542 0.0031485 0.010619 0.0067351 0.017146 0.025794 0.023905 0.0037496 0.040207 
0.087829 0.015468 0.078957 0.068381 0.065677 0.10527 0.093853 0.089816 0.090783 0.073078 0.085503 0.102 0.12023 0.075716 0.063852 0.079343 0.084123 0.08247 0.079631 0.10652 0.094599 0.081808 0.10865 0.10512 0.10226 0.062789 0.10567 0.093779 0.086194 0.087524 0.060621 0.10066 
0.37128 0.030252 0.39122 0.33459 0.35956 0.41196 0.39712 0.36646 0.38277 0.38701 0.35546 0.38741 0.41639 0.30542 0.38855 0.3554 0.39608 0.33509 0.313 0.36504 0.35873 0.35112 0.34836 0.42114 0.35473 0.38844 0.40368 0.33926 0.34726 0.417 0.37304 0.38717 
11.9317 1.8126 10.7475 9.5938 13.3878 11.9543 9.9668 16.8845 12.8346 10.9487 9.0637 9.0751 10.4523 14.7712 12.3918 12.6509 11.76 13.272 10.4106 12.0189 13.1686 12.1036 9.4723 12.5806 13.4551 13.7464 10.8397 13.8561 9.7468 11.5647 12.9455 12.2857 
41.148 1.1276 41.5923 40.8691 39.997 40.7521 42.9326 40.042 39.9921 39.9735 41.2839 41.6287 42.1165 41.1392 41.8446 41.9668 40.9884 41.8257 40.2634 40.7115 40.2572 40.6016 39.6774 41.2193 42.7376 41.8311 40.7923 43.4837 38.4005 43.2481 41.5812 40.6907 
1526.6442 2162.6152 521.7068 6331.226 5694.1208 5281.7189 5.7199 663.0649 224.7352 5403.4421 227.6146 610.3597 532.6882 523.5381 130.7132 5281.6329 1095.3301 598.9725 695.7346 364.0363 308.6112 721.272 423.174 618.9245 360.9447 566.417 522.9453 6435.6562 305.7275 701.3223 344.262 303.7154 
1.6586 0.96646 2.5278 2.9505 0.5453 1.5132 1.4998 1.4983 0.55921 0.52462 1.4968 0.53924 1.4694 3.5492 1.5506 2.5388 1.5948 1.5708 3.4985 1.5003 0.50463 0.7139 2.7054 3.4921 1.5499 0.55251 0.58015 1.6669 2.4993 0.54865 2.5062 1.5113 
71.2744 22.8741 57.2986 54.3795 58.3599 54.5439 55.5763 58.2009 59.9499 60.7658 55.4299 56.466 107.495 54.3607 59.6056 55.0099 53.6447 105.3956 107.5557 56.9279 107.3876 106.6542 58.8921 92.1556 108.372 56.0732 57.7983 58.1412 106.1263 106.392 51.8454 57.4283 
357.9337 210.22 393.6299 293.7369 419.2408 525.8769 338.3318 467.7563 3.2511 559.8971 4.975 545.1546 510.0249 368.4155 486.3033 3.1364 385.0095 468.4047 615.0453 35.0878 4.0051 444.4547 585.5933 538.4474 4.8848 405.5652 3.5777 558.1601 436.0882 460.3306 342.186 531.4412 
3199.135 670.7663 4280.3534 2799.2054 3009.8435 3611.4886 2529.732 4314.1293 2397.1263 4184.9896 2824.4856 3456.1716 3410.1516 3099.7961 4199.1238 3778.2701 2216.062 3557.8837 2427.666 2308.6058 3278.522 3089.9307 3804.903 2673.6655 2819.213 3053.8323 2818.603 2182.7934 4193.5339 4028.6312 2541.5999 3083.7392 
648.6763 400.0251 1132.8984 1291.6698 566.6296 1106.8844 973.8109 690.0756 395.1022 774.377 690.6376 382.6807 54.824 174.7736 166.7904 1382.5517 387.7269 436.4444 166.5562 1233.4886 377.8025 285.4565 389.2551 713.6778 352.5081 1349.7384 727.8104 739.6393 468.1675 68.0451 1048.7091 931.5579 
348.2504 0.0038275 348.2485 348.251 348.2527 348.257 348.2511 348.2472 348.2504 348.2471 348.2534 348.2491 348.2529 348.2497 348.2556 348.2507 348.2517 348.2495 348.2584 348.2545 348.2469 348.2428 348.2464 348.2487 348.2467 348.2555 348.2524 348.2469 348.2463 348.2554 348.2445 348.2496 
375.4355 2.7186 374.538 376.7711 375.2505 371.3385 375.55 376.6405 377.6233 373.089 376.5724 370.4661 373.9526 378.1957 372.3451 376.7179 378.8623 375.9611 374.8617 376.0762 379.2248 379.61 370.7407 378.4031 368.1079 375.2528 375.4942 375.4033 376.4682 375.3301 376.6825 377.5347 
201.3916 2.9029 200 200 200 208.9063 200 200 200 200 200.5162 206.0493 200 204.6751 200 202.8919 200 209.223 200 200 200 200 201.1375 200 200 200 200 200 200 200 208.3495 200 
200.0289 0.038639 200 200 200 200.0792 200.0783 200 200 200 200.0764 200.0787 200.08 200 200.0793 200 200.08 200 200 200 200.0783 200 200 200 200.0797 200 200.0787 200 200 200 200.0784 200 
300 1.855e-05 300 300 300 300.0001 300.0001 300.0001 300.0001 300 300 300 300 300 300 300.0001 300 300.0001 300.0001 300 300 300 300.0001 300 300.0001 300 300 300 300 300 300 300.0001 
2346.9551 269.5873 2430.0952 1878.9819 2932.1647 2428.646 2460.0622 2542.9967 2413.663 1838.4158 2487.2999 2395.3463 2356.8745 2425.6871 2454.7134 2780.8627 2399.4783 2418.8859 2739.9011 2370.1002 2608.1449 1842.1745 2278.8477 2261.4583 2415.9233 2322.7436 2226.9552 2512.468 2185.2814 2141.0011 2048.902 1810.5777 
730.362 58.8307 717.3046 724.3279 782.896 716.2314 700.4166 758.4096 713.5402 788.5424 800.7376 758.8639 717.0562 672.3157 717.4148 706.2429 784.0062 662.8 658.5276 853.4116 702.5876 685.8748 844.1429 739.3068 651.9789 691.9107 639.2471 827.4659 672.1563 755.6979 667.1431 800.3022 
6137.5363 1561.6788 3130.082 7460.5671 7288.6594 3496.7778 5296.7629 3982.9792 6706.9403 5607.9962 6238.3167 7958.1569 3498.3409 5938.9435 4224.2838 7794.5007 5456.8515 8691.1894 7140.5709 6962.7512 7232.6469 7094.0702 7792.8421 4505.059 8559.8846 6767.0996 5292.2426 7692.179 4909.822 6647.7757 5846.9539 4910.842 
