5.818268e+06 1.077346e+06 5191224.2325 8061718.9513 6297804.3384 6520102.3732 6446374.4588 3506652.7581 6571642.5486 4748408.3746 6402993.4324 6703022.4655 5337619.9188 4795116.6599 2906971.8906 6107125.9749 5824510.1855 6134293.2987 5438349.2074 6215028.6514 5004756.5161 5274187.2239 5496879.1221 6912751.6506 6007474.4131 6625310.5913 5916293.4343 4635024.5493 5040387.6598 7287619.8787 6095075.5437 7043306.3812 
1.342905e+02 7.603180e+01 126.9039 449.1333 70.672 118.1219 177.7743 227.0958 133.7681 144.8631 210.1423 84.1464 102.4242 173.2878 62.6442 126.1747 129.3527 99.7861 118.3432 27.2449 125.1042 136.4626 38.6513 134.8911 138.2107 171.5255 71.901 179.4726 175.8853 69.6992 110.0856 94.9469 
1.590388e+00 1.335626e+00 3.9489 0.63657 0.82677 0.41779 0.7625 1.2902 1.1546 0.65758 0.41155 0.56779 1.195 1.1573 3.7915 1.2748 3.8593 0.89524 1.544 0.83683 2.1847 0.35169 2.1207 0.6796 1.7457 3.3203 0.40631 0.83749 0.62709 1.8907 5.7934 2.5259 
1.710352e+02 4.113177e+01 242.9413 143.535 144.264 143.3951 186.4635 216.5002 143.654 244.4855 143.4857 186.0197 144.3219 183.8144 141.1689 143.7774 141.4671 187.3685 186.4277 144.9893 298.0656 231.3619 136.95 203.9442 143.616 188.4957 142.4111 144.3035 143.61 143.4967 143.6443 143.0771 
2.054150e+01 5.631517e-02 20.606 20.46 20.4437 20.504 20.5522 20.5615 20.5051 20.6037 20.5187 20.5457 20.4271 20.5537 20.5295 20.5198 20.6283 20.5398 20.4606 20.5452 20.5187 20.5826 20.6002 20.4714 20.5827 20.491 20.6181 20.5498 20.5623 20.5301 20.5757 20.6577 
1.055887e+01 2.434668e+00 12.472 12.6317 12.6465 10.0998 9.1999 11.7275 11.898 8.7975 11.6133 10.6972 12.1789 10.0188 9.3075 13.3233 7.2429 7.9923 10.2996 13.8423 6.3644 14.926 12.9869 7.8008 7.4657 13.132 9.6646 11.1005 12.2344 4.3051 10.6841 10.1125 
7.510910e-12 5.738026e-12 1.3983e-11 8.8676e-12 2.9559e-12 3.638e-12 2.6375e-11 5.9117e-12 1.1369e-12 2.2737e-12 8.2991e-12 5.798e-12 1.6485e-11 1.6485e-11 5.457e-12 4.5475e-12 3.0695e-12 3.979e-12 5.1159e-12 6.4801e-12 5.5707e-12 2.3874e-12 4.3201e-12 2.16e-12 1.2733e-11 2.5011e-12 1.0346e-11 9.8908e-12 1.6257e-11 5.457e-12 9.0949e-12 3.7517e-12 
1.726094e+01 4.067437e+00 16.9401 10.6986 22.3362 8.8512 9.4991 15.6375 19.3213 20.9092 23.327 20.357 17.2848 14.5232 14.3632 18.1345 13.6232 18.3904 13.1404 19.9167 10.6098 15.7522 14.0862 20.9378 21.1892 21.9233 19.7712 18.0581 20.4853 22.3613 15.816 19.5841 
1.248515e+02 2.163484e+01 93.2599 157.3459 128.3721 82.7943 122.4247 113.4733 133.4438 131.3333 113.4913 109.4466 115.7921 129.3759 142.3185 99.5032 139.4048 103.5776 101.496 127.5604 146.3835 136.3479 196.1005 128.3867 128.5882 142.2828 103.4903 124.3722 111.4921 137.8509 118.4533 127.3841 
2.496949e+02 1.160333e+02 115.2866 227.6018 150.9433 298.8046 387.9448 367.3131 253.2846 224.3789 405.1577 186.6051 440.1349 226.485 531.3223 237.9084 237.0123 59.7813 215.3579 387.367 179.0556 115.3606 286.2921 90.2571 171.5278 177.5929 405.55 246.3292 153.0225 376.1762 195.1938 141.8003 
1.308490e+04 1.853221e+03 10539.8652 15025.019 12950.387 14388.7411 12519.4084 16394.1863 11442.3914 11123.6773 15716.7078 15898.2797 11401.7711 12874.038 15623.7749 14904.4557 12682.9185 13279.9002 13175.2007 14175.8019 11712.5405 15365.3837 12455.3794 11393.3912 10841.8626 15110.7962 10478.7205 10416.0617 14505.6098 12701.8501 10804.7592 12644.1523 
7.338895e-01 9.634492e-02 0.60427 0.80743 0.79525 0.82071 0.85136 0.66149 0.68404 0.78222 0.7799 0.75422 0.48314 0.65099 0.84761 0.64359 0.77852 0.765 0.66718 0.66054 0.64194 0.84555 0.84482 0.70185 0.82961 0.61612 0.80996 0.86202 0.81021 0.59896 0.73028 0.6879 
3.517102e-01 3.269761e-02 0.31066 0.32039 0.40268 0.37814 0.39529 0.34461 0.37732 0.30279 0.35463 0.31531 0.36233 0.36724 0.32756 0.32238 0.3491 0.41176 0.3732 0.33772 0.31096 0.37242 0.40499 0.3194 0.35439 0.37961 0.35885 0.33733 0.35544 0.36149 0.27857 0.36476 
2.960084e-01 1.636165e-02 0.32167 0.29892 0.3014 0.30275 0.30732 0.28695 0.26286 0.30588 0.29886 0.32522 0.24932 0.30799 0.28254 0.31026 0.28286 0.28512 0.30146 0.28125 0.29895 0.29295 0.31563 0.28753 0.27689 0.30206 0.29815 0.27888 0.30502 0.30884 0.29754 0.30519 
3.114081e+01 5.603187e+00 28.1251 37.7896 25.5664 28.7602 16.0276 29.3372 29.1166 25.9285 38.3644 37.622 33.8058 28.2759 35.9715 30.6096 25.5532 39.3245 29.4113 35.3089 35.1862 26.1009 35.2777 21.9158 36.8662 33.1859 37.8648 32.2253 33.1785 32.5776 22.7097 32.2375 
4.163237e+01 7.186055e-01 42.3162 41.6502 41.996 40.8649 42.7073 41.8307 40.8354 42.3703 40.7535 42.6012 42.6866 42.4807 41.7868 40.831 40.5086 41.9054 42.1891 40.2271 41.1326 40.7755 42.3478 41.6343 41.6254 41.9049 41.0653 41.437 40.9202 42.6229 41.725 41.2391 
4.282597e+04 1.888345e+04 29075.8548 48194.7274 34625.727 53102.0086 41811.4993 41313.3696 37777.5531 41454.3841 28761.4869 25398.1251 31497.7447 32289.2303 116380.2791 58090.2861 46685.09 50174.981 18733.0454 41597.0799 23427.3736 27779.625 66954.8514 39179.0502 29480.7439 31259.1286 70337.8625 53814.2152 30794.7093 44930.6068 57943.9213 31914.4088 
2.728727e+02 1.643614e+02 408.2693 446.237 205.4389 293.921 360.9761 703.4822 242.9224 123.8013 136.0547 231.6525 205.3342 34.2627 241.2557 431.05 358.0609 70.0984 203.7935 646.66 321.1754 141.3851 566.5731 245.2594 93.9201 167.2522 227.8389 259.8039 242.3804 119.3456 356.5974 101.3779 
9.247804e+01 2.763567e+00 91.3931 91.4611 90.9799 92.8814 91.4567 91.618 90.058 105.8992 91.4927 92.8195 92.0701 91.0318 90.9529 92.4611 92.6556 93.7881 91.0232 91.3559 92.6176 91.7859 90.2415 91.2561 95.0857 93.2709 93.1927 92.8595 93.0515 91.3684 92.9388 91.2742 
2.057414e+02 4.135010e+01 194.6145 164.6022 218.9168 247.0705 238.6765 184.5744 231.9309 275.989 157.4404 193.8399 187.3052 197.871 175.0168 282.0061 210.8475 318.3767 207.3327 159.1057 199.0069 224.4406 190.6215 228.3463 138.5105 220.8813 209.0707 159.4743 191.6151 184.1745 140.1462 240.438 
4.312386e+03 1.569785e+03 6530.6297 3482.3514 2143.5409 6082.0181 3049.2279 5681.0713 4451.4839 4636.1724 5677.8802 3711.4073 2975.6797 2724.1391 5503.9469 5118.3462 2360.8312 6377.1456 5156.2179 2012.1879 5193.961 3379.6722 4030.1094 4169.2098 3677.7743 2581.2526 7695.9549 4510.7116 2998.3435 4241.8263 2039.9587 7178.5424 
1.242975e+03 2.224185e+02 1617.19 1212.806 1389.8755 1413.667 1365.748 896.8512 1183.8923 1592.1868 1182.3463 660.295 998.6162 1149.5151 1172.9057 1397.3185 1504.2565 1437.5993 823.7251 1367.167 1169.9921 1197.475 1177.5012 1320.1303 1178.961 1569.8601 1185.7457 1285.4838 936.8414 1355.3392 1233.4252 1312.5268 
3.482350e+02 3.946741e-08 348.235 348.235 348.235 348.235 348.235 348.235 348.235 348.235 348.235 348.235 348.235 348.235 348.235 348.235 348.235 348.235 348.235 348.235 348.235 348.235 348.235 348.235 348.235 348.235 348.235 348.235 348.235 348.235 348.235 348.235 
3.567986e+02 1.074667e+00 353.5898 357.4546 355.4148 357.1478 356.9263 357.857 357.5956 354.7568 357.8945 357.0463 358.5099 357.1478 357.2756 357.4546 356.9262 357.4546 357.1478 357.0865 356.9357 357.2756 355.6775 355.3622 356.8406 357.1478 357.1478 356.942 356.6196 357.0865 357.5825 354.6528 
2.000001e+02 2.850488e-04 200 200 200 200 200 200 200 200 200 200 200 200 200 200 200 200 200 200 200 200 200 200 200 200 200 200 200 200.0016 200 200 
2.001186e+02 1.515437e-02 200.1269 200.1146 200.1352 200.1464 200.1492 200.1032 200.1169 200.1113 200.1089 200.1189 200.0969 200.1192 200.1129 200.1029 200.1266 200.1076 200.141 200.119 200.122 200.1608 200.1254 200.1194 200.1126 200.1141 200.1055 200.1059 200.1164 200.1113 200.1048 200.1014 
3.658917e+02 2.237131e+01 381.5075 351.6807 411.055 391.5648 370.5497 344.3852 333.7157 403.0941 364.7448 378.2545 384.4651 368.2718 363.2373 340.2012 378.8282 370.1598 371.0062 351.175 326.7303 362.3844 381.6141 360.7413 360.7328 364.4005 400.832 390.8305 357.7288 351.7406 344.8877 316.2312 
2.249192e+03 5.372928e+01 2212.1633 2269.0643 2264.0151 2263.9247 2236.3866 2336.9078 2202.2801 2260.7676 2232.7294 2263.5119 2185.1176 2408.1099 2273.4624 2281.449 2209.423 2222.9265 2243.9309 2307.6047 2263.1697 2141.0519 2272.0371 2252.3052 2335.6743 2206.4246 2267.3865 2240.5209 2209.0163 2224.6668 2150.7559 2238.9722 
1.862571e+03 1.141997e+02 2016.1483 1964.0955 1822.3839 1622.4108 1788.1331 1826.9117 1947.7234 1852.7063 1999.3638 1770.3151 1902.5865 1863.9099 1859.0473 2092.9442 1816.4381 1988.9762 1930.8449 1759.5221 1755.741 1772.6151 1712.9877 1981.5565 1943.6413 1914.4584 1832.496 1928.8517 1987.117 1825.0764 1784.4327 1613.6951 
6.308866e+03 5.513826e+02 6315.2366 6551.4613 6051.541 6196.6965 6534.8991 6690.9248 6319.9933 6700.7015 6191.764 5354.2283 6518.0437 5683.9707 6913.184 7563.3168 6367.0239 6968.888 6485.609 6122.1465 4539.372 5932.9828 6284.6777 6086.4497 5455.0202 6167.1018 6804.3574 6414.8592 6378.5293 6528.9142 6621.2975 6522.7805 
