9.690639e+05 2.989660e+05 570045.6837 1067418.9428 1097046.69 1002831.7064 488950.402 956344.738 680815.5832 1199668.5893 1673782.1287 738279.051 692860.2304 1023083.8536 769419.2356 972341.129 1438801.4896 597272.1553 1239212.1069 889947.1326 785041.4609 869355.0582 999828.0637 528993.5305 1144153.3864 965226.695 1528784.0114 570667.078 1120062.1249 1302212.2458 952792.9439 1206679.527 
1.897693e+03 2.766687e+03 2550.6465 1033.4021 976.9174 2420.7758 363.0848 381.9805 10482.6903 472.5182 4338.4999 1933.7635 20.4333 518.0639 969.992 223.9595 9244.1794 1194.3823 249.8227 337.2384 931.1247 75.1294 268.1242 1.2316 502.2562 2702.1076 405.2421 237.9237 1159.5304 4032.1306 683.2073 8220.4282 
1.098577e+01 1.054548e+01 1.3561 5.331 2.9954 11.2339 2.9894 41.286 37.5971 24.1962 16.3323 12.9126 7.861 6.0179 1.4347 13.3835 5.6651 9.1919 8.3749 35.6169 15.99 8.7211 13.3813 5.5119 3.0506 4.5055 1.6026 4.3762 7.3012 7.0016 6.2041 8.1509 
1.726014e+02 3.292511e+01 144.5963 165.4715 228.6194 143.4935 202.8329 189.8228 201.9524 175.5284 143.4758 118.9822 143.9365 143.4012 135.572 177.0227 192.6078 179.8441 142.4125 143.6369 180.9106 143.9098 245.8072 183.4097 202.0292 143.0695 181.6713 194.9259 143.0515 239.5991 145.8768 200.5732 
2.048135e+01 2.659350e-01 20.6465 20.7197 20.2931 20.7074 20.6005 20.1812 20.7514 20.3697 20.698 20.618 20.6801 20.008 20.7193 20.315 20.6436 20.6622 20.0265 20.8396 20.0749 20.5987 20.3461 20.6182 20.3445 20.0017 20.7379 20.2359 20.7781 20.0544 20.5919 20.5783 
5.787505e+01 1.597827e+01 48.5318 36.6957 49.2336 33.2878 48.0712 29.3268 27.1132 44.4128 36.4385 37.9691 34.1363 67.9792 72.873 71.7106 69.9808 71.0321 68.161 72.7934 69.572 72.5816 64.271 74.4188 74.345 69.484 65.3143 65.3719 57.6118 65.0544 63.3594 75.1204 
2.872934e-03 6.719663e-03 1.4552e-11 6.7075e-12 0.024603 1.1369e-12 2.3874e-12 5.5707e-12 0.0098647 1.7053e-12 0.024603 0.007396 6.8212e-12 7.3896e-12 6.2528e-12 6.2528e-12 4.0927e-12 8.6402e-12 1.4779e-12 1.5916e-12 4.8885e-12 2.2737e-12 7.276e-12 3.5243e-12 1.3301e-11 1.9327e-12 2.2737e-12 0.0098573 2.5011e-12 6.2528e-12 6.5938e-12 0.0098647 
2.867009e+01 2.505945e+01 32.8336 15.9193 52.7328 50.7429 9.9496 64.6723 2.0694e-05 18.9043 10.9446 5.3303e-07 31.839 49.7479 32.8336 5.9698 0.00022519 14.9244 3.9799 21.8891 14.9244 87.5563 63.6808 30.8437 0.99513 37.8084 3.9798 85.0243 11.9395 29.8488 55.7176 19.9006 
9.873354e+01 3.001623e+01 80.5916 104.4706 73.6269 79.5967 92.5311 86.5614 93.5261 136.3093 86.5614 107.4555 70.6421 111.4353 125.3647 114.4202 105.4656 113.4252 82.5815 64.6723 81.5866 221.8755 81.5866 95.516 65.6673 112.4457 78.6017 121.3848 93.5261 116.4101 97.5059 66.6622 
3.926819e+01 2.290424e+01 126.8606 43.1874 34.9743 39.8601 26.6001 66.062 32.3503 27.6599 36.376 61.5009 27.2205 49.0784 15.856 36.4304 33.5797 20.477 27.2489 32.9757 44.9979 29.6245 37.627 21.4361 16.5515 23.4373 23.3397 61.7524 26.8339 36.3828 29.9739 87.7908 
1.220519e+04 1.328007e+03 14987.2867 12260.0922 12170.3119 12764.4169 11433.3131 13309.4601 12924.6278 11120.3504 11868.2266 12415.5261 12920.2105 11289.699 12591.6255 10401.4122 13235.9078 11725.0446 13330.7872 11772.4595 11826.9681 10131.3035 15226.9401 11587.8427 12212.0305 10121.4781 11662.0018 10167.4079 11323.2709 14723.4034 13332.7056 11319.5533 
2.881665e-01 2.023211e-01 0.18017 0.4211 0.67439 0.18799 0.29867 0.29312 0.095465 0.34587 0.36809 0.34281 0.71059 0.16696 0.14593 0.62983 0.30125 0.10915 0.63321 0.69542 0.10002 0.39666 0.35111 0.095966 0.15239 0.062816 0.082968 0.26155 0.15435 0.19869 0.10102 0.087416 
2.859981e-01 5.836396e-02 0.22923 0.28408 0.20819 0.31344 0.24926 0.3031 0.34838 0.28872 0.26369 0.20056 0.35549 0.24546 0.39269 0.39865 0.22833 0.26992 0.28919 0.21525 0.2715 0.26134 0.27307 0.26649 0.2527 0.2233 0.25496 0.33167 0.27111 0.30762 0.43574 0.34684 
2.323237e-01 2.342260e-02 0.22912 0.23078 0.24106 0.19674 0.19972 0.2038 0.23837 0.23892 0.27107 0.22178 0.20997 0.21839 0.2257 0.22958 0.23941 0.23383 0.24122 0.25241 0.24813 0.21268 0.19217 0.22042 0.28503 0.23655 0.24912 0.22381 0.2445 0.20049 0.25121 0.28378 
1.190528e+01 1.510227e+00 11.5431 10.2383 13.8569 15.2982 13.3624 10 11.7841 9.6806 11.029 13.3508 15.0506 11.795 12.8623 12.94 11.3284 11.9191 12.0666 12.7733 8.9629 12.7669 11.4391 9.8077 11.9288 11.3381 12.091 10.8289 12.4458 9.7061 12.4268 12.5378 
4.247501e+01 1.182709e+00 41.177 41.4981 41.5079 43.3945 41.3827 42.3994 43.0881 41.4296 42.7894 42.494 41.6604 43.6403 41.0214 44.8259 41.6989 41.8938 44.7689 41.7716 42.2151 44.0796 44.2791 41.0587 40.9091 41.3645 41.4414 43.4198 43.6573 43.3228 42.4231 43.6377 
9.247918e+03 4.146285e+03 9428.204 5706.2246 6671.5518 3224.2343 11983.7111 5735.7273 5296.6368 16871.7869 10617.6583 5758.2328 10176.1572 10872.4206 7234.3568 5919.2485 8462.038 12331.0627 6310.7612 7191.4791 15816.8665 17036.9647 9438.444 21015.5108 9470.7746 9283.7293 7655.6414 4950.7276 6555.3706 12095.3367 8952.4998 5374.1844 
2.529994e+02 2.942613e+01 242.3797 241.7563 278.7906 279.2199 228.7524 316.651 227.5629 273.5614 229.3864 220.4739 279.6973 247.1812 231.1298 208.296 252.1764 217.3145 271.1108 231.9985 257.1592 218.4932 290.0576 254.1938 229.1691 284.3569 274.2209 277.0446 279.9999 242.232 203.2077 302.4096 
9.157841e+01 1.570206e+00 91.3862 89.6864 89.2766 89.2407 92.9293 92.0045 93.2376 93.6736 90.6707 92.8082 91.9282 89.7105 91.6798 93.5768 89.5408 92.6001 93.7682 92.4916 94.3817 89.961 90.8066 92.1022 91.8792 92.0584 90.0486 91.3925 90.4184 93.8241 88.995 91.2746 
3.383650e+02 9.326591e+01 370.7191 287.6998 467.8026 257.1474 290.5777 451.023 327.9479 432.285 382.1908 484.4367 543.4487 232.6611 214.9839 419.9222 411.7603 236.702 238.8481 351.1249 304.3021 334.9605 354.414 199.9987 261.189 219.2391 420.1156 367.6076 328.5101 432.6649 197.2816 329.3853 
1.723302e+03 4.510358e+02 1791.7246 2166.8916 1600.7365 1531.3218 2215.7235 1635.3931 1703.4819 1500.7806 1268.6705 1419.4166 1984.4551 1740.0573 1422.3421 964.2168 2598.5759 1441.6373 1872.9922 984.458 1958.3058 1030.2513 2257.0559 1866.1616 1651.3943 2375.0467 2057.4875 2485.3784 1124.4263 1245.8508 1525.5254 2279.2861 
1.511975e+03 4.525715e+02 901.816 1701.2198 1902.2272 983.5931 1490.9733 1046.4849 1489.8704 1376.4853 1661.3314 2213.7033 929.7452 1334.4995 2372.5312 1516.484 1074.0956 1045.614 1488.4871 2209.852 1582.3226 1872.951 1479.2431 1352.9757 1878.0195 1361.0367 843.3908 1032.9549 1944.7617 2384.094 1885.6754 1002.8116 
3.482350e+02 3.838713e-12 348.235 348.235 348.235 348.235 348.235 348.235 348.235 348.235 348.235 348.235 348.235 348.235 348.235 348.235 348.235 348.235 348.235 348.235 348.235 348.235 348.235 348.235 348.235 348.235 348.235 348.235 348.235 348.235 348.235 348.235 
3.788431e+02 2.790893e+00 383.9251 380.4717 377.488 380.3648 378.9712 376.4679 377.9871 374.8111 379.8848 375.3895 377.393 380.6922 376.6988 379.4137 375.5493 375.342 383.3536 380.5211 381.3977 379.0748 377.8851 378.209 371.2392 380.5893 379.6591 380.2282 380.3675 384.0515 378.7622 379.1047 
2.261420e+02 1.036488e+01 242.2981 223.7067 225.2723 222.3787 246.3239 221.7798 200 223.8052 224.8329 225.8041 224.7055 221.1101 222.762 238.1575 223.1369 240.4275 226.3375 200 228.2979 220.3936 226.3414 243.5148 230.1996 240.1312 222.1893 228.1616 219.8817 221.2608 226.4395 224.6087 
1.568260e+02 5.027700e+01 100.2319 100.2565 200.0497 100.2401 100.4626 200.0349 200.0728 200.075 200.0018 200.0743 200.0261 100.4431 200.0702 100.3043 100.2634 100.3826 100.3204 100.2051 200.0196 200.0216 200.0667 100.2104 200.0774 200.0666 200.0672 100.2271 200.0938 200.011 200.0712 100.332 
6.705482e+02 7.572124e+01 678.6546 681.7797 495.4168 790.2174 729.5643 706.5337 562.8402 665.9709 600.1116 671.7174 729.2746 704.112 682.2622 691.8759 708.4812 652.495 849.7579 653.1774 644.6618 724.6969 673.0131 583.4146 659.0942 671.5305 793.1085 695.5183 504.2807 651.6968 663.8426 597.3444 
2.273366e+03 5.619141e+01 2306.6236 2266.1703 2229.2099 2231.3832 2288.2949 2261.0992 2375.4908 2211.3369 2304.2783 2305.0826 2335.7261 2275.8787 2352.9372 2320.3779 2147.5604 2217.6381 2298.133 2341.6156 2247.0675 2255.0592 2189.835 2234.7046 2270.3806 2217.5244 2228.751 2337.2915 2213.4154 2367.5634 2316.8148 2253.7255 
1.097602e+03 1.861435e+02 919.0761 1088.8543 913.0768 835.6983 1097.2528 1042.1345 1249.0188 1418.4751 1207.936 1117.6229 1009.6795 1368.2809 1046.1815 1051.1391 1028.519 790.1217 1012.2096 934.9533 1193.4332 996.4429 1272.333 1094.999 1462.2375 1185.3925 1459.1602 992.982 953.408 1254.5789 1187.4534 745.4045 
3.795646e+03 7.949241e+02 4458.889 3241.1296 5492.5307 4263.5104 3063.7416 5314.8591 4549.9764 3399.9233 3980.006 3152.483 3040.5167 4277.3876 3359.0597 3540.6924 3908.0075 3639.2391 4956.5545 4323.0945 2197.1395 4682.8866 3378.51 3234.2422 5013.1341 3495.5387 3242.5239 3906.218 3591.2405 3303.3147 2583.6955 3279.3358 
