2.153793e+10 1.168059e+10
1.344103e+04 4.905789e+03
7.924017e+02 5.899004e+02
3.098786e+02 3.018473e+02
2.757718e+02 2.692542e+02
2.701383e+02 2.665897e+02
2.666166e+02 2.635174e+02
2.649349e+02 2.611942e+02
2.631954e+02 2.591001e+02
2.622352e+02 2.565569e+02
2.613430e+02 2.556222e+02
2.606925e+02 2.547095e+02
2.601344e+02 2.542848e+02
2.597002e+02 2.540839e+02
2.591731e+02 2.540115e+02
2.595288e+02 2.539939e+02
2.585854e+02 2.538179e+02
2.584282e+02 2.536445e+02
2.581634e+02 2.536445e+02
2.579040e+02 2.535644e+02
2.577365e+02 2.535133e+02
2.579081e+02 2.532591e+02
2.572424e+02 2.532590e+02
2.572037e+02 2.532466e+02
2.568377e+02 2.531696e+02
2.567684e+02 2.531551e+02
2.565056e+02 2.531215e+02
2.563209e+02 2.525843e+02
2.561875e+02 2.523118e+02
2.561211e+02 2.523034e+02
2.561964e+02 2.518272e+02
2.556270e+02 2.517557e+02
2.560472e+02 2.517466e+02
2.565813e+02 2.507866e+02
2.554411e+02 2.507866e+02
2.548609e+02 2.507866e+02
2.555250e+02 2.507746e+02
2.552198e+02 2.507729e+02
2.552364e+02 2.507711e+02
2.551403e+02 2.507674e+02
2.550937e+02 2.507378e+02
2.549718e+02 2.507359e+02
2.554762e+02 2.507094e+02
2.548836e+02 2.506802e+02
2.550777e+02 2.506769e+02
2.538321e+02 2.506617e+02
2.545699e+02 2.506011e+02
2.546060e+02 2.505998e+02
2.545625e+02 2.505070e+02
2.543836e+02 2.504908e+02
2.543699e+02 2.502844e+02
2.541989e+02 2.502216e+02
2.543323e+02 2.502022e+02
2.540827e+02 2.500452e+02
2.544961e+02 2.499342e+02
2.544572e+02 2.498675e+02
2.543421e+02 2.498362e+02
2.543968e+02 2.498354e+02
2.535885e+02 2.498354e+02
2.540563e+02 2.498275e+02
2.539020e+02 2.498273e+02
2.536574e+02 2.498264e+02
2.538312e+02 2.497126e+02
2.536821e+02 2.497009e+02
2.536292e+02 2.496222e+02
2.535792e+02 2.494863e+02
2.539696e+02 2.494843e+02
2.544080e+02 2.494840e+02
2.541849e+02 2.492325e+02
2.540649e+02 2.492325e+02
2.523942e+02 2.492280e+02
2.539074e+02 2.492066e+02
2.533571e+02 2.491970e+02
2.533413e+02 2.491145e+02
2.531688e+02 2.491145e+02
2.531688e+02 2.491145e+02
2.530135e+02 2.491082e+02
2.532641e+02 2.491082e+02
2.534806e+02 2.490751e+02
2.536390e+02 2.490632e+02
2.537416e+02 2.490632e+02
2.530239e+02 2.490589e+02
2.526912e+02 2.487992e+02
2.531100e+02 2.487841e+02
2.528804e+02 2.487697e+02
2.530455e+02 2.485482e+02
2.528664e+02 2.485477e+02
2.528403e+02 2.485468e+02
2.526399e+02 2.484717e+02
2.527439e+02 2.484717e+02
2.526989e+02 2.484717e+02
2.528073e+02 2.484717e+02
2.535206e+02 2.484691e+02
2.525875e+02 2.484599e+02
2.526947e+02 2.483637e+02
2.521901e+02 2.483636e+02
2.528277e+02 2.483510e+02
2.528613e+02 2.483418e+02
2.527708e+02 2.483371e+02
2.525362e+02 2.483323e+02
2.526823e+02 2.483066e+02
2.189924e+10 1.110021e+10
1.916889e+04 4.234549e+03
1.303915e+03 7.948556e+02
3.489507e+02 3.311819e+02
2.799456e+02 2.753943e+02
2.718637e+02 2.650865e+02
2.690825e+02 2.637751e+02
2.676345e+02 2.623711e+02
2.656646e+02 2.618907e+02
2.651439e+02 2.608032e+02
2.642022e+02 2.599851e+02
2.635407e+02 2.594114e+02
2.628506e+02 2.590294e+02
2.624440e+02 2.586830e+02
2.618217e+02 2.578728e+02
2.620374e+02 2.578326e+02
2.611349e+02 2.576536e+02
2.608973e+02 2.564800e+02
2.607529e+02 2.564706e+02
2.605729e+02 2.563232e+02
2.605634e+02 2.553669e+02
2.612355e+02 2.553129e+02
2.592791e+02 2.551996e+02
2.604846e+02 2.551996e+02
2.600504e+02 2.551978e+02
2.597579e+02 2.550336e+02
2.596408e+02 2.548858e+02
2.595587e+02 2.548754e+02
2.595480e+02 2.548164e+02
2.595865e+02 2.547915e+02
2.604051e+02 2.547812e+02
2.603572e+02 2.546947e+02
2.595284e+02 2.546450e+02
2.597684e+02 2.546194e+02
2.588371e+02 2.545639e+02
2.591216e+02 2.545607e+02
2.589574e+02 2.545119e+02
2.587719e+02 2.544423e+02
2.586937e+02 2.544398e+02
2.586995e+02 2.540148e+02
2.586624e+02 2.539856e+02
2.584332e+02 2.539777e+02
2.589286e+02 2.537998e+02
2.588972e+02 2.537969e+02
2.588116e+02 2.537246e+02
2.583048e+02 2.537246e+02
2.574701e+02 2.533931e+02
2.573194e+02 2.533784e+02
2.580712e+02 2.533599e+02
2.581875e+02 2.533597e+02
2.581274e+02 2.533302e+02
2.580095e+02 2.533156e+02
2.578144e+02 2.533149e+02
2.578705e+02 2.532317e+02
2.588079e+02 2.532208e+02
2.584210e+02 2.531466e+02
2.588476e+02 2.529451e+02
2.570813e+02 2.527928e+02
2.576682e+02 2.526088e+02
2.568336e+02 2.526088e+02
2.575268e+02 2.525861e+02
2.575836e+02 2.525619e+02
2.574691e+02 2.524416e+02
2.574633e+02 2.523698e+02
2.572954e+02 2.520445e+02
2.572174e+02 2.519333e+02
2.556288e+02 2.518961e+02
2.582894e+02 2.517231e+02
2.556504e+02 2.517231e+02
2.569670e+02 2.517231e+02
2.563810e+02 2.517228e+02
2.582249e+02 2.517200e+02
2.570444e+02 2.517200e+02
2.569205e+02 2.517001e+02
2.570146e+02 2.516993e+02
2.570752e+02 2.514911e+02
2.570149e+02 2.514911e+02
2.569363e+02 2.513405e+02
2.576675e+02 2.513404e+02
2.574536e+02 2.513223e+02
2.568018e+02 2.511707e+02
2.567467e+02 2.511006e+02
2.567174e+02 2.508100e+02
2.566693e+02 2.508086e+02
2.566596e+02 2.507886e+02
2.566301e+02 2.507829e+02
2.568412e+02 2.507751e+02
2.566292e+02 2.506723e+02
2.566378e+02 2.506558e+02
2.566271e+02 2.506471e+02
2.558935e+02 2.506471e+02
2.559875e+02 2.505702e+02
2.563234e+02 2.505702e+02
2.560746e+02 2.504807e+02
2.570468e+02 2.504807e+02
2.562255e+02 2.504417e+02
2.563364e+02 2.504417e+02
2.561466e+02 2.504374e+02
2.562544e+02 2.504373e+02
2.563529e+02 2.504373e+02
2.563531e+02 2.503365e+02
2.175805e+10 1.101230e+10
3.787939e+04 6.171606e+03
1.881215e+03 1.006331e+03
4.489241e+02 3.978317e+02
2.935110e+02 2.822337e+02
2.772388e+02 2.720345e+02
2.728936e+02 2.688169e+02
2.707265e+02 2.664746e+02
2.688498e+02 2.644355e+02
2.677763e+02 2.633434e+02
2.667405e+02 2.626684e+02
2.658617e+02 2.607978e+02
2.660626e+02 2.602927e+02
2.646813e+02 2.597236e+02
2.641592e+02 2.592812e+02
2.636918e+02 2.584279e+02
2.624052e+02 2.583066e+02
2.626179e+02 2.576811e+02
2.626362e+02 2.576750e+02
2.614700e+02 2.566489e+02
2.629317e+02 2.566066e+02
2.618982e+02 2.565801e+02
2.613888e+02 2.564985e+02
2.620356e+02 2.564651e+02
2.611086e+02 2.564284e+02
2.610500e+02 2.560282e+02
2.609076e+02 2.557463e+02
2.607165e+02 2.555073e+02
2.606127e+02 2.554882e+02
2.605174e+02 2.554459e+02
2.603876e+02 2.553948e+02
2.597480e+02 2.553866e+02
2.601434e+02 2.553104e+02
2.600684e+02 2.552603e+02
2.599440e+02 2.552591e+02
2.590676e+02 2.552500e+02
2.598002e+02 2.552485e+02
2.596798e+02 2.552477e+02
2.596126e+02 2.552452e+02
2.594785e+02 2.552447e+02
2.592283e+02 2.551064e+02
2.591493e+02 2.551062e+02
2.592320e+02 2.550899e+02
2.577107e+02 2.550829e+02
2.579545e+02 2.550808e+02
2.579577e+02 2.550463e+02
2.593123e+02 2.550463e+02
2.585470e+02 2.549924e+02
2.586293e+02 2.549800e+02
2.585945e+02 2.548379e+02
2.586444e+02 2.548379e+02
2.585607e+02 2.547027e+02
2.585361e+02 2.545864e+02
2.583131e+02 2.545758e+02
2.585349e+02 2.543323e+02
2.591351e+02 2.540824e+02
2.578465e+02 2.540823e+02
2.583703e+02 2.540123e+02
2.590548e+02 2.540115e+02
2.582988e+02 2.540001e+02
2.580037e+02 2.536054e+02
2.579524e+02 2.536039e+02
2.578857e+02 2.536038e+02
2.576644e+02 2.535965e+02
2.577800e+02 2.535868e+02
2.576680e+02 2.535868e+02
2.567057e+02 2.535577e+02
2.580256e+02 2.535059e+02
2.573086e+02 2.534821e+02
2.568713e+02 2.533088e+02
2.577096e+02 2.532632e+02
2.593560e+02 2.529497e+02
2.573442e+02 2.527880e+02
2.571541e+02 2.527880e+02
2.571198e+02 2.519963e+02
2.572250e+02 2.519841e+02
2.570965e+02 2.519228e+02
2.571086e+02 2.517892e+02
2.574007e+02 2.515835e+02
2.573840e+02 2.514743e+02
2.582152e+02 2.514724e+02
2.565114e+02 2.508299e+02
2.565534e+02 2.508096e+02
2.570112e+02 2.508039e+02
2.569231e+02 2.508022e+02
2.568735e+02 2.508022e+02
2.568770e+02 2.507782e+02
2.568059e+02 2.506445e+02
2.567090e+02 2.505020e+02
2.566285e+02 2.504584e+02
2.564468e+02 2.503695e+02
2.558487e+02 2.503695e+02
2.554502e+02 2.503695e+02
2.570021e+02 2.503236e+02
2.568574e+02 2.503147e+02
2.572467e+02 2.503144e+02
2.565438e+02 2.502782e+02
2.565144e+02 2.502773e+02
2.565839e+02 2.502773e+02
2.564667e+02 2.502772e+02
2.565142e+02 2.502745e+02
2.198101e+10 1.059907e+10
3.306840e+04 8.356342e+03
2.015622e+03 1.136390e+03
3.704702e+02 3.281879e+02
2.893654e+02 2.860846e+02
2.834578e+02 2.780011e+02
2.802012e+02 2.761057e+02
2.775570e+02 2.721238e+02
2.759150e+02 2.712789e+02
2.745883e+02 2.698513e+02
2.735012e+02 2.686723e+02
2.739184e+02 2.683522e+02
2.723594e+02 2.677188e+02
2.717389e+02 2.673791e+02
2.711697e+02 2.667062e+02
2.709257e+02 2.665297e+02
2.701198e+02 2.663039e+02
2.703094e+02 2.660857e+02
2.708948e+02 2.643015e+02
2.706939e+02 2.641567e+02
2.692198e+02 2.641493e+02
2.695378e+02 2.640445e+02
2.692220e+02 2.640124e+02
2.692044e+02 2.638050e+02
2.689543e+02 2.637542e+02
2.689502e+02 2.637541e+02
2.689129e+02 2.637375e+02
2.686123e+02 2.636863e+02
2.685721e+02 2.634896e+02
2.682854e+02 2.633975e+02
2.687726e+02 2.632775e+02
2.684594e+02 2.631993e+02
2.684548e+02 2.631980e+02
2.674657e+02 2.631438e+02
2.670521e+02 2.629353e+02
2.685041e+02 2.628680e+02
2.677395e+02 2.628476e+02
2.676573e+02 2.628134e+02
2.676983e+02 2.625989e+02
2.675984e+02 2.624900e+02
2.673159e+02 2.624899e+02
2.674114e+02 2.624097e+02
2.679508e+02 2.624074e+02
2.672676e+02 2.624019e+02
2.678620e+02 2.617518e+02
2.670454e+02 2.617388e+02
2.665849e+02 2.617387e+02
2.669206e+02 2.617189e+02
2.670079e+02 2.617179e+02
2.668924e+02 2.616008e+02
2.670176e+02 2.616007e+02
2.665770e+02 2.615700e+02
2.664988e+02 2.615678e+02
2.666067e+02 2.615676e+02
2.669033e+02 2.615643e+02
2.669105e+02 2.615518e+02
2.665949e+02 2.615137e+02
2.667552e+02 2.615134e+02
2.668244e+02 2.614940e+02
2.658520e+02 2.614828e+02
2.659930e+02 2.614516e+02
2.659755e+02 2.614474e+02
2.659912e+02 2.612915e+02
2.658615e+02 2.612258e+02
2.659246e+02 2.609624e+02
2.658793e+02 2.609616e+02
2.659027e+02 2.609616e+02
2.647358e+02 2.609616e+02
2.669094e+02 2.609615e+02
2.659595e+02 2.609614e+02
2.654603e+02 2.609614e+02
2.650127e+02 2.609025e+02
2.656023e+02 2.609021e+02
2.654681e+02 2.608014e+02
2.655819e+02 2.606950e+02
2.652596e+02 2.606561e+02
2.654764e+02 2.606543e+02
2.654655e+02 2.606543e+02
2.655184e+02 2.605243e+02
2.650008e+02 2.605243e+02
2.651279e+02 2.604925e+02
2.647230e+02 2.604925e+02
2.650331e+02 2.604535e+02
2.652316e+02 2.601996e+02
2.652409e+02 2.601996e+02
2.651130e+02 2.601527e+02
2.650843e+02 2.600893e+02
2.649107e+02 2.600892e+02
2.649041e+02 2.600891e+02
2.648799e+02 2.599978e+02
2.645621e+02 2.599978e+02
2.639768e+02 2.599978e+02
2.647959e+02 2.599977e+02
2.640348e+02 2.599977e+02
2.657070e+02 2.599402e+02
2.651981e+02 2.599402e+02
2.649368e+02 2.599401e+02
2.647918e+02 2.599398e+02
2.646855e+02 2.599398e+02
2.648417e+02 2.599191e+02
2.647033e+02 2.599191e+02
2.126587e+10 9.318711e+09
2.100650e+04 5.407469e+03
1.446037e+03 8.340120e+02
3.784113e+02 3.497533e+02
2.938755e+02 2.870518e+02
2.828614e+02 2.773429e+02
2.793444e+02 2.720675e+02
2.765703e+02 2.705730e+02
2.751665e+02 2.701112e+02
2.736075e+02 2.686699e+02
2.721474e+02 2.682640e+02
2.712726e+02 2.665416e+02
2.707030e+02 2.648986e+02
2.700289e+02 2.639797e+02
2.703475e+02 2.637680e+02
2.690169e+02 2.634208e+02
2.685679e+02 2.629955e+02
2.684043e+02 2.623935e+02
2.680904e+02 2.620750e+02
2.677757e+02 2.620697e+02
2.674711e+02 2.619568e+02
2.675791e+02 2.617450e+02
2.679240e+02 2.617051e+02
2.670418e+02 2.614791e+02
2.667679e+02 2.613653e+02
2.661726e+02 2.611221e+02
2.663018e+02 2.610748e+02
2.679387e+02 2.608299e+02
2.654892e+02 2.605437e+02
2.660549e+02 2.605413e+02
2.657896e+02 2.603974e+02
2.667887e+02 2.599216e+02
2.659011e+02 2.596220e+02
2.651118e+02 2.593579e+02
2.663409e+02 2.593556e+02
2.655130e+02 2.592520e+02
2.647875e+02 2.592205e+02
2.652173e+02 2.591978e+02
2.651273e+02 2.590944e+02
2.648312e+02 2.590933e+02
2.648975e+02 2.590864e+02
2.650530e+02 2.590854e+02
2.649090e+02 2.590388e+02
2.643082e+02 2.588567e+02
2.636839e+02 2.587483e+02
2.649125e+02 2.587431e+02
2.636207e+02 2.585445e+02
2.643612e+02 2.582639e+02
2.637576e+02 2.582632e+02
2.642937e+02 2.582489e+02
2.638509e+02 2.581307e+02
2.638032e+02 2.575140e+02
2.639170e+02 2.574730e+02
2.641505e+02 2.573459e+02
2.638910e+02 2.558159e+02
2.632429e+02 2.557606e+02
2.637125e+02 2.557604e+02
2.632898e+02 2.557453e+02
2.645144e+02 2.556211e+02
2.632932e+02 2.556211e+02
2.640648e+02 2.556164e+02
2.633838e+02 2.555865e+02
2.633632e+02 2.554946e+02
2.634103e+02 2.554922e+02
2.633050e+02 2.554865e+02
2.633663e+02 2.554865e+02
2.630606e+02 2.554780e+02
2.648030e+02 2.554641e+02
2.632899e+02 2.554639e+02
2.614409e+02 2.554610e+02
2.626297e+02 2.554147e+02
2.630629e+02 2.553613e+02
2.623263e+02 2.551703e+02
2.628242e+02 2.551498e+02
2.626940e+02 2.551423e+02
2.629252e+02 2.551200e+02
2.624462e+02 2.550956e+02
2.624780e+02 2.550952e+02
2.626081e+02 2.550952e+02
2.620126e+02 2.550878e+02
2.638150e+02 2.550621e+02
2.626835e+02 2.549427e+02
2.631790e+02 2.549397e+02
2.619502e+02 2.549303e+02
2.621927e+02 2.549287e+02
2.622157e+02 2.549287e+02
2.621139e+02 2.547521e+02
2.621671e+02 2.547323e+02
2.622430e+02 2.547121e+02
2.620591e+02 2.546876e+02
2.621938e+02 2.546876e+02
2.622691e+02 2.546865e+02
2.628849e+02 2.546855e+02
2.619917e+02 2.546855e+02
2.610463e+02 2.546855e+02
2.617585e+02 2.546848e+02
2.622590e+02 2.546831e+02
2.619880e+02 2.546830e+02
2.618168e+02 2.546830e+02
2.620999e+02 2.546830e+02
2.618624e+02 2.546830e+02
2.253329e+10 1.052553e+10
2.761573e+04 7.288920e+03
1.232065e+03 8.745872e+02
3.817313e+02 3.564580e+02
2.951858e+02 2.843654e+02
2.785049e+02 2.719213e+02
2.740366e+02 2.689887e+02
2.708372e+02 2.665570e+02
2.694723e+02 2.634303e+02
2.681593e+02 2.624699e+02
2.675629e+02 2.622083e+02
2.656263e+02 2.618241e+02
2.668178e+02 2.603919e+02
2.654697e+02 2.594182e+02
2.639011e+02 2.592979e+02
2.634768e+02 2.591679e+02
2.629241e+02 2.576089e+02
2.625724e+02 2.572735e+02
2.623395e+02 2.570778e+02
2.620918e+02 2.570771e+02
2.616480e+02 2.570091e+02
2.616508e+02 2.561445e+02
2.616880e+02 2.554196e+02
2.613014e+02 2.549307e+02
2.615289e+02 2.548079e+02
2.615820e+02 2.544596e+02
2.601365e+02 2.543146e+02
2.605504e+02 2.539504e+02
2.597913e+02 2.538100e+02
2.602527e+02 2.536885e+02
2.598847e+02 2.533045e+02
2.598838e+02 2.531864e+02
2.598500e+02 2.531683e+02
2.595051e+02 2.531398e+02
2.595379e+02 2.531315e+02
2.595960e+02 2.531189e+02
2.591822e+02 2.529836e+02
2.599568e+02 2.529522e+02
2.580692e+02 2.529372e+02
2.593034e+02 2.528959e+02
2.593603e+02 2.528931e+02
2.575306e+02 2.528892e+02
2.590301e+02 2.528118e+02
2.588920e+02 2.526543e+02
2.586856e+02 2.525664e+02
2.588722e+02 2.524825e+02
2.586130e+02 2.517859e+02
2.585684e+02 2.517600e+02
2.578303e+02 2.516092e+02
2.590544e+02 2.512975e+02
2.586979e+02 2.512854e+02
2.579620e+02 2.512368e+02
2.586353e+02 2.508365e+02
2.579254e+02 2.505425e+02
2.581699e+02 2.504923e+02
2.581778e+02 2.504880e+02
2.583449e+02 2.504766e+02
2.579436e+02 2.504748e+02
2.579009e+02 2.504647e+02
2.581483e+02 2.504638e+02
2.579811e+02 2.503240e+02
2.582715e+02 2.502739e+02
2.589026e+02 2.502668e+02
2.565605e+02 2.502668e+02
2.570169e+02 2.502667e+02
2.568126e+02 2.500607e+02
2.577022e+02 2.499483e+02
2.577875e+02 2.496107e+02
2.575161e+02 2.494073e+02
2.575498e+02 2.494073e+02
2.574165e+02 2.493901e+02
2.574579e+02 2.492405e+02
2.580925e+02 2.492397e+02
2.573940e+02 2.491754e+02
2.583424e+02 2.491530e+02
2.582078e+02 2.491530e+02
2.573936e+02 2.491530e+02
2.566451e+02 2.491193e+02
2.571954e+02 2.490722e+02
2.573699e+02 2.490722e+02
2.571520e+02 2.488438e+02
2.571105e+02 2.488193e+02
2.572527e+02 2.488189e+02
2.571831e+02 2.487985e+02
2.565862e+02 2.487948e+02
2.571468e+02 2.487947e+02
2.580927e+02 2.487947e+02
2.582305e+02 2.487863e+02
2.557836e+02 2.487863e+02
2.574130e+02 2.487401e+02
2.570624e+02 2.486263e+02
2.570761e+02 2.485608e+02
2.568701e+02 2.485608e+02
2.569039e+02 2.485500e+02
2.568854e+02 2.485500e+02
2.571260e+02 2.485498e+02
2.565341e+02 2.485332e+02
2.574718e+02 2.485324e+02
2.568797e+02 2.485154e+02
2.570394e+02 2.484993e+02
2.571384e+02 2.484534e+02
2.151900e+10 1.039073e+10
2.297762e+04 9.444502e+03
1.105343e+03 8.914975e+02
3.566748e+02 3.248248e+02
2.949983e+02 2.877700e+02
2.813511e+02 2.756600e+02
2.735921e+02 2.688822e+02
2.682878e+02 2.658962e+02
2.659482e+02 2.622169e+02
2.638360e+02 2.599346e+02
2.629554e+02 2.578050e+02
2.610378e+02 2.569205e+02
2.600148e+02 2.562823e+02
2.595951e+02 2.552723e+02
2.587458e+02 2.551725e+02
2.588138e+02 2.548234e+02
2.575092e+02 2.546376e+02
2.577382e+02 2.538420e+02
2.571966e+02 2.529961e+02
2.569523e+02 2.528065e+02
2.568022e+02 2.519769e+02
2.563368e+02 2.518962e+02
2.563905e+02 2.518771e+02
2.562745e+02 2.517990e+02
2.554766e+02 2.516368e+02
2.564144e+02 2.515419e+02
2.555640e+02 2.515376e+02
2.555395e+02 2.514769e+02
2.556256e+02 2.513813e+02
2.553121e+02 2.513538e+02
2.554692e+02 2.513484e+02
2.553407e+02 2.513455e+02
2.552324e+02 2.511970e+02
2.552282e+02 2.511967e+02
2.552164e+02 2.509271e+02
2.550695e+02 2.509172e+02
2.547307e+02 2.508059e+02
2.552307e+02 2.508059e+02
2.537063e+02 2.507506e+02
2.539297e+02 2.507308e+02
2.541644e+02 2.505867e+02
2.555791e+02 2.505559e+02
2.546956e+02 2.505108e+02
2.546709e+02 2.501739e+02
2.546133e+02 2.501734e+02
2.546128e+02 2.501436e+02
2.545484e+02 2.501261e+02
2.543645e+02 2.501016e+02
2.538974e+02 2.500993e+02
2.536483e+02 2.500990e+02
2.537823e+02 2.500111e+02
2.543148e+02 2.499791e+02
2.543976e+02 2.499791e+02
2.544240e+02 2.499791e+02
2.542781e+02 2.499753e+02
2.540959e+02 2.497833e+02
2.541209e+02 2.497571e+02
2.540620e+02 2.497207e+02
2.539661e+02 2.497124e+02
2.539431e+02 2.497070e+02
2.533558e+02 2.497061e+02
2.532317e+02 2.496910e+02
2.532176e+02 2.496854e+02
2.544818e+02 2.496854e+02
2.539452e+02 2.496810e+02
2.538911e+02 2.496753e+02
2.536924e+02 2.496750e+02
2.538088e+02 2.496747e+02
2.536823e+02 2.496540e+02
2.536402e+02 2.496535e+02
2.535969e+02 2.496533e+02
2.535125e+02 2.496473e+02
2.537252e+02 2.496409e+02
2.533863e+02 2.496409e+02
2.528784e+02 2.496407e+02
2.534978e+02 2.496404e+02
2.535397e+02 2.495949e+02
2.532168e+02 2.495917e+02
2.534061e+02 2.494682e+02
2.532303e+02 2.494669e+02
2.534705e+02 2.494630e+02
2.532471e+02 2.494598e+02
2.532614e+02 2.494374e+02
2.532228e+02 2.494311e+02
2.526725e+02 2.494310e+02
2.534562e+02 2.493208e+02
2.529089e+02 2.493208e+02
2.543112e+02 2.492934e+02
2.524756e+02 2.491440e+02
2.535423e+02 2.491434e+02
2.529791e+02 2.491131e+02
2.531599e+02 2.491131e+02
2.531920e+02 2.490712e+02
2.530508e+02 2.490705e+02
2.530004e+02 2.490705e+02
2.530361e+02 2.490704e+02
2.531934e+02 2.490704e+02
2.529997e+02 2.490704e+02
2.529230e+02 2.490704e+02
2.537756e+02 2.490521e+02
2.530108e+02 2.490521e+02
2.108500e+10 1.064680e+10
1.564331e+04 3.429559e+03
8.486855e+02 6.261096e+02
3.171178e+02 3.000907e+02
2.832368e+02 2.775868e+02
2.773400e+02 2.707545e+02
2.740197e+02 2.691373e+02
2.714248e+02 2.668680e+02
2.695576e+02 2.649960e+02
2.683611e+02 2.639867e+02
2.671326e+02 2.629587e+02
2.662697e+02 2.614345e+02
2.654141e+02 2.607528e+02
2.649150e+02 2.588650e+02
2.643411e+02 2.588591e+02
2.642111e+02 2.583718e+02
2.622286e+02 2.583676e+02
2.633784e+02 2.581492e+02
2.625527e+02 2.581480e+02
2.621453e+02 2.580589e+02
2.626055e+02 2.575550e+02
2.625035e+02 2.574924e+02
2.621953e+02 2.574865e+02
2.613413e+02 2.572826e+02
2.618925e+02 2.567000e+02
2.617016e+02 2.566703e+02
2.613411e+02 2.565430e+02
2.611886e+02 2.565159e+02
2.609589e+02 2.561983e+02
2.609604e+02 2.561914e+02
2.609305e+02 2.561914e+02
2.599189e+02 2.561901e+02
2.605918e+02 2.561901e+02
2.600199e+02 2.561728e+02
2.602632e+02 2.561508e+02
2.607767e+02 2.559250e+02
2.601878e+02 2.559021e+02
2.602321e+02 2.558544e+02
2.597826e+02 2.558539e+02
2.599758e+02 2.558168e+02
2.596407e+02 2.557023e+02
2.595178e+02 2.552056e+02
2.593997e+02 2.551952e+02
2.583426e+02 2.551716e+02
2.583839e+02 2.550877e+02
2.590502e+02 2.550763e+02
2.592127e+02 2.550763e+02
2.587534e+02 2.550065e+02
2.589798e+02 2.546653e+02
2.588191e+02 2.545894e+02
2.588862e+02 2.545630e+02
2.591112e+02 2.545630e+02
2.587909e+02 2.544667e+02
2.586313e+02 2.544663e+02
2.582652e+02 2.544657e+02
2.602039e+02 2.544657e+02
2.580870e+02 2.544386e+02
2.585929e+02 2.537020e+02
2.596368e+02 2.536944e+02
2.593353e+02 2.536826e+02
2.582870e+02 2.536763e+02
2.582092e+02 2.536555e+02
2.581632e+02 2.535186e+02
2.581566e+02 2.534986e+02
2.582195e+02 2.534908e+02
2.581716e+02 2.534908e+02
2.575194e+02 2.534656e+02
2.585787e+02 2.533857e+02
2.582567e+02 2.533109e+02
2.567173e+02 2.532554e+02
2.568711e+02 2.532253e+02
2.578950e+02 2.531631e+02
2.576603e+02 2.523924e+02
2.576551e+02 2.522984e+02
2.576631e+02 2.520661e+02
2.574472e+02 2.520327e+02
2.575500e+02 2.518480e+02
2.576260e+02 2.518480e+02
2.577445e+02 2.517685e+02
2.568959e+02 2.517631e+02
2.581373e+02 2.517287e+02
2.579365e+02 2.517287e+02
2.579030e+02 2.516302e+02
2.558974e+02 2.515937e+02
2.571916e+02 2.514844e+02
2.571911e+02 2.514830e+02
2.569984e+02 2.514789e+02
2.570493e+02 2.513825e+02
2.570480e+02 2.512846e+02
2.570371e+02 2.512450e+02
2.572995e+02 2.512048e+02
2.574053e+02 2.511074e+02
2.566456e+02 2.511074e+02
2.565472e+02 2.510773e+02
2.574071e+02 2.510773e+02
2.573977e+02 2.510098e+02
2.567225e+02 2.510098e+02
2.566783e+02 2.510097e+02
2.569620e+02 2.510097e+02
2.568966e+02 2.510038e+02
2.567121e+02 2.510038e+02
2.089889e+10 1.075499e+10
4.686493e+04 1.773795e+04
1.859843e+03 9.845533e+02
3.882333e+02 3.649570e+02
2.900241e+02 2.849108e+02
2.748041e+02 2.706471e+02
2.706457e+02 2.661703e+02
2.681763e+02 2.640973e+02
2.664239e+02 2.626220e+02
2.651889e+02 2.615156e+02
2.642428e+02 2.609342e+02
2.633756e+02 2.600442e+02
2.628581e+02 2.596067e+02
2.621550e+02 2.586172e+02
2.617305e+02 2.576500e+02
2.607948e+02 2.575053e+02
2.606830e+02 2.574458e+02
2.600966e+02 2.569595e+02
2.598055e+02 2.562481e+02
2.596522e+02 2.561466e+02
2.594381e+02 2.560357e+02
2.593230e+02 2.560354e+02
2.585314e+02 2.555992e+02
2.586129e+02 2.551473e+02
2.582457e+02 2.550421e+02
2.580974e+02 2.550000e+02
2.577364e+02 2.549291e+02
2.575744e+02 2.548806e+02
2.575568e+02 2.547999e+02
2.574832e+02 2.545623e+02
2.568899e+02 2.544638e+02
2.565595e+02 2.541892e+02
2.565758e+02 2.540574e+02
2.568746e+02 2.538166e+02
2.566978e+02 2.538133e+02
2.571083e+02 2.537760e+02
2.565201e+02 2.537411e+02
2.564129e+02 2.536854e+02
2.565567e+02 2.536409e+02
2.562849e+02 2.529584e+02
2.562693e+02 2.529119e+02
2.562087e+02 2.525309e+02
2.556065e+02 2.524974e+02
2.555932e+02 2.524969e+02
2.558811e+02 2.524930e+02
2.560860e+02 2.524501e+02
2.556215e+02 2.524214e+02
2.556956e+02 2.524206e+02
2.558337e+02 2.523999e+02
2.557243e+02 2.523262e+02
2.556394e+02 2.522026e+02
2.555275e+02 2.520534e+02
2.556530e+02 2.519302e+02
2.554274e+02 2.519302e+02
2.554326e+02 2.519300e+02
2.549635e+02 2.518735e+02
2.546399e+02 2.518553e+02
2.564498e+02 2.518191e+02
2.550113e+02 2.518175e+02
2.547580e+02 2.517052e+02
2.549726e+02 2.517045e+02
2.550404e+02 2.517043e+02
2.549678e+02 2.516938e+02
2.549562e+02 2.516486e+02
2.549779e+02 2.515509e+02
2.547804e+02 2.514272e+02
2.542789e+02 2.513507e+02
2.548327e+02 2.513064e+02
2.545994e+02 2.513064e+02
2.540349e+02 2.513062e+02
2.542380e+02 2.512090e+02
2.549325e+02 2.512078e+02
2.544787e+02 2.511629e+02
2.545032e+02 2.506982e+02
2.544170e+02 2.506780e+02
2.545169e+02 2.506710e+02
2.544082e+02 2.505700e+02
2.543388e+02 2.505700e+02
2.544390e+02 2.505527e+02
2.539523e+02 2.505194e+02
2.548329e+02 2.505142e+02
2.547902e+02 2.504933e+02
2.548048e+02 2.504932e+02
2.544109e+02 2.504932e+02
2.541067e+02 2.504888e+02
2.541388e+02 2.503423e+02
2.541012e+02 2.503422e+02
2.541830e+02 2.502923e+02
2.540946e+02 2.502922e+02
2.539319e+02 2.502919e+02
2.538127e+02 2.502918e+02
2.531832e+02 2.502792e+02
2.544397e+02 2.502791e+02
2.540314e+02 2.502791e+02
2.533981e+02 2.502124e+02
2.546171e+02 2.502022e+02
2.538530e+02 2.498567e+02
2.537837e+02 2.498567e+02
2.536424e+02 2.496236e+02
2.539007e+02 2.496015e+02
2.537301e+02 2.495955e+02
2.111892e+10 9.382390e+09
5.455819e+04 2.653605e+04
3.039408e+03 1.609429e+03
4.218553e+02 3.662679e+02
2.965737e+02 2.846878e+02
2.863378e+02 2.778188e+02
2.822217e+02 2.768350e+02
2.794673e+02 2.738659e+02
2.777597e+02 2.722856e+02
2.761387e+02 2.702018e+02
2.750100e+02 2.699013e+02
2.739958e+02 2.683156e+02
2.729909e+02 2.675090e+02
2.722726e+02 2.673005e+02
2.716685e+02 2.646762e+02
2.710450e+02 2.642933e+02
2.707018e+02 2.642337e+02
2.703191e+02 2.636889e+02
2.708087e+02 2.634366e+02
2.694153e+02 2.632900e+02
2.695889e+02 2.621215e+02
2.695907e+02 2.619144e+02
2.704105e+02 2.618754e+02
2.694547e+02 2.615605e+02
2.693288e+02 2.615312e+02
2.690555e+02 2.615179e+02
2.690449e+02 2.615083e+02
2.686425e+02 2.615053e+02
2.687136e+02 2.614551e+02
2.683582e+02 2.614534e+02
2.674879e+02 2.614153e+02
2.676881e+02 2.614049e+02
2.669918e+02 2.613586e+02
2.686547e+02 2.613205e+02
2.676644e+02 2.607913e+02
2.672119e+02 2.607149e+02
2.680769e+02 2.607060e+02
2.679037e+02 2.606861e+02
2.677725e+02 2.606854e+02
2.679122e+02 2.606837e+02
2.679023e+02 2.606335e+02
2.676624e+02 2.606301e+02
2.664674e+02 2.605977e+02
2.668677e+02 2.605593e+02
2.681262e+02 2.604261e+02
2.682157e+02 2.604234e+02
2.674680e+02 2.604076e+02
2.674238e+02 2.604036e+02
2.674757e+02 2.603981e+02
2.670931e+02 2.603956e+02
2.671460e+02 2.603956e+02
2.669462e+02 2.603554e+02
2.670454e+02 2.603546e+02
2.669063e+02 2.601185e+02
2.654497e+02 2.601117e+02
2.656370e+02 2.600279e+02
2.667392e+02 2.600114e+02
2.669520e+02 2.600114e+02
2.658684e+02 2.600060e+02
2.664102e+02 2.600043e+02
2.663773e+02 2.599907e+02
2.663924e+02 2.599906e+02
2.663839e+02 2.599905e+02
2.661779e+02 2.599843e+02
2.665201e+02 2.599429e+02
2.661977e+02 2.598272e+02
2.668233e+02 2.596872e+02
2.654819e+02 2.596361e+02
2.667948e+02 2.596360e+02
2.664949e+02 2.596321e+02
2.673598e+02 2.596316e+02
2.659995e+02 2.596198e+02
2.659743e+02 2.595777e+02
2.657572e+02 2.595536e+02
2.656122e+02 2.595536e+02
2.657002e+02 2.595359e+02
2.656723e+02 2.595106e+02
2.657357e+02 2.595106e+02
2.655888e+02 2.594599e+02
2.644680e+02 2.594595e+02
2.647659e+02 2.594592e+02
2.661532e+02 2.594576e+02
2.654416e+02 2.594535e+02
2.670259e+02 2.594524e+02
2.653619e+02 2.594467e+02
2.654842e+02 2.592913e+02
2.652120e+02 2.592843e+02
2.652517e+02 2.592842e+02
2.652779e+02 2.591827e+02
2.652867e+02 2.591459e+02
2.654911e+02 2.591218e+02
2.657879e+02 2.591190e+02
2.642608e+02 2.591190e+02
2.647392e+02 2.590833e+02
2.645886e+02 2.590454e+02
2.662860e+02 2.590276e+02
2.651332e+02 2.590276e+02
2.649617e+02 2.590154e+02
2.649823e+02 2.590154e+02
2.650552e+02 2.590154e+02
2.649525e+02 2.590154e+02
2.139907e+10 1.112482e+10
6.728368e+04 1.207549e+04
3.211620e+03 1.896673e+03
6.513791e+02 5.047957e+02
3.332782e+02 3.114445e+02
2.904097e+02 2.825614e+02
2.820695e+02 2.761590e+02
2.785100e+02 2.727915e+02
2.756290e+02 2.701653e+02
2.746179e+02 2.696028e+02
2.729563e+02 2.681297e+02
2.718574e+02 2.666663e+02
2.708517e+02 2.652756e+02
2.704419e+02 2.650479e+02
2.696294e+02 2.645645e+02
2.691728e+02 2.641283e+02
2.685741e+02 2.626885e+02
2.683409e+02 2.626509e+02
2.681038e+02 2.622072e+02
2.675276e+02 2.621014e+02
2.673634e+02 2.619882e+02
2.670902e+02 2.617109e+02
2.669472e+02 2.610334e+02
2.664622e+02 2.602185e+02
2.654382e+02 2.601702e+02
2.658845e+02 2.601685e+02
2.657550e+02 2.601430e+02
2.654743e+02 2.600525e+02
2.652140e+02 2.599733e+02
2.652343e+02 2.592976e+02
2.655283e+02 2.589885e+02
2.656404e+02 2.589310e+02
2.643627e+02 2.589086e+02
2.644267e+02 2.589069e+02
2.654648e+02 2.587222e+02
2.641892e+02 2.584050e+02
2.644700e+02 2.580181e+02
2.643047e+02 2.579581e+02
2.640641e+02 2.578803e+02
2.639238e+02 2.578679e+02
2.640721e+02 2.574411e+02
2.636569e+02 2.574117e+02
2.637708e+02 2.567971e+02
2.639847e+02 2.566497e+02
2.620781e+02 2.565401e+02
2.643402e+02 2.564952e+02
2.626177e+02 2.564327e+02
2.634491e+02 2.564228e+02
2.631267e+02 2.563710e+02
2.630683e+02 2.562003e+02
2.632916e+02 2.560958e+02
2.632062e+02 2.560739e+02
2.627745e+02 2.559847e+02
2.630384e+02 2.559291e+02
2.645631e+02 2.559291e+02
2.640986e+02 2.559251e+02
2.638663e+02 2.558880e+02
2.636270e+02 2.557959e+02
2.624885e+02 2.557889e+02
2.624824e+02 2.557406e+02
2.624798e+02 2.557406e+02
2.623473e+02 2.557406e+02
2.626432e+02 2.556781e+02
2.623202e+02 2.556770e+02
2.621439e+02 2.556762e+02
2.621636e+02 2.556668e+02
2.618826e+02 2.555977e+02
2.629508e+02 2.555977e+02
2.631326e+02 2.555977e+02
2.632884e+02 2.555649e+02
2.620248e+02 2.555625e+02
2.596987e+02 2.555623e+02
2.619900e+02 2.555601e+02
2.619326e+02 2.555451e+02
2.617977e+02 2.555450e+02
2.617667e+02 2.547917e+02
2.617184e+02 2.547900e+02
2.617814e+02 2.547900e+02
2.626309e+02 2.546065e+02
2.615156e+02 2.546063e+02
2.617895e+02 2.546063e+02
2.615628e+02 2.546063e+02
2.618532e+02 2.546063e+02
2.616127e+02 2.545048e+02
2.617382e+02 2.545028e+02
2.614544e+02 2.545011e+02
2.614809e+02 2.545011e+02
2.615453e+02 2.544676e+02
2.616525e+02 2.544664e+02
2.613254e+02 2.544068e+02
2.608059e+02 2.543479e+02
2.604991e+02 2.543472e+02
2.604669e+02 2.543472e+02
2.610754e+02 2.543467e+02
2.604153e+02 2.543411e+02
2.609079e+02 2.543244e+02
2.612584e+02 2.542930e+02
2.613620e+02 2.542917e+02
2.611648e+02 2.542227e+02
2.610824e+02 2.542227e+02
2.614347e+02 2.542205e+02
2.235755e+10 9.362342e+09
2.009263e+04 5.791161e+03
6.989145e+02 5.603629e+02
3.168889e+02 3.037272e+02
2.854186e+02 2.785047e+02
2.795312e+02 2.743203e+02
2.766255e+02 2.661486e+02
2.746924e+02 2.655955e+02
2.732808e+02 2.655551e+02
2.720471e+02 2.648208e+02
2.714917e+02 2.641856e+02
2.706970e+02 2.636970e+02
2.698174e+02 2.629177e+02
2.692426e+02 2.626479e+02
2.687566e+02 2.624438e+02
2.681126e+02 2.624062e+02
2.683889e+02 2.621708e+02
2.677339e+02 2.621319e+02
2.661752e+02 2.619636e+02
2.668453e+02 2.619395e+02
2.675144e+02 2.618417e+02
2.667041e+02 2.615254e+02
2.662104e+02 2.612590e+02
2.654849e+02 2.610118e+02
2.657909e+02 2.603370e+02
2.656817e+02 2.601373e+02
2.653517e+02 2.597149e+02
2.652070e+02 2.596548e+02
2.650653e+02 2.594599e+02
2.650823e+02 2.594372e+02
2.656178e+02 2.594115e+02
2.654258e+02 2.593825e+02
2.646354e+02 2.593093e+02
2.644756e+02 2.592754e+02
2.638856e+02 2.585617e+02
2.638590e+02 2.585590e+02
2.640707e+02 2.585305e+02
2.639597e+02 2.583728e+02
2.638759e+02 2.583602e+02
2.637149e+02 2.583574e+02
2.636487e+02 2.577435e+02
2.636134e+02 2.577327e+02
2.630675e+02 2.577122e+02
2.641061e+02 2.576870e+02
2.626338e+02 2.576767e+02
2.635913e+02 2.576443e+02
2.636886e+02 2.576442e+02
2.629001e+02 2.575236e+02
2.629666e+02 2.575143e+02
2.630233e+02 2.574631e+02
2.626086e+02 2.574630e+02
2.627235e+02 2.574249e+02
2.625716e+02 2.574159e+02
2.625680e+02 2.573052e+02
2.617600e+02 2.572770e+02
2.630637e+02 2.572769e+02
2.643990e+02 2.571456e+02
2.628418e+02 2.571446e+02
2.626298e+02 2.570588e+02
2.620707e+02 2.570573e+02
2.619151e+02 2.567372e+02
2.618191e+02 2.567310e+02
2.620526e+02 2.565675e+02
2.618886e+02 2.565675e+02
2.618410e+02 2.565539e+02
2.620163e+02 2.562085e+02
2.616877e+02 2.561804e+02
2.623563e+02 2.559788e+02
2.617574e+02 2.559760e+02
2.627332e+02 2.559715e+02
2.619184e+02 2.559695e+02
2.620803e+02 2.559602e+02
2.612054e+02 2.559452e+02
2.613193e+02 2.558967e+02
2.613272e+02 2.558844e+02
2.613020e+02 2.558835e+02
2.613893e+02 2.557150e+02
2.614235e+02 2.553252e+02
2.624318e+02 2.552954e+02
2.610899e+02 2.550538e+02
2.616372e+02 2.549693e+02
2.614907e+02 2.548798e+02
2.607366e+02 2.548655e+02
2.602182e+02 2.548403e+02
2.610560e+02 2.547442e+02
2.608484e+02 2.547018e+02
2.608639e+02 2.546570e+02
2.608222e+02 2.545869e+02
2.606658e+02 2.543729e+02
2.608428e+02 2.542772e+02
2.611087e+02 2.540597e+02
2.608574e+02 2.540597e+02
2.614063e+02 2.539362e+02
2.614481e+02 2.539362e+02
2.592409e+02 2.539361e+02
2.600861e+02 2.539361e+02
2.604422e+02 2.539197e+02
2.604990e+02 2.539197e+02
2.603353e+02 2.539163e+02
2.605368e+02 2.538841e+02
2.603819e+02 2.538243e+02
2.160314e+10 1.121871e+10
3.547833e+04 8.418951e+03
1.215358e+03 8.101110e+02
3.186417e+02 3.087955e+02
2.858666e+02 2.766842e+02
2.791769e+02 2.717696e+02
2.758905e+02 2.689180e+02
2.735800e+02 2.678796e+02
2.721278e+02 2.667783e+02
2.707235e+02 2.661643e+02
2.700329e+02 2.650950e+02
2.689536e+02 2.639470e+02
2.682952e+02 2.632268e+02
2.679834e+02 2.614209e+02
2.682733e+02 2.613102e+02
2.668604e+02 2.609910e+02
2.665465e+02 2.607419e+02
2.657939e+02 2.606721e+02
2.662701e+02 2.605808e+02
2.661618e+02 2.605236e+02
2.659503e+02 2.604535e+02
2.657002e+02 2.602460e+02
2.656559e+02 2.600435e+02
2.651279e+02 2.599588e+02
2.651165e+02 2.596322e+02
2.649788e+02 2.594950e+02
2.650131e+02 2.594831e+02
2.647455e+02 2.587439e+02
2.646106e+02 2.587022e+02
2.647260e+02 2.586876e+02
2.650594e+02 2.586506e+02
2.652520e+02 2.586506e+02
2.641305e+02 2.584364e+02
2.628770e+02 2.584164e+02
2.646021e+02 2.583045e+02
2.637075e+02 2.582891e+02
2.639476e+02 2.581946e+02
2.637590e+02 2.576417e+02
2.636535e+02 2.576343e+02
2.633711e+02 2.572352e+02
2.634392e+02 2.571500e+02
2.634043e+02 2.569751e+02
2.625700e+02 2.565591e+02
2.645787e+02 2.565143e+02
2.630070e+02 2.564996e+02
2.627194e+02 2.564480e+02
2.622537e+02 2.564468e+02
2.628729e+02 2.563712e+02
2.628443e+02 2.563636e+02
2.628487e+02 2.563539e+02
2.627288e+02 2.562962e+02
2.625201e+02 2.562616e+02
2.627923e+02 2.561632e+02
2.626019e+02 2.560826e+02
2.623853e+02 2.560809e+02
2.624476e+02 2.560383e+02
2.631132e+02 2.560120e+02
2.625764e+02 2.559465e+02
2.629750e+02 2.559416e+02
2.623720e+02 2.559416e+02
2.620658e+02 2.559416e+02
2.619925e+02 2.558867e+02
2.621168e+02 2.558867e+02
2.619502e+02 2.557744e+02
2.618677e+02 2.557022e+02
2.619309e+02 2.556659e+02
2.617679e+02 2.556620e+02
2.627715e+02 2.555559e+02
2.609198e+02 2.555520e+02
2.619290e+02 2.555520e+02
2.632450e+02 2.553034e+02
2.621226e+02 2.553034e+02
2.617016e+02 2.553030e+02
2.613944e+02 2.552950e+02
2.614036e+02 2.552743e+02
2.614742e+02 2.552742e+02
2.614114e+02 2.552537e+02
2.611663e+02 2.552519e+02
2.620861e+02 2.550538e+02
2.608000e+02 2.549752e+02
2.598986e+02 2.549434e+02
2.611623e+02 2.549388e+02
2.626784e+02 2.549387e+02
2.617701e+02 2.549386e+02
2.611686e+02 2.548703e+02
2.613952e+02 2.548701e+02
2.611024e+02 2.548701e+02
2.611061e+02 2.548672e+02
2.608165e+02 2.548650e+02
2.611169e+02 2.548541e+02
2.609970e+02 2.548541e+02
2.619349e+02 2.547490e+02
2.608138e+02 2.547490e+02
2.607219e+02 2.547471e+02
2.614789e+02 2.547082e+02
2.614399e+02 2.547079e+02
2.606871e+02 2.547067e+02
2.605442e+02 2.546909e+02
2.606411e+02 2.546909e+02
2.607634e+02 2.546909e+02
2.606204e+02 2.546705e+02
2.230345e+10 1.264979e+10
1.629375e+04 4.010442e+03
1.355939e+03 8.388559e+02
3.791475e+02 3.550184e+02
2.849741e+02 2.809075e+02
2.663029e+02 2.637367e+02
2.615433e+02 2.592728e+02
2.592819e+02 2.563380e+02
2.580646e+02 2.556954e+02
2.570656e+02 2.549928e+02
2.562691e+02 2.537888e+02
2.556748e+02 2.532364e+02
2.551751e+02 2.526990e+02
2.543192e+02 2.518568e+02
2.538238e+02 2.516076e+02
2.531194e+02 2.515009e+02
2.531406e+02 2.509730e+02
2.523824e+02 2.507669e+02
2.518866e+02 2.505290e+02
2.522660e+02 2.503056e+02
2.525553e+02 2.500280e+02
2.512529e+02 2.499525e+02
2.518173e+02 2.490236e+02
2.507750e+02 2.489310e+02
2.504900e+02 2.489287e+02
2.502898e+02 2.488768e+02
2.501454e+02 2.488438e+02
2.498748e+02 2.487436e+02
2.497637e+02 2.485647e+02
2.496595e+02 2.485236e+02
2.494673e+02 2.483524e+02
2.494065e+02 2.482663e+02
2.495556e+02 2.481893e+02
2.493345e+02 2.481105e+02
2.489968e+02 2.480135e+02
2.492598e+02 2.479053e+02
2.489432e+02 2.477046e+02
2.488630e+02 2.477046e+02
2.487549e+02 2.475262e+02
2.485913e+02 2.475098e+02
2.485264e+02 2.474504e+02
2.484743e+02 2.473873e+02
2.481321e+02 2.472365e+02
2.477809e+02 2.470090e+02
2.481538e+02 2.469421e+02
2.481397e+02 2.469358e+02
2.480974e+02 2.467532e+02
2.475840e+02 2.467151e+02
2.479087e+02 2.466334e+02
2.478459e+02 2.464766e+02
2.477923e+02 2.462931e+02
2.476770e+02 2.462396e+02
2.476730e+02 2.461120e+02
2.476105e+02 2.460118e+02
2.472415e+02 2.458605e+02
2.474548e+02 2.457254e+02
2.474038e+02 2.456484e+02
2.475241e+02 2.456389e+02
2.473244e+02 2.456357e+02
2.474429e+02 2.455678e+02
2.472784e+02 2.454564e+02
2.472479e+02 2.454124e+02
2.472060e+02 2.453750e+02
2.470625e+02 2.453556e+02
2.469855e+02 2.453512e+02
2.469447e+02 2.450125e+02
2.472526e+02 2.450108e+02
2.466836e+02 2.449958e+02
2.472863e+02 2.449877e+02
2.467932e+02 2.449877e+02
2.467156e+02 2.449517e+02
2.465097e+02 2.449140e+02
2.468346e+02 2.449135e+02
2.467675e+02 2.449107e+02
2.467804e+02 2.448146e+02
2.466561e+02 2.448144e+02
2.467892e+02 2.448138e+02
2.467086e+02 2.448136e+02
2.467050e+02 2.447813e+02
2.466657e+02 2.447738e+02
2.465492e+02 2.447734e+02
2.463879e+02 2.447433e+02
2.469085e+02 2.447257e+02
2.469681e+02 2.446977e+02
2.465880e+02 2.446896e+02
2.465671e+02 2.446896e+02
2.464890e+02 2.446427e+02
2.464626e+02 2.446274e+02
2.464972e+02 2.446145e+02
2.464810e+02 2.446145e+02
2.466530e+02 2.445616e+02
2.459919e+02 2.445558e+02
2.463437e+02 2.445531e+02
2.464973e+02 2.445529e+02
2.463960e+02 2.445529e+02
2.461548e+02 2.445433e+02
2.463956e+02 2.445254e+02
2.463986e+02 2.445250e+02
2.463731e+02 2.445183e+02
2.462900e+02 2.445164e+02
2.463016e+02 2.445164e+02
2.128364e+10 1.063716e+10
4.965573e+04 5.881605e+03
1.841836e+03 1.122265e+03
5.475712e+02 4.645446e+02
3.058331e+02 2.921017e+02
2.765635e+02 2.709707e+02
2.689262e+02 2.655219e+02
2.664090e+02 2.627293e+02
2.632487e+02 2.595925e+02
2.615316e+02 2.581028e+02
2.595832e+02 2.572272e+02
2.585353e+02 2.552062e+02
2.572923e+02 2.545017e+02
2.570130e+02 2.541513e+02
2.562485e+02 2.536474e+02
2.557951e+02 2.531192e+02
2.555174e+02 2.528697e+02
2.552901e+02 2.527881e+02
2.550327e+02 2.526060e+02
2.547476e+02 2.524761e+02
2.545716e+02 2.523879e+02
2.540334e+02 2.523811e+02
2.540756e+02 2.523792e+02
2.541873e+02 2.522980e+02
2.541437e+02 2.522344e+02
2.538932e+02 2.522228e+02
2.538370e+02 2.522157e+02
2.536344e+02 2.520795e+02
2.534832e+02 2.515956e+02
2.534399e+02 2.514896e+02
2.535506e+02 2.513865e+02
2.532255e+02 2.512205e+02
2.528138e+02 2.512019e+02
2.526629e+02 2.510077e+02
2.536303e+02 2.510057e+02
2.525337e+02 2.509455e+02
2.529204e+02 2.509438e+02
2.529281e+02 2.509275e+02
2.528416e+02 2.509274e+02
2.527539e+02 2.508776e+02
2.526722e+02 2.508533e+02
2.526332e+02 2.507550e+02
2.523562e+02 2.506214e+02
2.528002e+02 2.504266e+02
2.531363e+02 2.504135e+02
2.524432e+02 2.503800e+02
2.523792e+02 2.503800e+02
2.522811e+02 2.502608e+02
2.523303e+02 2.502308e+02
2.521719e+02 2.501122e+02
2.521861e+02 2.500954e+02
2.520591e+02 2.500953e+02
2.519603e+02 2.500951e+02
2.518849e+02 2.500929e+02
2.523433e+02 2.500681e+02
2.519448e+02 2.500078e+02
2.517917e+02 2.499999e+02
2.521564e+02 2.499244e+02
2.515950e+02 2.498603e+02
2.512899e+02 2.498603e+02
2.516243e+02 2.498501e+02
2.516086e+02 2.498167e+02
2.515655e+02 2.497002e+02
2.515090e+02 2.496993e+02
2.514642e+02 2.496696e+02
2.513960e+02 2.496645e+02
2.513079e+02 2.495949e+02
2.511566e+02 2.495923e+02
2.513111e+02 2.495849e+02
2.515882e+02 2.495653e+02
2.511933e+02 2.495642e+02
2.508352e+02 2.495616e+02
2.513108e+02 2.495592e+02
2.512044e+02 2.495180e+02
2.511856e+02 2.494424e+02
2.511906e+02 2.494314e+02
2.511659e+02 2.494215e+02
2.511083e+02 2.493664e+02
2.505465e+02 2.492946e+02
2.512910e+02 2.492945e+02
2.508227e+02 2.492932e+02
2.509635e+02 2.492864e+02
2.512233e+02 2.492818e+02
2.509618e+02 2.492816e+02
2.510511e+02 2.492802e+02
2.510332e+02 2.492794e+02
2.508966e+02 2.492782e+02
2.509540e+02 2.492758e+02
2.509821e+02 2.492758e+02
2.509716e+02 2.492715e+02
2.509910e+02 2.492715e+02
2.506229e+02 2.492715e+02
2.510087e+02 2.492709e+02
2.507428e+02 2.492384e+02
2.507443e+02 2.492353e+02
2.507377e+02 2.492352e+02
2.508704e+02 2.492346e+02
2.508580e+02 2.492344e+02
2.508210e+02 2.492344e+02
2.507365e+02 2.492341e+02
2.507284e+02 2.492341e+02
2.204161e+10 1.190297e+10
4.106310e+04 5.915653e+03
2.021231e+03 1.131408e+03
3.969904e+02 3.511015e+02
2.876424e+02 2.802143e+02
2.741669e+02 2.688962e+02
2.688828e+02 2.638328e+02
2.665155e+02 2.620937e+02
2.649544e+02 2.604108e+02
2.639103e+02 2.598712e+02
2.630505e+02 2.589450e+02
2.618717e+02 2.564265e+02
2.617949e+02 2.561927e+02
2.610982e+02 2.558885e+02
2.609017e+02 2.555852e+02
2.603489e+02 2.551667e+02
2.601478e+02 2.550726e+02
2.597178e+02 2.546811e+02
2.594722e+02 2.545976e+02
2.594582e+02 2.542460e+02
2.586049e+02 2.539860e+02
2.590338e+02 2.536749e+02
2.581812e+02 2.536010e+02
2.578809e+02 2.535659e+02
2.582378e+02 2.530792e+02
2.582860e+02 2.530172e+02
2.580172e+02 2.529545e+02
2.579766e+02 2.529351e+02
2.579381e+02 2.529270e+02
2.577390e+02 2.528411e+02
2.571306e+02 2.528411e+02
2.576159e+02 2.528328e+02
2.584020e+02 2.527790e+02
2.582771e+02 2.527161e+02
2.583622e+02 2.526874e+02
2.574075e+02 2.526725e+02
2.570900e+02 2.526561e+02
2.572481e+02 2.526011e+02
2.569767e+02 2.521933e+02
2.570858e+02 2.521904e+02
2.568595e+02 2.521898e+02
2.569027e+02 2.521861e+02
2.563946e+02 2.521845e+02
2.568919e+02 2.521612e+02
2.562131e+02 2.521573e+02
2.565495e+02 2.520370e+02
2.574800e+02 2.518650e+02
2.565509e+02 2.517078e+02
2.564951e+02 2.516908e+02
2.563461e+02 2.516767e+02
2.565344e+02 2.516735e+02
2.564182e+02 2.515670e+02
2.561948e+02 2.514584e+02
2.559925e+02 2.514563e+02
2.562049e+02 2.512570e+02
2.564299e+02 2.512563e+02
2.555457e+02 2.512561e+02
2.567354e+02 2.512556e+02
2.553798e+02 2.512556e+02
2.562124e+02 2.511610e+02
2.559165e+02 2.511185e+02
2.559318e+02 2.507603e+02
2.557231e+02 2.507413e+02
2.557980e+02 2.506355e+02
2.555250e+02 2.503556e+02
2.555462e+02 2.503556e+02
2.555979e+02 2.503333e+02
2.557846e+02 2.503333e+02
2.545261e+02 2.503333e+02
2.558730e+02 2.503269e+02
2.552535e+02 2.503191e+02
2.558448e+02 2.503165e+02
2.552699e+02 2.503127e+02
2.552195e+02 2.503055e+02
2.552725e+02 2.503055e+02
2.552120e+02 2.502758e+02
2.549870e+02 2.501407e+02
2.550524e+02 2.501350e+02
2.550601e+02 2.501312e+02
2.547865e+02 2.501228e+02
2.551557e+02 2.501228e+02
2.552666e+02 2.500613e+02
2.553373e+02 2.500516e+02
2.547312e+02 2.500516e+02
2.549177e+02 2.500479e+02
2.549269e+02 2.500479e+02
2.547960e+02 2.500478e+02
2.547900e+02 2.500437e+02
2.547601e+02 2.500423e+02
2.547814e+02 2.500423e+02
2.546897e+02 2.500404e+02
2.552153e+02 2.500353e+02
2.541189e+02 2.499488e+02
2.546638e+02 2.499488e+02
2.537309e+02 2.499488e+02
2.537287e+02 2.499488e+02
2.546468e+02 2.499455e+02
2.546383e+02 2.499446e+02
2.546732e+02 2.499429e+02
2.544762e+02 2.499417e+02
2.545635e+02 2.499157e+02
2.104373e+10 1.232532e+10
2.143111e+04 3.494185e+03
8.008957e+02 5.756124e+02
3.324503e+02 3.124681e+02
2.770582e+02 2.723058e+02
2.569489e+02 2.551030e+02
2.511451e+02 2.502042e+02
2.495669e+02 2.483587e+02
2.487608e+02 2.471720e+02
2.482987e+02 2.467229e+02
2.479592e+02 2.465612e+02
2.476934e+02 2.464891e+02
2.473877e+02 2.463933e+02
2.472468e+02 2.463675e+02
2.470795e+02 2.462482e+02
2.466931e+02 2.460290e+02
2.467122e+02 2.457848e+02
2.467177e+02 2.456764e+02
2.465462e+02 2.455375e+02
2.464973e+02 2.454358e+02
2.463249e+02 2.452263e+02
2.462513e+02 2.452223e+02
2.461532e+02 2.451181e+02
2.460804e+02 2.451075e+02
2.462237e+02 2.451022e+02
2.460024e+02 2.449697e+02
2.458438e+02 2.449066e+02
2.458253e+02 2.448964e+02
2.458684e+02 2.448855e+02
2.457626e+02 2.448756e+02
2.457194e+02 2.448256e+02
2.457031e+02 2.447842e+02
2.456357e+02 2.447291e+02
2.455857e+02 2.447022e+02
2.455405e+02 2.446506e+02
2.454901e+02 2.446353e+02
2.453761e+02 2.444760e+02
2.454012e+02 2.443977e+02
2.452566e+02 2.443912e+02
2.451135e+02 2.441419e+02
2.449334e+02 2.441418e+02
2.453148e+02 2.441410e+02
2.451452e+02 2.440435e+02
2.450976e+02 2.439830e+02
2.450283e+02 2.437887e+02
2.450139e+02 2.437765e+02
2.449761e+02 2.437406e+02
2.449174e+02 2.437241e+02
2.447679e+02 2.436635e+02
2.448872e+02 2.436529e+02
2.447937e+02 2.436428e+02
2.446196e+02 2.436174e+02
2.447826e+02 2.435924e+02
2.447908e+02 2.435565e+02
2.447096e+02 2.435374e+02
2.446585e+02 2.435374e+02
2.446239e+02 2.435374e+02
2.445797e+02 2.435144e+02
2.445742e+02 2.435128e+02
2.445420e+02 2.435104e+02
2.444957e+02 2.434990e+02
2.445876e+02 2.433785e+02
2.443364e+02 2.433778e+02
2.445592e+02 2.433769e+02
2.444718e+02 2.433768e+02
2.443817e+02 2.433428e+02
2.444505e+02 2.433116e+02
2.444393e+02 2.433065e+02
2.444067e+02 2.433051e+02
2.443733e+02 2.433032e+02
2.444005e+02 2.433032e+02
2.443607e+02 2.432964e+02
2.442620e+02 2.432911e+02
2.441394e+02 2.432531e+02
2.442875e+02 2.432531e+02
2.445740e+02 2.432530e+02
2.442739e+02 2.432530e+02
2.444096e+02 2.432069e+02
2.443244e+02 2.432069e+02
2.442597e+02 2.431886e+02
2.442826e+02 2.431427e+02
2.442579e+02 2.430873e+02
2.442557e+02 2.430858e+02
2.442286e+02 2.430857e+02
2.443544e+02 2.430539e+02
2.443883e+02 2.430091e+02
2.443680e+02 2.429923e+02
2.443914e+02 2.429818e+02
2.442429e+02 2.429784e+02
2.440433e+02 2.429049e+02
2.441905e+02 2.429010e+02
2.441746e+02 2.428665e+02
2.441540e+02 2.428664e+02
2.441758e+02 2.428444e+02
2.441897e+02 2.428432e+02
2.441422e+02 2.428211e+02
2.440710e+02 2.428084e+02
2.439547e+02 2.428084e+02
2.440600e+02 2.428065e+02
2.441435e+02 2.428064e+02
2.439430e+02 2.428058e+02
2.209067e+10 7.631743e+09
1.597639e+04 6.216554e+03
1.547474e+03 9.779113e+02
3.675061e+02 3.255999e+02
2.701433e+02 2.655925e+02
2.550025e+02 2.529272e+02
2.510411e+02 2.496626e+02
2.501021e+02 2.490656e+02
2.494757e+02 2.484594e+02
2.489893e+02 2.472837e+02
2.486105e+02 2.471498e+02
2.481464e+02 2.470910e+02
2.481148e+02 2.467859e+02
2.482746e+02 2.466257e+02
2.478052e+02 2.465420e+02
2.475734e+02 2.464932e+02
2.477513e+02 2.464710e+02
2.474531e+02 2.464078e+02
2.474169e+02 2.463163e+02
2.473144e+02 2.461235e+02
2.472140e+02 2.460097e+02
2.471572e+02 2.459889e+02
2.470328e+02 2.459467e+02
2.469463e+02 2.455157e+02
2.470041e+02 2.455157e+02
2.467772e+02 2.454514e+02
2.468541e+02 2.454401e+02
2.469187e+02 2.453902e+02
2.465811e+02 2.452900e+02
2.464036e+02 2.451907e+02
2.466326e+02 2.451905e+02
2.465425e+02 2.451851e+02
2.464360e+02 2.451012e+02
2.464483e+02 2.450932e+02
2.463945e+02 2.450912e+02
2.463636e+02 2.450720e+02
2.462091e+02 2.450668e+02
2.460716e+02 2.450667e+02
2.464649e+02 2.450560e+02
2.462999e+02 2.449667e+02
2.462449e+02 2.449647e+02
2.461186e+02 2.449226e+02
2.460714e+02 2.449216e+02
2.459942e+02 2.449150e+02
2.459455e+02 2.448305e+02
2.459899e+02 2.447614e+02
2.458970e+02 2.447577e+02
2.458358e+02 2.447216e+02
2.458367e+02 2.447204e+02
2.458921e+02 2.445812e+02
2.459159e+02 2.445691e+02
2.456747e+02 2.445404e+02
2.457075e+02 2.444882e+02
2.456312e+02 2.444031e+02
2.456331e+02 2.442808e+02
2.456095e+02 2.441751e+02
2.456115e+02 2.440200e+02
2.455283e+02 2.440073e+02
2.454977e+02 2.439866e+02
2.454291e+02 2.439785e+02
2.454091e+02 2.439395e+02
2.454139e+02 2.439395e+02
2.455513e+02 2.438947e+02
2.456914e+02 2.438495e+02
2.455963e+02 2.438273e+02
2.454633e+02 2.438016e+02
2.453681e+02 2.437981e+02
2.453043e+02 2.437981e+02
2.452774e+02 2.437745e+02
2.452922e+02 2.437573e+02
2.452397e+02 2.437567e+02
2.452846e+02 2.437562e+02
2.453293e+02 2.437561e+02
2.452209e+02 2.437450e+02
2.452063e+02 2.436960e+02
2.454468e+02 2.436707e+02
2.451505e+02 2.436564e+02
2.452737e+02 2.436349e+02
2.451522e+02 2.436349e+02
2.451265e+02 2.436348e+02
2.451554e+02 2.436308e+02
2.451512e+02 2.436303e+02
2.451151e+02 2.436302e+02
2.450807e+02 2.436223e+02
2.449077e+02 2.436063e+02
2.451634e+02 2.436063e+02
2.449002e+02 2.435670e+02
2.451657e+02 2.435649e+02
2.450988e+02 2.435645e+02
2.451428e+02 2.435634e+02
2.450261e+02 2.435634e+02
2.450102e+02 2.435630e+02
2.449422e+02 2.435630e+02
2.449952e+02 2.435630e+02
2.449737e+02 2.435629e+02
2.450020e+02 2.435629e+02
2.450430e+02 2.435629e+02
2.449700e+02 2.435628e+02
2.446717e+02 2.435628e+02
2.449712e+02 2.435628e+02
2.446664e+02 2.435628e+02
2.207578e+10 8.956096e+09
5.211151e+04 8.573671e+03
1.600468e+03 1.098920e+03
3.870919e+02 3.545916e+02
2.838674e+02 2.779564e+02
2.629027e+02 2.603924e+02
2.536757e+02 2.521235e+02
2.506437e+02 2.493727e+02
2.494373e+02 2.480674e+02
2.489574e+02 2.478140e+02
2.486463e+02 2.476057e+02
2.484452e+02 2.475179e+02
2.483060e+02 2.471717e+02
2.481175e+02 2.470911e+02
2.479346e+02 2.468473e+02
2.478399e+02 2.467855e+02
2.476948e+02 2.467063e+02
2.475678e+02 2.465681e+02
2.475780e+02 2.463523e+02
2.473097e+02 2.463072e+02
2.472659e+02 2.459386e+02
2.471965e+02 2.458942e+02
2.470476e+02 2.458626e+02
2.469889e+02 2.458539e+02
2.469824e+02 2.458368e+02
2.469490e+02 2.457984e+02
2.468903e+02 2.457741e+02
2.468658e+02 2.456924e+02
2.467727e+02 2.456893e+02
2.467320e+02 2.455570e+02
2.467242e+02 2.455395e+02
2.465812e+02 2.455233e+02
2.466808e+02 2.454431e+02
2.465533e+02 2.454388e+02
2.463241e+02 2.454071e+02
2.463597e+02 2.453441e+02
2.463979e+02 2.453262e+02
2.463660e+02 2.453241e+02
2.463391e+02 2.451903e+02
2.462758e+02 2.450654e+02
2.461761e+02 2.449697e+02
2.461885e+02 2.448098e+02
2.461287e+02 2.448063e+02
2.461033e+02 2.448047e+02
2.462433e+02 2.447780e+02
2.459450e+02 2.446671e+02
2.457188e+02 2.445633e+02
2.458543e+02 2.444106e+02
2.459225e+02 2.444027e+02
2.457883e+02 2.444010e+02
2.457958e+02 2.443953e+02
2.457874e+02 2.443953e+02
2.457114e+02 2.443335e+02
2.457071e+02 2.442813e+02
2.455241e+02 2.441716e+02
2.454298e+02 2.441428e+02
2.458011e+02 2.441278e+02
2.456929e+02 2.441274e+02
2.452821e+02 2.441022e+02
2.456099e+02 2.440570e+02
2.455321e+02 2.440271e+02
2.455242e+02 2.440256e+02
2.455298e+02 2.439946e+02
2.454892e+02 2.439834e+02
2.454802e+02 2.439746e+02
2.454996e+02 2.439745e+02
2.454120e+02 2.439559e+02
2.455366e+02 2.439557e+02
2.455622e+02 2.439522e+02
2.454149e+02 2.439471e+02
2.454023e+02 2.439470e+02
2.452263e+02 2.438834e+02
2.453434e+02 2.438833e+02
2.453445e+02 2.438827e+02
2.453412e+02 2.438794e+02
2.453311e+02 2.438458e+02
2.452843e+02 2.438431e+02
2.452659e+02 2.438361e+02
2.451097e+02 2.438304e+02
2.453162e+02 2.438301e+02
2.453528e+02 2.438297e+02
2.451744e+02 2.438293e+02
2.450456e+02 2.438277e+02
2.453213e+02 2.438204e+02
2.452470e+02 2.438179e+02
2.451886e+02 2.438165e+02
2.452050e+02 2.438065e+02
2.452040e+02 2.438065e+02
2.452436e+02 2.437708e+02
2.452381e+02 2.437704e+02
2.454061e+02 2.437664e+02
2.453602e+02 2.437664e+02
2.454060e+02 2.437664e+02
2.450307e+02 2.437663e+02
2.450498e+02 2.437663e+02
2.451430e+02 2.437662e+02
2.451779e+02 2.437662e+02
2.451627e+02 2.437662e+02
2.451415e+02 2.437661e+02
2.451599e+02 2.437661e+02
2.451393e+02 2.437635e+02
2.157306e+10 9.422687e+09
2.929727e+07 1.341000e+07
3.942236e+05 2.185774e+05
3.384230e+04 2.951697e+04
1.176291e+04 1.112998e+04
4.617889e+03 4.517206e+03
3.287734e+03 3.271188e+03
2.595726e+03 2.575046e+03
2.340710e+03 2.333261e+03
2.202581e+03 2.196434e+03
2.108272e+03 2.105495e+03
2.061839e+03 2.060735e+03
2.007192e+03 2.005398e+03
1.935923e+03 1.933838e+03
1.917168e+03 1.917051e+03
1.907226e+03 1.906914e+03
1.897237e+03 1.896885e+03
1.884818e+03 1.884013e+03
1.850024e+03 1.847125e+03
1.830575e+03 1.830100e+03
1.824591e+03 1.824497e+03
1.776636e+03 1.775661e+03
1.763803e+03 1.763651e+03
1.761193e+03 1.761089e+03
1.756949e+03 1.756869e+03
1.754827e+03 1.754731e+03
1.751003e+03 1.750939e+03
1.747864e+03 1.747803e+03
1.746440e+03 1.746371e+03
1.742622e+03 1.742464e+03
1.740836e+03 1.740793e+03
1.733565e+03 1.732317e+03
1.679032e+03 1.678144e+03
1.669487e+03 1.669306e+03
1.666348e+03 1.666314e+03
1.665434e+03 1.665415e+03
1.662375e+03 1.662107e+03
1.650088e+03 1.649744e+03
1.639393e+03 1.638522e+03
1.611237e+03 1.610211e+03
1.571458e+03 1.570512e+03
1.541969e+03 1.540936e+03
1.521480e+03 1.521070e+03
1.491068e+03 1.488972e+03
1.479473e+03 1.479320e+03
1.477596e+03 1.477539e+03
1.476785e+03 1.476761e+03
1.476204e+03 1.476129e+03
1.471356e+03 1.471222e+03
1.470035e+03 1.470012e+03
1.469819e+03 1.469809e+03
1.469703e+03 1.469695e+03
1.469462e+03 1.469139e+03
7.835420e+02 7.714765e+02
6.891238e+02 6.881370e+02
5.887786e+02 5.824791e+02
4.530663e+02 4.432519e+02
3.573560e+02 3.502546e+02
3.183136e+02 3.166284e+02
2.750321e+02 2.705718e+02
2.621478e+02 2.615692e+02
2.584363e+02 2.579729e+02
2.569784e+02 2.566901e+02
2.567485e+02 2.564861e+02
2.565996e+02 2.562207e+02
2.565403e+02 2.561861e+02
2.564318e+02 2.560943e+02
2.563689e+02 2.560384e+02
2.562974e+02 2.557982e+02
2.562477e+02 2.556893e+02
2.561759e+02 2.556730e+02
2.561468e+02 2.556280e+02
2.560806e+02 2.556240e+02
2.560433e+02 2.555507e+02
2.560253e+02 2.555455e+02
2.559906e+02 2.555224e+02
2.558985e+02 2.554510e+02
2.558320e+02 2.554214e+02
2.558818e+02 2.553993e+02
2.558611e+02 2.552614e+02
2.558430e+02 2.552070e+02
2.557907e+02 2.551611e+02
2.557248e+02 2.551348e+02
2.556965e+02 2.550700e+02
2.557218e+02 2.550394e+02
2.556585e+02 2.549452e+02
2.555657e+02 2.549444e+02
2.556786e+02 2.549052e+02
2.555897e+02 2.548722e+02
2.553667e+02 2.548563e+02
2.554165e+02 2.547885e+02
2.553882e+02 2.547324e+02
2.553626e+02 2.546989e+02
2.553153e+02 2.546906e+02
2.552854e+02 2.546194e+02
2.552633e+02 2.545965e+02
2.552681e+02 2.544124e+02
2.550842e+02 2.544030e+02
2.550573e+02 2.543892e+02
2.550367e+02 2.543797e+02
2.551251e+02 2.543769e+02
2.100668e+10 1.001999e+10
8.651381e+03 3.456700e+03
7.984396e+02 6.167512e+02
3.282617e+02 3.135361e+02
2.698967e+02 2.671437e+02
2.549503e+02 2.535797e+02
2.509845e+02 2.497784e+02
2.502204e+02 2.492594e+02
2.497465e+02 2.488280e+02
2.496713e+02 2.483774e+02
2.493168e+02 2.481960e+02
2.490649e+02 2.478433e+02
2.488418e+02 2.478113e+02
2.486968e+02 2.477329e+02
2.485571e+02 2.475854e+02
2.484358e+02 2.475150e+02
2.483112e+02 2.473953e+02
2.481939e+02 2.472901e+02
2.480520e+02 2.472737e+02
2.479487e+02 2.471974e+02
2.481637e+02 2.470889e+02
2.479448e+02 2.469632e+02
2.479679e+02 2.469554e+02
2.476855e+02 2.468768e+02
2.476799e+02 2.468699e+02
2.476329e+02 2.467530e+02
2.475991e+02 2.467457e+02
2.475350e+02 2.466674e+02
2.475018e+02 2.466112e+02
2.474372e+02 2.466110e+02
2.473192e+02 2.466042e+02
2.472460e+02 2.465479e+02
2.472976e+02 2.465420e+02
2.473004e+02 2.464797e+02
2.472210e+02 2.464765e+02
2.472716e+02 2.463092e+02
2.472046e+02 2.462872e+02
2.471419e+02 2.462872e+02
2.471163e+02 2.462142e+02
2.471394e+02 2.461955e+02
2.470734e+02 2.461185e+02
2.470784e+02 2.460677e+02
2.467203e+02 2.460237e+02
2.470495e+02 2.460102e+02
2.469521e+02 2.460029e+02
2.468862e+02 2.458022e+02
2.471109e+02 2.457898e+02
2.468987e+02 2.457648e+02
2.468637e+02 2.457648e+02
2.468348e+02 2.457132e+02
2.467844e+02 2.456243e+02
2.468139e+02 2.456241e+02
2.467485e+02 2.456155e+02
2.467596e+02 2.455422e+02
2.468087e+02 2.455396e+02
2.466660e+02 2.455291e+02
2.465327e+02 2.455291e+02
2.466412e+02 2.455237e+02
2.465958e+02 2.455140e+02
2.464470e+02 2.454841e+02
2.466028e+02 2.454805e+02
2.465578e+02 2.454800e+02
2.465522e+02 2.454348e+02
2.465350e+02 2.454328e+02
2.465458e+02 2.454121e+02
2.465294e+02 2.454037e+02
2.465087e+02 2.453750e+02
2.464684e+02 2.453594e+02
2.465771e+02 2.453535e+02
2.463914e+02 2.453423e+02
2.464937e+02 2.453422e+02
2.465086e+02 2.453416e+02
2.463300e+02 2.453395e+02
2.463367e+02 2.453236e+02
2.463488e+02 2.453062e+02
2.463186e+02 2.453027e+02
2.463126e+02 2.453022e+02
2.462814e+02 2.453022e+02
2.463252e+02 2.452989e+02
2.462727e+02 2.452987e+02
2.461759e+02 2.452986e+02
2.462688e+02 2.452986e+02
2.462634e+02 2.452982e+02
2.461978e+02 2.452982e+02
2.462382e+02 2.452982e+02
2.461874e+02 2.452980e+02
2.462110e+02 2.452978e+02
2.461494e+02 2.452541e+02
2.461708e+02 2.452527e+02
2.461225e+02 2.452526e+02
2.462520e+02 2.452519e+02
2.462246e+02 2.452514e+02
2.462766e+02 2.452280e+02
2.460351e+02 2.452279e+02
2.460444e+02 2.452279e+02
2.462058e+02 2.452279e+02
2.460949e+02 2.452264e+02
2.460492e+02 2.452260e+02
2.460665e+02 2.452260e+02
2.460656e+02 2.452258e+02
2.460463e+02 2.452049e+02
2.080203e+10 6.602720e+09
4.183073e+04 6.899713e+03
2.699685e+03 1.247451e+03
3.809449e+02 3.339515e+02
2.810467e+02 2.768225e+02
2.716559e+02 2.680655e+02
2.681641e+02 2.644588e+02
2.662717e+02 2.629291e+02
2.648590e+02 2.609421e+02
2.638224e+02 2.596213e+02
2.631812e+02 2.591412e+02
2.624713e+02 2.579067e+02
2.618364e+02 2.577742e+02
2.620000e+02 2.576677e+02
2.611819e+02 2.576301e+02
2.609094e+02 2.572657e+02
2.605451e+02 2.569687e+02
2.602703e+02 2.567650e+02
2.601846e+02 2.567044e+02
2.602237e+02 2.566318e+02
2.599215e+02 2.565643e+02
2.599012e+02 2.561765e+02
2.603489e+02 2.561592e+02
2.588055e+02 2.560359e+02
2.593172e+02 2.559993e+02
2.592651e+02 2.559128e+02
2.591487e+02 2.555030e+02
2.589014e+02 2.554785e+02
2.586800e+02 2.550520e+02
2.587389e+02 2.550298e+02
2.583625e+02 2.547129e+02
2.584800e+02 2.545888e+02
2.577807e+02 2.545750e+02
2.589378e+02 2.543575e+02
2.585172e+02 2.543244e+02
2.579422e+02 2.543138e+02
2.580537e+02 2.542651e+02
2.580256e+02 2.538223e+02
2.578079e+02 2.538053e+02
2.578945e+02 2.537498e+02
2.578224e+02 2.537485e+02
2.575778e+02 2.537381e+02
2.571949e+02 2.537301e+02
2.577607e+02 2.536262e+02
2.569917e+02 2.536162e+02
2.574042e+02 2.534370e+02
2.570785e+02 2.534136e+02
2.565695e+02 2.533894e+02
2.570213e+02 2.532554e+02
2.568152e+02 2.532320e+02
2.569585e+02 2.530355e+02
2.569068e+02 2.530218e+02
2.568316e+02 2.530205e+02
2.567970e+02 2.529791e+02
2.565864e+02 2.528055e+02
2.567723e+02 2.526964e+02
2.567025e+02 2.526435e+02
2.558263e+02 2.526431e+02
2.566599e+02 2.526268e+02
2.571058e+02 2.526236e+02
2.564238e+02 2.525412e+02
2.565841e+02 2.525315e+02
2.563027e+02 2.525209e+02
2.563361e+02 2.523248e+02
2.563353e+02 2.523222e+02
2.563461e+02 2.519907e+02
2.574417e+02 2.519075e+02
2.555075e+02 2.519050e+02
2.561203e+02 2.518068e+02
2.564583e+02 2.518068e+02
2.564125e+02 2.518036e+02
2.561801e+02 2.518032e+02
2.558304e+02 2.516070e+02
2.560331e+02 2.516069e+02
2.557903e+02 2.515918e+02
2.557190e+02 2.515731e+02
2.557364e+02 2.515557e+02
2.557629e+02 2.515522e+02
2.560696e+02 2.515521e+02
2.563298e+02 2.515520e+02
2.551036e+02 2.515510e+02
2.555346e+02 2.515510e+02
2.561764e+02 2.515459e+02
2.549231e+02 2.515449e+02
2.554533e+02 2.515449e+02
2.555296e+02 2.515349e+02
2.555684e+02 2.515349e+02
2.552640e+02 2.515332e+02
2.553042e+02 2.515332e+02
2.553158e+02 2.515310e+02
2.559392e+02 2.515299e+02
2.549316e+02 2.515278e+02
2.551858e+02 2.515278e+02
2.538848e+02 2.514881e+02
2.545964e+02 2.513189e+02
2.547405e+02 2.513166e+02
2.550710e+02 2.513165e+02
2.551069e+02 2.511969e+02
2.550683e+02 2.511969e+02
2.551250e+02 2.511969e+02
2.549558e+02 2.511969e+02
2.186622e+10 8.623106e+09
1.025631e+04 3.025757e+03
1.204029e+03 8.313100e+02
4.619814e+02 3.939991e+02
2.901010e+02 2.835103e+02
2.636274e+02 2.600983e+02
2.536593e+02 2.521371e+02
2.500016e+02 2.491359e+02
2.488861e+02 2.476299e+02
2.484821e+02 2.471960e+02
2.482104e+02 2.468579e+02
2.478674e+02 2.467301e+02
2.476468e+02 2.465904e+02
2.475989e+02 2.463753e+02
2.471792e+02 2.463664e+02
2.473439e+02 2.462808e+02
2.470449e+02 2.459903e+02
2.469047e+02 2.458115e+02
2.467953e+02 2.456422e+02
2.467279e+02 2.456162e+02
2.466227e+02 2.455794e+02
2.465524e+02 2.455203e+02
2.464652e+02 2.454673e+02
2.464206e+02 2.453777e+02
2.462512e+02 2.453035e+02
2.462875e+02 2.452885e+02
2.462899e+02 2.452624e+02
2.462218e+02 2.452416e+02
2.460630e+02 2.451971e+02
2.460626e+02 2.451558e+02
2.460588e+02 2.451532e+02
2.460351e+02 2.450759e+02
2.459845e+02 2.448604e+02
2.459438e+02 2.448406e+02
2.458902e+02 2.448093e+02
2.458742e+02 2.448009e+02
2.459050e+02 2.447366e+02
2.458301e+02 2.447216e+02
2.459133e+02 2.446672e+02
2.457533e+02 2.446616e+02
2.459728e+02 2.446608e+02
2.454293e+02 2.446590e+02
2.455456e+02 2.446547e+02
2.455169e+02 2.444838e+02
2.454125e+02 2.444598e+02
2.454263e+02 2.444415e+02
2.453749e+02 2.443947e+02
2.453328e+02 2.443797e+02
2.455704e+02 2.443715e+02
2.450689e+02 2.443515e+02
2.452132e+02 2.443022e+02
2.453747e+02 2.442665e+02
2.450885e+02 2.442661e+02
2.451514e+02 2.442613e+02
2.450797e+02 2.442571e+02
2.451117e+02 2.441989e+02
2.450409e+02 2.440932e+02
2.450100e+02 2.440929e+02
2.449873e+02 2.440233e+02
2.450166e+02 2.439709e+02
2.448892e+02 2.439687e+02
2.451421e+02 2.439687e+02
2.446955e+02 2.438940e+02
2.447709e+02 2.438683e+02
2.450236e+02 2.438558e+02
2.449878e+02 2.438537e+02
2.448075e+02 2.438537e+02
2.448185e+02 2.438529e+02
2.447893e+02 2.438237e+02
2.447583e+02 2.438237e+02
2.447702e+02 2.438230e+02
2.447730e+02 2.438132e+02
2.447073e+02 2.438026e+02
2.449975e+02 2.438019e+02
2.447431e+02 2.438002e+02
2.448515e+02 2.437891e+02
2.445749e+02 2.437810e+02
2.447180e+02 2.437805e+02
2.446348e+02 2.437805e+02
2.446840e+02 2.437572e+02
2.446549e+02 2.437045e+02
2.445977e+02 2.436999e+02
2.446304e+02 2.436999e+02
2.446256e+02 2.436918e+02
2.446001e+02 2.436918e+02
2.445022e+02 2.436775e+02
2.444862e+02 2.436706e+02
2.447400e+02 2.436701e+02
2.447927e+02 2.436671e+02
2.447469e+02 2.436658e+02
2.445197e+02 2.436654e+02
2.445011e+02 2.436648e+02
2.445031e+02 2.436529e+02
2.444949e+02 2.436496e+02
2.445276e+02 2.436318e+02
2.445189e+02 2.436317e+02
2.443942e+02 2.436317e+02
2.443438e+02 2.436238e+02
2.445488e+02 2.436238e+02
2.446547e+02 2.436236e+02
2.446336e+02 2.436107e+02
2.003224e+10 1.050811e+10
4.094873e+04 9.556517e+03
1.897407e+03 1.205386e+03
4.030633e+02 3.667107e+02
2.952182e+02 2.856096e+02
2.807874e+02 2.735481e+02
2.772461e+02 2.693891e+02
2.747392e+02 2.674997e+02
2.728696e+02 2.655709e+02
2.715739e+02 2.653698e+02
2.706440e+02 2.644121e+02
2.698946e+02 2.629953e+02
2.691971e+02 2.628844e+02
2.683789e+02 2.624697e+02
2.677704e+02 2.619228e+02
2.674756e+02 2.610065e+02
2.672150e+02 2.604448e+02
2.668685e+02 2.603426e+02
2.664393e+02 2.600416e+02
2.661908e+02 2.598856e+02
2.664991e+02 2.596656e+02
2.658971e+02 2.596618e+02
2.654926e+02 2.586440e+02
2.654191e+02 2.583753e+02
2.645346e+02 2.583283e+02
2.656992e+02 2.582715e+02
2.648989e+02 2.582161e+02
2.646316e+02 2.581532e+02
2.641876e+02 2.581291e+02
2.644622e+02 2.581245e+02
2.636698e+02 2.580876e+02
2.627974e+02 2.580869e+02
2.631720e+02 2.580866e+02
2.638463e+02 2.580728e+02
2.644419e+02 2.580268e+02
2.634243e+02 2.578087e+02
2.634611e+02 2.578040e+02
2.635570e+02 2.577813e+02
2.632765e+02 2.577771e+02
2.630658e+02 2.577767e+02
2.632522e+02 2.577326e+02
2.633027e+02 2.577326e+02
2.640300e+02 2.575806e+02
2.628562e+02 2.574942e+02
2.638537e+02 2.573444e+02
2.617065e+02 2.572096e+02
2.617450e+02 2.571995e+02
2.614178e+02 2.571638e+02
2.626461e+02 2.571624e+02
2.627288e+02 2.571451e+02
2.624655e+02 2.569181e+02
2.623034e+02 2.568113e+02
2.622360e+02 2.560832e+02
2.623965e+02 2.560830e+02
2.623510e+02 2.558620e+02
2.612609e+02 2.558000e+02
2.619855e+02 2.557468e+02
2.616065e+02 2.556988e+02
2.623027e+02 2.554871e+02
2.622277e+02 2.554819e+02
2.616483e+02 2.554818e+02
2.616307e+02 2.554702e+02
2.614699e+02 2.554493e+02
2.616395e+02 2.554361e+02
2.616014e+02 2.553567e+02
2.615784e+02 2.553567e+02
2.608233e+02 2.553548e+02
2.616912e+02 2.553447e+02
2.608035e+02 2.552670e+02
2.615742e+02 2.552670e+02
2.613168e+02 2.552670e+02
2.613878e+02 2.552560e+02
2.611753e+02 2.552533e+02
2.612165e+02 2.552183e+02
2.610854e+02 2.552097e+02
2.613127e+02 2.552095e+02
2.609735e+02 2.552095e+02
2.610947e+02 2.552095e+02
2.602324e+02 2.551668e+02
2.607525e+02 2.551505e+02
2.606015e+02 2.550260e+02
2.621854e+02 2.550155e+02
2.609206e+02 2.550076e+02
2.599822e+02 2.550017e+02
2.606904e+02 2.549527e+02
2.604999e+02 2.549390e+02
2.606828e+02 2.549390e+02
2.606295e+02 2.549265e+02
2.607422e+02 2.549265e+02
2.605958e+02 2.544218e+02
2.606032e+02 2.544176e+02
2.617355e+02 2.543710e+02
2.592713e+02 2.542300e+02
2.616597e+02 2.542300e+02
2.596141e+02 2.542300e+02
2.596652e+02 2.542299e+02
2.603142e+02 2.542202e+02
2.603967e+02 2.541659e+02
2.601210e+02 2.540850e+02
2.601006e+02 2.540850e+02
2.603530e+02 2.540845e+02
2.127247e+10 1.198985e+10
4.383389e+04 1.014185e+04
1.747686e+03 1.186742e+03
3.943027e+02 3.526830e+02
2.932369e+02 2.864407e+02
2.730302e+02 2.689111e+02
2.594574e+02 2.581236e+02
2.529237e+02 2.519471e+02
2.510181e+02 2.502816e+02
2.501880e+02 2.496252e+02
2.496156e+02 2.488449e+02
2.492784e+02 2.486561e+02
2.490414e+02 2.485431e+02
2.488876e+02 2.484709e+02
2.487083e+02 2.481469e+02
2.485816e+02 2.481275e+02
2.483926e+02 2.479943e+02
2.482514e+02 2.478830e+02
2.481720e+02 2.477277e+02
2.480916e+02 2.476844e+02
2.479911e+02 2.475666e+02
2.479109e+02 2.475522e+02
2.478565e+02 2.474984e+02
2.478030e+02 2.474277e+02
2.477082e+02 2.474020e+02
2.476324e+02 2.472752e+02
2.476888e+02 2.472305e+02
2.475995e+02 2.472041e+02
2.476565e+02 2.471619e+02
2.475288e+02 2.470984e+02
2.474900e+02 2.470649e+02
2.474455e+02 2.469708e+02
2.474239e+02 2.469404e+02
2.473944e+02 2.469099e+02
2.473654e+02 2.468785e+02
2.473505e+02 2.468762e+02
2.472802e+02 2.468024e+02
2.472863e+02 2.467684e+02
2.472218e+02 2.467493e+02
2.472668e+02 2.467199e+02
2.472502e+02 2.466871e+02
2.471775e+02 2.466677e+02
2.471502e+02 2.466004e+02
2.471321e+02 2.465585e+02
2.470975e+02 2.465548e+02
2.470829e+02 2.465238e+02
2.470706e+02 2.464919e+02
2.470334e+02 2.464914e+02
2.470489e+02 2.464695e+02
2.469336e+02 2.464625e+02
2.469010e+02 2.464622e+02
2.469558e+02 2.464462e+02
2.469401e+02 2.464456e+02
2.469013e+02 2.464449e+02
2.468582e+02 2.464273e+02
2.468445e+02 2.462514e+02
2.468255e+02 2.462510e+02
2.467906e+02 2.462478e+02
2.467940e+02 2.462402e+02
2.467195e+02 2.461573e+02
2.466825e+02 2.461572e+02
2.466896e+02 2.461504e+02
2.466479e+02 2.461339e+02
2.466076e+02 2.461211e+02
2.465190e+02 2.460876e+02
2.466135e+02 2.460854e+02
2.465928e+02 2.460689e+02
2.465844e+02 2.460689e+02
2.465605e+02 2.460490e+02
2.465355e+02 2.460426e+02
2.465317e+02 2.460400e+02
2.465133e+02 2.460168e+02
2.465810e+02 2.460048e+02
2.464152e+02 2.459735e+02
2.465018e+02 2.459735e+02
2.464230e+02 2.459470e+02
2.463927e+02 2.459466e+02
2.464423e+02 2.459465e+02
2.464221e+02 2.459465e+02
2.464028e+02 2.459205e+02
2.463810e+02 2.459186e+02
2.463793e+02 2.459186e+02
2.463857e+02 2.459186e+02
2.463521e+02 2.459186e+02
2.462487e+02 2.459186e+02
2.463168e+02 2.459160e+02
2.463719e+02 2.459160e+02
2.463014e+02 2.458892e+02
2.461794e+02 2.458889e+02
2.462011e+02 2.458789e+02
2.462948e+02 2.458708e+02
2.462803e+02 2.458668e+02
2.462974e+02 2.458668e+02
2.462844e+02 2.458667e+02
2.462577e+02 2.458543e+02
2.462411e+02 2.458330e+02
2.463315e+02 2.458330e+02
2.461601e+02 2.458103e+02
2.461996e+02 2.458083e+02
2.461200e+02 2.458045e+02
2.462329e+02 2.458032e+02
2.163890e+10 1.148287e+10
7.338591e+04 8.945489e+03
1.715848e+03 1.134325e+03
3.829371e+02 3.526273e+02
2.926239e+02 2.880998e+02
2.837976e+02 2.766834e+02
2.792520e+02 2.721118e+02
2.768953e+02 2.694445e+02
2.750288e+02 2.673663e+02
2.741391e+02 2.656472e+02
2.729321e+02 2.645981e+02
2.721265e+02 2.635635e+02
2.712182e+02 2.630370e+02
2.708682e+02 2.629180e+02
2.705684e+02 2.623160e+02
2.699589e+02 2.623025e+02
2.697632e+02 2.620913e+02
2.698924e+02 2.620837e+02
2.691494e+02 2.620013e+02
2.689468e+02 2.618099e+02
2.688096e+02 2.617971e+02
2.686125e+02 2.616756e+02
2.678718e+02 2.616365e+02
2.693910e+02 2.616355e+02
2.682454e+02 2.605698e+02
2.680900e+02 2.605311e+02
2.680172e+02 2.603809e+02
2.677068e+02 2.603533e+02
2.677733e+02 2.602493e+02
2.674010e+02 2.594340e+02
2.680681e+02 2.593951e+02
2.669733e+02 2.593896e+02
2.671754e+02 2.593888e+02
2.684173e+02 2.593774e+02
2.661434e+02 2.593753e+02
2.673441e+02 2.593608e+02
2.669435e+02 2.593595e+02
2.670477e+02 2.592680e+02
2.667095e+02 2.592680e+02
2.667440e+02 2.592567e+02
2.664987e+02 2.592430e+02
2.666903e+02 2.592412e+02
2.666818e+02 2.591924e+02
2.652130e+02 2.591878e+02
2.664459e+02 2.591820e+02
2.671272e+02 2.591819e+02
2.669501e+02 2.591818e+02
2.657552e+02 2.591818e+02
2.662186e+02 2.591775e+02
2.662389e+02 2.591681e+02
2.659336e+02 2.590238e+02
2.660854e+02 2.590117e+02
2.658116e+02 2.590032e+02
2.656902e+02 2.589940e+02
2.668039e+02 2.589405e+02
2.662775e+02 2.589376e+02
2.652374e+02 2.588932e+02
2.660717e+02 2.588860e+02
2.647970e+02 2.588853e+02
2.655501e+02 2.588667e+02
2.654715e+02 2.588667e+02
2.652364e+02 2.584737e+02
2.653835e+02 2.584720e+02
2.652691e+02 2.584524e+02
2.651791e+02 2.584459e+02
2.651190e+02 2.584384e+02
2.650397e+02 2.584384e+02
2.654252e+02 2.584269e+02
2.650933e+02 2.584269e+02
2.646405e+02 2.584260e+02
2.640747e+02 2.584224e+02
2.647969e+02 2.584221e+02
2.648497e+02 2.584221e+02
2.648812e+02 2.584048e+02
2.649338e+02 2.584048e+02
2.647590e+02 2.584002e+02
2.646294e+02 2.583972e+02
2.648821e+02 2.583053e+02
2.659057e+02 2.582959e+02
2.648002e+02 2.582959e+02
2.632479e+02 2.582456e+02
2.635162e+02 2.582445e+02
2.657621e+02 2.581831e+02
2.645901e+02 2.581800e+02
2.642810e+02 2.581738e+02
2.644557e+02 2.581663e+02
2.643374e+02 2.581350e+02
2.643571e+02 2.581349e+02
2.641330e+02 2.581348e+02
2.644662e+02 2.581259e+02
2.640563e+02 2.581259e+02
2.655267e+02 2.581217e+02
2.640657e+02 2.581217e+02
2.629197e+02 2.579423e+02
2.640972e+02 2.579387e+02
2.649368e+02 2.579328e+02
2.642896e+02 2.578745e+02
2.640365e+02 2.578657e+02
2.640346e+02 2.578619e+02
2.642314e+02 2.578619e+02
2.639439e+02 2.578581e+02
2.047680e+10 1.081614e+10
8.999977e+03 2.564358e+03
9.826669e+02 6.122436e+02
3.336896e+02 3.156073e+02
2.766313e+02 2.725279e+02
2.669766e+02 2.634958e+02
2.599122e+02 2.574610e+02
2.555515e+02 2.542908e+02
2.538846e+02 2.523369e+02
2.531798e+02 2.518764e+02
2.526849e+02 2.516697e+02
2.523817e+02 2.513419e+02
2.518821e+02 2.508573e+02
2.515579e+02 2.506722e+02
2.516300e+02 2.505525e+02
2.517627e+02 2.505149e+02
2.512294e+02 2.503743e+02
2.511042e+02 2.501574e+02
2.509839e+02 2.499789e+02
2.508393e+02 2.497656e+02
2.508332e+02 2.496750e+02
2.506958e+02 2.495993e+02
2.506326e+02 2.495850e+02
2.505516e+02 2.495008e+02
2.507320e+02 2.494418e+02
2.502863e+02 2.493605e+02
2.503686e+02 2.493187e+02
2.502326e+02 2.492943e+02
2.500966e+02 2.491922e+02
2.504026e+02 2.491300e+02
2.501726e+02 2.490887e+02
2.501933e+02 2.490528e+02
2.501429e+02 2.490395e+02
2.500576e+02 2.490281e+02
2.500601e+02 2.489126e+02
2.500473e+02 2.488923e+02
2.498069e+02 2.488277e+02
2.498271e+02 2.488262e+02
2.497993e+02 2.488249e+02
2.499813e+02 2.488230e+02
2.499016e+02 2.486987e+02
2.498490e+02 2.486850e+02
2.497248e+02 2.486630e+02
2.497074e+02 2.486385e+02
2.496628e+02 2.484884e+02
2.495914e+02 2.484858e+02
2.495263e+02 2.483587e+02
2.495354e+02 2.483572e+02
2.494138e+02 2.483269e+02
2.495664e+02 2.482916e+02
2.496771e+02 2.482914e+02
2.491464e+02 2.481863e+02
2.491526e+02 2.481819e+02
2.493292e+02 2.480810e+02
2.492921e+02 2.480174e+02
2.492611e+02 2.479477e+02
2.492158e+02 2.479441e+02
2.492132e+02 2.479438e+02
2.491501e+02 2.479217e+02
2.491556e+02 2.479217e+02
2.491673e+02 2.479147e+02
2.491373e+02 2.477900e+02
2.490553e+02 2.477753e+02
2.488793e+02 2.477496e+02
2.486334e+02 2.477429e+02
2.492541e+02 2.477249e+02
2.490448e+02 2.477227e+02
2.489534e+02 2.477035e+02
2.489835e+02 2.477035e+02
2.489364e+02 2.477031e+02
2.490248e+02 2.477027e+02
2.489114e+02 2.477026e+02
2.488325e+02 2.475385e+02
2.487972e+02 2.475318e+02
2.487920e+02 2.475250e+02
2.490871e+02 2.475145e+02
2.489306e+02 2.475126e+02
2.484900e+02 2.474484e+02
2.488923e+02 2.474474e+02
2.487878e+02 2.474451e+02
2.487883e+02 2.474420e+02
2.487469e+02 2.474420e+02
2.487227e+02 2.473861e+02
2.487365e+02 2.472244e+02
2.485356e+02 2.471572e+02
2.487414e+02 2.471565e+02
2.488440e+02 2.471326e+02
2.488721e+02 2.471325e+02
2.489762e+02 2.471322e+02
2.484031e+02 2.471316e+02
2.486528e+02 2.470896e+02
2.487028e+02 2.470894e+02
2.486534e+02 2.470728e+02
2.486163e+02 2.470728e+02
2.486128e+02 2.470727e+02
2.486226e+02 2.470654e+02
2.485511e+02 2.470628e+02
2.484100e+02 2.470628e+02
2.482657e+02 2.470628e+02
2.483455e+02 2.470593e+02
2.486826e+02 2.470583e+02
2.189013e+10 1.121322e+10
7.572740e+04 2.038925e+04
3.685934e+03 1.556636e+03
5.987669e+02 4.781509e+02
3.003559e+02 2.865999e+02
2.760254e+02 2.708291e+02
2.696525e+02 2.666531e+02
2.672806e+02 2.641629e+02
2.659648e+02 2.617479e+02
2.643801e+02 2.609678e+02
2.631561e+02 2.592407e+02
2.625877e+02 2.591285e+02
2.619065e+02 2.583252e+02
2.612853e+02 2.574423e+02
2.606527e+02 2.560102e+02
2.604793e+02 2.556197e+02
2.600211e+02 2.551474e+02
2.597278e+02 2.548630e+02
2.593858e+02 2.547928e+02
2.590197e+02 2.540638e+02
2.588493e+02 2.537356e+02
2.586829e+02 2.536208e+02
2.585723e+02 2.535548e+02
2.584570e+02 2.531970e+02
2.587448e+02 2.531949e+02
2.588116e+02 2.530764e+02
2.574829e+02 2.528336e+02
2.580786e+02 2.527994e+02
2.581429e+02 2.527954e+02
2.577077e+02 2.527950e+02
2.576493e+02 2.527611e+02
2.575628e+02 2.525519e+02
2.575531e+02 2.525071e+02
2.572213e+02 2.524860e+02
2.572983e+02 2.522079e+02
2.571230e+02 2.522034e+02
2.577381e+02 2.521986e+02
2.567798e+02 2.521502e+02
2.566722e+02 2.518424e+02
2.566707e+02 2.518422e+02
2.574735e+02 2.518422e+02
2.569135e+02 2.518377e+02
2.569764e+02 2.518331e+02
2.567619e+02 2.516121e+02
2.568295e+02 2.516082e+02
2.565886e+02 2.515840e+02
2.566030e+02 2.515690e+02
2.566137e+02 2.515690e+02
2.570114e+02 2.515608e+02
2.557402e+02 2.515608e+02
2.563329e+02 2.515130e+02
2.566900e+02 2.515107e+02
2.564201e+02 2.515038e+02
2.560345e+02 2.514995e+02
2.562646e+02 2.514590e+02
2.562408e+02 2.513934e+02
2.559861e+02 2.513487e+02
2.559838e+02 2.513030e+02
2.560851e+02 2.512352e+02
2.557300e+02 2.512287e+02
2.568031e+02 2.512264e+02
2.557156e+02 2.511833e+02
2.559068e+02 2.511760e+02
2.563820e+02 2.511227e+02
2.564250e+02 2.510918e+02
2.556564e+02 2.510918e+02
2.556287e+02 2.510650e+02
2.555483e+02 2.510629e+02
2.555194e+02 2.510628e+02
2.554989e+02 2.509988e+02
2.554384e+02 2.509588e+02
2.553972e+02 2.506698e+02
2.556331e+02 2.506695e+02
2.564751e+02 2.506695e+02
2.546098e+02 2.506658e+02
2.560058e+02 2.506658e+02
2.553960e+02 2.506658e+02
2.552961e+02 2.506319e+02
2.551656e+02 2.506314e+02
2.552675e+02 2.506314e+02
2.548917e+02 2.506314e+02
2.550226e+02 2.506258e+02
2.550238e+02 2.505661e+02
2.550098e+02 2.505661e+02
2.559548e+02 2.505427e+02
2.551747e+02 2.505413e+02
2.548212e+02 2.505007e+02
2.543598e+02 2.505007e+02
2.551046e+02 2.504984e+02
2.547036e+02 2.504983e+02
2.550123e+02 2.504709e+02
2.549002e+02 2.504692e+02
2.549473e+02 2.504685e+02
2.548817e+02 2.504685e+02
2.547917e+02 2.504643e+02
2.547728e+02 2.496375e+02
2.548115e+02 2.495995e+02
2.545374e+02 2.495994e+02
2.549350e+02 2.495994e+02
2.553999e+02 2.495994e+02
2.548692e+02 2.495938e+02
2.168332e+10 1.255044e+10
2.396017e+04 7.165277e+03
8.494310e+02 5.378865e+02
3.073814e+02 3.006353e+02
2.763899e+02 2.712556e+02
2.631897e+02 2.584321e+02
2.552772e+02 2.541154e+02
2.522260e+02 2.511544e+02
2.504427e+02 2.491558e+02
2.495152e+02 2.482948e+02
2.493642e+02 2.479206e+02
2.488219e+02 2.477397e+02
2.486701e+02 2.474080e+02
2.482387e+02 2.472998e+02
2.482855e+02 2.471562e+02
2.479989e+02 2.470380e+02
2.479037e+02 2.469357e+02
2.479352e+02 2.465660e+02
2.477344e+02 2.465611e+02
2.476015e+02 2.464943e+02
2.475095e+02 2.463154e+02
2.473595e+02 2.461942e+02
2.473737e+02 2.460425e+02
2.472327e+02 2.457169e+02
2.471781e+02 2.457169e+02
2.473572e+02 2.457168e+02
2.470103e+02 2.456556e+02
2.471189e+02 2.456507e+02
2.469639e+02 2.456366e+02
2.470298e+02 2.456250e+02
2.469181e+02 2.456170e+02
2.468812e+02 2.455676e+02
2.468577e+02 2.455085e+02
2.468385e+02 2.454656e+02
2.467389e+02 2.453952e+02
2.467604e+02 2.453848e+02
2.464363e+02 2.453779e+02
2.469542e+02 2.453684e+02
2.465828e+02 2.453355e+02
2.466511e+02 2.453059e+02
2.464485e+02 2.452143e+02
2.466576e+02 2.451830e+02
2.464341e+02 2.451287e+02
2.463686e+02 2.450995e+02
2.463217e+02 2.450123e+02
2.463092e+02 2.450111e+02
2.462300e+02 2.449333e+02
2.462464e+02 2.449329e+02
2.462997e+02 2.448821e+02
2.464324e+02 2.448811e+02
2.460020e+02 2.448452e+02
2.461874e+02 2.446448e+02
2.460222e+02 2.446424e+02
2.459746e+02 2.446424e+02
2.460394e+02 2.444197e+02
2.459538e+02 2.443149e+02
2.459373e+02 2.443141e+02
2.459287e+02 2.443141e+02
2.459447e+02 2.442342e+02
2.458745e+02 2.442318e+02
2.457680e+02 2.442241e+02
2.459067e+02 2.442241e+02
2.459978e+02 2.441683e+02
2.455759e+02 2.441679e+02
2.459511e+02 2.441344e+02
2.456651e+02 2.440383e+02
2.456954e+02 2.440096e+02
2.456921e+02 2.440095e+02
2.456291e+02 2.438644e+02
2.456311e+02 2.438644e+02
2.456041e+02 2.437420e+02
2.455815e+02 2.437420e+02
2.453228e+02 2.437420e+02
2.456886e+02 2.437419e+02
2.455915e+02 2.437033e+02
2.454723e+02 2.437033e+02
2.456597e+02 2.437033e+02
2.454515e+02 2.436931e+02
2.454472e+02 2.436563e+02
2.454289e+02 2.436563e+02
2.454383e+02 2.436471e+02
2.454375e+02 2.436381e+02
2.454917e+02 2.436380e+02
2.453885e+02 2.436380e+02
2.453696e+02 2.436376e+02
2.454313e+02 2.436011e+02
2.454994e+02 2.435863e+02
2.450758e+02 2.435849e+02
2.452938e+02 2.435849e+02
2.453705e+02 2.435849e+02
2.453025e+02 2.435849e+02
2.452451e+02 2.435849e+02
2.452610e+02 2.435849e+02
2.452940e+02 2.435849e+02
2.452250e+02 2.435848e+02
2.451347e+02 2.435822e+02
2.453406e+02 2.435746e+02
2.448394e+02 2.435724e+02
2.448763e+02 2.434792e+02
2.451710e+02 2.434065e+02
2.451430e+02 2.434058e+02
2.045190e+10 1.168480e+10
3.352791e+04 5.634788e+03
1.246908e+03 7.492641e+02
3.377431e+02 3.126579e+02
2.873245e+02 2.816875e+02
2.790491e+02 2.750808e+02
2.750787e+02 2.705552e+02
2.734182e+02 2.675043e+02
2.716373e+02 2.671068e+02
2.706753e+02 2.645060e+02
2.691004e+02 2.632988e+02
2.683710e+02 2.609199e+02
2.673591e+02 2.606566e+02
2.667672e+02 2.598420e+02
2.662765e+02 2.597044e+02
2.657307e+02 2.584528e+02
2.652019e+02 2.579507e+02
2.650294e+02 2.561004e+02
2.643851e+02 2.560475e+02
2.638362e+02 2.557983e+02
2.640505e+02 2.557983e+02
2.649652e+02 2.557196e+02
2.642501e+02 2.555444e+02
2.633025e+02 2.554098e+02
2.629742e+02 2.553975e+02
2.628273e+02 2.553903e+02
2.628150e+02 2.550777e+02
2.624770e+02 2.547064e+02
2.619488e+02 2.544986e+02
2.619286e+02 2.544742e+02
2.611585e+02 2.544718e+02
2.618742e+02 2.544627e+02
2.615919e+02 2.543167e+02
2.615857e+02 2.542941e+02
2.613667e+02 2.542116e+02
2.614256e+02 2.542088e+02
2.611047e+02 2.541298e+02
2.612937e+02 2.540758e+02
2.608575e+02 2.539754e+02
2.608905e+02 2.539570e+02
2.605717e+02 2.539471e+02
2.606659e+02 2.539251e+02
2.606647e+02 2.539250e+02
2.604799e+02 2.537761e+02
2.605449e+02 2.537696e+02
2.607787e+02 2.537366e+02
2.605295e+02 2.536589e+02
2.600259e+02 2.536578e+02
2.599374e+02 2.535934e+02
2.598742e+02 2.535497e+02
2.600689e+02 2.535301e+02
2.598447e+02 2.534962e+02
2.597934e+02 2.533466e+02
2.597800e+02 2.533438e+02
2.596073e+02 2.533330e+02
2.601362e+02 2.533321e+02
2.591668e+02 2.532784e+02
2.607757e+02 2.532418e+02
2.590936e+02 2.531546e+02
2.582756e+02 2.531545e+02
2.589670e+02 2.531132e+02
2.590414e+02 2.531010e+02
2.592635e+02 2.530939e+02
2.593731e+02 2.530897e+02
2.589477e+02 2.530818e+02
2.590887e+02 2.530818e+02
2.591467e+02 2.530810e+02
2.591566e+02 2.530810e+02
2.586114e+02 2.530805e+02
2.573996e+02 2.530805e+02
2.572811e+02 2.530791e+02
2.593597e+02 2.530789e+02
2.601467e+02 2.530693e+02
2.586359e+02 2.530283e+02
2.587094e+02 2.530280e+02
2.587135e+02 2.529588e+02
2.586062e+02 2.529578e+02
2.587159e+02 2.529443e+02
2.585710e+02 2.529438e+02
2.587501e+02 2.529381e+02
2.581302e+02 2.529377e+02
2.587017e+02 2.529294e+02
2.573140e+02 2.528632e+02
2.586526e+02 2.528631e+02
2.581428e+02 2.528385e+02
2.583396e+02 2.528349e+02
2.584688e+02 2.528309e+02
2.583672e+02 2.528309e+02
2.582407e+02 2.528309e+02
2.582234e+02 2.528247e+02
2.579656e+02 2.527547e+02
2.599598e+02 2.527321e+02
2.581875e+02 2.525784e+02
2.577646e+02 2.525747e+02
2.578299e+02 2.525685e+02
2.587912e+02 2.525683e+02
2.576212e+02 2.525649e+02
2.579506e+02 2.525649e+02
2.578317e+02 2.525563e+02
2.579157e+02 2.525563e+02
2.578822e+02 2.524154e+02
