1.925406e+02 1.729817e+02
1.482109e+02 1.264069e+02
1.132240e+02 1.015166e+02
7.235215e+01 6.857497e+01
5.080326e+01 4.956377e+01
4.491607e+01 4.446597e+01
4.175476e+01 4.159977e+01
4.049828e+01 4.041431e+01
4.000458e+01 3.997341e+01
3.982625e+01 3.981100e+01
3.973447e+01 3.973119e+01
3.970574e+01 3.970319e+01
3.969422e+01 3.969313e+01
3.968890e+01 3.968852e+01
3.968721e+01 3.968713e+01
3.968667e+01 3.968663e+01
3.968644e+01 3.968643e+01
3.968638e+01 3.968638e+01
3.968637e+01 3.968637e+01
3.968637e+01 3.968637e+01
3.968637e+01 3.968637e+01
3.968637e+01 3.968637e+01
3.968637e+01 3.968637e+01
3.968637e+01 3.968637e+01
3.968637e+01 3.968637e+01
3.968637e+01 3.968637e+01
3.968637e+01 3.968637e+01
3.968637e+01 3.968637e+01
3.968637e+01 3.968637e+01
3.968637e+01 3.968637e+01
3.968637e+01 3.968637e+01
3.968637e+01 3.968637e+01
3.968637e+01 3.968637e+01
3.968637e+01 3.968637e+01
3.968637e+01 3.968637e+01
3.968637e+01 3.968637e+01
3.968637e+01 3.968637e+01
3.968637e+01 3.968637e+01
3.968637e+01 3.968637e+01
3.968637e+01 3.968637e+01
3.968637e+01 3.968637e+01
3.968637e+01 3.968637e+01
3.968637e+01 3.968637e+01
3.968637e+01 3.968637e+01
3.968637e+01 3.968637e+01
3.968637e+01 3.968637e+01
3.968637e+01 3.968637e+01
3.968637e+01 3.968637e+01
3.968637e+01 3.968637e+01
3.968637e+01 3.968637e+01
3.968637e+01 3.968637e+01
3.968637e+01 3.968637e+01
3.968637e+01 3.968637e+01
3.968637e+01 3.968637e+01
3.968637e+01 3.968637e+01
3.968637e+01 3.968637e+01
3.968637e+01 3.968637e+01
3.968637e+01 3.968637e+01
3.968637e+01 3.968637e+01
3.968637e+01 3.968637e+01
3.968637e+01 3.968637e+01
3.968637e+01 3.968637e+01
3.968637e+01 3.968637e+01
3.968637e+01 3.968637e+01
3.968637e+01 3.968637e+01
3.968637e+01 3.968637e+01
3.968637e+01 3.968637e+01
3.968637e+01 3.968637e+01
3.968637e+01 3.968637e+01
3.968637e+01 3.968637e+01
3.968637e+01 3.968637e+01
3.968637e+01 3.968637e+01
3.968637e+01 3.968637e+01
3.968637e+01 3.968637e+01
3.968637e+01 3.968637e+01
3.968637e+01 3.968637e+01
3.968637e+01 3.968637e+01
3.968637e+01 3.968637e+01
3.968637e+01 3.968637e+01
3.968637e+01 3.968637e+01
3.968637e+01 3.968637e+01
3.968637e+01 3.968637e+01
3.968637e+01 3.968637e+01
3.968637e+01 3.968637e+01
3.968637e+01 3.968637e+01
3.968637e+01 3.968637e+01
3.968637e+01 3.968637e+01
3.968637e+01 3.968637e+01
3.968637e+01 3.968637e+01
3.968637e+01 3.968637e+01
3.968637e+01 3.968637e+01
3.968637e+01 3.968637e+01
3.968637e+01 3.968637e+01
3.968637e+01 3.968637e+01
3.968637e+01 3.968637e+01
3.968637e+01 3.968637e+01
3.968637e+01 3.968637e+01
3.968637e+01 3.968637e+01
3.968637e+01 3.968637e+01
3.968637e+01 3.968637e+01
3.968637e+01 3.968637e+01
1.946366e+02 1.813964e+02
1.537264e+02 1.374617e+02
1.122025e+02 1.007438e+02
7.108290e+01 6.827481e+01
4.991300e+01 4.849797e+01
3.907051e+01 3.859644e+01
3.594690e+01 3.578194e+01
3.499037e+01 3.491149e+01
3.450812e+01 3.446532e+01
3.428717e+01 3.427743e+01
3.421112e+01 3.420746e+01
3.418401e+01 3.418239e+01
3.417567e+01 3.417520e+01
3.417278e+01 3.417265e+01
3.417199e+01 3.417197e+01
3.417178e+01 3.417177e+01
3.417176e+01 3.417176e+01
3.417175e+01 3.417174e+01
3.417174e+01 3.417174e+01
3.417173e+01 3.417173e+01
3.417173e+01 3.417173e+01
3.417173e+01 3.417173e+01
3.417173e+01 3.417173e+01
3.417173e+01 3.417173e+01
3.417173e+01 3.417173e+01
3.417173e+01 3.417173e+01
3.417173e+01 3.417173e+01
3.417173e+01 3.417173e+01
3.417173e+01 3.417173e+01
3.417173e+01 3.417173e+01
3.417173e+01 3.417173e+01
3.417173e+01 3.417173e+01
3.417173e+01 3.417173e+01
3.417173e+01 3.417173e+01
3.417173e+01 3.417173e+01
3.417173e+01 3.417173e+01
3.417173e+01 3.417173e+01
3.417173e+01 3.417173e+01
3.417173e+01 3.417173e+01
3.417173e+01 3.417173e+01
3.417173e+01 3.417173e+01
3.417173e+01 3.417173e+01
3.417173e+01 3.417173e+01
3.417173e+01 3.417173e+01
3.417173e+01 3.417173e+01
3.417173e+01 3.417173e+01
3.417173e+01 3.417173e+01
3.417173e+01 3.417173e+01
3.417173e+01 3.417173e+01
3.417173e+01 3.417173e+01
3.417173e+01 3.417173e+01
3.417173e+01 3.417173e+01
3.417173e+01 3.417173e+01
3.417173e+01 3.417173e+01
3.417173e+01 3.417173e+01
3.417173e+01 3.417173e+01
3.417173e+01 3.417173e+01
3.417173e+01 3.417173e+01
3.417173e+01 3.417173e+01
3.417173e+01 3.417173e+01
3.417173e+01 3.417173e+01
3.417173e+01 3.417173e+01
3.417173e+01 3.417173e+01
3.417173e+01 3.417173e+01
3.417173e+01 3.417173e+01
3.417173e+01 3.417173e+01
3.417173e+01 3.417173e+01
3.417173e+01 3.417173e+01
3.417173e+01 3.417173e+01
3.417173e+01 3.417173e+01
3.417173e+01 3.417173e+01
3.417173e+01 3.417173e+01
3.417173e+01 3.417173e+01
3.417173e+01 3.417173e+01
3.417173e+01 3.417173e+01
3.417173e+01 3.417173e+01
3.417173e+01 3.417173e+01
3.417173e+01 3.417173e+01
3.417173e+01 3.417173e+01
3.417173e+01 3.417173e+01
3.417173e+01 3.417173e+01
3.417173e+01 3.417173e+01
3.417173e+01 3.417173e+01
3.417173e+01 3.417173e+01
3.417173e+01 3.417173e+01
3.417173e+01 3.417173e+01
3.417173e+01 3.417173e+01
3.417173e+01 3.417173e+01
3.417173e+01 3.417173e+01
3.417173e+01 3.417173e+01
3.417173e+01 3.417173e+01
3.417173e+01 3.417173e+01
3.417173e+01 3.417173e+01
3.417173e+01 3.417173e+01
3.417173e+01 3.417173e+01
3.417173e+01 3.417173e+01
3.417173e+01 3.417173e+01
3.417173e+01 3.417173e+01
3.417173e+01 3.417173e+01
3.417173e+01 3.417173e+01
3.417173e+01 3.417173e+01
1.947310e+02 1.675808e+02
1.488649e+02 1.364829e+02
1.207891e+02 1.094606e+02
8.941433e+01 8.396289e+01
6.450910e+01 5.926059e+01
5.049066e+01 4.957891e+01
4.334993e+01 4.189588e+01
3.840566e+01 3.757878e+01
3.603181e+01 3.576994e+01
3.462000e+01 3.442385e+01
3.393436e+01 3.380387e+01
3.361578e+01 3.354848e+01
3.340528e+01 3.333972e+01
3.326730e+01 3.322086e+01
3.318560e+01 3.316689e+01
3.314698e+01 3.313370e+01
3.311352e+01 3.310151e+01
3.308159e+01 3.307462e+01
3.306115e+01 3.305511e+01
3.304409e+01 3.303979e+01
3.303105e+01 3.302880e+01
3.302291e+01 3.302131e+01
3.301894e+01 3.301795e+01
3.301632e+01 3.301583e+01
3.301408e+01 3.301363e+01
3.301240e+01 3.301209e+01
3.301142e+01 3.301116e+01
3.301082e+01 3.301070e+01
3.301024e+01 3.301013e+01
3.300990e+01 3.300984e+01
3.300973e+01 3.300969e+01
3.300960e+01 3.300957e+01
3.300950e+01 3.300947e+01
3.300943e+01 3.300942e+01
3.300940e+01 3.300939e+01
3.300939e+01 3.300939e+01
3.300938e+01 3.300938e+01
3.300938e+01 3.300938e+01
3.300938e+01 3.300938e+01
3.300938e+01 3.300938e+01
3.300938e+01 3.300938e+01
3.300938e+01 3.300938e+01
3.300938e+01 3.300938e+01
3.300938e+01 3.300938e+01
3.300938e+01 3.300938e+01
3.300938e+01 3.300938e+01
3.300938e+01 3.300938e+01
3.300938e+01 3.300938e+01
3.300938e+01 3.300938e+01
3.300938e+01 3.300938e+01
3.300938e+01 3.300938e+01
3.300938e+01 3.300938e+01
3.300938e+01 3.300938e+01
3.300938e+01 3.300938e+01
3.300938e+01 3.300938e+01
3.300938e+01 3.300938e+01
3.300938e+01 3.300938e+01
3.300938e+01 3.300938e+01
3.300938e+01 3.300938e+01
3.300938e+01 3.300938e+01
3.300938e+01 3.300938e+01
3.300938e+01 3.300938e+01
3.300938e+01 3.300938e+01
3.300938e+01 3.300938e+01
3.300938e+01 3.300938e+01
3.300938e+01 3.300938e+01
3.300938e+01 3.300938e+01
3.300938e+01 3.300938e+01
3.300938e+01 3.300938e+01
3.300938e+01 3.300938e+01
3.300938e+01 3.300938e+01
3.300938e+01 3.300938e+01
3.300938e+01 3.300938e+01
3.300938e+01 3.300938e+01
3.300938e+01 3.300938e+01
3.300938e+01 3.300938e+01
3.300938e+01 3.300938e+01
3.300938e+01 3.300938e+01
3.300938e+01 3.300938e+01
3.300938e+01 3.300938e+01
3.300938e+01 3.300938e+01
3.300938e+01 3.300938e+01
3.300938e+01 3.300938e+01
3.300938e+01 3.300938e+01
3.300938e+01 3.300938e+01
3.300938e+01 3.300938e+01
3.300938e+01 3.300938e+01
3.300938e+01 3.300938e+01
3.300938e+01 3.300938e+01
3.300938e+01 3.300938e+01
3.300938e+01 3.300938e+01
3.300938e+01 3.300938e+01
3.300938e+01 3.300938e+01
3.300938e+01 3.300938e+01
3.300938e+01 3.300938e+01
3.300938e+01 3.300938e+01
3.300938e+01 3.300938e+01
3.300938e+01 3.300938e+01
3.300938e+01 3.300938e+01
3.300938e+01 3.300938e+01
3.300938e+01 3.300938e+01
1.940025e+02 1.735816e+02
1.521448e+02 1.395165e+02
1.111418e+02 1.040624e+02
7.107966e+01 6.771167e+01
5.191967e+01 5.069432e+01
4.520212e+01 4.492102e+01
4.293295e+01 4.281998e+01
4.228942e+01 4.226057e+01
4.212517e+01 4.211828e+01
4.207265e+01 4.206953e+01
4.205618e+01 4.205565e+01
4.205163e+01 4.205143e+01
4.205042e+01 4.205038e+01
4.205008e+01 4.205007e+01
4.205001e+01 4.205001e+01
4.205000e+01 4.205000e+01
4.205000e+01 4.205000e+01
4.205000e+01 4.205000e+01
4.205000e+01 4.205000e+01
4.205000e+01 4.205000e+01
4.205000e+01 4.205000e+01
4.205000e+01 4.205000e+01
4.205000e+01 4.205000e+01
4.205000e+01 4.205000e+01
4.205000e+01 4.205000e+01
4.205000e+01 4.205000e+01
4.205000e+01 4.205000e+01
4.205000e+01 4.205000e+01
4.205000e+01 4.205000e+01
4.205000e+01 4.205000e+01
4.205000e+01 4.205000e+01
4.205000e+01 4.205000e+01
4.205000e+01 4.205000e+01
4.205000e+01 4.205000e+01
4.205000e+01 4.205000e+01
4.205000e+01 4.205000e+01
4.205000e+01 4.205000e+01
4.205000e+01 4.205000e+01
4.205000e+01 4.205000e+01
4.205000e+01 4.205000e+01
4.205000e+01 4.205000e+01
4.205000e+01 4.205000e+01
4.205000e+01 4.205000e+01
4.205000e+01 4.205000e+01
4.205000e+01 4.205000e+01
4.205000e+01 4.205000e+01
4.205000e+01 4.205000e+01
4.205000e+01 4.205000e+01
4.205000e+01 4.205000e+01
4.205000e+01 4.205000e+01
4.205000e+01 4.205000e+01
4.205000e+01 4.205000e+01
4.205000e+01 4.205000e+01
4.205000e+01 4.205000e+01
4.205000e+01 4.205000e+01
4.205000e+01 4.205000e+01
4.205000e+01 4.205000e+01
4.205000e+01 4.205000e+01
4.205000e+01 4.205000e+01
4.205000e+01 4.205000e+01
4.205000e+01 4.205000e+01
4.205000e+01 4.205000e+01
4.205000e+01 4.205000e+01
4.205000e+01 4.205000e+01
4.205000e+01 4.205000e+01
4.205000e+01 4.205000e+01
4.205000e+01 4.205000e+01
4.205000e+01 4.205000e+01
4.205000e+01 4.205000e+01
4.205000e+01 4.205000e+01
4.205000e+01 4.205000e+01
4.205000e+01 4.205000e+01
4.205000e+01 4.205000e+01
4.205000e+01 4.205000e+01
4.205000e+01 4.205000e+01
4.205000e+01 4.205000e+01
4.205000e+01 4.205000e+01
4.205000e+01 4.205000e+01
4.205000e+01 4.205000e+01
4.205000e+01 4.205000e+01
4.205000e+01 4.205000e+01
4.205000e+01 4.205000e+01
4.205000e+01 4.205000e+01
4.205000e+01 4.205000e+01
4.205000e+01 4.205000e+01
4.205000e+01 4.205000e+01
4.205000e+01 4.205000e+01
4.205000e+01 4.205000e+01
4.205000e+01 4.205000e+01
4.205000e+01 4.205000e+01
4.205000e+01 4.205000e+01
4.205000e+01 4.205000e+01
4.205000e+01 4.205000e+01
4.205000e+01 4.205000e+01
4.205000e+01 4.205000e+01
4.205000e+01 4.205000e+01
4.205000e+01 4.205000e+01
4.205000e+01 4.205000e+01
4.205000e+01 4.205000e+01
4.205000e+01 4.205000e+01
4.205000e+01 4.205000e+01
1.948449e+02 1.749178e+02
1.433617e+02 1.340543e+02
9.246116e+01 8.570715e+01
5.923482e+01 5.738650e+01
4.657527e+01 4.543287e+01
4.133278e+01 4.109595e+01
3.924453e+01 3.914709e+01
3.842827e+01 3.840152e+01
3.820848e+01 3.820303e+01
3.814561e+01 3.814239e+01
3.812702e+01 3.812617e+01
3.812254e+01 3.812222e+01
3.812038e+01 3.812034e+01
3.811996e+01 3.811995e+01
3.811986e+01 3.811986e+01
3.811984e+01 3.811984e+01
3.811983e+01 3.811983e+01
3.811982e+01 3.811982e+01
3.811982e+01 3.811982e+01
3.811982e+01 3.811982e+01
3.811982e+01 3.811982e+01
3.811982e+01 3.811982e+01
3.811982e+01 3.811982e+01
3.811982e+01 3.811982e+01
3.811982e+01 3.811982e+01
3.811982e+01 3.811982e+01
3.811982e+01 3.811982e+01
3.811982e+01 3.811982e+01
3.811982e+01 3.811982e+01
3.811982e+01 3.811982e+01
3.811982e+01 3.811982e+01
3.811982e+01 3.811982e+01
3.811982e+01 3.811982e+01
3.811982e+01 3.811982e+01
3.811982e+01 3.811982e+01
3.811982e+01 3.811982e+01
3.811982e+01 3.811982e+01
3.811982e+01 3.811982e+01
3.811982e+01 3.811982e+01
3.811982e+01 3.811982e+01
3.811982e+01 3.811982e+01
3.811982e+01 3.811982e+01
3.811982e+01 3.811982e+01
3.811982e+01 3.811982e+01
3.811982e+01 3.811982e+01
3.811982e+01 3.811982e+01
3.811982e+01 3.811982e+01
3.811982e+01 3.811982e+01
3.811982e+01 3.811982e+01
3.811982e+01 3.811982e+01
3.811982e+01 3.811982e+01
3.811982e+01 3.811982e+01
3.811982e+01 3.811982e+01
3.811982e+01 3.811982e+01
3.811982e+01 3.811982e+01
3.811982e+01 3.811982e+01
3.811982e+01 3.811982e+01
3.811982e+01 3.811982e+01
3.811982e+01 3.811982e+01
3.811982e+01 3.811982e+01
3.811982e+01 3.811982e+01
3.811982e+01 3.811982e+01
3.811982e+01 3.811982e+01
3.811982e+01 3.811982e+01
3.811982e+01 3.811982e+01
3.811982e+01 3.811982e+01
3.811982e+01 3.811982e+01
3.811982e+01 3.811982e+01
3.811982e+01 3.811982e+01
3.811982e+01 3.811982e+01
3.811982e+01 3.811982e+01
3.811982e+01 3.811982e+01
3.811982e+01 3.811982e+01
3.811982e+01 3.811982e+01
3.811982e+01 3.811982e+01
3.811982e+01 3.811982e+01
3.811982e+01 3.811982e+01
3.811982e+01 3.811982e+01
3.811982e+01 3.811982e+01
3.811982e+01 3.811982e+01
3.811982e+01 3.811982e+01
3.811982e+01 3.811982e+01
3.811982e+01 3.811982e+01
3.811982e+01 3.811982e+01
3.811982e+01 3.811982e+01
3.811982e+01 3.811982e+01
3.811982e+01 3.811982e+01
3.811982e+01 3.811982e+01
3.811982e+01 3.811982e+01
3.811982e+01 3.811982e+01
3.811982e+01 3.811982e+01
3.811982e+01 3.811982e+01
3.811982e+01 3.811982e+01
3.811982e+01 3.811982e+01
3.811982e+01 3.811982e+01
3.811982e+01 3.811982e+01
3.811982e+01 3.811982e+01
3.811982e+01 3.811982e+01
3.811982e+01 3.811982e+01
3.811982e+01 3.811982e+01
3.811982e+01 3.811982e+01
1.954897e+02 1.721763e+02
1.463835e+02 1.340744e+02
9.215337e+01 8.527665e+01
5.278962e+01 5.144803e+01
4.098480e+01 4.039923e+01
3.751939e+01 3.741543e+01
3.667077e+01 3.660501e+01
3.640418e+01 3.639096e+01
3.630989e+01 3.630674e+01
3.627865e+01 3.627699e+01
3.626954e+01 3.626924e+01
3.626686e+01 3.626677e+01
3.626621e+01 3.626619e+01
3.626603e+01 3.626603e+01
3.626600e+01 3.626600e+01
3.626599e+01 3.626599e+01
3.626599e+01 3.626599e+01
3.626599e+01 3.626599e+01
3.626599e+01 3.626599e+01
3.626599e+01 3.626599e+01
3.626599e+01 3.626599e+01
3.626599e+01 3.626599e+01
3.626599e+01 3.626599e+01
3.626599e+01 3.626599e+01
3.626599e+01 3.626599e+01
3.626599e+01 3.626599e+01
3.626599e+01 3.626599e+01
3.626599e+01 3.626599e+01
3.626599e+01 3.626599e+01
3.626599e+01 3.626599e+01
3.626599e+01 3.626599e+01
3.626599e+01 3.626599e+01
3.626599e+01 3.626599e+01
3.626599e+01 3.626599e+01
3.626599e+01 3.626599e+01
3.626599e+01 3.626599e+01
3.626599e+01 3.626599e+01
3.626599e+01 3.626599e+01
3.626599e+01 3.626599e+01
3.626599e+01 3.626599e+01
3.626599e+01 3.626599e+01
3.626599e+01 3.626599e+01
3.626599e+01 3.626599e+01
3.626599e+01 3.626599e+01
3.626599e+01 3.626599e+01
3.626599e+01 3.626599e+01
3.626599e+01 3.626599e+01
3.626599e+01 3.626599e+01
3.626599e+01 3.626599e+01
3.626599e+01 3.626599e+01
3.626599e+01 3.626599e+01
3.626599e+01 3.626599e+01
3.626599e+01 3.626599e+01
3.626599e+01 3.626599e+01
3.626599e+01 3.626599e+01
3.626599e+01 3.626599e+01
3.626599e+01 3.626599e+01
3.626599e+01 3.626599e+01
3.626599e+01 3.626599e+01
3.626599e+01 3.626599e+01
3.626599e+01 3.626599e+01
3.626599e+01 3.626599e+01
3.626599e+01 3.626599e+01
3.626599e+01 3.626599e+01
3.626599e+01 3.626599e+01
3.626599e+01 3.626599e+01
3.626599e+01 3.626599e+01
3.626599e+01 3.626599e+01
3.626599e+01 3.626599e+01
3.626599e+01 3.626599e+01
3.626599e+01 3.626599e+01
3.626599e+01 3.626599e+01
3.626599e+01 3.626599e+01
3.626599e+01 3.626599e+01
3.626599e+01 3.626599e+01
3.626599e+01 3.626599e+01
3.626599e+01 3.626599e+01
3.626599e+01 3.626599e+01
3.626599e+01 3.626599e+01
3.626599e+01 3.626599e+01
3.626599e+01 3.626599e+01
3.626599e+01 3.626599e+01
3.626599e+01 3.626599e+01
3.626599e+01 3.626599e+01
3.626599e+01 3.626599e+01
3.626599e+01 3.626599e+01
3.626599e+01 3.626599e+01
3.626599e+01 3.626599e+01
3.626599e+01 3.626599e+01
3.626599e+01 3.626599e+01
3.626599e+01 3.626599e+01
3.626599e+01 3.626599e+01
3.626599e+01 3.626599e+01
3.626599e+01 3.626599e+01
3.626599e+01 3.626599e+01
3.626599e+01 3.626599e+01
3.626599e+01 3.626599e+01
3.626599e+01 3.626599e+01
3.626599e+01 3.626599e+01
3.626599e+01 3.626599e+01
3.626599e+01 3.626599e+01
1.948128e+02 1.766084e+02
1.407088e+02 1.279609e+02
8.135876e+01 7.686821e+01
5.111121e+01 4.858659e+01
4.183509e+01 4.135122e+01
3.813542e+01 3.802333e+01
3.710358e+01 3.708035e+01
3.684846e+01 3.683396e+01
3.676838e+01 3.676399e+01
3.674743e+01 3.674639e+01
3.673924e+01 3.673912e+01
3.673768e+01 3.673763e+01
3.673729e+01 3.673729e+01
3.673721e+01 3.673721e+01
3.673720e+01 3.673720e+01
3.673719e+01 3.673719e+01
3.673719e+01 3.673719e+01
3.673719e+01 3.673719e+01
3.673719e+01 3.673719e+01
3.673719e+01 3.673719e+01
3.673719e+01 3.673719e+01
3.673719e+01 3.673719e+01
3.673719e+01 3.673719e+01
3.673719e+01 3.673719e+01
3.673719e+01 3.673719e+01
3.673719e+01 3.673719e+01
3.673719e+01 3.673719e+01
3.673719e+01 3.673719e+01
3.673719e+01 3.673719e+01
3.673719e+01 3.673719e+01
3.673719e+01 3.673719e+01
3.673719e+01 3.673719e+01
3.673719e+01 3.673719e+01
3.673719e+01 3.673719e+01
3.673719e+01 3.673719e+01
3.673719e+01 3.673719e+01
3.673719e+01 3.673719e+01
3.673719e+01 3.673719e+01
3.673719e+01 3.673719e+01
3.673719e+01 3.673719e+01
3.673719e+01 3.673719e+01
3.673719e+01 3.673719e+01
3.673719e+01 3.673719e+01
3.673719e+01 3.673719e+01
3.673719e+01 3.673719e+01
3.673719e+01 3.673719e+01
3.673719e+01 3.673719e+01
3.673719e+01 3.673719e+01
3.673719e+01 3.673719e+01
3.673719e+01 3.673719e+01
3.673719e+01 3.673719e+01
3.673719e+01 3.673719e+01
3.673719e+01 3.673719e+01
3.673719e+01 3.673719e+01
3.673719e+01 3.673719e+01
3.673719e+01 3.673719e+01
3.673719e+01 3.673719e+01
3.673719e+01 3.673719e+01
3.673719e+01 3.673719e+01
3.673719e+01 3.673719e+01
3.673719e+01 3.673719e+01
3.673719e+01 3.673719e+01
3.673719e+01 3.673719e+01
3.673719e+01 3.673719e+01
3.673719e+01 3.673719e+01
3.673719e+01 3.673719e+01
3.673719e+01 3.673719e+01
3.673719e+01 3.673719e+01
3.673719e+01 3.673719e+01
3.673719e+01 3.673719e+01
3.673719e+01 3.673719e+01
3.673719e+01 3.673719e+01
3.673719e+01 3.673719e+01
3.673719e+01 3.673719e+01
3.673719e+01 3.673719e+01
3.673719e+01 3.673719e+01
3.673719e+01 3.673719e+01
3.673719e+01 3.673719e+01
3.673719e+01 3.673719e+01
3.673719e+01 3.673719e+01
3.673719e+01 3.673719e+01
3.673719e+01 3.673719e+01
3.673719e+01 3.673719e+01
3.673719e+01 3.673719e+01
3.673719e+01 3.673719e+01
3.673719e+01 3.673719e+01
3.673719e+01 3.673719e+01
3.673719e+01 3.673719e+01
3.673719e+01 3.673719e+01
3.673719e+01 3.673719e+01
3.673719e+01 3.673719e+01
3.673719e+01 3.673719e+01
3.673719e+01 3.673719e+01
3.673719e+01 3.673719e+01
3.673719e+01 3.673719e+01
3.673719e+01 3.673719e+01
3.673719e+01 3.673719e+01
3.673719e+01 3.673719e+01
3.673719e+01 3.673719e+01
3.673719e+01 3.673719e+01
3.673719e+01 3.673719e+01
1.945125e+02 1.717178e+02
1.400215e+02 1.291204e+02
8.817480e+01 8.015156e+01
5.198146e+01 5.048860e+01
4.167422e+01 4.112667e+01
3.788599e+01 3.763555e+01
3.667273e+01 3.662982e+01
3.621573e+01 3.619701e+01
3.608883e+01 3.608328e+01
3.604492e+01 3.604363e+01
3.603319e+01 3.603266e+01
3.602963e+01 3.602955e+01
3.602887e+01 3.602885e+01
3.602857e+01 3.602856e+01
3.602852e+01 3.602852e+01
3.602851e+01 3.602851e+01
3.602851e+01 3.602851e+01
3.602851e+01 3.602851e+01
3.602850e+01 3.602850e+01
3.602849e+01 3.602849e+01
3.602849e+01 3.602849e+01
3.602849e+01 3.602849e+01
3.602849e+01 3.602849e+01
3.602849e+01 3.602849e+01
3.602849e+01 3.602849e+01
3.602849e+01 3.602849e+01
3.602849e+01 3.602849e+01
3.602849e+01 3.602849e+01
3.602849e+01 3.602849e+01
3.602849e+01 3.602849e+01
3.602849e+01 3.602849e+01
3.602849e+01 3.602849e+01
3.602849e+01 3.602849e+01
3.602849e+01 3.602849e+01
3.602849e+01 3.602849e+01
3.602849e+01 3.602849e+01
3.602849e+01 3.602849e+01
3.602849e+01 3.602849e+01
3.602849e+01 3.602849e+01
3.602849e+01 3.602849e+01
3.602849e+01 3.602849e+01
3.602849e+01 3.602849e+01
3.602849e+01 3.602849e+01
3.602849e+01 3.602849e+01
3.602849e+01 3.602849e+01
3.602849e+01 3.602849e+01
3.602849e+01 3.602849e+01
3.602849e+01 3.602849e+01
3.602849e+01 3.602849e+01
3.602849e+01 3.602849e+01
3.602849e+01 3.602849e+01
3.602849e+01 3.602849e+01
3.602849e+01 3.602849e+01
3.602849e+01 3.602849e+01
3.602849e+01 3.602849e+01
3.602849e+01 3.602849e+01
3.602849e+01 3.602849e+01
3.602849e+01 3.602849e+01
3.602849e+01 3.602849e+01
3.602849e+01 3.602849e+01
3.602849e+01 3.602849e+01
3.602849e+01 3.602849e+01
3.602849e+01 3.602849e+01
3.602849e+01 3.602849e+01
3.602849e+01 3.602849e+01
3.602849e+01 3.602849e+01
3.602849e+01 3.602849e+01
3.602849e+01 3.602849e+01
3.602849e+01 3.602849e+01
3.602849e+01 3.602849e+01
3.602849e+01 3.602849e+01
3.602849e+01 3.602849e+01
3.602849e+01 3.602849e+01
3.602849e+01 3.602849e+01
3.602849e+01 3.602849e+01
3.602849e+01 3.602849e+01
3.602849e+01 3.602849e+01
3.602849e+01 3.602849e+01
3.602849e+01 3.602849e+01
3.602849e+01 3.602849e+01
3.602849e+01 3.602849e+01
3.602849e+01 3.602849e+01
3.602849e+01 3.602849e+01
3.602849e+01 3.602849e+01
3.602849e+01 3.602849e+01
3.602849e+01 3.602849e+01
3.602849e+01 3.602849e+01
3.602849e+01 3.602849e+01
3.602849e+01 3.602849e+01
3.602849e+01 3.602849e+01
3.602849e+01 3.602849e+01
3.602849e+01 3.602849e+01
3.602849e+01 3.602849e+01
3.602849e+01 3.602849e+01
3.602849e+01 3.602849e+01
3.602849e+01 3.602849e+01
3.602849e+01 3.602849e+01
3.602849e+01 3.602849e+01
3.602849e+01 3.602849e+01
3.602849e+01 3.602849e+01
3.602849e+01 3.602849e+01
1.936860e+02 1.774127e+02
1.501170e+02 1.340350e+02
1.121272e+02 1.027250e+02
6.764181e+01 6.345939e+01
4.381678e+01 4.239707e+01
3.595417e+01 3.517186e+01
3.218887e+01 3.204308e+01
3.094802e+01 3.088205e+01
3.048664e+01 3.045574e+01
3.031969e+01 3.031116e+01
3.025516e+01 3.025160e+01
3.023267e+01 3.023138e+01
3.022385e+01 3.022343e+01
3.022139e+01 3.022123e+01
3.022045e+01 3.022040e+01
3.022017e+01 3.022017e+01
3.022013e+01 3.022012e+01
3.022012e+01 3.022012e+01
3.022012e+01 3.022012e+01
3.022012e+01 3.022012e+01
3.022012e+01 3.022012e+01
3.022012e+01 3.022012e+01
3.022012e+01 3.022012e+01
3.022012e+01 3.022012e+01
3.022012e+01 3.022012e+01
3.022012e+01 3.022012e+01
3.022012e+01 3.022012e+01
3.022012e+01 3.022012e+01
3.022012e+01 3.022012e+01
3.022012e+01 3.022012e+01
3.022012e+01 3.022012e+01
3.022012e+01 3.022012e+01
3.022012e+01 3.022012e+01
3.022012e+01 3.022012e+01
3.022012e+01 3.022012e+01
3.022012e+01 3.022012e+01
3.022012e+01 3.022012e+01
3.022012e+01 3.022012e+01
3.022012e+01 3.022012e+01
3.022012e+01 3.022012e+01
3.022012e+01 3.022012e+01
3.022012e+01 3.022012e+01
3.022012e+01 3.022012e+01
3.022012e+01 3.022012e+01
3.022012e+01 3.022012e+01
3.022012e+01 3.022012e+01
3.022012e+01 3.022012e+01
3.022012e+01 3.022012e+01
3.022012e+01 3.022012e+01
3.022012e+01 3.022012e+01
3.022012e+01 3.022012e+01
3.022012e+01 3.022012e+01
3.022012e+01 3.022012e+01
3.022012e+01 3.022012e+01
3.022012e+01 3.022012e+01
3.022012e+01 3.022012e+01
3.022012e+01 3.022012e+01
3.022012e+01 3.022012e+01
3.022012e+01 3.022012e+01
3.022012e+01 3.022012e+01
3.022012e+01 3.022012e+01
3.022012e+01 3.022012e+01
3.022012e+01 3.022012e+01
3.022012e+01 3.022012e+01
3.022012e+01 3.022012e+01
3.022012e+01 3.022012e+01
3.022012e+01 3.022012e+01
3.022012e+01 3.022012e+01
3.022012e+01 3.022012e+01
3.022012e+01 3.022012e+01
3.022012e+01 3.022012e+01
3.022012e+01 3.022012e+01
3.022012e+01 3.022012e+01
3.022012e+01 3.022012e+01
3.022012e+01 3.022012e+01
3.022012e+01 3.022012e+01
3.022012e+01 3.022012e+01
3.022012e+01 3.022012e+01
3.022012e+01 3.022012e+01
3.022012e+01 3.022012e+01
3.022012e+01 3.022012e+01
3.022012e+01 3.022012e+01
3.022012e+01 3.022012e+01
3.022012e+01 3.022012e+01
3.022012e+01 3.022012e+01
3.022012e+01 3.022012e+01
3.022012e+01 3.022012e+01
3.022012e+01 3.022012e+01
3.022012e+01 3.022012e+01
3.022012e+01 3.022012e+01
3.022012e+01 3.022012e+01
3.022012e+01 3.022012e+01
3.022012e+01 3.022012e+01
3.022012e+01 3.022012e+01
3.022012e+01 3.022012e+01
3.022012e+01 3.022012e+01
3.022012e+01 3.022012e+01
3.022012e+01 3.022012e+01
3.022012e+01 3.022012e+01
3.022012e+01 3.022012e+01
3.022012e+01 3.022012e+01
1.932392e+02 1.726485e+02
1.511092e+02 1.290025e+02
1.091101e+02 1.004753e+02
6.784398e+01 6.396262e+01
4.858209e+01 4.645201e+01
3.840588e+01 3.781793e+01
3.451696e+01 3.428712e+01
3.344032e+01 3.337703e+01
3.297975e+01 3.295422e+01
3.286362e+01 3.285840e+01
3.281453e+01 3.281202e+01
3.279916e+01 3.279855e+01
3.279379e+01 3.279363e+01
3.279235e+01 3.279226e+01
3.279182e+01 3.279179e+01
3.279162e+01 3.279162e+01
3.279159e+01 3.279159e+01
3.279157e+01 3.279157e+01
3.279157e+01 3.279157e+01
3.279157e+01 3.279157e+01
3.279157e+01 3.279157e+01
3.279157e+01 3.279157e+01
3.279157e+01 3.279157e+01
3.279157e+01 3.279157e+01
3.279157e+01 3.279157e+01
3.279157e+01 3.279157e+01
3.279157e+01 3.279157e+01
3.279157e+01 3.279157e+01
3.279157e+01 3.279157e+01
3.279157e+01 3.279157e+01
3.279157e+01 3.279157e+01
3.279157e+01 3.279157e+01
3.279157e+01 3.279157e+01
3.279157e+01 3.279157e+01
3.279157e+01 3.279157e+01
3.279157e+01 3.279157e+01
3.279157e+01 3.279157e+01
3.279157e+01 3.279157e+01
3.279157e+01 3.279157e+01
3.279157e+01 3.279157e+01
3.279157e+01 3.279157e+01
3.279157e+01 3.279157e+01
3.279157e+01 3.279157e+01
3.279157e+01 3.279157e+01
3.279157e+01 3.279157e+01
3.279157e+01 3.279157e+01
3.279157e+01 3.279157e+01
3.279157e+01 3.279157e+01
3.279157e+01 3.279157e+01
3.279157e+01 3.279157e+01
3.279157e+01 3.279157e+01
3.279157e+01 3.279157e+01
3.279157e+01 3.279157e+01
3.279157e+01 3.279157e+01
3.279157e+01 3.279157e+01
3.279157e+01 3.279157e+01
3.279157e+01 3.279157e+01
3.279157e+01 3.279157e+01
3.279157e+01 3.279157e+01
3.279157e+01 3.279157e+01
3.279157e+01 3.279157e+01
3.279157e+01 3.279157e+01
3.279157e+01 3.279157e+01
3.279157e+01 3.279157e+01
3.279157e+01 3.279157e+01
3.279157e+01 3.279157e+01
3.279157e+01 3.279157e+01
3.279157e+01 3.279157e+01
3.279157e+01 3.279157e+01
3.279157e+01 3.279157e+01
3.279157e+01 3.279157e+01
3.279157e+01 3.279157e+01
3.279157e+01 3.279157e+01
3.279157e+01 3.279157e+01
3.279157e+01 3.279157e+01
3.279157e+01 3.279157e+01
3.279157e+01 3.279157e+01
3.279157e+01 3.279157e+01
3.279157e+01 3.279157e+01
3.279157e+01 3.279157e+01
3.279157e+01 3.279157e+01
3.279157e+01 3.279157e+01
3.279157e+01 3.279157e+01
3.279157e+01 3.279157e+01
3.279157e+01 3.279157e+01
3.279157e+01 3.279157e+01
3.279157e+01 3.279157e+01
3.279157e+01 3.279157e+01
3.279157e+01 3.279157e+01
3.279157e+01 3.279157e+01
3.279157e+01 3.279157e+01
3.279157e+01 3.279157e+01
3.279157e+01 3.279157e+01
3.279157e+01 3.279157e+01
3.279157e+01 3.279157e+01
3.279157e+01 3.279157e+01
3.279157e+01 3.279157e+01
3.279157e+01 3.279157e+01
3.279157e+01 3.279157e+01
3.279157e+01 3.279157e+01
3.279157e+01 3.279157e+01
1.932720e+02 1.695791e+02
1.463456e+02 1.313189e+02
1.025972e+02 9.578647e+01
6.599294e+01 6.370074e+01
5.057523e+01 4.994188e+01
4.638327e+01 4.612657e+01
4.516951e+01 4.513119e+01
4.481383e+01 4.479563e+01
4.468312e+01 4.468048e+01
4.464658e+01 4.464551e+01
4.463623e+01 4.463576e+01
4.463351e+01 4.463344e+01
4.463280e+01 4.463277e+01
4.463258e+01 4.463258e+01
4.463255e+01 4.463255e+01
4.463254e+01 4.463254e+01
4.463254e+01 4.463254e+01
4.463254e+01 4.463254e+01
4.463254e+01 4.463254e+01
4.463254e+01 4.463254e+01
4.463254e+01 4.463254e+01
4.463254e+01 4.463254e+01
4.463254e+01 4.463254e+01
4.463254e+01 4.463254e+01
4.463254e+01 4.463254e+01
4.463254e+01 4.463254e+01
4.463254e+01 4.463254e+01
4.463254e+01 4.463254e+01
4.463254e+01 4.463254e+01
4.463254e+01 4.463254e+01
4.463254e+01 4.463254e+01
4.463254e+01 4.463254e+01
4.463254e+01 4.463254e+01
4.463254e+01 4.463254e+01
4.463254e+01 4.463254e+01
4.463254e+01 4.463254e+01
4.463254e+01 4.463254e+01
4.463254e+01 4.463254e+01
4.463254e+01 4.463254e+01
4.463254e+01 4.463254e+01
4.463254e+01 4.463254e+01
4.463254e+01 4.463254e+01
4.463254e+01 4.463254e+01
4.463254e+01 4.463254e+01
4.463254e+01 4.463254e+01
4.463254e+01 4.463254e+01
4.463254e+01 4.463254e+01
4.463254e+01 4.463254e+01
4.463254e+01 4.463254e+01
4.463254e+01 4.463254e+01
4.463254e+01 4.463254e+01
4.463254e+01 4.463254e+01
4.463254e+01 4.463254e+01
4.463254e+01 4.463254e+01
4.463254e+01 4.463254e+01
4.463254e+01 4.463254e+01
4.463254e+01 4.463254e+01
4.463254e+01 4.463254e+01
4.463254e+01 4.463254e+01
4.463254e+01 4.463254e+01
4.463254e+01 4.463254e+01
4.463254e+01 4.463254e+01
4.463254e+01 4.463254e+01
4.463254e+01 4.463254e+01
4.463254e+01 4.463254e+01
4.463254e+01 4.463254e+01
4.463254e+01 4.463254e+01
4.463254e+01 4.463254e+01
4.463254e+01 4.463254e+01
4.463254e+01 4.463254e+01
4.463254e+01 4.463254e+01
4.463254e+01 4.463254e+01
4.463254e+01 4.463254e+01
4.463254e+01 4.463254e+01
4.463254e+01 4.463254e+01
4.463254e+01 4.463254e+01
4.463254e+01 4.463254e+01
4.463254e+01 4.463254e+01
4.463254e+01 4.463254e+01
4.463254e+01 4.463254e+01
4.463254e+01 4.463254e+01
4.463254e+01 4.463254e+01
4.463254e+01 4.463254e+01
4.463254e+01 4.463254e+01
4.463254e+01 4.463254e+01
4.463254e+01 4.463254e+01
4.463254e+01 4.463254e+01
4.463254e+01 4.463254e+01
4.463254e+01 4.463254e+01
4.463254e+01 4.463254e+01
4.463254e+01 4.463254e+01
4.463254e+01 4.463254e+01
4.463254e+01 4.463254e+01
4.463254e+01 4.463254e+01
4.463254e+01 4.463254e+01
4.463254e+01 4.463254e+01
4.463254e+01 4.463254e+01
4.463254e+01 4.463254e+01
4.463254e+01 4.463254e+01
4.463254e+01 4.463254e+01
4.463254e+01 4.463254e+01
1.956180e+02 1.737722e+02
1.448976e+02 1.337871e+02
9.169440e+01 8.421193e+01
5.902082e+01 5.635486e+01
4.346870e+01 4.267420e+01
3.877796e+01 3.852619e+01
3.718700e+01 3.714052e+01
3.681449e+01 3.678229e+01
3.667289e+01 3.666414e+01
3.662107e+01 3.661845e+01
3.660574e+01 3.660519e+01
3.660113e+01 3.660092e+01
3.659977e+01 3.659971e+01
3.659925e+01 3.659924e+01
3.659914e+01 3.659914e+01
3.659912e+01 3.659912e+01
3.659912e+01 3.659912e+01
3.659911e+01 3.659911e+01
3.659911e+01 3.659911e+01
3.659911e+01 3.659911e+01
3.659911e+01 3.659911e+01
3.659911e+01 3.659911e+01
3.659911e+01 3.659911e+01
3.659911e+01 3.659911e+01
3.659911e+01 3.659911e+01
3.659911e+01 3.659911e+01
3.659911e+01 3.659911e+01
3.659911e+01 3.659911e+01
3.659911e+01 3.659911e+01
3.659911e+01 3.659911e+01
3.659911e+01 3.659911e+01
3.659911e+01 3.659911e+01
3.659911e+01 3.659911e+01
3.659911e+01 3.659911e+01
3.659911e+01 3.659911e+01
3.659911e+01 3.659911e+01
3.659911e+01 3.659911e+01
3.659911e+01 3.659911e+01
3.659911e+01 3.659911e+01
3.659911e+01 3.659911e+01
3.659911e+01 3.659911e+01
3.659911e+01 3.659911e+01
3.659911e+01 3.659911e+01
3.659911e+01 3.659911e+01
3.659911e+01 3.659911e+01
3.659911e+01 3.659911e+01
3.659911e+01 3.659911e+01
3.659911e+01 3.659911e+01
3.659911e+01 3.659911e+01
3.659911e+01 3.659911e+01
3.659911e+01 3.659911e+01
3.659911e+01 3.659911e+01
3.659911e+01 3.659911e+01
3.659911e+01 3.659911e+01
3.659911e+01 3.659911e+01
3.659911e+01 3.659911e+01
3.659911e+01 3.659911e+01
3.659911e+01 3.659911e+01
3.659911e+01 3.659911e+01
3.659911e+01 3.659911e+01
3.659911e+01 3.659911e+01
3.659911e+01 3.659911e+01
3.659911e+01 3.659911e+01
3.659911e+01 3.659911e+01
3.659911e+01 3.659911e+01
3.659911e+01 3.659911e+01
3.659911e+01 3.659911e+01
3.659911e+01 3.659911e+01
3.659911e+01 3.659911e+01
3.659911e+01 3.659911e+01
3.659911e+01 3.659911e+01
3.659911e+01 3.659911e+01
3.659911e+01 3.659911e+01
3.659911e+01 3.659911e+01
3.659911e+01 3.659911e+01
3.659911e+01 3.659911e+01
3.659911e+01 3.659911e+01
3.659911e+01 3.659911e+01
3.659911e+01 3.659911e+01
3.659911e+01 3.659911e+01
3.659911e+01 3.659911e+01
3.659911e+01 3.659911e+01
3.659911e+01 3.659911e+01
3.659911e+01 3.659911e+01
3.659911e+01 3.659911e+01
3.659911e+01 3.659911e+01
3.659911e+01 3.659911e+01
3.659911e+01 3.659911e+01
3.659911e+01 3.659911e+01
3.659911e+01 3.659911e+01
3.659911e+01 3.659911e+01
3.659911e+01 3.659911e+01
3.659911e+01 3.659911e+01
3.659911e+01 3.659911e+01
3.659911e+01 3.659911e+01
3.659911e+01 3.659911e+01
3.659911e+01 3.659911e+01
3.659911e+01 3.659911e+01
3.659911e+01 3.659911e+01
3.659911e+01 3.659911e+01
3.659911e+01 3.659911e+01
1.940023e+02 1.747833e+02
1.468387e+02 1.348598e+02
1.029110e+02 9.455320e+01
6.010954e+01 5.642360e+01
4.200986e+01 4.113722e+01
3.703546e+01 3.668247e+01
3.527370e+01 3.516758e+01
3.468442e+01 3.463744e+01
3.446511e+01 3.444929e+01
3.435044e+01 3.434188e+01
3.430377e+01 3.430202e+01
3.428899e+01 3.428847e+01
3.428393e+01 3.428369e+01
3.428228e+01 3.428220e+01
3.428176e+01 3.428174e+01
3.428157e+01 3.428157e+01
3.428154e+01 3.428154e+01
3.428153e+01 3.428153e+01
3.428153e+01 3.428153e+01
3.428153e+01 3.428153e+01
3.428153e+01 3.428153e+01
3.428153e+01 3.428153e+01
3.428153e+01 3.428153e+01
3.428153e+01 3.428153e+01
3.428153e+01 3.428153e+01
3.428153e+01 3.428153e+01
3.428153e+01 3.428153e+01
3.428153e+01 3.428153e+01
3.428153e+01 3.428153e+01
3.428153e+01 3.428153e+01
3.428153e+01 3.428153e+01
3.428153e+01 3.428153e+01
3.428153e+01 3.428153e+01
3.428153e+01 3.428153e+01
3.428153e+01 3.428153e+01
3.428153e+01 3.428153e+01
3.428153e+01 3.428153e+01
3.428153e+01 3.428153e+01
3.428153e+01 3.428153e+01
3.428153e+01 3.428153e+01
3.428153e+01 3.428153e+01
3.428153e+01 3.428153e+01
3.428153e+01 3.428153e+01
3.428153e+01 3.428153e+01
3.428153e+01 3.428153e+01
3.428153e+01 3.428153e+01
3.428153e+01 3.428153e+01
3.428153e+01 3.428153e+01
3.428153e+01 3.428153e+01
3.428153e+01 3.428153e+01
3.428153e+01 3.428153e+01
3.428153e+01 3.428153e+01
3.428153e+01 3.428153e+01
3.428153e+01 3.428153e+01
3.428153e+01 3.428153e+01
3.428153e+01 3.428153e+01
3.428153e+01 3.428153e+01
3.428153e+01 3.428153e+01
3.428153e+01 3.428153e+01
3.428153e+01 3.428153e+01
3.428153e+01 3.428153e+01
3.428153e+01 3.428153e+01
3.428153e+01 3.428153e+01
3.428153e+01 3.428153e+01
3.428153e+01 3.428153e+01
3.428153e+01 3.428153e+01
3.428153e+01 3.428153e+01
3.428153e+01 3.428153e+01
3.428153e+01 3.428153e+01
3.428153e+01 3.428153e+01
3.428153e+01 3.428153e+01
3.428153e+01 3.428153e+01
3.428153e+01 3.428153e+01
3.428153e+01 3.428153e+01
3.428153e+01 3.428153e+01
3.428153e+01 3.428153e+01
3.428153e+01 3.428153e+01
3.428153e+01 3.428153e+01
3.428153e+01 3.428153e+01
3.428153e+01 3.428153e+01
3.428153e+01 3.428153e+01
3.428153e+01 3.428153e+01
3.428153e+01 3.428153e+01
3.428153e+01 3.428153e+01
3.428153e+01 3.428153e+01
3.428153e+01 3.428153e+01
3.428153e+01 3.428153e+01
3.428153e+01 3.428153e+01
3.428153e+01 3.428153e+01
3.428153e+01 3.428153e+01
3.428153e+01 3.428153e+01
3.428153e+01 3.428153e+01
3.428153e+01 3.428153e+01
3.428153e+01 3.428153e+01
3.428153e+01 3.428153e+01
3.428153e+01 3.428153e+01
3.428153e+01 3.428153e+01
3.428153e+01 3.428153e+01
3.428153e+01 3.428153e+01
3.428153e+01 3.428153e+01
3.428153e+01 3.428153e+01
1.950197e+02 1.785449e+02
1.476505e+02 1.315160e+02
9.659579e+01 8.836815e+01
5.850312e+01 5.613359e+01
4.311141e+01 4.206027e+01
3.722298e+01 3.698278e+01
3.572693e+01 3.568177e+01
3.531497e+01 3.529479e+01
3.518585e+01 3.517940e+01
3.514205e+01 3.513948e+01
3.513008e+01 3.512951e+01
3.512759e+01 3.512750e+01
3.512666e+01 3.512663e+01
3.512640e+01 3.512639e+01
3.512633e+01 3.512633e+01
3.512632e+01 3.512632e+01
3.512632e+01 3.512632e+01
3.512632e+01 3.512632e+01
3.512632e+01 3.512632e+01
3.512632e+01 3.512632e+01
3.512632e+01 3.512632e+01
3.512632e+01 3.512632e+01
3.512632e+01 3.512632e+01
3.512632e+01 3.512632e+01
3.512632e+01 3.512632e+01
3.512632e+01 3.512632e+01
3.512632e+01 3.512632e+01
3.512632e+01 3.512632e+01
3.512632e+01 3.512632e+01
3.512632e+01 3.512632e+01
3.512632e+01 3.512632e+01
3.512632e+01 3.512632e+01
3.512632e+01 3.512632e+01
3.512632e+01 3.512632e+01
3.512632e+01 3.512632e+01
3.512632e+01 3.512632e+01
3.512632e+01 3.512632e+01
3.512632e+01 3.512632e+01
3.512632e+01 3.512632e+01
3.512632e+01 3.512632e+01
3.512632e+01 3.512632e+01
3.512632e+01 3.512632e+01
3.512632e+01 3.512632e+01
3.512632e+01 3.512632e+01
3.512632e+01 3.512632e+01
3.512632e+01 3.512632e+01
3.512632e+01 3.512632e+01
3.512632e+01 3.512632e+01
3.512632e+01 3.512632e+01
3.512632e+01 3.512632e+01
3.512632e+01 3.512632e+01
3.512632e+01 3.512632e+01
3.512632e+01 3.512632e+01
3.512632e+01 3.512632e+01
3.512632e+01 3.512632e+01
3.512632e+01 3.512632e+01
3.512632e+01 3.512632e+01
3.512632e+01 3.512632e+01
3.512632e+01 3.512632e+01
3.512632e+01 3.512632e+01
3.512632e+01 3.512632e+01
3.512632e+01 3.512632e+01
3.512632e+01 3.512632e+01
3.512632e+01 3.512632e+01
3.512632e+01 3.512632e+01
3.512632e+01 3.512632e+01
3.512632e+01 3.512632e+01
3.512632e+01 3.512632e+01
3.512632e+01 3.512632e+01
3.512632e+01 3.512632e+01
3.512632e+01 3.512632e+01
3.512632e+01 3.512632e+01
3.512632e+01 3.512632e+01
3.512632e+01 3.512632e+01
3.512632e+01 3.512632e+01
3.512632e+01 3.512632e+01
3.512632e+01 3.512632e+01
3.512632e+01 3.512632e+01
3.512632e+01 3.512632e+01
3.512632e+01 3.512632e+01
3.512632e+01 3.512632e+01
3.512632e+01 3.512632e+01
3.512632e+01 3.512632e+01
3.512632e+01 3.512632e+01
3.512632e+01 3.512632e+01
3.512632e+01 3.512632e+01
3.512632e+01 3.512632e+01
3.512632e+01 3.512632e+01
3.512632e+01 3.512632e+01
3.512632e+01 3.512632e+01
3.512632e+01 3.512632e+01
3.512632e+01 3.512632e+01
3.512632e+01 3.512632e+01
3.512632e+01 3.512632e+01
3.512632e+01 3.512632e+01
3.512632e+01 3.512632e+01
3.512632e+01 3.512632e+01
3.512632e+01 3.512632e+01
3.512632e+01 3.512632e+01
3.512632e+01 3.512632e+01
3.512632e+01 3.512632e+01
1.957321e+02 1.764469e+02
1.339372e+02 1.186460e+02
8.480248e+01 7.960009e+01
5.920425e+01 5.765207e+01
4.625872e+01 4.542878e+01
4.229694e+01 4.196159e+01
4.075287e+01 4.063484e+01
4.012488e+01 4.010152e+01
3.989465e+01 3.988672e+01
3.981581e+01 3.981112e+01
3.978565e+01 3.978412e+01
3.977622e+01 3.977582e+01
3.977330e+01 3.977320e+01
3.977249e+01 3.977247e+01
3.977227e+01 3.977226e+01
3.977221e+01 3.977221e+01
3.977220e+01 3.977220e+01
3.977220e+01 3.977220e+01
3.977220e+01 3.977220e+01
3.977220e+01 3.977220e+01
3.977220e+01 3.977220e+01
3.977220e+01 3.977220e+01
3.977220e+01 3.977220e+01
3.977220e+01 3.977220e+01
3.977220e+01 3.977220e+01
3.977220e+01 3.977220e+01
3.977220e+01 3.977220e+01
3.977220e+01 3.977220e+01
3.977220e+01 3.977220e+01
3.977220e+01 3.977220e+01
3.977220e+01 3.977220e+01
3.977220e+01 3.977220e+01
3.977220e+01 3.977220e+01
3.977220e+01 3.977220e+01
3.977220e+01 3.977220e+01
3.977220e+01 3.977220e+01
3.977220e+01 3.977220e+01
3.977220e+01 3.977220e+01
3.977220e+01 3.977220e+01
3.977220e+01 3.977220e+01
3.977220e+01 3.977220e+01
3.977220e+01 3.977220e+01
3.977220e+01 3.977220e+01
3.977220e+01 3.977220e+01
3.977220e+01 3.977220e+01
3.977220e+01 3.977220e+01
3.977220e+01 3.977220e+01
3.977220e+01 3.977220e+01
3.977220e+01 3.977220e+01
3.977220e+01 3.977220e+01
3.977220e+01 3.977220e+01
3.977220e+01 3.977220e+01
3.977220e+01 3.977220e+01
3.977220e+01 3.977220e+01
3.977220e+01 3.977220e+01
3.977220e+01 3.977220e+01
3.977220e+01 3.977220e+01
3.977220e+01 3.977220e+01
3.977220e+01 3.977220e+01
3.977220e+01 3.977220e+01
3.977220e+01 3.977220e+01
3.977220e+01 3.977220e+01
3.977220e+01 3.977220e+01
3.977220e+01 3.977220e+01
3.977220e+01 3.977220e+01
3.977220e+01 3.977220e+01
3.977220e+01 3.977220e+01
3.977220e+01 3.977220e+01
3.977220e+01 3.977220e+01
3.977220e+01 3.977220e+01
3.977220e+01 3.977220e+01
3.977220e+01 3.977220e+01
3.977220e+01 3.977220e+01
3.977220e+01 3.977220e+01
3.977220e+01 3.977220e+01
3.977220e+01 3.977220e+01
3.977220e+01 3.977220e+01
3.977220e+01 3.977220e+01
3.977220e+01 3.977220e+01
3.977220e+01 3.977220e+01
3.977220e+01 3.977220e+01
3.977220e+01 3.977220e+01
3.977220e+01 3.977220e+01
3.977220e+01 3.977220e+01
3.977220e+01 3.977220e+01
3.977220e+01 3.977220e+01
3.977220e+01 3.977220e+01
3.977220e+01 3.977220e+01
3.977220e+01 3.977220e+01
3.977220e+01 3.977220e+01
3.977220e+01 3.977220e+01
3.977220e+01 3.977220e+01
3.977220e+01 3.977220e+01
3.977220e+01 3.977220e+01
3.977220e+01 3.977220e+01
3.977220e+01 3.977220e+01
3.977220e+01 3.977220e+01
3.977220e+01 3.977220e+01
3.977220e+01 3.977220e+01
3.977220e+01 3.977220e+01
3.977220e+01 3.977220e+01
1.942365e+02 1.736363e+02
1.510255e+02 1.373552e+02
9.822611e+01 9.075429e+01
5.587748e+01 5.356050e+01
4.067689e+01 3.989064e+01
3.537353e+01 3.512323e+01
3.402187e+01 3.397890e+01
3.370866e+01 3.367977e+01
3.360244e+01 3.359365e+01
3.355904e+01 3.355730e+01
3.354336e+01 3.354249e+01
3.353842e+01 3.353821e+01
3.353703e+01 3.353698e+01
3.353658e+01 3.353656e+01
3.353643e+01 3.353643e+01
3.353641e+01 3.353641e+01
3.353640e+01 3.353640e+01
3.353640e+01 3.353640e+01
3.353640e+01 3.353640e+01
3.353640e+01 3.353640e+01
3.353640e+01 3.353640e+01
3.353640e+01 3.353640e+01
3.353640e+01 3.353640e+01
3.353640e+01 3.353640e+01
3.353640e+01 3.353640e+01
3.353640e+01 3.353640e+01
3.353640e+01 3.353640e+01
3.353640e+01 3.353640e+01
3.353640e+01 3.353640e+01
3.353640e+01 3.353640e+01
3.353640e+01 3.353640e+01
3.353640e+01 3.353640e+01
3.353640e+01 3.353640e+01
3.353640e+01 3.353640e+01
3.353640e+01 3.353640e+01
3.353640e+01 3.353640e+01
3.353640e+01 3.353640e+01
3.353640e+01 3.353640e+01
3.353640e+01 3.353640e+01
3.353640e+01 3.353640e+01
3.353640e+01 3.353640e+01
3.353640e+01 3.353640e+01
3.353640e+01 3.353640e+01
3.353640e+01 3.353640e+01
3.353640e+01 3.353640e+01
3.353640e+01 3.353640e+01
3.353640e+01 3.353640e+01
3.353640e+01 3.353640e+01
3.353640e+01 3.353640e+01
3.353640e+01 3.353640e+01
3.353640e+01 3.353640e+01
3.353640e+01 3.353640e+01
3.353640e+01 3.353640e+01
3.353640e+01 3.353640e+01
3.353640e+01 3.353640e+01
3.353640e+01 3.353640e+01
3.353640e+01 3.353640e+01
3.353640e+01 3.353640e+01
3.353640e+01 3.353640e+01
3.353640e+01 3.353640e+01
3.353640e+01 3.353640e+01
3.353640e+01 3.353640e+01
3.353640e+01 3.353640e+01
3.353640e+01 3.353640e+01
3.353640e+01 3.353640e+01
3.353640e+01 3.353640e+01
3.353640e+01 3.353640e+01
3.353640e+01 3.353640e+01
3.353640e+01 3.353640e+01
3.353640e+01 3.353640e+01
3.353640e+01 3.353640e+01
3.353640e+01 3.353640e+01
3.353640e+01 3.353640e+01
3.353640e+01 3.353640e+01
3.353640e+01 3.353640e+01
3.353640e+01 3.353640e+01
3.353640e+01 3.353640e+01
3.353640e+01 3.353640e+01
3.353640e+01 3.353640e+01
3.353640e+01 3.353640e+01
3.353640e+01 3.353640e+01
3.353640e+01 3.353640e+01
3.353640e+01 3.353640e+01
3.353640e+01 3.353640e+01
3.353640e+01 3.353640e+01
3.353640e+01 3.353640e+01
3.353640e+01 3.353640e+01
3.353640e+01 3.353640e+01
3.353640e+01 3.353640e+01
3.353640e+01 3.353640e+01
3.353640e+01 3.353640e+01
3.353640e+01 3.353640e+01
3.353640e+01 3.353640e+01
3.353640e+01 3.353640e+01
3.353640e+01 3.353640e+01
3.353640e+01 3.353640e+01
3.353640e+01 3.353640e+01
3.353640e+01 3.353640e+01
3.353640e+01 3.353640e+01
3.353640e+01 3.353640e+01
3.353640e+01 3.353640e+01
1.954835e+02 1.675445e+02
1.465883e+02 1.330057e+02
1.036990e+02 9.572049e+01
6.124856e+01 5.824057e+01
4.529678e+01 4.475721e+01
4.095269e+01 4.073461e+01
3.954063e+01 3.946732e+01
3.903259e+01 3.901775e+01
3.890238e+01 3.889461e+01
3.886459e+01 3.886305e+01
3.885256e+01 3.885210e+01
3.884938e+01 3.884928e+01
3.884839e+01 3.884836e+01
3.884807e+01 3.884807e+01
3.884802e+01 3.884802e+01
3.884801e+01 3.884801e+01
3.884801e+01 3.884801e+01
3.884801e+01 3.884801e+01
3.884801e+01 3.884801e+01
3.884801e+01 3.884801e+01
3.884801e+01 3.884801e+01
3.884801e+01 3.884801e+01
3.884801e+01 3.884801e+01
3.884801e+01 3.884801e+01
3.884801e+01 3.884801e+01
3.884801e+01 3.884801e+01
3.884801e+01 3.884801e+01
3.884801e+01 3.884801e+01
3.884801e+01 3.884801e+01
3.884801e+01 3.884801e+01
3.884801e+01 3.884801e+01
3.884801e+01 3.884801e+01
3.884801e+01 3.884801e+01
3.884801e+01 3.884801e+01
3.884801e+01 3.884801e+01
3.884801e+01 3.884801e+01
3.884801e+01 3.884801e+01
3.884801e+01 3.884801e+01
3.884801e+01 3.884801e+01
3.884801e+01 3.884801e+01
3.884801e+01 3.884801e+01
3.884801e+01 3.884801e+01
3.884801e+01 3.884801e+01
3.884801e+01 3.884801e+01
3.884801e+01 3.884801e+01
3.884801e+01 3.884801e+01
3.884801e+01 3.884801e+01
3.884801e+01 3.884801e+01
3.884801e+01 3.884801e+01
3.884801e+01 3.884801e+01
3.884801e+01 3.884801e+01
3.884801e+01 3.884801e+01
3.884801e+01 3.884801e+01
3.884801e+01 3.884801e+01
3.884801e+01 3.884801e+01
3.884801e+01 3.884801e+01
3.884801e+01 3.884801e+01
3.884801e+01 3.884801e+01
3.884801e+01 3.884801e+01
3.884801e+01 3.884801e+01
3.884801e+01 3.884801e+01
3.884801e+01 3.884801e+01
3.884801e+01 3.884801e+01
3.884801e+01 3.884801e+01
3.884801e+01 3.884801e+01
3.884801e+01 3.884801e+01
3.884801e+01 3.884801e+01
3.884801e+01 3.884801e+01
3.884801e+01 3.884801e+01
3.884801e+01 3.884801e+01
3.884801e+01 3.884801e+01
3.884801e+01 3.884801e+01
3.884801e+01 3.884801e+01
3.884801e+01 3.884801e+01
3.884801e+01 3.884801e+01
3.884801e+01 3.884801e+01
3.884801e+01 3.884801e+01
3.884801e+01 3.884801e+01
3.884801e+01 3.884801e+01
3.884801e+01 3.884801e+01
3.884801e+01 3.884801e+01
3.884801e+01 3.884801e+01
3.884801e+01 3.884801e+01
3.884801e+01 3.884801e+01
3.884801e+01 3.884801e+01
3.884801e+01 3.884801e+01
3.884801e+01 3.884801e+01
3.884801e+01 3.884801e+01
3.884801e+01 3.884801e+01
3.884801e+01 3.884801e+01
3.884801e+01 3.884801e+01
3.884801e+01 3.884801e+01
3.884801e+01 3.884801e+01
3.884801e+01 3.884801e+01
3.884801e+01 3.884801e+01
3.884801e+01 3.884801e+01
3.884801e+01 3.884801e+01
3.884801e+01 3.884801e+01
3.884801e+01 3.884801e+01
3.884801e+01 3.884801e+01
3.884801e+01 3.884801e+01
1.962048e+02 1.670740e+02
1.459983e+02 1.323349e+02
1.147247e+02 1.000420e+02
8.256444e+01 7.689189e+01
6.122747e+01 5.754350e+01
5.100267e+01 4.879658e+01
4.388219e+01 4.233491e+01
3.914325e+01 3.837442e+01
3.640950e+01 3.583729e+01
3.441142e+01 3.414894e+01
3.302996e+01 3.284807e+01
3.241428e+01 3.231017e+01
3.202409e+01 3.194981e+01
3.178869e+01 3.174340e+01
3.164471e+01 3.160446e+01
3.155782e+01 3.153990e+01
3.150798e+01 3.148827e+01
3.147450e+01 3.146438e+01
3.145094e+01 3.144614e+01
3.143725e+01 3.143118e+01
3.142443e+01 3.141968e+01
3.141490e+01 3.141261e+01
3.140796e+01 3.140611e+01
3.140299e+01 3.140192e+01
3.140023e+01 3.139976e+01
3.139837e+01 3.139796e+01
3.139704e+01 3.139677e+01
3.139629e+01 3.139608e+01
3.139570e+01 3.139556e+01
3.139537e+01 3.139529e+01
3.139515e+01 3.139506e+01
3.139497e+01 3.139495e+01
3.139486e+01 3.139485e+01
3.139480e+01 3.139479e+01
3.139477e+01 3.139477e+01
3.139477e+01 3.139477e+01
3.139477e+01 3.139477e+01
3.139477e+01 3.139477e+01
3.139477e+01 3.139477e+01
3.139477e+01 3.139477e+01
3.139477e+01 3.139477e+01
3.139477e+01 3.139477e+01
3.139477e+01 3.139477e+01
3.139477e+01 3.139477e+01
3.139477e+01 3.139477e+01
3.139477e+01 3.139477e+01
3.139477e+01 3.139477e+01
3.139477e+01 3.139477e+01
3.139477e+01 3.139477e+01
3.139477e+01 3.139477e+01
3.139477e+01 3.139477e+01
3.139477e+01 3.139477e+01
3.139477e+01 3.139477e+01
3.139477e+01 3.139477e+01
3.139477e+01 3.139477e+01
3.139477e+01 3.139477e+01
3.139477e+01 3.139477e+01
3.139477e+01 3.139477e+01
3.139477e+01 3.139477e+01
3.139477e+01 3.139477e+01
3.139477e+01 3.139477e+01
3.139477e+01 3.139477e+01
3.139477e+01 3.139477e+01
3.139477e+01 3.139477e+01
3.139477e+01 3.139477e+01
3.139477e+01 3.139477e+01
3.139477e+01 3.139477e+01
3.139477e+01 3.139477e+01
3.139477e+01 3.139477e+01
3.139477e+01 3.139477e+01
3.139477e+01 3.139477e+01
3.139477e+01 3.139477e+01
3.139477e+01 3.139477e+01
3.139477e+01 3.139477e+01
3.139477e+01 3.139477e+01
3.139477e+01 3.139477e+01
3.139477e+01 3.139477e+01
3.139477e+01 3.139477e+01
3.139477e+01 3.139477e+01
3.139477e+01 3.139477e+01
3.139477e+01 3.139477e+01
3.139477e+01 3.139477e+01
3.139477e+01 3.139477e+01
3.139477e+01 3.139477e+01
3.139477e+01 3.139477e+01
3.139477e+01 3.139477e+01
3.139477e+01 3.139477e+01
3.139477e+01 3.139477e+01
3.139477e+01 3.139477e+01
3.139477e+01 3.139477e+01
3.139477e+01 3.139477e+01
3.139477e+01 3.139477e+01
3.139477e+01 3.139477e+01
3.139477e+01 3.139477e+01
3.139477e+01 3.139477e+01
3.139477e+01 3.139477e+01
3.139477e+01 3.139477e+01
3.139477e+01 3.139477e+01
3.139477e+01 3.139477e+01
3.139477e+01 3.139477e+01
3.139477e+01 3.139477e+01
1.941715e+02 1.773730e+02
1.410075e+02 1.294036e+02
9.657571e+01 9.054732e+01
6.766337e+01 6.451534e+01
5.163375e+01 4.945780e+01
4.463419e+01 4.393435e+01
4.049762e+01 4.009420e+01
3.808782e+01 3.786929e+01
3.710259e+01 3.695405e+01
3.671426e+01 3.664008e+01
3.647447e+01 3.642557e+01
3.627669e+01 3.623599e+01
3.617295e+01 3.615209e+01
3.611433e+01 3.610247e+01
3.607528e+01 3.606769e+01
3.605219e+01 3.604783e+01
3.603853e+01 3.603598e+01
3.602894e+01 3.602770e+01
3.602193e+01 3.602055e+01
3.601674e+01 3.601579e+01
3.601325e+01 3.601265e+01
3.601137e+01 3.601087e+01
3.601002e+01 3.600978e+01
3.600910e+01 3.600897e+01
3.600847e+01 3.600836e+01
3.600810e+01 3.600805e+01
3.600792e+01 3.600788e+01
3.600779e+01 3.600777e+01
3.600771e+01 3.600770e+01
3.600766e+01 3.600765e+01
3.600764e+01 3.600764e+01
3.600763e+01 3.600763e+01
3.600763e+01 3.600763e+01
3.600763e+01 3.600763e+01
3.600763e+01 3.600763e+01
3.600763e+01 3.600763e+01
3.600763e+01 3.600763e+01
3.600763e+01 3.600763e+01
3.600763e+01 3.600763e+01
3.600763e+01 3.600763e+01
3.600763e+01 3.600763e+01
3.600763e+01 3.600763e+01
3.600763e+01 3.600763e+01
3.600763e+01 3.600763e+01
3.600763e+01 3.600763e+01
3.600763e+01 3.600763e+01
3.600763e+01 3.600763e+01
3.600763e+01 3.600763e+01
3.600763e+01 3.600763e+01
3.600763e+01 3.600763e+01
3.600763e+01 3.600763e+01
3.600763e+01 3.600763e+01
3.600763e+01 3.600763e+01
3.600763e+01 3.600763e+01
3.600763e+01 3.600763e+01
3.600763e+01 3.600763e+01
3.600763e+01 3.600763e+01
3.600763e+01 3.600763e+01
3.600763e+01 3.600763e+01
3.600763e+01 3.600763e+01
3.600763e+01 3.600763e+01
3.600763e+01 3.600763e+01
3.600763e+01 3.600763e+01
3.600763e+01 3.600763e+01
3.600763e+01 3.600763e+01
3.600763e+01 3.600763e+01
3.600763e+01 3.600763e+01
3.600763e+01 3.600763e+01
3.600763e+01 3.600763e+01
3.600763e+01 3.600763e+01
3.600763e+01 3.600763e+01
3.600763e+01 3.600763e+01
3.600763e+01 3.600763e+01
3.600763e+01 3.600763e+01
3.600763e+01 3.600763e+01
3.600763e+01 3.600763e+01
3.600763e+01 3.600763e+01
3.600763e+01 3.600763e+01
3.600763e+01 3.600763e+01
3.600763e+01 3.600763e+01
3.600763e+01 3.600763e+01
3.600763e+01 3.600763e+01
3.600763e+01 3.600763e+01
3.600763e+01 3.600763e+01
3.600763e+01 3.600763e+01
3.600763e+01 3.600763e+01
3.600763e+01 3.600763e+01
3.600763e+01 3.600763e+01
3.600763e+01 3.600763e+01
3.600763e+01 3.600763e+01
3.600763e+01 3.600763e+01
3.600763e+01 3.600763e+01
3.600763e+01 3.600763e+01
3.600763e+01 3.600763e+01
3.600763e+01 3.600763e+01
3.600763e+01 3.600763e+01
3.600763e+01 3.600763e+01
3.600763e+01 3.600763e+01
3.600763e+01 3.600763e+01
3.600763e+01 3.600763e+01
3.600763e+01 3.600763e+01
1.936893e+02 1.778398e+02
1.483553e+02 1.344463e+02
1.031776e+02 9.296458e+01
6.404206e+01 6.173713e+01
4.839294e+01 4.728029e+01
4.159384e+01 4.105367e+01
3.908014e+01 3.886692e+01
3.800775e+01 3.796054e+01
3.757447e+01 3.754332e+01
3.738061e+01 3.737015e+01
3.732449e+01 3.732087e+01
3.730682e+01 3.730623e+01
3.730075e+01 3.730049e+01
3.729849e+01 3.729840e+01
3.729797e+01 3.729795e+01
3.729783e+01 3.729783e+01
3.729781e+01 3.729781e+01
3.729781e+01 3.729781e+01
3.729781e+01 3.729781e+01
3.729781e+01 3.729781e+01
3.729781e+01 3.729781e+01
3.729781e+01 3.729781e+01
3.729781e+01 3.729781e+01
3.729781e+01 3.729781e+01
3.729781e+01 3.729781e+01
3.729781e+01 3.729781e+01
3.729781e+01 3.729781e+01
3.729781e+01 3.729781e+01
3.729781e+01 3.729781e+01
3.729781e+01 3.729781e+01
3.729781e+01 3.729781e+01
3.729781e+01 3.729781e+01
3.729781e+01 3.729781e+01
3.729781e+01 3.729781e+01
3.729781e+01 3.729781e+01
3.729781e+01 3.729781e+01
3.729781e+01 3.729781e+01
3.729781e+01 3.729781e+01
3.729781e+01 3.729781e+01
3.729781e+01 3.729781e+01
3.729781e+01 3.729781e+01
3.729781e+01 3.729781e+01
3.729781e+01 3.729781e+01
3.729781e+01 3.729781e+01
3.729781e+01 3.729781e+01
3.729781e+01 3.729781e+01
3.729781e+01 3.729781e+01
3.729781e+01 3.729781e+01
3.729781e+01 3.729781e+01
3.729781e+01 3.729781e+01
3.729781e+01 3.729781e+01
3.729781e+01 3.729781e+01
3.729781e+01 3.729781e+01
3.729781e+01 3.729781e+01
3.729781e+01 3.729781e+01
3.729781e+01 3.729781e+01
3.729781e+01 3.729781e+01
3.729781e+01 3.729781e+01
3.729781e+01 3.729781e+01
3.729781e+01 3.729781e+01
3.729781e+01 3.729781e+01
3.729781e+01 3.729781e+01
3.729781e+01 3.729781e+01
3.729781e+01 3.729781e+01
3.729781e+01 3.729781e+01
3.729781e+01 3.729781e+01
3.729781e+01 3.729781e+01
3.729781e+01 3.729781e+01
3.729781e+01 3.729781e+01
3.729781e+01 3.729781e+01
3.729781e+01 3.729781e+01
3.729781e+01 3.729781e+01
3.729781e+01 3.729781e+01
3.729781e+01 3.729781e+01
3.729781e+01 3.729781e+01
3.729781e+01 3.729781e+01
3.729781e+01 3.729781e+01
3.729781e+01 3.729781e+01
3.729781e+01 3.729781e+01
3.729781e+01 3.729781e+01
3.729781e+01 3.729781e+01
3.729781e+01 3.729781e+01
3.729781e+01 3.729781e+01
3.729781e+01 3.729781e+01
3.729781e+01 3.729781e+01
3.729781e+01 3.729781e+01
3.729781e+01 3.729781e+01
3.729781e+01 3.729781e+01
3.729781e+01 3.729781e+01
3.729781e+01 3.729781e+01
3.729781e+01 3.729781e+01
3.729781e+01 3.729781e+01
3.729781e+01 3.729781e+01
3.729781e+01 3.729781e+01
3.729781e+01 3.729781e+01
3.729781e+01 3.729781e+01
3.729781e+01 3.729781e+01
3.729781e+01 3.729781e+01
3.729781e+01 3.729781e+01
3.729781e+01 3.729781e+01
3.729781e+01 3.729781e+01
1.931020e+02 1.673735e+02
1.543465e+02 1.452232e+02
1.370427e+02 1.271582e+02
1.104569e+02 1.003466e+02
6.676372e+01 6.306619e+01
4.986208e+01 4.894854e+01
4.376354e+01 4.349094e+01
4.197418e+01 4.190669e+01
4.134004e+01 4.130287e+01
4.113330e+01 4.112714e+01
4.105688e+01 4.105083e+01
4.103154e+01 4.103113e+01
4.102564e+01 4.102542e+01
4.102359e+01 4.102348e+01
4.102271e+01 4.102269e+01
4.102251e+01 4.102250e+01
4.102247e+01 4.102247e+01
4.102246e+01 4.102246e+01
4.102246e+01 4.102246e+01
4.102246e+01 4.102246e+01
4.102246e+01 4.102246e+01
4.102246e+01 4.102246e+01
4.102246e+01 4.102246e+01
4.102246e+01 4.102246e+01
4.102246e+01 4.102246e+01
4.102246e+01 4.102246e+01
4.102246e+01 4.102246e+01
4.102246e+01 4.102246e+01
4.102246e+01 4.102246e+01
4.102246e+01 4.102246e+01
4.102246e+01 4.102246e+01
4.102246e+01 4.102246e+01
4.102246e+01 4.102246e+01
4.102246e+01 4.102246e+01
4.102246e+01 4.102246e+01
4.102246e+01 4.102246e+01
4.102246e+01 4.102246e+01
4.102246e+01 4.102246e+01
4.102246e+01 4.102246e+01
4.102246e+01 4.102246e+01
4.102246e+01 4.102246e+01
4.102246e+01 4.102246e+01
4.102246e+01 4.102246e+01
4.102246e+01 4.102246e+01
4.102246e+01 4.102246e+01
4.102246e+01 4.102246e+01
4.102246e+01 4.102246e+01
4.102246e+01 4.102246e+01
4.102246e+01 4.102246e+01
4.102246e+01 4.102246e+01
4.102246e+01 4.102246e+01
4.102246e+01 4.102246e+01
4.102246e+01 4.102246e+01
4.102246e+01 4.102246e+01
4.102246e+01 4.102246e+01
4.102246e+01 4.102246e+01
4.102246e+01 4.102246e+01
4.102246e+01 4.102246e+01
4.102246e+01 4.102246e+01
4.102246e+01 4.102246e+01
4.102246e+01 4.102246e+01
4.102246e+01 4.102246e+01
4.102246e+01 4.102246e+01
4.102246e+01 4.102246e+01
4.102246e+01 4.102246e+01
4.102246e+01 4.102246e+01
4.102246e+01 4.102246e+01
4.102246e+01 4.102246e+01
4.102246e+01 4.102246e+01
4.102246e+01 4.102246e+01
4.102246e+01 4.102246e+01
4.102246e+01 4.102246e+01
4.102246e+01 4.102246e+01
4.102246e+01 4.102246e+01
4.102246e+01 4.102246e+01
4.102246e+01 4.102246e+01
4.102246e+01 4.102246e+01
4.102246e+01 4.102246e+01
4.102246e+01 4.102246e+01
4.102246e+01 4.102246e+01
4.102246e+01 4.102246e+01
4.102246e+01 4.102246e+01
4.102246e+01 4.102246e+01
4.102246e+01 4.102246e+01
4.102246e+01 4.102246e+01
4.102246e+01 4.102246e+01
4.102246e+01 4.102246e+01
4.102246e+01 4.102246e+01
4.102246e+01 4.102246e+01
4.102246e+01 4.102246e+01
4.102246e+01 4.102246e+01
4.102246e+01 4.102246e+01
4.102246e+01 4.102246e+01
4.102246e+01 4.102246e+01
4.102246e+01 4.102246e+01
4.102246e+01 4.102246e+01
4.102246e+01 4.102246e+01
4.102246e+01 4.102246e+01
4.102246e+01 4.102246e+01
4.102246e+01 4.102246e+01
4.102246e+01 4.102246e+01
1.934487e+02 1.729368e+02
1.477782e+02 1.332782e+02
9.964502e+01 9.000810e+01
6.351959e+01 6.081775e+01
4.817913e+01 4.714998e+01
4.120076e+01 4.074969e+01
3.839752e+01 3.826386e+01
3.757707e+01 3.752871e+01
3.722324e+01 3.720602e+01
3.708589e+01 3.707580e+01
3.702181e+01 3.701792e+01
3.699743e+01 3.699667e+01
3.698990e+01 3.698967e+01
3.698798e+01 3.698793e+01
3.698745e+01 3.698744e+01
3.698731e+01 3.698731e+01
3.698729e+01 3.698729e+01
3.698728e+01 3.698728e+01
3.698728e+01 3.698728e+01
3.698728e+01 3.698728e+01
3.698728e+01 3.698728e+01
3.698728e+01 3.698728e+01
3.698728e+01 3.698728e+01
3.698728e+01 3.698728e+01
3.698728e+01 3.698728e+01
3.698728e+01 3.698728e+01
3.698728e+01 3.698728e+01
3.698728e+01 3.698728e+01
3.698728e+01 3.698728e+01
3.698728e+01 3.698728e+01
3.698728e+01 3.698728e+01
3.698728e+01 3.698728e+01
3.698728e+01 3.698728e+01
3.698728e+01 3.698728e+01
3.698728e+01 3.698728e+01
3.698728e+01 3.698728e+01
3.698728e+01 3.698728e+01
3.698728e+01 3.698728e+01
3.698728e+01 3.698728e+01
3.698728e+01 3.698728e+01
3.698728e+01 3.698728e+01
3.698728e+01 3.698728e+01
3.698728e+01 3.698728e+01
3.698728e+01 3.698728e+01
3.698728e+01 3.698728e+01
3.698728e+01 3.698728e+01
3.698728e+01 3.698728e+01
3.698728e+01 3.698728e+01
3.698728e+01 3.698728e+01
3.698728e+01 3.698728e+01
3.698728e+01 3.698728e+01
3.698728e+01 3.698728e+01
3.698728e+01 3.698728e+01
3.698728e+01 3.698728e+01
3.698728e+01 3.698728e+01
3.698728e+01 3.698728e+01
3.698728e+01 3.698728e+01
3.698728e+01 3.698728e+01
3.698728e+01 3.698728e+01
3.698728e+01 3.698728e+01
3.698728e+01 3.698728e+01
3.698728e+01 3.698728e+01
3.698728e+01 3.698728e+01
3.698728e+01 3.698728e+01
3.698728e+01 3.698728e+01
3.698728e+01 3.698728e+01
3.698728e+01 3.698728e+01
3.698728e+01 3.698728e+01
3.698728e+01 3.698728e+01
3.698728e+01 3.698728e+01
3.698728e+01 3.698728e+01
3.698728e+01 3.698728e+01
3.698728e+01 3.698728e+01
3.698728e+01 3.698728e+01
3.698728e+01 3.698728e+01
3.698728e+01 3.698728e+01
3.698728e+01 3.698728e+01
3.698728e+01 3.698728e+01
3.698728e+01 3.698728e+01
3.698728e+01 3.698728e+01
3.698728e+01 3.698728e+01
3.698728e+01 3.698728e+01
3.698728e+01 3.698728e+01
3.698728e+01 3.698728e+01
3.698728e+01 3.698728e+01
3.698728e+01 3.698728e+01
3.698728e+01 3.698728e+01
3.698728e+01 3.698728e+01
3.698728e+01 3.698728e+01
3.698728e+01 3.698728e+01
3.698728e+01 3.698728e+01
3.698728e+01 3.698728e+01
3.698728e+01 3.698728e+01
3.698728e+01 3.698728e+01
3.698728e+01 3.698728e+01
3.698728e+01 3.698728e+01
3.698728e+01 3.698728e+01
3.698728e+01 3.698728e+01
3.698728e+01 3.698728e+01
3.698728e+01 3.698728e+01
3.698728e+01 3.698728e+01
1.950869e+02 1.767548e+02
1.560640e+02 1.458430e+02
1.258433e+02 1.126646e+02
7.296739e+01 7.026671e+01
5.111365e+01 5.037489e+01
4.398234e+01 4.366719e+01
4.198929e+01 4.193050e+01
4.126985e+01 4.123582e+01
4.104822e+01 4.104173e+01
4.097196e+01 4.096792e+01
4.094824e+01 4.094752e+01
4.094221e+01 4.094200e+01
4.093985e+01 4.093976e+01
4.093928e+01 4.093926e+01
4.093910e+01 4.093910e+01
4.093906e+01 4.093906e+01
4.093905e+01 4.093905e+01
4.093905e+01 4.093905e+01
4.093905e+01 4.093905e+01
4.093905e+01 4.093905e+01
4.093905e+01 4.093905e+01
4.093905e+01 4.093905e+01
4.093905e+01 4.093905e+01
4.093905e+01 4.093905e+01
4.093905e+01 4.093905e+01
4.093905e+01 4.093905e+01
4.093905e+01 4.093905e+01
4.093905e+01 4.093905e+01
4.093905e+01 4.093905e+01
4.093905e+01 4.093905e+01
4.093905e+01 4.093905e+01
4.093905e+01 4.093905e+01
4.093905e+01 4.093905e+01
4.093905e+01 4.093905e+01
4.093905e+01 4.093905e+01
4.093905e+01 4.093905e+01
4.093905e+01 4.093905e+01
4.093905e+01 4.093905e+01
4.093905e+01 4.093905e+01
4.093905e+01 4.093905e+01
4.093905e+01 4.093905e+01
4.093905e+01 4.093905e+01
4.093905e+01 4.093905e+01
4.093905e+01 4.093905e+01
4.093905e+01 4.093905e+01
4.093905e+01 4.093905e+01
4.093905e+01 4.093905e+01
4.093905e+01 4.093905e+01
4.093905e+01 4.093905e+01
4.093905e+01 4.093905e+01
4.093905e+01 4.093905e+01
4.093905e+01 4.093905e+01
4.093905e+01 4.093905e+01
4.093905e+01 4.093905e+01
4.093905e+01 4.093905e+01
4.093905e+01 4.093905e+01
4.093905e+01 4.093905e+01
4.093905e+01 4.093905e+01
4.093905e+01 4.093905e+01
4.093905e+01 4.093905e+01
4.093905e+01 4.093905e+01
4.093905e+01 4.093905e+01
4.093905e+01 4.093905e+01
4.093905e+01 4.093905e+01
4.093905e+01 4.093905e+01
4.093905e+01 4.093905e+01
4.093905e+01 4.093905e+01
4.093905e+01 4.093905e+01
4.093905e+01 4.093905e+01
4.093905e+01 4.093905e+01
4.093905e+01 4.093905e+01
4.093905e+01 4.093905e+01
4.093905e+01 4.093905e+01
4.093905e+01 4.093905e+01
4.093905e+01 4.093905e+01
4.093905e+01 4.093905e+01
4.093905e+01 4.093905e+01
4.093905e+01 4.093905e+01
4.093905e+01 4.093905e+01
4.093905e+01 4.093905e+01
4.093905e+01 4.093905e+01
4.093905e+01 4.093905e+01
4.093905e+01 4.093905e+01
4.093905e+01 4.093905e+01
4.093905e+01 4.093905e+01
4.093905e+01 4.093905e+01
4.093905e+01 4.093905e+01
4.093905e+01 4.093905e+01
4.093905e+01 4.093905e+01
4.093905e+01 4.093905e+01
4.093905e+01 4.093905e+01
4.093905e+01 4.093905e+01
4.093905e+01 4.093905e+01
4.093905e+01 4.093905e+01
4.093905e+01 4.093905e+01
4.093905e+01 4.093905e+01
4.093905e+01 4.093905e+01
4.093905e+01 4.093905e+01
4.093905e+01 4.093905e+01
4.093905e+01 4.093905e+01
4.093905e+01 4.093905e+01
1.929988e+02 1.698230e+02
1.463402e+02 1.361337e+02
9.731307e+01 8.976640e+01
6.465823e+01 6.251614e+01
5.335028e+01 5.252137e+01
4.839654e+01 4.823596e+01
4.706250e+01 4.701889e+01
4.671502e+01 4.669232e+01
4.659411e+01 4.658849e+01
4.655014e+01 4.654893e+01
4.654083e+01 4.654027e+01
4.653773e+01 4.653761e+01
4.653670e+01 4.653668e+01
4.653645e+01 4.653645e+01
4.653640e+01 4.653640e+01
4.653639e+01 4.653639e+01
4.653639e+01 4.653639e+01
4.653639e+01 4.653639e+01
4.653639e+01 4.653639e+01
4.653639e+01 4.653639e+01
4.653639e+01 4.653639e+01
4.653639e+01 4.653639e+01
4.653639e+01 4.653639e+01
4.653639e+01 4.653639e+01
4.653639e+01 4.653639e+01
4.653639e+01 4.653639e+01
4.653639e+01 4.653639e+01
4.653639e+01 4.653639e+01
4.653639e+01 4.653639e+01
4.653639e+01 4.653639e+01
4.653639e+01 4.653639e+01
4.653639e+01 4.653639e+01
4.653639e+01 4.653639e+01
4.653639e+01 4.653639e+01
4.653639e+01 4.653639e+01
4.653639e+01 4.653639e+01
4.653639e+01 4.653639e+01
4.653639e+01 4.653639e+01
4.653639e+01 4.653639e+01
4.653639e+01 4.653639e+01
4.653639e+01 4.653639e+01
4.653639e+01 4.653639e+01
4.653639e+01 4.653639e+01
4.653639e+01 4.653639e+01
4.653639e+01 4.653639e+01
4.653639e+01 4.653639e+01
4.653639e+01 4.653639e+01
4.653639e+01 4.653639e+01
4.653639e+01 4.653639e+01
4.653639e+01 4.653639e+01
4.653639e+01 4.653639e+01
4.653639e+01 4.653639e+01
4.653639e+01 4.653639e+01
4.653639e+01 4.653639e+01
4.653639e+01 4.653639e+01
4.653639e+01 4.653639e+01
4.653639e+01 4.653639e+01
4.653639e+01 4.653639e+01
4.653639e+01 4.653639e+01
4.653639e+01 4.653639e+01
4.653639e+01 4.653639e+01
4.653639e+01 4.653639e+01
4.653639e+01 4.653639e+01
4.653639e+01 4.653639e+01
4.653639e+01 4.653639e+01
4.653639e+01 4.653639e+01
4.653639e+01 4.653639e+01
4.653639e+01 4.653639e+01
4.653639e+01 4.653639e+01
4.653639e+01 4.653639e+01
4.653639e+01 4.653639e+01
4.653639e+01 4.653639e+01
4.653639e+01 4.653639e+01
4.653639e+01 4.653639e+01
4.653639e+01 4.653639e+01
4.653639e+01 4.653639e+01
4.653639e+01 4.653639e+01
4.653639e+01 4.653639e+01
4.653639e+01 4.653639e+01
4.653639e+01 4.653639e+01
4.653639e+01 4.653639e+01
4.653639e+01 4.653639e+01
4.653639e+01 4.653639e+01
4.653639e+01 4.653639e+01
4.653639e+01 4.653639e+01
4.653639e+01 4.653639e+01
4.653639e+01 4.653639e+01
4.653639e+01 4.653639e+01
4.653639e+01 4.653639e+01
4.653639e+01 4.653639e+01
4.653639e+01 4.653639e+01
4.653639e+01 4.653639e+01
4.653639e+01 4.653639e+01
4.653639e+01 4.653639e+01
4.653639e+01 4.653639e+01
4.653639e+01 4.653639e+01
4.653639e+01 4.653639e+01
4.653639e+01 4.653639e+01
4.653639e+01 4.653639e+01
4.653639e+01 4.653639e+01
4.653639e+01 4.653639e+01
1.946546e+02 1.751519e+02
1.543371e+02 1.449172e+02
1.062218e+02 9.852554e+01
6.325060e+01 6.133728e+01
5.099854e+01 5.061030e+01
4.791614e+01 4.780414e+01
4.708769e+01 4.705694e+01
4.689944e+01 4.688843e+01
4.683769e+01 4.683476e+01
4.681716e+01 4.681560e+01
4.680993e+01 4.680948e+01
4.680748e+01 4.680733e+01
4.680675e+01 4.680670e+01
4.680650e+01 4.680649e+01
4.680645e+01 4.680645e+01
4.680644e+01 4.680644e+01
4.680644e+01 4.680644e+01
4.680644e+01 4.680644e+01
4.680644e+01 4.680644e+01
4.680644e+01 4.680644e+01
4.680644e+01 4.680644e+01
4.680644e+01 4.680644e+01
4.680644e+01 4.680644e+01
4.680644e+01 4.680644e+01
4.680644e+01 4.680644e+01
4.680644e+01 4.680644e+01
4.680644e+01 4.680644e+01
4.680644e+01 4.680644e+01
4.680644e+01 4.680644e+01
4.680644e+01 4.680644e+01
4.680644e+01 4.680644e+01
4.680644e+01 4.680644e+01
4.680644e+01 4.680644e+01
4.680644e+01 4.680644e+01
4.680644e+01 4.680644e+01
4.680644e+01 4.680644e+01
4.680644e+01 4.680644e+01
4.680644e+01 4.680644e+01
4.680644e+01 4.680644e+01
4.680644e+01 4.680644e+01
4.680644e+01 4.680644e+01
4.680644e+01 4.680644e+01
4.680644e+01 4.680644e+01
4.680644e+01 4.680644e+01
4.680644e+01 4.680644e+01
4.680644e+01 4.680644e+01
4.680644e+01 4.680644e+01
4.680644e+01 4.680644e+01
4.680644e+01 4.680644e+01
4.680644e+01 4.680644e+01
4.680644e+01 4.680644e+01
4.680644e+01 4.680644e+01
4.680644e+01 4.680644e+01
4.680644e+01 4.680644e+01
4.680644e+01 4.680644e+01
4.680644e+01 4.680644e+01
4.680644e+01 4.680644e+01
4.680644e+01 4.680644e+01
4.680644e+01 4.680644e+01
4.680644e+01 4.680644e+01
4.680644e+01 4.680644e+01
4.680644e+01 4.680644e+01
4.680644e+01 4.680644e+01
4.680644e+01 4.680644e+01
4.680644e+01 4.680644e+01
4.680644e+01 4.680644e+01
4.680644e+01 4.680644e+01
4.680644e+01 4.680644e+01
4.680644e+01 4.680644e+01
4.680644e+01 4.680644e+01
4.680644e+01 4.680644e+01
4.680644e+01 4.680644e+01
4.680644e+01 4.680644e+01
4.680644e+01 4.680644e+01
4.680644e+01 4.680644e+01
4.680644e+01 4.680644e+01
4.680644e+01 4.680644e+01
4.680644e+01 4.680644e+01
4.680644e+01 4.680644e+01
4.680644e+01 4.680644e+01
4.680644e+01 4.680644e+01
4.680644e+01 4.680644e+01
4.680644e+01 4.680644e+01
4.680644e+01 4.680644e+01
4.680644e+01 4.680644e+01
4.680644e+01 4.680644e+01
4.680644e+01 4.680644e+01
4.680644e+01 4.680644e+01
4.680644e+01 4.680644e+01
4.680644e+01 4.680644e+01
4.680644e+01 4.680644e+01
4.680644e+01 4.680644e+01
4.680644e+01 4.680644e+01
4.680644e+01 4.680644e+01
4.680644e+01 4.680644e+01
4.680644e+01 4.680644e+01
4.680644e+01 4.680644e+01
4.680644e+01 4.680644e+01
4.680644e+01 4.680644e+01
4.680644e+01 4.680644e+01
4.680644e+01 4.680644e+01
1.932495e+02 1.767842e+02
1.467484e+02 1.354629e+02
8.784179e+01 7.960983e+01
4.683663e+01 4.502668e+01
3.228933e+01 3.160088e+01
2.736747e+01 2.712776e+01
2.592512e+01 2.588807e+01
2.552320e+01 2.550773e+01
2.540156e+01 2.539509e+01
2.535814e+01 2.535550e+01
2.534460e+01 2.534433e+01
2.534087e+01 2.534074e+01
2.533942e+01 2.533932e+01
2.533886e+01 2.533885e+01
2.533871e+01 2.533871e+01
2.533869e+01 2.533869e+01
2.533869e+01 2.533869e+01
2.533868e+01 2.533868e+01
2.533868e+01 2.533868e+01
2.533868e+01 2.533868e+01
2.533868e+01 2.533868e+01
2.533868e+01 2.533868e+01
2.533868e+01 2.533868e+01
2.533868e+01 2.533868e+01
2.533868e+01 2.533868e+01
2.533868e+01 2.533868e+01
2.533868e+01 2.533868e+01
2.533868e+01 2.533868e+01
2.533868e+01 2.533868e+01
2.533868e+01 2.533868e+01
2.533868e+01 2.533868e+01
2.533868e+01 2.533868e+01
2.533868e+01 2.533868e+01
2.533868e+01 2.533868e+01
2.533868e+01 2.533868e+01
2.533868e+01 2.533868e+01
2.533868e+01 2.533868e+01
2.533868e+01 2.533868e+01
2.533868e+01 2.533868e+01
2.533868e+01 2.533868e+01
2.533868e+01 2.533868e+01
2.533868e+01 2.533868e+01
2.533868e+01 2.533868e+01
2.533868e+01 2.533868e+01
2.533868e+01 2.533868e+01
2.533868e+01 2.533868e+01
2.533868e+01 2.533868e+01
2.533868e+01 2.533868e+01
2.533868e+01 2.533868e+01
2.533868e+01 2.533868e+01
2.533868e+01 2.533868e+01
2.533868e+01 2.533868e+01
2.533868e+01 2.533868e+01
2.533868e+01 2.533868e+01
2.533868e+01 2.533868e+01
2.533868e+01 2.533868e+01
2.533868e+01 2.533868e+01
2.533868e+01 2.533868e+01
2.533868e+01 2.533868e+01
2.533868e+01 2.533868e+01
2.533868e+01 2.533868e+01
2.533868e+01 2.533868e+01
2.533868e+01 2.533868e+01
2.533868e+01 2.533868e+01
2.533868e+01 2.533868e+01
2.533868e+01 2.533868e+01
2.533868e+01 2.533868e+01
2.533868e+01 2.533868e+01
2.533868e+01 2.533868e+01
2.533868e+01 2.533868e+01
2.533868e+01 2.533868e+01
2.533868e+01 2.533868e+01
2.533868e+01 2.533868e+01
2.533868e+01 2.533868e+01
2.533868e+01 2.533868e+01
2.533868e+01 2.533868e+01
2.533868e+01 2.533868e+01
2.533868e+01 2.533868e+01
2.533868e+01 2.533868e+01
2.533868e+01 2.533868e+01
2.533868e+01 2.533868e+01
2.533868e+01 2.533868e+01
2.533868e+01 2.533868e+01
2.533868e+01 2.533868e+01
2.533868e+01 2.533868e+01
2.533868e+01 2.533868e+01
2.533868e+01 2.533868e+01
2.533868e+01 2.533868e+01
2.533868e+01 2.533868e+01
2.533868e+01 2.533868e+01
2.533868e+01 2.533868e+01
2.533868e+01 2.533868e+01
2.533868e+01 2.533868e+01
2.533868e+01 2.533868e+01
2.533868e+01 2.533868e+01
2.533868e+01 2.533868e+01
2.533868e+01 2.533868e+01
2.533868e+01 2.533868e+01
2.533868e+01 2.533868e+01
2.533868e+01 2.533868e+01
2.533868e+01 2.533868e+01
1.957529e+02 1.743750e+02
1.428979e+02 1.286839e+02
8.829001e+01 8.381184e+01
5.617814e+01 5.416674e+01
4.273948e+01 4.231048e+01
3.933347e+01 3.922364e+01
3.849454e+01 3.846901e+01
3.834345e+01 3.833286e+01
3.829600e+01 3.829260e+01
3.827851e+01 3.827795e+01
3.827242e+01 3.827194e+01
3.827015e+01 3.827008e+01
3.826947e+01 3.826945e+01
3.826928e+01 3.826928e+01
3.826925e+01 3.826925e+01
3.826924e+01 3.826924e+01
3.826924e+01 3.826924e+01
3.826924e+01 3.826924e+01
3.826924e+01 3.826924e+01
3.826924e+01 3.826924e+01
3.826924e+01 3.826924e+01
3.826924e+01 3.826924e+01
3.826924e+01 3.826924e+01
3.826924e+01 3.826924e+01
3.826924e+01 3.826924e+01
3.826924e+01 3.826924e+01
3.826924e+01 3.826924e+01
3.826924e+01 3.826924e+01
3.826924e+01 3.826924e+01
3.826924e+01 3.826924e+01
3.826924e+01 3.826924e+01
3.826924e+01 3.826924e+01
3.826924e+01 3.826924e+01
3.826924e+01 3.826924e+01
3.826924e+01 3.826924e+01
3.826924e+01 3.826924e+01
3.826924e+01 3.826924e+01
3.826924e+01 3.826924e+01
3.826924e+01 3.826924e+01
3.826924e+01 3.826924e+01
3.826924e+01 3.826924e+01
3.826924e+01 3.826924e+01
3.826924e+01 3.826924e+01
3.826924e+01 3.826924e+01
3.826924e+01 3.826924e+01
3.826924e+01 3.826924e+01
3.826924e+01 3.826924e+01
3.826924e+01 3.826924e+01
3.826924e+01 3.826924e+01
3.826924e+01 3.826924e+01
3.826924e+01 3.826924e+01
3.826924e+01 3.826924e+01
3.826924e+01 3.826924e+01
3.826924e+01 3.826924e+01
3.826924e+01 3.826924e+01
3.826924e+01 3.826924e+01
3.826924e+01 3.826924e+01
3.826924e+01 3.826924e+01
3.826924e+01 3.826924e+01
3.826924e+01 3.826924e+01
3.826924e+01 3.826924e+01
3.826924e+01 3.826924e+01
3.826924e+01 3.826924e+01
3.826924e+01 3.826924e+01
3.826924e+01 3.826924e+01
3.826924e+01 3.826924e+01
3.826924e+01 3.826924e+01
3.826924e+01 3.826924e+01
3.826924e+01 3.826924e+01
3.826924e+01 3.826924e+01
3.826924e+01 3.826924e+01
3.826924e+01 3.826924e+01
3.826924e+01 3.826924e+01
3.826924e+01 3.826924e+01
3.826924e+01 3.826924e+01
3.826924e+01 3.826924e+01
3.826924e+01 3.826924e+01
3.826924e+01 3.826924e+01
3.826924e+01 3.826924e+01
3.826924e+01 3.826924e+01
3.826924e+01 3.826924e+01
3.826924e+01 3.826924e+01
3.826924e+01 3.826924e+01
3.826924e+01 3.826924e+01
3.826924e+01 3.826924e+01
3.826924e+01 3.826924e+01
3.826924e+01 3.826924e+01
3.826924e+01 3.826924e+01
3.826924e+01 3.826924e+01
3.826924e+01 3.826924e+01
3.826924e+01 3.826924e+01
3.826924e+01 3.826924e+01
3.826924e+01 3.826924e+01
3.826924e+01 3.826924e+01
3.826924e+01 3.826924e+01
3.826924e+01 3.826924e+01
3.826924e+01 3.826924e+01
3.826924e+01 3.826924e+01
3.826924e+01 3.826924e+01
3.826924e+01 3.826924e+01
3.826924e+01 3.826924e+01
1.931737e+02 1.725944e+02
1.429365e+02 1.294188e+02
8.981803e+01 8.226652e+01
5.517878e+01 5.306204e+01
4.559718e+01 4.482400e+01
4.195870e+01 4.184502e+01
4.044508e+01 4.038861e+01
4.003130e+01 4.000942e+01
3.991254e+01 3.990807e+01
3.988665e+01 3.988562e+01
3.987893e+01 3.987867e+01
3.987670e+01 3.987663e+01
3.987597e+01 3.987595e+01
3.987579e+01 3.987579e+01
3.987576e+01 3.987576e+01
3.987575e+01 3.987575e+01
3.987575e+01 3.987575e+01
3.987575e+01 3.987575e+01
3.987575e+01 3.987575e+01
3.987574e+01 3.987574e+01
3.987574e+01 3.987574e+01
3.987574e+01 3.987574e+01
3.987574e+01 3.987574e+01
3.987574e+01 3.987574e+01
3.987574e+01 3.987574e+01
3.987574e+01 3.987574e+01
3.987574e+01 3.987574e+01
3.987574e+01 3.987574e+01
3.987574e+01 3.987574e+01
3.987574e+01 3.987574e+01
3.987574e+01 3.987574e+01
3.987574e+01 3.987574e+01
3.987574e+01 3.987574e+01
3.987574e+01 3.987574e+01
3.987574e+01 3.987574e+01
3.987574e+01 3.987574e+01
3.987574e+01 3.987574e+01
3.987574e+01 3.987574e+01
3.987574e+01 3.987574e+01
3.987574e+01 3.987574e+01
3.987574e+01 3.987574e+01
3.987574e+01 3.987574e+01
3.987574e+01 3.987574e+01
3.987574e+01 3.987574e+01
3.987574e+01 3.987574e+01
3.987574e+01 3.987574e+01
3.987574e+01 3.987574e+01
3.987574e+01 3.987574e+01
3.987574e+01 3.987574e+01
3.987574e+01 3.987574e+01
3.987574e+01 3.987574e+01
3.987574e+01 3.987574e+01
3.987574e+01 3.987574e+01
3.987574e+01 3.987574e+01
3.987574e+01 3.987574e+01
3.987574e+01 3.987574e+01
3.987574e+01 3.987574e+01
3.987574e+01 3.987574e+01
3.987574e+01 3.987574e+01
3.987574e+01 3.987574e+01
3.987574e+01 3.987574e+01
3.987574e+01 3.987574e+01
3.987574e+01 3.987574e+01
3.987574e+01 3.987574e+01
3.987574e+01 3.987574e+01
3.987574e+01 3.987574e+01
3.987574e+01 3.987574e+01
3.987574e+01 3.987574e+01
3.987574e+01 3.987574e+01
3.987574e+01 3.987574e+01
3.987574e+01 3.987574e+01
3.987574e+01 3.987574e+01
3.987574e+01 3.987574e+01
3.987574e+01 3.987574e+01
3.987574e+01 3.987574e+01
3.987574e+01 3.987574e+01
3.987574e+01 3.987574e+01
3.987574e+01 3.987574e+01
3.987574e+01 3.987574e+01
3.987574e+01 3.987574e+01
3.987574e+01 3.987574e+01
3.987574e+01 3.987574e+01
3.987574e+01 3.987574e+01
3.987574e+01 3.987574e+01
3.987574e+01 3.987574e+01
3.987574e+01 3.987574e+01
3.987574e+01 3.987574e+01
3.987574e+01 3.987574e+01
3.987574e+01 3.987574e+01
3.987574e+01 3.987574e+01
3.987574e+01 3.987574e+01
3.987574e+01 3.987574e+01
3.987574e+01 3.987574e+01
3.987574e+01 3.987574e+01
3.987574e+01 3.987574e+01
3.987574e+01 3.987574e+01
3.987574e+01 3.987574e+01
3.987574e+01 3.987574e+01
3.987574e+01 3.987574e+01
3.987574e+01 3.987574e+01
3.987574e+01 3.987574e+01
1.953110e+02 1.770637e+02
1.451835e+02 1.365274e+02
9.453456e+01 8.884221e+01
6.046702e+01 5.813577e+01
4.342142e+01 4.246375e+01
3.750608e+01 3.709834e+01
3.482318e+01 3.461427e+01
3.389417e+01 3.380820e+01
3.350715e+01 3.347537e+01
3.333901e+01 3.332878e+01
3.326873e+01 3.326481e+01
3.324367e+01 3.324232e+01
3.323651e+01 3.323608e+01
3.323463e+01 3.323452e+01
3.323381e+01 3.323377e+01
3.323348e+01 3.323348e+01
3.323340e+01 3.323340e+01
3.323339e+01 3.323339e+01
3.323338e+01 3.323338e+01
3.323338e+01 3.323338e+01
3.323338e+01 3.323338e+01
3.323338e+01 3.323338e+01
3.323338e+01 3.323338e+01
3.323338e+01 3.323338e+01
3.323338e+01 3.323338e+01
3.323338e+01 3.323338e+01
3.323338e+01 3.323338e+01
3.323338e+01 3.323338e+01
3.323338e+01 3.323338e+01
3.323338e+01 3.323338e+01
3.323338e+01 3.323338e+01
3.323338e+01 3.323338e+01
3.323338e+01 3.323338e+01
3.323338e+01 3.323338e+01
3.323338e+01 3.323338e+01
3.323338e+01 3.323338e+01
3.323338e+01 3.323338e+01
3.323338e+01 3.323338e+01
3.323338e+01 3.323338e+01
3.323338e+01 3.323338e+01
3.323338e+01 3.323338e+01
3.323338e+01 3.323338e+01
3.323338e+01 3.323338e+01
3.323338e+01 3.323338e+01
3.323338e+01 3.323338e+01
3.323338e+01 3.323338e+01
3.323338e+01 3.323338e+01
3.323338e+01 3.323338e+01
3.323338e+01 3.323338e+01
3.323338e+01 3.323338e+01
3.323338e+01 3.323338e+01
3.323338e+01 3.323338e+01
3.323338e+01 3.323338e+01
3.323338e+01 3.323338e+01
3.323338e+01 3.323338e+01
3.323338e+01 3.323338e+01
3.323338e+01 3.323338e+01
3.323338e+01 3.323338e+01
3.323338e+01 3.323338e+01
3.323338e+01 3.323338e+01
3.323338e+01 3.323338e+01
3.323338e+01 3.323338e+01
3.323338e+01 3.323338e+01
3.323338e+01 3.323338e+01
3.323338e+01 3.323338e+01
3.323338e+01 3.323338e+01
3.323338e+01 3.323338e+01
3.323338e+01 3.323338e+01
3.323338e+01 3.323338e+01
3.323338e+01 3.323338e+01
3.323338e+01 3.323338e+01
3.323338e+01 3.323338e+01
3.323338e+01 3.323338e+01
3.323338e+01 3.323338e+01
3.323338e+01 3.323338e+01
3.323338e+01 3.323338e+01
3.323338e+01 3.323338e+01
3.323338e+01 3.323338e+01
3.323338e+01 3.323338e+01
3.323338e+01 3.323338e+01
3.323338e+01 3.323338e+01
3.323338e+01 3.323338e+01
3.323338e+01 3.323338e+01
3.323338e+01 3.323338e+01
3.323338e+01 3.323338e+01
3.323338e+01 3.323338e+01
3.323338e+01 3.323338e+01
3.323338e+01 3.323338e+01
3.323338e+01 3.323338e+01
3.323338e+01 3.323338e+01
3.323338e+01 3.323338e+01
3.323338e+01 3.323338e+01
3.323338e+01 3.323338e+01
3.323338e+01 3.323338e+01
3.323338e+01 3.323338e+01
3.323338e+01 3.323338e+01
3.323338e+01 3.323338e+01
3.323338e+01 3.323338e+01
3.323338e+01 3.323338e+01
3.323338e+01 3.323338e+01
3.323338e+01 3.323338e+01
1.941637e+02 1.650195e+02
1.285973e+02 1.153764e+02
6.687530e+01 6.368428e+01
4.206880e+01 4.117730e+01
3.411794e+01 3.377129e+01
3.212898e+01 3.206602e+01
3.170810e+01 3.168682e+01
3.155503e+01 3.154333e+01
3.149464e+01 3.149312e+01
3.147890e+01 3.147837e+01
3.147425e+01 3.147396e+01
3.147269e+01 3.147263e+01
3.147230e+01 3.147229e+01
3.147220e+01 3.147220e+01
3.147219e+01 3.147219e+01
3.147219e+01 3.147219e+01
3.147219e+01 3.147219e+01
3.147219e+01 3.147219e+01
3.147219e+01 3.147219e+01
3.147219e+01 3.147219e+01
3.147219e+01 3.147219e+01
3.147219e+01 3.147219e+01
3.147219e+01 3.147219e+01
3.147219e+01 3.147219e+01
3.147219e+01 3.147219e+01
3.147219e+01 3.147219e+01
3.147219e+01 3.147219e+01
3.147219e+01 3.147219e+01
3.147219e+01 3.147219e+01
3.147219e+01 3.147219e+01
3.147219e+01 3.147219e+01
3.147219e+01 3.147219e+01
3.147219e+01 3.147219e+01
3.147219e+01 3.147219e+01
3.147219e+01 3.147219e+01
3.147219e+01 3.147219e+01
3.147219e+01 3.147219e+01
3.147219e+01 3.147219e+01
3.147219e+01 3.147219e+01
3.147219e+01 3.147219e+01
3.147219e+01 3.147219e+01
3.147219e+01 3.147219e+01
3.147219e+01 3.147219e+01
3.147219e+01 3.147219e+01
3.147219e+01 3.147219e+01
3.147219e+01 3.147219e+01
3.147219e+01 3.147219e+01
3.147219e+01 3.147219e+01
3.147219e+01 3.147219e+01
3.147219e+01 3.147219e+01
3.147219e+01 3.147219e+01
3.147219e+01 3.147219e+01
3.147219e+01 3.147219e+01
3.147219e+01 3.147219e+01
3.147219e+01 3.147219e+01
3.147219e+01 3.147219e+01
3.147219e+01 3.147219e+01
3.147219e+01 3.147219e+01
3.147219e+01 3.147219e+01
3.147219e+01 3.147219e+01
3.147219e+01 3.147219e+01
3.147219e+01 3.147219e+01
3.147219e+01 3.147219e+01
3.147219e+01 3.147219e+01
3.147219e+01 3.147219e+01
3.147219e+01 3.147219e+01
3.147219e+01 3.147219e+01
3.147219e+01 3.147219e+01
3.147219e+01 3.147219e+01
3.147219e+01 3.147219e+01
3.147219e+01 3.147219e+01
3.147219e+01 3.147219e+01
3.147219e+01 3.147219e+01
3.147219e+01 3.147219e+01
3.147219e+01 3.147219e+01
3.147219e+01 3.147219e+01
3.147219e+01 3.147219e+01
3.147219e+01 3.147219e+01
3.147219e+01 3.147219e+01
3.147219e+01 3.147219e+01
3.147219e+01 3.147219e+01
3.147219e+01 3.147219e+01
3.147219e+01 3.147219e+01
3.147219e+01 3.147219e+01
3.147219e+01 3.147219e+01
3.147219e+01 3.147219e+01
3.147219e+01 3.147219e+01
3.147219e+01 3.147219e+01
3.147219e+01 3.147219e+01
3.147219e+01 3.147219e+01
3.147219e+01 3.147219e+01
3.147219e+01 3.147219e+01
3.147219e+01 3.147219e+01
3.147219e+01 3.147219e+01
3.147219e+01 3.147219e+01
3.147219e+01 3.147219e+01
3.147219e+01 3.147219e+01
3.147219e+01 3.147219e+01
3.147219e+01 3.147219e+01
3.147219e+01 3.147219e+01
3.147219e+01 3.147219e+01
