6.270898e+03 1.567483e+03
2.125243e+03 4.949283e+02
1.586353e+03 4.856130e+02
1.355290e+03 4.773780e+02
1.117167e+03 4.631807e+02
8.802008e+02 4.406989e+02
6.622355e+02 4.172702e+02
5.152069e+02 3.747602e+02
4.033161e+02 2.870943e+02
3.420425e+02 2.870943e+02
3.039505e+02 2.531993e+02
2.768578e+02 2.081615e+02
2.569435e+02 2.081615e+02
2.392292e+02 2.081615e+02
2.264537e+02 2.081615e+02
2.169965e+02 2.077425e+02
2.120661e+02 2.074180e+02
2.080543e+02 2.046215e+02
2.058300e+02 2.026469e+02
2.040612e+02 2.021855e+02
2.030328e+02 2.011260e+02
2.022423e+02 2.008013e+02
2.017408e+02 2.004021e+02
2.014384e+02 2.002323e+02
2.012043e+02 2.001938e+02
2.009864e+02 2.001199e+02
2.008532e+02 2.000666e+02
2.007195e+02 2.000508e+02
2.006372e+02 2.000322e+02
2.005763e+02 2.000187e+02
2.005569e+02 2.000093e+02
2.005431e+02 2.000071e+02
2.005373e+02 2.000040e+02
2.005366e+02 2.000024e+02
2.005359e+02 2.000015e+02
2.005396e+02 2.000007e+02
2.005434e+02 2.000005e+02
2.005455e+02 2.000002e+02
2.005513e+02 2.000001e+02
2.005562e+02 2.000001e+02
2.005637e+02 2.000000e+02
2.005722e+02 2.000000e+02
2.005789e+02 2.000000e+02
2.005862e+02 2.000000e+02
2.005940e+02 2.000000e+02
2.006016e+02 2.000000e+02
2.006069e+02 2.000000e+02
2.006140e+02 2.000000e+02
2.005696e+02 2.000000e+02
2.004153e+02 2.000000e+02
2.003247e+02 2.000000e+02
2.003049e+02 2.000000e+02
2.002423e+02 2.000000e+02
2.001945e+02 2.000000e+02
2.001644e+02 2.000000e+02
2.001571e+02 2.000000e+02
2.001295e+02 2.000000e+02
2.000986e+02 2.000000e+02
2.000788e+02 2.000000e+02
2.000667e+02 2.000000e+02
2.000503e+02 2.000000e+02
2.000431e+02 2.000000e+02
2.000260e+02 2.000000e+02
2.000125e+02 2.000000e+02
2.000057e+02 2.000000e+02
2.000032e+02 2.000000e+02
2.000028e+02 2.000000e+02
2.000021e+02 2.000000e+02
2.000015e+02 2.000000e+02
2.000012e+02 2.000000e+02
2.000009e+02 2.000000e+02
2.000006e+02 2.000000e+02
2.000004e+02 2.000000e+02
2.000003e+02 2.000000e+02
2.000001e+02 2.000000e+02
2.000000e+02 2.000000e+02
2.000000e+02 2.000000e+02
2.000000e+02 2.000000e+02
2.000000e+02 2.000000e+02
2.000000e+02 2.000000e+02
2.000000e+02 2.000000e+02
2.000000e+02 2.000000e+02
2.000000e+02 2.000000e+02
2.000000e+02 2.000000e+02
2.000000e+02 2.000000e+02
2.000000e+02 2.000000e+02
2.000000e+02 2.000000e+02
2.000000e+02 2.000000e+02
2.000000e+02 2.000000e+02
2.000000e+02 2.000000e+02
2.000000e+02 2.000000e+02
2.000000e+02 2.000000e+02
2.000000e+02 2.000000e+02
2.000000e+02 2.000000e+02
2.000000e+02 2.000000e+02
2.000000e+02 2.000000e+02
2.000000e+02 2.000000e+02
2.000000e+02 2.000000e+02
2.000000e+02 2.000000e+02
2.000000e+02 2.000000e+02
2.000000e+02 2.000000e+02
6.288762e+03 1.422953e+03
2.151528e+03 4.366294e+02
1.611139e+03 4.281550e+02
1.370912e+03 4.182420e+02
1.119002e+03 4.031481e+02
8.925085e+02 3.867488e+02
6.666839e+02 3.642536e+02
5.344759e+02 3.450926e+02
4.163166e+02 3.202661e+02
3.472531e+02 2.433366e+02
3.071775e+02 2.249734e+02
2.773178e+02 2.249734e+02
2.570888e+02 2.216880e+02
2.393278e+02 2.211682e+02
2.265143e+02 2.183431e+02
2.178374e+02 2.121834e+02
2.127793e+02 2.083822e+02
2.084879e+02 2.054721e+02
2.058560e+02 2.034748e+02
2.039356e+02 2.013051e+02
2.027657e+02 2.013051e+02
2.020181e+02 2.009304e+02
2.015469e+02 2.004959e+02
2.012067e+02 2.003592e+02
2.009950e+02 2.001746e+02
2.007921e+02 2.001540e+02
2.006457e+02 2.000346e+02
2.004932e+02 2.000334e+02
2.003853e+02 2.000303e+02
2.003539e+02 2.000229e+02
2.003112e+02 2.000002e+02
2.002764e+02 2.000002e+02
2.002583e+02 2.000002e+02
2.002266e+02 2.000002e+02
2.002006e+02 2.000002e+02
2.001923e+02 2.000002e+02
2.001655e+02 2.000002e+02
2.001294e+02 2.000002e+02
2.001121e+02 2.000001e+02
2.001067e+02 2.000001e+02
2.000915e+02 2.000000e+02
2.000660e+02 2.000000e+02
2.000631e+02 2.000000e+02
2.000579e+02 2.000000e+02
2.000464e+02 2.000000e+02
2.000380e+02 2.000000e+02
2.000216e+02 2.000000e+02
2.000140e+02 2.000000e+02
2.000082e+02 2.000000e+02
2.000054e+02 2.000000e+02
2.000035e+02 2.000000e+02
2.000029e+02 2.000000e+02
2.000022e+02 2.000000e+02
2.000019e+02 2.000000e+02
2.000015e+02 2.000000e+02
2.000012e+02 2.000000e+02
2.000010e+02 2.000000e+02
2.000009e+02 2.000000e+02
2.000007e+02 2.000000e+02
2.000005e+02 2.000000e+02
2.000004e+02 2.000000e+02
2.000003e+02 2.000000e+02
2.000002e+02 2.000000e+02
2.000001e+02 2.000000e+02
2.000000e+02 2.000000e+02
2.000000e+02 2.000000e+02
2.000000e+02 2.000000e+02
2.000000e+02 2.000000e+02
2.000000e+02 2.000000e+02
2.000000e+02 2.000000e+02
2.000000e+02 2.000000e+02
2.000000e+02 2.000000e+02
2.000000e+02 2.000000e+02
2.000000e+02 2.000000e+02
2.000000e+02 2.000000e+02
2.000000e+02 2.000000e+02
2.000000e+02 2.000000e+02
2.000000e+02 2.000000e+02
2.000000e+02 2.000000e+02
2.000000e+02 2.000000e+02
2.000000e+02 2.000000e+02
2.000000e+02 2.000000e+02
2.000000e+02 2.000000e+02
2.000000e+02 2.000000e+02
2.000000e+02 2.000000e+02
2.000000e+02 2.000000e+02
2.000000e+02 2.000000e+02
2.000000e+02 2.000000e+02
2.000000e+02 2.000000e+02
2.000000e+02 2.000000e+02
2.000000e+02 2.000000e+02
2.000000e+02 2.000000e+02
2.000000e+02 2.000000e+02
2.000000e+02 2.000000e+02
2.000000e+02 2.000000e+02
2.000000e+02 2.000000e+02
2.000000e+02 2.000000e+02
2.000000e+02 2.000000e+02
2.000000e+02 2.000000e+02
2.000000e+02 2.000000e+02
2.000002e+02 2.000000e+02
6.277235e+03 1.367694e+03
2.145643e+03 4.716864e+02
1.605680e+03 4.587214e+02
1.376182e+03 4.535758e+02
1.152405e+03 4.349878e+02
9.302333e+02 4.119870e+02
6.985163e+02 3.854500e+02
5.498664e+02 3.595480e+02
4.267483e+02 2.504890e+02
3.535212e+02 2.504890e+02
3.106621e+02 2.504890e+02
2.804365e+02 2.504890e+02
2.612476e+02 2.146817e+02
2.444746e+02 2.146817e+02
2.293648e+02 2.146817e+02
2.189329e+02 2.133871e+02
2.130409e+02 2.090033e+02
2.084749e+02 2.053580e+02
2.059449e+02 2.037383e+02
2.038970e+02 2.023215e+02
2.027007e+02 2.013034e+02
2.019401e+02 2.003212e+02
2.014045e+02 2.001544e+02
2.011169e+02 2.001544e+02
2.009051e+02 2.001544e+02
2.007384e+02 2.001172e+02
2.005147e+02 2.000891e+02
2.004315e+02 2.000175e+02
2.003637e+02 2.000175e+02
2.002397e+02 2.000175e+02
2.001961e+02 2.000124e+02
2.001792e+02 2.000034e+02
2.001556e+02 2.000033e+02
2.001385e+02 2.000025e+02
2.001238e+02 2.000015e+02
2.001072e+02 2.000009e+02
2.000892e+02 2.000006e+02
2.000803e+02 2.000002e+02
2.000665e+02 2.000002e+02
2.000561e+02 2.000001e+02
2.000451e+02 2.000000e+02
2.000381e+02 2.000000e+02
2.000341e+02 2.000000e+02
2.000298e+02 2.000000e+02
2.000248e+02 2.000000e+02
2.000199e+02 2.000000e+02
2.000175e+02 2.000000e+02
2.000131e+02 2.000000e+02
2.000083e+02 2.000000e+02
2.000050e+02 2.000000e+02
2.000023e+02 2.000000e+02
2.000021e+02 2.000000e+02
2.000018e+02 2.000000e+02
2.000015e+02 2.000000e+02
2.000012e+02 2.000000e+02
2.000010e+02 2.000000e+02
2.000008e+02 2.000000e+02
2.000008e+02 2.000000e+02
2.000006e+02 2.000000e+02
2.000004e+02 2.000000e+02
2.000003e+02 2.000000e+02
2.000003e+02 2.000000e+02
2.000002e+02 2.000000e+02
2.000001e+02 2.000000e+02
2.000000e+02 2.000000e+02
2.000000e+02 2.000000e+02
2.000000e+02 2.000000e+02
2.000000e+02 2.000000e+02
2.000000e+02 2.000000e+02
2.000000e+02 2.000000e+02
2.000000e+02 2.000000e+02
2.000000e+02 2.000000e+02
2.000000e+02 2.000000e+02
2.000000e+02 2.000000e+02
2.000000e+02 2.000000e+02
2.000000e+02 2.000000e+02
2.000000e+02 2.000000e+02
2.000000e+02 2.000000e+02
2.000000e+02 2.000000e+02
2.000000e+02 2.000000e+02
2.000000e+02 2.000000e+02
2.000000e+02 2.000000e+02
2.000000e+02 2.000000e+02
2.000000e+02 2.000000e+02
2.000000e+02 2.000000e+02
2.000000e+02 2.000000e+02
2.000000e+02 2.000000e+02
2.000000e+02 2.000000e+02
2.000000e+02 2.000000e+02
2.000000e+02 2.000000e+02
2.000000e+02 2.000000e+02
2.000000e+02 2.000000e+02
2.000000e+02 2.000000e+02
2.000000e+02 2.000000e+02
2.000000e+02 2.000000e+02
2.000000e+02 2.000000e+02
2.000000e+02 2.000000e+02
2.000000e+02 2.000000e+02
2.000000e+02 2.000000e+02
2.000000e+02 2.000000e+02
2.000008e+02 2.000000e+02
6.307918e+03 1.493235e+03
2.143025e+03 5.457396e+02
1.605775e+03 5.289670e+02
1.362425e+03 5.198592e+02
1.127475e+03 5.046761e+02
8.964733e+02 4.752027e+02
6.957287e+02 4.395052e+02
5.404310e+02 3.898565e+02
4.174043e+02 3.341345e+02
3.492790e+02 3.001765e+02
3.087013e+02 2.619222e+02
2.813089e+02 2.414480e+02
2.628811e+02 2.414480e+02
2.446547e+02 2.278853e+02
2.293189e+02 2.167460e+02
2.191612e+02 2.127701e+02
2.134434e+02 2.090425e+02
2.090951e+02 2.035741e+02
2.064079e+02 2.035741e+02
2.044559e+02 2.017442e+02
2.031289e+02 2.006528e+02
2.022773e+02 2.003604e+02
2.017477e+02 2.003604e+02
2.013865e+02 2.003364e+02
2.012034e+02 2.001543e+02
2.009312e+02 2.001483e+02
2.007965e+02 2.000382e+02
2.006411e+02 2.000201e+02
2.005645e+02 2.000126e+02
2.005383e+02 2.000126e+02
2.005196e+02 2.000118e+02
2.005120e+02 2.000080e+02
2.005135e+02 2.000051e+02
2.005130e+02 2.000027e+02
2.005133e+02 2.000017e+02
2.005118e+02 2.000009e+02
2.005094e+02 2.000005e+02
2.005165e+02 2.000003e+02
2.005102e+02 2.000002e+02
2.005095e+02 2.000001e+02
2.005120e+02 2.000001e+02
2.005163e+02 2.000000e+02
2.005192e+02 2.000000e+02
2.005253e+02 2.000000e+02
2.005275e+02 2.000000e+02
2.005344e+02 2.000000e+02
2.005363e+02 2.000000e+02
2.005113e+02 2.000000e+02
2.004383e+02 2.000000e+02
2.003006e+02 2.000000e+02
2.002557e+02 2.000000e+02
2.002205e+02 2.000000e+02
2.001811e+02 2.000000e+02
2.001389e+02 2.000000e+02
2.001194e+02 2.000000e+02
2.000992e+02 2.000000e+02
2.000769e+02 2.000000e+02
2.000702e+02 2.000000e+02
2.000583e+02 2.000000e+02
2.000421e+02 2.000000e+02
2.000357e+02 2.000000e+02
2.000307e+02 2.000000e+02
2.000097e+02 2.000000e+02
2.000049e+02 2.000000e+02
2.000028e+02 2.000000e+02
2.000020e+02 2.000000e+02
2.000015e+02 2.000000e+02
2.000011e+02 2.000000e+02
2.000010e+02 2.000000e+02
2.000006e+02 2.000000e+02
2.000005e+02 2.000000e+02
2.000004e+02 2.000000e+02
2.000003e+02 2.000000e+02
2.000001e+02 2.000000e+02
2.000000e+02 2.000000e+02
2.000000e+02 2.000000e+02
2.000000e+02 2.000000e+02
2.000000e+02 2.000000e+02
2.000000e+02 2.000000e+02
2.000000e+02 2.000000e+02
2.000000e+02 2.000000e+02
2.000000e+02 2.000000e+02
2.000000e+02 2.000000e+02
2.000000e+02 2.000000e+02
2.000000e+02 2.000000e+02
2.000000e+02 2.000000e+02
2.000000e+02 2.000000e+02
2.000000e+02 2.000000e+02
2.000000e+02 2.000000e+02
2.000000e+02 2.000000e+02
2.000000e+02 2.000000e+02
2.000000e+02 2.000000e+02
2.000000e+02 2.000000e+02
2.000000e+02 2.000000e+02
2.000000e+02 2.000000e+02
2.000000e+02 2.000000e+02
2.000000e+02 2.000000e+02
2.000000e+02 2.000000e+02
2.000000e+02 2.000000e+02
2.000000e+02 2.000000e+02
2.000000e+02 2.000000e+02
6.293253e+03 1.344358e+03
2.139863e+03 4.690304e+02
1.617498e+03 4.597726e+02
1.393249e+03 4.550968e+02
1.159462e+03 4.444394e+02
9.305864e+02 4.269502e+02
7.202668e+02 4.040162e+02
5.550917e+02 3.876918e+02
4.322767e+02 3.235055e+02
3.563133e+02 2.913386e+02
3.112898e+02 2.463843e+02
2.820869e+02 2.016540e+02
2.615503e+02 2.016540e+02
2.427269e+02 2.016540e+02
2.293745e+02 2.016540e+02
2.188425e+02 2.016540e+02
2.130454e+02 2.016540e+02
2.089331e+02 2.016540e+02
2.064292e+02 2.016540e+02
2.045355e+02 2.016540e+02
2.032513e+02 2.014340e+02
2.025072e+02 2.004477e+02
2.019682e+02 2.004083e+02
2.016429e+02 2.003604e+02
2.014184e+02 2.002348e+02
2.011915e+02 2.000989e+02
2.010186e+02 2.000532e+02
2.008019e+02 2.000532e+02
2.007159e+02 2.000355e+02
2.006437e+02 2.000181e+02
2.006209e+02 2.000138e+02
2.005997e+02 2.000074e+02
2.005910e+02 2.000032e+02
2.005858e+02 2.000014e+02
2.005840e+02 2.000014e+02
2.005874e+02 2.000009e+02
2.005886e+02 2.000003e+02
2.005893e+02 2.000003e+02
2.005912e+02 2.000002e+02
2.005955e+02 2.000001e+02
2.005985e+02 2.000001e+02
2.005975e+02 2.000000e+02
2.006014e+02 2.000000e+02
2.005986e+02 2.000000e+02
2.006123e+02 2.000000e+02
2.006111e+02 2.000000e+02
2.005988e+02 2.000000e+02
2.005728e+02 2.000000e+02
2.005171e+02 2.000000e+02
2.004624e+02 2.000000e+02
2.003242e+02 2.000000e+02
2.002230e+02 2.000000e+02
2.001953e+02 2.000000e+02
2.001728e+02 2.000000e+02
2.001290e+02 2.000000e+02
2.001254e+02 2.000000e+02
2.000991e+02 2.000000e+02
2.000837e+02 2.000000e+02
2.000656e+02 2.000000e+02
2.000459e+02 2.000000e+02
2.000382e+02 2.000000e+02
2.000306e+02 2.000000e+02
2.000263e+02 2.000000e+02
2.000158e+02 2.000000e+02
2.000098e+02 2.000000e+02
2.000027e+02 2.000000e+02
2.000019e+02 2.000000e+02
2.000015e+02 2.000000e+02
2.000011e+02 2.000000e+02
2.000007e+02 2.000000e+02
2.000005e+02 2.000000e+02
2.000004e+02 2.000000e+02
2.000003e+02 2.000000e+02
2.000003e+02 2.000000e+02
2.000001e+02 2.000000e+02
2.000000e+02 2.000000e+02
2.000000e+02 2.000000e+02
2.000000e+02 2.000000e+02
2.000000e+02 2.000000e+02
2.000000e+02 2.000000e+02
2.000000e+02 2.000000e+02
2.000000e+02 2.000000e+02
2.000000e+02 2.000000e+02
2.000000e+02 2.000000e+02
2.000000e+02 2.000000e+02
2.000000e+02 2.000000e+02
2.000000e+02 2.000000e+02
2.000000e+02 2.000000e+02
2.000000e+02 2.000000e+02
2.000000e+02 2.000000e+02
2.000000e+02 2.000000e+02
2.000000e+02 2.000000e+02
2.000000e+02 2.000000e+02
2.000000e+02 2.000000e+02
2.000000e+02 2.000000e+02
2.000000e+02 2.000000e+02
2.000000e+02 2.000000e+02
2.000000e+02 2.000000e+02
2.000000e+02 2.000000e+02
2.000000e+02 2.000000e+02
2.000000e+02 2.000000e+02
6.295831e+03 1.491340e+03
2.137623e+03 4.734565e+02
1.612761e+03 4.640245e+02
1.385071e+03 4.559964e+02
1.162742e+03 4.465504e+02
9.256507e+02 4.314441e+02
7.315969e+02 4.124629e+02
5.740827e+02 3.939686e+02
4.444964e+02 2.873376e+02
3.591925e+02 2.566862e+02
3.141791e+02 2.566862e+02
2.836076e+02 2.343279e+02
2.651606e+02 2.343279e+02
2.474253e+02 2.330332e+02
2.312600e+02 2.228069e+02
2.202997e+02 2.137694e+02
2.140812e+02 2.097083e+02
2.092325e+02 2.040703e+02
2.065614e+02 2.039654e+02
2.045022e+02 2.024403e+02
2.031752e+02 2.005810e+02
2.023350e+02 2.005810e+02
2.018278e+02 2.005619e+02
2.014318e+02 2.003814e+02
2.012306e+02 2.001620e+02
2.009771e+02 2.001529e+02
2.008182e+02 2.001017e+02
2.007022e+02 2.000362e+02
2.006474e+02 2.000335e+02
2.005967e+02 2.000215e+02
2.005859e+02 2.000138e+02
2.005713e+02 2.000083e+02
2.005640e+02 2.000041e+02
2.005519e+02 2.000024e+02
2.005567e+02 2.000016e+02
2.005444e+02 2.000010e+02
2.005438e+02 2.000006e+02
2.005375e+02 2.000003e+02
2.005227e+02 2.000002e+02
2.005164e+02 2.000001e+02
2.005059e+02 2.000001e+02
2.005063e+02 2.000000e+02
2.004916e+02 2.000000e+02
2.004706e+02 2.000000e+02
2.004265e+02 2.000000e+02
2.004215e+02 2.000000e+02
2.004533e+02 2.000000e+02
2.003763e+02 2.000000e+02
2.002742e+02 2.000000e+02
2.001739e+02 2.000000e+02
2.001301e+02 2.000000e+02
2.000839e+02 2.000000e+02
2.000637e+02 2.000000e+02
2.000583e+02 2.000000e+02
2.000471e+02 2.000000e+02
2.000411e+02 2.000000e+02
2.000328e+02 2.000000e+02
2.000259e+02 2.000000e+02
2.000205e+02 2.000000e+02
2.000173e+02 2.000000e+02
2.000129e+02 2.000000e+02
2.000099e+02 2.000000e+02
2.000080e+02 2.000000e+02
2.000048e+02 2.000000e+02
2.000018e+02 2.000000e+02
2.000009e+02 2.000000e+02
2.000006e+02 2.000000e+02
2.000004e+02 2.000000e+02
2.000003e+02 2.000000e+02
2.000002e+02 2.000000e+02
2.000002e+02 2.000000e+02
2.000001e+02 2.000000e+02
2.000001e+02 2.000000e+02
2.000000e+02 2.000000e+02
2.000000e+02 2.000000e+02
2.000000e+02 2.000000e+02
2.000000e+02 2.000000e+02
2.000000e+02 2.000000e+02
2.000000e+02 2.000000e+02
2.000000e+02 2.000000e+02
2.000000e+02 2.000000e+02
2.000000e+02 2.000000e+02
2.000000e+02 2.000000e+02
2.000000e+02 2.000000e+02
2.000000e+02 2.000000e+02
2.000000e+02 2.000000e+02
2.000000e+02 2.000000e+02
2.000000e+02 2.000000e+02
2.000000e+02 2.000000e+02
2.000000e+02 2.000000e+02
2.000000e+02 2.000000e+02
2.000000e+02 2.000000e+02
2.000000e+02 2.000000e+02
2.000000e+02 2.000000e+02
2.000000e+02 2.000000e+02
2.000000e+02 2.000000e+02
2.000000e+02 2.000000e+02
2.000000e+02 2.000000e+02
2.000000e+02 2.000000e+02
2.000000e+02 2.000000e+02
2.000000e+02 2.000000e+02
6.333136e+03 1.190546e+03
2.143470e+03 6.630531e+02
1.621751e+03 6.495198e+02
1.392032e+03 6.366188e+02
1.148139e+03 6.195613e+02
8.969901e+02 5.118749e+02
6.897598e+02 3.967200e+02
5.313683e+02 3.952740e+02
4.193996e+02 3.179156e+02
3.494413e+02 2.882755e+02
3.090148e+02 2.409025e+02
2.805818e+02 2.409025e+02
2.625418e+02 2.375687e+02
2.453142e+02 2.227561e+02
2.303713e+02 2.142743e+02
2.196556e+02 2.125047e+02
2.138308e+02 2.069937e+02
2.090524e+02 2.039160e+02
2.063124e+02 2.038558e+02
2.044778e+02 2.017557e+02
2.032186e+02 2.015770e+02
2.024215e+02 2.004638e+02
2.019235e+02 2.004638e+02
2.015801e+02 2.003771e+02
2.013542e+02 2.001902e+02
2.010808e+02 2.000207e+02
2.008394e+02 2.000207e+02
2.006414e+02 2.000207e+02
2.005689e+02 2.000207e+02
2.004686e+02 2.000140e+02
2.004150e+02 2.000126e+02
2.003611e+02 2.000053e+02
2.003306e+02 2.000046e+02
2.003216e+02 2.000025e+02
2.002973e+02 2.000014e+02
2.002853e+02 2.000009e+02
2.002535e+02 2.000005e+02
2.002184e+02 2.000003e+02
2.001881e+02 2.000002e+02
2.001605e+02 2.000001e+02
2.001528e+02 2.000001e+02
2.001351e+02 2.000000e+02
2.001119e+02 2.000000e+02
2.000952e+02 2.000000e+02
2.000830e+02 2.000000e+02
2.000708e+02 2.000000e+02
2.000591e+02 2.000000e+02
2.000379e+02 2.000000e+02
2.000284e+02 2.000000e+02
2.000161e+02 2.000000e+02
2.000107e+02 2.000000e+02
2.000067e+02 2.000000e+02
2.000047e+02 2.000000e+02
2.000040e+02 2.000000e+02
2.000031e+02 2.000000e+02
2.000026e+02 2.000000e+02
2.000021e+02 2.000000e+02
2.000017e+02 2.000000e+02
2.000013e+02 2.000000e+02
2.000010e+02 2.000000e+02
2.000009e+02 2.000000e+02
2.000007e+02 2.000000e+02
2.000005e+02 2.000000e+02
2.000003e+02 2.000000e+02
2.000002e+02 2.000000e+02
2.000000e+02 2.000000e+02
2.000000e+02 2.000000e+02
2.000000e+02 2.000000e+02
2.000000e+02 2.000000e+02
2.000000e+02 2.000000e+02
2.000000e+02 2.000000e+02
2.000000e+02 2.000000e+02
2.000000e+02 2.000000e+02
2.000000e+02 2.000000e+02
2.000000e+02 2.000000e+02
2.000000e+02 2.000000e+02
2.000000e+02 2.000000e+02
2.000000e+02 2.000000e+02
2.000000e+02 2.000000e+02
2.000000e+02 2.000000e+02
2.000000e+02 2.000000e+02
2.000000e+02 2.000000e+02
2.000000e+02 2.000000e+02
2.000000e+02 2.000000e+02
2.000000e+02 2.000000e+02
2.000000e+02 2.000000e+02
2.000000e+02 2.000000e+02
2.000000e+02 2.000000e+02
2.000000e+02 2.000000e+02
2.000000e+02 2.000000e+02
2.000000e+02 2.000000e+02
2.000000e+02 2.000000e+02
2.000000e+02 2.000000e+02
2.000000e+02 2.000000e+02
2.000000e+02 2.000000e+02
2.000000e+02 2.000000e+02
2.000000e+02 2.000000e+02
2.000000e+02 2.000000e+02
2.000000e+02 2.000000e+02
2.000000e+02 2.000000e+02
2.000000e+02 2.000000e+02
6.296809e+03 1.337336e+03
2.145068e+03 5.767902e+02
1.622630e+03 5.680157e+02
1.400616e+03 5.586415e+02
1.147779e+03 5.412111e+02
8.965229e+02 5.165222e+02
6.673714e+02 4.555898e+02
5.336933e+02 3.938841e+02
4.195587e+02 3.386073e+02
3.506342e+02 3.076391e+02
3.082112e+02 2.835429e+02
2.798110e+02 2.284769e+02
2.629987e+02 2.284769e+02
2.442297e+02 2.284769e+02
2.292765e+02 2.198331e+02
2.187974e+02 2.130843e+02
2.134011e+02 2.094636e+02
2.090007e+02 2.059445e+02
2.065064e+02 2.040468e+02
2.042793e+02 2.024851e+02
2.030473e+02 2.008636e+02
2.022794e+02 2.008139e+02
2.017041e+02 2.006570e+02
2.014172e+02 2.004003e+02
2.011752e+02 2.002612e+02
2.010208e+02 2.001075e+02
2.007726e+02 2.000989e+02
2.005914e+02 2.000611e+02
2.004984e+02 2.000271e+02
2.004481e+02 2.000228e+02
2.004117e+02 2.000069e+02
2.003810e+02 2.000066e+02
2.003657e+02 2.000027e+02
2.003500e+02 2.000020e+02
2.003263e+02 2.000017e+02
2.003073e+02 2.000005e+02
2.002856e+02 2.000005e+02
2.002527e+02 2.000002e+02
2.002331e+02 2.000001e+02
2.002078e+02 2.000000e+02
2.001835e+02 2.000000e+02
2.001539e+02 2.000000e+02
2.001267e+02 2.000000e+02
2.001131e+02 2.000000e+02
2.000969e+02 2.000000e+02
2.000894e+02 2.000000e+02
2.000700e+02 2.000000e+02
2.000527e+02 2.000000e+02
2.000294e+02 2.000000e+02
2.000130e+02 2.000000e+02
2.000111e+02 2.000000e+02
2.000088e+02 2.000000e+02
2.000072e+02 2.000000e+02
2.000061e+02 2.000000e+02
2.000050e+02 2.000000e+02
2.000039e+02 2.000000e+02
2.000035e+02 2.000000e+02
2.000028e+02 2.000000e+02
2.000023e+02 2.000000e+02
2.000019e+02 2.000000e+02
2.000015e+02 2.000000e+02
2.000011e+02 2.000000e+02
2.000006e+02 2.000000e+02
2.000003e+02 2.000000e+02
2.000001e+02 2.000000e+02
2.000001e+02 2.000000e+02
2.000001e+02 2.000000e+02
2.000001e+02 2.000000e+02
2.000000e+02 2.000000e+02
2.000000e+02 2.000000e+02
2.000000e+02 2.000000e+02
2.000000e+02 2.000000e+02
2.000000e+02 2.000000e+02
2.000000e+02 2.000000e+02
2.000000e+02 2.000000e+02
2.000000e+02 2.000000e+02
2.000000e+02 2.000000e+02
2.000000e+02 2.000000e+02
2.000000e+02 2.000000e+02
2.000000e+02 2.000000e+02
2.000000e+02 2.000000e+02
2.000000e+02 2.000000e+02
2.000000e+02 2.000000e+02
2.000000e+02 2.000000e+02
2.000000e+02 2.000000e+02
2.000000e+02 2.000000e+02
2.000000e+02 2.000000e+02
2.000000e+02 2.000000e+02
2.000000e+02 2.000000e+02
2.000000e+02 2.000000e+02
2.000000e+02 2.000000e+02
2.000000e+02 2.000000e+02
2.000000e+02 2.000000e+02
2.000000e+02 2.000000e+02
2.000000e+02 2.000000e+02
2.000000e+02 2.000000e+02
2.000000e+02 2.000000e+02
2.000000e+02 2.000000e+02
2.000000e+02 2.000000e+02
2.000000e+02 2.000000e+02
2.000000e+02 2.000000e+02
6.338193e+03 1.238196e+03
2.167732e+03 4.564326e+02
1.608188e+03 4.482216e+02
1.378156e+03 4.419443e+02
1.146478e+03 4.280951e+02
8.936310e+02 4.095374e+02
6.776051e+02 3.902378e+02
5.365052e+02 3.774892e+02
4.137876e+02 2.447387e+02
3.398582e+02 2.447387e+02
3.021329e+02 2.447387e+02
2.734962e+02 2.447387e+02
2.548760e+02 2.383479e+02
2.388342e+02 2.278198e+02
2.263385e+02 2.184049e+02
2.171113e+02 2.063558e+02
2.120084e+02 2.063558e+02
2.079640e+02 2.046918e+02
2.055348e+02 2.031124e+02
2.039870e+02 2.010686e+02
2.028779e+02 2.010686e+02
2.021962e+02 2.004555e+02
2.017562e+02 2.004423e+02
2.014262e+02 2.003380e+02
2.012173e+02 2.002123e+02
2.010353e+02 2.001392e+02
2.008353e+02 2.000836e+02
2.007772e+02 2.000300e+02
2.007271e+02 2.000184e+02
2.006697e+02 2.000184e+02
2.006550e+02 2.000126e+02
2.006480e+02 2.000026e+02
2.006378e+02 2.000026e+02
2.006263e+02 2.000026e+02
2.006058e+02 2.000016e+02
2.005780e+02 2.000009e+02
2.005626e+02 2.000003e+02
2.005436e+02 2.000003e+02
2.005132e+02 2.000002e+02
2.004957e+02 2.000000e+02
2.005002e+02 2.000000e+02
2.004609e+02 2.000000e+02
2.004070e+02 2.000000e+02
2.003672e+02 2.000000e+02
2.003403e+02 2.000000e+02
2.002812e+02 2.000000e+02
2.001910e+02 2.000000e+02
2.001349e+02 2.000000e+02
2.000871e+02 2.000000e+02
2.000500e+02 2.000000e+02
2.000400e+02 2.000000e+02
2.000281e+02 2.000000e+02
2.000211e+02 2.000000e+02
2.000185e+02 2.000000e+02
2.000138e+02 2.000000e+02
2.000135e+02 2.000000e+02
2.000107e+02 2.000000e+02
2.000086e+02 2.000000e+02
2.000071e+02 2.000000e+02
2.000063e+02 2.000000e+02
2.000044e+02 2.000000e+02
2.000033e+02 2.000000e+02
2.000026e+02 2.000000e+02
2.000022e+02 2.000000e+02
2.000010e+02 2.000000e+02
2.000004e+02 2.000000e+02
2.000003e+02 2.000000e+02
2.000002e+02 2.000000e+02
2.000002e+02 2.000000e+02
2.000001e+02 2.000000e+02
2.000001e+02 2.000000e+02
2.000001e+02 2.000000e+02
2.000001e+02 2.000000e+02
2.000000e+02 2.000000e+02
2.000000e+02 2.000000e+02
2.000000e+02 2.000000e+02
2.000000e+02 2.000000e+02
2.000000e+02 2.000000e+02
2.000000e+02 2.000000e+02
2.000000e+02 2.000000e+02
2.000000e+02 2.000000e+02
2.000000e+02 2.000000e+02
2.000000e+02 2.000000e+02
2.000000e+02 2.000000e+02
2.000000e+02 2.000000e+02
2.000000e+02 2.000000e+02
2.000000e+02 2.000000e+02
2.000000e+02 2.000000e+02
2.000000e+02 2.000000e+02
2.000000e+02 2.000000e+02
2.000000e+02 2.000000e+02
2.000000e+02 2.000000e+02
2.000000e+02 2.000000e+02
2.000000e+02 2.000000e+02
2.000000e+02 2.000000e+02
2.000000e+02 2.000000e+02
2.000000e+02 2.000000e+02
2.000000e+02 2.000000e+02
2.000000e+02 2.000000e+02
2.000000e+02 2.000000e+02
2.000000e+02 2.000000e+02
6.238292e+03 1.415055e+03
2.116582e+03 6.281806e+02
1.593063e+03 6.195159e+02
1.366367e+03 6.122408e+02
1.135800e+03 5.985429e+02
8.951253e+02 4.899868e+02
6.863871e+02 4.506010e+02
5.333985e+02 3.956314e+02
4.181186e+02 2.974473e+02
3.445527e+02 2.593589e+02
3.035671e+02 2.458571e+02
2.762138e+02 2.458571e+02
2.579050e+02 2.248405e+02
2.405976e+02 2.248405e+02
2.282246e+02 2.187109e+02
2.182174e+02 2.076093e+02
2.129599e+02 2.076093e+02
2.084074e+02 2.050741e+02
2.059122e+02 2.023273e+02
2.041474e+02 2.019770e+02
2.030674e+02 2.013157e+02
2.024501e+02 2.008465e+02
2.020007e+02 2.005106e+02
2.016433e+02 2.003464e+02
2.013555e+02 2.002200e+02
2.011633e+02 2.000951e+02
2.010926e+02 2.000810e+02
2.009475e+02 2.000508e+02
2.008201e+02 2.000328e+02
2.007622e+02 2.000206e+02
2.007189e+02 2.000133e+02
2.007032e+02 2.000050e+02
2.006993e+02 2.000046e+02
2.006907e+02 2.000022e+02
2.006958e+02 2.000016e+02
2.006957e+02 2.000009e+02
2.006926e+02 2.000005e+02
2.006991e+02 2.000003e+02
2.006992e+02 2.000002e+02
2.007052e+02 2.000001e+02
2.007115e+02 2.000000e+02
2.007206e+02 2.000000e+02
2.007289e+02 2.000000e+02
2.007397e+02 2.000000e+02
2.007469e+02 2.000000e+02
2.007564e+02 2.000000e+02
2.007670e+02 2.000000e+02
2.007733e+02 2.000000e+02
2.007735e+02 2.000000e+02
2.007796e+02 2.000000e+02
2.007932e+02 2.000000e+02
2.008069e+02 2.000000e+02
2.008247e+02 2.000000e+02
2.008407e+02 2.000000e+02
2.008583e+02 2.000000e+02
2.008768e+02 2.000000e+02
2.008962e+02 2.000000e+02
2.009164e+02 2.000000e+02
2.009376e+02 2.000000e+02
2.009599e+02 2.000000e+02
2.009819e+02 2.000000e+02
2.010077e+02 2.000000e+02
2.010334e+02 2.000000e+02
2.010605e+02 2.000000e+02
2.010891e+02 2.000000e+02
2.011193e+02 2.000000e+02
2.011512e+02 2.000000e+02
2.011849e+02 2.000000e+02
2.012207e+02 2.000000e+02
2.012587e+02 2.000000e+02
2.012968e+02 2.000000e+02
2.013398e+02 2.000000e+02
2.013858e+02 2.000000e+02
2.014378e+02 2.000000e+02
2.014878e+02 2.000000e+02
2.015479e+02 2.000000e+02
2.016060e+02 2.000000e+02
2.016763e+02 2.000000e+02
2.017447e+02 2.000000e+02
2.018280e+02 2.000000e+02
2.019095e+02 2.000000e+02
2.020042e+02 2.000000e+02
2.021088e+02 2.000000e+02
2.022249e+02 2.000000e+02
2.023545e+02 2.000000e+02
2.025001e+02 2.000000e+02
2.026650e+02 2.000000e+02
2.028531e+02 2.000000e+02
2.030698e+02 2.000000e+02
2.033221e+02 2.000000e+02
2.036196e+02 2.000000e+02
2.039756e+02 2.000000e+02
2.044093e+02 2.000000e+02
2.049492e+02 2.000000e+02
2.056398e+02 2.000000e+02
2.065543e+02 2.000000e+02
2.078229e+02 2.000000e+02
2.097004e+02 2.000000e+02
2.127637e+02 2.000000e+02
2.186547e+02 2.000000e+02
2.346444e+02 2.000000e+02
6.319405e+03 1.350243e+03
2.141373e+03 4.657892e+02
1.617729e+03 4.572421e+02
1.392165e+03 4.522460e+02
1.168261e+03 4.424050e+02
9.337976e+02 4.235710e+02
7.121826e+02 4.008611e+02
5.674274e+02 3.790093e+02
4.420784e+02 3.438580e+02
3.639989e+02 3.131756e+02
3.182976e+02 2.425960e+02
2.874206e+02 2.425960e+02
2.700235e+02 2.235419e+02
2.501520e+02 2.235419e+02
2.342298e+02 2.216106e+02
2.215980e+02 2.091617e+02
2.147360e+02 2.087142e+02
2.093809e+02 2.021533e+02
2.065424e+02 2.021533e+02
2.044484e+02 2.020002e+02
2.030376e+02 2.015954e+02
2.021656e+02 2.010448e+02
2.016480e+02 2.005346e+02
2.012665e+02 2.004045e+02
2.009964e+02 2.002427e+02
2.007936e+02 2.001623e+02
2.006104e+02 2.000995e+02
2.004680e+02 2.000590e+02
2.003926e+02 2.000371e+02
2.002794e+02 2.000234e+02
2.002570e+02 2.000121e+02
2.002373e+02 2.000086e+02
2.002087e+02 2.000050e+02
2.001873e+02 2.000029e+02
2.001632e+02 2.000019e+02
2.001399e+02 2.000009e+02
2.001153e+02 2.000006e+02
2.001032e+02 2.000003e+02
2.000915e+02 2.000002e+02
2.000809e+02 2.000000e+02
2.000638e+02 2.000000e+02
2.000619e+02 2.000000e+02
2.000497e+02 2.000000e+02
2.000395e+02 2.000000e+02
2.000356e+02 2.000000e+02
2.000293e+02 2.000000e+02
2.000240e+02 2.000000e+02
2.000184e+02 2.000000e+02
2.000088e+02 2.000000e+02
2.000052e+02 2.000000e+02
2.000028e+02 2.000000e+02
2.000024e+02 2.000000e+02
2.000019e+02 2.000000e+02
2.000015e+02 2.000000e+02
2.000013e+02 2.000000e+02
2.000011e+02 2.000000e+02
2.000009e+02 2.000000e+02
2.000007e+02 2.000000e+02
2.000005e+02 2.000000e+02
2.000004e+02 2.000000e+02
2.000004e+02 2.000000e+02
2.000003e+02 2.000000e+02
2.000001e+02 2.000000e+02
2.000001e+02 2.000000e+02
2.000000e+02 2.000000e+02
2.000000e+02 2.000000e+02
2.000000e+02 2.000000e+02
2.000000e+02 2.000000e+02
2.000000e+02 2.000000e+02
2.000000e+02 2.000000e+02
2.000000e+02 2.000000e+02
2.000000e+02 2.000000e+02
2.000000e+02 2.000000e+02
2.000000e+02 2.000000e+02
2.000000e+02 2.000000e+02
2.000000e+02 2.000000e+02
2.000000e+02 2.000000e+02
2.000000e+02 2.000000e+02
2.000000e+02 2.000000e+02
2.000000e+02 2.000000e+02
2.000000e+02 2.000000e+02
2.000000e+02 2.000000e+02
2.000000e+02 2.000000e+02
2.000000e+02 2.000000e+02
2.000000e+02 2.000000e+02
2.000000e+02 2.000000e+02
2.000000e+02 2.000000e+02
2.000000e+02 2.000000e+02
2.000000e+02 2.000000e+02
2.000000e+02 2.000000e+02
2.000000e+02 2.000000e+02
2.000000e+02 2.000000e+02
2.000000e+02 2.000000e+02
2.000000e+02 2.000000e+02
2.000000e+02 2.000000e+02
2.000000e+02 2.000000e+02
2.000000e+02 2.000000e+02
2.000000e+02 2.000000e+02
2.000000e+02 2.000000e+02
2.000000e+02 2.000000e+02
2.000001e+02 2.000000e+02
6.347747e+03 1.379826e+03
2.162718e+03 4.354570e+02
1.605901e+03 4.298800e+02
1.385287e+03 4.216151e+02
1.143363e+03 4.120918e+02
9.050651e+02 4.004344e+02
6.885538e+02 3.863181e+02
5.423936e+02 3.729282e+02
4.257040e+02 2.687780e+02
3.514331e+02 2.687780e+02
3.112189e+02 2.440229e+02
2.820967e+02 2.394539e+02
2.613244e+02 2.376563e+02
2.412509e+02 2.287892e+02
2.282065e+02 2.190694e+02
2.181510e+02 2.124614e+02
2.128743e+02 2.091924e+02
2.085698e+02 2.029550e+02
2.060642e+02 2.029550e+02
2.040834e+02 2.016838e+02
2.029599e+02 2.013288e+02
2.022358e+02 2.005205e+02
2.017082e+02 2.005205e+02
2.014023e+02 2.003568e+02
2.011580e+02 2.001847e+02
2.009816e+02 2.001004e+02
2.008120e+02 2.000790e+02
2.007306e+02 2.000379e+02
2.006579e+02 2.000128e+02
2.006102e+02 2.000128e+02
2.005556e+02 2.000126e+02
2.005337e+02 2.000077e+02
2.005182e+02 2.000047e+02
2.005105e+02 2.000027e+02
2.005041e+02 2.000018e+02
2.004938e+02 2.000010e+02
2.005070e+02 2.000006e+02
2.004768e+02 2.000003e+02
2.004631e+02 2.000002e+02
2.004605e+02 2.000001e+02
2.004478e+02 2.000000e+02
2.004390e+02 2.000000e+02
2.004246e+02 2.000000e+02
2.003987e+02 2.000000e+02
2.003848e+02 2.000000e+02
2.003661e+02 2.000000e+02
2.003311e+02 2.000000e+02
2.003279e+02 2.000000e+02
2.002597e+02 2.000000e+02
2.001684e+02 2.000000e+02
2.000834e+02 2.000000e+02
2.000506e+02 2.000000e+02
2.000431e+02 2.000000e+02
2.000372e+02 2.000000e+02
2.000291e+02 2.000000e+02
2.000217e+02 2.000000e+02
2.000176e+02 2.000000e+02
2.000144e+02 2.000000e+02
2.000111e+02 2.000000e+02
2.000087e+02 2.000000e+02
2.000068e+02 2.000000e+02
2.000056e+02 2.000000e+02
2.000041e+02 2.000000e+02
2.000025e+02 2.000000e+02
2.000016e+02 2.000000e+02
2.000009e+02 2.000000e+02
2.000005e+02 2.000000e+02
2.000004e+02 2.000000e+02
2.000003e+02 2.000000e+02
2.000002e+02 2.000000e+02
2.000002e+02 2.000000e+02
2.000001e+02 2.000000e+02
2.000001e+02 2.000000e+02
2.000000e+02 2.000000e+02
2.000000e+02 2.000000e+02
2.000000e+02 2.000000e+02
2.000000e+02 2.000000e+02
2.000000e+02 2.000000e+02
2.000000e+02 2.000000e+02
2.000000e+02 2.000000e+02
2.000000e+02 2.000000e+02
2.000000e+02 2.000000e+02
2.000000e+02 2.000000e+02
2.000000e+02 2.000000e+02
2.000000e+02 2.000000e+02
2.000000e+02 2.000000e+02
2.000000e+02 2.000000e+02
2.000000e+02 2.000000e+02
2.000000e+02 2.000000e+02
2.000000e+02 2.000000e+02
2.000000e+02 2.000000e+02
2.000000e+02 2.000000e+02
2.000000e+02 2.000000e+02
2.000000e+02 2.000000e+02
2.000000e+02 2.000000e+02
2.000000e+02 2.000000e+02
2.000000e+02 2.000000e+02
2.000000e+02 2.000000e+02
2.000000e+02 2.000000e+02
2.000000e+02 2.000000e+02
2.000000e+02 2.000000e+02
6.318934e+03 1.385640e+03
2.158852e+03 5.977365e+02
1.615100e+03 5.878826e+02
1.375647e+03 5.777295e+02
1.125095e+03 5.628178e+02
8.841287e+02 5.315148e+02
6.727918e+02 4.452001e+02
5.299432e+02 3.619688e+02
4.147232e+02 3.330405e+02
3.470659e+02 2.988463e+02
3.093383e+02 2.811234e+02
2.806973e+02 2.630849e+02
2.643600e+02 2.499823e+02
2.483566e+02 2.339470e+02
2.314173e+02 2.121446e+02
2.204698e+02 2.121446e+02
2.141442e+02 2.086696e+02
2.095254e+02 2.052401e+02
2.068687e+02 2.028697e+02
2.044865e+02 2.024715e+02
2.032262e+02 2.015769e+02
2.023380e+02 2.005671e+02
2.018249e+02 2.005671e+02
2.015020e+02 2.003812e+02
2.012367e+02 2.001334e+02
2.010214e+02 2.001332e+02
2.007253e+02 2.001013e+02
2.006264e+02 2.000554e+02
2.005770e+02 2.000393e+02
2.005207e+02 2.000222e+02
2.004905e+02 2.000133e+02
2.004657e+02 2.000084e+02
2.004377e+02 2.000037e+02
2.004275e+02 2.000030e+02
2.004158e+02 2.000016e+02
2.004052e+02 2.000000e+02
2.003943e+02 2.000000e+02
2.003650e+02 2.000000e+02
2.003515e+02 2.000000e+02
2.003070e+02 2.000000e+02
2.002963e+02 2.000000e+02
2.002584e+02 2.000000e+02
2.002222e+02 2.000000e+02
2.001913e+02 2.000000e+02
2.001688e+02 2.000000e+02
2.001526e+02 2.000000e+02
2.001257e+02 2.000000e+02
2.001091e+02 2.000000e+02
2.000621e+02 2.000000e+02
2.000235e+02 2.000000e+02
2.000160e+02 2.000000e+02
2.000132e+02 2.000000e+02
2.000098e+02 2.000000e+02
2.000080e+02 2.000000e+02
2.000068e+02 2.000000e+02
2.000053e+02 2.000000e+02
2.000049e+02 2.000000e+02
2.000038e+02 2.000000e+02
2.000030e+02 2.000000e+02
2.000025e+02 2.000000e+02
2.000020e+02 2.000000e+02
2.000016e+02 2.000000e+02
2.000013e+02 2.000000e+02
2.000004e+02 2.000000e+02
2.000002e+02 2.000000e+02
2.000001e+02 2.000000e+02
2.000001e+02 2.000000e+02
2.000001e+02 2.000000e+02
2.000001e+02 2.000000e+02
2.000000e+02 2.000000e+02
2.000000e+02 2.000000e+02
2.000000e+02 2.000000e+02
2.000000e+02 2.000000e+02
2.000000e+02 2.000000e+02
2.000000e+02 2.000000e+02
2.000000e+02 2.000000e+02
2.000000e+02 2.000000e+02
2.000000e+02 2.000000e+02
2.000000e+02 2.000000e+02
2.000000e+02 2.000000e+02
2.000000e+02 2.000000e+02
2.000000e+02 2.000000e+02
2.000000e+02 2.000000e+02
2.000000e+02 2.000000e+02
2.000000e+02 2.000000e+02
2.000000e+02 2.000000e+02
2.000000e+02 2.000000e+02
2.000000e+02 2.000000e+02
2.000000e+02 2.000000e+02
2.000000e+02 2.000000e+02
2.000000e+02 2.000000e+02
2.000000e+02 2.000000e+02
2.000000e+02 2.000000e+02
2.000000e+02 2.000000e+02
2.000000e+02 2.000000e+02
2.000000e+02 2.000000e+02
2.000000e+02 2.000000e+02
2.000000e+02 2.000000e+02
2.000000e+02 2.000000e+02
2.000000e+02 2.000000e+02
2.000000e+02 2.000000e+02
6.325719e+03 1.445086e+03
2.148105e+03 5.578568e+02
1.592900e+03 5.500135e+02
1.361116e+03 5.407870e+02
1.123163e+03 5.276208e+02
8.870343e+02 5.083293e+02
6.787416e+02 4.433342e+02
5.379238e+02 3.890536e+02
4.213938e+02 3.306193e+02
3.462041e+02 2.651835e+02
3.057096e+02 2.651835e+02
2.790948e+02 2.613676e+02
2.621941e+02 2.354831e+02
2.434183e+02 2.296763e+02
2.289595e+02 2.195459e+02
2.185912e+02 2.078875e+02
2.127534e+02 2.003964e+02
2.084265e+02 2.003964e+02
2.059250e+02 2.003964e+02
2.041792e+02 2.003964e+02
2.029093e+02 2.003964e+02
2.021589e+02 2.003964e+02
2.016240e+02 2.003964e+02
2.013423e+02 2.003363e+02
2.011069e+02 2.002302e+02
2.008349e+02 2.001299e+02
2.006380e+02 2.000861e+02
2.005042e+02 2.000525e+02
2.003991e+02 2.000320e+02
2.003206e+02 2.000206e+02
2.002991e+02 2.000123e+02
2.002881e+02 2.000069e+02
2.002600e+02 2.000041e+02
2.002332e+02 2.000018e+02
2.001970e+02 2.000015e+02
2.001751e+02 2.000008e+02
2.001597e+02 2.000005e+02
2.001336e+02 2.000002e+02
2.001275e+02 2.000002e+02
2.001136e+02 2.000001e+02
2.000980e+02 2.000000e+02
2.000798e+02 2.000000e+02
2.000683e+02 2.000000e+02
2.000561e+02 2.000000e+02
2.000480e+02 2.000000e+02
2.000457e+02 2.000000e+02
2.000404e+02 2.000000e+02
2.000221e+02 2.000000e+02
2.000138e+02 2.000000e+02
2.000067e+02 2.000000e+02
2.000048e+02 2.000000e+02
2.000038e+02 2.000000e+02
2.000034e+02 2.000000e+02
2.000026e+02 2.000000e+02
2.000023e+02 2.000000e+02
2.000019e+02 2.000000e+02
2.000014e+02 2.000000e+02
2.000013e+02 2.000000e+02
2.000011e+02 2.000000e+02
2.000008e+02 2.000000e+02
2.000006e+02 2.000000e+02
2.000005e+02 2.000000e+02
2.000004e+02 2.000000e+02
2.000002e+02 2.000000e+02
2.000001e+02 2.000000e+02
2.000000e+02 2.000000e+02
2.000000e+02 2.000000e+02
2.000000e+02 2.000000e+02
2.000000e+02 2.000000e+02
2.000000e+02 2.000000e+02
2.000000e+02 2.000000e+02
2.000000e+02 2.000000e+02
2.000000e+02 2.000000e+02
2.000000e+02 2.000000e+02
2.000000e+02 2.000000e+02
2.000000e+02 2.000000e+02
2.000000e+02 2.000000e+02
2.000000e+02 2.000000e+02
2.000000e+02 2.000000e+02
2.000000e+02 2.000000e+02
2.000000e+02 2.000000e+02
2.000000e+02 2.000000e+02
2.000000e+02 2.000000e+02
2.000000e+02 2.000000e+02
2.000000e+02 2.000000e+02
2.000000e+02 2.000000e+02
2.000000e+02 2.000000e+02
2.000000e+02 2.000000e+02
2.000000e+02 2.000000e+02
2.000000e+02 2.000000e+02
2.000000e+02 2.000000e+02
2.000000e+02 2.000000e+02
2.000000e+02 2.000000e+02
2.000000e+02 2.000000e+02
2.000000e+02 2.000000e+02
2.000000e+02 2.000000e+02
2.000000e+02 2.000000e+02
2.000000e+02 2.000000e+02
2.000000e+02 2.000000e+02
2.000000e+02 2.000000e+02
2.000003e+02 2.000000e+02
6.309607e+03 1.543377e+03
2.157639e+03 5.328324e+02
1.611900e+03 5.218920e+02
1.375163e+03 5.143084e+02
1.142948e+03 4.976229e+02
9.035710e+02 4.735929e+02
6.946289e+02 4.378102e+02
5.432935e+02 3.909822e+02
4.251005e+02 3.235936e+02
3.525534e+02 2.946829e+02
3.091228e+02 2.725375e+02
2.798826e+02 2.314744e+02
2.611691e+02 2.314744e+02
2.417391e+02 2.279101e+02
2.282076e+02 2.189167e+02
2.190898e+02 2.133094e+02
2.133224e+02 2.084612e+02
2.086026e+02 2.055112e+02
2.060007e+02 2.029938e+02
2.041544e+02 2.012527e+02
2.029236e+02 2.012527e+02
2.022354e+02 2.009241e+02
2.017442e+02 2.005993e+02
2.014278e+02 2.003750e+02
2.012336e+02 2.002393e+02
2.010255e+02 2.001485e+02
2.007803e+02 2.000964e+02
2.006810e+02 2.000564e+02
2.004989e+02 2.000356e+02
2.004516e+02 2.000221e+02
2.004217e+02 2.000136e+02
2.004039e+02 2.000081e+02
2.003837e+02 2.000046e+02
2.003636e+02 2.000029e+02
2.003411e+02 2.000009e+02
2.003339e+02 2.000008e+02
2.003213e+02 2.000005e+02
2.002908e+02 2.000002e+02
2.002748e+02 2.000002e+02
2.002732e+02 2.000001e+02
2.002550e+02 2.000001e+02
2.002162e+02 2.000000e+02
2.002116e+02 2.000000e+02
2.001854e+02 2.000000e+02
2.001622e+02 2.000000e+02
2.001364e+02 2.000000e+02
2.000790e+02 2.000000e+02
2.000491e+02 2.000000e+02
2.000343e+02 2.000000e+02
2.000199e+02 2.000000e+02
2.000147e+02 2.000000e+02
2.000125e+02 2.000000e+02
2.000114e+02 2.000000e+02
2.000097e+02 2.000000e+02
2.000074e+02 2.000000e+02
2.000064e+02 2.000000e+02
2.000057e+02 2.000000e+02
2.000045e+02 2.000000e+02
2.000039e+02 2.000000e+02
2.000032e+02 2.000000e+02
2.000023e+02 2.000000e+02
2.000018e+02 2.000000e+02
2.000011e+02 2.000000e+02
2.000005e+02 2.000000e+02
2.000002e+02 2.000000e+02
2.000001e+02 2.000000e+02
2.000001e+02 2.000000e+02
2.000001e+02 2.000000e+02
2.000001e+02 2.000000e+02
2.000000e+02 2.000000e+02
2.000000e+02 2.000000e+02
2.000000e+02 2.000000e+02
2.000000e+02 2.000000e+02
2.000000e+02 2.000000e+02
2.000000e+02 2.000000e+02
2.000000e+02 2.000000e+02
2.000000e+02 2.000000e+02
2.000000e+02 2.000000e+02
2.000000e+02 2.000000e+02
2.000000e+02 2.000000e+02
2.000000e+02 2.000000e+02
2.000000e+02 2.000000e+02
2.000000e+02 2.000000e+02
2.000000e+02 2.000000e+02
2.000000e+02 2.000000e+02
2.000000e+02 2.000000e+02
2.000000e+02 2.000000e+02
2.000000e+02 2.000000e+02
2.000000e+02 2.000000e+02
2.000000e+02 2.000000e+02
2.000000e+02 2.000000e+02
2.000000e+02 2.000000e+02
2.000000e+02 2.000000e+02
2.000000e+02 2.000000e+02
2.000000e+02 2.000000e+02
2.000000e+02 2.000000e+02
2.000000e+02 2.000000e+02
2.000000e+02 2.000000e+02
2.000000e+02 2.000000e+02
2.000000e+02 2.000000e+02
2.000000e+02 2.000000e+02
6.292503e+03 1.248078e+03
2.143200e+03 4.728337e+02
1.610201e+03 4.632277e+02
1.383379e+03 4.554007e+02
1.156237e+03 4.450825e+02
9.115049e+02 4.284293e+02
6.881279e+02 4.031757e+02
5.363933e+02 3.762707e+02
4.166196e+02 3.258219e+02
3.434088e+02 2.988577e+02
3.061593e+02 2.777101e+02
2.792719e+02 2.457806e+02
2.621256e+02 2.224646e+02
2.430886e+02 2.224646e+02
2.277882e+02 2.184612e+02
2.183252e+02 2.087327e+02
2.129036e+02 2.083996e+02
2.086809e+02 2.055328e+02
2.061688e+02 2.036032e+02
2.041330e+02 2.021719e+02
2.029889e+02 2.014030e+02
2.022416e+02 2.008567e+02
2.017997e+02 2.005801e+02
2.014647e+02 2.003632e+02
2.012340e+02 2.002090e+02
2.010154e+02 2.000641e+02
2.007792e+02 2.000641e+02
2.006827e+02 2.000528e+02
2.006241e+02 2.000357e+02
2.005136e+02 2.000227e+02
2.004946e+02 2.000115e+02
2.004657e+02 2.000082e+02
2.004432e+02 2.000031e+02
2.004076e+02 2.000020e+02
2.003710e+02 2.000017e+02
2.003500e+02 2.000009e+02
2.003246e+02 2.000002e+02
2.002922e+02 2.000002e+02
2.002860e+02 2.000002e+02
2.002320e+02 2.000001e+02
2.002074e+02 2.000001e+02
2.001789e+02 2.000000e+02
2.001581e+02 2.000000e+02
2.001529e+02 2.000000e+02
2.001254e+02 2.000000e+02
2.001070e+02 2.000000e+02
2.000840e+02 2.000000e+02
2.000482e+02 2.000000e+02
2.000286e+02 2.000000e+02
2.000126e+02 2.000000e+02
2.000092e+02 2.000000e+02
2.000079e+02 2.000000e+02
2.000061e+02 2.000000e+02
2.000048e+02 2.000000e+02
2.000039e+02 2.000000e+02
2.000030e+02 2.000000e+02
2.000024e+02 2.000000e+02
2.000019e+02 2.000000e+02
2.000015e+02 2.000000e+02
2.000015e+02 2.000000e+02
2.000012e+02 2.000000e+02
2.000009e+02 2.000000e+02
2.000005e+02 2.000000e+02
2.000002e+02 2.000000e+02
2.000001e+02 2.000000e+02
2.000001e+02 2.000000e+02
2.000001e+02 2.000000e+02
2.000000e+02 2.000000e+02
2.000000e+02 2.000000e+02
2.000000e+02 2.000000e+02
2.000000e+02 2.000000e+02
2.000000e+02 2.000000e+02
2.000000e+02 2.000000e+02
2.000000e+02 2.000000e+02
2.000000e+02 2.000000e+02
2.000000e+02 2.000000e+02
2.000000e+02 2.000000e+02
2.000000e+02 2.000000e+02
2.000000e+02 2.000000e+02
2.000000e+02 2.000000e+02
2.000000e+02 2.000000e+02
2.000000e+02 2.000000e+02
2.000000e+02 2.000000e+02
2.000000e+02 2.000000e+02
2.000000e+02 2.000000e+02
2.000000e+02 2.000000e+02
2.000000e+02 2.000000e+02
2.000000e+02 2.000000e+02
2.000000e+02 2.000000e+02
2.000000e+02 2.000000e+02
2.000000e+02 2.000000e+02
2.000000e+02 2.000000e+02
2.000000e+02 2.000000e+02
2.000000e+02 2.000000e+02
2.000000e+02 2.000000e+02
2.000000e+02 2.000000e+02
2.000000e+02 2.000000e+02
2.000000e+02 2.000000e+02
2.000011e+02 2.000000e+02
2.000000e+02 2.000000e+02
2.000000e+02 2.000000e+02
6.297970e+03 1.390611e+03
2.135625e+03 6.552368e+02
1.590553e+03 6.435975e+02
1.356882e+03 6.301414e+02
1.115462e+03 6.078199e+02
8.852750e+02 5.229123e+02
6.793814e+02 4.436979e+02
5.378000e+02 3.764978e+02
4.182370e+02 3.382768e+02
3.492184e+02 2.981197e+02
3.089170e+02 2.603806e+02
2.815977e+02 2.603806e+02
2.646502e+02 2.467744e+02
2.460232e+02 2.301851e+02
2.304927e+02 2.191021e+02
2.200711e+02 2.113572e+02
2.140116e+02 2.087267e+02
2.092572e+02 2.056833e+02
2.068677e+02 2.035633e+02
2.046563e+02 2.024935e+02
2.034467e+02 2.015378e+02
2.025799e+02 2.009757e+02
2.021024e+02 2.003690e+02
2.017410e+02 2.003435e+02
2.015338e+02 2.002422e+02
2.012211e+02 2.001211e+02
2.010512e+02 2.000871e+02
2.009638e+02 2.000610e+02
2.009034e+02 2.000344e+02
2.008523e+02 2.000231e+02
2.007939e+02 2.000090e+02
2.007792e+02 2.000085e+02
2.007829e+02 2.000019e+02
2.007716e+02 2.000019e+02
2.007619e+02 2.000017e+02
2.007597e+02 2.000010e+02
2.007613e+02 2.000006e+02
2.007647e+02 2.000003e+02
2.007716e+02 2.000001e+02
2.007755e+02 2.000001e+02
2.007848e+02 2.000000e+02
2.007945e+02 2.000000e+02
2.008038e+02 2.000000e+02
2.008133e+02 2.000000e+02
2.008267e+02 2.000000e+02
2.008400e+02 2.000000e+02
2.008540e+02 2.000000e+02
2.008693e+02 2.000000e+02
2.008841e+02 2.000000e+02
2.009000e+02 2.000000e+02
2.009183e+02 2.000000e+02
2.009354e+02 2.000000e+02
2.009555e+02 2.000000e+02
2.009743e+02 2.000000e+02
2.009961e+02 2.000000e+02
2.010177e+02 2.000000e+02
2.010390e+02 2.000000e+02
2.010625e+02 2.000000e+02
2.010872e+02 2.000000e+02
2.011130e+02 2.000000e+02
2.011385e+02 2.000000e+02
2.011685e+02 2.000000e+02
2.011984e+02 2.000000e+02
2.012298e+02 2.000000e+02
2.012629e+02 2.000000e+02
2.012959e+02 2.000000e+02
2.013349e+02 2.000000e+02
2.013740e+02 2.000000e+02
2.014155e+02 2.000000e+02
2.014596e+02 2.000000e+02
2.015038e+02 2.000000e+02
2.015537e+02 2.000000e+02
2.016100e+02 2.000000e+02
2.016640e+02 2.000000e+02
2.017288e+02 2.000000e+02
2.017950e+02 2.000000e+02
2.018623e+02 2.000000e+02
2.019439e+02 2.000000e+02
2.020231e+02 2.000000e+02
2.021197e+02 2.000000e+02
2.022143e+02 2.000000e+02
2.023241e+02 2.000000e+02
2.024524e+02 2.000000e+02
2.025799e+02 2.000000e+02
2.027302e+02 2.000000e+02
2.028991e+02 2.000000e+02
2.030902e+02 2.000000e+02
2.033084e+02 2.000000e+02
2.035597e+02 2.000000e+02
2.038522e+02 2.000000e+02
2.041972e+02 2.000000e+02
2.046100e+02 2.000000e+02
2.051130e+02 2.000000e+02
2.057390e+02 2.000000e+02
2.065398e+02 2.000000e+02
2.076003e+02 2.000000e+02
2.090714e+02 2.000000e+02
2.112485e+02 2.000000e+02
2.148007e+02 2.000000e+02
2.216317e+02 2.000000e+02
2.401732e+02 2.000000e+02
6.278743e+03 1.167133e+03
2.130128e+03 5.177075e+02
1.583141e+03 5.074503e+02
1.354565e+03 4.990299e+02
1.098982e+03 4.929236e+02
8.536407e+02 4.724812e+02
6.368988e+02 4.258413e+02
5.044145e+02 3.783979e+02
3.997216e+02 3.289554e+02
3.394338e+02 2.973188e+02
3.032652e+02 2.641751e+02
2.783007e+02 2.410104e+02
2.619975e+02 2.227962e+02
2.408262e+02 2.227962e+02
2.268958e+02 2.179350e+02
2.175568e+02 2.040554e+02
2.125233e+02 2.040554e+02
2.085585e+02 2.040554e+02
2.060222e+02 2.034926e+02
2.042071e+02 2.010320e+02
2.031565e+02 2.010320e+02
2.025237e+02 2.008592e+02
2.020132e+02 2.004413e+02
2.017444e+02 2.002558e+02
2.014336e+02 2.002096e+02
2.012947e+02 2.001375e+02
2.010405e+02 2.000773e+02
2.008154e+02 2.000208e+02
2.006986e+02 2.000208e+02
2.006303e+02 2.000169e+02
2.005800e+02 2.000065e+02
2.005647e+02 2.000065e+02
2.005586e+02 2.000041e+02
2.005470e+02 2.000017e+02
2.005357e+02 2.000015e+02
2.004897e+02 2.000009e+02
2.004685e+02 2.000005e+02
2.004388e+02 2.000002e+02
2.003987e+02 2.000002e+02
2.003735e+02 2.000001e+02
2.003657e+02 2.000000e+02
2.003543e+02 2.000000e+02
2.002974e+02 2.000000e+02
2.002560e+02 2.000000e+02
2.002143e+02 2.000000e+02
2.002004e+02 2.000000e+02
2.001895e+02 2.000000e+02
2.001053e+02 2.000000e+02
2.000607e+02 2.000000e+02
2.000299e+02 2.000000e+02
2.000209e+02 2.000000e+02
2.000175e+02 2.000000e+02
2.000143e+02 2.000000e+02
2.000112e+02 2.000000e+02
2.000092e+02 2.000000e+02
2.000073e+02 2.000000e+02
2.000063e+02 2.000000e+02
2.000049e+02 2.000000e+02
2.000041e+02 2.000000e+02
2.000030e+02 2.000000e+02
2.000024e+02 2.000000e+02
2.000018e+02 2.000000e+02
2.000011e+02 2.000000e+02
2.000005e+02 2.000000e+02
2.000002e+02 2.000000e+02
2.000002e+02 2.000000e+02
2.000001e+02 2.000000e+02
2.000001e+02 2.000000e+02
2.000001e+02 2.000000e+02
2.000000e+02 2.000000e+02
2.000000e+02 2.000000e+02
2.000000e+02 2.000000e+02
2.000000e+02 2.000000e+02
2.000000e+02 2.000000e+02
2.000000e+02 2.000000e+02
2.000000e+02 2.000000e+02
2.000000e+02 2.000000e+02
2.000000e+02 2.000000e+02
2.000000e+02 2.000000e+02
2.000000e+02 2.000000e+02
2.000000e+02 2.000000e+02
2.000000e+02 2.000000e+02
2.000000e+02 2.000000e+02
2.000000e+02 2.000000e+02
2.000000e+02 2.000000e+02
2.000000e+02 2.000000e+02
2.000000e+02 2.000000e+02
2.000000e+02 2.000000e+02
2.000000e+02 2.000000e+02
2.000000e+02 2.000000e+02
2.000000e+02 2.000000e+02
2.000000e+02 2.000000e+02
2.000000e+02 2.000000e+02
2.000000e+02 2.000000e+02
2.000000e+02 2.000000e+02
2.000000e+02 2.000000e+02
2.000000e+02 2.000000e+02
2.000000e+02 2.000000e+02
2.000000e+02 2.000000e+02
2.000000e+02 2.000000e+02
2.000000e+02 2.000000e+02
6.298159e+03 1.532638e+03
2.131113e+03 5.437978e+02
1.618114e+03 5.287487e+02
1.384805e+03 5.177239e+02
1.156116e+03 4.998147e+02
9.230104e+02 4.765343e+02
6.989769e+02 3.523858e+02
5.405895e+02 3.523858e+02
4.256696e+02 3.280016e+02
3.515839e+02 2.992127e+02
3.080054e+02 2.781176e+02
2.801412e+02 2.350400e+02
2.617902e+02 2.313169e+02
2.442261e+02 2.307145e+02
2.288183e+02 2.178468e+02
2.183373e+02 2.056007e+02
2.125468e+02 2.056007e+02
2.084550e+02 2.049615e+02
2.059771e+02 2.035419e+02
2.040851e+02 2.022444e+02
2.028610e+02 2.009791e+02
2.020721e+02 2.008888e+02
2.016186e+02 2.005399e+02
2.013587e+02 2.003149e+02
2.011730e+02 2.002238e+02
2.009702e+02 2.001301e+02
2.008151e+02 2.000540e+02
2.006648e+02 2.000493e+02
2.006299e+02 2.000165e+02
2.005266e+02 2.000165e+02
2.004806e+02 2.000126e+02
2.004443e+02 2.000077e+02
2.004215e+02 2.000045e+02
2.003970e+02 2.000019e+02
2.003816e+02 2.000014e+02
2.003523e+02 2.000009e+02
2.003220e+02 2.000005e+02
2.002843e+02 2.000002e+02
2.002776e+02 2.000002e+02
2.002504e+02 2.000001e+02
2.002275e+02 2.000000e+02
2.001779e+02 2.000000e+02
2.001489e+02 2.000000e+02
2.001318e+02 2.000000e+02
2.001116e+02 2.000000e+02
2.000963e+02 2.000000e+02
2.000852e+02 2.000000e+02
2.000553e+02 2.000000e+02
2.000323e+02 2.000000e+02
2.000227e+02 2.000000e+02
2.000146e+02 2.000000e+02
2.000087e+02 2.000000e+02
2.000068e+02 2.000000e+02
2.000065e+02 2.000000e+02
2.000046e+02 2.000000e+02
2.000038e+02 2.000000e+02
2.000028e+02 2.000000e+02
2.000023e+02 2.000000e+02
2.000018e+02 2.000000e+02
2.000014e+02 2.000000e+02
2.000011e+02 2.000000e+02
2.000009e+02 2.000000e+02
2.000007e+02 2.000000e+02
2.000004e+02 2.000000e+02
2.000002e+02 2.000000e+02
2.000001e+02 2.000000e+02
2.000000e+02 2.000000e+02
2.000000e+02 2.000000e+02
2.000000e+02 2.000000e+02
2.000000e+02 2.000000e+02
2.000000e+02 2.000000e+02
2.000000e+02 2.000000e+02
2.000000e+02 2.000000e+02
2.000000e+02 2.000000e+02
2.000000e+02 2.000000e+02
2.000000e+02 2.000000e+02
2.000000e+02 2.000000e+02
2.000000e+02 2.000000e+02
2.000000e+02 2.000000e+02
2.000000e+02 2.000000e+02
2.000000e+02 2.000000e+02
2.000000e+02 2.000000e+02
2.000000e+02 2.000000e+02
2.000000e+02 2.000000e+02
2.000000e+02 2.000000e+02
2.000000e+02 2.000000e+02
2.000000e+02 2.000000e+02
2.000000e+02 2.000000e+02
2.000000e+02 2.000000e+02
2.000000e+02 2.000000e+02
2.000000e+02 2.000000e+02
2.000000e+02 2.000000e+02
2.000000e+02 2.000000e+02
2.000000e+02 2.000000e+02
2.000000e+02 2.000000e+02
2.000000e+02 2.000000e+02
2.000000e+02 2.000000e+02
2.000000e+02 2.000000e+02
2.000000e+02 2.000000e+02
2.000000e+02 2.000000e+02
2.000000e+02 2.000000e+02
6.310601e+03 1.309786e+03
2.148203e+03 4.689676e+02
1.591234e+03 4.611129e+02
1.354387e+03 4.523486e+02
1.107247e+03 4.385166e+02
8.834278e+02 4.199893e+02
6.785372e+02 4.028783e+02
5.240834e+02 3.695659e+02
4.113592e+02 3.327181e+02
3.455358e+02 3.019986e+02
3.068696e+02 2.405539e+02
2.794101e+02 2.405539e+02
2.615280e+02 2.387611e+02
2.431878e+02 2.296456e+02
2.291802e+02 2.182610e+02
2.191564e+02 2.130661e+02
2.132399e+02 2.089271e+02
2.087918e+02 2.057288e+02
2.063599e+02 2.037004e+02
2.044270e+02 2.017820e+02
2.030810e+02 2.014307e+02
2.023080e+02 2.010085e+02
2.017821e+02 2.006115e+02
2.014805e+02 2.003205e+02
2.011668e+02 2.002414e+02
2.009694e+02 2.001412e+02
2.007621e+02 2.000977e+02
2.006592e+02 2.000261e+02
2.006073e+02 2.000249e+02
2.005492e+02 2.000229e+02
2.005315e+02 2.000147e+02
2.005207e+02 2.000081e+02
2.005019e+02 2.000049e+02
2.004907e+02 2.000029e+02
2.004851e+02 2.000009e+02
2.004805e+02 2.000009e+02
2.004855e+02 2.000006e+02
2.004799e+02 2.000003e+02
2.004778e+02 2.000002e+02
2.004742e+02 2.000001e+02
2.004734e+02 2.000001e+02
2.004550e+02 2.000000e+02
2.004397e+02 2.000000e+02
2.004190e+02 2.000000e+02
2.003910e+02 2.000000e+02
2.003546e+02 2.000000e+02
2.003310e+02 2.000000e+02
2.002633e+02 2.000000e+02
2.001846e+02 2.000000e+02
2.000982e+02 2.000000e+02
2.000632e+02 2.000000e+02
2.000475e+02 2.000000e+02
2.000429e+02 2.000000e+02
2.000354e+02 2.000000e+02
2.000281e+02 2.000000e+02
2.000224e+02 2.000000e+02
2.000185e+02 2.000000e+02
2.000163e+02 2.000000e+02
2.000124e+02 2.000000e+02
2.000103e+02 2.000000e+02
2.000077e+02 2.000000e+02
2.000062e+02 2.000000e+02
2.000046e+02 2.000000e+02
2.000024e+02 2.000000e+02
2.000014e+02 2.000000e+02
2.000008e+02 2.000000e+02
2.000006e+02 2.000000e+02
2.000005e+02 2.000000e+02
2.000003e+02 2.000000e+02
2.000002e+02 2.000000e+02
2.000002e+02 2.000000e+02
2.000001e+02 2.000000e+02
2.000001e+02 2.000000e+02
2.000001e+02 2.000000e+02
2.000000e+02 2.000000e+02
2.000000e+02 2.000000e+02
2.000000e+02 2.000000e+02
2.000000e+02 2.000000e+02
2.000000e+02 2.000000e+02
2.000000e+02 2.000000e+02
2.000000e+02 2.000000e+02
2.000000e+02 2.000000e+02
2.000000e+02 2.000000e+02
2.000000e+02 2.000000e+02
2.000000e+02 2.000000e+02
2.000000e+02 2.000000e+02
2.000000e+02 2.000000e+02
2.000000e+02 2.000000e+02
2.000000e+02 2.000000e+02
2.000000e+02 2.000000e+02
2.000000e+02 2.000000e+02
2.000000e+02 2.000000e+02
2.000000e+02 2.000000e+02
2.000000e+02 2.000000e+02
2.000000e+02 2.000000e+02
2.000000e+02 2.000000e+02
2.000000e+02 2.000000e+02
2.000000e+02 2.000000e+02
2.000000e+02 2.000000e+02
2.000000e+02 2.000000e+02
2.000000e+02 2.000000e+02
6.312117e+03 1.379091e+03
2.167322e+03 5.449658e+02
1.611717e+03 5.396490e+02
1.377223e+03 5.308474e+02
1.128772e+03 5.149385e+02
8.881938e+02 4.938859e+02
6.715097e+02 4.345800e+02
5.379083e+02 3.929913e+02
4.222241e+02 2.787713e+02
3.533838e+02 2.787713e+02
3.104308e+02 2.772003e+02
2.807138e+02 2.027356e+02
2.624659e+02 2.027356e+02
2.442291e+02 2.027356e+02
2.291593e+02 2.027356e+02
2.185236e+02 2.027356e+02
2.128457e+02 2.027356e+02
2.083346e+02 2.027356e+02
2.060557e+02 2.027356e+02
2.042278e+02 2.021186e+02
2.030764e+02 2.011494e+02
2.023610e+02 2.006422e+02
2.018663e+02 2.005872e+02
2.015300e+02 2.003495e+02
2.013204e+02 2.001234e+02
2.010741e+02 2.001234e+02
2.009134e+02 2.000853e+02
2.007444e+02 2.000363e+02
2.006037e+02 2.000351e+02
2.005280e+02 2.000126e+02
2.004792e+02 2.000123e+02
2.004453e+02 2.000085e+02
2.004260e+02 2.000049e+02
2.004071e+02 2.000030e+02
2.003675e+02 2.000018e+02
2.003252e+02 2.000010e+02
2.002698e+02 2.000005e+02
2.002654e+02 2.000004e+02
2.002366e+02 2.000002e+02
2.001841e+02 2.000001e+02
2.001749e+02 2.000000e+02
2.001550e+02 2.000000e+02
2.001274e+02 2.000000e+02
2.001069e+02 2.000000e+02
2.000931e+02 2.000000e+02
2.000772e+02 2.000000e+02
2.000654e+02 2.000000e+02
2.000547e+02 2.000000e+02
2.000364e+02 2.000000e+02
2.000216e+02 2.000000e+02
2.000127e+02 2.000000e+02
2.000096e+02 2.000000e+02
2.000078e+02 2.000000e+02
2.000064e+02 2.000000e+02
2.000052e+02 2.000000e+02
2.000041e+02 2.000000e+02
2.000030e+02 2.000000e+02
2.000025e+02 2.000000e+02
2.000020e+02 2.000000e+02
2.000016e+02 2.000000e+02
2.000012e+02 2.000000e+02
2.000009e+02 2.000000e+02
2.000007e+02 2.000000e+02
2.000005e+02 2.000000e+02
2.000002e+02 2.000000e+02
2.000001e+02 2.000000e+02
2.000001e+02 2.000000e+02
2.000000e+02 2.000000e+02
2.000000e+02 2.000000e+02
2.000000e+02 2.000000e+02
2.000000e+02 2.000000e+02
2.000000e+02 2.000000e+02
2.000000e+02 2.000000e+02
2.000000e+02 2.000000e+02
2.000000e+02 2.000000e+02
2.000000e+02 2.000000e+02
2.000000e+02 2.000000e+02
2.000000e+02 2.000000e+02
2.000000e+02 2.000000e+02
2.000000e+02 2.000000e+02
2.000000e+02 2.000000e+02
2.000000e+02 2.000000e+02
2.000000e+02 2.000000e+02
2.000000e+02 2.000000e+02
2.000000e+02 2.000000e+02
2.000000e+02 2.000000e+02
2.000000e+02 2.000000e+02
2.000000e+02 2.000000e+02
2.000000e+02 2.000000e+02
2.000000e+02 2.000000e+02
2.000000e+02 2.000000e+02
2.000000e+02 2.000000e+02
2.000000e+02 2.000000e+02
2.000000e+02 2.000000e+02
2.000000e+02 2.000000e+02
2.000000e+02 2.000000e+02
2.000000e+02 2.000000e+02
2.000000e+02 2.000000e+02
2.000000e+02 2.000000e+02
2.000023e+02 2.000000e+02
2.000000e+02 2.000000e+02
6.307821e+03 1.222465e+03
2.151881e+03 4.886127e+02
1.617851e+03 4.799223e+02
1.395649e+03 4.698883e+02
1.149446e+03 4.528655e+02
9.205012e+02 4.356163e+02
6.931284e+02 4.054168e+02
5.449034e+02 3.725561e+02
4.168544e+02 3.353866e+02
3.472356e+02 2.933566e+02
3.050539e+02 2.481649e+02
2.800936e+02 2.481649e+02
2.618294e+02 2.452804e+02
2.441076e+02 2.307092e+02
2.292260e+02 2.194276e+02
2.187974e+02 2.051770e+02
2.130541e+02 2.051770e+02
2.084634e+02 2.047545e+02
2.060411e+02 2.021880e+02
2.041801e+02 2.019821e+02
2.029009e+02 2.008383e+02
2.021200e+02 2.007944e+02
2.015505e+02 2.005605e+02
2.012664e+02 2.003250e+02
2.010672e+02 2.002431e+02
2.009157e+02 2.000634e+02
2.007519e+02 2.000634e+02
2.006496e+02 2.000507e+02
2.005999e+02 2.000289e+02
2.005415e+02 2.000225e+02
2.005122e+02 2.000070e+02
2.004996e+02 2.000070e+02
2.004881e+02 2.000048e+02
2.004868e+02 2.000028e+02
2.004832e+02 2.000012e+02
2.004805e+02 2.000005e+02
2.004775e+02 2.000005e+02
2.004597e+02 2.000003e+02
2.004417e+02 2.000002e+02
2.004245e+02 2.000001e+02
2.004215e+02 2.000001e+02
2.004125e+02 2.000000e+02
2.003913e+02 2.000000e+02
2.003646e+02 2.000000e+02
2.003327e+02 2.000000e+02
2.002969e+02 2.000000e+02
2.002716e+02 2.000000e+02
2.002056e+02 2.000000e+02
2.000972e+02 2.000000e+02
2.000566e+02 2.000000e+02
2.000388e+02 2.000000e+02
2.000337e+02 2.000000e+02
2.000263e+02 2.000000e+02
2.000221e+02 2.000000e+02
2.000188e+02 2.000000e+02
2.000136e+02 2.000000e+02
2.000123e+02 2.000000e+02
2.000099e+02 2.000000e+02
2.000083e+02 2.000000e+02
2.000066e+02 2.000000e+02
2.000054e+02 2.000000e+02
2.000042e+02 2.000000e+02
2.000030e+02 2.000000e+02
2.000008e+02 2.000000e+02
2.000004e+02 2.000000e+02
2.000003e+02 2.000000e+02
2.000003e+02 2.000000e+02
2.000002e+02 2.000000e+02
2.000002e+02 2.000000e+02
2.000001e+02 2.000000e+02
2.000001e+02 2.000000e+02
2.000001e+02 2.000000e+02
2.000000e+02 2.000000e+02
2.000000e+02 2.000000e+02
2.000000e+02 2.000000e+02
2.000000e+02 2.000000e+02
2.000000e+02 2.000000e+02
2.000000e+02 2.000000e+02
2.000000e+02 2.000000e+02
2.000000e+02 2.000000e+02
2.000000e+02 2.000000e+02
2.000000e+02 2.000000e+02
2.000000e+02 2.000000e+02
2.000000e+02 2.000000e+02
2.000000e+02 2.000000e+02
2.000000e+02 2.000000e+02
2.000000e+02 2.000000e+02
2.000000e+02 2.000000e+02
2.000000e+02 2.000000e+02
2.000000e+02 2.000000e+02
2.000000e+02 2.000000e+02
2.000000e+02 2.000000e+02
2.000000e+02 2.000000e+02
2.000000e+02 2.000000e+02
2.000000e+02 2.000000e+02
2.000000e+02 2.000000e+02
2.000000e+02 2.000000e+02
2.000000e+02 2.000000e+02
2.000000e+02 2.000000e+02
2.000000e+02 2.000000e+02
2.000000e+02 2.000000e+02
6.357118e+03 1.295245e+03
2.171373e+03 5.632622e+02
1.627222e+03 5.529121e+02
1.382153e+03 5.424893e+02
1.144124e+03 5.303936e+02
9.098725e+02 5.016568e+02
6.917259e+02 4.526475e+02
5.585675e+02 4.050684e+02
4.288809e+02 3.500012e+02
3.551394e+02 2.604502e+02
3.126598e+02 2.604502e+02
2.826056e+02 2.591574e+02
2.656232e+02 2.352735e+02
2.473467e+02 2.331424e+02
2.322701e+02 2.227165e+02
2.201783e+02 2.135729e+02
2.139147e+02 2.092431e+02
2.091891e+02 2.061465e+02
2.063806e+02 2.040189e+02
2.043509e+02 2.024255e+02
2.031389e+02 2.012817e+02
2.022712e+02 2.009744e+02
2.017395e+02 2.006029e+02
2.013961e+02 2.001769e+02
2.011673e+02 2.001769e+02
2.009334e+02 2.000739e+02
2.006956e+02 2.000739e+02
2.005996e+02 2.000541e+02
2.005056e+02 2.000352e+02
2.004475e+02 2.000203e+02
2.004178e+02 2.000136e+02
2.003888e+02 2.000079e+02
2.003731e+02 2.000048e+02
2.003504e+02 2.000026e+02
2.003432e+02 2.000013e+02
2.003172e+02 2.000008e+02
2.002998e+02 2.000005e+02
2.002848e+02 2.000003e+02
2.002583e+02 2.000002e+02
2.002300e+02 2.000001e+02
2.002081e+02 2.000001e+02
2.001747e+02 2.000000e+02
2.001597e+02 2.000000e+02
2.001393e+02 2.000000e+02
2.001189e+02 2.000000e+02
2.000918e+02 2.000000e+02
2.000756e+02 2.000000e+02
2.000523e+02 2.000000e+02
2.000288e+02 2.000000e+02
2.000170e+02 2.000000e+02
2.000123e+02 2.000000e+02
2.000091e+02 2.000000e+02
2.000077e+02 2.000000e+02
2.000060e+02 2.000000e+02
2.000054e+02 2.000000e+02
2.000040e+02 2.000000e+02
2.000032e+02 2.000000e+02
2.000031e+02 2.000000e+02
2.000024e+02 2.000000e+02
2.000019e+02 2.000000e+02
2.000014e+02 2.000000e+02
2.000011e+02 2.000000e+02
2.000008e+02 2.000000e+02
2.000004e+02 2.000000e+02
2.000002e+02 2.000000e+02
2.000001e+02 2.000000e+02
2.000001e+02 2.000000e+02
2.000001e+02 2.000000e+02
2.000001e+02 2.000000e+02
2.000000e+02 2.000000e+02
2.000000e+02 2.000000e+02
2.000000e+02 2.000000e+02
2.000000e+02 2.000000e+02
2.000000e+02 2.000000e+02
2.000000e+02 2.000000e+02
2.000000e+02 2.000000e+02
2.000000e+02 2.000000e+02
2.000000e+02 2.000000e+02
2.000000e+02 2.000000e+02
2.000000e+02 2.000000e+02
2.000000e+02 2.000000e+02
2.000000e+02 2.000000e+02
2.000000e+02 2.000000e+02
2.000000e+02 2.000000e+02
2.000000e+02 2.000000e+02
2.000000e+02 2.000000e+02
2.000000e+02 2.000000e+02
2.000000e+02 2.000000e+02
2.000000e+02 2.000000e+02
2.000000e+02 2.000000e+02
2.000000e+02 2.000000e+02
2.000000e+02 2.000000e+02
2.000000e+02 2.000000e+02
2.000000e+02 2.000000e+02
2.000000e+02 2.000000e+02
2.000000e+02 2.000000e+02
2.000000e+02 2.000000e+02
2.000000e+02 2.000000e+02
2.000000e+02 2.000000e+02
2.000000e+02 2.000000e+02
2.000000e+02 2.000000e+02
6.358024e+03 1.470494e+03
2.156129e+03 6.391323e+02
1.627807e+03 6.262363e+02
1.401710e+03 6.150300e+02
1.164343e+03 5.925772e+02
9.153001e+02 5.734065e+02
6.975190e+02 4.698193e+02
5.485571e+02 3.830157e+02
4.287156e+02 3.219368e+02
3.516818e+02 2.973852e+02
3.093334e+02 2.745493e+02
2.821275e+02 2.399361e+02
2.648008e+02 2.273208e+02
2.450393e+02 2.272263e+02
2.303008e+02 2.173569e+02
2.201723e+02 2.135836e+02
2.142275e+02 2.038705e+02
2.097176e+02 2.025176e+02
2.069844e+02 2.025165e+02
2.048786e+02 2.019953e+02
2.035372e+02 2.015406e+02
2.027172e+02 2.010004e+02
2.021229e+02 2.006470e+02
2.017554e+02 2.004405e+02
2.014632e+02 2.002613e+02
2.012507e+02 2.001633e+02
2.010719e+02 2.000880e+02
2.008612e+02 2.000636e+02
2.007906e+02 2.000382e+02
2.007702e+02 2.000222e+02
2.007396e+02 2.000152e+02
2.007256e+02 2.000056e+02
2.007208e+02 2.000050e+02
2.007201e+02 2.000034e+02
2.007132e+02 2.000019e+02
2.007080e+02 2.000010e+02
2.007048e+02 2.000007e+02
2.007052e+02 2.000002e+02
2.007104e+02 2.000001e+02
2.007149e+02 2.000001e+02
2.007230e+02 2.000001e+02
2.007332e+02 2.000000e+02
2.007383e+02 2.000000e+02
2.007464e+02 2.000000e+02
2.007550e+02 2.000000e+02
2.007657e+02 2.000000e+02
2.007735e+02 2.000000e+02
2.007833e+02 2.000000e+02
2.007934e+02 2.000000e+02
2.008072e+02 2.000000e+02
2.008218e+02 2.000000e+02
2.008379e+02 2.000000e+02
2.008556e+02 2.000000e+02
2.008721e+02 2.000000e+02
2.008912e+02 2.000000e+02
2.009096e+02 2.000000e+02
2.009272e+02 2.000000e+02
2.009436e+02 2.000000e+02
2.009661e+02 2.000000e+02
2.009847e+02 2.000000e+02
2.010059e+02 2.000000e+02
2.010294e+02 2.000000e+02
2.010543e+02 2.000000e+02
2.010806e+02 2.000000e+02
2.011072e+02 2.000000e+02
2.011393e+02 2.000000e+02
2.011698e+02 2.000000e+02
2.012040e+02 2.000000e+02
2.012424e+02 2.000000e+02
2.012810e+02 2.000000e+02
2.013198e+02 2.000000e+02
2.013661e+02 2.000000e+02
2.014103e+02 2.000000e+02
2.014633e+02 2.000000e+02
2.015173e+02 2.000000e+02
2.015720e+02 2.000000e+02
2.016381e+02 2.000000e+02
2.017021e+02 2.000000e+02
2.017799e+02 2.000000e+02
2.018557e+02 2.000000e+02
2.019434e+02 2.000000e+02
2.020397e+02 2.000000e+02
2.021461e+02 2.000000e+02
2.022643e+02 2.000000e+02
2.023962e+02 2.000000e+02
2.025532e+02 2.000000e+02
2.027122e+02 2.000000e+02
2.029036e+02 2.000000e+02
2.031241e+02 2.000000e+02
2.033809e+02 2.000000e+02
2.036837e+02 2.000000e+02
2.040460e+02 2.000000e+02
2.044874e+02 2.000000e+02
2.050369e+02 2.000000e+02
2.057397e+02 2.000000e+02
2.066704e+02 2.000000e+02
2.079615e+02 2.000000e+02
2.098723e+02 2.000000e+02
2.129898e+02 2.000000e+02
2.189851e+02 2.000000e+02
2.352581e+02 2.000000e+02
6.330039e+03 1.533574e+03
2.147884e+03 5.012586e+02
1.609268e+03 4.914975e+02
1.366720e+03 4.807857e+02
1.115559e+03 4.734761e+02
8.911048e+02 4.555590e+02
6.897648e+02 3.464364e+02
5.447151e+02 3.464364e+02
4.248839e+02 3.209311e+02
3.519252e+02 3.029168e+02
3.087061e+02 2.776338e+02
2.800542e+02 2.609101e+02
2.630524e+02 2.470230e+02
2.449213e+02 2.279458e+02
2.290971e+02 2.146367e+02
2.187368e+02 2.132672e+02
2.130622e+02 2.080419e+02
2.085750e+02 2.055661e+02
2.060034e+02 2.036641e+02
2.040330e+02 2.020867e+02
2.028874e+02 2.015004e+02
2.021039e+02 2.009052e+02
2.015811e+02 2.006198e+02
2.012553e+02 2.003418e+02
2.009800e+02 2.002419e+02
2.008139e+02 2.001104e+02
2.006517e+02 2.000788e+02
2.005501e+02 2.000551e+02
2.004899e+02 2.000367e+02
2.003862e+02 2.000215e+02
2.003433e+02 2.000110e+02
2.003266e+02 2.000088e+02
2.002986e+02 2.000051e+02
2.002717e+02 2.000031e+02
2.002713e+02 2.000018e+02
2.002440e+02 2.000008e+02
2.002255e+02 2.000003e+02
2.002002e+02 2.000003e+02
2.001704e+02 2.000002e+02
2.001617e+02 2.000001e+02
2.001431e+02 2.000001e+02
2.001238e+02 2.000000e+02
2.001030e+02 2.000000e+02
2.000833e+02 2.000000e+02
2.000695e+02 2.000000e+02
2.000595e+02 2.000000e+02
2.000509e+02 2.000000e+02
2.000298e+02 2.000000e+02
2.000251e+02 2.000000e+02
2.000154e+02 2.000000e+02
2.000089e+02 2.000000e+02
2.000069e+02 2.000000e+02
2.000056e+02 2.000000e+02
2.000045e+02 2.000000e+02
2.000034e+02 2.000000e+02
2.000029e+02 2.000000e+02
2.000022e+02 2.000000e+02
2.000017e+02 2.000000e+02
2.000013e+02 2.000000e+02
2.000010e+02 2.000000e+02
2.000007e+02 2.000000e+02
2.000006e+02 2.000000e+02
2.000005e+02 2.000000e+02
2.000002e+02 2.000000e+02
2.000001e+02 2.000000e+02
2.000001e+02 2.000000e+02
2.000000e+02 2.000000e+02
2.000000e+02 2.000000e+02
2.000000e+02 2.000000e+02
2.000000e+02 2.000000e+02
2.000000e+02 2.000000e+02
2.000000e+02 2.000000e+02
2.000000e+02 2.000000e+02
2.000000e+02 2.000000e+02
2.000000e+02 2.000000e+02
2.000000e+02 2.000000e+02
2.000000e+02 2.000000e+02
2.000000e+02 2.000000e+02
2.000000e+02 2.000000e+02
2.000000e+02 2.000000e+02
2.000000e+02 2.000000e+02
2.000000e+02 2.000000e+02
2.000000e+02 2.000000e+02
2.000000e+02 2.000000e+02
2.000000e+02 2.000000e+02
2.000000e+02 2.000000e+02
2.000000e+02 2.000000e+02
2.000000e+02 2.000000e+02
2.000000e+02 2.000000e+02
2.000000e+02 2.000000e+02
2.000000e+02 2.000000e+02
2.000000e+02 2.000000e+02
2.000000e+02 2.000000e+02
2.000000e+02 2.000000e+02
2.000000e+02 2.000000e+02
2.000000e+02 2.000000e+02
2.000000e+02 2.000000e+02
2.000000e+02 2.000000e+02
2.000000e+02 2.000000e+02
2.000000e+02 2.000000e+02
2.000000e+02 2.000000e+02
6.322908e+03 1.324231e+03
2.155864e+03 4.847924e+02
1.607021e+03 4.761970e+02
1.369387e+03 4.656104e+02
1.119709e+03 4.548417e+02
8.678679e+02 4.402002e+02
6.617598e+02 4.163429e+02
5.204524e+02 3.904032e+02
4.107526e+02 3.121106e+02
3.436643e+02 3.029783e+02
3.059500e+02 2.311070e+02
2.786642e+02 2.311070e+02
2.597576e+02 2.311070e+02
2.410691e+02 2.141801e+02
2.282010e+02 2.141801e+02
2.186574e+02 2.124859e+02
2.127018e+02 2.081262e+02
2.083430e+02 2.044194e+02
2.059663e+02 2.025276e+02
2.041320e+02 2.014916e+02
2.028926e+02 2.013092e+02
2.021467e+02 2.004876e+02
2.016118e+02 2.004834e+02
2.013070e+02 2.003344e+02
2.011329e+02 2.001925e+02
2.008802e+02 2.001278e+02
2.006116e+02 2.000450e+02
2.005001e+02 2.000412e+02
2.004145e+02 2.000278e+02
2.003408e+02 2.000179e+02
2.003004e+02 2.000120e+02
2.002671e+02 2.000068e+02
2.002669e+02 2.000040e+02
2.002507e+02 2.000026e+02
2.002359e+02 2.000015e+02
2.002034e+02 2.000008e+02
2.001807e+02 2.000005e+02
2.001489e+02 2.000003e+02
2.001285e+02 2.000002e+02
2.001227e+02 2.000001e+02
2.001038e+02 2.000001e+02
2.000979e+02 2.000000e+02
2.000886e+02 2.000000e+02
2.000782e+02 2.000000e+02
2.000622e+02 2.000000e+02
2.000496e+02 2.000000e+02
2.000447e+02 2.000000e+02
2.000170e+02 2.000000e+02
2.000094e+02 2.000000e+02
2.000045e+02 2.000000e+02
2.000040e+02 2.000000e+02
2.000035e+02 2.000000e+02
2.000028e+02 2.000000e+02
2.000021e+02 2.000000e+02
2.000017e+02 2.000000e+02
2.000015e+02 2.000000e+02
2.000012e+02 2.000000e+02
2.000010e+02 2.000000e+02
2.000007e+02 2.000000e+02
2.000006e+02 2.000000e+02
2.000005e+02 2.000000e+02
2.000004e+02 2.000000e+02
2.000002e+02 2.000000e+02
2.000001e+02 2.000000e+02
2.000000e+02 2.000000e+02
2.000000e+02 2.000000e+02
2.000000e+02 2.000000e+02
2.000000e+02 2.000000e+02
2.000000e+02 2.000000e+02
2.000000e+02 2.000000e+02
2.000000e+02 2.000000e+02
2.000000e+02 2.000000e+02
2.000000e+02 2.000000e+02
2.000000e+02 2.000000e+02
2.000000e+02 2.000000e+02
2.000000e+02 2.000000e+02
2.000000e+02 2.000000e+02
2.000000e+02 2.000000e+02
2.000000e+02 2.000000e+02
2.000000e+02 2.000000e+02
2.000000e+02 2.000000e+02
2.000000e+02 2.000000e+02
2.000000e+02 2.000000e+02
2.000000e+02 2.000000e+02
2.000000e+02 2.000000e+02
2.000000e+02 2.000000e+02
2.000000e+02 2.000000e+02
2.000000e+02 2.000000e+02
2.000000e+02 2.000000e+02
2.000000e+02 2.000000e+02
2.000000e+02 2.000000e+02
2.000000e+02 2.000000e+02
2.000000e+02 2.000000e+02
2.000000e+02 2.000000e+02
2.000000e+02 2.000000e+02
2.000000e+02 2.000000e+02
2.000000e+02 2.000000e+02
2.000000e+02 2.000000e+02
2.000000e+02 2.000000e+02
2.000000e+02 2.000000e+02
2.000000e+02 2.000000e+02
6.362571e+03 1.597121e+03
2.162285e+03 5.592065e+02
1.626559e+03 5.487923e+02
1.403498e+03 5.353344e+02
1.167288e+03 5.204724e+02
9.322345e+02 5.043787e+02
7.111779e+02 4.614990e+02
5.711596e+02 3.983634e+02
4.422199e+02 2.601646e+02
3.587016e+02 2.601646e+02
3.150092e+02 2.257540e+02
2.850519e+02 2.257540e+02
2.628316e+02 2.257540e+02
2.440679e+02 2.257540e+02
2.301769e+02 2.202157e+02
2.196889e+02 2.131704e+02
2.138552e+02 2.096894e+02
2.095560e+02 2.060928e+02
2.066625e+02 2.036465e+02
2.046853e+02 2.009466e+02
2.033273e+02 2.009466e+02
2.024919e+02 2.007686e+02
2.019399e+02 2.006201e+02
2.015906e+02 2.003368e+02
2.013720e+02 2.002434e+02
2.012276e+02 2.001241e+02
2.010118e+02 2.000685e+02
2.007682e+02 2.000208e+02
2.006970e+02 2.000199e+02
2.006596e+02 2.000199e+02
2.006488e+02 2.000126e+02
2.006412e+02 2.000082e+02
2.006354e+02 2.000049e+02
2.006308e+02 2.000030e+02
2.006315e+02 2.000012e+02
2.006303e+02 2.000010e+02
2.006341e+02 2.000003e+02
2.006344e+02 2.000002e+02
2.006426e+02 2.000002e+02
2.006408e+02 2.000001e+02
2.006440e+02 2.000000e+02
2.006521e+02 2.000000e+02
2.006600e+02 2.000000e+02
2.006689e+02 2.000000e+02
2.006807e+02 2.000000e+02
2.006887e+02 2.000000e+02
2.007000e+02 2.000000e+02
2.007100e+02 2.000000e+02
2.007202e+02 2.000000e+02
2.007324e+02 2.000000e+02
2.007362e+02 2.000000e+02
2.007499e+02 2.000000e+02
2.007654e+02 2.000000e+02
2.007663e+02 2.000000e+02
2.007723e+02 2.000000e+02
2.007786e+02 2.000000e+02
2.007834e+02 2.000000e+02
2.007967e+02 2.000000e+02
2.007966e+02 2.000000e+02
2.007961e+02 2.000000e+02
2.007970e+02 2.000000e+02
2.007966e+02 2.000000e+02
2.007959e+02 2.000000e+02
2.007579e+02 2.000000e+02
2.006922e+02 2.000000e+02
2.006389e+02 2.000000e+02
2.005984e+02 2.000000e+02
2.005967e+02 2.000000e+02
2.005685e+02 2.000000e+02
2.004278e+02 2.000000e+02
2.003426e+02 2.000000e+02
2.002821e+02 2.000000e+02
2.002109e+02 2.000000e+02
2.001664e+02 2.000000e+02
2.000928e+02 2.000000e+02
2.000448e+02 2.000000e+02
2.000240e+02 2.000000e+02
2.000189e+02 2.000000e+02
2.000129e+02 2.000000e+02
2.000086e+02 2.000000e+02
2.000050e+02 2.000000e+02
2.000033e+02 2.000000e+02
2.000009e+02 2.000000e+02
2.000003e+02 2.000000e+02
2.000002e+02 2.000000e+02
2.000001e+02 2.000000e+02
2.000001e+02 2.000000e+02
2.000000e+02 2.000000e+02
2.000000e+02 2.000000e+02
2.000000e+02 2.000000e+02
2.000000e+02 2.000000e+02
2.000000e+02 2.000000e+02
2.000000e+02 2.000000e+02
2.000000e+02 2.000000e+02
2.000000e+02 2.000000e+02
2.000000e+02 2.000000e+02
2.000000e+02 2.000000e+02
2.000000e+02 2.000000e+02
2.000000e+02 2.000000e+02
2.000000e+02 2.000000e+02
2.000000e+02 2.000000e+02
6.330270e+03 1.236778e+03
2.163702e+03 4.964428e+02
1.613798e+03 4.863095e+02
1.379583e+03 4.793935e+02
1.154489e+03 4.666829e+02
9.236238e+02 4.478472e+02
7.180084e+02 3.607806e+02
5.575263e+02 3.006282e+02
4.353652e+02 2.543290e+02
3.572279e+02 2.543290e+02
3.121410e+02 2.543290e+02
2.824668e+02 2.543290e+02
2.651067e+02 2.471359e+02
2.478318e+02 2.333636e+02
2.325206e+02 2.231906e+02
2.202190e+02 2.135202e+02
2.143737e+02 2.075535e+02
2.094654e+02 2.059477e+02
2.066287e+02 2.040981e+02
2.046589e+02 2.025607e+02
2.033102e+02 2.015470e+02
2.023861e+02 2.004744e+02
2.017915e+02 2.003830e+02
2.014042e+02 2.002758e+02
2.012047e+02 2.002309e+02
2.009756e+02 2.001072e+02
2.008382e+02 2.000951e+02
2.006958e+02 2.000269e+02
2.006507e+02 2.000269e+02
2.006039e+02 2.000208e+02
2.005905e+02 2.000126e+02
2.005814e+02 2.000078e+02
2.005635e+02 2.000051e+02
2.005519e+02 2.000027e+02
2.005492e+02 2.000013e+02
2.005388e+02 2.000007e+02
2.005355e+02 2.000005e+02
2.005327e+02 2.000003e+02
2.005173e+02 2.000002e+02
2.004980e+02 2.000001e+02
2.004808e+02 2.000000e+02
2.004741e+02 2.000000e+02
2.004577e+02 2.000000e+02
2.004214e+02 2.000000e+02
2.004141e+02 2.000000e+02
2.004037e+02 2.000000e+02
2.003669e+02 2.000000e+02
2.002143e+02 2.000000e+02
2.001300e+02 2.000000e+02
2.000864e+02 2.000000e+02
2.000481e+02 2.000000e+02
2.000423e+02 2.000000e+02
2.000339e+02 2.000000e+02
2.000270e+02 2.000000e+02
2.000237e+02 2.000000e+02
2.000186e+02 2.000000e+02
2.000154e+02 2.000000e+02
2.000118e+02 2.000000e+02
2.000090e+02 2.000000e+02
2.000075e+02 2.000000e+02
2.000063e+02 2.000000e+02
2.000048e+02 2.000000e+02
2.000037e+02 2.000000e+02
2.000019e+02 2.000000e+02
2.000012e+02 2.000000e+02
2.000006e+02 2.000000e+02
2.000004e+02 2.000000e+02
2.000003e+02 2.000000e+02
2.000002e+02 2.000000e+02
2.000002e+02 2.000000e+02
2.000001e+02 2.000000e+02
2.000001e+02 2.000000e+02
2.000001e+02 2.000000e+02
2.000000e+02 2.000000e+02
2.000000e+02 2.000000e+02
2.000000e+02 2.000000e+02
2.000000e+02 2.000000e+02
2.000000e+02 2.000000e+02
2.000000e+02 2.000000e+02
2.000000e+02 2.000000e+02
2.000000e+02 2.000000e+02
2.000000e+02 2.000000e+02
2.000000e+02 2.000000e+02
2.000000e+02 2.000000e+02
2.000000e+02 2.000000e+02
2.000000e+02 2.000000e+02
2.000000e+02 2.000000e+02
2.000000e+02 2.000000e+02
2.000000e+02 2.000000e+02
2.000000e+02 2.000000e+02
2.000000e+02 2.000000e+02
2.000000e+02 2.000000e+02
2.000000e+02 2.000000e+02
2.000000e+02 2.000000e+02
2.000000e+02 2.000000e+02
2.000000e+02 2.000000e+02
2.000000e+02 2.000000e+02
2.000000e+02 2.000000e+02
2.000000e+02 2.000000e+02
2.000000e+02 2.000000e+02
2.000000e+02 2.000000e+02
6.271840e+03 1.287146e+03
2.143356e+03 6.279853e+02
1.612243e+03 6.141196e+02
1.368489e+03 6.021493e+02
1.128765e+03 5.847319e+02
8.766802e+02 4.908229e+02
6.576373e+02 4.672942e+02
5.305377e+02 3.821487e+02
4.179315e+02 2.812472e+02
3.478850e+02 2.331288e+02
3.070028e+02 2.331288e+02
2.776179e+02 2.331288e+02
2.582044e+02 2.331288e+02
2.404181e+02 2.281420e+02
2.278596e+02 2.103811e+02
2.184160e+02 2.103811e+02
2.127908e+02 2.067669e+02
2.082358e+02 2.051463e+02
2.058871e+02 2.034848e+02
2.041767e+02 2.006340e+02
2.028724e+02 2.006340e+02
2.021432e+02 2.006340e+02
2.016381e+02 2.001466e+02
2.013766e+02 2.001460e+02
2.011783e+02 2.001460e+02
2.009310e+02 2.001369e+02
2.008136e+02 2.000824e+02
2.006688e+02 2.000508e+02
2.005599e+02 2.000304e+02
2.004737e+02 2.000178e+02
2.004263e+02 2.000111e+02
2.003882e+02 2.000070e+02
2.003897e+02 2.000044e+02
2.003612e+02 2.000018e+02
2.003483e+02 2.000014e+02
2.003114e+02 2.000008e+02
2.002906e+02 2.000005e+02
2.002697e+02 2.000002e+02
2.002316e+02 2.000001e+02
2.002147e+02 2.000001e+02
2.002205e+02 2.000000e+02
2.002034e+02 2.000000e+02
2.001763e+02 2.000000e+02
2.001519e+02 2.000000e+02
2.001286e+02 2.000000e+02
2.001162e+02 2.000000e+02
2.000995e+02 2.000000e+02
2.000856e+02 2.000000e+02
2.000526e+02 2.000000e+02
2.000294e+02 2.000000e+02
2.000145e+02 2.000000e+02
2.000103e+02 2.000000e+02
2.000077e+02 2.000000e+02
2.000062e+02 2.000000e+02
2.000048e+02 2.000000e+02
2.000040e+02 2.000000e+02
2.000033e+02 2.000000e+02
2.000025e+02 2.000000e+02
2.000021e+02 2.000000e+02
2.000016e+02 2.000000e+02
2.000013e+02 2.000000e+02
2.000011e+02 2.000000e+02
2.000009e+02 2.000000e+02
2.000005e+02 2.000000e+02
2.000003e+02 2.000000e+02
2.000002e+02 2.000000e+02
2.000001e+02 2.000000e+02
2.000001e+02 2.000000e+02
2.000000e+02 2.000000e+02
2.000000e+02 2.000000e+02
2.000000e+02 2.000000e+02
2.000000e+02 2.000000e+02
2.000000e+02 2.000000e+02
2.000000e+02 2.000000e+02
2.000000e+02 2.000000e+02
2.000000e+02 2.000000e+02
2.000000e+02 2.000000e+02
2.000000e+02 2.000000e+02
2.000000e+02 2.000000e+02
2.000000e+02 2.000000e+02
2.000000e+02 2.000000e+02
2.000000e+02 2.000000e+02
2.000000e+02 2.000000e+02
2.000000e+02 2.000000e+02
2.000000e+02 2.000000e+02
2.000000e+02 2.000000e+02
2.000000e+02 2.000000e+02
2.000000e+02 2.000000e+02
2.000000e+02 2.000000e+02
2.000000e+02 2.000000e+02
2.000000e+02 2.000000e+02
2.000000e+02 2.000000e+02
2.000000e+02 2.000000e+02
2.000000e+02 2.000000e+02
2.000000e+02 2.000000e+02
2.000000e+02 2.000000e+02
2.000000e+02 2.000000e+02
2.000000e+02 2.000000e+02
2.000000e+02 2.000000e+02
2.000000e+02 2.000000e+02
2.000000e+02 2.000000e+02
6.368280e+03 1.391939e+03
2.139411e+03 7.163717e+02
1.598987e+03 7.006469e+02
1.370941e+03 6.851729e+02
1.123567e+03 6.648543e+02
8.714684e+02 5.329996e+02
6.706667e+02 4.625582e+02
5.415573e+02 3.877035e+02
4.261231e+02 3.415131e+02
3.541326e+02 2.851874e+02
3.129527e+02 2.708746e+02
2.836843e+02 2.646495e+02
2.662264e+02 2.233443e+02
2.467433e+02 2.233443e+02
2.307499e+02 2.205239e+02
2.200863e+02 2.099610e+02
2.142629e+02 2.099610e+02
2.095831e+02 2.025303e+02
2.065381e+02 2.025303e+02
2.043509e+02 2.024503e+02
2.030765e+02 2.014976e+02
2.023169e+02 2.010237e+02
2.017953e+02 2.006466e+02
2.014604e+02 2.004067e+02
2.012041e+02 2.002618e+02
2.009799e+02 2.001495e+02
2.008561e+02 2.000991e+02
2.007298e+02 2.000615e+02
2.006664e+02 2.000399e+02
2.006082e+02 2.000142e+02
2.005683e+02 2.000139e+02
2.005430e+02 2.000089e+02
2.005109e+02 2.000024e+02
2.004918e+02 2.000024e+02
2.004627e+02 2.000019e+02
2.004417e+02 2.000004e+02
2.004050e+02 2.000004e+02
2.003714e+02 2.000003e+02
2.003636e+02 2.000000e+02
2.003256e+02 2.000000e+02
2.002939e+02 2.000000e+02
2.002507e+02 2.000000e+02
2.002200e+02 2.000000e+02
2.002017e+02 2.000000e+02
2.001630e+02 2.000000e+02
2.001411e+02 2.000000e+02
2.001307e+02 2.000000e+02
2.001055e+02 2.000000e+02
2.000646e+02 2.000000e+02
2.000415e+02 2.000000e+02
2.000249e+02 2.000000e+02
2.000194e+02 2.000000e+02
2.000167e+02 2.000000e+02
2.000133e+02 2.000000e+02
2.000105e+02 2.000000e+02
2.000084e+02 2.000000e+02
2.000071e+02 2.000000e+02
2.000055e+02 2.000000e+02
2.000043e+02 2.000000e+02
2.000037e+02 2.000000e+02
2.000026e+02 2.000000e+02
2.000021e+02 2.000000e+02
2.000017e+02 2.000000e+02
2.000007e+02 2.000000e+02
2.000004e+02 2.000000e+02
2.000002e+02 2.000000e+02
2.000001e+02 2.000000e+02
2.000001e+02 2.000000e+02
2.000001e+02 2.000000e+02
2.000001e+02 2.000000e+02
2.000000e+02 2.000000e+02
2.000000e+02 2.000000e+02
2.000000e+02 2.000000e+02
2.000000e+02 2.000000e+02
2.000000e+02 2.000000e+02
2.000000e+02 2.000000e+02
2.000000e+02 2.000000e+02
2.000000e+02 2.000000e+02
2.000000e+02 2.000000e+02
2.000000e+02 2.000000e+02
2.000000e+02 2.000000e+02
2.000000e+02 2.000000e+02
2.000000e+02 2.000000e+02
2.000000e+02 2.000000e+02
2.000000e+02 2.000000e+02
2.000000e+02 2.000000e+02
2.000000e+02 2.000000e+02
2.000000e+02 2.000000e+02
2.000000e+02 2.000000e+02
2.000000e+02 2.000000e+02
2.000000e+02 2.000000e+02
2.000000e+02 2.000000e+02
2.000000e+02 2.000000e+02
2.000000e+02 2.000000e+02
2.000000e+02 2.000000e+02
2.000000e+02 2.000000e+02
2.000000e+02 2.000000e+02
2.000000e+02 2.000000e+02
2.000000e+02 2.000000e+02
2.000000e+02 2.000000e+02
2.000000e+02 2.000000e+02
