3.472277e+04 6.411787e+03
1.099022e+04 5.000419e+03
6.156928e+03 4.514639e+03
5.590421e+03 4.243475e+03
5.319317e+03 4.243475e+03
5.126752e+03 4.051865e+03
4.957316e+03 3.767163e+03
4.801553e+03 3.689516e+03
4.609401e+03 3.644597e+03
4.358676e+03 3.301252e+03
4.021743e+03 3.012374e+03
3.580225e+03 2.641368e+03
3.189110e+03 2.247292e+03
2.833265e+03 1.998323e+03
2.520670e+03 1.736655e+03
2.197818e+03 1.585840e+03
1.967897e+03 1.363253e+03
1.716005e+03 1.134193e+03
1.556482e+03 1.073824e+03
1.389758e+03 9.568100e+02
1.258562e+03 8.737845e+02
1.144235e+03 7.947128e+02
1.056771e+03 7.346031e+02
9.777471e+02 6.583772e+02
9.206109e+02 6.301117e+02
8.739617e+02 5.910871e+02
8.290643e+02 5.586219e+02
7.928222e+02 5.336488e+02
7.562669e+02 4.976278e+02
7.299309e+02 4.707935e+02
7.124411e+02 3.478363e+02
6.919974e+02 2.968393e+02
6.786938e+02 2.437299e+02
6.138003e+02 2.243754e+02
5.563990e+02 2.243754e+02
5.262365e+02 2.243754e+02
5.018973e+02 2.225116e+02
4.782766e+02 2.062403e+02
2.152127e+02 2.037940e+02
2.063840e+02 2.026398e+02
2.030399e+02 2.009117e+02
2.016539e+02 2.005515e+02
2.008343e+02 2.001651e+02
2.004994e+02 2.001152e+02
2.003471e+02 2.000592e+02
2.002211e+02 2.000287e+02
2.001590e+02 2.000152e+02
2.001356e+02 2.000076e+02
2.000922e+02 2.000035e+02
2.000678e+02 2.000019e+02
2.000496e+02 2.000007e+02
2.000369e+02 2.000005e+02
2.000252e+02 2.000002e+02
2.000136e+02 2.000001e+02
2.000084e+02 2.000001e+02
2.000042e+02 2.000000e+02
2.000022e+02 2.000000e+02
2.000017e+02 2.000000e+02
2.000013e+02 2.000000e+02
2.000009e+02 2.000000e+02
2.000008e+02 2.000000e+02
2.000006e+02 2.000000e+02
2.000004e+02 2.000000e+02
2.000003e+02 2.000000e+02
2.000003e+02 2.000000e+02
2.000002e+02 2.000000e+02
2.000001e+02 2.000000e+02
2.000001e+02 2.000000e+02
2.000000e+02 2.000000e+02
2.000000e+02 2.000000e+02
2.000000e+02 2.000000e+02
2.000000e+02 2.000000e+02
2.000000e+02 2.000000e+02
2.000000e+02 2.000000e+02
2.000000e+02 2.000000e+02
2.000000e+02 2.000000e+02
2.000000e+02 2.000000e+02
2.000000e+02 2.000000e+02
2.000000e+02 2.000000e+02
2.000000e+02 2.000000e+02
2.000000e+02 2.000000e+02
2.000000e+02 2.000000e+02
2.000000e+02 2.000000e+02
2.000000e+02 2.000000e+02
2.000000e+02 2.000000e+02
2.000000e+02 2.000000e+02
2.000000e+02 2.000000e+02
2.000000e+02 2.000000e+02
2.000000e+02 2.000000e+02
2.000000e+02 2.000000e+02
2.000000e+02 2.000000e+02
2.000000e+02 2.000000e+02
2.000000e+02 2.000000e+02
2.000000e+02 2.000000e+02
2.000000e+02 2.000000e+02
2.000000e+02 2.000000e+02
2.000000e+02 2.000000e+02
2.000000e+02 2.000000e+02
2.000000e+02 2.000000e+02
2.000000e+02 2.000000e+02
2.000000e+02 2.000000e+02
3.452879e+04 6.307957e+03
1.047966e+04 5.233399e+03
6.198480e+03 4.441728e+03
5.640148e+03 4.378968e+03
5.373640e+03 4.126514e+03
5.177732e+03 3.964936e+03
5.016728e+03 3.909380e+03
4.849305e+03 3.814514e+03
4.628158e+03 3.525434e+03
4.407768e+03 3.361204e+03
4.125621e+03 3.049946e+03
3.743368e+03 2.701099e+03
3.297354e+03 2.402096e+03
2.957076e+03 2.087236e+03
2.646726e+03 1.859781e+03
2.350810e+03 1.615841e+03
2.092395e+03 1.457178e+03
1.828889e+03 1.264939e+03
1.658924e+03 1.168520e+03
1.512201e+03 1.069904e+03
1.351295e+03 9.619264e+02
1.222959e+03 8.756423e+02
1.125380e+03 8.078116e+02
1.052832e+03 7.349780e+02
9.858142e+02 7.008023e+02
9.405492e+02 6.615055e+02
8.895002e+02 6.175852e+02
8.581445e+02 5.867696e+02
8.254921e+02 5.202673e+02
7.979525e+02 4.203046e+02
7.783710e+02 2.985127e+02
7.591428e+02 2.728444e+02
7.009732e+02 2.423406e+02
6.362101e+02 2.399203e+02
6.034490e+02 2.346899e+02
5.683144e+02 2.346899e+02
2.659102e+02 2.259879e+02
2.322682e+02 2.146536e+02
2.131360e+02 2.067157e+02
2.054158e+02 2.012629e+02
2.023539e+02 2.007539e+02
2.013056e+02 2.004939e+02
2.006931e+02 2.001531e+02
2.003964e+02 2.000714e+02
2.002533e+02 2.000573e+02
2.001731e+02 2.000108e+02
2.001335e+02 2.000078e+02
2.000875e+02 2.000072e+02
2.000605e+02 2.000042e+02
2.000475e+02 2.000019e+02
2.000353e+02 2.000008e+02
2.000275e+02 2.000004e+02
2.000154e+02 2.000003e+02
2.000065e+02 2.000001e+02
2.000033e+02 2.000001e+02
2.000020e+02 2.000000e+02
2.000016e+02 2.000000e+02
2.000012e+02 2.000000e+02
2.000009e+02 2.000000e+02
2.000008e+02 2.000000e+02
2.000006e+02 2.000000e+02
2.000004e+02 2.000000e+02
2.000003e+02 2.000000e+02
2.000003e+02 2.000000e+02
2.000002e+02 2.000000e+02
2.000002e+02 2.000000e+02
2.000001e+02 2.000000e+02
2.000000e+02 2.000000e+02
2.000000e+02 2.000000e+02
2.000000e+02 2.000000e+02
2.000000e+02 2.000000e+02
2.000000e+02 2.000000e+02
2.000000e+02 2.000000e+02
2.000000e+02 2.000000e+02
2.000000e+02 2.000000e+02
2.000000e+02 2.000000e+02
2.000000e+02 2.000000e+02
2.000000e+02 2.000000e+02
2.000000e+02 2.000000e+02
2.000000e+02 2.000000e+02
2.000000e+02 2.000000e+02
2.000000e+02 2.000000e+02
2.000000e+02 2.000000e+02
2.000000e+02 2.000000e+02
2.000000e+02 2.000000e+02
2.000000e+02 2.000000e+02
2.000000e+02 2.000000e+02
2.000000e+02 2.000000e+02
2.000000e+02 2.000000e+02
2.000000e+02 2.000000e+02
2.000000e+02 2.000000e+02
2.000000e+02 2.000000e+02
2.000000e+02 2.000000e+02
2.000000e+02 2.000000e+02
2.000000e+02 2.000000e+02
2.000000e+02 2.000000e+02
2.000000e+02 2.000000e+02
2.000000e+02 2.000000e+02
2.000000e+02 2.000000e+02
2.000000e+02 2.000000e+02
2.000000e+02 2.000000e+02
3.454068e+04 6.128533e+03
1.060627e+04 4.960781e+03
6.150350e+03 4.585672e+03
5.600845e+03 4.297208e+03
5.336469e+03 4.147754e+03
5.168538e+03 3.981916e+03
4.992608e+03 3.958298e+03
4.833009e+03 3.742025e+03
4.590470e+03 3.479053e+03
4.252157e+03 3.181334e+03
3.924110e+03 2.950793e+03
3.511303e+03 2.575780e+03
3.136154e+03 2.232639e+03
2.796910e+03 1.935454e+03
2.480835e+03 1.714460e+03
2.159412e+03 1.497289e+03
1.913899e+03 1.332396e+03
1.683482e+03 1.171856e+03
1.526297e+03 1.094563e+03
1.349925e+03 9.386839e+02
1.219604e+03 8.754263e+02
1.108217e+03 7.837515e+02
1.004242e+03 7.115665e+02
9.295185e+02 6.538640e+02
8.618591e+02 6.079181e+02
8.097288e+02 5.768256e+02
7.702767e+02 5.394115e+02
7.370569e+02 5.089340e+02
7.066505e+02 4.862011e+02
6.832798e+02 4.627970e+02
6.627868e+02 2.725816e+02
6.424650e+02 2.526005e+02
6.266994e+02 2.259869e+02
5.652054e+02 2.259869e+02
5.171341e+02 2.259869e+02
4.890103e+02 2.238423e+02
4.616333e+02 2.238423e+02
2.332247e+02 2.138567e+02
2.157242e+02 2.028563e+02
2.063180e+02 2.026697e+02
2.029631e+02 2.008048e+02
2.014412e+02 2.001515e+02
2.007004e+02 2.001515e+02
2.004465e+02 2.001216e+02
2.002801e+02 2.000525e+02
2.002109e+02 2.000323e+02
2.001643e+02 2.000092e+02
2.001325e+02 2.000051e+02
2.000861e+02 2.000041e+02
2.000686e+02 2.000018e+02
2.000478e+02 2.000011e+02
2.000330e+02 2.000006e+02
2.000211e+02 2.000003e+02
2.000104e+02 2.000001e+02
2.000052e+02 2.000000e+02
2.000028e+02 2.000000e+02
2.000016e+02 2.000000e+02
2.000012e+02 2.000000e+02
2.000010e+02 2.000000e+02
2.000008e+02 2.000000e+02
2.000006e+02 2.000000e+02
2.000005e+02 2.000000e+02
2.000004e+02 2.000000e+02
2.000003e+02 2.000000e+02
2.000002e+02 2.000000e+02
2.000002e+02 2.000000e+02
2.000001e+02 2.000000e+02
2.000001e+02 2.000000e+02
2.000000e+02 2.000000e+02
2.000000e+02 2.000000e+02
2.000000e+02 2.000000e+02
2.000000e+02 2.000000e+02
2.000000e+02 2.000000e+02
2.000000e+02 2.000000e+02
2.000000e+02 2.000000e+02
2.000000e+02 2.000000e+02
2.000000e+02 2.000000e+02
2.000000e+02 2.000000e+02
2.000000e+02 2.000000e+02
2.000000e+02 2.000000e+02
2.000000e+02 2.000000e+02
2.000000e+02 2.000000e+02
2.000000e+02 2.000000e+02
2.000000e+02 2.000000e+02
2.000000e+02 2.000000e+02
2.000000e+02 2.000000e+02
2.000000e+02 2.000000e+02
2.000000e+02 2.000000e+02
2.000000e+02 2.000000e+02
2.000000e+02 2.000000e+02
2.000000e+02 2.000000e+02
2.000000e+02 2.000000e+02
2.000000e+02 2.000000e+02
2.000000e+02 2.000000e+02
2.000000e+02 2.000000e+02
2.000000e+02 2.000000e+02
2.000000e+02 2.000000e+02
2.000000e+02 2.000000e+02
2.000000e+02 2.000000e+02
2.000000e+02 2.000000e+02
2.000000e+02 2.000000e+02
3.468591e+04 5.787651e+03
1.080093e+04 4.967898e+03
6.234639e+03 4.546271e+03
5.661994e+03 4.308429e+03
5.400781e+03 4.020889e+03
5.204353e+03 3.888128e+03
5.038393e+03 3.817993e+03
4.853569e+03 3.764414e+03
4.617557e+03 3.430385e+03
4.309157e+03 3.267391e+03
3.957457e+03 2.897488e+03
3.551151e+03 2.569147e+03
3.219921e+03 2.270061e+03
2.902964e+03 2.035294e+03
2.614367e+03 1.830229e+03
2.310306e+03 1.581867e+03
2.081786e+03 1.413670e+03
1.827561e+03 1.249308e+03
1.676202e+03 1.125182e+03
1.513694e+03 1.054030e+03
1.379681e+03 9.559008e+02
1.265927e+03 8.759471e+02
1.165022e+03 8.082786e+02
1.093451e+03 7.500633e+02
1.022548e+03 7.030391e+02
9.571481e+02 6.535613e+02
9.098390e+02 6.195691e+02
8.786092e+02 5.918167e+02
8.447626e+02 5.435662e+02
8.066854e+02 3.341828e+02
7.867715e+02 3.341828e+02
7.706830e+02 2.377640e+02
6.831802e+02 2.377640e+02
6.039435e+02 2.377640e+02
5.593837e+02 2.377640e+02
5.258741e+02 2.336994e+02
4.955074e+02 2.194664e+02
2.188070e+02 2.070962e+02
2.080905e+02 2.034264e+02
2.035882e+02 2.016229e+02
2.017123e+02 2.007812e+02
2.009183e+02 2.001804e+02
2.005511e+02 2.001540e+02
2.003552e+02 2.000751e+02
2.002206e+02 2.000410e+02
2.001666e+02 2.000230e+02
2.001099e+02 2.000074e+02
2.000781e+02 2.000046e+02
2.000611e+02 2.000020e+02
2.000422e+02 2.000015e+02
2.000335e+02 2.000008e+02
2.000212e+02 2.000004e+02
2.000111e+02 2.000002e+02
2.000055e+02 2.000001e+02
2.000022e+02 2.000000e+02
2.000012e+02 2.000000e+02
2.000010e+02 2.000000e+02
2.000007e+02 2.000000e+02
2.000006e+02 2.000000e+02
2.000005e+02 2.000000e+02
2.000004e+02 2.000000e+02
2.000003e+02 2.000000e+02
2.000002e+02 2.000000e+02
2.000002e+02 2.000000e+02
2.000002e+02 2.000000e+02
2.000001e+02 2.000000e+02
2.000001e+02 2.000000e+02
2.000000e+02 2.000000e+02
2.000000e+02 2.000000e+02
2.000000e+02 2.000000e+02
2.000000e+02 2.000000e+02
2.000000e+02 2.000000e+02
2.000000e+02 2.000000e+02
2.000000e+02 2.000000e+02
2.000000e+02 2.000000e+02
2.000000e+02 2.000000e+02
2.000000e+02 2.000000e+02
2.000000e+02 2.000000e+02
2.000000e+02 2.000000e+02
2.000000e+02 2.000000e+02
2.000000e+02 2.000000e+02
2.000000e+02 2.000000e+02
2.000000e+02 2.000000e+02
2.000000e+02 2.000000e+02
2.000000e+02 2.000000e+02
2.000000e+02 2.000000e+02
2.000000e+02 2.000000e+02
2.000000e+02 2.000000e+02
2.000000e+02 2.000000e+02
2.000000e+02 2.000000e+02
2.000000e+02 2.000000e+02
2.000000e+02 2.000000e+02
2.000000e+02 2.000000e+02
2.000000e+02 2.000000e+02
2.000000e+02 2.000000e+02
2.000000e+02 2.000000e+02
2.000000e+02 2.000000e+02
2.000000e+02 2.000000e+02
2.000000e+02 2.000000e+02
2.000000e+02 2.000000e+02
2.000019e+02 2.000000e+02
3.483291e+04 6.180772e+03
1.066470e+04 5.078358e+03
6.210073e+03 4.577390e+03
5.601332e+03 4.263213e+03
5.339598e+03 4.032938e+03
5.152655e+03 4.032938e+03
4.967794e+03 3.948370e+03
4.831001e+03 3.573324e+03
4.648454e+03 3.573324e+03
4.389315e+03 3.324884e+03
4.082803e+03 3.008048e+03
3.675254e+03 2.615346e+03
3.297423e+03 2.294710e+03
2.962692e+03 2.037218e+03
2.676489e+03 1.814992e+03
2.340552e+03 1.585699e+03
2.064857e+03 1.432516e+03
1.845938e+03 1.273939e+03
1.688355e+03 1.152619e+03
1.516577e+03 1.028725e+03
1.387922e+03 9.415148e+02
1.275042e+03 8.614343e+02
1.182822e+03 7.999172e+02
1.107499e+03 7.338164e+02
1.044960e+03 6.698580e+02
9.903752e+02 6.258754e+02
9.464827e+02 6.064448e+02
9.191328e+02 5.773019e+02
8.906849e+02 5.422484e+02
8.574055e+02 3.844779e+02
8.346560e+02 3.844779e+02
8.184977e+02 3.060960e+02
8.073803e+02 2.673006e+02
7.623102e+02 2.380247e+02
6.859456e+02 2.380247e+02
6.456365e+02 2.281267e+02
6.084828e+02 2.281267e+02
5.746517e+02 2.237702e+02
2.256354e+02 2.121941e+02
2.105139e+02 2.037832e+02
2.044068e+02 2.020910e+02
2.020110e+02 2.006328e+02
2.010006e+02 2.004199e+02
2.005824e+02 2.001785e+02
2.003261e+02 2.000638e+02
2.002573e+02 2.000449e+02
2.001868e+02 2.000128e+02
2.001362e+02 2.000123e+02
2.000916e+02 2.000060e+02
2.000733e+02 2.000031e+02
2.000556e+02 2.000017e+02
2.000425e+02 2.000007e+02
2.000312e+02 2.000004e+02
2.000131e+02 2.000002e+02
2.000057e+02 2.000001e+02
2.000029e+02 2.000000e+02
2.000013e+02 2.000000e+02
2.000010e+02 2.000000e+02
2.000009e+02 2.000000e+02
2.000007e+02 2.000000e+02
2.000006e+02 2.000000e+02
2.000005e+02 2.000000e+02
2.000004e+02 2.000000e+02
2.000003e+02 2.000000e+02
2.000002e+02 2.000000e+02
2.000002e+02 2.000000e+02
2.000001e+02 2.000000e+02
2.000001e+02 2.000000e+02
2.000000e+02 2.000000e+02
2.000000e+02 2.000000e+02
2.000000e+02 2.000000e+02
2.000000e+02 2.000000e+02
2.000000e+02 2.000000e+02
2.000000e+02 2.000000e+02
2.000000e+02 2.000000e+02
2.000000e+02 2.000000e+02
2.000000e+02 2.000000e+02
2.000000e+02 2.000000e+02
2.000000e+02 2.000000e+02
2.000000e+02 2.000000e+02
2.000000e+02 2.000000e+02
2.000000e+02 2.000000e+02
2.000000e+02 2.000000e+02
2.000000e+02 2.000000e+02
2.000000e+02 2.000000e+02
2.000000e+02 2.000000e+02
2.000000e+02 2.000000e+02
2.000000e+02 2.000000e+02
2.000000e+02 2.000000e+02
2.000000e+02 2.000000e+02
2.000000e+02 2.000000e+02
2.000000e+02 2.000000e+02
2.000000e+02 2.000000e+02
2.000000e+02 2.000000e+02
2.000000e+02 2.000000e+02
2.000000e+02 2.000000e+02
2.000000e+02 2.000000e+02
2.000000e+02 2.000000e+02
2.000000e+02 2.000000e+02
2.000000e+02 2.000000e+02
2.000000e+02 2.000000e+02
3.523480e+04 5.073954e+03
1.076365e+04 4.960194e+03
6.251775e+03 4.542617e+03
5.702828e+03 4.276338e+03
5.427417e+03 4.219089e+03
5.228998e+03 3.969614e+03
5.023256e+03 3.916778e+03
4.815197e+03 3.661893e+03
4.560341e+03 3.432133e+03
4.249057e+03 3.122694e+03
3.916387e+03 2.857895e+03
3.496278e+03 2.467790e+03
3.150010e+03 2.114183e+03
2.779803e+03 1.915158e+03
2.476561e+03 1.751115e+03
2.142772e+03 1.455904e+03
1.920922e+03 1.308546e+03
1.694526e+03 1.165405e+03
1.572649e+03 1.081803e+03
1.396986e+03 9.556217e+02
1.251287e+03 8.733209e+02
1.153811e+03 7.581981e+02
1.053270e+03 6.985000e+02
9.709672e+02 6.649501e+02
9.189120e+02 6.061640e+02
8.727433e+02 5.814138e+02
8.255847e+02 5.428413e+02
7.880107e+02 5.142249e+02
7.571502e+02 4.948382e+02
7.335165e+02 3.533723e+02
7.145444e+02 3.533723e+02
6.981899e+02 2.654358e+02
6.852128e+02 2.292981e+02
6.332964e+02 2.239237e+02
5.755155e+02 2.239237e+02
5.440622e+02 2.239237e+02
5.173970e+02 2.239237e+02
2.417385e+02 2.092346e+02
2.181621e+02 2.051540e+02
2.078851e+02 2.017024e+02
2.035912e+02 2.011653e+02
2.017778e+02 2.005183e+02
2.009832e+02 2.001406e+02
2.005552e+02 2.001189e+02
2.003627e+02 2.000706e+02
2.002432e+02 2.000388e+02
2.001560e+02 2.000183e+02
2.001245e+02 2.000089e+02
2.000945e+02 2.000046e+02
2.000696e+02 2.000024e+02
2.000417e+02 2.000012e+02
2.000301e+02 2.000006e+02
2.000154e+02 2.000003e+02
2.000049e+02 2.000002e+02
2.000027e+02 2.000001e+02
2.000015e+02 2.000000e+02
2.000012e+02 2.000000e+02
2.000010e+02 2.000000e+02
2.000007e+02 2.000000e+02
2.000005e+02 2.000000e+02
2.000004e+02 2.000000e+02
2.000003e+02 2.000000e+02
2.000002e+02 2.000000e+02
2.000002e+02 2.000000e+02
2.000001e+02 2.000000e+02
2.000001e+02 2.000000e+02
2.000000e+02 2.000000e+02
2.000000e+02 2.000000e+02
2.000000e+02 2.000000e+02
2.000000e+02 2.000000e+02
2.000000e+02 2.000000e+02
2.000000e+02 2.000000e+02
2.000000e+02 2.000000e+02
2.000000e+02 2.000000e+02
2.000000e+02 2.000000e+02
2.000000e+02 2.000000e+02
2.000000e+02 2.000000e+02
2.000000e+02 2.000000e+02
2.000000e+02 2.000000e+02
2.000000e+02 2.000000e+02
2.000000e+02 2.000000e+02
2.000000e+02 2.000000e+02
2.000000e+02 2.000000e+02
2.000000e+02 2.000000e+02
2.000000e+02 2.000000e+02
2.000000e+02 2.000000e+02
2.000000e+02 2.000000e+02
2.000000e+02 2.000000e+02
2.000000e+02 2.000000e+02
2.000000e+02 2.000000e+02
2.000000e+02 2.000000e+02
2.000000e+02 2.000000e+02
2.000000e+02 2.000000e+02
2.000000e+02 2.000000e+02
2.000000e+02 2.000000e+02
2.000000e+02 2.000000e+02
2.000000e+02 2.000000e+02
2.000000e+02 2.000000e+02
2.000000e+02 2.000000e+02
2.000000e+02 2.000000e+02
2.000000e+02 2.000000e+02
3.432232e+04 5.838463e+03
1.064277e+04 4.898272e+03
6.126187e+03 4.500071e+03
5.569896e+03 4.252775e+03
5.322791e+03 4.170139e+03
5.134815e+03 3.938854e+03
4.959999e+03 3.938854e+03
4.813611e+03 3.590492e+03
4.561470e+03 3.487736e+03
4.284826e+03 3.275451e+03
3.950049e+03 2.892264e+03
3.580193e+03 2.481255e+03
3.238600e+03 2.219586e+03
2.875370e+03 1.983075e+03
2.576542e+03 1.741724e+03
2.273659e+03 1.513414e+03
2.016486e+03 1.381110e+03
1.790298e+03 1.213300e+03
1.619951e+03 1.067773e+03
1.461672e+03 9.897946e+02
1.331336e+03 8.920066e+02
1.215309e+03 8.102056e+02
1.144446e+03 7.481270e+02
1.070419e+03 6.996010e+02
1.010950e+03 6.570931e+02
9.657145e+02 6.332387e+02
9.255880e+02 5.905034e+02
8.963586e+02 5.574452e+02
8.689489e+02 5.439181e+02
8.428377e+02 2.883370e+02
8.255256e+02 2.734254e+02
7.820710e+02 2.541078e+02
7.093032e+02 2.505765e+02
6.741261e+02 2.447220e+02
6.351073e+02 2.388267e+02
5.961114e+02 2.287299e+02
2.440617e+02 2.211102e+02
2.206674e+02 2.096534e+02
2.083511e+02 2.026933e+02
2.037678e+02 2.017451e+02
2.018913e+02 2.008143e+02
2.010642e+02 2.002679e+02
2.006907e+02 2.001110e+02
2.004558e+02 2.000443e+02
2.003349e+02 2.000388e+02
2.002836e+02 2.000200e+02
2.001816e+02 2.000098e+02
2.001220e+02 2.000063e+02
2.000951e+02 2.000030e+02
2.000743e+02 2.000009e+02
2.000517e+02 2.000008e+02
2.000433e+02 2.000003e+02
2.000344e+02 2.000002e+02
2.000141e+02 2.000001e+02
2.000058e+02 2.000000e+02
2.000026e+02 2.000000e+02
2.000021e+02 2.000000e+02
2.000017e+02 2.000000e+02
2.000012e+02 2.000000e+02
2.000010e+02 2.000000e+02
2.000008e+02 2.000000e+02
2.000007e+02 2.000000e+02
2.000005e+02 2.000000e+02
2.000004e+02 2.000000e+02
2.000003e+02 2.000000e+02
2.000002e+02 2.000000e+02
2.000002e+02 2.000000e+02
2.000001e+02 2.000000e+02
2.000000e+02 2.000000e+02
2.000000e+02 2.000000e+02
2.000000e+02 2.000000e+02
2.000000e+02 2.000000e+02
2.000000e+02 2.000000e+02
2.000000e+02 2.000000e+02
2.000000e+02 2.000000e+02
2.000000e+02 2.000000e+02
2.000000e+02 2.000000e+02
2.000000e+02 2.000000e+02
2.000000e+02 2.000000e+02
2.000000e+02 2.000000e+02
2.000000e+02 2.000000e+02
2.000000e+02 2.000000e+02
2.000000e+02 2.000000e+02
2.000000e+02 2.000000e+02
2.000000e+02 2.000000e+02
2.000000e+02 2.000000e+02
2.000000e+02 2.000000e+02
2.000000e+02 2.000000e+02
2.000000e+02 2.000000e+02
2.000000e+02 2.000000e+02
2.000000e+02 2.000000e+02
2.000000e+02 2.000000e+02
2.000000e+02 2.000000e+02
2.000000e+02 2.000000e+02
2.000000e+02 2.000000e+02
2.000000e+02 2.000000e+02
2.000000e+02 2.000000e+02
2.000000e+02 2.000000e+02
2.000000e+02 2.000000e+02
2.000000e+02 2.000000e+02
2.000000e+02 2.000000e+02
3.440671e+04 7.030706e+03
1.068667e+04 5.118456e+03
6.146100e+03 4.667701e+03
5.602256e+03 4.403039e+03
5.348307e+03 4.202319e+03
5.154423e+03 4.012137e+03
4.981641e+03 3.918210e+03
4.825576e+03 3.693540e+03
4.574390e+03 3.457196e+03
4.267814e+03 3.264921e+03
3.922661e+03 2.840437e+03
3.498547e+03 2.479103e+03
3.102389e+03 2.268371e+03
2.768530e+03 1.984181e+03
2.476501e+03 1.766978e+03
2.195203e+03 1.597009e+03
1.972875e+03 1.438155e+03
1.735699e+03 1.259769e+03
1.574757e+03 1.150217e+03
1.417691e+03 1.003623e+03
1.284357e+03 9.062795e+02
1.166485e+03 8.275554e+02
1.080427e+03 7.295216e+02
1.003694e+03 6.943381e+02
9.472062e+02 6.547869e+02
8.995017e+02 6.136204e+02
8.541485e+02 5.653290e+02
8.194265e+02 5.388165e+02
7.838779e+02 5.090372e+02
7.544028e+02 4.810903e+02
7.327028e+02 4.585791e+02
7.148619e+02 4.431282e+02
7.007740e+02 4.272339e+02
6.871717e+02 4.146744e+02
6.782124e+02 2.128285e+02
6.602640e+02 2.128285e+02
5.549573e+02 2.122816e+02
5.833186e+02 2.122816e+02
5.420807e+02 2.122816e+02
4.953612e+02 2.067110e+02
4.440788e+02 2.032008e+02
3.914704e+02 2.015622e+02
3.771484e+02 2.006140e+02
3.735703e+02 2.003139e+02
3.228585e+02 2.001306e+02
2.944309e+02 2.000639e+02
2.601048e+02 2.000298e+02
2.457775e+02 2.000073e+02
2.400081e+02 2.000066e+02
2.256258e+02 2.000041e+02
2.167950e+02 2.000022e+02
2.120476e+02 2.000005e+02
2.083426e+02 2.000004e+02
2.050041e+02 2.000002e+02
2.030152e+02 2.000001e+02
2.023023e+02 2.000000e+02
2.020509e+02 2.000000e+02
2.020247e+02 2.000000e+02
2.020394e+02 2.000000e+02
2.020719e+02 2.000000e+02
2.021075e+02 2.000000e+02
2.021516e+02 2.000000e+02
2.022000e+02 2.000000e+02
2.022540e+02 2.000000e+02
2.023111e+02 2.000000e+02
2.023725e+02 2.000000e+02
2.024385e+02 2.000000e+02
2.025085e+02 2.000000e+02
2.025832e+02 2.000000e+02
2.026633e+02 2.000000e+02
2.027489e+02 2.000000e+02
2.028401e+02 2.000000e+02
2.029376e+02 2.000000e+02
2.030421e+02 2.000000e+02
2.031543e+02 2.000000e+02
2.032750e+02 2.000000e+02
2.033979e+02 2.000000e+02
2.035466e+02 2.000000e+02
2.036911e+02 2.000000e+02
2.038576e+02 2.000000e+02
2.040398e+02 2.000000e+02
2.042401e+02 2.000000e+02
2.044614e+02 2.000000e+02
2.047214e+02 2.000000e+02
2.049811e+02 2.000000e+02
2.052892e+02 2.000000e+02
2.056379e+02 2.000000e+02
2.060359e+02 2.000000e+02
2.064943e+02 2.000000e+02
2.070281e+02 2.000000e+02
2.076575e+02 2.000000e+02
2.084107e+02 2.000000e+02
2.093282e+02 2.000000e+02
2.104704e+02 2.000000e+02
2.119314e+02 2.000000e+02
2.138663e+02 2.000000e+02
2.165501e+02 2.000000e+02
2.205221e+02 2.000000e+02
2.270027e+02 2.000000e+02
2.394655e+02 2.000000e+02
2.732931e+02 2.000000e+02
3.451781e+04 6.027977e+03
1.070056e+04 5.042880e+03
6.120356e+03 4.490742e+03
5.556552e+03 4.368296e+03
5.295890e+03 4.163838e+03
5.122991e+03 4.035458e+03
4.941462e+03 3.873795e+03
4.747955e+03 3.653370e+03
4.553706e+03 3.493715e+03
4.217665e+03 3.130198e+03
3.902825e+03 2.931321e+03
3.412042e+03 2.400317e+03
3.049583e+03 2.190451e+03
2.679245e+03 1.892422e+03
2.366172e+03 1.676783e+03
2.070915e+03 1.424559e+03
1.852718e+03 1.295362e+03
1.635887e+03 1.170464e+03
1.496929e+03 1.046667e+03
1.352243e+03 9.273526e+02
1.235419e+03 8.416069e+02
1.128007e+03 7.463000e+02
1.046109e+03 7.072739e+02
9.795381e+02 6.412473e+02
9.280402e+02 6.035560e+02
8.857600e+02 5.822786e+02
8.499580e+02 5.444234e+02
8.230575e+02 5.219658e+02
7.952296e+02 4.933623e+02
7.712752e+02 4.768055e+02
7.519083e+02 2.523194e+02
7.408681e+02 2.523194e+02
7.305933e+02 2.374846e+02
7.126719e+02 2.132024e+02
5.932583e+02 2.103461e+02
5.335284e+02 2.103461e+02
5.208302e+02 2.100562e+02
2.182839e+02 2.074908e+02
2.084728e+02 2.028191e+02
2.036983e+02 2.009213e+02
2.018872e+02 2.007333e+02
2.010915e+02 2.003672e+02
2.006563e+02 2.001514e+02
2.004556e+02 2.000858e+02
2.003194e+02 2.000391e+02
2.002117e+02 2.000223e+02
2.001471e+02 2.000112e+02
2.001073e+02 2.000059e+02
2.000819e+02 2.000029e+02
2.000647e+02 2.000015e+02
2.000511e+02 2.000008e+02
2.000359e+02 2.000004e+02
2.000266e+02 2.000002e+02
2.000154e+02 2.000001e+02
2.000058e+02 2.000000e+02
2.000033e+02 2.000000e+02
2.000021e+02 2.000000e+02
2.000016e+02 2.000000e+02
2.000011e+02 2.000000e+02
2.000009e+02 2.000000e+02
2.000006e+02 2.000000e+02
2.000005e+02 2.000000e+02
2.000004e+02 2.000000e+02
2.000003e+02 2.000000e+02
2.000002e+02 2.000000e+02
2.000002e+02 2.000000e+02
2.000001e+02 2.000000e+02
2.000001e+02 2.000000e+02
2.000000e+02 2.000000e+02
2.000000e+02 2.000000e+02
2.000000e+02 2.000000e+02
2.000000e+02 2.000000e+02
2.000000e+02 2.000000e+02
2.000000e+02 2.000000e+02
2.000000e+02 2.000000e+02
2.000000e+02 2.000000e+02
2.000000e+02 2.000000e+02
2.000000e+02 2.000000e+02
2.000000e+02 2.000000e+02
2.000000e+02 2.000000e+02
2.000000e+02 2.000000e+02
2.000000e+02 2.000000e+02
2.000000e+02 2.000000e+02
2.000000e+02 2.000000e+02
2.000000e+02 2.000000e+02
2.000000e+02 2.000000e+02
2.000000e+02 2.000000e+02
2.000000e+02 2.000000e+02
2.000000e+02 2.000000e+02
2.000000e+02 2.000000e+02
2.000000e+02 2.000000e+02
2.000000e+02 2.000000e+02
2.000000e+02 2.000000e+02
2.000000e+02 2.000000e+02
2.000000e+02 2.000000e+02
2.000000e+02 2.000000e+02
2.000000e+02 2.000000e+02
2.000000e+02 2.000000e+02
2.000000e+02 2.000000e+02
2.000000e+02 2.000000e+02
2.000000e+02 2.000000e+02
3.512706e+04 6.248229e+03
1.057383e+04 5.117202e+03
6.202499e+03 4.607318e+03
5.652729e+03 4.387102e+03
5.418359e+03 4.057934e+03
5.240841e+03 4.057934e+03
5.071258e+03 3.923194e+03
4.873807e+03 3.720861e+03
4.632210e+03 3.587687e+03
4.396633e+03 3.218003e+03
4.065643e+03 2.883447e+03
3.661130e+03 2.683603e+03
3.273418e+03 2.313197e+03
2.930754e+03 2.031760e+03
2.611873e+03 1.866608e+03
2.292416e+03 1.586479e+03
2.026130e+03 1.396366e+03
1.792927e+03 1.242667e+03
1.641383e+03 1.131712e+03
1.491411e+03 1.031050e+03
1.343913e+03 9.296056e+02
1.226822e+03 8.516989e+02
1.140461e+03 7.769883e+02
1.069628e+03 7.191826e+02
1.006474e+03 6.719234e+02
9.602178e+02 6.242111e+02
9.125288e+02 5.971150e+02
8.786370e+02 5.686450e+02
8.515374e+02 5.437388e+02
8.285553e+02 5.207431e+02
8.090206e+02 3.030587e+02
7.898310e+02 3.030587e+02
7.737269e+02 2.504998e+02
7.177204e+02 2.297562e+02
6.232214e+02 2.206174e+02
5.837546e+02 2.206174e+02
2.579238e+02 2.206174e+02
2.331339e+02 2.143328e+02
2.142844e+02 2.068177e+02
2.060533e+02 2.028658e+02
2.027662e+02 2.012726e+02
2.014304e+02 2.004309e+02
2.007852e+02 2.002621e+02
2.005003e+02 2.001222e+02
2.003817e+02 2.000169e+02
2.002565e+02 2.000169e+02
2.001685e+02 2.000169e+02
2.001097e+02 2.000069e+02
2.000868e+02 2.000032e+02
2.000604e+02 2.000017e+02
2.000439e+02 2.000010e+02
2.000305e+02 2.000006e+02
2.000131e+02 2.000002e+02
2.000086e+02 2.000001e+02
2.000033e+02 2.000001e+02
2.000023e+02 2.000000e+02
2.000018e+02 2.000000e+02
2.000014e+02 2.000000e+02
2.000011e+02 2.000000e+02
2.000008e+02 2.000000e+02
2.000006e+02 2.000000e+02
2.000004e+02 2.000000e+02
2.000004e+02 2.000000e+02
2.000003e+02 2.000000e+02
2.000002e+02 2.000000e+02
2.000002e+02 2.000000e+02
2.000001e+02 2.000000e+02
2.000001e+02 2.000000e+02
2.000000e+02 2.000000e+02
2.000000e+02 2.000000e+02
2.000000e+02 2.000000e+02
2.000000e+02 2.000000e+02
2.000000e+02 2.000000e+02
2.000000e+02 2.000000e+02
2.000000e+02 2.000000e+02
2.000000e+02 2.000000e+02
2.000000e+02 2.000000e+02
2.000000e+02 2.000000e+02
2.000000e+02 2.000000e+02
2.000000e+02 2.000000e+02
2.000000e+02 2.000000e+02
2.000000e+02 2.000000e+02
2.000000e+02 2.000000e+02
2.000000e+02 2.000000e+02
2.000000e+02 2.000000e+02
2.000000e+02 2.000000e+02
2.000000e+02 2.000000e+02
2.000000e+02 2.000000e+02
2.000000e+02 2.000000e+02
2.000000e+02 2.000000e+02
2.000000e+02 2.000000e+02
2.000000e+02 2.000000e+02
2.000000e+02 2.000000e+02
2.000000e+02 2.000000e+02
2.000000e+02 2.000000e+02
2.000000e+02 2.000000e+02
2.000000e+02 2.000000e+02
2.000000e+02 2.000000e+02
2.000000e+02 2.000000e+02
2.000000e+02 2.000000e+02
2.000017e+02 2.000000e+02
3.414077e+04 5.767045e+03
1.060760e+04 5.173987e+03
6.230639e+03 4.482526e+03
5.681047e+03 4.259318e+03
5.413282e+03 4.006696e+03
5.231792e+03 3.898774e+03
5.034862e+03 3.835745e+03
4.849632e+03 3.656357e+03
4.596852e+03 3.466111e+03
4.281368e+03 3.148692e+03
3.967794e+03 2.895041e+03
3.498957e+03 2.521334e+03
3.126861e+03 2.151652e+03
2.795815e+03 1.966580e+03
2.491025e+03 1.744709e+03
2.167989e+03 1.521416e+03
1.955022e+03 1.370647e+03
1.724921e+03 1.197208e+03
1.575647e+03 1.097666e+03
1.434159e+03 9.826864e+02
1.303347e+03 8.937990e+02
1.214513e+03 7.879849e+02
1.131882e+03 7.661607e+02
1.069182e+03 7.058350e+02
1.008358e+03 6.814789e+02
9.689875e+02 6.527088e+02
9.247873e+02 5.997989e+02
8.984822e+02 5.873974e+02
8.701163e+02 5.601744e+02
8.470835e+02 5.362280e+02
8.302078e+02 5.253066e+02
8.149297e+02 5.146640e+02
8.035704e+02 5.022561e+02
7.914044e+02 3.459326e+02
7.822950e+02 2.122051e+02
7.141533e+02 2.065822e+02
1.350253e+03 2.065822e+02
1.295554e+03 2.065822e+02
1.263863e+03 2.052299e+02
1.213005e+03 2.022655e+02
1.132729e+03 2.012610e+02
1.026209e+03 2.009840e+02
8.789290e+02 2.004618e+02
8.333029e+02 2.002048e+02
8.387636e+02 2.000993e+02
7.899886e+02 2.000495e+02
6.898121e+02 2.000238e+02
5.793425e+02 2.000134e+02
5.373396e+02 2.000059e+02
4.943466e+02 2.000034e+02
4.432677e+02 2.000015e+02
4.060514e+02 2.000005e+02
3.723288e+02 2.000004e+02
3.414670e+02 2.000002e+02
3.397218e+02 2.000001e+02
3.364902e+02 2.000000e+02
3.345920e+02 2.000000e+02
3.359840e+02 2.000000e+02
3.372874e+02 2.000000e+02
3.400022e+02 2.000000e+02
3.429564e+02 2.000000e+02
3.460360e+02 2.000000e+02
3.494676e+02 2.000000e+02
3.535167e+02 2.000000e+02
3.574815e+02 2.000000e+02
3.617372e+02 2.000000e+02
3.660336e+02 2.000000e+02
3.711287e+02 2.000000e+02
3.762679e+02 2.000000e+02
3.817508e+02 2.000000e+02
3.875837e+02 2.000000e+02
3.934535e+02 2.000000e+02
4.004648e+02 2.000000e+02
4.071852e+02 2.000000e+02
4.152493e+02 2.000000e+02
4.230161e+02 2.000000e+02
4.323876e+02 2.000000e+02
4.414680e+02 2.000000e+02
4.524954e+02 2.000000e+02
4.639128e+02 2.000000e+02
4.756875e+02 2.000000e+02
4.893572e+02 2.000000e+02
5.053387e+02 2.000000e+02
5.212120e+02 2.000000e+02
5.399231e+02 2.000000e+02
5.609488e+02 2.000000e+02
5.847472e+02 2.000000e+02
6.119056e+02 2.000000e+02
6.431893e+02 2.000000e+02
6.796157e+02 2.000000e+02
7.225663e+02 2.000000e+02
7.739662e+02 2.000000e+02
8.365806e+02 2.000000e+02
9.145292e+02 2.000000e+02
1.014231e+03 2.000000e+02
1.146268e+03 2.000000e+02
1.329417e+03 2.000000e+02
1.600477e+03 2.000000e+02
2.042733e+03 2.000000e+02
2.893225e+03 2.000000e+02
5.201704e+03 2.000000e+02
3.439134e+04 6.070403e+03
1.049699e+04 5.049150e+03
6.160354e+03 4.534847e+03
5.592973e+03 4.357677e+03
5.318582e+03 4.183350e+03
5.137120e+03 4.115712e+03
4.956855e+03 3.899405e+03
4.792148e+03 3.755467e+03
4.576476e+03 3.528726e+03
4.253795e+03 3.289156e+03
3.947549e+03 2.927536e+03
3.565757e+03 2.573171e+03
3.187827e+03 2.253106e+03
2.826076e+03 1.955833e+03
2.518010e+03 1.711856e+03
2.226984e+03 1.521420e+03
2.006672e+03 1.400662e+03
1.792763e+03 1.220783e+03
1.660888e+03 1.098608e+03
1.493595e+03 9.921447e+02
1.355627e+03 9.175555e+02
1.208070e+03 8.034155e+02
1.088546e+03 7.205208e+02
9.904222e+02 6.680159e+02
9.234195e+02 6.226411e+02
8.679974e+02 5.809906e+02
8.156518e+02 5.406098e+02
7.827294e+02 5.115913e+02
7.471143e+02 4.855012e+02
7.180240e+02 4.561136e+02
6.945394e+02 4.442283e+02
6.738266e+02 3.589934e+02
6.572817e+02 2.396751e+02
6.413632e+02 2.396751e+02
5.807063e+02 2.263693e+02
5.341962e+02 2.256673e+02
5.059230e+02 2.235516e+02
2.449042e+02 2.194678e+02
2.198189e+02 2.096832e+02
2.078151e+02 2.028032e+02
2.033822e+02 2.006274e+02
2.015778e+02 2.006274e+02
2.008654e+02 2.003544e+02
2.004870e+02 2.001542e+02
2.002992e+02 2.000724e+02
2.002075e+02 2.000425e+02
2.001586e+02 2.000171e+02
2.001041e+02 2.000100e+02
2.000739e+02 2.000055e+02
2.000622e+02 2.000018e+02
2.000534e+02 2.000015e+02
2.000349e+02 2.000007e+02
2.000254e+02 2.000003e+02
2.000101e+02 2.000001e+02
2.000041e+02 2.000000e+02
2.000019e+02 2.000000e+02
2.000014e+02 2.000000e+02
2.000011e+02 2.000000e+02
2.000008e+02 2.000000e+02
2.000006e+02 2.000000e+02
2.000005e+02 2.000000e+02
2.000004e+02 2.000000e+02
2.000003e+02 2.000000e+02
2.000002e+02 2.000000e+02
2.000002e+02 2.000000e+02
2.000001e+02 2.000000e+02
2.000001e+02 2.000000e+02
2.000000e+02 2.000000e+02
2.000000e+02 2.000000e+02
2.000000e+02 2.000000e+02
2.000000e+02 2.000000e+02
2.000000e+02 2.000000e+02
2.000000e+02 2.000000e+02
2.000000e+02 2.000000e+02
2.000000e+02 2.000000e+02
2.000000e+02 2.000000e+02
2.000000e+02 2.000000e+02
2.000000e+02 2.000000e+02
2.000000e+02 2.000000e+02
2.000000e+02 2.000000e+02
2.000000e+02 2.000000e+02
2.000000e+02 2.000000e+02
2.000000e+02 2.000000e+02
2.000000e+02 2.000000e+02
2.000000e+02 2.000000e+02
2.000000e+02 2.000000e+02
2.000000e+02 2.000000e+02
2.000000e+02 2.000000e+02
2.000000e+02 2.000000e+02
2.000000e+02 2.000000e+02
2.000000e+02 2.000000e+02
2.000000e+02 2.000000e+02
2.000000e+02 2.000000e+02
2.000000e+02 2.000000e+02
2.000000e+02 2.000000e+02
2.000000e+02 2.000000e+02
2.000000e+02 2.000000e+02
2.000000e+02 2.000000e+02
2.000000e+02 2.000000e+02
2.000000e+02 2.000000e+02
2.000000e+02 2.000000e+02
3.583247e+04 6.105996e+03
1.096127e+04 5.127166e+03
6.141154e+03 4.568347e+03
5.555715e+03 4.316271e+03
5.309165e+03 4.134533e+03
5.126817e+03 4.048057e+03
4.959805e+03 3.876945e+03
4.784216e+03 3.712494e+03
4.490174e+03 3.535206e+03
4.180609e+03 3.164467e+03
3.898762e+03 2.917741e+03
3.503850e+03 2.565717e+03
3.122628e+03 2.158930e+03
2.785423e+03 2.002806e+03
2.506168e+03 1.840677e+03
2.186295e+03 1.595655e+03
1.968330e+03 1.453216e+03
1.749603e+03 1.276317e+03
1.587862e+03 1.151135e+03
1.408765e+03 1.024987e+03
1.277433e+03 9.271685e+02
1.148165e+03 8.311322e+02
1.059849e+03 7.563169e+02
9.762125e+02 7.076907e+02
9.095886e+02 6.470084e+02
8.613545e+02 6.077385e+02
8.138166e+02 5.628438e+02
7.778900e+02 5.306386e+02
7.405336e+02 5.006584e+02
7.123985e+02 4.783497e+02
6.929581e+02 4.006209e+02
6.692624e+02 3.207724e+02
6.506876e+02 2.440924e+02
6.250635e+02 2.285531e+02
5.533582e+02 2.210691e+02
5.112355e+02 2.210691e+02
4.856202e+02 2.032773e+02
4.599682e+02 2.032773e+02
4.434463e+02 2.032773e+02
2.077513e+02 2.032773e+02
2.033781e+02 2.013969e+02
2.017837e+02 2.006279e+02
2.009294e+02 2.002984e+02
2.005913e+02 2.001475e+02
2.003825e+02 2.000671e+02
2.002753e+02 2.000368e+02
2.001864e+02 2.000187e+02
2.001407e+02 2.000051e+02
2.001097e+02 2.000043e+02
2.000794e+02 2.000023e+02
2.000605e+02 2.000008e+02
2.000456e+02 2.000006e+02
2.000331e+02 2.000002e+02
2.000217e+02 2.000001e+02
2.000116e+02 2.000001e+02
2.000048e+02 2.000000e+02
2.000030e+02 2.000000e+02
2.000019e+02 2.000000e+02
2.000016e+02 2.000000e+02
2.000013e+02 2.000000e+02
2.000010e+02 2.000000e+02
2.000008e+02 2.000000e+02
2.000006e+02 2.000000e+02
2.000005e+02 2.000000e+02
2.000004e+02 2.000000e+02
2.000003e+02 2.000000e+02
2.000002e+02 2.000000e+02
2.000002e+02 2.000000e+02
2.000001e+02 2.000000e+02
2.000000e+02 2.000000e+02
2.000000e+02 2.000000e+02
2.000000e+02 2.000000e+02
2.000000e+02 2.000000e+02
2.000000e+02 2.000000e+02
2.000000e+02 2.000000e+02
2.000000e+02 2.000000e+02
2.000000e+02 2.000000e+02
2.000000e+02 2.000000e+02
2.000000e+02 2.000000e+02
2.000000e+02 2.000000e+02
2.000000e+02 2.000000e+02
2.000000e+02 2.000000e+02
2.000000e+02 2.000000e+02
2.000000e+02 2.000000e+02
2.000000e+02 2.000000e+02
2.000000e+02 2.000000e+02
2.000000e+02 2.000000e+02
2.000000e+02 2.000000e+02
2.000000e+02 2.000000e+02
2.000000e+02 2.000000e+02
2.000000e+02 2.000000e+02
2.000000e+02 2.000000e+02
2.000000e+02 2.000000e+02
2.000000e+02 2.000000e+02
2.000000e+02 2.000000e+02
2.000000e+02 2.000000e+02
2.000000e+02 2.000000e+02
2.000000e+02 2.000000e+02
2.000000e+02 2.000000e+02
2.000000e+02 2.000000e+02
2.000000e+02 2.000000e+02
3.496440e+04 5.984167e+03
1.071815e+04 4.965951e+03
6.213701e+03 4.557587e+03
5.676886e+03 4.367401e+03
5.391654e+03 4.100768e+03
5.204105e+03 3.931456e+03
4.945908e+03 3.797408e+03
4.766594e+03 3.691377e+03
4.528316e+03 3.453064e+03
4.238567e+03 3.090993e+03
3.901722e+03 2.823135e+03
3.393321e+03 2.369955e+03
3.077955e+03 2.111935e+03
2.746262e+03 1.892043e+03
2.441461e+03 1.672280e+03
2.128499e+03 1.458769e+03
1.926530e+03 1.323707e+03
1.709854e+03 1.177562e+03
1.536424e+03 1.060131e+03
1.375436e+03 9.534403e+02
1.233830e+03 8.480503e+02
1.142697e+03 7.855052e+02
1.061525e+03 7.262222e+02
9.896566e+02 6.799893e+02
9.280710e+02 6.365227e+02
8.823886e+02 5.996262e+02
8.374032e+02 5.662175e+02
7.999345e+02 5.404784e+02
7.674300e+02 5.189877e+02
7.439902e+02 4.997084e+02
7.271349e+02 4.878344e+02
7.104400e+02 2.997296e+02
6.988343e+02 2.535748e+02
6.581059e+02 2.478710e+02
5.820339e+02 2.437627e+02
5.449413e+02 2.415311e+02
5.158452e+02 2.091400e+02
2.456645e+02 2.091400e+02
2.205765e+02 2.048086e+02
2.084547e+02 2.039096e+02
2.036847e+02 2.017357e+02
2.017319e+02 2.003714e+02
2.008972e+02 2.002628e+02
2.004801e+02 2.001528e+02
2.002906e+02 2.000725e+02
2.002201e+02 2.000247e+02
2.001449e+02 2.000216e+02
2.001037e+02 2.000109e+02
2.000739e+02 2.000050e+02
2.000539e+02 2.000027e+02
2.000446e+02 2.000009e+02
2.000292e+02 2.000005e+02
2.000202e+02 2.000002e+02
2.000070e+02 2.000002e+02
2.000031e+02 2.000001e+02
2.000014e+02 2.000000e+02
2.000011e+02 2.000000e+02
2.000010e+02 2.000000e+02
2.000007e+02 2.000000e+02
2.000005e+02 2.000000e+02
2.000004e+02 2.000000e+02
2.000003e+02 2.000000e+02
2.000003e+02 2.000000e+02
2.000002e+02 2.000000e+02
2.000002e+02 2.000000e+02
2.000001e+02 2.000000e+02
2.000001e+02 2.000000e+02
2.000000e+02 2.000000e+02
2.000000e+02 2.000000e+02
2.000000e+02 2.000000e+02
2.000000e+02 2.000000e+02
2.000000e+02 2.000000e+02
2.000000e+02 2.000000e+02
2.000000e+02 2.000000e+02
2.000000e+02 2.000000e+02
2.000000e+02 2.000000e+02
2.000000e+02 2.000000e+02
2.000000e+02 2.000000e+02
2.000000e+02 2.000000e+02
2.000000e+02 2.000000e+02
2.000000e+02 2.000000e+02
2.000000e+02 2.000000e+02
2.000000e+02 2.000000e+02
2.000000e+02 2.000000e+02
2.000000e+02 2.000000e+02
2.000000e+02 2.000000e+02
2.000000e+02 2.000000e+02
2.000000e+02 2.000000e+02
2.000000e+02 2.000000e+02
2.000000e+02 2.000000e+02
2.000000e+02 2.000000e+02
2.000000e+02 2.000000e+02
2.000000e+02 2.000000e+02
2.000000e+02 2.000000e+02
2.000000e+02 2.000000e+02
2.000000e+02 2.000000e+02
2.000000e+02 2.000000e+02
2.000000e+02 2.000000e+02
2.000000e+02 2.000000e+02
2.000000e+02 2.000000e+02
2.000000e+02 2.000000e+02
3.486280e+04 6.409613e+03
1.064616e+04 4.974701e+03
6.155058e+03 4.432482e+03
5.646407e+03 4.292175e+03
5.400239e+03 4.087872e+03
5.220311e+03 4.054198e+03
5.022422e+03 3.723299e+03
4.859619e+03 3.723299e+03
4.600475e+03 3.492084e+03
4.332513e+03 3.150654e+03
4.001655e+03 2.960133e+03
3.541420e+03 2.591215e+03
3.178115e+03 2.189200e+03
2.849837e+03 1.975812e+03
2.569517e+03 1.756633e+03
2.300799e+03 1.554115e+03
2.080309e+03 1.408570e+03
1.864278e+03 1.263800e+03
1.714962e+03 1.150616e+03
1.568467e+03 1.011755e+03
1.449296e+03 9.535293e+02
1.340948e+03 8.789277e+02
1.245925e+03 8.366955e+02
1.165750e+03 7.628671e+02
1.092314e+03 7.084962e+02
1.036827e+03 6.495166e+02
9.958005e+02 6.216785e+02
9.648193e+02 6.087645e+02
9.362681e+02 5.134819e+02
9.146775e+02 4.932893e+02
8.985750e+02 3.210906e+02
8.782541e+02 2.842982e+02
8.165060e+02 2.537072e+02
7.461199e+02 2.537072e+02
7.047168e+02 2.123317e+02
6.681339e+02 2.123317e+02
6.171685e+02 2.109991e+02
5.853967e+02 2.066982e+02
2.124198e+02 2.058968e+02
2.051994e+02 2.013494e+02
2.024745e+02 2.009694e+02
2.013121e+02 2.001760e+02
2.007108e+02 2.001760e+02
2.004644e+02 2.001031e+02
2.002905e+02 2.000507e+02
2.002018e+02 2.000255e+02
2.001520e+02 2.000023e+02
2.001174e+02 2.000023e+02
2.000900e+02 2.000023e+02
2.000653e+02 2.000018e+02
2.000502e+02 2.000009e+02
2.000339e+02 2.000005e+02
2.000274e+02 2.000002e+02
2.000129e+02 2.000001e+02
2.000049e+02 2.000001e+02
2.000027e+02 2.000000e+02
2.000021e+02 2.000000e+02
2.000015e+02 2.000000e+02
2.000011e+02 2.000000e+02
2.000008e+02 2.000000e+02
2.000006e+02 2.000000e+02
2.000005e+02 2.000000e+02
2.000003e+02 2.000000e+02
2.000002e+02 2.000000e+02
2.000002e+02 2.000000e+02
2.000002e+02 2.000000e+02
2.000001e+02 2.000000e+02
2.000000e+02 2.000000e+02
2.000000e+02 2.000000e+02
2.000000e+02 2.000000e+02
2.000000e+02 2.000000e+02
2.000000e+02 2.000000e+02
2.000000e+02 2.000000e+02
2.000000e+02 2.000000e+02
2.000000e+02 2.000000e+02
2.000000e+02 2.000000e+02
2.000000e+02 2.000000e+02
2.000000e+02 2.000000e+02
2.000000e+02 2.000000e+02
2.000000e+02 2.000000e+02
2.000000e+02 2.000000e+02
2.000000e+02 2.000000e+02
2.000000e+02 2.000000e+02
2.000000e+02 2.000000e+02
2.000000e+02 2.000000e+02
2.000000e+02 2.000000e+02
2.000000e+02 2.000000e+02
2.000000e+02 2.000000e+02
2.000000e+02 2.000000e+02
2.000000e+02 2.000000e+02
2.000000e+02 2.000000e+02
2.000000e+02 2.000000e+02
2.000000e+02 2.000000e+02
2.000000e+02 2.000000e+02
2.000000e+02 2.000000e+02
2.000000e+02 2.000000e+02
2.000000e+02 2.000000e+02
2.000000e+02 2.000000e+02
2.000000e+02 2.000000e+02
2.000000e+02 2.000000e+02
2.000022e+02 2.000000e+02
3.483349e+04 5.340689e+03
1.041660e+04 4.822238e+03
6.140800e+03 4.365112e+03
5.635979e+03 4.365112e+03
5.367158e+03 3.989199e+03
5.179494e+03 3.989199e+03
5.021210e+03 3.944839e+03
4.843484e+03 3.792101e+03
4.623724e+03 3.625188e+03
4.354679e+03 3.354224e+03
4.064357e+03 3.034581e+03
3.592732e+03 2.663420e+03
3.241736e+03 2.292739e+03
2.884602e+03 1.997790e+03
2.575226e+03 1.812156e+03
2.267858e+03 1.578775e+03
2.016840e+03 1.320958e+03
1.764959e+03 1.232395e+03
1.568268e+03 1.072789e+03
1.400382e+03 9.709910e+02
1.263541e+03 8.690863e+02
1.154412e+03 7.796280e+02
1.065579e+03 7.143784e+02
9.802482e+02 6.504388e+02
9.083435e+02 6.012478e+02
8.604270e+02 5.474776e+02
8.121636e+02 5.175273e+02
7.732173e+02 4.892785e+02
7.348959e+02 4.625931e+02
7.091706e+02 4.413409e+02
6.947264e+02 4.240405e+02
6.788672e+02 4.102963e+02
6.637348e+02 3.425389e+02
6.528147e+02 3.425389e+02
6.400524e+02 2.135860e+02
6.335988e+02 2.072422e+02
2.991007e+02 2.059280e+02
2.438302e+02 2.059280e+02
2.298612e+02 2.059280e+02
2.231376e+02 2.045555e+02
2.174620e+02 2.020867e+02
2.152301e+02 2.004833e+02
2.140855e+02 2.003577e+02
2.139801e+02 2.001433e+02
2.132163e+02 2.000961e+02
2.129342e+02 2.000400e+02
2.125820e+02 2.000273e+02
2.122140e+02 2.000132e+02
2.117562e+02 2.000070e+02
2.113780e+02 2.000037e+02
2.109046e+02 2.000018e+02
2.106593e+02 2.000008e+02
2.100840e+02 2.000004e+02
2.093405e+02 2.000002e+02
2.087158e+02 2.000000e+02
2.084949e+02 2.000000e+02
2.084864e+02 2.000000e+02
2.084549e+02 2.000000e+02
2.084242e+02 2.000000e+02
2.085399e+02 2.000000e+02
2.087247e+02 2.000000e+02
2.088699e+02 2.000000e+02
2.089582e+02 2.000000e+02
2.090717e+02 2.000000e+02
2.092059e+02 2.000000e+02
2.093724e+02 2.000000e+02
2.095401e+02 2.000000e+02
2.095774e+02 2.000000e+02
2.097608e+02 2.000000e+02
2.100058e+02 2.000000e+02
2.103045e+02 2.000000e+02
2.106218e+02 2.000000e+02
2.109496e+02 2.000000e+02
2.113300e+02 2.000000e+02
2.117352e+02 2.000000e+02
2.121593e+02 2.000000e+02
2.125938e+02 2.000000e+02
2.131014e+02 2.000000e+02
2.136441e+02 2.000000e+02
2.142198e+02 2.000000e+02
2.148832e+02 2.000000e+02
2.156146e+02 2.000000e+02
2.164230e+02 2.000000e+02
2.173225e+02 2.000000e+02
2.183235e+02 2.000000e+02
2.194505e+02 2.000000e+02
2.207321e+02 2.000000e+02
2.221937e+02 2.000000e+02
2.238780e+02 2.000000e+02
2.258393e+02 2.000000e+02
2.281522e+02 2.000000e+02
2.309210e+02 2.000000e+02
2.342939e+02 2.000000e+02
2.384930e+02 2.000000e+02
2.438641e+02 2.000000e+02
2.509772e+02 2.000000e+02
2.608437e+02 2.000000e+02
2.754462e+02 2.000000e+02
2.992714e+02 2.000000e+02
3.450889e+02 2.000000e+02
4.694509e+02 2.000000e+02
3.387172e+04 6.047688e+03
1.029089e+04 5.109531e+03
6.135280e+03 4.516873e+03
5.585618e+03 4.337031e+03
5.327581e+03 4.180545e+03
5.152391e+03 4.055936e+03
4.979863e+03 3.937602e+03
4.784988e+03 3.716201e+03
4.523019e+03 3.396526e+03
4.204302e+03 3.220750e+03
3.880887e+03 2.808205e+03
3.453978e+03 2.467539e+03
3.050875e+03 2.005455e+03
2.761668e+03 1.863395e+03
2.465674e+03 1.686050e+03
2.163096e+03 1.479127e+03
1.926968e+03 1.324517e+03
1.706929e+03 1.126984e+03
1.555243e+03 1.041169e+03
1.367281e+03 9.221765e+02
1.260105e+03 8.540725e+02
1.147520e+03 7.759741e+02
1.073237e+03 7.250704e+02
9.921053e+02 6.861832e+02
9.346627e+02 6.541660e+02
8.865673e+02 6.187072e+02
8.487512e+02 5.886665e+02
8.202045e+02 5.581534e+02
7.872365e+02 4.369099e+02
7.604781e+02 4.369099e+02
7.431241e+02 4.369099e+02
7.205322e+02 2.888935e+02
7.023859e+02 2.203296e+02
6.028463e+02 2.203296e+02
5.292117e+02 2.203296e+02
4.914361e+02 2.203296e+02
4.671407e+02 2.155123e+02
2.277078e+02 2.089509e+02
2.116316e+02 2.044003e+02
2.050586e+02 2.025058e+02
2.023530e+02 2.011006e+02
2.012689e+02 2.003077e+02
2.007713e+02 2.002343e+02
2.004814e+02 2.001171e+02
2.003041e+02 2.000538e+02
2.002190e+02 2.000289e+02
2.001734e+02 2.000164e+02
2.001158e+02 2.000068e+02
2.000747e+02 2.000037e+02
2.000619e+02 2.000023e+02
2.000439e+02 2.000008e+02
2.000315e+02 2.000004e+02
2.000179e+02 2.000003e+02
2.000102e+02 2.000001e+02
2.000048e+02 2.000000e+02
2.000024e+02 2.000000e+02
2.000014e+02 2.000000e+02
2.000011e+02 2.000000e+02
2.000009e+02 2.000000e+02
2.000006e+02 2.000000e+02
2.000005e+02 2.000000e+02
2.000004e+02 2.000000e+02
2.000003e+02 2.000000e+02
2.000002e+02 2.000000e+02
2.000002e+02 2.000000e+02
2.000001e+02 2.000000e+02
2.000001e+02 2.000000e+02
2.000000e+02 2.000000e+02
2.000000e+02 2.000000e+02
2.000000e+02 2.000000e+02
2.000000e+02 2.000000e+02
2.000000e+02 2.000000e+02
2.000000e+02 2.000000e+02
2.000000e+02 2.000000e+02
2.000000e+02 2.000000e+02
2.000000e+02 2.000000e+02
2.000000e+02 2.000000e+02
2.000000e+02 2.000000e+02
2.000000e+02 2.000000e+02
2.000000e+02 2.000000e+02
2.000000e+02 2.000000e+02
2.000000e+02 2.000000e+02
2.000000e+02 2.000000e+02
2.000000e+02 2.000000e+02
2.000000e+02 2.000000e+02
2.000000e+02 2.000000e+02
2.000000e+02 2.000000e+02
2.000000e+02 2.000000e+02
2.000000e+02 2.000000e+02
2.000000e+02 2.000000e+02
2.000000e+02 2.000000e+02
2.000000e+02 2.000000e+02
2.000000e+02 2.000000e+02
2.000000e+02 2.000000e+02
2.000000e+02 2.000000e+02
2.000000e+02 2.000000e+02
2.000000e+02 2.000000e+02
2.000000e+02 2.000000e+02
2.000000e+02 2.000000e+02
2.000229e+02 2.000000e+02
2.000001e+02 2.000000e+02
3.417914e+04 5.679139e+03
1.072706e+04 5.261009e+03
6.174703e+03 4.518134e+03
5.630171e+03 4.344001e+03
5.372362e+03 4.129416e+03
5.183874e+03 4.035995e+03
4.996103e+03 3.875600e+03
4.809347e+03 3.721156e+03
4.562044e+03 3.329977e+03
4.273401e+03 3.150450e+03
3.935721e+03 2.908875e+03
3.479348e+03 2.525225e+03
3.130011e+03 2.262299e+03
2.783072e+03 2.022565e+03
2.481032e+03 1.797362e+03
2.166066e+03 1.593791e+03
1.954185e+03 1.426995e+03
1.727555e+03 1.263710e+03
1.572412e+03 1.110828e+03
1.412647e+03 1.014269e+03
1.273496e+03 9.179502e+02
1.153026e+03 8.382925e+02
1.057107e+03 7.694962e+02
9.809814e+02 7.138497e+02
9.136836e+02 6.552207e+02
8.584054e+02 6.190058e+02
8.097741e+02 5.800347e+02
7.716142e+02 5.475710e+02
7.339618e+02 5.162277e+02
7.032511e+02 4.854234e+02
6.838243e+02 4.722356e+02
6.670198e+02 3.378734e+02
6.514381e+02 2.615615e+02
6.359536e+02 2.361496e+02
5.481007e+02 2.135635e+02
4.894425e+02 2.111484e+02
2.576417e+02 2.062157e+02
2.385080e+02 2.062157e+02
2.180488e+02 2.062157e+02
2.081126e+02 2.020463e+02
2.036370e+02 2.013363e+02
2.019325e+02 2.005310e+02
2.011164e+02 2.003350e+02
2.007011e+02 2.001651e+02
2.004337e+02 2.000747e+02
2.003193e+02 2.000199e+02
2.002898e+02 2.000199e+02
2.001811e+02 2.000061e+02
2.001324e+02 2.000035e+02
2.000980e+02 2.000026e+02
2.000694e+02 2.000004e+02
2.000599e+02 2.000004e+02
2.000395e+02 2.000003e+02
2.000223e+02 2.000002e+02
2.000104e+02 2.000001e+02
2.000053e+02 2.000000e+02
2.000030e+02 2.000000e+02
2.000026e+02 2.000000e+02
2.000020e+02 2.000000e+02
2.000016e+02 2.000000e+02
2.000012e+02 2.000000e+02
2.000009e+02 2.000000e+02
2.000007e+02 2.000000e+02
2.000005e+02 2.000000e+02
2.000004e+02 2.000000e+02
2.000003e+02 2.000000e+02
2.000002e+02 2.000000e+02
2.000001e+02 2.000000e+02
2.000000e+02 2.000000e+02
2.000000e+02 2.000000e+02
2.000000e+02 2.000000e+02
2.000000e+02 2.000000e+02
2.000000e+02 2.000000e+02
2.000000e+02 2.000000e+02
2.000000e+02 2.000000e+02
2.000000e+02 2.000000e+02
2.000000e+02 2.000000e+02
2.000000e+02 2.000000e+02
2.000000e+02 2.000000e+02
2.000000e+02 2.000000e+02
2.000000e+02 2.000000e+02
2.000000e+02 2.000000e+02
2.000000e+02 2.000000e+02
2.000000e+02 2.000000e+02
2.000000e+02 2.000000e+02
2.000000e+02 2.000000e+02
2.000000e+02 2.000000e+02
2.000000e+02 2.000000e+02
2.000000e+02 2.000000e+02
2.000000e+02 2.000000e+02
2.000000e+02 2.000000e+02
2.000000e+02 2.000000e+02
2.000000e+02 2.000000e+02
2.000000e+02 2.000000e+02
2.000000e+02 2.000000e+02
2.000000e+02 2.000000e+02
2.000000e+02 2.000000e+02
2.000000e+02 2.000000e+02
2.000000e+02 2.000000e+02
2.000000e+02 2.000000e+02
2.000000e+02 2.000000e+02
3.518394e+04 5.956946e+03
1.078617e+04 4.947660e+03
6.221877e+03 4.492125e+03
5.692377e+03 4.374762e+03
5.426246e+03 4.177193e+03
5.247561e+03 4.064420e+03
5.052648e+03 3.900450e+03
4.859979e+03 3.686905e+03
4.626886e+03 3.483094e+03
4.349967e+03 3.220588e+03
3.986837e+03 2.918744e+03
3.561366e+03 2.553861e+03
3.177785e+03 2.118411e+03
2.831458e+03 1.966018e+03
2.552205e+03 1.769251e+03
2.263632e+03 1.526383e+03
2.065688e+03 1.365499e+03
1.858127e+03 1.226394e+03
1.700842e+03 1.123588e+03
1.523919e+03 1.010090e+03
1.390717e+03 9.157338e+02
1.266722e+03 8.301401e+02
1.152308e+03 7.674599e+02
1.065397e+03 7.032286e+02
1.018391e+03 6.751535e+02
9.726233e+02 6.373559e+02
9.237690e+02 5.932282e+02
8.806172e+02 5.623183e+02
8.448193e+02 4.847814e+02
8.151097e+02 4.516943e+02
7.928319e+02 3.232795e+02
7.760800e+02 2.831547e+02
7.409380e+02 2.507732e+02
6.804711e+02 2.404680e+02
6.462535e+02 2.404680e+02
6.101105e+02 2.404680e+02
5.711660e+02 2.250426e+02
5.367007e+02 2.114938e+02
2.181292e+02 2.092186e+02
2.071200e+02 2.006058e+02
2.032197e+02 2.006058e+02
2.016753e+02 2.005958e+02
2.008983e+02 2.002594e+02
2.005855e+02 2.000957e+02
2.004156e+02 2.000483e+02
2.003414e+02 2.000306e+02
2.002159e+02 2.000125e+02
2.001650e+02 2.000082e+02
2.001106e+02 2.000043e+02
2.000898e+02 2.000008e+02
2.000659e+02 2.000008e+02
2.000587e+02 2.000006e+02
2.000445e+02 2.000002e+02
2.000245e+02 2.000001e+02
2.000147e+02 2.000000e+02
2.000062e+02 2.000000e+02
2.000027e+02 2.000000e+02
2.000023e+02 2.000000e+02
2.000017e+02 2.000000e+02
2.000013e+02 2.000000e+02
2.000010e+02 2.000000e+02
2.000008e+02 2.000000e+02
2.000006e+02 2.000000e+02
2.000005e+02 2.000000e+02
2.000004e+02 2.000000e+02
2.000003e+02 2.000000e+02
2.000002e+02 2.000000e+02
2.000001e+02 2.000000e+02
2.000000e+02 2.000000e+02
2.000000e+02 2.000000e+02
2.000000e+02 2.000000e+02
2.000000e+02 2.000000e+02
2.000000e+02 2.000000e+02
2.000000e+02 2.000000e+02
2.000000e+02 2.000000e+02
2.000000e+02 2.000000e+02
2.000000e+02 2.000000e+02
2.000000e+02 2.000000e+02
2.000000e+02 2.000000e+02
2.000000e+02 2.000000e+02
2.000000e+02 2.000000e+02
2.000000e+02 2.000000e+02
2.000000e+02 2.000000e+02
2.000000e+02 2.000000e+02
2.000000e+02 2.000000e+02
2.000000e+02 2.000000e+02
2.000000e+02 2.000000e+02
2.000000e+02 2.000000e+02
2.000000e+02 2.000000e+02
2.000000e+02 2.000000e+02
2.000000e+02 2.000000e+02
2.000000e+02 2.000000e+02
2.000000e+02 2.000000e+02
2.000000e+02 2.000000e+02
2.000000e+02 2.000000e+02
2.000000e+02 2.000000e+02
2.000000e+02 2.000000e+02
2.000000e+02 2.000000e+02
2.000000e+02 2.000000e+02
2.000000e+02 2.000000e+02
2.000000e+02 2.000000e+02
3.422558e+04 5.748348e+03
1.065975e+04 4.978976e+03
6.134666e+03 4.255966e+03
5.579302e+03 4.255966e+03
5.328845e+03 4.196693e+03
5.135396e+03 4.063184e+03
4.945248e+03 3.906748e+03
4.762591e+03 3.622375e+03
4.498362e+03 3.423790e+03
4.188666e+03 2.969787e+03
3.841305e+03 2.794885e+03
3.404395e+03 2.405371e+03
3.041399e+03 2.139805e+03
2.679507e+03 1.888585e+03
2.362346e+03 1.623601e+03
2.060968e+03 1.427141e+03
1.848133e+03 1.290164e+03
1.634804e+03 1.103929e+03
1.474547e+03 1.007553e+03
1.324503e+03 9.057550e+02
1.204611e+03 8.289514e+02
1.100091e+03 7.500228e+02
1.018834e+03 6.892256e+02
9.405342e+02 6.292155e+02
8.839300e+02 5.768580e+02
8.305459e+02 5.515910e+02
7.833016e+02 5.078507e+02
7.485991e+02 4.823433e+02
7.131790e+02 4.562538e+02
6.888667e+02 3.601978e+02
6.720220e+02 2.715454e+02
6.568152e+02 2.319581e+02
6.062661e+02 2.314967e+02
5.493803e+02 2.267885e+02
5.230019e+02 2.259533e+02
5.025007e+02 2.250837e+02
4.796448e+02 2.171632e+02
2.171110e+02 2.076667e+02
2.076301e+02 2.036767e+02
2.035741e+02 2.012516e+02
2.017693e+02 2.006502e+02
2.009367e+02 2.003395e+02
2.005201e+02 2.000917e+02
2.003270e+02 2.000748e+02
2.002271e+02 2.000377e+02
2.001643e+02 2.000215e+02
2.001077e+02 2.000093e+02
2.000679e+02 2.000050e+02
2.000525e+02 2.000026e+02
2.000395e+02 2.000014e+02
2.000331e+02 2.000007e+02
2.000269e+02 2.000002e+02
2.000207e+02 2.000002e+02
2.000084e+02 2.000001e+02
2.000054e+02 2.000000e+02
2.000017e+02 2.000000e+02
2.000013e+02 2.000000e+02
2.000011e+02 2.000000e+02
2.000008e+02 2.000000e+02
2.000007e+02 2.000000e+02
2.000005e+02 2.000000e+02
2.000004e+02 2.000000e+02
2.000003e+02 2.000000e+02
2.000002e+02 2.000000e+02
2.000002e+02 2.000000e+02
2.000001e+02 2.000000e+02
2.000001e+02 2.000000e+02
2.000000e+02 2.000000e+02
2.000000e+02 2.000000e+02
2.000000e+02 2.000000e+02
2.000000e+02 2.000000e+02
2.000000e+02 2.000000e+02
2.000000e+02 2.000000e+02
2.000000e+02 2.000000e+02
2.000000e+02 2.000000e+02
2.000000e+02 2.000000e+02
2.000000e+02 2.000000e+02
2.000000e+02 2.000000e+02
2.000000e+02 2.000000e+02
2.000000e+02 2.000000e+02
2.000000e+02 2.000000e+02
2.000000e+02 2.000000e+02
2.000000e+02 2.000000e+02
2.000000e+02 2.000000e+02
2.000000e+02 2.000000e+02
2.000000e+02 2.000000e+02
2.000000e+02 2.000000e+02
2.000000e+02 2.000000e+02
2.000000e+02 2.000000e+02
2.000000e+02 2.000000e+02
2.000000e+02 2.000000e+02
2.000000e+02 2.000000e+02
2.000000e+02 2.000000e+02
2.000000e+02 2.000000e+02
2.000000e+02 2.000000e+02
2.000000e+02 2.000000e+02
2.000000e+02 2.000000e+02
2.000000e+02 2.000000e+02
2.000000e+02 2.000000e+02
2.000000e+02 2.000000e+02
2.000000e+02 2.000000e+02
3.538588e+04 6.057663e+03
1.088418e+04 5.118352e+03
6.245886e+03 4.530244e+03
5.657797e+03 4.283449e+03
5.384874e+03 4.107619e+03
5.207150e+03 4.031877e+03
5.027067e+03 3.939072e+03
4.858822e+03 3.652611e+03
4.605779e+03 3.477181e+03
4.273957e+03 3.073299e+03
3.884113e+03 2.793740e+03
3.474792e+03 2.525556e+03
3.119915e+03 2.229085e+03
2.757927e+03 1.963390e+03
2.478732e+03 1.757992e+03
2.168746e+03 1.530773e+03
1.959094e+03 1.348020e+03
1.733577e+03 1.200998e+03
1.589764e+03 1.072243e+03
1.447150e+03 9.836816e+02
1.330838e+03 8.892093e+02
1.222785e+03 8.087543e+02
1.138402e+03 7.359430e+02
1.065562e+03 6.691734e+02
1.002989e+03 6.323695e+02
9.608718e+02 6.039050e+02
9.193992e+02 5.643503e+02
8.748941e+02 5.422249e+02
8.426092e+02 5.172612e+02
8.177221e+02 3.260679e+02
8.000001e+02 2.632269e+02
7.856336e+02 2.506043e+02
7.522591e+02 2.457240e+02
6.631451e+02 2.367558e+02
6.163289e+02 2.367558e+02
2.781378e+02 2.042617e+02
2.407535e+02 2.042617e+02
2.196203e+02 2.042617e+02
2.079986e+02 2.024364e+02
2.033630e+02 2.008870e+02
2.016999e+02 2.004028e+02
2.008965e+02 2.002358e+02
2.006108e+02 2.001047e+02
2.004054e+02 2.000765e+02
2.002573e+02 2.000452e+02
2.001835e+02 2.000221e+02
2.001309e+02 2.000102e+02
2.001072e+02 2.000058e+02
2.000674e+02 2.000031e+02
2.000546e+02 2.000012e+02
2.000410e+02 2.000008e+02
2.000195e+02 2.000002e+02
2.000089e+02 2.000002e+02
2.000058e+02 2.000001e+02
2.000021e+02 2.000000e+02
2.000017e+02 2.000000e+02
2.000013e+02 2.000000e+02
2.000010e+02 2.000000e+02
2.000007e+02 2.000000e+02
2.000006e+02 2.000000e+02
2.000004e+02 2.000000e+02
2.000004e+02 2.000000e+02
2.000003e+02 2.000000e+02
2.000002e+02 2.000000e+02
2.000002e+02 2.000000e+02
2.000001e+02 2.000000e+02
2.000001e+02 2.000000e+02
2.000000e+02 2.000000e+02
2.000000e+02 2.000000e+02
2.000000e+02 2.000000e+02
2.000000e+02 2.000000e+02
2.000000e+02 2.000000e+02
2.000000e+02 2.000000e+02
2.000000e+02 2.000000e+02
2.000000e+02 2.000000e+02
2.000000e+02 2.000000e+02
2.000000e+02 2.000000e+02
2.000000e+02 2.000000e+02
2.000000e+02 2.000000e+02
2.000000e+02 2.000000e+02
2.000000e+02 2.000000e+02
2.000000e+02 2.000000e+02
2.000000e+02 2.000000e+02
2.000000e+02 2.000000e+02
2.000000e+02 2.000000e+02
2.000000e+02 2.000000e+02
2.000000e+02 2.000000e+02
2.000000e+02 2.000000e+02
2.000000e+02 2.000000e+02
2.000000e+02 2.000000e+02
2.000000e+02 2.000000e+02
2.000000e+02 2.000000e+02
2.000000e+02 2.000000e+02
2.000000e+02 2.000000e+02
2.000000e+02 2.000000e+02
2.000000e+02 2.000000e+02
2.000000e+02 2.000000e+02
2.000000e+02 2.000000e+02
2.000000e+02 2.000000e+02
2.000000e+02 2.000000e+02
2.000018e+02 2.000000e+02
3.438905e+04 6.132823e+03
1.029532e+04 4.928174e+03
6.071877e+03 4.569078e+03
5.546133e+03 4.136429e+03
5.273867e+03 4.136429e+03
5.081330e+03 4.062706e+03
4.896931e+03 3.803746e+03
4.740488e+03 3.774520e+03
4.461512e+03 3.425609e+03
4.175565e+03 3.121237e+03
3.784864e+03 2.695530e+03
3.354894e+03 2.311827e+03
3.016126e+03 2.179266e+03
2.714303e+03 1.835539e+03
2.407895e+03 1.696680e+03
2.082262e+03 1.445543e+03
1.858993e+03 1.328906e+03
1.636926e+03 1.170891e+03
1.471120e+03 1.050002e+03
1.326301e+03 9.390467e+02
1.207645e+03 8.529212e+02
1.110649e+03 7.811227e+02
1.027584e+03 7.168456e+02
9.382218e+02 6.454443e+02
8.736517e+02 5.922155e+02
8.156656e+02 5.622369e+02
7.671523e+02 5.224078e+02
7.337618e+02 4.965235e+02
6.983323e+02 4.687071e+02
6.730186e+02 4.187755e+02
6.545918e+02 4.071600e+02
6.344418e+02 2.620070e+02
6.193384e+02 2.254593e+02
5.945688e+02 2.227940e+02
5.153562e+02 2.220367e+02
4.829047e+02 2.220367e+02
4.608656e+02 2.213109e+02
2.313212e+02 2.139055e+02
2.136132e+02 2.065186e+02
2.058806e+02 2.011240e+02
2.025428e+02 2.011240e+02
2.013636e+02 2.004932e+02
2.007731e+02 2.001806e+02
2.005082e+02 2.001295e+02
2.003291e+02 2.000436e+02
2.002143e+02 2.000327e+02
2.001495e+02 2.000162e+02
2.001094e+02 2.000079e+02
2.000780e+02 2.000045e+02
2.000579e+02 2.000024e+02
2.000477e+02 2.000009e+02
2.000393e+02 2.000006e+02
2.000251e+02 2.000003e+02
2.000140e+02 2.000001e+02
2.000056e+02 2.000000e+02
2.000031e+02 2.000000e+02
2.000022e+02 2.000000e+02
2.000017e+02 2.000000e+02
2.000013e+02 2.000000e+02
2.000010e+02 2.000000e+02
2.000008e+02 2.000000e+02
2.000006e+02 2.000000e+02
2.000005e+02 2.000000e+02
2.000004e+02 2.000000e+02
2.000003e+02 2.000000e+02
2.000002e+02 2.000000e+02
2.000002e+02 2.000000e+02
2.000001e+02 2.000000e+02
2.000000e+02 2.000000e+02
2.000000e+02 2.000000e+02
2.000000e+02 2.000000e+02
2.000000e+02 2.000000e+02
2.000000e+02 2.000000e+02
2.000000e+02 2.000000e+02
2.000000e+02 2.000000e+02
2.000000e+02 2.000000e+02
2.000000e+02 2.000000e+02
2.000000e+02 2.000000e+02
2.000000e+02 2.000000e+02
2.000000e+02 2.000000e+02
2.000000e+02 2.000000e+02
2.000000e+02 2.000000e+02
2.000000e+02 2.000000e+02
2.000000e+02 2.000000e+02
2.000000e+02 2.000000e+02
2.000000e+02 2.000000e+02
2.000000e+02 2.000000e+02
2.000000e+02 2.000000e+02
2.000000e+02 2.000000e+02
2.000000e+02 2.000000e+02
2.000000e+02 2.000000e+02
2.000000e+02 2.000000e+02
2.000000e+02 2.000000e+02
2.000000e+02 2.000000e+02
2.000000e+02 2.000000e+02
2.000000e+02 2.000000e+02
2.000000e+02 2.000000e+02
2.000000e+02 2.000000e+02
2.000000e+02 2.000000e+02
2.000000e+02 2.000000e+02
2.000000e+02 2.000000e+02
3.471330e+04 5.593028e+03
1.018386e+04 5.045159e+03
6.177966e+03 4.424407e+03
5.666502e+03 4.237638e+03
5.403854e+03 4.035411e+03
5.199213e+03 4.032655e+03
5.009707e+03 3.888584e+03
4.827089e+03 3.667251e+03
4.601615e+03 3.461052e+03
4.287408e+03 3.183954e+03
3.914200e+03 2.855812e+03
3.491269e+03 2.435541e+03
3.106035e+03 2.154887e+03
2.770415e+03 1.894693e+03
2.472973e+03 1.701916e+03
2.210352e+03 1.440460e+03
2.025671e+03 1.325908e+03
1.811518e+03 1.217832e+03
1.657202e+03 1.104076e+03
1.505121e+03 1.007711e+03
1.373507e+03 9.017830e+02
1.276481e+03 8.321679e+02
1.188248e+03 7.617746e+02
1.127363e+03 7.253702e+02
1.074379e+03 6.766607e+02
1.032857e+03 6.450404e+02
9.929132e+02 5.984165e+02
9.581125e+02 5.789452e+02
9.263676e+02 5.230836e+02
9.041729e+02 4.260312e+02
8.853567e+02 4.260312e+02
8.682891e+02 2.791847e+02
8.446147e+02 2.353702e+02
7.306168e+02 2.252030e+02
6.818240e+02 2.163143e+02
6.513386e+02 2.163143e+02
6.203643e+02 2.163143e+02
5.995125e+02 2.076197e+02
2.112497e+02 2.041991e+02
2.048769e+02 2.020907e+02
2.024273e+02 2.003663e+02
2.012428e+02 2.003663e+02
2.006602e+02 2.001327e+02
2.004311e+02 2.000817e+02
2.002858e+02 2.000389e+02
2.002061e+02 2.000237e+02
2.001318e+02 2.000098e+02
2.001039e+02 2.000065e+02
2.000711e+02 2.000023e+02
2.000533e+02 2.000004e+02
2.000400e+02 2.000004e+02
2.000271e+02 2.000003e+02
2.000229e+02 2.000002e+02
2.000112e+02 2.000001e+02
2.000049e+02 2.000000e+02
2.000017e+02 2.000000e+02
2.000011e+02 2.000000e+02
2.000009e+02 2.000000e+02
2.000007e+02 2.000000e+02
2.000006e+02 2.000000e+02
2.000004e+02 2.000000e+02
2.000003e+02 2.000000e+02
2.000002e+02 2.000000e+02
2.000001e+02 2.000000e+02
2.000001e+02 2.000000e+02
2.000001e+02 2.000000e+02
2.000001e+02 2.000000e+02
2.000000e+02 2.000000e+02
2.000000e+02 2.000000e+02
2.000000e+02 2.000000e+02
2.000000e+02 2.000000e+02
2.000000e+02 2.000000e+02
2.000000e+02 2.000000e+02
2.000000e+02 2.000000e+02
2.000000e+02 2.000000e+02
2.000000e+02 2.000000e+02
2.000000e+02 2.000000e+02
2.000000e+02 2.000000e+02
2.000000e+02 2.000000e+02
2.000000e+02 2.000000e+02
2.000000e+02 2.000000e+02
2.000000e+02 2.000000e+02
2.000000e+02 2.000000e+02
2.000000e+02 2.000000e+02
2.000000e+02 2.000000e+02
2.000000e+02 2.000000e+02
2.000000e+02 2.000000e+02
2.000000e+02 2.000000e+02
2.000000e+02 2.000000e+02
2.000000e+02 2.000000e+02
2.000000e+02 2.000000e+02
2.000000e+02 2.000000e+02
2.000000e+02 2.000000e+02
2.000000e+02 2.000000e+02
2.000000e+02 2.000000e+02
2.000000e+02 2.000000e+02
2.000000e+02 2.000000e+02
2.000000e+02 2.000000e+02
2.000000e+02 2.000000e+02
2.000000e+02 2.000000e+02
2.000000e+02 2.000000e+02
3.548238e+04 6.077505e+03
1.066503e+04 5.037888e+03
6.199722e+03 4.463397e+03
5.656990e+03 4.254136e+03
5.385864e+03 4.066793e+03
5.213191e+03 3.988553e+03
5.034504e+03 3.852152e+03
4.850243e+03 3.649972e+03
4.615567e+03 3.557870e+03
4.297147e+03 3.251328e+03
3.945578e+03 2.872227e+03
3.484231e+03 2.543514e+03
3.099308e+03 2.218950e+03
2.761830e+03 1.988980e+03
2.480172e+03 1.711438e+03
2.195462e+03 1.569081e+03
1.992967e+03 1.370345e+03
1.768357e+03 1.217489e+03
1.586802e+03 1.111698e+03
1.404547e+03 9.684551e+02
1.280395e+03 8.814082e+02
1.180560e+03 7.995900e+02
1.090305e+03 7.357946e+02
1.008277e+03 6.798144e+02
9.515620e+02 6.324331e+02
9.056183e+02 5.926340e+02
8.603515e+02 5.622166e+02
8.234343e+02 5.280917e+02
7.934121e+02 4.969360e+02
7.632129e+02 4.776191e+02
7.465885e+02 4.580892e+02
7.294642e+02 4.415135e+02
7.153309e+02 4.240436e+02
7.008458e+02 3.990514e+02
6.909275e+02 2.482382e+02
6.843076e+02 2.164887e+02
6.665994e+02 2.054689e+02
3.595672e+02 2.053688e+02
3.195920e+02 2.053688e+02
3.114816e+02 2.049342e+02
3.024037e+02 2.025608e+02
2.933741e+02 2.016283e+02
2.812214e+02 2.006829e+02
2.685270e+02 2.003290e+02
2.524252e+02 2.000660e+02
2.395645e+02 2.000604e+02
2.437974e+02 2.000092e+02
2.452771e+02 2.000092e+02
2.431436e+02 2.000060e+02
2.393726e+02 2.000047e+02
2.368363e+02 2.000013e+02
2.367703e+02 2.000012e+02
2.320632e+02 2.000004e+02
2.288861e+02 2.000003e+02
2.253739e+02 2.000001e+02
2.225989e+02 2.000001e+02
2.226913e+02 2.000000e+02
2.214246e+02 2.000000e+02
2.209739e+02 2.000000e+02
2.206671e+02 2.000000e+02
2.199230e+02 2.000000e+02
2.194676e+02 2.000000e+02
2.192531e+02 2.000000e+02
2.189155e+02 2.000000e+02
2.188303e+02 2.000000e+02
2.188540e+02 2.000000e+02
2.187556e+02 2.000000e+02
2.185620e+02 2.000000e+02
2.180764e+02 2.000000e+02
2.178804e+02 2.000000e+02
2.180657e+02 2.000000e+02
2.185705e+02 2.000000e+02
2.189911e+02 2.000000e+02
2.195101e+02 2.000000e+02
2.201006e+02 2.000000e+02
2.207124e+02 2.000000e+02
2.214715e+02 2.000000e+02
2.222499e+02 2.000000e+02
2.230256e+02 2.000000e+02
2.239525e+02 2.000000e+02
2.250553e+02 2.000000e+02
2.262573e+02 2.000000e+02
2.275926e+02 2.000000e+02
2.291706e+02 2.000000e+02
2.307518e+02 2.000000e+02
2.326047e+02 2.000000e+02
2.347334e+02 2.000000e+02
2.371745e+02 2.000000e+02
2.399897e+02 2.000000e+02
2.432704e+02 2.000000e+02
2.471383e+02 2.000000e+02
2.517726e+02 2.000000e+02
2.574190e+02 2.000000e+02
2.644483e+02 2.000000e+02
2.734401e+02 2.000000e+02
2.853490e+02 2.000000e+02
3.018681e+02 2.000000e+02
3.263165e+02 2.000000e+02
3.662059e+02 2.000000e+02
4.429163e+02 2.000000e+02
6.511302e+02 2.000000e+02
3.471869e+04 5.974016e+03
1.053632e+04 4.813510e+03
6.155106e+03 4.493543e+03
5.610360e+03 4.139963e+03
5.343987e+03 4.139963e+03
5.146273e+03 4.002626e+03
4.963149e+03 3.897597e+03
4.779261e+03 3.747768e+03
4.518888e+03 3.375708e+03
4.203588e+03 3.156418e+03
3.875078e+03 2.845156e+03
3.438672e+03 2.535250e+03
3.044639e+03 2.117608e+03
2.693473e+03 1.908755e+03
2.412829e+03 1.688162e+03
2.146429e+03 1.449683e+03
1.927480e+03 1.326170e+03
1.696674e+03 1.148236e+03
1.550418e+03 1.043427e+03
1.402254e+03 9.355278e+02
1.267032e+03 8.569783e+02
1.160914e+03 8.002620e+02
1.079505e+03 7.242167e+02
9.933565e+02 6.545778e+02
9.396658e+02 6.169274e+02
8.892114e+02 5.739696e+02
8.425458e+02 5.195410e+02
8.022542e+02 4.903728e+02
7.702403e+02 4.711043e+02
7.410130e+02 4.449048e+02
7.228276e+02 4.287257e+02
7.050837e+02 4.076317e+02
6.846844e+02 3.948209e+02
6.719894e+02 2.230494e+02
6.607883e+02 2.230494e+02
6.554801e+02 2.087254e+02
5.793028e+02 2.071575e+02
1.221991e+03 2.071575e+02
1.191470e+03 2.071575e+02
1.153591e+03 2.052160e+02
1.088206e+03 2.023846e+02
1.011883e+03 2.010039e+02
9.047553e+02 2.005905e+02
8.242665e+02 2.002018e+02
8.385560e+02 2.000821e+02
8.306386e+02 2.000442e+02
7.761893e+02 2.000352e+02
7.628929e+02 2.000174e+02
6.767479e+02 2.000082e+02
6.356756e+02 2.000043e+02
5.938927e+02 2.000020e+02
5.577605e+02 2.000010e+02
5.330915e+02 2.000005e+02
4.962534e+02 2.000002e+02
4.887138e+02 2.000001e+02
4.716494e+02 2.000001e+02
4.583815e+02 2.000000e+02
4.522817e+02 2.000000e+02
4.541376e+02 2.000000e+02
4.582032e+02 2.000000e+02
4.626348e+02 2.000000e+02
4.684927e+02 2.000000e+02
4.736615e+02 2.000000e+02
4.800735e+02 2.000000e+02
4.871339e+02 2.000000e+02
4.946832e+02 2.000000e+02
5.022156e+02 2.000000e+02
5.107737e+02 2.000000e+02
5.204641e+02 2.000000e+02
5.302429e+02 2.000000e+02
5.407292e+02 2.000000e+02
5.519883e+02 2.000000e+02
5.640109e+02 2.000000e+02
5.761781e+02 2.000000e+02
5.899685e+02 2.000000e+02
6.048329e+02 2.000000e+02
6.208729e+02 2.000000e+02
6.392617e+02 2.000000e+02
6.571387e+02 2.000000e+02
6.777350e+02 2.000000e+02
7.002677e+02 2.000000e+02
7.250484e+02 2.000000e+02
7.524218e+02 2.000000e+02
7.828153e+02 2.000000e+02
8.187576e+02 2.000000e+02
8.548982e+02 2.000000e+02
8.980656e+02 2.000000e+02
9.473324e+02 2.000000e+02
1.004087e+03 2.000000e+02
1.070173e+03 2.000000e+02
1.148096e+03 2.000000e+02
1.241348e+03 2.000000e+02
1.354948e+03 2.000000e+02
1.496370e+03 2.000000e+02
1.677258e+03 2.000000e+02
1.916813e+03 2.000000e+02
2.249099e+03 2.000000e+02
2.740882e+03 2.000000e+02
3.543266e+03 2.000000e+02
5.086312e+03 2.000000e+02
9.274580e+03 2.000000e+02
3.469191e+04 5.665559e+03
1.047371e+04 5.102883e+03
6.158790e+03 4.529113e+03
5.656136e+03 4.381106e+03
5.405417e+03 4.074052e+03
5.210606e+03 4.039420e+03
5.042463e+03 3.943223e+03
4.908425e+03 3.835682e+03
4.684885e+03 3.533366e+03
4.394715e+03 3.241984e+03
4.113798e+03 2.942720e+03
3.676989e+03 2.605431e+03
3.348736e+03 2.212070e+03
3.051451e+03 1.999116e+03
2.766425e+03 1.871798e+03
2.501308e+03 1.616941e+03
2.298884e+03 1.454884e+03
2.037754e+03 1.256283e+03
1.858357e+03 1.137186e+03
1.690446e+03 1.037547e+03
1.557817e+03 9.285675e+02
1.441675e+03 8.355819e+02
1.335752e+03 7.953418e+02
1.240729e+03 7.303650e+02
1.181264e+03 6.808495e+02
1.096957e+03 6.432807e+02
1.017386e+03 6.066677e+02
9.840612e+02 5.839113e+02
9.401343e+02 5.018071e+02
8.884322e+02 4.134908e+02
8.633191e+02 3.608035e+02
8.473377e+02 2.740923e+02
7.869175e+02 2.338058e+02
7.197880e+02 2.338058e+02
6.641715e+02 2.338058e+02
3.033453e+02 2.338058e+02
2.606522e+02 2.289381e+02
2.293117e+02 2.156498e+02
2.116100e+02 2.053373e+02
2.049845e+02 2.018685e+02
2.023959e+02 2.011391e+02
2.012350e+02 2.005183e+02
2.006929e+02 2.002515e+02
2.004505e+02 2.001163e+02
2.003020e+02 2.000458e+02
2.001818e+02 2.000298e+02
2.001146e+02 2.000104e+02
2.000887e+02 2.000081e+02
2.000550e+02 2.000031e+02
2.000421e+02 2.000022e+02
2.000312e+02 2.000009e+02
2.000215e+02 2.000004e+02
2.000068e+02 2.000003e+02
2.000031e+02 2.000001e+02
2.000015e+02 2.000000e+02
2.000011e+02 2.000000e+02
2.000008e+02 2.000000e+02
2.000007e+02 2.000000e+02
2.000005e+02 2.000000e+02
2.000004e+02 2.000000e+02
2.000003e+02 2.000000e+02
2.000002e+02 2.000000e+02
2.000002e+02 2.000000e+02
2.000001e+02 2.000000e+02
2.000001e+02 2.000000e+02
2.000001e+02 2.000000e+02
2.000000e+02 2.000000e+02
2.000000e+02 2.000000e+02
2.000000e+02 2.000000e+02
2.000000e+02 2.000000e+02
2.000000e+02 2.000000e+02
2.000000e+02 2.000000e+02
2.000000e+02 2.000000e+02
2.000000e+02 2.000000e+02
2.000000e+02 2.000000e+02
2.000000e+02 2.000000e+02
2.000000e+02 2.000000e+02
2.000000e+02 2.000000e+02
2.000000e+02 2.000000e+02
2.000000e+02 2.000000e+02
2.000000e+02 2.000000e+02
2.000000e+02 2.000000e+02
2.000000e+02 2.000000e+02
2.000000e+02 2.000000e+02
2.000000e+02 2.000000e+02
2.000000e+02 2.000000e+02
2.000000e+02 2.000000e+02
2.000000e+02 2.000000e+02
2.000000e+02 2.000000e+02
2.000000e+02 2.000000e+02
2.000000e+02 2.000000e+02
2.000000e+02 2.000000e+02
2.000000e+02 2.000000e+02
2.000000e+02 2.000000e+02
2.000000e+02 2.000000e+02
2.000000e+02 2.000000e+02
2.000000e+02 2.000000e+02
2.000000e+02 2.000000e+02
2.000000e+02 2.000000e+02
2.000000e+02 2.000000e+02
2.000000e+02 2.000000e+02
3.382801e+04 6.010387e+03
1.046092e+04 4.779701e+03
6.222265e+03 4.591888e+03
5.703178e+03 4.353998e+03
5.429611e+03 4.186844e+03
5.243857e+03 3.943757e+03
5.034994e+03 3.674915e+03
4.864939e+03 3.674915e+03
4.612046e+03 3.498197e+03
4.319368e+03 3.156684e+03
3.923484e+03 2.820974e+03
3.489056e+03 2.380105e+03
3.108196e+03 2.240728e+03
2.780311e+03 1.863264e+03
2.466053e+03 1.695056e+03
2.121749e+03 1.483552e+03
1.913341e+03 1.314892e+03
1.688594e+03 1.149399e+03
1.533954e+03 1.041602e+03
1.383993e+03 9.456475e+02
1.255945e+03 8.511752e+02
1.141115e+03 7.573964e+02
1.033978e+03 6.922779e+02
9.654418e+02 6.460569e+02
8.969012e+02 5.944019e+02
8.462611e+02 5.537748e+02
7.995314e+02 5.161259e+02
7.719409e+02 4.913809e+02
7.428003e+02 4.617305e+02
7.125010e+02 3.489242e+02
6.861095e+02 2.803591e+02
6.697666e+02 2.534940e+02
6.268993e+02 2.352012e+02
5.715719e+02 2.303826e+02
5.446617e+02 2.303826e+02
5.210199e+02 2.284186e+02
4.946448e+02 2.117552e+02
2.212089e+02 2.055190e+02
2.095198e+02 2.021719e+02
2.042904e+02 2.017957e+02
2.022421e+02 2.005729e+02
2.012869e+02 2.000735e+02
2.008182e+02 2.000735e+02
2.005993e+02 2.000687e+02
2.003640e+02 2.000420e+02
2.002753e+02 2.000213e+02
2.002022e+02 2.000112e+02
2.001358e+02 2.000041e+02
2.001003e+02 2.000018e+02
2.000691e+02 2.000011e+02
2.000563e+02 2.000008e+02
2.000432e+02 2.000002e+02
2.000296e+02 2.000002e+02
2.000113e+02 2.000000e+02
2.000049e+02 2.000000e+02
2.000023e+02 2.000000e+02
2.000016e+02 2.000000e+02
2.000013e+02 2.000000e+02
2.000010e+02 2.000000e+02
2.000007e+02 2.000000e+02
2.000006e+02 2.000000e+02
2.000004e+02 2.000000e+02
2.000003e+02 2.000000e+02
2.000003e+02 2.000000e+02
2.000002e+02 2.000000e+02
2.000002e+02 2.000000e+02
2.000001e+02 2.000000e+02
2.000001e+02 2.000000e+02
2.000001e+02 2.000000e+02
2.000000e+02 2.000000e+02
2.000000e+02 2.000000e+02
2.000000e+02 2.000000e+02
2.000000e+02 2.000000e+02
2.000000e+02 2.000000e+02
2.000000e+02 2.000000e+02
2.000000e+02 2.000000e+02
2.000000e+02 2.000000e+02
2.000000e+02 2.000000e+02
2.000000e+02 2.000000e+02
2.000000e+02 2.000000e+02
2.000000e+02 2.000000e+02
2.000000e+02 2.000000e+02
2.000000e+02 2.000000e+02
2.000000e+02 2.000000e+02
2.000000e+02 2.000000e+02
2.000000e+02 2.000000e+02
2.000000e+02 2.000000e+02
2.000000e+02 2.000000e+02
2.000000e+02 2.000000e+02
2.000000e+02 2.000000e+02
2.000000e+02 2.000000e+02
2.000000e+02 2.000000e+02
2.000000e+02 2.000000e+02
2.000000e+02 2.000000e+02
2.000000e+02 2.000000e+02
2.000000e+02 2.000000e+02
2.000000e+02 2.000000e+02
2.000000e+02 2.000000e+02
2.000000e+02 2.000000e+02
2.000000e+02 2.000000e+02
2.000000e+02 2.000000e+02
3.460729e+04 5.359773e+03
1.053091e+04 5.063422e+03
6.125595e+03 4.365060e+03
5.556794e+03 4.365060e+03
5.289479e+03 4.136925e+03
5.097300e+03 4.043837e+03
4.912356e+03 3.793962e+03
4.738657e+03 3.709002e+03
4.473039e+03 3.260641e+03
4.181711e+03 3.232754e+03
3.846924e+03 2.947361e+03
3.420708e+03 2.543911e+03
3.086236e+03 2.236442e+03
2.746057e+03 1.928609e+03
2.442091e+03 1.722746e+03
2.181013e+03 1.551445e+03
1.963261e+03 1.381541e+03
1.715050e+03 1.202466e+03
1.528655e+03 1.076341e+03
1.359173e+03 9.765368e+02
1.231712e+03 8.571779e+02
1.121036e+03 7.892794e+02
1.027212e+03 7.336017e+02
9.569122e+02 6.800010e+02
8.826974e+02 6.335524e+02
8.300935e+02 5.941535e+02
7.891565e+02 5.565812e+02
7.537401e+02 5.347220e+02
7.220537e+02 5.130765e+02
6.968803e+02 4.935617e+02
6.770058e+02 3.806155e+02
6.589962e+02 2.486531e+02
6.226661e+02 2.231666e+02
5.289353e+02 2.208194e+02
4.743012e+02 2.208194e+02
2.613402e+02 2.190319e+02
2.353894e+02 2.142976e+02
2.152797e+02 2.028597e+02
2.065104e+02 2.028597e+02
2.029549e+02 2.013244e+02
2.014964e+02 2.005676e+02
2.009085e+02 2.002795e+02
2.006122e+02 2.001386e+02
2.004237e+02 2.000551e+02
2.002952e+02 2.000395e+02
2.002082e+02 2.000198e+02
2.001519e+02 2.000075e+02
2.001310e+02 2.000045e+02
2.000959e+02 2.000023e+02
2.000724e+02 2.000011e+02
2.000524e+02 2.000007e+02
2.000276e+02 2.000003e+02
2.000106e+02 2.000002e+02
2.000041e+02 2.000001e+02
2.000026e+02 2.000000e+02
2.000020e+02 2.000000e+02
2.000014e+02 2.000000e+02
2.000013e+02 2.000000e+02
2.000009e+02 2.000000e+02
2.000008e+02 2.000000e+02
2.000006e+02 2.000000e+02
2.000005e+02 2.000000e+02
2.000004e+02 2.000000e+02
2.000003e+02 2.000000e+02
2.000002e+02 2.000000e+02
2.000001e+02 2.000000e+02
2.000000e+02 2.000000e+02
2.000000e+02 2.000000e+02
2.000000e+02 2.000000e+02
2.000000e+02 2.000000e+02
2.000000e+02 2.000000e+02
2.000000e+02 2.000000e+02
2.000000e+02 2.000000e+02
2.000000e+02 2.000000e+02
2.000000e+02 2.000000e+02
2.000000e+02 2.000000e+02
2.000000e+02 2.000000e+02
2.000000e+02 2.000000e+02
2.000000e+02 2.000000e+02
2.000000e+02 2.000000e+02
2.000000e+02 2.000000e+02
2.000000e+02 2.000000e+02
2.000000e+02 2.000000e+02
2.000000e+02 2.000000e+02
2.000000e+02 2.000000e+02
2.000000e+02 2.000000e+02
2.000000e+02 2.000000e+02
2.000000e+02 2.000000e+02
2.000000e+02 2.000000e+02
2.000000e+02 2.000000e+02
2.000000e+02 2.000000e+02
2.000000e+02 2.000000e+02
2.000000e+02 2.000000e+02
2.000000e+02 2.000000e+02
2.000000e+02 2.000000e+02
2.000000e+02 2.000000e+02
2.000000e+02 2.000000e+02
2.000000e+02 2.000000e+02
2.000000e+02 2.000000e+02
2.000196e+02 2.000000e+02
2.000000e+02 2.000000e+02
3.502403e+04 6.182823e+03
1.030659e+04 5.049215e+03
6.026652e+03 4.525796e+03
5.523728e+03 4.396963e+03
5.258308e+03 4.221936e+03
5.080444e+03 4.020385e+03
4.922398e+03 3.806692e+03
4.766254e+03 3.746464e+03
4.531937e+03 3.571106e+03
4.236687e+03 3.173156e+03
3.906474e+03 2.830116e+03
3.511426e+03 2.625583e+03
3.121997e+03 2.311664e+03
2.778999e+03 2.083911e+03
2.492905e+03 1.793301e+03
2.182290e+03 1.580603e+03
1.950761e+03 1.410240e+03
1.746210e+03 1.281168e+03
1.588733e+03 1.159084e+03
1.429846e+03 1.039503e+03
1.299439e+03 9.525523e+02
1.186712e+03 8.742211e+02
1.090340e+03 7.976698e+02
1.011785e+03 7.501177e+02
9.482319e+02 6.941107e+02
8.995686e+02 6.530782e+02
8.519595e+02 6.212756e+02
8.215742e+02 6.018530e+02
7.936331e+02 5.761673e+02
7.659595e+02 5.527707e+02
7.464112e+02 3.150191e+02
7.290758e+02 2.961833e+02
7.170206e+02 2.352393e+02
6.426838e+02 2.352393e+02
5.560466e+02 2.352393e+02
5.068701e+02 2.352393e+02
4.756071e+02 2.320756e+02
2.355548e+02 2.179851e+02
2.170120e+02 2.087060e+02
2.072133e+02 2.025876e+02
2.033595e+02 2.012842e+02
2.017415e+02 2.006637e+02
2.010151e+02 2.002506e+02
2.006664e+02 2.001501e+02
2.004908e+02 2.000660e+02
2.004029e+02 2.000358e+02
2.002896e+02 2.000177e+02
2.001917e+02 2.000082e+02
2.001370e+02 2.000050e+02
2.001037e+02 2.000017e+02
2.000752e+02 2.000012e+02
2.000581e+02 2.000006e+02
2.000340e+02 2.000003e+02
2.000124e+02 2.000001e+02
2.000065e+02 2.000001e+02
2.000034e+02 2.000000e+02
2.000021e+02 2.000000e+02
2.000016e+02 2.000000e+02
2.000013e+02 2.000000e+02
2.000011e+02 2.000000e+02
2.000007e+02 2.000000e+02
2.000005e+02 2.000000e+02
2.000004e+02 2.000000e+02
2.000003e+02 2.000000e+02
2.000002e+02 2.000000e+02
2.000002e+02 2.000000e+02
2.000001e+02 2.000000e+02
2.000000e+02 2.000000e+02
2.000000e+02 2.000000e+02
2.000000e+02 2.000000e+02
2.000000e+02 2.000000e+02
2.000000e+02 2.000000e+02
2.000000e+02 2.000000e+02
2.000000e+02 2.000000e+02
2.000000e+02 2.000000e+02
2.000000e+02 2.000000e+02
2.000000e+02 2.000000e+02
2.000000e+02 2.000000e+02
2.000000e+02 2.000000e+02
2.000000e+02 2.000000e+02
2.000000e+02 2.000000e+02
2.000000e+02 2.000000e+02
2.000000e+02 2.000000e+02
2.000000e+02 2.000000e+02
2.000000e+02 2.000000e+02
2.000000e+02 2.000000e+02
2.000000e+02 2.000000e+02
2.000000e+02 2.000000e+02
2.000000e+02 2.000000e+02
2.000000e+02 2.000000e+02
2.000000e+02 2.000000e+02
2.000000e+02 2.000000e+02
2.000000e+02 2.000000e+02
2.000000e+02 2.000000e+02
2.000000e+02 2.000000e+02
2.000000e+02 2.000000e+02
2.000000e+02 2.000000e+02
2.000000e+02 2.000000e+02
2.000000e+02 2.000000e+02
2.000000e+02 2.000000e+02
2.000000e+02 2.000000e+02
3.516931e+04 6.147861e+03
1.064891e+04 4.954347e+03
6.169628e+03 4.475768e+03
5.613078e+03 4.155921e+03
5.347505e+03 4.155921e+03
5.184515e+03 4.080994e+03
5.034125e+03 3.883203e+03
4.872643e+03 3.838139e+03
4.636732e+03 3.603931e+03
4.340221e+03 3.366432e+03
3.963453e+03 2.987619e+03
3.541356e+03 2.590264e+03
3.165908e+03 2.355052e+03
2.816771e+03 2.006232e+03
2.540016e+03 1.805225e+03
2.230715e+03 1.592476e+03
2.029460e+03 1.437607e+03
1.809979e+03 1.291741e+03
1.667314e+03 1.178057e+03
1.525318e+03 1.070878e+03
1.382969e+03 9.566795e+02
1.257085e+03 8.533046e+02
1.156769e+03 7.803759e+02
1.075430e+03 7.214510e+02
9.999071e+02 6.715862e+02
9.464983e+02 6.248884e+02
9.012122e+02 5.875674e+02
8.565816e+02 5.575924e+02
8.246632e+02 5.319260e+02
7.947410e+02 4.755258e+02
7.706406e+02 3.143235e+02
7.527676e+02 2.610879e+02
7.311370e+02 2.325754e+02
6.506471e+02 2.325754e+02
5.947626e+02 2.278408e+02
5.645998e+02 2.278408e+02
5.359083e+02 2.206670e+02
2.348679e+02 2.166607e+02
2.148951e+02 2.032497e+02
2.062119e+02 2.016540e+02
2.030524e+02 2.004588e+02
2.014975e+02 2.004588e+02
2.008408e+02 2.002660e+02
2.005153e+02 2.001233e+02
2.003347e+02 2.000558e+02
2.002518e+02 2.000353e+02
2.001806e+02 2.000145e+02
2.001458e+02 2.000082e+02
2.000906e+02 2.000043e+02
2.000772e+02 2.000021e+02
2.000632e+02 2.000011e+02
2.000507e+02 2.000004e+02
2.000340e+02 2.000003e+02
2.000090e+02 2.000001e+02
2.000044e+02 2.000001e+02
2.000021e+02 2.000000e+02
2.000017e+02 2.000000e+02
2.000014e+02 2.000000e+02
2.000011e+02 2.000000e+02
2.000009e+02 2.000000e+02
2.000006e+02 2.000000e+02
2.000005e+02 2.000000e+02
2.000004e+02 2.000000e+02
2.000003e+02 2.000000e+02
2.000002e+02 2.000000e+02
2.000002e+02 2.000000e+02
2.000001e+02 2.000000e+02
2.000000e+02 2.000000e+02
2.000000e+02 2.000000e+02
2.000000e+02 2.000000e+02
2.000000e+02 2.000000e+02
2.000000e+02 2.000000e+02
2.000000e+02 2.000000e+02
2.000000e+02 2.000000e+02
2.000000e+02 2.000000e+02
2.000000e+02 2.000000e+02
2.000000e+02 2.000000e+02
2.000000e+02 2.000000e+02
2.000000e+02 2.000000e+02
2.000000e+02 2.000000e+02
2.000000e+02 2.000000e+02
2.000000e+02 2.000000e+02
2.000000e+02 2.000000e+02
2.000000e+02 2.000000e+02
2.000000e+02 2.000000e+02
2.000000e+02 2.000000e+02
2.000000e+02 2.000000e+02
2.000000e+02 2.000000e+02
2.000000e+02 2.000000e+02
2.000000e+02 2.000000e+02
2.000000e+02 2.000000e+02
2.000000e+02 2.000000e+02
2.000000e+02 2.000000e+02
2.000000e+02 2.000000e+02
2.000000e+02 2.000000e+02
2.000000e+02 2.000000e+02
2.000000e+02 2.000000e+02
2.000000e+02 2.000000e+02
2.000000e+02 2.000000e+02
2.000000e+02 2.000000e+02
2.000000e+02 2.000000e+02
