   5.3260542e+06   1.5760836e+06   5.9343547e+06   1.0937307e+07   1.3696633e+07   1.0752008e+07   1.4210813e+07   6.4783905e+06   6.2965532e+06   7.4536861e+06   4.1962813e+06   2.5936244e+07   8.2598482e+05   1.5984004e+07   9.1443293e+06   1.1871411e+07   1.1161123e+07   6.5356833e+06   8.2538288e+06   8.6038094e+06   5.8510532e+06   8.9762656e+06   8.9303422e+06   8.1165653e+06   1.3169095e+07   4.9476632e+06   1.5507837e+07   9.7952006e+06   5.7628349e+06   1.7518776e+07
   5.3260542e+06   1.5760149e+06   5.9343543e+06   1.0936538e+07   6.9329270e+06   1.0752008e+07   1.4210753e+07   5.1395283e+06   3.7170946e+06   5.9809393e+06   3.8656182e+06   5.5457470e+06   8.2598482e+05   1.0880305e+07   9.1443111e+06   1.1871411e+07   1.1161123e+07   6.5356498e+06   8.2415217e+06   7.8780663e+06   3.6368138e+06   8.9762337e+06   8.9303422e+06   5.8294484e+06   1.3169095e+07   4.2479041e+06   1.5507837e+07   9.7952006e+06   5.7628349e+06   7.6487627e+06
   5.3260542e+06   1.5760149e+06   5.9343543e+06   1.0936538e+07   6.9329270e+06   1.0752008e+07   1.4210753e+07   5.1395283e+06   3.7170946e+06   5.9809393e+06   3.8656182e+06   5.5457470e+06   8.2598482e+05   1.0880305e+07   9.1443111e+06   1.1871411e+07   1.1161123e+07   6.5356498e+06   8.2415217e+06   7.8780663e+06   3.6368138e+06   8.9762337e+06   8.9303422e+06   5.8294484e+06   1.3169095e+07   4.2479041e+06   1.5507837e+07   9.7952006e+06   5.7628349e+06   7.6487627e+06
   4.4460322e+06   1.5760149e+06   3.8221948e+06   1.0936424e+07   6.9314361e+06   1.0751145e+07   1.4210753e+07   5.1382332e+06   3.7170946e+06   5.9805993e+06   3.8656182e+06   3.1931164e+06   8.2580188e+05   1.0879294e+07   3.9908075e+06   1.1870739e+07   5.0191304e+06   6.5356498e+06   8.2413470e+06   7.8775091e+06   3.6332255e+06   4.5099076e+06   8.9302770e+06   5.8294484e+06   1.0913127e+06   3.3327878e+06   1.3421830e+07   9.7952006e+06   5.7625151e+06   5.1318044e+06
   4.3670022e+06   1.5760149e+06   3.8204588e+06   1.0936343e+07   6.9314361e+06   4.3915215e+06   1.0534925e+07   5.1378396e+06   3.7168968e+06   2.1163187e+06   3.8656182e+06   3.1895272e+06   8.2559026e+05   7.2397113e+06   3.9904937e+06   2.9450245e+06   5.0191304e+06   6.5356498e+06   8.2411732e+06   7.8775091e+06   3.6311000e+06   3.6253753e+06   6.5234062e+06   5.8292494e+06   1.0913127e+06   3.3327878e+06   3.3223373e+06   9.7943729e+06   5.7625151e+06   5.1291769e+06
   4.3666397e+06   1.5757630e+06   3.8183879e+06   4.4958038e+06   2.8598070e+06   4.3914266e+06   9.5155636e+06   3.5772961e+06   1.1855227e+06   2.1163187e+06   3.8647535e+06   3.1891455e+06   8.2058171e+05   6.9177989e+06   3.9399382e+06   2.9411862e+06   1.4386796e+06   3.3513018e+06   8.2408870e+06   2.8998837e+06   1.7306802e+06   3.6250745e+06   6.4942498e+06   4.3715480e+06   1.0878299e+06   2.3123459e+06   2.1530553e+06   2.3103181e+06   5.7618888e+06   4.6146406e+06
   1.9543755e+06   8.2565547e+05   3.8161593e+06   3.7663993e+06   4.4228719e+05   4.0408547e+06   2.8603921e+06   1.2078795e+06   1.1851846e+06   1.1107957e+06   2.4615798e+06   2.8895161e+06   8.2040144e+05   2.1002551e+06   2.9113722e+06   7.3609993e+05   1.4386646e+06   3.3500104e+06   2.7687054e+06   2.8275189e+06   1.7301399e+06   2.1401811e+06   2.1121899e+06   2.0833957e+06   1.0868587e+06   2.3122340e+06   8.9636491e+05   1.6428970e+06   3.2978313e+06   1.5559557e+06
   1.0151917e+06   8.2565547e+05   1.7344246e+06   1.6786045e+06   4.4201111e+05   2.5697852e+06   7.8475815e+05   1.2072012e+06   1.1851803e+06   6.0647642e+05   1.0059832e+06   2.2532355e+06   7.7654616e+05   2.0683699e+06   3.6889650e+04   7.3320542e+05   9.5572864e+05   6.4603830e+05   1.5077620e+06   2.0678043e+06   6.4411608e+05   6.7936956e+05   8.2038008e+05   1.1204140e+06   8.6898143e+05   5.8329736e+05   8.9391944e+05   7.7801677e+05   3.2939227e+06   7.5592590e+05
   7.9978613e+05   6.5506186e+05   5.7090988e+05   8.5517278e+05   4.4197139e+05   4.9109489e+05   5.4011833e+05   9.7180256e+05   3.9966401e+05   6.0647642e+05   3.8402708e+05   5.3930401e+05   2.4086780e+05   4.6279080e+05   3.6819350e+04   7.3207936e+05   4.6054511e+05   2.8444253e+05   6.0927519e+05   3.2066432e+05   6.2766951e+05   1.8087985e+05   4.9712041e+05   1.1200961e+06   7.3373322e+05   5.8321670e+05   8.9332493e+05   7.6893887e+05   1.4052486e+06   7.5592590e+05
   7.9949901e+05   4.0747270e+05   3.8274812e+05   3.2376922e+05   2.4138263e+05   2.7367144e+05   1.2205589e+05   4.9751612e+05   2.0717587e+05   4.8957928e+05   1.4013934e+05   1.0253551e+05   2.2173369e+05   3.6174869e+05   3.6791854e+04   4.5481404e+05   2.6259731e+05   2.7586198e+05   6.0843258e+05   3.1302802e+05   3.8591477e+05   1.8058086e+05   2.5930939e+04   2.6621563e+05   5.6194161e+05   5.2833746e+05   3.2219994e+05   4.5173660e+05   6.6423353e+05   4.2509602e+05
   1.7185571e+05   3.4645117e+05   2.1898592e+05   8.7845238e+04   2.0099499e+05   2.1691987e+05   5.9121815e+04   2.5984098e+05   1.8304197e+05   2.0771302e+05   1.4012614e+05   8.6574435e+04   5.6325822e+04   2.7690129e+05   3.5918829e+04   2.6134461e+05   2.0470081e+05   1.9520320e+05   1.4270226e+05   8.7805303e+04   2.6708513e+05   1.8021667e+05   2.5786369e+04   1.8180552e+05   2.0520310e+05   2.5569706e+05   9.4845074e+04   1.7532684e+05   1.4839865e+05   1.3760013e+05
   9.9485906e+04   7.2202770e+04   1.6049052e+05   8.0981178e+04   1.4116495e+05   6.3377844e+04   5.8640229e+04   6.9704042e+04   1.8299195e+05   1.5213369e+05   1.3792197e+05   8.6420935e+04   4.2254807e+04   1.9856040e+05   3.5851406e+04   9.2304103e+04   7.5729312e+04   1.3338745e+05   1.1250085e+05   8.7578645e+04   1.5558285e+05   1.4164885e+05   2.5278246e+04   1.1860322e+05   5.6149677e+04   1.4605319e+05   9.4523451e+04   1.1402963e+05   1.1317707e+05   5.8606054e+04
   2.0271167e+04   1.1018470e+04   2.3773740e+04   4.3479730e+04   1.0371013e+04   2.1229810e+04   3.7569282e+04   7.9874994e+03   6.2427133e+04   3.1799926e+04   2.7430322e+04   2.1226638e+04   1.4734345e+04   3.6492950e+04   3.0521012e+04   4.5193107e+04   2.9288556e+04   9.2829869e+03   2.4022487e+04   3.6277411e+04   2.4126780e+04   4.6048309e+04   1.7030882e+04   1.2412126e+04   5.7369432e+03   4.4630620e+04   2.3233078e+04   4.9595419e+04   4.6671841e+04   2.2228797e+04
   4.8800963e+02   4.5915457e+02   4.0676271e+02   4.7893118e+02   4.4685721e+02   3.1000286e+02   5.0185902e+02   2.8874588e+02   5.9994142e+02   3.7989688e+02   3.0586969e+02   5.0343575e+02   5.3725091e+02   4.5121176e+02   3.1834376e+02   3.6910565e+02   2.9553381e+02   5.4407439e+02   3.0308468e+02   4.1422106e+02   4.7985768e+02   3.9117922e+02   4.4263447e+02   4.9080836e+02   6.1125155e+02   5.4669318e+02   5.1302002e+02   6.0641440e+02   5.5054527e+02   4.2165132e+02
   6.2897914e+01   6.9482546e+01   5.2569328e+01   7.0924943e+01   7.1385300e+01   5.5016770e+01   4.6209421e+01   6.6831323e+01   6.4494888e+01   7.2537664e+01   8.0532414e+01   5.5551109e+01   5.8975667e+01   7.7478783e+01   5.4391791e+01   1.0832867e+02   9.7924027e+01   6.4998885e+01   6.2326143e+01   6.2028813e+01   7.0151621e+01   4.8488828e+01   7.2713040e+01   5.4617267e+01   5.9089742e+01   5.4727286e+01   5.8181530e+01   7.4644625e+01   8.9420490e+01   6.0840687e+01
   1.0261813e+01   9.1107428e+00   6.2820038e+00   3.2971293e+00   1.0261835e+01   6.2820032e+00   9.4229935e+00   4.2920906e+00   4.4482082e+00   1.0105712e+01   3.1410125e+00   5.2870379e+00   1.0105717e+01   1.0261835e+01   4.1359708e+00   4.4482082e+00   8.2719219e+00   4.1359731e+00   5.1309311e+00   8.2719128e+00   4.2920907e+00   4.4482081e+00   6.4381214e+00   3.1410142e+00   2.4582868e+00   1.1939498e+01   7.2769564e+00   1.3090590e+01   7.2769629e+00   6.2820037e+00
