   6.8651767e+01   2.0363860e+01   6.2392698e+01   3.6275638e+01   4.5402584e+01   9.2305390e+00   6.2819854e+01   1.2492237e+02   2.5771221e+01   3.9297340e+01   3.1201781e+01   7.1825475e+01   7.6843480e+01   6.1106545e+01   4.7182467e+01   2.9845095e+01   5.2228011e+01   1.1253821e+01   2.3762668e+01   7.2194045e+01   6.3703433e+01   2.0502601e+01   6.5400800e+01   3.6402998e+01   2.6954281e+01   1.0049422e+02   6.7004050e+01   2.5909428e+01   1.4989329e+02   4.1797781e+01
   6.8651767e+01   2.0139910e+01   5.1896510e+01   2.8941055e+01   4.5402584e+01   9.2305390e+00   3.0488337e+01   7.2287656e+01   5.7317472e+00   3.9297340e+01   1.3371307e+01   7.1825475e+01   4.5645211e+01   6.1106545e+01   4.7182467e+01   9.1510974e+00   5.2228011e+01   1.1253821e+01   2.3762668e+01   7.2194045e+01   2.1478851e+01   2.0502601e+01   2.0245012e+01   3.6402998e+01   2.3729734e+01   5.3626070e+01   6.7004050e+01   2.5909428e+01   1.5524083e+01   4.0618970e+01
   7.7507121e+00   2.0139910e+01   4.0626702e+01   2.7021634e+01   4.2068433e+01   9.2305390e+00   2.5727958e+01   7.2287656e+01   2.2219447e+00   1.7554208e+01   1.3371307e+01   2.3286639e+01   4.5645211e+01   6.1016205e+01   1.8427084e+01   9.1510974e+00   5.6274409e+00   1.1253821e+01   2.3430030e+01   7.2130642e+01   4.3072675e+00   2.0502601e+01   2.0244696e+01   8.5436618e+00   2.3729734e+01   5.3504755e+01   5.7626088e+01   2.5566957e+01   1.5513285e+01   2.3519988e+01
   7.7507121e+00   5.8692111e+00   4.0626702e+01   2.7021634e+01   7.0316403e+00   7.8273663e+00   1.3385707e+01   4.9927003e+01   2.2219447e+00   1.6300909e+01   1.3371307e+01   2.3286639e+01   2.8524291e+00   6.1016205e+01   1.8427084e+01   9.1510974e+00   5.6230093e+00   1.1253821e+01   2.3430030e+01   1.0446399e+01   4.3072675e+00   2.0502601e+01   1.5528801e+01   3.5881351e+00   2.1852787e+01   7.6174981e+00   2.3462152e+01   2.5566957e+01   1.5513285e+01   2.3519988e+01
   7.7147934e+00   5.8692111e+00   4.0626702e+01   2.7021634e+01   7.0316403e+00   3.1018727e+00   1.3385707e+01   4.9927003e+01   2.2219447e+00   1.2840992e+01   1.3265527e+01   2.2957431e+01   2.8524291e+00   3.7985994e+01   7.8269387e+00   4.2834538e+00   5.6230093e+00   1.1253821e+01   2.2247520e+01   6.9060180e+00   4.3072675e+00   2.0502601e+01   1.5528801e+01   3.5881351e+00   1.7620683e+01   6.3145675e+00   2.3462152e+01   2.5566957e+01   1.2485232e+01   1.7989564e+01
   6.2525204e+00   5.8692111e+00   3.6657959e+00   4.4409983e+00   5.3816327e+00   3.1011958e+00   4.8925299e+00   3.1027035e+00   2.2219447e+00   4.3057639e+00   1.3265527e+01   2.1326338e+01   2.8517211e+00   6.5085082e+00   4.5031919e+00   4.0859148e+00   5.6230093e+00   9.8224248e+00   1.1328650e+01   4.0027307e+00   4.3072675e+00   1.4564043e+01   1.5528801e+01   1.4883785e+00   1.3066967e+01   6.0206362e+00   1.1171008e+01   6.1942562e+00   9.6556784e+00   8.3544930e+00
   2.5632553e+00   5.7527972e+00   2.4575714e+00   3.9286817e+00   3.6132093e+00   3.1011958e+00   2.0285323e+00   2.1805540e+00   2.2219447e+00   4.3057639e+00   4.9291527e+00   1.3107834e+01   1.3619477e+00   4.4461271e+00   1.3403096e+00   2.2831011e+00   2.3404314e+00   6.1101227e+00   9.3928125e+00   2.8456628e+00   2.7507188e+00   2.8705721e+00   3.3857437e+00   1.3103100e+00   6.0035826e+00   2.8555333e+00   5.1347693e+00   1.4752781e+00   4.7318487e+00   6.3812167e+00
   2.5632064e+00   2.3222598e+00   2.4460058e+00   2.2534618e+00   3.0049528e+00   2.9678012e+00   1.3519834e+00   2.1767514e+00   2.2219447e+00   2.6039392e+00   1.0695335e+00   1.2118445e+01   1.1244180e+00   1.3242053e+00   1.0550592e+00   1.9873854e+00   1.7970188e+00   1.4287564e+00   7.5566608e-01   2.8456628e+00   2.5438719e+00   2.6280491e+00   3.3727042e+00   1.3085894e+00   3.9837685e+00   2.8316225e+00   3.3574722e+00   1.4752781e+00   2.0310639e+00   2.0938839e+00
   2.2525360e+00   1.9937449e+00   1.0562818e+00   1.4980848e+00   1.2466574e+00   1.9755541e+00   1.3506614e+00   1.9151844e+00   1.7579141e+00   1.7086213e+00   1.0507852e+00   1.4633891e+00   1.1074719e+00   1.3214087e+00   9.1065913e-01   1.0742468e+00   1.5567586e+00   1.2274681e+00   7.5566608e-01   1.6635192e+00   1.6041262e+00   2.1427915e+00   1.4028852e+00   1.3085894e+00   2.7886690e+00   1.4053267e+00   1.4467411e+00   1.1325185e+00   8.2109399e-01   2.0938839e+00
   8.2449061e-01   1.6837743e+00   9.3456750e-01   7.4577702e-01   1.2466574e+00   7.8396897e-01   1.0056142e+00   1.6774149e+00   9.3389547e-01   1.2036549e+00   1.0089934e+00   1.0837404e+00   1.0794440e+00   1.1222177e+00   9.1065913e-01   1.0742468e+00   1.4552427e+00   1.0725984e+00   7.5566608e-01   1.0045979e+00   9.8165339e-01   1.5777690e+00   1.3472065e+00   1.3085894e+00   1.2163806e+00   6.8734665e-01   8.5583224e-01   1.0672644e+00   7.5631906e-01   1.2813410e+00
   7.0117964e-01   6.2757461e-01   6.1976791e-01   3.7768475e-01   8.0677631e-01   7.6678442e-01   5.8486170e-01   1.3445377e+00   5.4793774e-01   5.5152771e-01   7.7189306e-01   9.9049373e-01   4.5007146e-01   1.1060111e+00   8.5411293e-01   7.6365601e-01   7.6237068e-01   4.7104324e-01   7.5545402e-01   6.6257340e-01   7.9855336e-01   8.9076043e-01   3.2202396e-01   8.4230198e-01   1.0895113e+00   5.1457981e-01   7.5664055e-01   7.2645473e-01   4.5498409e-01   1.0027953e+00
   4.1244594e-01   4.5670413e-01   4.4932869e-01   1.9817730e-01   5.1195624e-01   3.7075425e-01   1.2322305e-01   8.7215366e-01   4.1455605e-01   3.8594345e-01   4.9322981e-01   2.9693882e-01   3.3824407e-01   4.8923706e-01   5.0104636e-01   7.0301850e-01   3.9082243e-01   3.2262855e-01   3.8671965e-01   3.0605441e-01   2.4348674e-01   1.9024913e-01   2.7818218e-01   5.2179863e-01   8.0683025e-01   4.0047863e-01   4.5175089e-01   5.9383663e-01   3.4733959e-01   5.8064618e-01
   1.5595443e-01   2.2553395e-01   8.6615406e-02   1.6565645e-01   1.0579765e-01   1.4690085e-01   1.2012644e-01   3.1755970e-01   1.6391016e-01   2.1757522e-01   1.4647371e-01   1.0707560e-01   6.5255956e-02   2.2761947e-01   1.4687619e-01   2.4496872e-01   1.5824810e-01   1.0417602e-01   9.2495478e-02   1.0588643e-01   7.8930769e-02   9.4797121e-02   1.3760771e-01   1.8625095e-01   2.6983091e-01   2.2807901e-01   1.3054617e-01   2.6570126e-01   1.9299761e-01   2.7010921e-01
   3.3503226e-02   1.5791135e-02   4.5891634e-02   2.6930244e-02   2.3343944e-02   1.9528685e-02   2.8183725e-02   7.4016066e-02   2.2168076e-02   3.0475023e-02   3.2241742e-02   2.7283631e-02   1.6676722e-02   4.0327056e-02   3.1426690e-02   5.9286980e-02   4.5750870e-02   1.3510606e-02   1.5980193e-02   2.0126578e-02   2.8867476e-02   1.4155660e-02   2.8831739e-02   5.0030777e-02   3.3556059e-02   2.6191373e-02   1.2088412e-02   3.9190229e-02   7.6934978e-02   4.5204419e-02
   7.4409652e-04   3.5954899e-04   3.8510623e-04   2.8228142e-04   2.7103239e-04   3.1825035e-04   3.0562774e-04   8.2424862e-04   2.7642963e-04   2.7649707e-04   3.5275388e-04   3.6834236e-04   4.8702390e-05   2.6418288e-04   5.7284015e-04   1.4560673e-03   1.4724814e-04   7.4213887e-05   2.2842964e-04   3.6021211e-04   6.6036151e-04   2.3217706e-04   6.6811060e-04   5.0092709e-04   1.5758608e-04   1.5826801e-04   2.4799428e-04   1.1209001e-03   2.5833541e-04   3.2595869e-04
   0.0000000e+00   0.0000000e+00   0.0000000e+00   0.0000000e+00   0.0000000e+00   0.0000000e+00   0.0000000e+00   0.0000000e+00   0.0000000e+00   0.0000000e+00   0.0000000e+00   0.0000000e+00   0.0000000e+00   0.0000000e+00   0.0000000e+00   0.0000000e+00   0.0000000e+00   0.0000000e+00   0.0000000e+00   0.0000000e+00   0.0000000e+00   0.0000000e+00   0.0000000e+00   0.0000000e+00   0.0000000e+00   0.0000000e+00   0.0000000e+00   0.0000000e+00   0.0000000e+00   0.0000000e+00
