   2.3400972e+03   4.4106861e+03   3.5867741e+03   2.6745198e+03   5.3517557e+03   3.2815580e+03   4.7129497e+03   3.3211232e+03   5.1974378e+03   3.7061038e+03   2.9569488e+03   4.0938776e+03   3.9653381e+03   3.3925331e+03   4.5919664e+03   2.8378637e+03   2.8058509e+03   4.1377293e+03   4.0824169e+03   4.0144295e+03   5.0053846e+03   5.0958885e+03   5.0365743e+03   3.1484947e+03   3.7394260e+03   3.3804354e+03   4.6180364e+03   3.7956684e+03   6.0872687e+03   4.1924651e+03
   2.3400972e+03   4.4106861e+03   3.5867741e+03   2.6745198e+03   5.3517557e+03   3.2815580e+03   4.7129497e+03   3.3211232e+03   5.1974378e+03   3.7061038e+03   2.9569488e+03   4.0938776e+03   3.9653381e+03   3.3925331e+03   4.5919664e+03   2.8378637e+03   2.8058509e+03   4.1377293e+03   4.0824169e+03   4.0144295e+03   5.0053846e+03   5.0958885e+03   5.0365743e+03   3.1484947e+03   3.7394260e+03   3.3804354e+03   4.6180364e+03   3.7956684e+03   6.0872687e+03   4.1924651e+03
   2.3400972e+03   4.4106861e+03   3.5867741e+03   2.6745198e+03   5.3517557e+03   3.2815580e+03   4.7129497e+03   3.3211232e+03   5.1974378e+03   3.7061038e+03   2.9569488e+03   4.0938776e+03   3.9653381e+03   3.3925331e+03   4.5919664e+03   2.8378637e+03   2.8058509e+03   4.1377293e+03   4.0824169e+03   4.0144295e+03   5.0053846e+03   5.0958885e+03   5.0365743e+03   3.1484947e+03   3.7394260e+03   3.3804354e+03   4.6180364e+03   3.7956684e+03   6.0872687e+03   4.1924651e+03
   2.3400972e+03   4.4106861e+03   3.5867741e+03   2.6745198e+03   5.3517557e+03   3.2815580e+03   4.7129497e+03   3.3211232e+03   5.1974378e+03   3.7061038e+03   2.9569488e+03   4.0938776e+03   3.9653381e+03   3.3925331e+03   4.5919664e+03   2.8378637e+03   2.8058509e+03   4.1377293e+03   4.0824169e+03   4.0144295e+03   5.0053846e+03   5.0958885e+03   5.0365743e+03   3.1484947e+03   3.7394260e+03   3.3804354e+03   4.6180364e+03   3.7956684e+03   6.0872687e+03   4.1924651e+03
   2.3400972e+03   4.4106861e+03   3.5867741e+03   2.6745198e+03   5.3517557e+03   3.2815580e+03   4.7129497e+03   3.3211232e+03   5.1974378e+03   3.7061038e+03   2.9569488e+03   4.0938776e+03   3.9653381e+03   3.3925331e+03   4.5919664e+03   2.8378637e+03   2.8058509e+03   4.1377293e+03   4.0824169e+03   4.0144295e+03   5.0053846e+03   5.0958885e+03   5.0365743e+03   3.1484947e+03   3.7394260e+03   3.3804354e+03   4.6180364e+03   3.7956684e+03   6.0872687e+03   4.1924651e+03
   2.3400972e+03   4.4106861e+03   3.5867741e+03   2.6745198e+03   5.3517557e+03   3.2815580e+03   4.7129497e+03   3.3211232e+03   5.1974378e+03   3.7061038e+03   2.9569488e+03   4.0938776e+03   3.9653381e+03   3.3925331e+03   4.5919664e+03   2.8378637e+03   2.8058509e+03   4.1377293e+03   4.0824169e+03   4.0144295e+03   5.0053846e+03   5.0958885e+03   5.0365743e+03   3.1484947e+03   3.7394260e+03   3.3804354e+03   4.6180364e+03   3.7956684e+03   6.0872687e+03   4.1924651e+03
   2.3400972e+03   4.4106861e+03   3.5867741e+03   2.6745198e+03   5.3517557e+03   3.2815580e+03   4.7129497e+03   3.3211232e+03   5.1974378e+03   3.7061038e+03   2.9569488e+03   4.0938776e+03   3.9653381e+03   3.3925331e+03   4.5919664e+03   2.8378637e+03   2.8058509e+03   4.1377293e+03   4.0824169e+03   4.0144295e+03   5.0053846e+03   5.0958885e+03   5.0365743e+03   3.1484947e+03   3.7394260e+03   3.3804354e+03   4.6180364e+03   3.7956684e+03   6.0872687e+03   4.1924651e+03
   2.3400972e+03   4.4106861e+03   3.5867741e+03   2.6745198e+03   5.3517557e+03   3.2815580e+03   4.7129497e+03   3.3211232e+03   5.1974378e+03   3.7061038e+03   2.9569488e+03   4.0938776e+03   3.9653381e+03   3.3925331e+03   4.5919664e+03   2.8378637e+03   2.8058509e+03   4.1377293e+03   4.0824169e+03   4.0144295e+03   5.0053846e+03   5.0958885e+03   5.0365743e+03   3.1484947e+03   3.7394260e+03   3.3804354e+03   4.6180364e+03   3.7956684e+03   6.0872687e+03   4.1924651e+03
   2.3400972e+03   3.6120249e+03   3.5867741e+03   2.4976769e+03   2.7554494e+03   3.2815580e+03   4.4511258e+03   3.3211232e+03   5.0119073e+03   3.7061038e+03   2.9525814e+03   4.0102481e+03   3.9653381e+03   2.8299598e+03   3.3547675e+03   2.8378637e+03   2.4201546e+03   2.7675424e+03   3.9566533e+03   3.6748931e+03   4.9700986e+03   4.0360448e+03   5.0365743e+03   3.1484947e+03   3.6439613e+03   3.3804354e+03   4.6176190e+03   3.6306671e+03   5.5910635e+03   4.1924651e+03
   2.3400972e+03   3.6120249e+03   1.5738662e+03   2.4976769e+03   2.7196037e+03   3.1775475e+03   4.3890295e+03   3.2677911e+03   5.0119073e+03   3.7061038e+03   2.9525814e+03   3.4676487e+03   3.9348583e+03   2.8299598e+03   2.9782382e+03   2.4590389e+03   2.4201546e+03   2.7299938e+03   3.3945174e+03   2.6003401e+03   2.4168485e+03   4.0360448e+03   4.8466866e+03   3.1484947e+03   3.6439613e+03   3.3629191e+03   4.5923814e+03   3.6306671e+03   4.9087863e+03   2.8528596e+03
   1.7268101e+03   3.5956657e+03   1.5738662e+03   2.4910717e+03   2.4304443e+03   2.4072815e+03   2.9326571e+03   2.7303012e+03   4.2325813e+03   3.7061038e+03   2.8730533e+03   3.4676487e+03   3.4602363e+03   2.5437948e+03   1.8291944e+03   2.1950641e+03   2.4148069e+03   2.4391764e+03   3.1737801e+03   2.6003401e+03   2.3805817e+03   3.7958016e+03   4.2218078e+03   3.1484947e+03   3.0590671e+03   3.0849901e+03   3.8029601e+03   3.4155029e+03   3.7325492e+03   2.2168781e+03
   1.2989923e+03   3.5956657e+03   1.5738662e+03   2.4910717e+03   2.4133671e+03   2.3939827e+03   2.3508913e+03   2.7303012e+03   2.7708974e+03   3.0936775e+03   1.8308355e+03   1.8857169e+03   2.7862367e+03   2.4610593e+03   1.8221949e+03   2.0105164e+03   2.1077413e+03   2.2680424e+03   2.8309122e+03   2.5936749e+03   2.0987460e+03   3.6420372e+03   2.2351708e+03   3.0549605e+03   2.6236546e+03   2.4924349e+03   2.7753342e+03   2.5999891e+03   3.5069585e+03   2.2168781e+03
   1.2745556e+03   1.9098621e+03   1.4985458e+03   1.7240081e+03   1.8258926e+03   2.0088378e+03   2.1484695e+03   1.9277269e+03   1.4657486e+03   2.2595703e+03   1.3697183e+03   1.7079455e+03   2.3491079e+03   2.3528895e+03   1.5410561e+03   1.7576185e+03   1.3802737e+03   1.6246130e+03   1.9966098e+03   1.9113183e+03   1.4233941e+03   1.5838253e+03   2.1968770e+03   2.0891625e+03   1.9750405e+03   2.0717601e+03   2.2183854e+03   1.5243505e+03   2.4944949e+03   1.3839946e+03
   1.0401831e+03   1.4232505e+03   1.1969565e+03   1.2844902e+03   1.2579440e+03   1.0454855e+03   1.3602730e+03   9.4889459e+02   1.3835339e+03   1.1391830e+03   9.8787469e+02   1.2182382e+03   1.3140367e+03   1.3554126e+03   1.1685136e+03   8.2400304e+02   1.1702353e+03   1.0495038e+03   1.4733622e+03   1.3150483e+03   1.0819087e+03   1.3128573e+03   1.3409084e+03   1.1569894e+03   1.3509173e+03   1.2556968e+03   1.3282868e+03   1.2692174e+03   1.3950920e+03   1.2377142e+03
   6.8018811e+02   6.9777461e+02   6.6985262e+02   7.5197483e+02   7.0796582e+02   7.1633782e+02   6.6691148e+02   7.2521399e+02   6.5073283e+02   7.6798534e+02   6.0310245e+02   7.4536939e+02   7.2855490e+02   7.4884916e+02   7.9024866e+02   6.1795866e+02   6.1886356e+02   7.1441364e+02   7.7895192e+02   6.8384101e+02   6.0397047e+02   6.9502722e+02   7.3835538e+02   6.6834395e+02   7.7967977e+02   7.2730234e+02   6.3202748e+02   7.0367549e+02   7.0621085e+02   6.9403847e+02
   4.0161647e+02   4.1594492e+02   4.1189495e+02   4.1427822e+02   4.1409489e+02   4.1375192e+02   4.1299318e+02   4.1392962e+02   4.1112654e+02   4.0259624e+02   4.1390305e+02   4.1069220e+02   4.4840029e+02   4.6557266e+02   4.1576355e+02   4.1055546e+02   4.4089520e+02   4.1266590e+02   4.1400339e+02   4.0942892e+02   4.1032714e+02   4.1382631e+02   4.6391410e+02   4.0249568e+02   4.2644223e+02   4.1259836e+02   4.2646395e+02   4.4849771e+02   4.1430661e+02   4.1417788e+02
