   9.6580788e+02   1.1059677e+03   1.0035898e+03   8.3250609e+02   1.1109673e+03   1.0657250e+03   1.1644004e+03   9.6388607e+02   1.0384139e+03   1.2291591e+03   1.0420828e+03   1.1194375e+03   7.9535981e+02   1.0254727e+03   1.0489596e+03   1.1065923e+03   1.0007380e+03   8.9968586e+02   1.1323419e+03   9.4082766e+02   9.1941527e+02   9.3133432e+02   1.0945168e+03   9.2285402e+02   1.0522797e+03   9.1948753e+02   8.6547010e+02   1.0888679e+03   9.8308757e+02   1.1113839e+03
   9.6580788e+02   1.1059677e+03   1.0035898e+03   8.3250609e+02   1.1109673e+03   1.0657250e+03   1.1644004e+03   9.6388607e+02   1.0384139e+03   1.2291591e+03   1.0420828e+03   1.1194375e+03   7.9535981e+02   1.0254727e+03   1.0489596e+03   1.1065923e+03   1.0007380e+03   8.9968586e+02   1.1323419e+03   9.4082766e+02   9.1941527e+02   9.3133432e+02   1.0945168e+03   9.2285402e+02   1.0522797e+03   9.1948753e+02   8.6547010e+02   1.0888679e+03   9.8308757e+02   1.1113839e+03
   9.6580788e+02   1.1059677e+03   1.0035898e+03   8.3250609e+02   1.1109673e+03   1.0657250e+03   1.1644004e+03   9.6388607e+02   1.0384139e+03   1.2291591e+03   1.0420828e+03   1.1194375e+03   7.9535981e+02   1.0254727e+03   1.0489596e+03   1.1065923e+03   1.0007380e+03   8.9968586e+02   1.1323419e+03   9.4082766e+02   9.1941527e+02   9.3133432e+02   1.0945168e+03   9.2285402e+02   1.0522797e+03   9.1948753e+02   8.6547010e+02   1.0888679e+03   9.8308757e+02   1.1113839e+03
   9.6580788e+02   1.1059677e+03   1.0035898e+03   8.3250609e+02   1.1109673e+03   1.0657250e+03   1.1644004e+03   9.6388607e+02   1.0384139e+03   1.2291591e+03   1.0420828e+03   1.1194375e+03   7.9535981e+02   1.0254727e+03   1.0489596e+03   1.1065923e+03   1.0007380e+03   8.9968586e+02   1.1323419e+03   9.4082766e+02   9.1941527e+02   9.3133432e+02   1.0945168e+03   9.2285402e+02   1.0522797e+03   9.1948753e+02   8.6547010e+02   1.0888679e+03   9.8308757e+02   1.1113839e+03
   9.6580788e+02   1.1059677e+03   1.0035898e+03   8.3250609e+02   1.1109673e+03   1.0657250e+03   1.1644004e+03   9.6388607e+02   1.0384139e+03   1.2291591e+03   1.0420828e+03   1.1194375e+03   7.9535981e+02   1.0254727e+03   1.0489596e+03   1.1065923e+03   1.0007380e+03   8.9968586e+02   1.1323419e+03   9.4082766e+02   9.1941527e+02   9.3133432e+02   1.0945168e+03   9.2285402e+02   1.0522797e+03   9.1948753e+02   8.6547010e+02   1.0888679e+03   9.8308757e+02   1.1113839e+03
   9.6580788e+02   1.1059677e+03   1.0035898e+03   8.3250609e+02   1.1109673e+03   1.0657250e+03   1.1644004e+03   9.6388607e+02   1.0384139e+03   1.2291591e+03   1.0420828e+03   1.1194375e+03   7.9535981e+02   1.0254727e+03   1.0489596e+03   1.1065923e+03   1.0007380e+03   8.9968586e+02   1.1323419e+03   9.4082766e+02   9.1941527e+02   9.3133432e+02   1.0945168e+03   9.2285402e+02   1.0522797e+03   9.1948753e+02   8.6547010e+02   1.0888679e+03   9.8308757e+02   1.1113839e+03
   9.6580788e+02   1.1059677e+03   1.0035898e+03   8.3250609e+02   1.1109673e+03   1.0657250e+03   1.1644004e+03   9.6388607e+02   1.0384139e+03   1.2291591e+03   1.0420828e+03   1.1194375e+03   7.9535981e+02   1.0254727e+03   1.0489596e+03   1.1065923e+03   1.0007380e+03   8.9968586e+02   1.1323419e+03   9.4082766e+02   9.1941527e+02   9.3133432e+02   1.0945168e+03   9.2285402e+02   1.0522797e+03   9.1948753e+02   8.6547010e+02   1.0888679e+03   9.8308757e+02   1.1113839e+03
   9.6580788e+02   1.1059677e+03   1.0035898e+03   8.3250609e+02   1.1109673e+03   1.0657250e+03   1.1644004e+03   9.6388607e+02   1.0384139e+03   1.2291591e+03   1.0420828e+03   1.1194375e+03   7.9535981e+02   1.0254727e+03   1.0489596e+03   1.1065923e+03   1.0007380e+03   8.9968586e+02   1.1323419e+03   9.4082766e+02   9.1941527e+02   9.3133432e+02   1.0945168e+03   9.2285402e+02   1.0522797e+03   9.1948753e+02   8.6547010e+02   1.0888679e+03   9.8308757e+02   1.1113839e+03
   9.0770888e+02   9.1417106e+02   1.0016142e+03   8.3250609e+02   1.0558562e+03   1.0536974e+03   1.1361795e+03   9.5386082e+02   1.0216593e+03   1.2002816e+03   1.0183602e+03   9.7854267e+02   7.1318300e+02   1.0254727e+03   1.0076658e+03   1.1018750e+03   1.0007380e+03   8.9544522e+02   1.0878670e+03   9.4082766e+02   9.1149851e+02   9.3133432e+02   1.0945168e+03   9.2285402e+02   1.0018644e+03   8.7426739e+02   8.5970022e+02   1.0134865e+03   9.5586931e+02   1.0830633e+03
   8.4126367e+02   9.1417106e+02   9.3741041e+02   8.3250609e+02   1.0084432e+03   9.0737832e+02   1.0315800e+03   9.5386082e+02   9.8825175e+02   1.1005465e+03   8.1648327e+02   9.3528920e+02   6.6729986e+02   1.0219852e+03   8.9259575e+02   1.0909209e+03   9.5668903e+02   8.9472630e+02   9.7402122e+02   9.3046345e+02   9.1149851e+02   9.3133432e+02   1.0779183e+03   9.1746794e+02   1.0018644e+03   8.7237819e+02   8.4551997e+02   1.0074896e+03   9.1573742e+02   9.1379079e+02
   7.8603940e+02   8.7223324e+02   8.7208766e+02   7.4095698e+02   8.7386100e+02   8.0958241e+02   1.0088626e+03   9.1982857e+02   8.5858388e+02   1.0385488e+03   8.1648327e+02   8.8853189e+02   5.8653287e+02   9.4693242e+02   8.1880491e+02   9.7205959e+02   9.3093393e+02   8.9472630e+02   8.5990684e+02   8.8043338e+02   8.0412052e+02   9.0965034e+02   1.0541541e+03   8.5002330e+02   9.5571817e+02   8.3159688e+02   8.2737733e+02   8.9349752e+02   8.8899957e+02   8.5849442e+02
   7.5637921e+02   7.2683533e+02   8.1042587e+02   7.4095698e+02   8.4184048e+02   7.5164751e+02   8.1842625e+02   8.6669189e+02   7.4286361e+02   8.1790918e+02   7.1353003e+02   7.3000344e+02   5.7555560e+02   6.9076984e+02   7.4642333e+02   7.9425867e+02   8.7244548e+02   8.1688981e+02   8.2630479e+02   7.6701322e+02   7.3369891e+02   8.3645031e+02   8.0554403e+02   6.8188280e+02   8.4675851e+02   7.5893270e+02   7.3885833e+02   6.3240306e+02   8.4983740e+02   8.5849442e+02
   5.6359887e+02   5.2089186e+02   5.1229198e+02   4.5422884e+02   4.7404886e+02   5.8615139e+02   6.0139519e+02   4.4510492e+02   5.6852418e+02   5.9833895e+02   5.7615241e+02   5.7730519e+02   4.5039156e+02   6.0926806e+02   5.4964676e+02   6.5169250e+02   6.6249640e+02   6.1488316e+02   5.0416776e+02   5.5295386e+02   5.5535655e+02   5.8932443e+02   5.7557243e+02   6.2235061e+02   6.1224016e+02   5.8446533e+02   5.9044704e+02   5.3168821e+02   6.2087447e+02   6.3351731e+02
   2.5675901e+02   3.1217362e+02   2.8693467e+02   3.3360777e+02   3.8231668e+02   3.7088716e+02   2.7984974e+02   3.1501331e+02   3.2902403e+02   3.3333236e+02   4.0182313e+02   3.5706837e+02   3.5674859e+02   2.9680980e+02   3.7782204e+02   3.8243336e+02   3.3881944e+02   3.1750265e+02   3.7555628e+02   3.5957852e+02   3.1547513e+02   3.1822280e+02   3.6571374e+02   3.0453380e+02   2.8849813e+02   3.6932893e+02   3.9381020e+02   3.8080341e+02   3.4648021e+02   3.4526830e+02
   1.7368898e+02   1.6604607e+02   1.8373045e+02   1.8140437e+02   1.8780165e+02   1.6578794e+02   1.7035139e+02   1.7683669e+02   1.6513985e+02   1.8296066e+02   1.8010221e+02   1.3684688e+02   1.8088737e+02   1.8154198e+02   1.5479645e+02   1.5997296e+02   1.7762955e+02   1.7177997e+02   1.4783026e+02   1.9209166e+02   1.6972135e+02   1.7971815e+02   1.7498972e+02   1.6856253e+02   1.9066511e+02   1.7225214e+02   1.6124252e+02   1.7135784e+02   1.7954936e+02   1.6507123e+02
   2.9561729e+01   2.9538135e+01   3.7151119e+01   3.6613740e+01   2.9169217e+01   2.8986664e+01   3.9337970e+01   3.0073111e+01   2.9394781e+01   3.3175675e+01   3.4209004e+01   2.5675310e+01   3.4283527e+01   3.3928701e+01   3.5449030e+01   4.1951364e+01   3.2346570e+01   3.8242946e+01   3.0386439e+01   3.3136011e+01   3.1168235e+01   2.8328782e+01   3.5171440e+01   2.7346339e+01   3.5169361e+01   3.6637753e+01   3.5360600e+01   3.2938647e+01   3.4038334e+01   2.9595837e+01
