   4.9502008e+03   5.0692270e+03   4.7780128e+03   4.5907673e+03   5.2070664e+03   4.8545424e+03   5.0209408e+03   4.7654962e+03   5.1339984e+03   4.5901002e+03   4.9361762e+03   4.5792654e+03   5.0966680e+03   4.7926329e+03   4.9482495e+03   4.0088331e+03   4.6155722e+03   4.7094860e+03   5.1803976e+03   5.0948946e+03   4.8471063e+03   5.3933982e+03   4.7266687e+03   5.3842091e+03   4.1919543e+03   4.9644378e+03   5.1075913e+03   5.1686654e+03   4.8360709e+03   4.9239980e+03
   4.9502008e+03   5.0692270e+03   4.7780128e+03   4.5907673e+03   5.2070664e+03   4.8545424e+03   5.0209408e+03   4.7654962e+03   5.1339984e+03   4.5901002e+03   4.9361762e+03   4.5792654e+03   5.0966680e+03   4.7926329e+03   4.9482495e+03   4.0088331e+03   4.6155722e+03   4.7094860e+03   5.1803976e+03   5.0948946e+03   4.8471063e+03   5.3933982e+03   4.7266687e+03   5.3842091e+03   4.1919543e+03   4.9644378e+03   5.1075913e+03   5.1686654e+03   4.8360709e+03   4.9239980e+03
   4.9502008e+03   5.0692270e+03   4.7780128e+03   4.5907673e+03   5.2070664e+03   4.8545424e+03   5.0209408e+03   4.7654962e+03   5.1339984e+03   4.5901002e+03   4.9361762e+03   4.5792654e+03   5.0966680e+03   4.7926329e+03   4.9482495e+03   4.0088331e+03   4.6155722e+03   4.7094860e+03   5.1803976e+03   5.0948946e+03   4.8471063e+03   5.3933982e+03   4.7266687e+03   5.3842091e+03   4.1919543e+03   4.9644378e+03   5.1075913e+03   5.1686654e+03   4.8360709e+03   4.9239980e+03
   4.9502008e+03   5.0692270e+03   4.7780128e+03   4.5907673e+03   5.2070664e+03   4.8545424e+03   5.0209408e+03   4.7654962e+03   5.1339984e+03   4.5901002e+03   4.9361762e+03   4.5792654e+03   5.0966680e+03   4.7926329e+03   4.9482495e+03   4.0088331e+03   4.6155722e+03   4.7094860e+03   5.1803976e+03   5.0948946e+03   4.8471063e+03   5.3933982e+03   4.7266687e+03   5.3842091e+03   4.1919543e+03   4.9644378e+03   5.1075913e+03   5.1686654e+03   4.8360709e+03   4.9239980e+03
   4.9502008e+03   5.0692270e+03   4.7780128e+03   4.5907673e+03   5.2070664e+03   4.8545424e+03   5.0209408e+03   4.7654962e+03   5.1339984e+03   4.5901002e+03   4.9361762e+03   4.5792654e+03   5.0966680e+03   4.7926329e+03   4.9482495e+03   4.0088331e+03   4.6155722e+03   4.7094860e+03   5.1803976e+03   5.0948946e+03   4.8471063e+03   5.3933982e+03   4.7266687e+03   5.3842091e+03   4.1919543e+03   4.9644378e+03   5.1075913e+03   5.1686654e+03   4.8360709e+03   4.9239980e+03
   4.9502008e+03   5.0692270e+03   4.7780128e+03   4.5907673e+03   5.2070664e+03   4.8545424e+03   5.0209408e+03   4.7654962e+03   5.1339984e+03   4.5901002e+03   4.9361762e+03   4.5792654e+03   5.0966680e+03   4.7926329e+03   4.9482495e+03   4.0088331e+03   4.6155722e+03   4.7094860e+03   5.1803976e+03   5.0948946e+03   4.8471063e+03   5.3933982e+03   4.7266687e+03   5.3842091e+03   4.1919543e+03   4.9644378e+03   5.1075913e+03   5.1686654e+03   4.8360709e+03   4.9239980e+03
   4.9502008e+03   5.0692270e+03   4.7780128e+03   4.5907673e+03   5.2070664e+03   4.8545424e+03   5.0209408e+03   4.7654962e+03   5.1339984e+03   4.5901002e+03   4.9361762e+03   4.5792654e+03   5.0966680e+03   4.7926329e+03   4.9482495e+03   4.0088331e+03   4.6155722e+03   4.7094860e+03   5.1803976e+03   5.0948946e+03   4.8471063e+03   5.3933982e+03   4.7266687e+03   5.3842091e+03   4.1919543e+03   4.9644378e+03   5.1075913e+03   5.1686654e+03   4.8360709e+03   4.9239980e+03
   4.9502008e+03   5.0692270e+03   4.7780128e+03   4.5907673e+03   5.2070664e+03   4.8545424e+03   5.0209408e+03   4.7654962e+03   5.1339984e+03   4.5901002e+03   4.9361762e+03   4.5792654e+03   5.0966680e+03   4.7926329e+03   4.9482495e+03   4.0088331e+03   4.6155722e+03   4.7094860e+03   5.1803976e+03   5.0948946e+03   4.8471063e+03   5.3933982e+03   4.7266687e+03   5.3842091e+03   4.1919543e+03   4.9644378e+03   5.1075913e+03   5.1686654e+03   4.8360709e+03   4.9239980e+03
   4.9502008e+03   4.8522483e+03   4.7780128e+03   4.3266506e+03   5.1804601e+03   4.8545424e+03   4.8692887e+03   4.7343209e+03   5.0281084e+03   4.5901002e+03   4.7895909e+03   4.5792654e+03   5.0146261e+03   4.7926329e+03   4.7935435e+03   4.0088331e+03   4.6155722e+03   4.7094860e+03   5.0260884e+03   5.0948946e+03   4.5314387e+03   4.5709975e+03   4.7266687e+03   5.3842091e+03   4.1919543e+03   4.9644378e+03   4.8156732e+03   4.7555589e+03   4.8360709e+03   4.9239980e+03
   4.6349523e+03   4.8467372e+03   4.7780128e+03   4.2728946e+03   4.4992024e+03   4.7957444e+03   4.8692887e+03   4.6616819e+03   5.0281084e+03   4.5901002e+03   4.6473540e+03   4.5792654e+03   4.8684072e+03   4.7926329e+03   4.7482446e+03   4.0088331e+03   4.6155722e+03   4.7094860e+03   4.9657453e+03   5.0948946e+03   4.3491447e+03   4.5709975e+03   4.7266687e+03   5.1691884e+03   4.1919543e+03   4.9644378e+03   4.8122441e+03   4.7555589e+03   4.5602118e+03   4.1535937e+03
   4.4085524e+03   4.8397025e+03   4.1660283e+03   4.2456395e+03   4.4992024e+03   4.6284361e+03   4.7848588e+03   4.5748509e+03   4.5003727e+03   4.1992118e+03   4.6473540e+03   4.5406043e+03   4.6895325e+03   4.4622030e+03   4.4701185e+03   3.6114410e+03   4.6155722e+03   4.7094860e+03   4.8584136e+03   4.8741766e+03   4.3491447e+03   4.5709975e+03   4.4995828e+03   4.8122444e+03   4.1919543e+03   4.8159717e+03   4.6959155e+03   4.7555589e+03   4.3136639e+03   4.1535937e+03
   4.3216647e+03   4.5696620e+03   4.1327621e+03   4.2456395e+03   4.2901460e+03   4.2955471e+03   4.4132792e+03   4.0117113e+03   4.4822390e+03   3.7789510e+03   4.5639273e+03   4.4353586e+03   4.4426939e+03   4.3509139e+03   4.2084119e+03   3.5906409e+03   4.5122128e+03   4.5654076e+03   4.7390397e+03   4.7651111e+03   4.3491447e+03   4.2025407e+03   4.0816757e+03   4.5490326e+03   4.1919543e+03   4.3006953e+03   4.6018194e+03   4.3590430e+03   4.3136639e+03   4.0097955e+03
   3.5631278e+03   3.8802197e+03   3.9823612e+03   3.8816704e+03   3.4177579e+03   3.8759408e+03   3.8490598e+03   3.3906985e+03   4.1246020e+03   3.4266304e+03   3.1333598e+03   3.4024395e+03   3.8144879e+03   3.9515253e+03   3.8368324e+03   3.3363838e+03   3.2605223e+03   4.1101164e+03   3.5374091e+03   4.0080017e+03   3.8522494e+03   3.8157466e+03   3.9118944e+03   3.7831741e+03   3.6506407e+03   3.8620017e+03   3.7503341e+03   3.8464135e+03   3.4088590e+03   3.6312507e+03
   2.9831922e+03   3.4780083e+03   3.4831096e+03   3.1523158e+03   2.4669895e+03   3.0934998e+03   3.2691047e+03   3.1802342e+03   2.7661501e+03   3.1576043e+03   2.8700864e+03   2.8111688e+03   2.8619309e+03   3.5724244e+03   2.7760049e+03   3.0862042e+03   2.6460103e+03   3.2056292e+03   3.3192534e+03   3.2013363e+03   3.2308872e+03   3.2022435e+03   3.4664110e+03   3.2204594e+03   2.8142796e+03   2.8843990e+03   3.0927221e+03   3.1301229e+03   3.3794230e+03   3.0085529e+03
   2.1290338e+03   2.2243848e+03   2.1860340e+03   2.0192820e+03   1.9769911e+03   2.0613082e+03   2.1634168e+03   2.0867683e+03   2.0418011e+03   2.2393860e+03   1.9483328e+03   2.0846979e+03   2.0576675e+03   2.1615002e+03   2.2886684e+03   2.2757289e+03   1.7905786e+03   2.1707758e+03   2.2765318e+03   2.2798112e+03   2.1510062e+03   1.9888119e+03   2.1543809e+03   2.2701650e+03   2.2638383e+03   2.2502284e+03   2.3674696e+03   2.4135295e+03   2.1715230e+03   2.1711891e+03
   1.2960849e+02   2.5491083e+02   2.5540676e+02   2.2915875e+02   2.6459049e+01   1.2394332e+02   3.7257356e+02   2.3378863e+02   3.5083645e+02   2.4610790e+02   2.5256794e+02   1.5551855e+02   4.1975078e+02   2.7709223e+01   3.6418634e+02   2.5757816e+02   3.4008150e+02   3.5731394e+02   2.6057549e+02   3.4838565e+02   2.3775865e+02   3.0731187e+02   2.5213566e+02   2.5734307e+02   2.5981436e+02   1.3469991e+02   5.5986775e+02   1.3776886e+02   2.2494945e+02   1.3361578e+02
