1.547958e+11 7.658374e+10
4.787019e+09 1.833775e+09
7.584225e+07 2.198371e+07
1.415097e+06 6.616436e+05
8.978895e+04 1.489755e+04
2.440834e+03 1.570493e+03
1.154366e+03 1.121213e+03
1.034702e+03 9.947634e+02
8.738811e+02 8.601643e+02
7.504893e+02 7.271569e+02
6.502651e+02 6.411575e+02
5.634453e+02 5.501809e+02
4.793308e+02 4.702599e+02
3.992246e+02 3.921457e+02
3.326386e+02 3.257625e+02
3.202686e+02 3.187931e+02
3.186294e+02 3.176694e+02
3.179381e+02 3.170595e+02
3.174858e+02 3.168362e+02
3.172085e+02 3.166712e+02
3.170138e+02 3.166301e+02
3.168851e+02 3.165268e+02
3.167587e+02 3.164128e+02
3.166667e+02 3.163734e+02
3.165792e+02 3.162855e+02
3.165199e+02 3.162679e+02
3.164656e+02 3.161608e+02
3.164047e+02 3.161265e+02
3.163574e+02 3.161179e+02
3.163226e+02 3.161082e+02
3.162957e+02 3.161037e+02
3.162684e+02 3.160985e+02
3.162399e+02 3.160931e+02
3.162160e+02 3.160860e+02
3.161998e+02 3.160817e+02
3.161838e+02 3.160729e+02
3.161685e+02 3.160630e+02
3.161549e+02 3.160580e+02
3.161442e+02 3.160572e+02
3.161316e+02 3.160521e+02
3.161162e+02 3.160500e+02
3.160879e+02 3.160428e+02
3.160543e+02 3.160373e+02
3.160381e+02 3.160339e+02
3.160329e+02 3.160326e+02
3.160320e+02 3.160319e+02
3.160315e+02 3.160315e+02
3.160312e+02 3.160312e+02
3.160311e+02 3.160311e+02
3.160310e+02 3.160310e+02
3.160310e+02 3.160310e+02
3.160309e+02 3.160309e+02
3.160309e+02 3.160309e+02
3.160309e+02 3.160309e+02
3.160309e+02 3.160309e+02
3.160309e+02 3.160309e+02
3.160308e+02 3.160308e+02
3.160307e+02 3.160307e+02
3.160305e+02 3.160304e+02
3.160299e+02 3.160298e+02
3.160284e+02 3.160280e+02
3.160259e+02 3.160252e+02
3.160195e+02 3.160180e+02
3.160090e+02 3.160064e+02
3.159886e+02 3.159839e+02
3.159622e+02 3.159565e+02
3.159245e+02 3.159142e+02
3.158417e+02 3.158164e+02
3.156755e+02 3.156379e+02
3.154361e+02 3.153679e+02
3.148706e+02 3.147378e+02
3.140962e+02 3.139059e+02
3.127946e+02 3.125512e+02
3.122214e+02 3.121408e+02
3.118210e+02 3.117186e+02
3.113555e+02 3.112724e+02
3.111336e+02 3.110906e+02
3.110069e+02 3.109696e+02
3.109077e+02 3.108941e+02
3.108722e+02 3.108662e+02
3.108492e+02 3.108452e+02
3.108298e+02 3.108265e+02
3.108175e+02 3.108158e+02
3.108090e+02 3.108078e+02
3.108023e+02 3.108011e+02
3.107988e+02 3.107982e+02
3.107968e+02 3.107963e+02
3.107946e+02 3.107940e+02
3.107931e+02 3.107928e+02
3.107921e+02 3.107920e+02
3.107914e+02 3.107913e+02
3.107910e+02 3.107909e+02
3.107906e+02 3.107906e+02
3.107903e+02 3.107903e+02
3.107902e+02 3.107901e+02
3.107900e+02 3.107900e+02
3.107900e+02 3.107899e+02
3.107899e+02 3.107899e+02
3.107899e+02 3.107899e+02
3.107898e+02 3.107898e+02
3.107898e+02 3.107898e+02
1.522251e+11 8.349879e+10
4.668471e+09 1.552851e+09
7.833740e+07 3.175196e+07
2.019164e+06 6.472037e+05
7.411643e+04 3.656756e+04
4.242567e+03 2.470354e+03
1.546986e+03 1.453372e+03
1.393298e+03 1.371078e+03
1.320723e+03 1.306764e+03
1.260276e+03 1.244745e+03
1.115814e+03 1.091632e+03
1.026289e+03 1.014397e+03
9.691833e+02 9.623432e+02
8.989736e+02 8.934275e+02
8.625130e+02 8.587402e+02
8.037874e+02 7.960489e+02
7.527957e+02 7.445294e+02
7.016815e+02 6.987942e+02
6.884397e+02 6.876301e+02
6.768457e+02 6.743636e+02
6.728572e+02 6.721986e+02
6.723380e+02 6.719051e+02
6.720708e+02 6.717119e+02
6.719067e+02 6.715932e+02
6.717838e+02 6.714403e+02
6.716959e+02 6.714097e+02
6.716120e+02 6.713731e+02
6.715450e+02 6.712950e+02
6.714687e+02 6.712573e+02
6.713986e+02 6.712281e+02
6.713477e+02 6.712267e+02
6.713182e+02 6.712011e+02
6.712883e+02 6.711858e+02
6.712634e+02 6.711641e+02
6.712422e+02 6.711553e+02
6.712265e+02 6.711495e+02
6.712115e+02 6.711450e+02
6.711988e+02 6.711418e+02
6.711876e+02 6.711347e+02
6.711764e+02 6.711293e+02
6.711666e+02 6.711198e+02
6.711600e+02 6.711169e+02
6.711538e+02 6.711147e+02
6.711488e+02 6.711132e+02
6.711437e+02 6.711120e+02
6.711396e+02 6.711090e+02
6.711355e+02 6.711087e+02
6.711324e+02 6.711082e+02
6.711295e+02 6.711073e+02
6.711267e+02 6.711067e+02
6.711246e+02 6.711066e+02
6.711206e+02 6.711048e+02
6.711147e+02 6.711045e+02
6.711084e+02 6.711019e+02
6.711052e+02 6.711004e+02
6.711022e+02 6.710987e+02
6.710999e+02 6.710980e+02
6.710981e+02 6.710967e+02
6.710959e+02 6.710953e+02
6.710941e+02 6.710937e+02
6.710919e+02 6.710914e+02
6.710885e+02 6.710875e+02
6.710780e+02 6.710749e+02
6.710583e+02 6.710536e+02
6.710123e+02 6.710031e+02
6.709146e+02 6.708801e+02
6.706536e+02 6.705929e+02
6.700758e+02 6.699002e+02
6.669811e+02 6.663748e+02
6.603989e+02 6.588648e+02
6.413123e+02 6.366044e+02
5.926183e+02 5.785900e+02
5.068686e+02 4.932060e+02
4.146495e+02 3.978890e+02
3.355101e+02 3.242152e+02
2.914171e+02 2.862701e+02
2.684962e+02 2.655391e+02
2.578921e+02 2.565014e+02
2.525285e+02 2.517930e+02
2.491832e+02 2.486960e+02
2.472988e+02 2.470099e+02
2.453043e+02 2.448002e+02
2.424252e+02 2.418257e+02
2.411974e+02 2.409614e+02
2.407555e+02 2.405262e+02
2.403321e+02 2.402343e+02
2.401047e+02 2.400618e+02
2.400494e+02 2.400218e+02
2.400032e+02 2.399756e+02
2.399550e+02 2.399370e+02
2.399193e+02 2.399032e+02
2.398835e+02 2.398694e+02
2.398629e+02 2.398544e+02
2.398470e+02 2.398422e+02
2.398401e+02 2.398355e+02
2.398299e+02 2.398274e+02
2.398245e+02 2.398225e+02
2.398183e+02 2.398162e+02
2.398133e+02 2.398123e+02
2.398104e+02 2.398096e+02
2.398082e+02 2.398076e+02
1.541485e+11 7.376057e+10
5.808494e+09 2.487686e+09
8.629738e+07 3.079596e+07
2.120611e+06 9.527032e+05
6.404819e+04 2.556439e+04
4.143860e+03 2.775405e+03
1.873046e+03 1.819420e+03
1.774637e+03 1.766773e+03
1.625255e+03 1.589292e+03
1.490800e+03 1.474897e+03
1.396111e+03 1.387559e+03
1.319492e+03 1.306603e+03
1.245473e+03 1.237847e+03
1.186119e+03 1.177424e+03
1.147110e+03 1.138196e+03
1.114534e+03 1.113381e+03
1.101206e+03 1.098658e+03
1.099117e+03 1.098141e+03
1.098517e+03 1.097902e+03
1.098157e+03 1.097564e+03
1.097897e+03 1.097415e+03
1.097718e+03 1.097333e+03
1.097614e+03 1.097293e+03
1.097531e+03 1.097276e+03
1.097469e+03 1.097184e+03
1.097399e+03 1.097150e+03
1.097342e+03 1.097134e+03
1.097298e+03 1.097096e+03
1.097265e+03 1.097077e+03
1.097228e+03 1.097053e+03
1.097201e+03 1.097041e+03
1.097173e+03 1.097031e+03
1.097145e+03 1.097007e+03
1.097127e+03 1.097005e+03
1.097113e+03 1.097002e+03
1.097102e+03 1.096999e+03
1.097084e+03 1.096994e+03
1.097071e+03 1.096988e+03
1.097048e+03 1.096986e+03
1.097004e+03 1.096983e+03
1.096984e+03 1.096976e+03
1.096976e+03 1.096973e+03
1.096970e+03 1.096969e+03
1.096965e+03 1.096963e+03
1.096957e+03 1.096956e+03
1.096944e+03 1.096940e+03
1.096918e+03 1.096908e+03
1.096846e+03 1.096819e+03
1.096570e+03 1.096487e+03
1.095560e+03 1.095311e+03
1.092631e+03 1.091622e+03
1.084911e+03 1.082025e+03
1.055216e+03 1.046228e+03
9.924181e+02 9.720602e+02
8.635446e+02 8.413659e+02
7.252036e+02 6.935096e+02
6.142897e+02 6.008466e+02
5.341163e+02 5.192630e+02
4.773940e+02 4.693800e+02
4.531908e+02 4.490023e+02
4.424931e+02 4.415304e+02
4.354471e+02 4.344756e+02
4.275142e+02 4.262691e+02
4.225522e+02 4.215288e+02
4.189312e+02 4.184478e+02
4.150251e+02 4.138591e+02
4.112610e+02 4.106509e+02
4.105203e+02 4.102347e+02
4.099965e+02 4.098146e+02
4.096785e+02 4.095820e+02
4.095143e+02 4.094349e+02
4.093668e+02 4.093130e+02
4.092940e+02 4.092695e+02
4.092454e+02 4.092210e+02
4.091880e+02 4.091719e+02
4.091533e+02 4.091387e+02
4.091338e+02 4.091270e+02
4.091238e+02 4.091178e+02
4.091120e+02 4.091078e+02
4.091049e+02 4.091026e+02
4.091010e+02 4.090991e+02
4.090966e+02 4.090952e+02
4.090939e+02 4.090927e+02
4.090909e+02 4.090900e+02
4.090891e+02 4.090886e+02
4.090868e+02 4.090863e+02
4.090853e+02 4.090849e+02
4.090841e+02 4.090838e+02
4.090832e+02 4.090831e+02
4.090826e+02 4.090825e+02
4.090823e+02 4.090823e+02
4.090822e+02 4.090821e+02
4.090820e+02 4.090820e+02
4.090819e+02 4.090818e+02
4.090818e+02 4.090817e+02
4.090817e+02 4.090817e+02
4.090815e+02 4.090815e+02
4.090814e+02 4.090814e+02
4.090813e+02 4.090813e+02
4.090813e+02 4.090813e+02
4.090813e+02 4.090813e+02
1.559952e+11 6.228074e+10
5.188096e+09 1.574720e+09
1.009608e+08 3.979214e+07
3.490098e+06 1.301870e+06
1.720685e+05 4.296155e+04
9.801623e+03 6.772172e+03
4.483037e+03 4.292474e+03
4.156872e+03 4.135891e+03
4.120880e+03 4.116284e+03
4.065437e+03 4.031725e+03
3.885131e+03 3.864580e+03
3.808872e+03 3.798452e+03
3.742856e+03 3.732545e+03
3.673763e+03 3.662599e+03
3.602168e+03 3.592453e+03
3.526726e+03 3.513788e+03
3.439462e+03 3.424328e+03
3.299691e+03 3.275007e+03
2.913404e+03 2.805803e+03
2.323664e+03 2.208449e+03
1.695960e+03 1.562571e+03
1.214260e+03 1.136329e+03
9.326079e+02 8.962509e+02
7.567805e+02 7.353325e+02
6.370529e+02 6.157277e+02
5.529290e+02 5.426908e+02
5.093880e+02 5.027687e+02
4.744527e+02 4.684098e+02
4.380464e+02 4.313368e+02
4.111308e+02 4.061777e+02
3.884893e+02 3.851076e+02
3.668792e+02 3.640090e+02
3.561090e+02 3.549885e+02
3.485555e+02 3.471741e+02
3.395884e+02 3.367911e+02
3.355599e+02 3.348022e+02
3.343320e+02 3.339006e+02
3.330751e+02 3.326910e+02
3.322579e+02 3.319692e+02
3.316112e+02 3.314264e+02
3.312975e+02 3.311995e+02
3.311842e+02 3.310926e+02
3.310067e+02 3.309295e+02
3.308622e+02 3.308163e+02
3.307686e+02 3.307153e+02
3.306371e+02 3.305965e+02
3.305260e+02 3.305000e+02
3.304745e+02 3.304594e+02
3.304295e+02 3.304186e+02
3.303845e+02 3.303701e+02
3.303379e+02 3.303242e+02
3.302643e+02 3.302489e+02
3.301867e+02 3.301494e+02
3.299821e+02 3.299389e+02
3.298893e+02 3.298778e+02
3.298657e+02 3.298609e+02
3.298406e+02 3.298355e+02
3.298230e+02 3.298196e+02
3.298158e+02 3.298145e+02
3.298117e+02 3.298107e+02
3.298092e+02 3.298086e+02
3.298072e+02 3.298068e+02
3.298052e+02 3.298050e+02
3.298038e+02 3.298035e+02
3.298025e+02 3.298023e+02
3.298019e+02 3.298017e+02
3.298015e+02 3.298014e+02
3.298012e+02 3.298011e+02
3.298010e+02 3.298009e+02
3.298008e+02 3.298008e+02
3.298007e+02 3.298007e+02
3.298007e+02 3.298007e+02
3.298006e+02 3.298006e+02
3.298006e+02 3.298006e+02
3.298006e+02 3.298006e+02
3.298006e+02 3.298006e+02
3.298006e+02 3.298006e+02
3.298005e+02 3.298005e+02
3.298005e+02 3.298005e+02
3.298005e+02 3.298005e+02
3.298004e+02 3.298004e+02
3.298003e+02 3.298002e+02
3.298001e+02 3.298001e+02
3.297999e+02 3.297999e+02
3.297996e+02 3.297995e+02
3.297992e+02 3.297991e+02
3.297986e+02 3.297985e+02
3.297975e+02 3.297971e+02
3.297957e+02 3.297952e+02
3.297937e+02 3.297934e+02
3.297921e+02 3.297917e+02
3.297894e+02 3.297888e+02
3.297863e+02 3.297860e+02
3.297840e+02 3.297835e+02
3.297791e+02 3.297782e+02
3.297748e+02 3.297735e+02
3.297668e+02 3.297650e+02
3.297569e+02 3.297546e+02
3.297456e+02 3.297431e+02
3.297271e+02 3.297217e+02
3.297047e+02 3.296985e+02
1.553246e+11 5.102949e+10
5.323001e+09 2.188428e+09
1.864366e+08 4.483017e+07
3.228707e+06 1.222679e+06
7.543090e+04 3.094548e+04
6.223742e+03 2.114159e+03
1.239459e+03 1.182017e+03
1.149123e+03 1.143271e+03
1.000712e+03 9.541624e+02
8.647665e+02 8.395805e+02
7.612361e+02 7.517891e+02
6.519600e+02 6.285425e+02
5.184480e+02 5.073315e+02
4.630747e+02 4.538221e+02
4.343046e+02 4.310477e+02
4.306751e+02 4.289973e+02
4.293491e+02 4.280874e+02
4.287909e+02 4.278252e+02
4.284107e+02 4.276018e+02
4.281367e+02 4.274582e+02
4.279583e+02 4.273880e+02
4.277925e+02 4.272675e+02
4.276342e+02 4.270930e+02
4.274608e+02 4.269342e+02
4.273377e+02 4.268518e+02
4.272149e+02 4.268018e+02
4.271184e+02 4.267637e+02
4.270271e+02 4.267254e+02
4.269330e+02 4.266419e+02
4.268612e+02 4.266134e+02
4.267900e+02 4.265744e+02
4.267341e+02 4.265549e+02
4.266916e+02 4.265396e+02
4.266556e+02 4.265360e+02
4.266248e+02 4.265307e+02
4.265981e+02 4.265254e+02
4.265793e+02 4.265220e+02
4.265617e+02 4.265184e+02
4.265518e+02 4.265165e+02
4.265391e+02 4.265144e+02
4.265307e+02 4.265140e+02
4.265223e+02 4.265129e+02
4.265159e+02 4.265124e+02
4.265134e+02 4.265121e+02
4.265122e+02 4.265117e+02
4.265118e+02 4.265115e+02
4.265115e+02 4.265113e+02
4.265114e+02 4.265112e+02
4.265113e+02 4.265111e+02
4.265112e+02 4.265110e+02
4.265111e+02 4.265109e+02
4.265110e+02 4.265108e+02
4.265108e+02 4.265107e+02
4.265107e+02 4.265106e+02
4.265106e+02 4.265105e+02
4.265105e+02 4.265104e+02
4.265103e+02 4.265103e+02
4.265102e+02 4.265100e+02
4.265099e+02 4.265099e+02
4.265097e+02 4.265096e+02
4.265095e+02 4.265094e+02
4.265092e+02 4.265091e+02
4.265089e+02 4.265087e+02
4.265085e+02 4.265082e+02
4.265078e+02 4.265075e+02
4.265070e+02 4.265064e+02
4.265057e+02 4.265049e+02
4.265026e+02 4.265003e+02
4.264983e+02 4.264968e+02
4.264947e+02 4.264937e+02
4.264902e+02 4.264884e+02
4.264843e+02 4.264803e+02
4.264767e+02 4.264739e+02
4.264696e+02 4.264677e+02
4.264618e+02 4.264591e+02
4.264525e+02 4.264501e+02
4.264438e+02 4.264402e+02
4.264344e+02 4.264313e+02
4.264258e+02 4.264214e+02
4.264158e+02 4.264114e+02
4.264040e+02 4.263995e+02
4.263911e+02 4.263864e+02
4.263772e+02 4.263703e+02
4.263565e+02 4.263504e+02
4.263367e+02 4.263276e+02
4.263110e+02 4.263009e+02
4.262823e+02 4.262711e+02
4.262503e+02 4.262347e+02
4.262164e+02 4.262022e+02
4.261673e+02 4.261468e+02
4.261111e+02 4.260931e+02
4.260561e+02 4.260353e+02
4.259948e+02 4.259743e+02
4.259229e+02 4.259023e+02
4.258318e+02 4.257902e+02
4.257454e+02 4.257111e+02
4.256516e+02 4.256159e+02
4.255310e+02 4.254921e+02
4.254193e+02 4.253784e+02
4.253048e+02 4.252522e+02
4.251461e+02 4.250918e+02
1.530684e+11 8.122692e+10
6.342929e+09 1.544707e+09
9.067604e+08 3.418098e+07
2.480355e+06 1.016152e+06
1.033553e+05 4.004519e+04
4.700321e+03 3.278230e+03
2.034756e+03 1.963819e+03
1.901728e+03 1.885224e+03
1.749618e+03 1.724027e+03
1.562553e+03 1.533990e+03
1.454541e+03 1.443064e+03
1.336612e+03 1.319654e+03
1.229653e+03 1.218908e+03
1.195600e+03 1.192531e+03
1.182679e+03 1.180417e+03
1.158054e+03 1.155518e+03
1.155636e+03 1.154498e+03
1.154647e+03 1.153905e+03
1.154227e+03 1.153657e+03
1.153955e+03 1.153446e+03
1.153788e+03 1.153361e+03
1.153649e+03 1.153261e+03
1.153557e+03 1.153234e+03
1.153457e+03 1.153117e+03
1.153375e+03 1.153007e+03
1.153305e+03 1.152974e+03
1.153235e+03 1.152899e+03
1.153179e+03 1.152875e+03
1.153137e+03 1.152857e+03
1.153098e+03 1.152850e+03
1.153062e+03 1.152832e+03
1.153028e+03 1.152812e+03
1.153005e+03 1.152807e+03
1.152981e+03 1.152802e+03
1.152959e+03 1.152796e+03
1.152936e+03 1.152790e+03
1.152919e+03 1.152788e+03
1.152903e+03 1.152786e+03
1.152891e+03 1.152782e+03
1.152879e+03 1.152780e+03
1.152868e+03 1.152775e+03
1.152858e+03 1.152772e+03
1.152849e+03 1.152772e+03
1.152839e+03 1.152770e+03
1.152832e+03 1.152769e+03
1.152823e+03 1.152767e+03
1.152815e+03 1.152766e+03
1.152807e+03 1.152765e+03
1.152801e+03 1.152763e+03
1.152796e+03 1.152763e+03
1.152789e+03 1.152762e+03
1.152782e+03 1.152761e+03
1.152777e+03 1.152760e+03
1.152773e+03 1.152759e+03
1.152770e+03 1.152758e+03
1.152766e+03 1.152756e+03
1.152763e+03 1.152754e+03
1.152757e+03 1.152750e+03
1.152748e+03 1.152741e+03
1.152733e+03 1.152725e+03
1.152710e+03 1.152697e+03
1.152675e+03 1.152657e+03
1.152621e+03 1.152604e+03
1.152550e+03 1.152520e+03
1.152439e+03 1.152391e+03
1.152208e+03 1.152013e+03
1.151776e+03 1.151586e+03
1.151105e+03 1.150854e+03
1.150297e+03 1.149953e+03
1.149115e+03 1.148625e+03
1.147414e+03 1.146545e+03
1.144940e+03 1.143622e+03
1.142098e+03 1.140535e+03
1.137984e+03 1.136059e+03
1.132460e+03 1.130597e+03
1.125047e+03 1.121428e+03
1.114720e+03 1.109293e+03
1.092454e+03 1.085159e+03
1.065030e+03 1.054650e+03
1.033939e+03 1.021176e+03
9.982590e+02 9.835548e+02
9.511097e+02 9.354582e+02
8.882814e+02 8.694716e+02
8.476452e+02 8.359111e+02
7.927873e+02 7.734160e+02
7.490554e+02 7.387355e+02
7.150941e+02 7.044082e+02
6.882908e+02 6.804457e+02
6.629624e+02 6.555941e+02
6.315739e+02 6.201611e+02
6.053011e+02 5.970516e+02
5.871042e+02 5.820881e+02
5.679805e+02 5.607836e+02
5.519944e+02 5.475252e+02
5.413000e+02 5.383026e+02
5.330556e+02 5.307828e+02
5.250148e+02 5.219970e+02
5.148197e+02 5.120282e+02
5.063809e+02 5.038744e+02
4.991658e+02 4.968689e+02
4.941980e+02 4.920375e+02
1.564717e+11 6.448085e+10
5.096056e+09 1.441814e+09
7.673636e+07 2.861340e+07
1.756779e+06 8.874569e+05
5.950193e+04 2.653536e+04
3.796102e+03 2.442005e+03
1.677866e+03 1.609714e+03
1.545316e+03 1.530938e+03
1.467908e+03 1.440574e+03
1.364702e+03 1.331427e+03
1.243377e+03 1.231346e+03
1.174342e+03 1.165914e+03
1.082194e+03 1.070829e+03
1.015605e+03 1.008904e+03
9.132528e+02 9.009900e+02
8.610884e+02 8.572665e+02
8.427147e+02 8.416472e+02
8.349486e+02 8.340440e+02
8.340902e+02 8.336213e+02
8.338128e+02 8.334812e+02
8.336456e+02 8.334048e+02
8.335563e+02 8.333618e+02
8.334727e+02 8.333060e+02
8.334251e+02 8.332929e+02
8.333829e+02 8.332397e+02
8.333504e+02 8.332154e+02
8.333192e+02 8.332006e+02
8.332946e+02 8.331952e+02
8.332753e+02 8.331850e+02
8.332568e+02 8.331768e+02
8.332412e+02 8.331654e+02
8.332268e+02 8.331599e+02
8.332146e+02 8.331535e+02
8.332047e+02 8.331492e+02
8.331936e+02 8.331440e+02
8.331851e+02 8.331371e+02
8.331760e+02 8.331323e+02
8.331697e+02 8.331294e+02
8.331645e+02 8.331285e+02
8.331599e+02 8.331269e+02
8.331556e+02 8.331223e+02
8.331505e+02 8.331209e+02
8.331454e+02 8.331188e+02
8.331396e+02 8.331175e+02
8.331330e+02 8.331158e+02
8.331196e+02 8.331142e+02
8.331140e+02 8.331123e+02
8.331113e+02 8.331109e+02
8.331100e+02 8.331098e+02
8.331091e+02 8.331090e+02
8.331077e+02 8.331073e+02
8.331048e+02 8.331037e+02
8.330970e+02 8.330946e+02
8.330787e+02 8.330741e+02
8.330524e+02 8.330437e+02
8.329808e+02 8.329560e+02
8.328766e+02 8.328566e+02
8.326541e+02 8.326115e+02
8.317704e+02 8.314168e+02
8.270248e+02 8.259090e+02
8.131877e+02 8.097173e+02
7.715364e+02 7.624139e+02
6.818585e+02 6.640968e+02
5.933480e+02 5.834848e+02
5.246630e+02 5.150730e+02
4.778418e+02 4.723651e+02
4.537251e+02 4.506572e+02
4.376197e+02 4.358417e+02
4.296972e+02 4.286196e+02
4.239829e+02 4.230403e+02
4.198574e+02 4.193742e+02
4.175806e+02 4.173194e+02
4.160299e+02 4.157689e+02
4.133168e+02 4.123771e+02
4.119404e+02 4.116385e+02
4.114765e+02 4.112895e+02
4.112248e+02 4.111220e+02
4.110326e+02 4.109692e+02
4.109172e+02 4.108652e+02
4.108127e+02 4.107851e+02
4.107644e+02 4.107470e+02
4.107401e+02 4.107195e+02
4.107070e+02 4.106971e+02
4.106816e+02 4.106736e+02
4.106660e+02 4.106612e+02
4.106494e+02 4.106434e+02
4.106330e+02 4.106269e+02
4.106202e+02 4.106171e+02
4.106104e+02 4.106070e+02
4.106032e+02 4.106022e+02
4.105996e+02 4.105986e+02
4.105972e+02 4.105966e+02
4.105959e+02 4.105955e+02
4.105947e+02 4.105945e+02
4.105939e+02 4.105938e+02
4.105935e+02 4.105934e+02
4.105929e+02 4.105928e+02
4.105925e+02 4.105924e+02
4.105923e+02 4.105923e+02
4.105921e+02 4.105920e+02
4.105918e+02 4.105918e+02
1.512376e+11 8.705781e+10
4.713322e+09 1.640124e+09
6.370198e+07 2.052258e+07
1.356156e+06 5.525414e+05
3.893036e+04 1.654153e+04
5.841781e+03 1.484245e+03
9.566123e+02 9.195453e+02
8.721312e+02 8.539641e+02
7.555453e+02 7.243424e+02
6.233497e+02 6.052765e+02
5.021645e+02 4.833745e+02
4.521806e+02 4.433805e+02
3.904332e+02 3.848613e+02
3.540128e+02 3.515393e+02
3.316828e+02 3.237560e+02
3.091861e+02 3.081070e+02
2.992461e+02 2.982394e+02
2.984622e+02 2.979675e+02
2.980498e+02 2.975664e+02
2.978618e+02 2.975003e+02
2.977254e+02 2.974438e+02
2.976286e+02 2.973868e+02
2.975601e+02 2.973488e+02
2.974988e+02 2.973228e+02
2.974534e+02 2.973028e+02
2.974164e+02 2.972939e+02
2.973849e+02 2.972478e+02
2.973532e+02 2.972234e+02
2.973314e+02 2.972073e+02
2.973103e+02 2.971959e+02
2.972914e+02 2.971919e+02
2.972759e+02 2.971903e+02
2.972568e+02 2.971786e+02
2.972432e+02 2.971757e+02
2.972326e+02 2.971717e+02
2.972240e+02 2.971682e+02
2.972152e+02 2.971650e+02
2.972078e+02 2.971618e+02
2.972023e+02 2.971584e+02
2.971951e+02 2.971583e+02
2.971756e+02 2.971580e+02
2.971589e+02 2.971535e+02
2.971533e+02 2.971517e+02
2.971511e+02 2.971506e+02
2.971504e+02 2.971503e+02
2.971501e+02 2.971501e+02
2.971500e+02 2.971500e+02
2.971499e+02 2.971499e+02
2.971499e+02 2.971499e+02
2.971499e+02 2.971498e+02
2.971498e+02 2.971498e+02
2.971498e+02 2.971498e+02
2.971498e+02 2.971498e+02
2.971497e+02 2.971497e+02
2.971495e+02 2.971495e+02
2.971491e+02 2.971490e+02
2.971479e+02 2.971476e+02
2.971451e+02 2.971443e+02
2.971367e+02 2.971338e+02
2.971126e+02 2.971075e+02
2.970646e+02 2.970478e+02
2.969613e+02 2.969385e+02
2.967505e+02 2.967012e+02
2.963285e+02 2.961608e+02
2.952595e+02 2.950277e+02
2.939519e+02 2.936469e+02
2.923845e+02 2.921773e+02
2.913905e+02 2.912468e+02
2.908363e+02 2.907344e+02
2.902992e+02 2.902359e+02
2.901391e+02 2.901067e+02
2.900482e+02 2.900340e+02
2.900149e+02 2.900097e+02
2.899967e+02 2.899932e+02
2.899825e+02 2.899798e+02
2.899737e+02 2.899716e+02
2.899661e+02 2.899643e+02
2.899594e+02 2.899582e+02
2.899569e+02 2.899564e+02
2.899548e+02 2.899544e+02
2.899531e+02 2.899528e+02
2.899518e+02 2.899515e+02
2.899511e+02 2.899510e+02
2.899507e+02 2.899506e+02
2.899505e+02 2.899504e+02
2.899503e+02 2.899503e+02
2.899502e+02 2.899502e+02
2.899502e+02 2.899502e+02
2.899501e+02 2.899501e+02
2.899501e+02 2.899501e+02
2.899501e+02 2.899501e+02
2.899501e+02 2.899501e+02
2.899501e+02 2.899501e+02
2.899501e+02 2.899501e+02
2.899501e+02 2.899500e+02
2.899500e+02 2.899500e+02
2.899500e+02 2.899500e+02
2.899500e+02 2.899500e+02
2.899500e+02 2.899500e+02
2.899500e+02 2.899500e+02
2.899500e+02 2.899500e+02
1.559948e+11 7.519648e+10
4.611737e+09 1.392417e+09
6.828313e+07 2.376345e+07
2.622591e+06 7.290063e+05
7.696450e+04 2.517584e+04
3.638914e+03 2.208586e+03
1.253839e+03 1.222626e+03
1.175792e+03 1.145495e+03
9.954520e+02 9.761858e+02
8.718757e+02 8.531563e+02
8.161654e+02 8.086491e+02
7.318815e+02 7.237566e+02
6.712374e+02 6.610495e+02
6.137097e+02 6.066901e+02
5.652208e+02 5.622193e+02
5.343771e+02 5.312187e+02
5.302442e+02 5.293396e+02
5.294163e+02 5.289347e+02
5.290916e+02 5.285589e+02
5.288739e+02 5.285151e+02
5.287554e+02 5.284244e+02
5.286493e+02 5.283737e+02
5.285717e+02 5.283439e+02
5.285175e+02 5.283350e+02
5.284684e+02 5.282815e+02
5.284256e+02 5.282653e+02
5.283900e+02 5.282456e+02
5.283587e+02 5.282393e+02
5.283335e+02 5.282339e+02
5.283134e+02 5.282186e+02
5.282941e+02 5.282091e+02
5.282767e+02 5.281945e+02
5.282602e+02 5.281893e+02
5.282489e+02 5.281743e+02
5.282356e+02 5.281719e+02
5.282248e+02 5.281662e+02
5.282157e+02 5.281590e+02
5.282065e+02 5.281574e+02
5.281967e+02 5.281526e+02
5.281911e+02 5.281519e+02
5.281850e+02 5.281515e+02
5.281747e+02 5.281497e+02
5.281573e+02 5.281473e+02
5.281478e+02 5.281437e+02
5.281432e+02 5.281419e+02
5.281411e+02 5.281409e+02
5.281404e+02 5.281403e+02
5.281399e+02 5.281398e+02
5.281396e+02 5.281396e+02
5.281392e+02 5.281391e+02
5.281388e+02 5.281387e+02
5.281384e+02 5.281383e+02
5.281372e+02 5.281369e+02
5.281354e+02 5.281350e+02
5.281296e+02 5.281282e+02
5.281194e+02 5.281164e+02
5.281004e+02 5.280925e+02
5.280495e+02 5.280366e+02
5.279434e+02 5.279114e+02
5.276355e+02 5.275480e+02
5.268751e+02 5.266623e+02
5.252843e+02 5.248318e+02
5.220495e+02 5.212473e+02
5.164684e+02 5.149627e+02
5.051769e+02 5.026815e+02
4.836935e+02 4.790967e+02
4.476445e+02 4.369064e+02
4.066447e+02 4.014124e+02
3.786350e+02 3.743957e+02
3.567142e+02 3.542717e+02
3.434005e+02 3.411804e+02
3.351299e+02 3.336080e+02
3.317063e+02 3.311486e+02
3.297055e+02 3.293071e+02
3.284480e+02 3.282273e+02
3.278505e+02 3.277598e+02
3.275287e+02 3.274475e+02
3.272601e+02 3.272069e+02
3.271250e+02 3.270938e+02
3.270233e+02 3.269995e+02
3.269620e+02 3.269471e+02
3.269179e+02 3.269078e+02
3.268994e+02 3.268951e+02
3.268868e+02 3.268831e+02
3.268784e+02 3.268767e+02
3.268742e+02 3.268726e+02
3.268701e+02 3.268692e+02
3.268660e+02 3.268651e+02
3.268615e+02 3.268608e+02
3.268593e+02 3.268588e+02
3.268579e+02 3.268577e+02
3.268572e+02 3.268570e+02
3.268565e+02 3.268563e+02
3.268555e+02 3.268554e+02
3.268542e+02 3.268540e+02
3.268536e+02 3.268535e+02
3.268533e+02 3.268532e+02
3.268531e+02 3.268531e+02
3.268530e+02 3.268529e+02
3.268529e+02 3.268529e+02
3.268528e+02 3.268528e+02
1.544057e+11 7.832272e+10
5.525968e+09 1.596198e+09
1.151780e+08 3.660049e+07
2.099594e+06 1.032129e+06
5.217248e+04 1.586282e+04
3.116586e+03 2.433360e+03
2.057902e+03 2.006878e+03
1.949036e+03 1.926831e+03
1.820849e+03 1.808833e+03
1.714815e+03 1.701076e+03
1.643014e+03 1.631839e+03
1.559519e+03 1.546815e+03
1.445741e+03 1.433995e+03
1.373109e+03 1.367538e+03
1.353027e+03 1.351415e+03
1.351253e+03 1.350493e+03
1.350581e+03 1.349984e+03
1.350216e+03 1.349805e+03
1.349982e+03 1.349675e+03
1.349826e+03 1.349596e+03
1.349725e+03 1.349528e+03
1.349644e+03 1.349468e+03
1.349590e+03 1.349439e+03
1.349551e+03 1.349426e+03
1.349518e+03 1.349392e+03
1.349484e+03 1.349366e+03
1.349452e+03 1.349350e+03
1.349426e+03 1.349324e+03
1.349404e+03 1.349306e+03
1.349386e+03 1.349295e+03
1.349369e+03 1.349287e+03
1.349355e+03 1.349277e+03
1.349343e+03 1.349269e+03
1.349333e+03 1.349263e+03
1.349323e+03 1.349260e+03
1.349315e+03 1.349260e+03
1.349304e+03 1.349256e+03
1.349297e+03 1.349249e+03
1.349292e+03 1.349249e+03
1.349287e+03 1.349247e+03
1.349280e+03 1.349241e+03
1.349275e+03 1.349239e+03
1.349271e+03 1.349237e+03
1.349265e+03 1.349235e+03
1.349261e+03 1.349234e+03
1.349258e+03 1.349232e+03
1.349255e+03 1.349231e+03
1.349253e+03 1.349230e+03
1.349249e+03 1.349230e+03
1.349239e+03 1.349229e+03
1.349232e+03 1.349228e+03
1.349228e+03 1.349226e+03
1.349225e+03 1.349224e+03
1.349222e+03 1.349221e+03
1.349217e+03 1.349216e+03
1.349211e+03 1.349210e+03
1.349196e+03 1.349191e+03
1.349137e+03 1.349125e+03
1.348992e+03 1.348945e+03
1.348476e+03 1.348260e+03
1.346665e+03 1.346327e+03
1.341441e+03 1.340253e+03
1.327143e+03 1.323848e+03
1.279457e+03 1.266284e+03
1.166829e+03 1.140057e+03
9.454067e+02 8.735468e+02
6.657515e+02 6.125745e+02
5.021878e+02 4.786188e+02
3.955883e+02 3.832595e+02
3.496826e+02 3.439776e+02
3.292378e+02 3.277216e+02
3.230864e+02 3.224540e+02
3.206618e+02 3.202929e+02
3.176081e+02 3.172465e+02
3.168930e+02 3.167440e+02
3.165939e+02 3.165250e+02
3.164745e+02 3.164218e+02
3.163745e+02 3.163410e+02
3.162836e+02 3.162646e+02
3.162359e+02 3.162265e+02
3.162088e+02 3.162028e+02
3.161954e+02 3.161920e+02
3.161881e+02 3.161863e+02
3.161819e+02 3.161806e+02
3.161778e+02 3.161766e+02
3.161745e+02 3.161737e+02
3.161722e+02 3.161717e+02
3.161705e+02 3.161701e+02
3.161696e+02 3.161694e+02
3.161691e+02 3.161690e+02
3.161688e+02 3.161687e+02
3.161685e+02 3.161685e+02
3.161683e+02 3.161683e+02
3.161682e+02 3.161682e+02
3.161681e+02 3.161681e+02
3.161681e+02 3.161681e+02
3.161681e+02 3.161680e+02
3.161680e+02 3.161680e+02
3.161680e+02 3.161680e+02
3.161680e+02 3.161680e+02
3.161680e+02 3.161680e+02
1.591426e+11 6.837461e+10
4.507924e+09 1.611524e+09
7.460726e+07 3.506574e+07
2.330789e+06 8.517891e+05
6.566847e+04 2.067331e+04
3.146674e+03 2.411539e+03
1.785834e+03 1.749695e+03
1.663717e+03 1.637593e+03
1.501857e+03 1.486235e+03
1.335314e+03 1.319011e+03
1.251764e+03 1.240730e+03
1.170676e+03 1.165261e+03
1.117634e+03 1.107914e+03
1.062366e+03 1.059115e+03
1.036468e+03 1.034807e+03
1.015920e+03 1.014148e+03
1.013502e+03 1.012739e+03
1.012848e+03 1.012450e+03
1.012565e+03 1.012307e+03
1.012440e+03 1.012200e+03
1.012331e+03 1.012140e+03
1.012260e+03 1.012109e+03
1.012201e+03 1.012083e+03
1.012160e+03 1.012044e+03
1.012121e+03 1.012027e+03
1.012087e+03 1.011992e+03
1.012059e+03 1.011974e+03
1.012035e+03 1.011967e+03
1.012010e+03 1.011957e+03
1.011989e+03 1.011935e+03
1.011969e+03 1.011926e+03
1.011953e+03 1.011911e+03
1.011941e+03 1.011901e+03
1.011930e+03 1.011896e+03
1.011923e+03 1.011893e+03
1.011917e+03 1.011891e+03
1.011912e+03 1.011885e+03
1.011906e+03 1.011879e+03
1.011900e+03 1.011873e+03
1.011895e+03 1.011867e+03
1.011890e+03 1.011866e+03
1.011885e+03 1.011863e+03
1.011880e+03 1.011862e+03
1.011877e+03 1.011861e+03
1.011874e+03 1.011859e+03
1.011871e+03 1.011858e+03
1.011869e+03 1.011858e+03
1.011867e+03 1.011855e+03
1.011864e+03 1.011855e+03
1.011862e+03 1.011854e+03
1.011861e+03 1.011854e+03
1.011860e+03 1.011854e+03
1.011858e+03 1.011852e+03
1.011858e+03 1.011852e+03
1.011857e+03 1.011851e+03
1.011856e+03 1.011850e+03
1.011855e+03 1.011850e+03
1.011854e+03 1.011850e+03
1.011854e+03 1.011850e+03
1.011853e+03 1.011849e+03
1.011853e+03 1.011849e+03
1.011852e+03 1.011848e+03
1.011851e+03 1.011848e+03
1.011851e+03 1.011848e+03
1.011850e+03 1.011847e+03
1.011849e+03 1.011846e+03
1.011848e+03 1.011845e+03
1.011847e+03 1.011844e+03
1.011846e+03 1.011844e+03
1.011845e+03 1.011842e+03
1.011842e+03 1.011840e+03
1.011835e+03 1.011832e+03
1.011824e+03 1.011820e+03
1.011806e+03 1.011802e+03
1.011788e+03 1.011784e+03
1.011764e+03 1.011758e+03
1.011731e+03 1.011724e+03
1.011707e+03 1.011702e+03
1.011680e+03 1.011674e+03
1.011658e+03 1.011652e+03
1.011624e+03 1.011615e+03
1.011585e+03 1.011574e+03
1.011538e+03 1.011530e+03
1.011486e+03 1.011470e+03
1.011422e+03 1.011409e+03
1.011354e+03 1.011339e+03
1.011268e+03 1.011251e+03
1.011107e+03 1.011047e+03
1.010838e+03 1.010751e+03
1.010476e+03 1.010415e+03
1.009770e+03 1.009571e+03
1.008242e+03 1.007874e+03
1.004603e+03 1.003595e+03
9.975369e+02 9.956893e+02
9.836504e+02 9.806351e+02
9.569539e+02 9.499661e+02
9.108025e+02 8.973114e+02
8.174277e+02 7.975948e+02
6.815767e+02 6.631051e+02
5.418694e+02 5.185177e+02
4.520134e+02 4.398786e+02
1.553018e+11 6.747563e+10
4.309439e+09 1.462033e+09
7.898759e+07 1.628374e+07
1.757118e+06 6.598945e+05
4.125783e+04 1.796118e+04
3.337512e+03 2.554855e+03
2.034467e+03 2.002690e+03
1.909670e+03 1.860068e+03
1.748605e+03 1.714561e+03
1.625572e+03 1.609653e+03
1.554666e+03 1.548356e+03
1.437324e+03 1.428536e+03
1.316868e+03 1.301188e+03
1.250839e+03 1.246871e+03
1.235316e+03 1.232005e+03
1.206906e+03 1.205246e+03
1.204469e+03 1.203682e+03
1.203779e+03 1.203379e+03
1.203538e+03 1.203225e+03
1.203369e+03 1.203170e+03
1.203280e+03 1.203137e+03
1.203195e+03 1.203057e+03
1.203132e+03 1.203022e+03
1.203085e+03 1.202997e+03
1.203057e+03 1.202981e+03
1.203029e+03 1.202963e+03
1.203006e+03 1.202947e+03
1.202988e+03 1.202934e+03
1.202968e+03 1.202926e+03
1.202952e+03 1.202912e+03
1.202942e+03 1.202906e+03
1.202930e+03 1.202896e+03
1.202922e+03 1.202890e+03
1.202913e+03 1.202886e+03
1.202907e+03 1.202881e+03
1.202900e+03 1.202879e+03
1.202896e+03 1.202877e+03
1.202891e+03 1.202873e+03
1.202887e+03 1.202870e+03
1.202883e+03 1.202866e+03
1.202879e+03 1.202865e+03
1.202876e+03 1.202862e+03
1.202873e+03 1.202859e+03
1.202867e+03 1.202853e+03
1.202861e+03 1.202850e+03
1.202853e+03 1.202847e+03
1.202846e+03 1.202844e+03
1.202842e+03 1.202842e+03
1.202840e+03 1.202840e+03
1.202839e+03 1.202838e+03
1.202837e+03 1.202837e+03
1.202835e+03 1.202834e+03
1.202831e+03 1.202830e+03
1.202826e+03 1.202825e+03
1.202814e+03 1.202811e+03
1.202787e+03 1.202782e+03
1.202756e+03 1.202748e+03
1.202689e+03 1.202672e+03
1.202526e+03 1.202467e+03
1.202085e+03 1.201990e+03
1.201082e+03 1.200811e+03
1.197269e+03 1.196193e+03
1.186596e+03 1.182950e+03
1.143197e+03 1.132099e+03
1.053463e+03 1.030271e+03
8.499654e+02 7.992225e+02
6.674008e+02 6.335778e+02
5.308908e+02 5.150372e+02
4.391994e+02 4.256879e+02
3.893592e+02 3.829342e+02
3.595927e+02 3.549641e+02
3.407567e+02 3.384061e+02
3.268611e+02 3.245534e+02
3.156816e+02 3.139047e+02
3.067932e+02 3.047968e+02
3.036591e+02 3.031569e+02
3.022583e+02 3.019969e+02
3.017008e+02 3.015386e+02
3.012640e+02 3.011714e+02
3.010141e+02 3.008797e+02
3.007370e+02 3.006607e+02
3.005391e+02 3.004927e+02
3.004469e+02 3.004074e+02
3.003214e+02 3.003044e+02
3.002521e+02 3.002357e+02
3.002066e+02 3.001967e+02
3.001741e+02 3.001668e+02
3.001549e+02 3.001487e+02
3.001402e+02 3.001366e+02
3.001271e+02 3.001242e+02
3.001202e+02 3.001189e+02
3.001149e+02 3.001139e+02
3.001111e+02 3.001102e+02
3.001064e+02 3.001053e+02
3.001022e+02 3.001013e+02
3.000994e+02 3.000989e+02
3.000979e+02 3.000976e+02
3.000968e+02 3.000966e+02
3.000959e+02 3.000957e+02
3.000952e+02 3.000950e+02
3.000946e+02 3.000945e+02
1.564294e+11 7.210124e+10
5.323683e+09 1.112276e+09
7.666117e+07 2.150197e+07
2.501080e+06 1.138633e+06
9.585323e+04 3.688150e+04
3.605914e+03 2.252809e+03
1.426215e+03 1.330094e+03
1.265271e+03 1.254495e+03
1.217470e+03 1.196074e+03
1.131116e+03 1.110397e+03
1.081793e+03 1.075785e+03
1.045363e+03 1.034730e+03
9.796102e+02 9.683835e+02
9.230558e+02 9.174386e+02
8.914746e+02 8.875796e+02
8.368072e+02 8.316253e+02
8.010644e+02 7.964786e+02
7.506680e+02 7.456590e+02
7.223061e+02 7.205408e+02
6.893690e+02 6.861041e+02
6.733703e+02 6.718221e+02
6.709042e+02 6.700923e+02
6.700443e+02 6.695128e+02
6.696352e+02 6.692750e+02
6.694119e+02 6.690723e+02
6.692561e+02 6.689845e+02
6.691468e+02 6.689759e+02
6.690895e+02 6.689422e+02
6.690460e+02 6.689168e+02
6.690163e+02 6.689168e+02
6.689884e+02 6.688941e+02
6.689640e+02 6.688103e+02
6.689215e+02 6.687833e+02
6.688739e+02 6.687621e+02
6.688315e+02 6.687416e+02
6.688089e+02 6.687404e+02
6.687905e+02 6.687319e+02
6.687567e+02 6.686952e+02
6.687440e+02 6.686952e+02
6.687333e+02 6.686892e+02
6.687240e+02 6.686832e+02
6.687160e+02 6.686744e+02
6.687093e+02 6.686734e+02
6.687014e+02 6.686648e+02
6.686911e+02 6.686570e+02
6.686808e+02 6.686455e+02
6.686654e+02 6.686282e+02
6.686544e+02 6.686246e+02
6.686453e+02 6.686228e+02
6.686371e+02 6.686187e+02
6.686312e+02 6.686096e+02
6.686260e+02 6.686038e+02
6.686211e+02 6.686020e+02
6.686157e+02 6.685998e+02
6.686115e+02 6.685975e+02
6.686079e+02 6.685935e+02
6.686038e+02 6.685912e+02
6.686006e+02 6.685857e+02
6.685974e+02 6.685824e+02
6.685928e+02 6.685806e+02
6.685897e+02 6.685781e+02
6.685865e+02 6.685761e+02
6.685829e+02 6.685746e+02
6.685805e+02 6.685731e+02
6.685792e+02 6.685731e+02
6.685777e+02 6.685701e+02
6.685767e+02 6.685696e+02
6.685755e+02 6.685685e+02
6.685739e+02 6.685676e+02
6.685722e+02 6.685659e+02
6.685705e+02 6.685646e+02
6.685686e+02 6.685632e+02
6.685671e+02 6.685623e+02
6.685658e+02 6.685623e+02
6.685648e+02 6.685616e+02
6.685641e+02 6.685612e+02
6.685636e+02 6.685607e+02
6.685632e+02 6.685601e+02
6.685626e+02 6.685588e+02
6.685612e+02 6.685571e+02
6.685570e+02 6.685474e+02
6.685530e+02 6.685448e+02
6.685467e+02 6.685362e+02
6.685382e+02 6.685265e+02
6.685296e+02 6.685202e+02
6.685182e+02 6.685086e+02
6.685057e+02 6.684983e+02
6.684963e+02 6.684896e+02
6.684859e+02 6.684802e+02
6.684764e+02 6.684698e+02
6.684658e+02 6.684590e+02
6.684495e+02 6.684418e+02
6.684192e+02 6.684075e+02
6.683958e+02 6.683911e+02
6.683862e+02 6.683818e+02
6.683813e+02 6.683792e+02
6.683765e+02 6.683748e+02
6.683696e+02 6.683670e+02
6.683585e+02 6.683552e+02
6.683513e+02 6.683498e+02
6.683449e+02 6.683428e+02
1.556253e+11 8.918672e+10
5.278589e+09 1.565746e+09
6.379315e+08 2.879157e+07
2.112111e+06 8.023614e+05
1.019680e+05 2.339046e+04
3.894828e+03 2.506745e+03
1.600684e+03 1.528409e+03
1.483933e+03 1.471059e+03
1.412226e+03 1.401466e+03
1.363780e+03 1.352732e+03
1.225727e+03 1.203282e+03
1.111394e+03 1.096387e+03
1.053093e+03 1.048878e+03
9.957812e+02 9.880372e+02
9.515468e+02 9.461528e+02
9.028947e+02 8.993523e+02
8.743437e+02 8.721263e+02
8.414655e+02 8.392924e+02
8.225811e+02 8.208448e+02
8.197815e+02 8.188207e+02
8.188511e+02 8.182588e+02
8.183934e+02 8.179478e+02
8.181445e+02 8.177837e+02
8.180100e+02 8.177393e+02
8.179084e+02 8.175763e+02
8.178183e+02 8.175316e+02
8.177381e+02 8.174895e+02
8.176668e+02 8.174582e+02
8.176057e+02 8.174236e+02
8.175525e+02 8.174010e+02
8.175194e+02 8.173921e+02
8.174769e+02 8.173512e+02
8.174502e+02 8.173207e+02
8.174224e+02 8.173170e+02
8.173991e+02 8.173089e+02
8.173767e+02 8.172733e+02
8.173592e+02 8.172692e+02
8.173430e+02 8.172624e+02
8.173291e+02 8.172564e+02
8.173162e+02 8.172495e+02
8.173025e+02 8.172449e+02
8.172917e+02 8.172387e+02
8.172831e+02 8.172321e+02
8.172773e+02 8.172286e+02
8.172687e+02 8.172277e+02
8.172628e+02 8.172255e+02
8.172563e+02 8.172241e+02
8.172481e+02 8.172227e+02
8.172331e+02 8.172216e+02
8.172217e+02 8.172178e+02
8.172172e+02 8.172157e+02
8.172153e+02 8.172147e+02
8.172144e+02 8.172143e+02
8.172140e+02 8.172139e+02
8.172135e+02 8.172134e+02
8.172130e+02 8.172129e+02
8.172124e+02 8.172122e+02
8.172114e+02 8.172111e+02
8.172086e+02 8.172079e+02
8.172038e+02 8.172022e+02
8.171933e+02 8.171902e+02
8.171708e+02 8.171648e+02
8.171259e+02 8.171128e+02
8.170076e+02 8.169670e+02
8.166829e+02 8.165975e+02
8.158890e+02 8.156555e+02
8.131851e+02 8.125503e+02
8.028798e+02 7.999719e+02
7.816058e+02 7.767922e+02
7.353759e+02 7.206645e+02
6.467225e+02 6.331207e+02
5.523569e+02 5.320912e+02
4.579307e+02 4.440486e+02
4.081148e+02 4.003819e+02
3.796772e+02 3.760051e+02
3.689218e+02 3.677563e+02
3.632793e+02 3.622618e+02
3.581943e+02 3.571395e+02
3.531325e+02 3.524679e+02
3.489107e+02 3.480067e+02
3.436073e+02 3.424071e+02
3.418600e+02 3.413574e+02
3.413395e+02 3.409481e+02
3.407673e+02 3.405227e+02
3.403686e+02 3.402323e+02
3.402024e+02 3.401172e+02
3.399668e+02 3.398864e+02
3.398130e+02 3.397725e+02
3.397589e+02 3.397285e+02
3.397265e+02 3.397090e+02
3.396964e+02 3.396809e+02
3.396659e+02 3.396548e+02
3.396451e+02 3.396391e+02
3.396295e+02 3.396231e+02
3.396127e+02 3.396092e+02
3.396034e+02 3.396002e+02
3.395983e+02 3.395967e+02
3.395928e+02 3.395917e+02
3.395890e+02 3.395879e+02
3.395858e+02 3.395850e+02
3.395834e+02 3.395829e+02
1.546503e+11 8.035169e+10
4.817568e+09 1.841559e+09
7.391514e+07 2.829620e+07
1.316336e+06 5.316592e+05
3.720144e+04 1.385448e+04
2.300800e+03 1.810157e+03
1.481334e+03 1.456770e+03
1.392022e+03 1.357027e+03
1.203138e+03 1.176375e+03
1.101651e+03 1.091587e+03
1.045738e+03 1.036518e+03
9.528110e+02 9.453906e+02
9.132938e+02 9.077811e+02
8.648125e+02 8.604342e+02
8.483023e+02 8.442611e+02
8.307434e+02 8.290678e+02
8.294867e+02 8.281351e+02
8.288845e+02 8.277959e+02
8.285259e+02 8.276288e+02
8.282963e+02 8.275752e+02
8.280487e+02 8.273621e+02
8.278840e+02 8.273204e+02
8.277685e+02 8.272653e+02
8.276749e+02 8.272488e+02
8.275782e+02 8.271762e+02
8.274979e+02 8.271181e+02
8.274375e+02 8.270659e+02
8.273842e+02 8.270577e+02
8.273202e+02 8.270231e+02
8.272804e+02 8.270143e+02
8.272444e+02 8.270008e+02
8.272101e+02 8.269899e+02
8.271778e+02 8.269783e+02
8.271477e+02 8.269595e+02
8.271204e+02 8.269475e+02
8.270975e+02 8.269411e+02
8.270787e+02 8.269367e+02
8.270576e+02 8.269240e+02
8.270419e+02 8.269151e+02
8.270254e+02 8.269141e+02
8.270107e+02 8.269094e+02
8.269987e+02 8.269077e+02
8.269879e+02 8.269062e+02
8.269758e+02 8.268995e+02
8.269604e+02 8.268981e+02
8.269483e+02 8.268952e+02
8.269393e+02 8.268918e+02
8.269289e+02 8.268794e+02
8.269192e+02 8.268725e+02
8.269112e+02 8.268673e+02
8.269042e+02 8.268583e+02
8.268983e+02 8.268551e+02
8.268920e+02 8.268534e+02
8.268880e+02 8.268519e+02
8.268833e+02 8.268504e+02
8.268785e+02 8.268490e+02
8.268745e+02 8.268481e+02
8.268718e+02 8.268476e+02
8.268660e+02 8.268468e+02
8.268633e+02 8.268465e+02
8.268612e+02 8.268463e+02
8.268592e+02 8.268453e+02
8.268565e+02 8.268448e+02
8.268531e+02 8.268436e+02
8.268501e+02 8.268422e+02
8.268462e+02 8.268395e+02
8.268400e+02 8.268350e+02
8.268331e+02 8.268288e+02
8.268247e+02 8.268212e+02
8.268149e+02 8.268094e+02
8.267992e+02 8.267907e+02
8.267757e+02 8.267650e+02
8.267384e+02 8.267243e+02
8.266809e+02 8.266495e+02
8.265861e+02 8.265533e+02
8.264635e+02 8.264091e+02
8.262976e+02 8.262229e+02
8.260688e+02 8.259773e+02
8.257679e+02 8.256675e+02
8.254109e+02 8.252650e+02
8.249842e+02 8.248555e+02
8.245177e+02 8.243332e+02
8.240194e+02 8.238309e+02
8.233743e+02 8.231039e+02
8.224503e+02 8.221532e+02
8.215119e+02 8.210709e+02
8.206058e+02 8.202962e+02
8.197175e+02 8.194047e+02
8.188091e+02 8.185400e+02
8.178594e+02 8.173154e+02
8.165827e+02 8.160238e+02
8.144196e+02 8.137098e+02
8.107595e+02 8.095209e+02
8.050556e+02 8.030547e+02
7.980883e+02 7.950581e+02
7.897811e+02 7.871172e+02
7.795960e+02 7.753747e+02
7.643040e+02 7.584932e+02
7.490532e+02 7.435183e+02
7.241135e+02 7.130317e+02
6.976063e+02 6.908251e+02
1.536831e+11 7.520106e+10
5.361136e+09 1.767998e+09
8.387320e+07 2.779217e+07
2.546269e+06 8.170913e+05
7.738928e+04 3.600048e+04
3.575440e+03 2.109150e+03
1.327805e+03 1.106539e+03
1.058342e+03 1.051435e+03
9.098700e+02 8.780650e+02
7.993447e+02 7.865258e+02
7.106063e+02 7.017515e+02
6.104518e+02 6.003089e+02
5.122142e+02 5.049234e+02
4.600552e+02 4.551311e+02
4.417250e+02 4.397566e+02
4.178182e+02 4.150701e+02
4.138526e+02 4.124783e+02
4.126098e+02 4.119903e+02
4.121866e+02 4.116967e+02
4.120071e+02 4.116876e+02
4.118835e+02 4.116209e+02
4.117918e+02 4.115458e+02
4.117096e+02 4.114751e+02
4.116479e+02 4.114370e+02
4.115940e+02 4.114233e+02
4.115505e+02 4.113907e+02
4.115169e+02 4.113727e+02
4.114855e+02 4.113629e+02
4.114587e+02 4.113272e+02
4.114350e+02 4.113051e+02
4.114207e+02 4.113027e+02
4.114031e+02 4.112964e+02
4.113868e+02 4.112824e+02
4.113724e+02 4.112801e+02
4.113569e+02 4.112661e+02
4.113436e+02 4.112595e+02
4.113327e+02 4.112591e+02
4.113205e+02 4.112567e+02
4.113056e+02 4.112518e+02
4.112800e+02 4.112500e+02
4.112543e+02 4.112470e+02
4.112469e+02 4.112442e+02
4.112430e+02 4.112427e+02
4.112418e+02 4.112416e+02
4.112409e+02 4.112407e+02
4.112399e+02 4.112396e+02
4.112387e+02 4.112384e+02
4.112372e+02 4.112367e+02
4.112347e+02 4.112341e+02
4.112312e+02 4.112298e+02
4.112265e+02 4.112253e+02
4.112209e+02 4.112193e+02
4.112124e+02 4.112101e+02
4.111950e+02 4.111908e+02
4.111667e+02 4.111583e+02
4.111070e+02 4.110914e+02
4.109823e+02 4.109451e+02
4.106171e+02 4.105147e+02
4.097832e+02 4.095460e+02
4.078019e+02 4.073468e+02
4.034113e+02 4.024547e+02
3.970548e+02 3.944204e+02
3.769340e+02 3.720480e+02
3.616250e+02 3.582853e+02
3.422338e+02 3.389401e+02
3.252972e+02 3.230706e+02
3.134629e+02 3.113912e+02
3.037811e+02 3.024536e+02
3.000002e+02 2.993905e+02
2.972434e+02 2.967562e+02
2.949993e+02 2.946259e+02
2.937762e+02 2.936142e+02
2.931524e+02 2.930312e+02
2.927741e+02 2.927001e+02
2.925404e+02 2.925029e+02
2.924255e+02 2.924061e+02
2.923373e+02 2.923167e+02
2.922922e+02 2.922791e+02
2.922440e+02 2.922341e+02
2.922091e+02 2.922039e+02
2.921884e+02 2.921837e+02
2.921709e+02 2.921667e+02
2.921604e+02 2.921580e+02
2.921519e+02 2.921503e+02
2.921460e+02 2.921446e+02
2.921369e+02 2.921352e+02
2.921315e+02 2.921307e+02
2.921286e+02 2.921280e+02
2.921266e+02 2.921260e+02
2.921245e+02 2.921242e+02
2.921225e+02 2.921222e+02
2.921211e+02 2.921208e+02
2.921200e+02 2.921199e+02
2.921194e+02 2.921193e+02
2.921188e+02 2.921187e+02
2.921184e+02 2.921184e+02
2.921183e+02 2.921182e+02
2.921181e+02 2.921180e+02
2.921179e+02 2.921179e+02
2.921178e+02 2.921178e+02
2.921178e+02 2.921177e+02
1.508149e+11 7.780324e+10
4.261275e+09 1.754674e+09
7.469547e+07 2.471780e+07
1.665673e+06 8.085868e+05
4.774227e+04 1.955561e+04
3.827395e+03 3.003840e+03
2.499405e+03 2.458652e+03
2.405740e+03 2.377801e+03
2.196222e+03 2.165046e+03
2.056511e+03 2.040225e+03
1.964488e+03 1.947077e+03
1.864617e+03 1.855386e+03
1.799249e+03 1.795050e+03
1.764770e+03 1.759104e+03
1.736611e+03 1.733742e+03
1.723409e+03 1.722080e+03
1.718112e+03 1.717332e+03
1.717572e+03 1.717123e+03
1.717308e+03 1.716909e+03
1.717128e+03 1.716758e+03
1.716990e+03 1.716694e+03
1.716899e+03 1.716636e+03
1.716818e+03 1.716580e+03
1.716752e+03 1.716540e+03
1.716705e+03 1.716524e+03
1.716664e+03 1.716518e+03
1.716629e+03 1.716484e+03
1.716596e+03 1.716474e+03
1.716568e+03 1.716442e+03
1.716545e+03 1.716415e+03
1.716524e+03 1.716399e+03
1.716506e+03 1.716392e+03
1.716489e+03 1.716386e+03
1.716474e+03 1.716381e+03
1.716458e+03 1.716374e+03
1.716443e+03 1.716365e+03
1.716430e+03 1.716362e+03
1.716421e+03 1.716357e+03
1.716413e+03 1.716355e+03
1.716397e+03 1.716352e+03
1.716368e+03 1.716347e+03
1.716348e+03 1.716339e+03
1.716339e+03 1.716336e+03
1.716335e+03 1.716334e+03
1.716331e+03 1.716330e+03
1.716325e+03 1.716323e+03
1.716313e+03 1.716310e+03
1.716293e+03 1.716290e+03
1.716263e+03 1.716255e+03
1.716167e+03 1.716145e+03
1.715982e+03 1.715923e+03
1.715475e+03 1.715309e+03
1.713797e+03 1.713324e+03
1.707416e+03 1.705916e+03
1.691720e+03 1.687610e+03
1.641173e+03 1.626087e+03
1.479372e+03 1.433958e+03
1.161385e+03 1.095596e+03
7.879104e+02 6.979186e+02
6.017211e+02 5.795181e+02
4.889688e+02 4.663744e+02
4.058986e+02 3.956583e+02
3.647848e+02 3.609497e+02
3.475689e+02 3.446633e+02
3.370480e+02 3.360180e+02
3.314372e+02 3.304121e+02
3.276513e+02 3.270994e+02
3.245802e+02 3.238272e+02
3.218924e+02 3.214479e+02
3.177697e+02 3.168875e+02
3.160865e+02 3.158193e+02
3.156247e+02 3.153108e+02
3.150427e+02 3.149093e+02
3.147142e+02 3.145631e+02
3.144741e+02 3.144087e+02
3.143531e+02 3.143104e+02
3.142550e+02 3.142108e+02
3.141353e+02 3.141069e+02
3.140472e+02 3.140236e+02
3.139814e+02 3.139601e+02
3.139251e+02 3.139049e+02
3.138497e+02 3.138329e+02
3.138023e+02 3.137896e+02
3.137702e+02 3.137633e+02
3.137507e+02 3.137452e+02
3.137311e+02 3.137274e+02
3.137190e+02 3.137155e+02
3.137004e+02 3.136965e+02
3.136903e+02 3.136892e+02
3.136854e+02 3.136842e+02
3.136796e+02 3.136785e+02
3.136756e+02 3.136749e+02
3.136737e+02 3.136733e+02
3.136726e+02 3.136723e+02
3.136717e+02 3.136715e+02
3.136709e+02 3.136707e+02
3.136702e+02 3.136700e+02
3.136693e+02 3.136691e+02
3.136687e+02 3.136685e+02
3.136684e+02 3.136684e+02
3.136683e+02 3.136682e+02
1.567147e+11 9.441008e+10
4.622410e+09 1.511169e+09
1.680032e+08 2.900578e+07
1.945815e+06 8.021674e+05
6.251012e+04 1.999184e+04
3.142753e+03 1.916831e+03
1.265188e+03 1.196773e+03
1.158444e+03 1.148273e+03
1.048883e+03 1.025945e+03
9.155578e+02 9.004375e+02
8.270620e+02 8.156562e+02
7.604808e+02 7.525199e+02
6.851375e+02 6.783759e+02
6.450303e+02 6.402387e+02
5.948244e+02 5.916398e+02
5.704601e+02 5.643241e+02
4.800250e+02 4.732800e+02
4.566613e+02 4.549061e+02
4.349812e+02 4.321211e+02
4.133553e+02 4.117579e+02
4.111608e+02 4.102957e+02
4.104057e+02 4.098849e+02
4.100605e+02 4.096582e+02
4.098662e+02 4.096085e+02
4.097659e+02 4.095631e+02
4.096820e+02 4.095173e+02
4.096302e+02 4.094666e+02
4.095896e+02 4.094525e+02
4.095488e+02 4.094280e+02
4.095141e+02 4.093967e+02
4.094850e+02 4.093655e+02
4.094543e+02 4.093486e+02
4.094338e+02 4.093418e+02
4.094092e+02 4.093254e+02
4.093899e+02 4.093129e+02
4.093773e+02 4.093102e+02
4.093649e+02 4.093043e+02
4.093512e+02 4.092991e+02
4.093422e+02 4.092962e+02
4.093322e+02 4.092905e+02
4.093244e+02 4.092849e+02
4.093177e+02 4.092815e+02
4.093108e+02 4.092787e+02
4.093057e+02 4.092768e+02
4.092994e+02 4.092737e+02
4.092945e+02 4.092732e+02
4.092872e+02 4.092714e+02
4.092790e+02 4.092696e+02
4.092743e+02 4.092689e+02
4.092702e+02 4.092678e+02
4.092683e+02 4.092673e+02
4.092671e+02 4.092666e+02
4.092664e+02 4.092660e+02
4.092659e+02 4.092658e+02
4.092657e+02 4.092655e+02
4.092655e+02 4.092654e+02
4.092653e+02 4.092651e+02
4.092650e+02 4.092650e+02
4.092648e+02 4.092648e+02
4.092647e+02 4.092646e+02
4.092645e+02 4.092644e+02
4.092642e+02 4.092641e+02
4.092638e+02 4.092637e+02
4.092632e+02 4.092630e+02
4.092624e+02 4.092622e+02
4.092612e+02 4.092609e+02
4.092590e+02 4.092585e+02
4.092552e+02 4.092544e+02
4.092496e+02 4.092486e+02
4.092393e+02 4.092371e+02
4.092216e+02 4.092182e+02
4.091851e+02 4.091679e+02
4.091072e+02 4.090877e+02
4.089478e+02 4.088941e+02
4.086670e+02 4.086033e+02
4.081303e+02 4.079941e+02
4.071924e+02 4.069520e+02
4.048422e+02 4.043150e+02
3.997509e+02 3.985903e+02
3.939766e+02 3.922579e+02
3.847232e+02 3.829711e+02
3.771974e+02 3.756691e+02
3.704709e+02 3.686699e+02
3.634581e+02 3.623487e+02
3.584247e+02 3.578465e+02
3.561371e+02 3.557531e+02
3.547168e+02 3.545179e+02
3.538714e+02 3.536914e+02
3.533054e+02 3.531791e+02
3.529843e+02 3.529306e+02
3.527930e+02 3.527590e+02
3.526661e+02 3.526493e+02
3.526208e+02 3.526079e+02
3.525854e+02 3.525780e+02
3.525675e+02 3.525611e+02
3.525567e+02 3.525543e+02
3.525495e+02 3.525473e+02
3.525441e+02 3.525430e+02
3.525390e+02 3.525376e+02
3.525345e+02 3.525335e+02
3.525312e+02 3.525305e+02
1.550101e+11 7.321219e+10
4.858931e+09 1.125076e+09
1.669648e+08 3.314556e+07
3.259592e+06 1.132121e+06
4.871538e+05 2.900034e+04
4.135515e+03 2.181533e+03
1.187409e+03 1.100817e+03
1.014596e+03 9.747349e+02
8.335820e+02 8.056042e+02
7.280802e+02 7.150502e+02
6.286770e+02 6.183726e+02
5.681968e+02 5.621086e+02
5.006711e+02 4.908873e+02
3.997630e+02 3.813542e+02
3.239322e+02 3.163012e+02
3.015231e+02 2.997757e+02
2.877889e+02 2.864893e+02
2.862227e+02 2.855102e+02
2.857295e+02 2.853352e+02
2.855313e+02 2.852269e+02
2.853750e+02 2.851240e+02
2.852371e+02 2.850101e+02
2.851015e+02 2.849308e+02
2.850027e+02 2.848721e+02
2.849403e+02 2.848439e+02
2.848939e+02 2.848017e+02
2.848628e+02 2.847892e+02
2.848384e+02 2.847765e+02
2.848186e+02 2.847662e+02
2.848021e+02 2.847569e+02
2.847893e+02 2.847428e+02
2.847799e+02 2.847394e+02
2.847702e+02 2.847324e+02
2.847598e+02 2.847251e+02
2.847528e+02 2.847169e+02
2.847459e+02 2.847092e+02
2.847400e+02 2.847084e+02
2.847348e+02 2.847057e+02
2.847298e+02 2.847036e+02
2.847248e+02 2.846994e+02
2.847212e+02 2.846956e+02
2.847173e+02 2.846934e+02
2.847128e+02 2.846904e+02
2.847097e+02 2.846898e+02
2.847059e+02 2.846878e+02
2.847031e+02 2.846872e+02
2.847005e+02 2.846868e+02
2.846979e+02 2.846863e+02
2.846951e+02 2.846850e+02
2.846916e+02 2.846841e+02
2.846878e+02 2.846839e+02
2.846840e+02 2.846830e+02
2.846826e+02 2.846823e+02
2.846821e+02 2.846821e+02
2.846820e+02 2.846820e+02
2.846819e+02 2.846819e+02
2.846819e+02 2.846818e+02
2.846818e+02 2.846818e+02
2.846818e+02 2.846818e+02
2.846818e+02 2.846818e+02
2.846818e+02 2.846818e+02
2.846818e+02 2.846818e+02
2.846818e+02 2.846818e+02
2.846817e+02 2.846817e+02
2.846817e+02 2.846817e+02
2.846817e+02 2.846817e+02
2.846816e+02 2.846816e+02
2.846814e+02 2.846814e+02
2.846810e+02 2.846809e+02
2.846802e+02 2.846800e+02
2.846783e+02 2.846778e+02
2.846740e+02 2.846727e+02
2.846678e+02 2.846667e+02
2.846570e+02 2.846544e+02
2.846405e+02 2.846360e+02
2.845975e+02 2.845896e+02
2.845345e+02 2.845209e+02
2.844034e+02 2.843635e+02
2.842279e+02 2.841819e+02
2.839887e+02 2.839237e+02
2.837501e+02 2.837091e+02
2.832683e+02 2.831731e+02
2.829638e+02 2.829158e+02
2.827469e+02 2.827051e+02
2.825657e+02 2.825343e+02
2.824575e+02 2.824372e+02
2.823905e+02 2.823765e+02
2.823440e+02 2.823349e+02
2.823130e+02 2.823084e+02
2.822965e+02 2.822930e+02
2.822861e+02 2.822843e+02
2.822781e+02 2.822758e+02
2.822731e+02 2.822724e+02
2.822705e+02 2.822702e+02
2.822692e+02 2.822690e+02
2.822682e+02 2.822680e+02
2.822677e+02 2.822677e+02
2.822674e+02 2.822674e+02
2.822673e+02 2.822673e+02
2.822672e+02 2.822672e+02
2.822672e+02 2.822671e+02
1.550343e+11 8.545554e+10
5.619242e+09 1.029196e+09
9.224741e+07 2.915123e+07
2.126917e+06 8.509201e+05
6.936274e+04 3.641396e+04
5.120662e+03 3.104852e+03
1.290371e+03 1.156995e+03
1.035390e+03 1.014287e+03
9.884287e+02 9.701630e+02
8.676519e+02 8.422534e+02
8.067461e+02 7.945309e+02
7.665592e+02 7.495930e+02
6.866261e+02 6.730212e+02
6.040952e+02 5.952061e+02
5.639158e+02 5.604756e+02
5.442739e+02 5.416559e+02
4.966099e+02 4.903739e+02
4.632618e+02 4.603417e+02
4.319420e+02 4.255726e+02
3.943502e+02 3.899104e+02
3.510247e+02 3.470441e+02
3.288548e+02 3.265314e+02
3.264337e+02 3.255278e+02
3.256584e+02 3.250001e+02
3.252856e+02 3.248334e+02
3.250231e+02 3.246783e+02
3.248764e+02 3.246307e+02
3.247669e+02 3.245917e+02
3.247064e+02 3.245736e+02
3.246592e+02 3.245396e+02
3.246226e+02 3.245118e+02
3.245906e+02 3.244910e+02
3.245603e+02 3.244669e+02
3.245390e+02 3.244416e+02
3.245154e+02 3.244120e+02
3.244958e+02 3.244041e+02
3.244774e+02 3.243822e+02
3.244601e+02 3.243770e+02
3.244463e+02 3.243680e+02
3.244367e+02 3.243640e+02
3.244260e+02 3.243615e+02
3.244159e+02 3.243578e+02
3.244097e+02 3.243554e+02
3.244025e+02 3.243527e+02
3.243957e+02 3.243505e+02
3.243898e+02 3.243481e+02
3.243842e+02 3.243469e+02
3.243770e+02 3.243458e+02
3.243641e+02 3.243434e+02
3.243528e+02 3.243400e+02
3.243428e+02 3.243377e+02
3.243379e+02 3.243363e+02
3.243365e+02 3.243358e+02
3.243356e+02 3.243355e+02
3.243354e+02 3.243353e+02
3.243352e+02 3.243352e+02
3.243351e+02 3.243351e+02
3.243350e+02 3.243350e+02
3.243350e+02 3.243350e+02
3.243349e+02 3.243349e+02
3.243347e+02 3.243347e+02
3.243344e+02 3.243343e+02
3.243337e+02 3.243335e+02
3.243326e+02 3.243323e+02
3.243300e+02 3.243293e+02
3.243267e+02 3.243254e+02
3.243174e+02 3.243146e+02
3.242941e+02 3.242883e+02
3.242588e+02 3.242494e+02
3.241933e+02 3.241778e+02
3.239987e+02 3.239400e+02
3.232361e+02 3.230257e+02
3.212610e+02 3.205437e+02
3.166386e+02 3.156387e+02
3.087900e+02 3.069620e+02
3.036891e+02 3.026035e+02
2.997581e+02 2.991588e+02
2.966122e+02 2.962332e+02
2.954115e+02 2.952608e+02
2.948028e+02 2.947076e+02
2.944942e+02 2.944349e+02
2.942809e+02 2.942541e+02
2.940966e+02 2.940611e+02
2.940051e+02 2.939888e+02
2.939634e+02 2.939551e+02
2.939428e+02 2.939381e+02
2.939268e+02 2.939235e+02
2.939116e+02 2.939093e+02
2.939049e+02 2.939037e+02
2.939004e+02 2.938989e+02
2.938966e+02 2.938960e+02
2.938944e+02 2.938938e+02
2.938926e+02 2.938923e+02
2.938911e+02 2.938908e+02
2.938899e+02 2.938897e+02
2.938892e+02 2.938891e+02
2.938888e+02 2.938888e+02
2.938885e+02 2.938885e+02
2.938883e+02 2.938883e+02
2.938882e+02 2.938882e+02
2.938881e+02 2.938881e+02
1.562490e+11 6.759242e+10
4.772956e+09 1.773109e+09
7.124302e+07 2.593587e+07
1.602211e+06 6.406658e+05
3.629944e+04 1.487530e+04
3.922076e+03 3.352664e+03
3.036275e+03 3.015531e+03
2.886736e+03 2.873342e+03
2.727679e+03 2.698924e+03
2.604686e+03 2.593454e+03
2.503065e+03 2.486498e+03
2.378920e+03 2.365550e+03
2.315134e+03 2.305637e+03
2.253101e+03 2.250062e+03
2.235489e+03 2.233909e+03
2.234152e+03 2.233250e+03
2.233607e+03 2.232973e+03
2.233334e+03 2.232760e+03
2.233101e+03 2.232616e+03
2.232933e+03 2.232519e+03
2.232828e+03 2.232456e+03
2.232742e+03 2.232383e+03
2.232663e+03 2.232362e+03
2.232606e+03 2.232323e+03
2.232552e+03 2.232289e+03
2.232504e+03 2.232260e+03
2.232459e+03 2.232244e+03
2.232430e+03 2.232239e+03
2.232397e+03 2.232230e+03
2.232368e+03 2.232222e+03
2.232343e+03 2.232192e+03
2.232322e+03 2.232187e+03
2.232304e+03 2.232178e+03
2.232288e+03 2.232174e+03
2.232275e+03 2.232170e+03
2.232264e+03 2.232163e+03
2.232250e+03 2.232157e+03
2.232238e+03 2.232155e+03
2.232228e+03 2.232153e+03
2.232216e+03 2.232149e+03
2.232201e+03 2.232145e+03
2.232191e+03 2.232143e+03
2.232182e+03 2.232140e+03
2.232175e+03 2.232139e+03
2.232167e+03 2.232137e+03
2.232161e+03 2.232135e+03
2.232156e+03 2.232134e+03
2.232152e+03 2.232133e+03
2.232145e+03 2.232130e+03
2.232140e+03 2.232117e+03
2.232136e+03 2.232108e+03
2.232132e+03 2.232106e+03
2.232127e+03 2.232104e+03
2.232123e+03 2.232102e+03
2.232118e+03 2.232102e+03
2.232113e+03 2.232099e+03
2.232106e+03 2.232095e+03
2.232100e+03 2.232089e+03
2.232090e+03 2.232079e+03
2.232077e+03 2.232069e+03
2.232062e+03 2.232055e+03
2.232040e+03 2.232026e+03
2.231998e+03 2.231973e+03
2.231935e+03 2.231913e+03
2.231862e+03 2.231833e+03
2.231748e+03 2.231688e+03
2.231565e+03 2.231499e+03
2.231303e+03 2.231217e+03
2.230945e+03 2.230805e+03
2.230487e+03 2.230316e+03
2.229998e+03 2.229839e+03
2.229162e+03 2.228770e+03
2.227854e+03 2.227375e+03
2.226356e+03 2.225791e+03
2.224042e+03 2.223107e+03
2.221603e+03 2.220414e+03
2.218296e+03 2.217277e+03
2.213172e+03 2.210934e+03
2.205777e+03 2.202738e+03
2.193761e+03 2.189312e+03
2.175186e+03 2.166158e+03
2.149158e+03 2.138290e+03
2.113655e+03 2.099703e+03
2.075425e+03 2.064211e+03
2.038805e+03 2.022438e+03
2.001101e+03 1.987322e+03
1.947657e+03 1.929242e+03
1.868360e+03 1.837171e+03
1.754246e+03 1.711186e+03
1.617674e+03 1.547013e+03
1.411371e+03 1.318575e+03
1.195411e+03 1.130841e+03
1.033981e+03 9.884387e+02
9.252453e+02 8.956835e+02
8.161136e+02 7.902839e+02
7.517884e+02 7.386868e+02
7.039390e+02 6.900744e+02
6.678743e+02 6.574227e+02
6.427947e+02 6.364140e+02
6.225192e+02 6.168484e+02
6.049134e+02 5.999844e+02
1.541046e+11 5.963544e+10
4.513380e+09 1.213368e+09
7.276671e+07 3.269473e+07
1.524650e+06 4.777597e+05
3.465729e+04 1.741649e+04
2.482743e+03 1.777043e+03
1.477455e+03 1.437784e+03
1.406669e+03 1.395389e+03
1.292560e+03 1.262430e+03
1.111512e+03 1.077618e+03
9.816540e+02 9.671862e+02
9.282886e+02 9.222945e+02
8.641475e+02 8.567284e+02
8.329351e+02 8.306514e+02
8.178568e+02 8.125529e+02
7.983891e+02 7.973774e+02
7.960375e+02 7.955770e+02
7.708863e+02 7.687528e+02
7.694917e+02 7.684395e+02
7.690306e+02 7.683317e+02
7.687777e+02 7.682516e+02
7.686284e+02 7.681991e+02
7.685218e+02 7.681739e+02
7.684183e+02 7.680472e+02
7.683272e+02 7.679892e+02
7.682269e+02 7.679349e+02
7.681486e+02 7.678717e+02
7.680886e+02 7.678396e+02
7.680424e+02 7.678337e+02
7.680031e+02 7.678101e+02
7.679681e+02 7.678016e+02
7.679308e+02 7.677861e+02
7.678979e+02 7.677732e+02
7.678693e+02 7.677662e+02
7.678436e+02 7.677577e+02
7.678203e+02 7.677515e+02
7.678064e+02 7.677460e+02
7.677937e+02 7.677433e+02
7.677849e+02 7.677418e+02
7.677753e+02 7.677399e+02
7.677646e+02 7.677376e+02
7.677567e+02 7.677365e+02
7.677505e+02 7.677357e+02
7.677449e+02 7.677349e+02
7.677412e+02 7.677344e+02
7.677384e+02 7.677339e+02
7.677364e+02 7.677334e+02
7.677339e+02 7.677330e+02
7.677326e+02 7.677259e+02
7.677315e+02 7.677225e+02
7.677299e+02 7.677210e+02
7.677283e+02 7.677196e+02
7.677264e+02 7.677184e+02
7.677245e+02 7.677178e+02
7.677223e+02 7.677172e+02
7.677208e+02 7.677168e+02
7.677192e+02 7.677162e+02
7.677178e+02 7.677155e+02
7.677161e+02 7.677146e+02
7.677138e+02 7.677125e+02
7.677099e+02 7.677086e+02
7.677054e+02 7.677038e+02
7.676997e+02 7.676973e+02
7.676916e+02 7.676880e+02
7.676809e+02 7.676761e+02
7.676671e+02 7.676616e+02
7.676490e+02 7.676422e+02
7.676313e+02 7.676267e+02
7.676122e+02 7.676054e+02
7.675870e+02 7.675791e+02
7.675550e+02 7.675435e+02
7.675067e+02 7.674807e+02
7.674393e+02 7.674084e+02
7.673502e+02 7.673047e+02
7.672337e+02 7.671911e+02
7.670950e+02 7.670498e+02
7.669338e+02 7.668795e+02
7.667167e+02 7.666400e+02
7.664895e+02 7.664201e+02
7.662245e+02 7.661232e+02
7.658482e+02 7.657274e+02
7.654321e+02 7.653292e+02
7.651000e+02 7.649711e+02
7.645959e+02 7.643739e+02
7.640476e+02 7.637228e+02
7.630610e+02 7.626713e+02
7.619930e+02 7.615949e+02
7.606780e+02 7.602328e+02
7.592676e+02 7.584859e+02
7.575867e+02 7.571095e+02
7.554071e+02 7.543597e+02
7.519325e+02 7.503439e+02
7.483056e+02 7.465265e+02
7.437421e+02 7.419532e+02
7.370642e+02 7.350137e+02
7.290245e+02 7.255615e+02
7.151890e+02 7.091193e+02
7.017217e+02 6.981411e+02
6.882677e+02 6.846567e+02
6.752925e+02 6.704322e+02
6.594276e+02 6.540767e+02
1.575348e+11 8.084532e+10
5.238632e+09 2.003815e+09
1.008913e+08 3.738770e+07
1.146433e+07 9.508733e+05
9.327452e+04 2.690117e+04
6.087775e+03 3.675495e+03
2.377054e+03 2.255784e+03
2.167056e+03 2.154114e+03
2.108705e+03 2.082346e+03
1.981323e+03 1.966361e+03
1.875934e+03 1.855769e+03
1.804308e+03 1.794394e+03
1.759248e+03 1.751184e+03
1.714666e+03 1.705766e+03
1.664609e+03 1.657862e+03
1.622404e+03 1.613782e+03
1.580579e+03 1.575821e+03
1.545863e+03 1.538028e+03
1.502291e+03 1.495168e+03
1.459374e+03 1.449600e+03
1.409782e+03 1.399508e+03
1.347573e+03 1.335573e+03
1.267450e+03 1.249968e+03
1.129746e+03 1.097415e+03
9.794821e+02 9.566360e+02
8.209992e+02 8.007398e+02
7.100561e+02 6.913658e+02
6.128408e+02 6.001504e+02
5.411232e+02 5.315589e+02
4.969627e+02 4.923050e+02
4.648816e+02 4.602728e+02
4.471143e+02 4.443245e+02
4.340028e+02 4.321524e+02
4.245664e+02 4.228745e+02
4.165974e+02 4.158452e+02
4.118671e+02 4.111859e+02
4.081401e+02 4.075668e+02
4.018659e+02 3.998808e+02
3.989594e+02 3.979934e+02
3.980020e+02 3.974851e+02
3.976257e+02 3.972694e+02
3.972870e+02 3.969678e+02
3.969442e+02 3.966555e+02
3.966348e+02 3.964308e+02
3.963763e+02 3.962276e+02
3.961432e+02 3.959841e+02
3.958983e+02 3.958123e+02
3.958207e+02 3.957312e+02
3.957230e+02 3.956687e+02
3.956742e+02 3.956336e+02
3.956060e+02 3.955723e+02
3.955604e+02 3.955305e+02
3.955277e+02 3.955054e+02
3.955077e+02 3.954930e+02
3.954929e+02 3.954825e+02
3.954825e+02 3.954747e+02
3.954677e+02 3.954591e+02
3.954457e+02 3.954402e+02
3.954347e+02 3.954307e+02
3.954249e+02 3.954220e+02
3.954192e+02 3.954170e+02
3.954128e+02 3.954109e+02
3.954057e+02 3.954036e+02
3.953975e+02 3.953958e+02
3.953908e+02 3.953890e+02
3.953844e+02 3.953828e+02
3.953810e+02 3.953804e+02
3.953794e+02 3.953790e+02
3.953782e+02 3.953779e+02
3.953774e+02 3.953772e+02
3.953768e+02 3.953766e+02
3.953762e+02 3.953760e+02
3.953756e+02 3.953754e+02
3.953749e+02 3.953748e+02
3.953744e+02 3.953744e+02
3.953742e+02 3.953741e+02
3.953739e+02 3.953739e+02
3.953737e+02 3.953736e+02
3.953735e+02 3.953734e+02
3.953734e+02 3.953734e+02
3.953733e+02 3.953733e+02
3.953732e+02 3.953732e+02
3.953732e+02 3.953732e+02
3.953732e+02 3.953731e+02
3.953731e+02 3.953731e+02
3.953731e+02 3.953731e+02
3.953731e+02 3.953731e+02
3.953731e+02 3.953731e+02
3.953731e+02 3.953731e+02
3.953731e+02 3.953731e+02
3.953731e+02 3.953731e+02
3.953731e+02 3.953731e+02
3.953731e+02 3.953731e+02
3.953731e+02 3.953731e+02
3.953731e+02 3.953731e+02
3.953731e+02 3.953731e+02
3.953731e+02 3.953731e+02
3.953731e+02 3.953731e+02
3.953731e+02 3.953731e+02
3.953731e+02 3.953731e+02
3.953731e+02 3.953731e+02
1.578325e+11 7.438165e+10
5.390746e+09 1.504846e+09
1.679981e+08 2.863290e+07
2.472170e+06 9.379798e+05
8.001998e+04 2.785474e+04
4.692802e+03 3.303350e+03
2.568393e+03 2.519889e+03
2.482528e+03 2.471166e+03
2.388293e+03 2.355205e+03
2.211304e+03 2.192894e+03
2.076782e+03 2.063019e+03
1.929055e+03 1.910114e+03
1.814222e+03 1.803428e+03
1.727450e+03 1.719496e+03
1.695110e+03 1.691134e+03
1.690004e+03 1.688723e+03
1.688875e+03 1.688003e+03
1.688355e+03 1.687706e+03
1.688061e+03 1.687617e+03
1.687809e+03 1.687489e+03
1.687617e+03 1.687423e+03
1.687523e+03 1.687340e+03
1.687464e+03 1.687270e+03
1.687418e+03 1.687266e+03
1.687375e+03 1.687212e+03
1.687329e+03 1.687212e+03
1.687298e+03 1.687199e+03
1.687273e+03 1.687179e+03
1.687253e+03 1.687171e+03
1.687231e+03 1.687158e+03
1.687214e+03 1.687152e+03
1.687198e+03 1.687138e+03
1.687184e+03 1.687122e+03
1.687174e+03 1.687120e+03
1.687167e+03 1.687111e+03
1.687160e+03 1.687111e+03
1.687155e+03 1.687104e+03
1.687147e+03 1.687104e+03
1.687141e+03 1.687096e+03
1.687130e+03 1.687088e+03
1.687122e+03 1.687073e+03
1.687107e+03 1.687051e+03
1.687093e+03 1.687047e+03
1.687078e+03 1.687047e+03
1.687066e+03 1.687022e+03
1.687055e+03 1.687022e+03
1.687047e+03 1.687013e+03
1.687037e+03 1.686998e+03
1.687026e+03 1.686976e+03
1.687020e+03 1.686975e+03
1.687008e+03 1.686974e+03
1.687000e+03 1.686970e+03
1.686992e+03 1.686963e+03
1.686986e+03 1.686960e+03
1.686977e+03 1.686952e+03
1.686973e+03 1.686952e+03
1.686967e+03 1.686950e+03
1.686964e+03 1.686947e+03
1.686959e+03 1.686942e+03
1.686956e+03 1.686940e+03
1.686954e+03 1.686936e+03
1.686952e+03 1.686936e+03
1.686949e+03 1.686932e+03
1.686945e+03 1.686931e+03
1.686941e+03 1.686928e+03
1.686936e+03 1.686924e+03
1.686933e+03 1.686924e+03
1.686929e+03 1.686919e+03
1.686925e+03 1.686916e+03
1.686921e+03 1.686910e+03
1.686917e+03 1.686905e+03
1.686913e+03 1.686904e+03
1.686909e+03 1.686895e+03
1.686905e+03 1.686894e+03
1.686902e+03 1.686893e+03
1.686898e+03 1.686884e+03
1.686893e+03 1.686882e+03
1.686887e+03 1.686877e+03
1.686882e+03 1.686873e+03
1.686878e+03 1.686870e+03
1.686876e+03 1.686869e+03
1.686872e+03 1.686861e+03
1.686867e+03 1.686858e+03
1.686863e+03 1.686854e+03
1.686858e+03 1.686852e+03
1.686856e+03 1.686851e+03
1.686853e+03 1.686849e+03
1.686851e+03 1.686848e+03
1.686850e+03 1.686847e+03
1.686849e+03 1.686846e+03
1.686847e+03 1.686844e+03
1.686845e+03 1.686842e+03
1.686843e+03 1.686839e+03
1.686841e+03 1.686839e+03
1.686840e+03 1.686838e+03
1.686839e+03 1.686837e+03
1.686838e+03 1.686835e+03
1.686834e+03 1.686831e+03
1.686832e+03 1.686829e+03
1.686829e+03 1.686826e+03
1.686826e+03 1.686823e+03
1.561664e+11 7.645326e+10
4.690266e+09 1.347039e+09
7.758672e+07 2.409598e+07
2.169153e+06 1.013059e+06
7.706943e+04 4.111541e+04
8.015089e+03 6.147269e+03
4.960418e+03 4.861162e+03
4.793290e+03 4.785950e+03
4.773927e+03 4.769105e+03
4.725484e+03 4.706628e+03
4.641459e+03 4.632092e+03
4.592946e+03 4.585615e+03
4.527097e+03 4.517213e+03
4.473348e+03 4.464034e+03
4.418310e+03 4.408561e+03
4.365818e+03 4.358156e+03
4.306524e+03 4.297134e+03
4.233424e+03 4.214444e+03
4.124537e+03 4.107528e+03
4.047220e+03 4.035045e+03
3.960642e+03 3.945395e+03
3.848491e+03 3.821644e+03
3.671459e+03 3.639107e+03
3.234504e+03 3.107104e+03
2.588233e+03 2.404108e+03
1.943716e+03 1.799994e+03
1.354287e+03 1.279574e+03
9.650746e+02 9.012637e+02
6.915805e+02 6.331077e+02
5.457122e+02 5.307054e+02
4.692443e+02 4.573334e+02
4.152609e+02 4.073030e+02
3.749432e+02 3.683373e+02
3.381650e+02 3.325122e+02
3.169454e+02 3.143791e+02
3.053125e+02 3.040408e+02
2.957413e+02 2.932110e+02
2.924386e+02 2.916157e+02
2.907320e+02 2.898894e+02
2.895767e+02 2.890963e+02
2.887619e+02 2.883633e+02
2.879761e+02 2.877968e+02
2.876573e+02 2.874836e+02
2.872568e+02 2.871514e+02
2.870433e+02 2.869554e+02
2.868590e+02 2.868079e+02
2.867206e+02 2.866740e+02
2.865818e+02 2.865401e+02
2.864423e+02 2.864122e+02
2.863775e+02 2.863555e+02
2.863411e+02 2.863277e+02
2.863011e+02 2.862931e+02
2.862737e+02 2.862668e+02
2.862496e+02 2.862417e+02
2.862264e+02 2.862200e+02
2.862082e+02 2.862049e+02
2.861939e+02 2.861905e+02
2.861838e+02 2.861822e+02
2.861791e+02 2.861783e+02
2.861756e+02 2.861745e+02
2.861722e+02 2.861713e+02
2.861654e+02 2.861642e+02
2.861619e+02 2.861613e+02
2.861601e+02 2.861598e+02
2.861592e+02 2.861590e+02
2.861587e+02 2.861586e+02
2.861583e+02 2.861582e+02
2.861580e+02 2.861579e+02
2.861578e+02 2.861578e+02
2.861577e+02 2.861577e+02
2.861576e+02 2.861576e+02
2.861575e+02 2.861575e+02
2.861575e+02 2.861575e+02
2.861574e+02 2.861574e+02
2.861574e+02 2.861574e+02
2.861574e+02 2.861574e+02
2.861574e+02 2.861574e+02
2.861574e+02 2.861574e+02
2.861574e+02 2.861574e+02
2.861574e+02 2.861574e+02
2.861574e+02 2.861574e+02
2.861574e+02 2.861574e+02
2.861574e+02 2.861574e+02
2.861574e+02 2.861574e+02
2.861574e+02 2.861574e+02
2.861574e+02 2.861574e+02
2.861573e+02 2.861573e+02
2.861573e+02 2.861573e+02
2.861572e+02 2.861571e+02
2.861568e+02 2.861566e+02
2.861561e+02 2.861559e+02
2.861540e+02 2.861534e+02
2.861513e+02 2.861508e+02
2.861458e+02 2.861443e+02
2.861338e+02 2.861300e+02
2.861154e+02 2.861101e+02
2.860815e+02 2.860710e+02
2.860234e+02 2.860127e+02
2.859328e+02 2.859080e+02
2.858086e+02 2.857767e+02
2.856163e+02 2.855907e+02
1.527614e+11 7.907253e+10
4.901895e+09 1.354306e+09
9.627160e+07 3.408781e+07
2.167268e+06 6.985406e+05
6.257694e+04 2.965538e+04
6.934333e+03 3.169667e+03
4.765970e+03 2.163883e+03
2.123574e+03 2.115705e+03
2.086303e+03 2.073548e+03
2.023399e+03 1.983143e+03
1.894547e+03 1.864670e+03
1.751245e+03 1.739283e+03
1.688067e+03 1.681997e+03
1.644706e+03 1.638666e+03
1.545502e+03 1.529225e+03
1.472191e+03 1.464090e+03
1.392208e+03 1.388463e+03
1.372020e+03 1.369713e+03
1.334463e+03 1.331004e+03
1.323065e+03 1.321969e+03
1.321737e+03 1.321140e+03
1.321212e+03 1.320787e+03
1.320894e+03 1.320578e+03
1.320730e+03 1.320453e+03
1.320606e+03 1.320396e+03
1.320502e+03 1.320334e+03
1.320426e+03 1.320291e+03
1.320369e+03 1.320227e+03
1.320325e+03 1.320208e+03
1.320281e+03 1.320159e+03
1.320236e+03 1.320132e+03
1.320190e+03 1.320108e+03
1.320157e+03 1.320095e+03
1.320136e+03 1.320074e+03
1.320113e+03 1.320063e+03
1.320098e+03 1.320037e+03
1.320079e+03 1.320035e+03
1.320066e+03 1.320021e+03
1.320055e+03 1.320020e+03
1.320046e+03 1.320013e+03
1.320038e+03 1.320009e+03
1.320032e+03 1.320007e+03
1.320026e+03 1.320001e+03
1.320020e+03 1.319996e+03
1.320016e+03 1.319994e+03
1.320012e+03 1.319991e+03
1.320007e+03 1.319990e+03
1.320004e+03 1.319983e+03
1.319999e+03 1.319981e+03
1.319995e+03 1.319978e+03
1.319991e+03 1.319976e+03
1.319988e+03 1.319975e+03
1.319986e+03 1.319973e+03
1.319983e+03 1.319972e+03
1.319981e+03 1.319971e+03
1.319980e+03 1.319970e+03
1.319978e+03 1.319969e+03
1.319977e+03 1.319969e+03
1.319976e+03 1.319969e+03
1.319974e+03 1.319968e+03
1.319973e+03 1.319967e+03
1.319972e+03 1.319965e+03
1.319970e+03 1.319965e+03
1.319968e+03 1.319963e+03
1.319965e+03 1.319962e+03
1.319961e+03 1.319959e+03
1.319946e+03 1.319942e+03
1.319894e+03 1.319881e+03
1.319788e+03 1.319756e+03
1.319304e+03 1.319142e+03
1.317592e+03 1.317219e+03
1.310580e+03 1.308300e+03
1.279415e+03 1.268746e+03
1.167583e+03 1.132852e+03
9.732843e+02 9.349652e+02
7.480444e+02 7.129398e+02
5.355316e+02 4.990979e+02
4.073558e+02 3.886445e+02
3.428233e+02 3.368834e+02
3.122772e+02 3.090831e+02
2.943441e+02 2.917604e+02
2.813550e+02 2.776327e+02
2.743214e+02 2.734484e+02
2.720837e+02 2.713195e+02
2.698499e+02 2.694220e+02
2.686007e+02 2.683422e+02
2.676528e+02 2.674378e+02
2.669785e+02 2.668549e+02
2.664378e+02 2.662874e+02
2.659187e+02 2.658190e+02
2.656943e+02 2.656576e+02
2.655897e+02 2.655508e+02
2.654439e+02 2.654107e+02
2.653518e+02 2.653329e+02
2.653043e+02 2.652925e+02
2.652780e+02 2.652697e+02
2.652478e+02 2.652392e+02
2.652116e+02 2.652042e+02
2.651947e+02 2.651898e+02
2.651780e+02 2.651750e+02
2.651687e+02 2.651674e+02
1.537615e+11 7.800525e+10
5.097311e+09 1.722011e+09
7.718810e+07 3.074792e+07
4.500261e+06 1.438547e+06
1.329363e+05 6.973622e+04
8.025719e+03 4.406168e+03
2.120299e+03 1.911239e+03
1.788145e+03 1.770510e+03
1.749161e+03 1.734952e+03
1.674363e+03 1.650563e+03
1.581409e+03 1.570059e+03
1.523006e+03 1.519242e+03
1.491380e+03 1.487917e+03
1.461825e+03 1.457697e+03
1.431586e+03 1.426706e+03
1.406550e+03 1.404303e+03
1.390444e+03 1.387438e+03
1.363834e+03 1.359082e+03
1.334588e+03 1.332155e+03
1.309504e+03 1.303373e+03
1.271973e+03 1.268949e+03
1.221147e+03 1.216078e+03
1.165263e+03 1.158352e+03
1.114952e+03 1.112540e+03
1.097754e+03 1.095516e+03
1.087795e+03 1.086604e+03
1.086582e+03 1.085931e+03
1.086096e+03 1.085721e+03
1.085854e+03 1.085566e+03
1.085705e+03 1.085458e+03
1.085590e+03 1.085351e+03
1.085418e+03 1.085200e+03
1.085283e+03 1.085105e+03
1.085201e+03 1.085085e+03
1.085153e+03 1.085041e+03
1.085108e+03 1.085006e+03
1.085066e+03 1.084992e+03
1.085034e+03 1.084980e+03
1.085012e+03 1.084958e+03
1.084990e+03 1.084945e+03
1.084977e+03 1.084936e+03
1.084963e+03 1.084927e+03
1.084951e+03 1.084914e+03
1.084940e+03 1.084909e+03
1.084928e+03 1.084896e+03
1.084917e+03 1.084890e+03
1.084908e+03 1.084877e+03
1.084901e+03 1.084872e+03
1.084894e+03 1.084872e+03
1.084888e+03 1.084870e+03
1.084883e+03 1.084868e+03
1.084879e+03 1.084865e+03
1.084876e+03 1.084862e+03
1.084873e+03 1.084860e+03
1.084869e+03 1.084853e+03
1.084866e+03 1.084851e+03
1.084861e+03 1.084848e+03
1.084858e+03 1.084847e+03
1.084855e+03 1.084845e+03
1.084852e+03 1.084844e+03
1.084849e+03 1.084842e+03
1.084847e+03 1.084838e+03
1.084845e+03 1.084838e+03
1.084843e+03 1.084837e+03
1.084842e+03 1.084837e+03
1.084841e+03 1.084836e+03
1.084839e+03 1.084836e+03
1.084839e+03 1.084835e+03
1.084838e+03 1.084835e+03
1.084837e+03 1.084834e+03
1.084837e+03 1.084834e+03
1.084836e+03 1.084834e+03
1.084836e+03 1.084834e+03
1.084835e+03 1.084834e+03
1.084835e+03 1.084833e+03
1.084835e+03 1.084833e+03
1.084834e+03 1.084833e+03
1.084834e+03 1.084832e+03
1.084834e+03 1.084832e+03
1.084834e+03 1.084832e+03
1.084833e+03 1.084832e+03
1.084833e+03 1.084832e+03
1.084833e+03 1.084831e+03
1.084833e+03 1.084831e+03
1.084833e+03 1.084831e+03
1.084832e+03 1.084831e+03
1.084832e+03 1.084830e+03
1.084832e+03 1.084830e+03
1.084831e+03 1.084830e+03
1.084831e+03 1.084829e+03
1.084829e+03 1.084827e+03
1.084827e+03 1.084825e+03
1.084823e+03 1.084821e+03
1.084810e+03 1.084808e+03
1.084792e+03 1.084788e+03
1.084766e+03 1.084761e+03
1.084730e+03 1.084718e+03
1.084678e+03 1.084666e+03
1.084584e+03 1.084562e+03
1.084413e+03 1.084354e+03
1.084006e+03 1.083905e+03
1.530283e+11 7.736498e+10
4.876537e+09 1.785671e+09
9.264430e+07 3.281477e+07
2.700684e+06 8.117510e+05
7.840141e+04 4.200187e+04
6.136713e+03 4.279092e+03
3.387395e+03 3.323400e+03
3.282387e+03 3.270393e+03
3.238707e+03 3.219211e+03
3.156980e+03 3.135099e+03
3.023896e+03 3.005709e+03
2.895095e+03 2.875161e+03
2.762612e+03 2.737457e+03
2.523199e+03 2.471534e+03
2.194209e+03 2.084871e+03
1.615875e+03 1.471876e+03
1.149753e+03 1.067168e+03
8.944870e+02 8.549269e+02
7.796394e+02 7.663998e+02
6.946154e+02 6.824302e+02
6.211875e+02 6.083049e+02
5.617164e+02 5.523265e+02
5.085899e+02 5.006816e+02
4.713062e+02 4.658926e+02
4.414052e+02 4.370718e+02
4.154382e+02 4.089428e+02
3.954062e+02 3.912263e+02
3.801040e+02 3.778645e+02
3.708213e+02 3.696801e+02
3.631544e+02 3.618750e+02
3.523097e+02 3.499665e+02
3.483885e+02 3.475763e+02
3.472162e+02 3.466515e+02
3.460908e+02 3.456620e+02
3.454075e+02 3.451321e+02
3.450311e+02 3.448793e+02
3.448448e+02 3.447242e+02
3.446482e+02 3.445468e+02
3.444838e+02 3.443924e+02
3.443628e+02 3.442738e+02
3.442514e+02 3.442136e+02
3.442055e+02 3.441793e+02
3.441707e+02 3.441480e+02
3.441411e+02 3.441228e+02
3.441241e+02 3.441115e+02
3.441032e+02 3.440855e+02
3.440679e+02 3.440599e+02
3.440546e+02 3.440489e+02
3.440463e+02 3.440434e+02
3.440403e+02 3.440380e+02
3.440362e+02 3.440338e+02
3.440315e+02 3.440291e+02
3.440264e+02 3.440249e+02
3.440204e+02 3.440189e+02
3.440165e+02 3.440157e+02
3.440147e+02 3.440144e+02
3.440127e+02 3.440123e+02
3.440117e+02 3.440114e+02
3.440101e+02 3.440098e+02
3.440076e+02 3.440071e+02
3.440062e+02 3.440058e+02
3.440054e+02 3.440053e+02
3.440050e+02 3.440049e+02
3.440048e+02 3.440048e+02
3.440046e+02 3.440046e+02
3.440045e+02 3.440045e+02
3.440044e+02 3.440044e+02
3.440044e+02 3.440044e+02
3.440044e+02 3.440043e+02
3.440043e+02 3.440043e+02
3.440043e+02 3.440043e+02
3.440042e+02 3.440042e+02
3.440042e+02 3.440042e+02
3.440042e+02 3.440042e+02
3.440042e+02 3.440042e+02
3.440042e+02 3.440042e+02
3.440042e+02 3.440042e+02
3.440042e+02 3.440042e+02
3.440042e+02 3.440042e+02
3.440042e+02 3.440042e+02
3.440042e+02 3.440042e+02
3.440042e+02 3.440042e+02
3.440042e+02 3.440042e+02
3.440042e+02 3.440042e+02
3.440041e+02 3.440041e+02
3.440040e+02 3.440040e+02
3.440039e+02 3.440038e+02
3.440035e+02 3.440033e+02
3.440027e+02 3.440026e+02
3.440011e+02 3.440008e+02
3.439990e+02 3.439985e+02
3.439963e+02 3.439954e+02
3.439923e+02 3.439912e+02
3.439854e+02 3.439837e+02
3.439759e+02 3.439725e+02
3.439651e+02 3.439631e+02
3.439452e+02 3.439407e+02
3.439156e+02 3.439073e+02
3.438575e+02 3.438453e+02
3.437720e+02 3.437536e+02
3.436510e+02 3.436171e+02
1.531531e+11 7.448253e+10
4.507823e+09 1.363137e+09
5.487258e+07 1.990049e+07
1.767651e+06 3.906252e+05
2.911218e+04 1.542043e+04
3.293971e+03 2.948338e+03
2.762458e+03 2.747235e+03
2.700116e+03 2.678910e+03
2.538331e+03 2.526299e+03
2.446662e+03 2.434446e+03
2.349058e+03 2.337537e+03
2.268007e+03 2.254494e+03
2.199333e+03 2.194554e+03
2.152432e+03 2.144713e+03
2.113172e+03 2.111519e+03
2.098937e+03 2.095614e+03
2.095141e+03 2.094332e+03
2.094576e+03 2.094067e+03
2.094259e+03 2.093873e+03
2.094065e+03 2.093763e+03
2.093939e+03 2.093715e+03
2.093843e+03 2.093614e+03
2.093782e+03 2.093581e+03
2.093733e+03 2.093540e+03
2.093696e+03 2.093536e+03
2.093660e+03 2.093485e+03
2.093624e+03 2.093463e+03
2.093595e+03 2.093445e+03
2.093571e+03 2.093430e+03
2.093551e+03 2.093424e+03
2.093534e+03 2.093418e+03
2.093514e+03 2.093412e+03
2.093501e+03 2.093410e+03
2.093490e+03 2.093406e+03
2.093478e+03 2.093400e+03
2.093468e+03 2.093399e+03
2.093458e+03 2.093393e+03
2.093450e+03 2.093391e+03
2.093443e+03 2.093387e+03
2.093438e+03 2.093387e+03
2.093431e+03 2.093383e+03
2.093426e+03 2.093382e+03
2.093422e+03 2.093380e+03
2.093418e+03 2.093378e+03
2.093413e+03 2.093375e+03
2.093409e+03 2.093373e+03
2.093404e+03 2.093369e+03
2.093400e+03 2.093364e+03
2.093393e+03 2.093351e+03
2.093383e+03 2.093327e+03
2.093353e+03 2.093271e+03
2.093260e+03 2.093168e+03
2.092836e+03 2.092674e+03
2.090886e+03 2.090319e+03
2.083332e+03 2.081000e+03
2.050836e+03 2.039504e+03
1.883370e+03 1.834333e+03
1.512962e+03 1.422702e+03
1.155794e+03 1.096834e+03
8.184937e+02 7.729502e+02
6.502954e+02 6.250804e+02
5.479643e+02 5.314215e+02
4.507178e+02 4.395415e+02
4.120980e+02 4.061517e+02
3.871950e+02 3.846105e+02
3.764220e+02 3.751737e+02
3.688200e+02 3.678493e+02
3.663099e+02 3.660486e+02
3.645431e+02 3.642070e+02
3.621317e+02 3.617810e+02
3.603404e+02 3.600196e+02
3.589490e+02 3.587068e+02
3.572173e+02 3.565601e+02
3.551892e+02 3.547312e+02
3.544552e+02 3.542305e+02
3.541793e+02 3.540166e+02
3.539595e+02 3.538675e+02
3.538452e+02 3.537835e+02
3.537919e+02 3.537450e+02
3.536977e+02 3.536356e+02
3.536256e+02 3.536033e+02
3.535886e+02 3.535708e+02
3.535652e+02 3.535528e+02
3.535450e+02 3.535338e+02
3.535234e+02 3.535159e+02
3.535117e+02 3.535069e+02
3.535031e+02 3.534998e+02
3.534964e+02 3.534945e+02
3.534908e+02 3.534888e+02
3.534878e+02 3.534870e+02
3.534860e+02 3.534854e+02
3.534845e+02 3.534841e+02
3.534834e+02 3.534831e+02
3.534825e+02 3.534822e+02
3.534816e+02 3.534814e+02
3.534811e+02 3.534810e+02
3.534807e+02 3.534806e+02
3.534804e+02 3.534803e+02
3.534801e+02 3.534801e+02
3.534800e+02 3.534799e+02
3.534799e+02 3.534799e+02
1.518715e+11 6.750653e+10
4.477604e+09 1.450408e+09
6.771595e+07 2.349233e+07
1.241254e+06 6.244499e+05
6.074757e+04 2.619572e+04
5.017913e+03 4.077900e+03
3.711068e+03 3.672682e+03
3.650460e+03 3.643444e+03
3.605783e+03 3.580968e+03
3.399062e+03 3.366300e+03
3.231828e+03 3.212217e+03
3.109571e+03 3.087099e+03
2.987198e+03 2.975288e+03
2.932886e+03 2.929336e+03
2.909024e+03 2.907002e+03
2.874502e+03 2.872185e+03
2.871291e+03 2.870396e+03
2.870438e+03 2.869861e+03
2.870063e+03 2.869727e+03
2.869836e+03 2.869594e+03
2.869715e+03 2.869520e+03
2.869635e+03 2.869481e+03
2.869571e+03 2.869453e+03
2.869524e+03 2.869397e+03
2.869487e+03 2.869385e+03
2.869461e+03 2.869370e+03
2.869441e+03 2.869348e+03
2.869422e+03 2.869331e+03
2.869401e+03 2.869311e+03
2.869384e+03 2.869304e+03
2.869371e+03 2.869299e+03
2.869360e+03 2.869296e+03
2.869349e+03 2.869293e+03
2.869340e+03 2.869289e+03
2.869333e+03 2.869284e+03
2.869324e+03 2.869279e+03
2.869316e+03 2.869275e+03
2.869309e+03 2.869272e+03
2.869303e+03 2.869271e+03
2.869297e+03 2.869265e+03
2.869291e+03 2.869263e+03
2.869287e+03 2.869262e+03
2.869276e+03 2.869259e+03
2.869263e+03 2.869254e+03
2.869247e+03 2.869243e+03
2.869236e+03 2.869234e+03
2.869223e+03 2.869220e+03
2.869188e+03 2.869179e+03
2.869095e+03 2.869067e+03
2.868920e+03 2.868879e+03
2.868376e+03 2.868169e+03
2.865667e+03 2.864881e+03
2.854257e+03 2.849321e+03
2.794089e+03 2.773715e+03
2.518132e+03 2.353968e+03
1.735095e+03 1.562864e+03
1.135497e+03 1.023984e+03
7.759533e+02 7.298912e+02
5.969879e+02 5.688124e+02
4.884207e+02 4.748195e+02
4.313346e+02 4.250383e+02
3.992926e+02 3.961751e+02
3.790603e+02 3.768119e+02
3.689923e+02 3.678424e+02
3.615455e+02 3.606198e+02
3.573509e+02 3.567345e+02
3.516728e+02 3.507759e+02
3.432873e+02 3.413174e+02
3.398313e+02 3.390090e+02
3.386573e+02 3.381761e+02
3.379837e+02 3.377240e+02
3.376032e+02 3.373451e+02
3.373853e+02 3.371934e+02
3.370880e+02 3.368924e+02
3.367440e+02 3.366279e+02
3.365857e+02 3.364851e+02
3.364400e+02 3.363848e+02
3.363097e+02 3.362734e+02
3.362517e+02 3.362292e+02
3.362278e+02 3.362115e+02
3.362153e+02 3.362034e+02
3.361968e+02 3.361879e+02
3.361686e+02 3.361597e+02
3.361526e+02 3.361469e+02
3.361425e+02 3.361383e+02
3.361356e+02 3.361331e+02
3.361283e+02 3.361263e+02
3.361210e+02 3.361189e+02
3.361106e+02 3.361077e+02
3.361053e+02 3.361039e+02
3.360999e+02 3.360991e+02
3.360944e+02 3.360931e+02
3.360895e+02 3.360889e+02
3.360882e+02 3.360879e+02
3.360873e+02 3.360872e+02
3.360870e+02 3.360868e+02
3.360864e+02 3.360863e+02
3.360859e+02 3.360859e+02
3.360857e+02 3.360856e+02
3.360854e+02 3.360853e+02
3.360851e+02 3.360851e+02
