1.020178e+10 2.000003e+09
1.705422e+08 3.963080e+07
1.510810e+07 6.857721e+06
6.662305e+06 2.242854e+06
1.146570e+06 7.408890e+05
4.981979e+05 4.042371e+05
3.095228e+05 2.809614e+05
2.346753e+05 2.079836e+05
1.663767e+05 1.467228e+05
1.177087e+05 1.011716e+05
8.999099e+04 8.402622e+04
7.852104e+04 7.480103e+04
7.290054e+04 7.077635e+04
6.863436e+04 6.686082e+04
6.650737e+04 6.520305e+04
6.470258e+04 6.378447e+04
6.333689e+04 6.271534e+04
6.214787e+04 6.157227e+04
6.093025e+04 6.050349e+04
5.338294e+04 5.037574e+04
4.681195e+04 4.354011e+04
4.171006e+04 4.037162e+04
3.727473e+04 3.579712e+04
3.327104e+04 3.161573e+04
2.996405e+04 2.852306e+04
2.709991e+04 2.627346e+04
2.506334e+04 2.416961e+04
2.305789e+04 2.259265e+04
2.181790e+04 2.141557e+04
2.052549e+04 2.007218e+04
1.941210e+04 1.916588e+04
1.871088e+04 1.856895e+04
1.828126e+04 1.812394e+04
1.785648e+04 1.772610e+04
1.739963e+04 1.717493e+04
1.701318e+04 1.693732e+04
1.675140e+04 1.668209e+04
1.649357e+04 1.641988e+04
1.628147e+04 1.621082e+04
1.611921e+04 1.607539e+04
1.600284e+04 1.596403e+04
1.590359e+04 1.586229e+04
1.578770e+04 1.574042e+04
1.565802e+04 1.561884e+04
1.552237e+04 1.546562e+04
1.536137e+04 1.530750e+04
1.523429e+04 1.520120e+04
1.515099e+04 1.512309e+04
1.507445e+04 1.504658e+04
1.501384e+04 1.499197e+04
1.495125e+04 1.493056e+04
1.488580e+04 1.486719e+04
1.482763e+04 1.480827e+04
1.475738e+04 1.473698e+04
1.469981e+04 1.468060e+04
1.463259e+04 1.461767e+04
1.457115e+04 1.454273e+04
1.449137e+04 1.446664e+04
1.442728e+04 1.441118e+04
1.437097e+04 1.434942e+04
1.430942e+04 1.429409e+04
1.425096e+04 1.423114e+04
1.418818e+04 1.417308e+04
1.413943e+04 1.412621e+04
1.408634e+04 1.407097e+04
1.403920e+04 1.402652e+04
1.399600e+04 1.398269e+04
1.394650e+04 1.393449e+04
1.390381e+04 1.389469e+04
1.387333e+04 1.386619e+04
1.383580e+04 1.382026e+04
1.378884e+04 1.377965e+04
1.375726e+04 1.374859e+04
1.372832e+04 1.371867e+04
1.369788e+04 1.368673e+04
1.364922e+04 1.363503e+04
1.357353e+04 1.354701e+04
1.351235e+04 1.349978e+04
1.345302e+04 1.343842e+04
1.339331e+04 1.337424e+04
1.334341e+04 1.332878e+04
1.329646e+04 1.328263e+04
1.325498e+04 1.323952e+04
1.319907e+04 1.318003e+04
1.314423e+04 1.312687e+04
1.309267e+04 1.307533e+04
1.304398e+04 1.303544e+04
1.299857e+04 1.298560e+04
1.294467e+04 1.292830e+04
1.289750e+04 1.288609e+04
1.285958e+04 1.284646e+04
1.280605e+04 1.278357e+04
1.275201e+04 1.273996e+04
1.270731e+04 1.269332e+04
1.266775e+04 1.265587e+04
1.263882e+04 1.263133e+04
1.260568e+04 1.259409e+04
1.256266e+04 1.254603e+04
1.251641e+04 1.250248e+04
1.247788e+04 1.247223e+04
1.245692e+04 1.245204e+04
1.049255e+10 1.800338e+09
3.879867e+08 8.399090e+07
1.836010e+07 7.518165e+06
2.463642e+06 1.574027e+06
8.501727e+05 6.499056e+05
3.761372e+05 3.054893e+05
1.655475e+05 1.501209e+05
9.019440e+04 8.299453e+04
6.085142e+04 5.588760e+04
4.015094e+04 3.517141e+04
3.002807e+04 2.755011e+04
2.610234e+04 2.487454e+04
2.303361e+04 2.225170e+04
2.087881e+04 2.050712e+04
1.898968e+04 1.856825e+04
1.779759e+04 1.754782e+04
1.690077e+04 1.677656e+04
1.587406e+04 1.564024e+04
1.448691e+04 1.419548e+04
1.375246e+04 1.366370e+04
1.323654e+04 1.314346e+04
1.269444e+04 1.258122e+04
1.226503e+04 1.215706e+04
1.172268e+04 1.161410e+04
1.127797e+04 1.120629e+04
1.098515e+04 1.093330e+04
1.077865e+04 1.071980e+04
1.052496e+04 1.048687e+04
1.037082e+04 1.033806e+04
1.024858e+04 1.022981e+04
1.016167e+04 1.014308e+04
1.004111e+04 1.001762e+04
9.969868e+03 9.955172e+03
9.859711e+03 9.837047e+03
9.672862e+03 9.635781e+03
9.522210e+03 9.491317e+03
9.382746e+03 9.355681e+03
9.262070e+03 9.241237e+03
9.159778e+03 9.146486e+03
9.065910e+03 9.050425e+03
8.943809e+03 8.925846e+03
8.857212e+03 8.842804e+03
8.769598e+03 8.756040e+03
8.688852e+03 8.675501e+03
8.624961e+03 8.614946e+03
8.565089e+03 8.558494e+03
8.535074e+03 8.529193e+03
8.509457e+03 8.502970e+03
8.477594e+03 8.470664e+03
8.433211e+03 8.424290e+03
8.384724e+03 8.375560e+03
8.310469e+03 8.291533e+03
8.239553e+03 8.226821e+03
8.155920e+03 8.134497e+03
8.068668e+03 8.055869e+03
8.027539e+03 8.020518e+03
7.992133e+03 7.983551e+03
7.944200e+03 7.936304e+03
7.882322e+03 7.871725e+03
7.824463e+03 7.815520e+03
7.769293e+03 7.757349e+03
7.692436e+03 7.671661e+03
7.593832e+03 7.582201e+03
7.508422e+03 7.493968e+03
7.398047e+03 7.369541e+03
7.241516e+03 7.211153e+03
7.095888e+03 7.078559e+03
7.009704e+03 6.999413e+03
6.928144e+03 6.916739e+03
6.840384e+03 6.821154e+03
6.763554e+03 6.752666e+03
6.690437e+03 6.678765e+03
6.612015e+03 6.603980e+03
6.560635e+03 6.548603e+03
6.483826e+03 6.473687e+03
6.440156e+03 6.430674e+03
6.346754e+03 6.332123e+03
6.252629e+03 6.240322e+03
6.182084e+03 6.169818e+03
6.113392e+03 6.100600e+03
6.047898e+03 6.038366e+03
5.985276e+03 5.977460e+03
5.932417e+03 5.923221e+03
5.900960e+03 5.895868e+03
5.857308e+03 5.849804e+03
5.808068e+03 5.801224e+03
5.768782e+03 5.759655e+03
5.736902e+03 5.729098e+03
5.709420e+03 5.705613e+03
5.692466e+03 5.688192e+03
5.663062e+03 5.652536e+03
5.623277e+03 5.615970e+03
5.584176e+03 5.575631e+03
5.546736e+03 5.537866e+03
5.507499e+03 5.501076e+03
5.464935e+03 5.457336e+03
5.417784e+03 5.410743e+03
5.383466e+03 5.376822e+03
5.338601e+03 5.330868e+03
5.308976e+03 5.303278e+03
5.266443e+03 5.260957e+03
1.087580e+10 1.451177e+09
4.415428e+08 5.592119e+07
1.583611e+07 7.937453e+06
4.220596e+06 3.017524e+06
2.098300e+06 1.508735e+06
6.148689e+05 4.904345e+05
2.154592e+05 1.819698e+05
8.487875e+04 6.785522e+04
4.986169e+04 4.459965e+04
3.663690e+04 3.346345e+04
3.027376e+04 2.839709e+04
2.689197e+04 2.601477e+04
2.402814e+04 2.365033e+04
2.172882e+04 2.130527e+04
2.003027e+04 1.974785e+04
1.785707e+04 1.752512e+04
1.558371e+04 1.525344e+04
1.350869e+04 1.323222e+04
1.200801e+04 1.181115e+04
1.073700e+04 1.060436e+04
9.989608e+03 9.905136e+03
9.349126e+03 9.254128e+03
8.939572e+03 8.875807e+03
8.385532e+03 8.280459e+03
7.798208e+03 7.703436e+03
7.543235e+03 7.502842e+03
7.292176e+03 7.245104e+03
7.060993e+03 7.019358e+03
6.709289e+03 6.655004e+03
6.441609e+03 6.400457e+03
6.276822e+03 6.261770e+03
6.139463e+03 6.113285e+03
5.957725e+03 5.919100e+03
5.776555e+03 5.742459e+03
5.541131e+03 5.487390e+03
5.315804e+03 5.280396e+03
5.159913e+03 5.141393e+03
5.065352e+03 5.056960e+03
5.005575e+03 4.993586e+03
4.929923e+03 4.913670e+03
4.858677e+03 4.843525e+03
4.772787e+03 4.758701e+03
4.685123e+03 4.673875e+03
4.579760e+03 4.565840e+03
4.518037e+03 4.511052e+03
4.470837e+03 4.462744e+03
4.423497e+03 4.414963e+03
4.388487e+03 4.382026e+03
4.343266e+03 4.337718e+03
4.303437e+03 4.295395e+03
4.250119e+03 4.242714e+03
4.215864e+03 4.209747e+03
4.178792e+03 4.174606e+03
4.131131e+03 4.124442e+03
4.056529e+03 4.045666e+03
3.982764e+03 3.967825e+03
3.860619e+03 3.833426e+03
3.772338e+03 3.761101e+03
3.687269e+03 3.678071e+03
3.625197e+03 3.617295e+03
3.564294e+03 3.556980e+03
3.506133e+03 3.494404e+03
3.427820e+03 3.413693e+03
3.353889e+03 3.342257e+03
3.303708e+03 3.296801e+03
3.258123e+03 3.250779e+03
3.211440e+03 3.201146e+03
3.147999e+03 3.138975e+03
3.095156e+03 3.087292e+03
3.061541e+03 3.056814e+03
3.026149e+03 3.020792e+03
2.997437e+03 2.994218e+03
2.984711e+03 2.982194e+03
2.965400e+03 2.961221e+03
2.951789e+03 2.949737e+03
2.941833e+03 2.940214e+03
2.932111e+03 2.930111e+03
2.923466e+03 2.921405e+03
2.915191e+03 2.913508e+03
2.904676e+03 2.902718e+03
2.896947e+03 2.895288e+03
2.890392e+03 2.889289e+03
2.884856e+03 2.883751e+03
2.881363e+03 2.880667e+03
2.878489e+03 2.878079e+03
2.877059e+03 2.876738e+03
2.875990e+03 2.875608e+03
2.874111e+03 2.873771e+03
2.872027e+03 2.871478e+03
2.869979e+03 2.869553e+03
2.867847e+03 2.867503e+03
2.866216e+03 2.865566e+03
2.864550e+03 2.864287e+03
2.863141e+03 2.862875e+03
2.862485e+03 2.862396e+03
2.861561e+03 2.861257e+03
2.859633e+03 2.859310e+03
2.858079e+03 2.857758e+03
2.856801e+03 2.856570e+03
2.855700e+03 2.855494e+03
2.854317e+03 2.854044e+03
1.021160e+10 1.585223e+09
2.900712e+08 9.217664e+07
1.458789e+07 6.275337e+06
2.417547e+06 1.646004e+06
7.628813e+05 5.528965e+05
3.766200e+05 3.085720e+05
2.056561e+05 1.682207e+05
1.214287e+05 1.027744e+05
7.625111e+04 7.198849e+04
5.342504e+04 4.900804e+04
3.725173e+04 3.462389e+04
3.003603e+04 2.771359e+04
2.589207e+04 2.540999e+04
2.272302e+04 2.195161e+04
1.950821e+04 1.911194e+04
1.778420e+04 1.752384e+04
1.604438e+04 1.576099e+04
1.486597e+04 1.469882e+04
1.369836e+04 1.351354e+04
1.311187e+04 1.304672e+04
1.264786e+04 1.256272e+04
1.217722e+04 1.208615e+04
1.168600e+04 1.157871e+04
1.127876e+04 1.120577e+04
1.103347e+04 1.099688e+04
1.085372e+04 1.082292e+04
1.067586e+04 1.064314e+04
1.049106e+04 1.045224e+04
1.033260e+04 1.030387e+04
1.014644e+04 1.010678e+04
9.862386e+03 9.811578e+03
9.597509e+03 9.554486e+03
9.259992e+03 9.170805e+03
9.013338e+03 8.972296e+03
8.855103e+03 8.829208e+03
8.722648e+03 8.702407e+03
8.620427e+03 8.603934e+03
8.542291e+03 8.528233e+03
8.474047e+03 8.459276e+03
8.396815e+03 8.385186e+03
8.290535e+03 8.276438e+03
8.202484e+03 8.179933e+03
8.111826e+03 8.099370e+03
8.045359e+03 8.032230e+03
7.978213e+03 7.968528e+03
7.906936e+03 7.895227e+03
7.863664e+03 7.856127e+03
7.811321e+03 7.802047e+03
7.743852e+03 7.727335e+03
7.646373e+03 7.633515e+03
7.527247e+03 7.502699e+03
7.368232e+03 7.340086e+03
7.249445e+03 7.233219e+03
7.163229e+03 7.146707e+03
7.097955e+03 7.088321e+03
7.037768e+03 7.027950e+03
6.985313e+03 6.977447e+03
6.946592e+03 6.941681e+03
6.918887e+03 6.912439e+03
6.902236e+03 6.899354e+03
6.882993e+03 6.879728e+03
6.856652e+03 6.851066e+03
6.831488e+03 6.821454e+03
6.769460e+03 6.755262e+03
6.717140e+03 6.705641e+03
6.652748e+03 6.640171e+03
6.581140e+03 6.564419e+03
6.496236e+03 6.483164e+03
6.413689e+03 6.400356e+03
6.374179e+03 6.369197e+03
6.336719e+03 6.325455e+03
6.293610e+03 6.286083e+03
6.242175e+03 6.231545e+03
6.182932e+03 6.171154e+03
6.123374e+03 6.113498e+03
6.084722e+03 6.076582e+03
6.047298e+03 6.041763e+03
6.025813e+03 6.022342e+03
6.007197e+03 6.004308e+03
5.993603e+03 5.991268e+03
5.980023e+03 5.976290e+03
5.959123e+03 5.954699e+03
5.947283e+03 5.944838e+03
5.935109e+03 5.932468e+03
5.918231e+03 5.915217e+03
5.894660e+03 5.890713e+03
5.875673e+03 5.871257e+03
5.858916e+03 5.855714e+03
5.846190e+03 5.842220e+03
5.821360e+03 5.817450e+03
5.796196e+03 5.790214e+03
5.764835e+03 5.757922e+03
5.718518e+03 5.705554e+03
5.654377e+03 5.644817e+03
5.611309e+03 5.605686e+03
5.577038e+03 5.571687e+03
5.561800e+03 5.558320e+03
5.547518e+03 5.544717e+03
5.537815e+03 5.535810e+03
5.530185e+03 5.528653e+03
5.516568e+03 5.514008e+03
1.000977e+10 1.952847e+09
1.910154e+08 4.753378e+07
1.377097e+07 7.746654e+06
3.603024e+06 2.734274e+06
9.606340e+05 6.166079e+05
2.301485e+05 1.952573e+05
1.187177e+05 1.100036e+05
8.543306e+04 7.886311e+04
5.823404e+04 5.459718e+04
5.140385e+04 4.962132e+04
4.579360e+04 4.444930e+04
4.080873e+04 4.020051e+04
3.680065e+04 3.608265e+04
3.335664e+04 3.264478e+04
2.576691e+04 2.432647e+04
2.238452e+04 2.182923e+04
1.939193e+04 1.879172e+04
1.777433e+04 1.753043e+04
1.673335e+04 1.660515e+04
1.591550e+04 1.573231e+04
1.523028e+04 1.511435e+04
1.470815e+04 1.461817e+04
1.431539e+04 1.424530e+04
1.401803e+04 1.394578e+04
1.369309e+04 1.363314e+04
1.336034e+04 1.329802e+04
1.303177e+04 1.298749e+04
1.285875e+04 1.282651e+04
1.267527e+04 1.264440e+04
1.257812e+04 1.255976e+04
1.244253e+04 1.241923e+04
1.226361e+04 1.223641e+04
1.210855e+04 1.208986e+04
1.193404e+04 1.189432e+04
1.168084e+04 1.163934e+04
1.151322e+04 1.149457e+04
1.142412e+04 1.141384e+04
1.132796e+04 1.131041e+04
1.120171e+04 1.117774e+04
1.112481e+04 1.111428e+04
1.107134e+04 1.105916e+04
1.102485e+04 1.101822e+04
1.098960e+04 1.098442e+04
1.095475e+04 1.094643e+04
1.090771e+04 1.090012e+04
1.085238e+04 1.084143e+04
1.079417e+04 1.078038e+04
1.072988e+04 1.071980e+04
1.067528e+04 1.066259e+04
1.061739e+04 1.060747e+04
1.057146e+04 1.056228e+04
1.052245e+04 1.051186e+04
1.047526e+04 1.046494e+04
1.043093e+04 1.042313e+04
1.038483e+04 1.037829e+04
1.033384e+04 1.032428e+04
1.026882e+04 1.026056e+04
1.021016e+04 1.020036e+04
1.014778e+04 1.013818e+04
1.006792e+04 1.005262e+04
1.000302e+04 9.990759e+03
9.933100e+03 9.923968e+03
9.875569e+03 9.865151e+03
9.810632e+03 9.801088e+03
9.765558e+03 9.757332e+03
9.716230e+03 9.708069e+03
9.663352e+03 9.653207e+03
9.587292e+03 9.574340e+03
9.519062e+03 9.506025e+03
9.451858e+03 9.438604e+03
9.365513e+03 9.348296e+03
9.287827e+03 9.278584e+03
9.240878e+03 9.230822e+03
9.203751e+03 9.198773e+03
9.160349e+03 9.151527e+03
9.091198e+03 9.072405e+03
9.020909e+03 9.011948e+03
8.941922e+03 8.929810e+03
8.836448e+03 8.820881e+03
8.735604e+03 8.714134e+03
8.641863e+03 8.625277e+03
8.541222e+03 8.525754e+03
8.413896e+03 8.383570e+03
8.281330e+03 8.259507e+03
8.172656e+03 8.156739e+03
8.100141e+03 8.091513e+03
8.038194e+03 8.028791e+03
7.959383e+03 7.945318e+03
7.854290e+03 7.838283e+03
7.772395e+03 7.758890e+03
7.692293e+03 7.678373e+03
7.585190e+03 7.567133e+03
7.498631e+03 7.483207e+03
7.409616e+03 7.390856e+03
7.302821e+03 7.287784e+03
7.204488e+03 7.183138e+03
7.119189e+03 7.108764e+03
7.055013e+03 7.046203e+03
6.947332e+03 6.919982e+03
6.811951e+03 6.781967e+03
6.645896e+03 6.611389e+03
1.024830e+10 9.498412e+08
2.409027e+08 6.647546e+07
1.969417e+07 1.085736e+07
3.315747e+06 1.898423e+06
1.175395e+06 8.931640e+05
4.813540e+05 3.750550e+05
2.075429e+05 1.846053e+05
1.368347e+05 1.281921e+05
1.097919e+05 1.059692e+05
9.017578e+04 8.605429e+04
7.997030e+04 7.812804e+04
7.272548e+04 7.043403e+04
6.672824e+04 6.547897e+04
6.103656e+04 6.006494e+04
5.498439e+04 5.393914e+04
5.192159e+04 5.107218e+04
4.921169e+04 4.855643e+04
4.651057e+04 4.598085e+04
4.313555e+04 4.267607e+04
3.942004e+04 3.867942e+04
3.614506e+04 3.550387e+04
3.389667e+04 3.360279e+04
3.264177e+04 3.238035e+04
3.135217e+04 3.114730e+04
3.023059e+04 3.001191e+04
2.930515e+04 2.909655e+04
2.837267e+04 2.822689e+04
2.680908e+04 2.648542e+04
2.528577e+04 2.502302e+04
2.365707e+04 2.332890e+04
2.251126e+04 2.234647e+04
2.165499e+04 2.149192e+04
2.077073e+04 2.064289e+04
1.983204e+04 1.966308e+04
1.916241e+04 1.904037e+04
1.866859e+04 1.858367e+04
1.807236e+04 1.799421e+04
1.765848e+04 1.759977e+04
1.719447e+04 1.713193e+04
1.687352e+04 1.681566e+04
1.651112e+04 1.645739e+04
1.619927e+04 1.614800e+04
1.585870e+04 1.580595e+04
1.550109e+04 1.541849e+04
1.515119e+04 1.510024e+04
1.483643e+04 1.479606e+04
1.454358e+04 1.448532e+04
1.432816e+04 1.429607e+04
1.415234e+04 1.409988e+04
1.395807e+04 1.392745e+04
1.380129e+04 1.378271e+04
1.366565e+04 1.364728e+04
1.356658e+04 1.355001e+04
1.343427e+04 1.340891e+04
1.330702e+04 1.328987e+04
1.318908e+04 1.316994e+04
1.310118e+04 1.308276e+04
1.301730e+04 1.299626e+04
1.286913e+04 1.283989e+04
1.267069e+04 1.261369e+04
1.234452e+04 1.227251e+04
1.192478e+04 1.185719e+04
1.145286e+04 1.136236e+04
1.107771e+04 1.100507e+04
1.072830e+04 1.068972e+04
1.056484e+04 1.054417e+04
1.043558e+04 1.041091e+04
1.027058e+04 1.023680e+04
1.007194e+04 1.001930e+04
9.860462e+03 9.802265e+03
9.669357e+03 9.631910e+03
9.403274e+03 9.354936e+03
9.142239e+03 9.104827e+03
8.957104e+03 8.911426e+03
8.697872e+03 8.661525e+03
8.514445e+03 8.488681e+03
8.363768e+03 8.334514e+03
8.226580e+03 8.193326e+03
8.089953e+03 8.066898e+03
7.926648e+03 7.895790e+03
7.767512e+03 7.740465e+03
7.638147e+03 7.618188e+03
7.528648e+03 7.510276e+03
7.418385e+03 7.400425e+03
7.309828e+03 7.289857e+03
7.145643e+03 7.095512e+03
6.961446e+03 6.938571e+03
6.795595e+03 6.770911e+03
6.595921e+03 6.547294e+03
6.386676e+03 6.343762e+03
6.214433e+03 6.192287e+03
6.114854e+03 6.100807e+03
6.040676e+03 6.024607e+03
5.980233e+03 5.968457e+03
5.917085e+03 5.907436e+03
5.882128e+03 5.875630e+03
5.856571e+03 5.850608e+03
5.825364e+03 5.820920e+03
5.796789e+03 5.791351e+03
5.775448e+03 5.770638e+03
5.752866e+03 5.747060e+03
9.912608e+09 1.168755e+09
4.121508e+08 8.413054e+07
1.706191e+07 7.745780e+06
1.955359e+06 8.891381e+05
4.312236e+05 2.806416e+05
2.033373e+05 1.741807e+05
1.549749e+05 1.443225e+05
1.104212e+05 9.583358e+04
5.762232e+04 5.264294e+04
4.192395e+04 3.857947e+04
3.189888e+04 2.982513e+04
2.580142e+04 2.466410e+04
2.090786e+04 2.032965e+04
1.710531e+04 1.629995e+04
1.448628e+04 1.406581e+04
1.279276e+04 1.244375e+04
1.104523e+04 1.082253e+04
1.015915e+04 9.995331e+03
9.473962e+03 9.312143e+03
8.785390e+03 8.607973e+03
8.239233e+03 8.154519e+03
7.946960e+03 7.908355e+03
7.693369e+03 7.646693e+03
7.405159e+03 7.335855e+03
7.131752e+03 7.102491e+03
6.995604e+03 6.970546e+03
6.889345e+03 6.869957e+03
6.707009e+03 6.675587e+03
6.539791e+03 6.513156e+03
6.363724e+03 6.328859e+03
6.230854e+03 6.211703e+03
6.155954e+03 6.146020e+03
6.083313e+03 6.070510e+03
6.013679e+03 5.999370e+03
5.927765e+03 5.911668e+03
5.837979e+03 5.819735e+03
5.725429e+03 5.709302e+03
5.588070e+03 5.571352e+03
5.452044e+03 5.427458e+03
5.347370e+03 5.327310e+03
5.201232e+03 5.165001e+03
5.019231e+03 4.985870e+03
4.884070e+03 4.853093e+03
4.700003e+03 4.671526e+03
4.527902e+03 4.502920e+03
4.371384e+03 4.345212e+03
4.180171e+03 4.154534e+03
4.030787e+03 4.008133e+03
3.935403e+03 3.924551e+03
3.848432e+03 3.835048e+03
3.790484e+03 3.782162e+03
3.739190e+03 3.730587e+03
3.703667e+03 3.699110e+03
3.679206e+03 3.675325e+03
3.662857e+03 3.660431e+03
3.653217e+03 3.651292e+03
3.635769e+03 3.632349e+03
3.615259e+03 3.609209e+03
3.585025e+03 3.579499e+03
3.561193e+03 3.557726e+03
3.541389e+03 3.537600e+03
3.521577e+03 3.518527e+03
3.488618e+03 3.482629e+03
3.442848e+03 3.432273e+03
3.403044e+03 3.395758e+03
3.367672e+03 3.363454e+03
3.337831e+03 3.332443e+03
3.298500e+03 3.292265e+03
3.269247e+03 3.263200e+03
3.239066e+03 3.234286e+03
3.208974e+03 3.202594e+03
3.185883e+03 3.182416e+03
3.166866e+03 3.162735e+03
3.140380e+03 3.135135e+03
3.118667e+03 3.115274e+03
3.095934e+03 3.092740e+03
3.081228e+03 3.079585e+03
3.071171e+03 3.068981e+03
3.056626e+03 3.053131e+03
3.042604e+03 3.039564e+03
3.029165e+03 3.026112e+03
3.014679e+03 3.010864e+03
2.982314e+03 2.975800e+03
2.953526e+03 2.949399e+03
2.933750e+03 2.928203e+03
2.914434e+03 2.912025e+03
2.903859e+03 2.902364e+03
2.894463e+03 2.891934e+03
2.883227e+03 2.881584e+03
2.874534e+03 2.872720e+03
2.862955e+03 2.860479e+03
2.849903e+03 2.847436e+03
2.836240e+03 2.832860e+03
2.825723e+03 2.824173e+03
2.819856e+03 2.818287e+03
2.811168e+03 2.810004e+03
2.801427e+03 2.799624e+03
2.793750e+03 2.792051e+03
2.785375e+03 2.783384e+03
2.776704e+03 2.775390e+03
2.768575e+03 2.766921e+03
1.026133e+10 1.082462e+09
3.008988e+08 7.621167e+07
1.838100e+07 7.902289e+06
2.681799e+06 1.558513e+06
5.485198e+05 3.553533e+05
1.728484e+05 1.521614e+05
1.050333e+05 9.352221e+04
4.199080e+04 3.499890e+04
3.024398e+04 2.840994e+04
2.711534e+04 2.662976e+04
2.452392e+04 2.416251e+04
2.285561e+04 2.264761e+04
2.115695e+04 2.070624e+04
1.944971e+04 1.920530e+04
1.838054e+04 1.806715e+04
1.710185e+04 1.689371e+04
1.595209e+04 1.570282e+04
1.499005e+04 1.482402e+04
1.434428e+04 1.421644e+04
1.368912e+04 1.356917e+04
1.271374e+04 1.256166e+04
1.187418e+04 1.172992e+04
1.127659e+04 1.117208e+04
1.069615e+04 1.060572e+04
1.019426e+04 1.008037e+04
9.631451e+03 9.536399e+03
9.212249e+03 9.139962e+03
8.931127e+03 8.876702e+03
8.623724e+03 8.570723e+03
8.317324e+03 8.245820e+03
8.014929e+03 7.957616e+03
7.745065e+03 7.696876e+03
7.525261e+03 7.492804e+03
7.413979e+03 7.390032e+03
7.287514e+03 7.265016e+03
7.166507e+03 7.145759e+03
7.034816e+03 7.011551e+03
6.926837e+03 6.910340e+03
6.840370e+03 6.820336e+03
6.756036e+03 6.741031e+03
6.699537e+03 6.690169e+03
6.642848e+03 6.634686e+03
6.585372e+03 6.574580e+03
6.519512e+03 6.506725e+03
6.407874e+03 6.380952e+03
6.228341e+03 6.187400e+03
6.042060e+03 6.010163e+03
5.814882e+03 5.783134e+03
5.676002e+03 5.652818e+03
5.584717e+03 5.562344e+03
5.471345e+03 5.446198e+03
5.380203e+03 5.370418e+03
5.318997e+03 5.305700e+03
5.259689e+03 5.250163e+03
5.213554e+03 5.206699e+03
5.170470e+03 5.162075e+03
5.132906e+03 5.124434e+03
5.088700e+03 5.077350e+03
5.022284e+03 5.013545e+03
4.970933e+03 4.962106e+03
4.910139e+03 4.896172e+03
4.849514e+03 4.837846e+03
4.783725e+03 4.773105e+03
4.721950e+03 4.710903e+03
4.648976e+03 4.640201e+03
4.589823e+03 4.581362e+03
4.516047e+03 4.503782e+03
4.455426e+03 4.445473e+03
4.399148e+03 4.391916e+03
4.344476e+03 4.335160e+03
4.298348e+03 4.291225e+03
4.248237e+03 4.237792e+03
4.214827e+03 4.210974e+03
4.198391e+03 4.195725e+03
4.186666e+03 4.184017e+03
4.174071e+03 4.170647e+03
4.158936e+03 4.156058e+03
4.145485e+03 4.142612e+03
4.133650e+03 4.131676e+03
4.125128e+03 4.123608e+03
4.116225e+03 4.114371e+03
4.103745e+03 4.101380e+03
4.092425e+03 4.090206e+03
4.084433e+03 4.082641e+03
4.072803e+03 4.068276e+03
4.051337e+03 4.047822e+03
4.026068e+03 4.022808e+03
4.004949e+03 3.999862e+03
3.983925e+03 3.980962e+03
3.968835e+03 3.966108e+03
3.956722e+03 3.954779e+03
3.948338e+03 3.946265e+03
3.940825e+03 3.938412e+03
3.929643e+03 3.926640e+03
3.914971e+03 3.912118e+03
3.899262e+03 3.895764e+03
3.888617e+03 3.887006e+03
3.881808e+03 3.880291e+03
3.872333e+03 3.869996e+03
3.861049e+03 3.858741e+03
3.849371e+03 3.846732e+03
9.734788e+09 1.172022e+09
4.193474e+08 7.432423e+07
9.761263e+06 3.347795e+06
1.139322e+06 6.570414e+05
4.893934e+05 2.873012e+05
1.803845e+05 1.444677e+05
1.125410e+05 9.820181e+04
7.112862e+04 6.812936e+04
6.131909e+04 6.032928e+04
5.315906e+04 5.195881e+04
4.724212e+04 4.622076e+04
4.128265e+04 4.014587e+04
3.763917e+04 3.713399e+04
3.518894e+04 3.487005e+04
3.315183e+04 3.285054e+04
3.125686e+04 3.093766e+04
2.909793e+04 2.873340e+04
2.817033e+04 2.802311e+04
2.747289e+04 2.737319e+04
2.690742e+04 2.678893e+04
2.617071e+04 2.606143e+04
2.562276e+04 2.555817e+04
2.519256e+04 2.511326e+04
2.460802e+04 2.450685e+04
2.378178e+04 2.362418e+04
2.319393e+04 2.311810e+04
2.275731e+04 2.269540e+04
2.233355e+04 2.226753e+04
2.182269e+04 2.173750e+04
2.140450e+04 2.130993e+04
2.105903e+04 2.101359e+04
2.074313e+04 2.068660e+04
2.039809e+04 2.034170e+04
2.001062e+04 1.994785e+04
1.950194e+04 1.939036e+04
1.884178e+04 1.873396e+04
1.797275e+04 1.780120e+04
1.722214e+04 1.710997e+04
1.678099e+04 1.672123e+04
1.631860e+04 1.624268e+04
1.588945e+04 1.579998e+04
1.554595e+04 1.550201e+04
1.522217e+04 1.517207e+04
1.501095e+04 1.498206e+04
1.481530e+04 1.477220e+04
1.458321e+04 1.453854e+04
1.431323e+04 1.427888e+04
1.403477e+04 1.397913e+04
1.379953e+04 1.375012e+04
1.355029e+04 1.350950e+04
1.325191e+04 1.320194e+04
1.290380e+04 1.285948e+04
1.261874e+04 1.256493e+04
1.241059e+04 1.238586e+04
1.223438e+04 1.220326e+04
1.203171e+04 1.199782e+04
1.187662e+04 1.185396e+04
1.175852e+04 1.174115e+04
1.164637e+04 1.162136e+04
1.148504e+04 1.145637e+04
1.129752e+04 1.126599e+04
1.112468e+04 1.110228e+04
1.100812e+04 1.098899e+04
1.083918e+04 1.081639e+04
1.067451e+04 1.065586e+04
1.055979e+04 1.054224e+04
1.045489e+04 1.043715e+04
1.033413e+04 1.030848e+04
1.013327e+04 1.011031e+04
9.945345e+03 9.908086e+03
9.658315e+03 9.607699e+03
9.471172e+03 9.451506e+03
9.370171e+03 9.355060e+03
9.274725e+03 9.261214e+03
9.180634e+03 9.169193e+03
9.113764e+03 9.103006e+03
9.071223e+03 9.064856e+03
8.999928e+03 8.988326e+03
8.919050e+03 8.908190e+03
8.822820e+03 8.792940e+03
8.663627e+03 8.645938e+03
8.509648e+03 8.476517e+03
8.341545e+03 8.303756e+03
8.156972e+03 8.125547e+03
7.932070e+03 7.889534e+03
7.721858e+03 7.689718e+03
7.553136e+03 7.532368e+03
7.391099e+03 7.370591e+03
7.269765e+03 7.247528e+03
7.148674e+03 7.125498e+03
7.003655e+03 6.987734e+03
6.862286e+03 6.837445e+03
6.696841e+03 6.672314e+03
6.555183e+03 6.533144e+03
6.407006e+03 6.376860e+03
6.277806e+03 6.256383e+03
6.181808e+03 6.173869e+03
6.123617e+03 6.113863e+03
6.059561e+03 6.052534e+03
6.025494e+03 6.021277e+03
5.990230e+03 5.986472e+03
1.035446e+10 1.345575e+09
2.522743e+08 5.688478e+07
3.739021e+07 5.096827e+06
2.335585e+06 1.663120e+06
1.019431e+06 7.630903e+05
5.010563e+05 3.938541e+05
3.145246e+05 2.755894e+05
2.414934e+05 2.238670e+05
1.962540e+05 1.794854e+05
1.598429e+05 1.459954e+05
1.219410e+05 1.106144e+05
8.710135e+04 7.804871e+04
6.529462e+04 5.660674e+04
5.309698e+04 4.952709e+04
4.829747e+04 4.492061e+04
4.454418e+04 4.204682e+04
4.151270e+04 3.927310e+04
3.982039e+04 3.759229e+04
3.901742e+04 3.710529e+04
3.834755e+04 3.596185e+04
3.775511e+04 3.538182e+04
3.715897e+04 3.524378e+04
3.652827e+04 3.426971e+04
3.585580e+04 3.383949e+04
3.531029e+04 3.338394e+04
3.487192e+04 3.311310e+04
3.446466e+04 3.284290e+04
3.409855e+04 3.237517e+04
3.385881e+04 3.234733e+04
3.355371e+04 3.159143e+04
3.325581e+04 3.122980e+04
3.295237e+04 3.075650e+04
3.262570e+04 3.038148e+04
3.228876e+04 3.007224e+04
3.189398e+04 2.985261e+04
3.135017e+04 2.933802e+04
3.026416e+04 2.899901e+04
2.864900e+04 2.816835e+04
2.752776e+04 2.731499e+04
2.702045e+04 2.692354e+04
2.657656e+04 2.646336e+04
2.629317e+04 2.620030e+04
2.602204e+04 2.596995e+04
2.583270e+04 2.578926e+04
2.562714e+04 2.558833e+04
2.548241e+04 2.544591e+04
2.535146e+04 2.531827e+04
2.524567e+04 2.521653e+04
2.513793e+04 2.508940e+04
2.497792e+04 2.495422e+04
2.487767e+04 2.485044e+04
2.478939e+04 2.477092e+04
2.473040e+04 2.471820e+04
2.468790e+04 2.467775e+04
2.465678e+04 2.465011e+04
2.462769e+04 2.461823e+04
2.458962e+04 2.457867e+04
2.455465e+04 2.454261e+04
2.451267e+04 2.450083e+04
2.447383e+04 2.446372e+04
2.443741e+04 2.442503e+04
2.440743e+04 2.439929e+04
2.438043e+04 2.437360e+04
2.434735e+04 2.433827e+04
2.431249e+04 2.430107e+04
2.427098e+04 2.425007e+04
2.421587e+04 2.419790e+04
2.416419e+04 2.414770e+04
2.410098e+04 2.407782e+04
2.402942e+04 2.401448e+04
2.397839e+04 2.396149e+04
2.391584e+04 2.390022e+04
2.384675e+04 2.382863e+04
2.379307e+04 2.377418e+04
2.374009e+04 2.372642e+04
2.367833e+04 2.366061e+04
2.360379e+04 2.358191e+04
2.351053e+04 2.347814e+04
2.339434e+04 2.336214e+04
2.322633e+04 2.318861e+04
2.310071e+04 2.306842e+04
2.295250e+04 2.291608e+04
2.275784e+04 2.270908e+04
2.257801e+04 2.253061e+04
2.239216e+04 2.233148e+04
2.219049e+04 2.214127e+04
2.200222e+04 2.196098e+04
2.178731e+04 2.168342e+04
2.151731e+04 2.146046e+04
2.129970e+04 2.124445e+04
2.111702e+04 2.107380e+04
2.087641e+04 2.081239e+04
2.064285e+04 2.058584e+04
2.042640e+04 2.036255e+04
2.027435e+04 2.024042e+04
2.014769e+04 2.011520e+04
2.000644e+04 1.995423e+04
1.983345e+04 1.976952e+04
1.957517e+04 1.948127e+04
1.928839e+04 1.922669e+04
1.903770e+04 1.893746e+04
9.996253e+09 1.526737e+09
2.108973e+08 7.215620e+07
1.404319e+07 3.471436e+06
5.087476e+06 5.952973e+05
3.063309e+05 2.487368e+05
1.685934e+05 1.458872e+05
1.181472e+05 1.094218e+05
9.871900e+04 9.126882e+04
8.228378e+04 7.711116e+04
7.066574e+04 6.619247e+04
5.958014e+04 5.602406e+04
5.281302e+04 4.953765e+04
4.658281e+04 4.345106e+04
4.003834e+04 3.715088e+04
3.606954e+04 3.392752e+04
3.370794e+04 3.164001e+04
3.007191e+04 2.795308e+04
2.734946e+04 2.447401e+04
2.507072e+04 2.279224e+04
2.377308e+04 2.175938e+04
2.273961e+04 2.102167e+04
2.080873e+04 1.863026e+04
1.894329e+04 1.742673e+04
1.802412e+04 1.602722e+04
1.732131e+04 1.568727e+04
1.676945e+04 1.553426e+04
1.628809e+04 1.500354e+04
1.570199e+04 1.430020e+04
1.500092e+04 1.333433e+04
1.378689e+04 1.303668e+04
1.252836e+04 1.214341e+04
1.148829e+04 1.121922e+04
1.065995e+04 1.049516e+04
1.014618e+04 1.000970e+04
9.791056e+03 9.697372e+03
9.507493e+03 9.415156e+03
9.270972e+03 9.185144e+03
9.041142e+03 8.980736e+03
8.859456e+03 8.801963e+03
8.720302e+03 8.671726e+03
8.578723e+03 8.507029e+03
8.378684e+03 8.301801e+03
8.178500e+03 8.135013e+03
8.017463e+03 7.972199e+03
7.879501e+03 7.843232e+03
7.769430e+03 7.734812e+03
7.661976e+03 7.633827e+03
7.558005e+03 7.531628e+03
7.447606e+03 7.404929e+03
7.341165e+03 7.296863e+03
7.203540e+03 7.133796e+03
7.037113e+03 6.984510e+03
6.892145e+03 6.853696e+03
6.727335e+03 6.660029e+03
6.547636e+03 6.485557e+03
6.362999e+03 6.320774e+03
6.201887e+03 6.164925e+03
6.084372e+03 6.043795e+03
5.980189e+03 5.949450e+03
5.892760e+03 5.854676e+03
5.790348e+03 5.760263e+03
5.716212e+03 5.700093e+03
5.668491e+03 5.653884e+03
5.617511e+03 5.595639e+03
5.555083e+03 5.534758e+03
5.510009e+03 5.500179e+03
5.476375e+03 5.467296e+03
5.445337e+03 5.434739e+03
5.416499e+03 5.406145e+03
5.385115e+03 5.371825e+03
5.351096e+03 5.341388e+03
5.308493e+03 5.289840e+03
5.265003e+03 5.253085e+03
5.228798e+03 5.217846e+03
5.199368e+03 5.190470e+03
5.168176e+03 5.152080e+03
5.129861e+03 5.119152e+03
5.095040e+03 5.081024e+03
5.059013e+03 5.048775e+03
5.025442e+03 5.014937e+03
4.991726e+03 4.980798e+03
4.967328e+03 4.960978e+03
4.940909e+03 4.930656e+03
4.908108e+03 4.889985e+03
4.873905e+03 4.865965e+03
4.848118e+03 4.838916e+03
4.822860e+03 4.817545e+03
4.807309e+03 4.802905e+03
4.791423e+03 4.785015e+03
4.772871e+03 4.764699e+03
4.755685e+03 4.748597e+03
4.738019e+03 4.732852e+03
4.720793e+03 4.715590e+03
4.703226e+03 4.697870e+03
4.688421e+03 4.684461e+03
4.673439e+03 4.667656e+03
4.656895e+03 4.649456e+03
4.637913e+03 4.631872e+03
4.621856e+03 4.617219e+03
4.607497e+03 4.602137e+03
4.587416e+03 4.579681e+03
1.063095e+10 1.706668e+09
3.659825e+08 6.049169e+07
1.543128e+07 9.412882e+06
4.123067e+06 3.142589e+06
1.632055e+06 1.295117e+06
5.557189e+05 4.825230e+05
3.124966e+05 2.831635e+05
1.912244e+05 1.765925e+05
9.483973e+04 7.732958e+04
4.986734e+04 4.441639e+04
3.594395e+04 3.318969e+04
3.181640e+04 3.058918e+04
2.852007e+04 2.765021e+04
2.578962e+04 2.538822e+04
2.401905e+04 2.356866e+04
2.172281e+04 2.134676e+04
1.954516e+04 1.914605e+04
1.758387e+04 1.725719e+04
1.616392e+04 1.595594e+04
1.504078e+04 1.491447e+04
1.423691e+04 1.409453e+04
1.340829e+04 1.326551e+04
1.271723e+04 1.261874e+04
1.214031e+04 1.206321e+04
1.193287e+04 1.188327e+04
1.173853e+04 1.170979e+04
1.146270e+04 1.141561e+04
1.112982e+04 1.106297e+04
1.070267e+04 1.063972e+04
1.041634e+04 1.038047e+04
1.023589e+04 1.020601e+04
1.009559e+04 1.007649e+04
9.990270e+03 9.976240e+03
9.903041e+03 9.886680e+03
9.822292e+03 9.805516e+03
9.708371e+03 9.687412e+03
9.620496e+03 9.609373e+03
9.522773e+03 9.505941e+03
9.444600e+03 9.427522e+03
9.369529e+03 9.357208e+03
9.288230e+03 9.275488e+03
9.197897e+03 9.184667e+03
9.136464e+03 9.129229e+03
9.089336e+03 9.081061e+03
9.043536e+03 9.036361e+03
8.985442e+03 8.976845e+03
8.911412e+03 8.901121e+03
8.871309e+03 8.865820e+03
8.837572e+03 8.832259e+03
8.801709e+03 8.795651e+03
8.751504e+03 8.744266e+03
8.712430e+03 8.707276e+03
8.682691e+03 8.677341e+03
8.651731e+03 8.644871e+03
8.613696e+03 8.605762e+03
8.574488e+03 8.567950e+03
8.533842e+03 8.526907e+03
8.491095e+03 8.481887e+03
8.452669e+03 8.445427e+03
8.399073e+03 8.389340e+03
8.318417e+03 8.301248e+03
8.230123e+03 8.215096e+03
8.150003e+03 8.136794e+03
8.060943e+03 8.046715e+03
7.991089e+03 7.980623e+03
7.920210e+03 7.905939e+03
7.854875e+03 7.846122e+03
7.796982e+03 7.788644e+03
7.746952e+03 7.738525e+03
7.715011e+03 7.711916e+03
7.696933e+03 7.693214e+03
7.671654e+03 7.667038e+03
7.645466e+03 7.638440e+03
7.620450e+03 7.615754e+03
7.602008e+03 7.598881e+03
7.583622e+03 7.580535e+03
7.565925e+03 7.562482e+03
7.547880e+03 7.543735e+03
7.525813e+03 7.521477e+03
7.506585e+03 7.503954e+03
7.486893e+03 7.482529e+03
7.464440e+03 7.460218e+03
7.445798e+03 7.442537e+03
7.430024e+03 7.427122e+03
7.404957e+03 7.399391e+03
7.375924e+03 7.369805e+03
7.333110e+03 7.325036e+03
7.297844e+03 7.292576e+03
7.252437e+03 7.245003e+03
7.219537e+03 7.216172e+03
7.196563e+03 7.193189e+03
7.172052e+03 7.167526e+03
7.131979e+03 7.123841e+03
7.099391e+03 7.094569e+03
7.061210e+03 7.054235e+03
7.011253e+03 7.003376e+03
6.963182e+03 6.953533e+03
6.915861e+03 6.906620e+03
6.873868e+03 6.867761e+03
6.838401e+03 6.832102e+03
6.795654e+03 6.789529e+03
1.041242e+10 1.737251e+09
4.077897e+08 8.386253e+07
1.899939e+07 8.874704e+06
2.554549e+06 1.781542e+06
9.105497e+05 6.364273e+05
3.794522e+05 2.728793e+05
1.921293e+05 1.603505e+05
1.229747e+05 1.088070e+05
9.821276e+04 9.325489e+04
8.882014e+04 8.596797e+04
8.236884e+04 8.075671e+04
6.793868e+04 6.469962e+04
4.810836e+04 4.478608e+04
3.618219e+04 3.300317e+04
2.819898e+04 2.696852e+04
2.422615e+04 2.346051e+04
2.168305e+04 2.134264e+04
2.001580e+04 1.970207e+04
1.888681e+04 1.871247e+04
1.806284e+04 1.788005e+04
1.692547e+04 1.675730e+04
1.618283e+04 1.606796e+04
1.542196e+04 1.522861e+04
1.463568e+04 1.455229e+04
1.417992e+04 1.411573e+04
1.379673e+04 1.371577e+04
1.332776e+04 1.326368e+04
1.299128e+04 1.292599e+04
1.260831e+04 1.253156e+04
1.205475e+04 1.193635e+04
1.157040e+04 1.148732e+04
1.120301e+04 1.114021e+04
1.085040e+04 1.080396e+04
1.053140e+04 1.049009e+04
1.030465e+04 1.027952e+04
1.012241e+04 1.006763e+04
9.876417e+03 9.835625e+03
9.662168e+03 9.625210e+03
9.514410e+03 9.489105e+03
9.385965e+03 9.358001e+03
9.223409e+03 9.196241e+03
9.038781e+03 9.008382e+03
8.834093e+03 8.792706e+03
8.590410e+03 8.550525e+03
8.401823e+03 8.378035e+03
8.288259e+03 8.270143e+03
8.200225e+03 8.186563e+03
8.070535e+03 8.054185e+03
7.965796e+03 7.954899e+03
7.904218e+03 7.891240e+03
7.813417e+03 7.795024e+03
7.706523e+03 7.682747e+03
7.579510e+03 7.553094e+03
7.477861e+03 7.461317e+03
7.364949e+03 7.338781e+03
7.184258e+03 7.147518e+03
6.968530e+03 6.926479e+03
6.675167e+03 6.626788e+03
6.437138e+03 6.409347e+03
6.242867e+03 6.213638e+03
5.979844e+03 5.940478e+03
5.684060e+03 5.646123e+03
5.558627e+03 5.542384e+03
5.427116e+03 5.406472e+03
5.316551e+03 5.296491e+03
5.208536e+03 5.197883e+03
5.141261e+03 5.131527e+03
5.081618e+03 5.069502e+03
4.988492e+03 4.973630e+03
4.909187e+03 4.899605e+03
4.838951e+03 4.828142e+03
4.747161e+03 4.734562e+03
4.645022e+03 4.629653e+03
4.579134e+03 4.571047e+03
4.543164e+03 4.538764e+03
4.514927e+03 4.510446e+03
4.482535e+03 4.477940e+03
4.453349e+03 4.448142e+03
4.426553e+03 4.421123e+03
4.385121e+03 4.378690e+03
4.319013e+03 4.306207e+03
4.223251e+03 4.208940e+03
4.136646e+03 4.126677e+03
4.055404e+03 4.046400e+03
4.002704e+03 3.994815e+03
3.959934e+03 3.954041e+03
3.917382e+03 3.909416e+03
3.874180e+03 3.866149e+03
3.832256e+03 3.826333e+03
3.797540e+03 3.791487e+03
3.750849e+03 3.744310e+03
3.709678e+03 3.704345e+03
3.680104e+03 3.675525e+03
3.654810e+03 3.650679e+03
3.630537e+03 3.626007e+03
3.601045e+03 3.597100e+03
3.577808e+03 3.574777e+03
3.557659e+03 3.553067e+03
3.540355e+03 3.537591e+03
3.524871e+03 3.521497e+03
3.510950e+03 3.507879e+03
1.028824e+10 1.602564e+09
3.637515e+08 6.144554e+07
1.301074e+07 3.617654e+06
1.372289e+06 7.761425e+05
3.295277e+05 2.340040e+05
1.453558e+05 1.090176e+05
8.812311e+04 7.879681e+04
7.060326e+04 6.533574e+04
6.017476e+04 5.760578e+04
5.529086e+04 5.323231e+04
5.161508e+04 5.046124e+04
4.904580e+04 4.788876e+04
4.708557e+04 4.656409e+04
4.557619e+04 4.507417e+04
4.443848e+04 4.392914e+04
4.177086e+04 4.122486e+04
3.759858e+04 3.679524e+04
2.942401e+04 2.780783e+04
2.314100e+04 2.234504e+04
1.929460e+04 1.865668e+04
1.552517e+04 1.482152e+04
1.347077e+04 1.320688e+04
1.218853e+04 1.200852e+04
1.079700e+04 1.059578e+04
9.964337e+03 9.834884e+03
9.360110e+03 9.285466e+03
8.751191e+03 8.660681e+03
8.305558e+03 8.225753e+03
7.949211e+03 7.891038e+03
7.676448e+03 7.634402e+03
7.421993e+03 7.391573e+03
7.253773e+03 7.222784e+03
7.062177e+03 7.026513e+03
6.804405e+03 6.760504e+03
6.591101e+03 6.562947e+03
6.375059e+03 6.346283e+03
6.127898e+03 6.085542e+03
5.806933e+03 5.756019e+03
5.511767e+03 5.468420e+03
5.279499e+03 5.244203e+03
5.067430e+03 5.034832e+03
4.908284e+03 4.890679e+03
4.770344e+03 4.751981e+03
4.676880e+03 4.665474e+03
4.606913e+03 4.591570e+03
4.513018e+03 4.499019e+03
4.434647e+03 4.425607e+03
4.379452e+03 4.371529e+03
4.333728e+03 4.326727e+03
4.272561e+03 4.258531e+03
4.154490e+03 4.134523e+03
4.058137e+03 4.040538e+03
3.964693e+03 3.952310e+03
3.900581e+03 3.892373e+03
3.868530e+03 3.861774e+03
3.838237e+03 3.833459e+03
3.807768e+03 3.802804e+03
3.782325e+03 3.778946e+03
3.757928e+03 3.754347e+03
3.733097e+03 3.728953e+03
3.704262e+03 3.699468e+03
3.659207e+03 3.643041e+03
3.601386e+03 3.595110e+03
3.569327e+03 3.560187e+03
3.516775e+03 3.508108e+03
3.465837e+03 3.454825e+03
3.393009e+03 3.379353e+03
3.345823e+03 3.338987e+03
3.313968e+03 3.310563e+03
3.286939e+03 3.282518e+03
3.266977e+03 3.263068e+03
3.238922e+03 3.232335e+03
3.200333e+03 3.194889e+03
3.167993e+03 3.163114e+03
3.121810e+03 3.112574e+03
3.067327e+03 3.057582e+03
3.019901e+03 3.014349e+03
2.987849e+03 2.982290e+03
2.952170e+03 2.947807e+03
2.924180e+03 2.920780e+03
2.903172e+03 2.899346e+03
2.891266e+03 2.889048e+03
2.881888e+03 2.879528e+03
2.874568e+03 2.873095e+03
2.869435e+03 2.868645e+03
2.862564e+03 2.860906e+03
2.854690e+03 2.853495e+03
2.846971e+03 2.845964e+03
2.839617e+03 2.838058e+03
2.831021e+03 2.829175e+03
2.819240e+03 2.817044e+03
2.801381e+03 2.796604e+03
2.778218e+03 2.775006e+03
2.756094e+03 2.752191e+03
2.745064e+03 2.743632e+03
2.736549e+03 2.734920e+03
2.724479e+03 2.721915e+03
2.713564e+03 2.711569e+03
2.697867e+03 2.694421e+03
2.667945e+03 2.660651e+03
2.626727e+03 2.618989e+03
1.004603e+10 1.034412e+09
3.676300e+08 7.057745e+07
1.620868e+08 5.022724e+06
1.774230e+06 1.120102e+06
5.578875e+05 4.278412e+05
1.645808e+05 1.351804e+05
9.302181e+04 7.802016e+04
5.538230e+04 5.038047e+04
3.877667e+04 3.382799e+04
2.722659e+04 2.491568e+04
2.264218e+04 2.181852e+04
2.077901e+04 2.034645e+04
1.833303e+04 1.797743e+04
1.522611e+04 1.462566e+04
1.279095e+04 1.241551e+04
1.144210e+04 1.125429e+04
1.071385e+04 1.061333e+04
1.028804e+04 1.022710e+04
9.872513e+03 9.788398e+03
9.280718e+03 9.200273e+03
8.725802e+03 8.629592e+03
8.306217e+03 8.254109e+03
8.055123e+03 8.012226e+03
7.788232e+03 7.741714e+03
7.537489e+03 7.505009e+03
7.416144e+03 7.389467e+03
7.249391e+03 7.221816e+03
7.114854e+03 7.093792e+03
7.000304e+03 6.982052e+03
6.928609e+03 6.918008e+03
6.831102e+03 6.812774e+03
6.727910e+03 6.713956e+03
6.624903e+03 6.608749e+03
6.576209e+03 6.570283e+03
6.540973e+03 6.534000e+03
6.502716e+03 6.497079e+03
6.477831e+03 6.472934e+03
6.456817e+03 6.452852e+03
6.441083e+03 6.436375e+03
6.429211e+03 6.427285e+03
6.421568e+03 6.419252e+03
6.404207e+03 6.400073e+03
6.379887e+03 6.375595e+03
6.362642e+03 6.358152e+03
6.345118e+03 6.341971e+03
6.329948e+03 6.327082e+03
6.314833e+03 6.311032e+03
6.303909e+03 6.302246e+03
6.295532e+03 6.294180e+03
6.286908e+03 6.284871e+03
6.272688e+03 6.268716e+03
6.256575e+03 6.252842e+03
6.238448e+03 6.233479e+03
6.217251e+03 6.213895e+03
6.204775e+03 6.203141e+03
6.196726e+03 6.194243e+03
6.188644e+03 6.186642e+03
6.181181e+03 6.179843e+03
6.174757e+03 6.172787e+03
6.166090e+03 6.164229e+03
6.152287e+03 6.150209e+03
6.140053e+03 6.137769e+03
6.110390e+03 6.101337e+03
6.047581e+03 6.035352e+03
5.996271e+03 5.987802e+03
5.959666e+03 5.954812e+03
5.943026e+03 5.939763e+03
5.911838e+03 5.906434e+03
5.878739e+03 5.873391e+03
5.851959e+03 5.847390e+03
5.829400e+03 5.824872e+03
5.802104e+03 5.797523e+03
5.779527e+03 5.775712e+03
5.766841e+03 5.764791e+03
5.756876e+03 5.754721e+03
5.747057e+03 5.745023e+03
5.735326e+03 5.732597e+03
5.723582e+03 5.719828e+03
5.711066e+03 5.708763e+03
5.701176e+03 5.698441e+03
5.691069e+03 5.689347e+03
5.672678e+03 5.669520e+03
5.661953e+03 5.660141e+03
5.652518e+03 5.650635e+03
5.637396e+03 5.634431e+03
5.607647e+03 5.597003e+03
5.554985e+03 5.546027e+03
5.520055e+03 5.515279e+03
5.492428e+03 5.486178e+03
5.474309e+03 5.471921e+03
5.456414e+03 5.452649e+03
5.427372e+03 5.420855e+03
5.394195e+03 5.389465e+03
5.368689e+03 5.362546e+03
5.328256e+03 5.318916e+03
5.273406e+03 5.263480e+03
5.236168e+03 5.229281e+03
5.206596e+03 5.198628e+03
5.154717e+03 5.146092e+03
5.106127e+03 5.098202e+03
5.058467e+03 5.050607e+03
9.975337e+09 1.648597e+09
4.377169e+08 7.305693e+07
2.385472e+08 5.545480e+06
1.985081e+06 1.037888e+06
7.229295e+05 5.371423e+05
2.202702e+05 1.520634e+05
7.198520e+04 6.102094e+04
3.560402e+04 3.071692e+04
2.414335e+04 2.236631e+04
1.891881e+04 1.811476e+04
1.580938e+04 1.546901e+04
1.400594e+04 1.368420e+04
1.212066e+04 1.192312e+04
1.099126e+04 1.086186e+04
1.035275e+04 1.023834e+04
9.739754e+03 9.646483e+03
9.130729e+03 9.034578e+03
8.429998e+03 8.334307e+03
7.868396e+03 7.771246e+03
7.351800e+03 7.298544e+03
7.091299e+03 7.059908e+03
6.891484e+03 6.849397e+03
6.729023e+03 6.712536e+03
6.596542e+03 6.576548e+03
6.460659e+03 6.438528e+03
6.305863e+03 6.280222e+03
6.183667e+03 6.163812e+03
6.079600e+03 6.057501e+03
5.996777e+03 5.982574e+03
5.928652e+03 5.918385e+03
5.860553e+03 5.851991e+03
5.807885e+03 5.797110e+03
5.731803e+03 5.710344e+03
5.651764e+03 5.638081e+03
5.588854e+03 5.579656e+03
5.536111e+03 5.527728e+03
5.492908e+03 5.488069e+03
5.469310e+03 5.465556e+03
5.451518e+03 5.447947e+03
5.428762e+03 5.422645e+03
5.412522e+03 5.409128e+03
5.391272e+03 5.386848e+03
5.362920e+03 5.355663e+03
5.320281e+03 5.312860e+03
5.275196e+03 5.269463e+03
5.233171e+03 5.226939e+03
5.202244e+03 5.197339e+03
5.170074e+03 5.165215e+03
5.146401e+03 5.143086e+03
5.124236e+03 5.119998e+03
5.105639e+03 5.101498e+03
5.092713e+03 5.089855e+03
5.082264e+03 5.079964e+03
5.071817e+03 5.070073e+03
5.058984e+03 5.056044e+03
5.042773e+03 5.038569e+03
5.026900e+03 5.023980e+03
5.008893e+03 5.005518e+03
4.988000e+03 4.984476e+03
4.974486e+03 4.971807e+03
4.953323e+03 4.948965e+03
4.919503e+03 4.912132e+03
4.881218e+03 4.876157e+03
4.838404e+03 4.830497e+03
4.797324e+03 4.788711e+03
4.741071e+03 4.731748e+03
4.693449e+03 4.685859e+03
4.651036e+03 4.645399e+03
4.621344e+03 4.617656e+03
4.596378e+03 4.590714e+03
4.577101e+03 4.573965e+03
4.562796e+03 4.559997e+03
4.548954e+03 4.546921e+03
4.539352e+03 4.537587e+03
4.527948e+03 4.526084e+03
4.522568e+03 4.521610e+03
4.515184e+03 4.513790e+03
4.506366e+03 4.505002e+03
4.499507e+03 4.498041e+03
4.487426e+03 4.485338e+03
4.476706e+03 4.474424e+03
4.452717e+03 4.447397e+03
4.430138e+03 4.425987e+03
4.409893e+03 4.407139e+03
4.397435e+03 4.395308e+03
4.387072e+03 4.385103e+03
4.377733e+03 4.375202e+03
4.367557e+03 4.365579e+03
4.356034e+03 4.354050e+03
4.345944e+03 4.343780e+03
4.335595e+03 4.333758e+03
4.326281e+03 4.324502e+03
4.314233e+03 4.310921e+03
4.303119e+03 4.300399e+03
4.292745e+03 4.290706e+03
4.280350e+03 4.277849e+03
4.263861e+03 4.260785e+03
4.245742e+03 4.242251e+03
4.230980e+03 4.228429e+03
4.222884e+03 4.221518e+03
4.216590e+03 4.215432e+03
9.880550e+09 1.243457e+09
4.042958e+08 6.792420e+07
1.396767e+08 7.732773e+06
2.472018e+06 1.543844e+06
3.768096e+05 2.643782e+05
7.857332e+04 6.722873e+04
4.704675e+04 4.328981e+04
4.032949e+04 3.909358e+04
3.266201e+04 3.118546e+04
2.695259e+04 2.617594e+04
2.455300e+04 2.422491e+04
2.300998e+04 2.279755e+04
2.170319e+04 2.151051e+04
2.065007e+04 2.046511e+04
1.941726e+04 1.919871e+04
1.844511e+04 1.830716e+04
1.762208e+04 1.750772e+04
1.708990e+04 1.700592e+04
1.658474e+04 1.645488e+04
1.608195e+04 1.599394e+04
1.569506e+04 1.561374e+04
1.532051e+04 1.524792e+04
1.493919e+04 1.484868e+04
1.450147e+04 1.441676e+04
1.414719e+04 1.409058e+04
1.386943e+04 1.382979e+04
1.361984e+04 1.357126e+04
1.343711e+04 1.341370e+04
1.327106e+04 1.322148e+04
1.306235e+04 1.303464e+04
1.291717e+04 1.289718e+04
1.271198e+04 1.266377e+04
1.245315e+04 1.240041e+04
1.224881e+04 1.222580e+04
1.210425e+04 1.208513e+04
1.197021e+04 1.194916e+04
1.185507e+04 1.184068e+04
1.172226e+04 1.169620e+04
1.159506e+04 1.157446e+04
1.145704e+04 1.143544e+04
1.131520e+04 1.127716e+04
1.118129e+04 1.116527e+04
1.109561e+04 1.107978e+04
1.102297e+04 1.101078e+04
1.094352e+04 1.093044e+04
1.086020e+04 1.084755e+04
1.079462e+04 1.078641e+04
1.073962e+04 1.072910e+04
1.068765e+04 1.068033e+04
1.063111e+04 1.062128e+04
1.057253e+04 1.056391e+04
1.051957e+04 1.051282e+04
1.047703e+04 1.046758e+04
1.041377e+04 1.040484e+04
1.036991e+04 1.036171e+04
1.031664e+04 1.030778e+04
1.028199e+04 1.027643e+04
1.024535e+04 1.023751e+04
1.016987e+04 1.015806e+04
1.011503e+04 1.010569e+04
1.004698e+04 1.003609e+04
9.966803e+03 9.951524e+03
9.889469e+03 9.873209e+03
9.790458e+03 9.769933e+03
9.692009e+03 9.673533e+03
9.560806e+03 9.535107e+03
9.435790e+03 9.418415e+03
9.343176e+03 9.330830e+03
9.266688e+03 9.254063e+03
9.163947e+03 9.149461e+03
9.049425e+03 9.018362e+03
8.891528e+03 8.861810e+03
8.724053e+03 8.698883e+03
8.601438e+03 8.579964e+03
8.487399e+03 8.467834e+03
8.402654e+03 8.388363e+03
8.291696e+03 8.275792e+03
8.197090e+03 8.184445e+03
8.120796e+03 8.109044e+03
8.013246e+03 7.997940e+03
7.889871e+03 7.866954e+03
7.792236e+03 7.774584e+03
7.664190e+03 7.638175e+03
7.493115e+03 7.463686e+03
7.279385e+03 7.252200e+03
7.169571e+03 7.153148e+03
7.089362e+03 7.079840e+03
6.985258e+03 6.965914e+03
6.862910e+03 6.839123e+03
6.682724e+03 6.653286e+03
6.510566e+03 6.475262e+03
6.405142e+03 6.393172e+03
6.294584e+03 6.280687e+03
6.192025e+03 6.170191e+03
6.054803e+03 6.025867e+03
5.864619e+03 5.830702e+03
5.693232e+03 5.672553e+03
5.535036e+03 5.508983e+03
5.356689e+03 5.316123e+03
5.143507e+03 5.109535e+03
4.970771e+03 4.952753e+03
1.036011e+10 1.613342e+09
3.698088e+08 8.180385e+07
1.691942e+07 5.117184e+06
4.309512e+06 6.209305e+05
2.312643e+05 1.460371e+05
8.452397e+04 6.863008e+04
5.425354e+04 5.033364e+04
4.126357e+04 3.954218e+04
3.379850e+04 3.264384e+04
2.727661e+04 2.569217e+04
2.268330e+04 2.196133e+04
1.940903e+04 1.887504e+04
1.746248e+04 1.720465e+04
1.588788e+04 1.550996e+04
1.374148e+04 1.313243e+04
1.128256e+04 1.103660e+04
1.020087e+04 1.001276e+04
9.140056e+03 8.992903e+03
7.888094e+03 7.657347e+03
7.431945e+03 7.371733e+03
7.145055e+03 7.102812e+03
6.835284e+03 6.771961e+03
6.547688e+03 6.500028e+03
6.298652e+03 6.264270e+03
6.090875e+03 6.057120e+03
5.849412e+03 5.812231e+03
5.699914e+03 5.677890e+03
5.531300e+03 5.494607e+03
5.357729e+03 5.327448e+03
5.183556e+03 5.148811e+03
5.028895e+03 5.003741e+03
4.918189e+03 4.897930e+03
4.807853e+03 4.778245e+03
4.712705e+03 4.697731e+03
4.652697e+03 4.640515e+03
4.574581e+03 4.561042e+03
4.507768e+03 4.491495e+03
4.446006e+03 4.437529e+03
4.382170e+03 4.372092e+03
4.341207e+03 4.334847e+03
4.305869e+03 4.297542e+03
4.257099e+03 4.251339e+03
4.239867e+03 4.237443e+03
4.215874e+03 4.208979e+03
4.191870e+03 4.188456e+03
4.166089e+03 4.162577e+03
4.137788e+03 4.132731e+03
4.114542e+03 4.110666e+03
4.091863e+03 4.087985e+03
4.077531e+03 4.075557e+03
4.067943e+03 4.064881e+03
4.049424e+03 4.046568e+03
4.033487e+03 4.030094e+03
4.019280e+03 4.016129e+03
4.005500e+03 4.001895e+03
3.986945e+03 3.984308e+03
3.972378e+03 3.968009e+03
3.953440e+03 3.949525e+03
3.933713e+03 3.930924e+03
3.917700e+03 3.913330e+03
3.895099e+03 3.890672e+03
3.872544e+03 3.868287e+03
3.857368e+03 3.854516e+03
3.838100e+03 3.835017e+03
3.814191e+03 3.810215e+03
3.795494e+03 3.792408e+03
3.774809e+03 3.771190e+03
3.754777e+03 3.750506e+03
3.733822e+03 3.729584e+03
3.709332e+03 3.705025e+03
3.685334e+03 3.681764e+03
3.665881e+03 3.661547e+03
3.644783e+03 3.640842e+03
3.623503e+03 3.618864e+03
3.597347e+03 3.592784e+03
3.585952e+03 3.583896e+03
3.578812e+03 3.577381e+03
3.573446e+03 3.572473e+03
3.567465e+03 3.566181e+03
3.559475e+03 3.558031e+03
3.553349e+03 3.552309e+03
3.546015e+03 3.544464e+03
3.537958e+03 3.536108e+03
3.531075e+03 3.529804e+03
3.523131e+03 3.521594e+03
3.515784e+03 3.513673e+03
3.504643e+03 3.502931e+03
3.493136e+03 3.490574e+03
3.482785e+03 3.481242e+03
3.475729e+03 3.474412e+03
3.469361e+03 3.468392e+03
3.464354e+03 3.463419e+03
3.458932e+03 3.457594e+03
3.452634e+03 3.451149e+03
3.447552e+03 3.446376e+03
3.442224e+03 3.440859e+03
3.431493e+03 3.429099e+03
3.421601e+03 3.420158e+03
3.414713e+03 3.413232e+03
3.406412e+03 3.404528e+03
3.397783e+03 3.395915e+03
9.914258e+09 1.302996e+09
3.554370e+08 4.321330e+07
1.698836e+08 4.156036e+06
1.437496e+06 8.997236e+05
5.434793e+05 3.785141e+05
2.612461e+05 2.053906e+05
1.662983e+05 1.534578e+05
1.386387e+05 1.314265e+05
1.212580e+05 1.151983e+05
1.090137e+05 1.051400e+05
9.903324e+04 9.370241e+04
8.299451e+04 7.530540e+04
6.937563e+04 6.421859e+04
6.062309e+04 5.561449e+04
5.346578e+04 5.088467e+04
5.012733e+04 4.816478e+04
4.776366e+04 4.640460e+04
4.584552e+04 4.508934e+04
4.429339e+04 4.371830e+04
4.319570e+04 4.286558e+04
4.237173e+04 4.209545e+04
4.165515e+04 4.131078e+04
4.090803e+04 4.064651e+04
4.028547e+04 4.012994e+04
3.974467e+04 3.955813e+04
3.925514e+04 3.912136e+04
3.893722e+04 3.883493e+04
3.859166e+04 3.846593e+04
3.832170e+04 3.825389e+04
3.811388e+04 3.806224e+04
3.793438e+04 3.787837e+04
3.778334e+04 3.774044e+04
3.764928e+04 3.760711e+04
3.753193e+04 3.749945e+04
3.741557e+04 3.737250e+04
3.731608e+04 3.728877e+04
3.721438e+04 3.718292e+04
3.710490e+04 3.707518e+04
3.699952e+04 3.696769e+04
3.688800e+04 3.684594e+04
3.678368e+04 3.674802e+04
3.669462e+04 3.666959e+04
3.661767e+04 3.659940e+04
3.654536e+04 3.651573e+04
3.643768e+04 3.640267e+04
3.634946e+04 3.630996e+04
3.624267e+04 3.618463e+04
3.611819e+04 3.607644e+04
3.600327e+04 3.597945e+04
3.589372e+04 3.586532e+04
3.579409e+04 3.575887e+04
3.570548e+04 3.567828e+04
3.561951e+04 3.558850e+04
3.553684e+04 3.551238e+04
3.546712e+04 3.544462e+04
3.540400e+04 3.538840e+04
3.535047e+04 3.532811e+04
3.528702e+04 3.526563e+04
3.520549e+04 3.517148e+04
3.513231e+04 3.510633e+04
3.506113e+04 3.503975e+04
3.498684e+04 3.495313e+04
3.490095e+04 3.487317e+04
3.482902e+04 3.480689e+04
3.475858e+04 3.473854e+04
3.469747e+04 3.468226e+04
3.464445e+04 3.462162e+04
3.458388e+04 3.456658e+04
3.453920e+04 3.452388e+04
3.449420e+04 3.448059e+04
3.443881e+04 3.442200e+04
3.439469e+04 3.438126e+04
3.432582e+04 3.430555e+04
3.424798e+04 3.422058e+04
3.417136e+04 3.415034e+04
3.409394e+04 3.405827e+04
3.399846e+04 3.397390e+04
3.388405e+04 3.385103e+04
3.379489e+04 3.377582e+04
3.371581e+04 3.368855e+04
3.363535e+04 3.360865e+04
3.355410e+04 3.352212e+04
3.347066e+04 3.343769e+04
3.337513e+04 3.333813e+04
3.329338e+04 3.327115e+04
3.321425e+04 3.318036e+04
3.311202e+04 3.307778e+04
3.300725e+04 3.298541e+04
3.292075e+04 3.289234e+04
3.283349e+04 3.280542e+04
3.273300e+04 3.268745e+04
3.260911e+04 3.256929e+04
3.247547e+04 3.243006e+04
3.236952e+04 3.234444e+04
3.227365e+04 3.223849e+04
3.215258e+04 3.212290e+04
3.205773e+04 3.203500e+04
3.193982e+04 3.188225e+04
3.178381e+04 3.172854e+04
3.162344e+04 3.156238e+04
3.143284e+04 3.133566e+04
1.000623e+10 2.248841e+09
3.698436e+08 7.397028e+07
1.562651e+08 6.481646e+06
2.599573e+06 1.526825e+06
8.697620e+05 6.866189e+05
3.732631e+05 3.076044e+05
1.532920e+05 1.382773e+05
1.037734e+05 9.569180e+04
8.074594e+04 7.805103e+04
6.878032e+04 6.663752e+04
6.449660e+04 6.301306e+04
6.171747e+04 6.095759e+04
5.993847e+04 5.963421e+04
5.641704e+04 5.547933e+04
5.202878e+04 5.126517e+04
4.928850e+04 4.882582e+04
4.723465e+04 4.696962e+04
4.544060e+04 4.517155e+04
4.336461e+04 4.307423e+04
4.212830e+04 4.186054e+04
4.061494e+04 4.038770e+04
3.973092e+04 3.960858e+04
3.881656e+04 3.865501e+04
3.802549e+04 3.786689e+04
3.686278e+04 3.663772e+04
3.600284e+04 3.587456e+04
3.524973e+04 3.510771e+04
3.471154e+04 3.465968e+04
3.421668e+04 3.414186e+04
3.379186e+04 3.371656e+04
3.335214e+04 3.326124e+04
3.295203e+04 3.288437e+04
3.238025e+04 3.229790e+04
3.198186e+04 3.192635e+04
3.156929e+04 3.149879e+04
3.117276e+04 3.106284e+04
3.075533e+04 3.070300e+04
3.010721e+04 2.996711e+04
2.955184e+04 2.947832e+04
2.901898e+04 2.892114e+04
2.855282e+04 2.850358e+04
2.830354e+04 2.826357e+04
2.811847e+04 2.809326e+04
2.795861e+04 2.793311e+04
2.777565e+04 2.774152e+04
2.755746e+04 2.751139e+04
2.717374e+04 2.709657e+04
2.677172e+04 2.671144e+04
2.630452e+04 2.623271e+04
2.600959e+04 2.595888e+04
2.566860e+04 2.557565e+04
2.535344e+04 2.528420e+04
2.502567e+04 2.498037e+04
2.473022e+04 2.469785e+04
2.446184e+04 2.443358e+04
2.412211e+04 2.405115e+04
2.362490e+04 2.355108e+04
2.317611e+04 2.311815e+04
2.277753e+04 2.271211e+04
2.231020e+04 2.224297e+04
2.180382e+04 2.172304e+04
2.121647e+04 2.115240e+04
2.068008e+04 2.055857e+04
1.990207e+04 1.977546e+04
1.903487e+04 1.891370e+04
1.835812e+04 1.829173e+04
1.783448e+04 1.775916e+04
1.741647e+04 1.734929e+04
1.713374e+04 1.710213e+04
1.688293e+04 1.682815e+04
1.660237e+04 1.655706e+04
1.636787e+04 1.633451e+04
1.620464e+04 1.617620e+04
1.607350e+04 1.605288e+04
1.600073e+04 1.598732e+04
1.592943e+04 1.591941e+04
1.586352e+04 1.585219e+04
1.580432e+04 1.579537e+04
1.574097e+04 1.572639e+04
1.567111e+04 1.565697e+04
1.553720e+04 1.551078e+04
1.534813e+04 1.531790e+04
1.512344e+04 1.509214e+04
1.487036e+04 1.482536e+04
1.451746e+04 1.446336e+04
1.418804e+04 1.412515e+04
1.387116e+04 1.382981e+04
1.354372e+04 1.349274e+04
1.325310e+04 1.320897e+04
1.291670e+04 1.286264e+04
1.265721e+04 1.260771e+04
1.233778e+04 1.229590e+04
1.201541e+04 1.195443e+04
1.156830e+04 1.150001e+04
1.114533e+04 1.107898e+04
1.076708e+04 1.071475e+04
1.049961e+04 1.045223e+04
1.021401e+04 1.013490e+04
9.897465e+03 9.837860e+03
9.523929e+03 9.476982e+03
9.103839e+03 9.037087e+03
1.017214e+10 7.837478e+08
3.701800e+08 4.266332e+07
1.259891e+07 4.272497e+06
1.854664e+06 1.005865e+06
5.691593e+05 4.275227e+05
2.490855e+05 1.990643e+05
1.462180e+05 1.336441e+05
8.500219e+04 8.078763e+04
6.493859e+04 6.215465e+04
5.034103e+04 4.815639e+04
4.350631e+04 4.241910e+04
3.406634e+04 3.288171e+04
2.881194e+04 2.775765e+04
2.564433e+04 2.502183e+04
2.270539e+04 2.233549e+04
2.135408e+04 2.112481e+04
2.022721e+04 2.004967e+04
1.918335e+04 1.895135e+04
1.831648e+04 1.820482e+04
1.774411e+04 1.768730e+04
1.745999e+04 1.742348e+04
1.705673e+04 1.696623e+04
1.665565e+04 1.660169e+04
1.620363e+04 1.611512e+04
1.572866e+04 1.565463e+04
1.536466e+04 1.528602e+04
1.471745e+04 1.457668e+04
1.385109e+04 1.367393e+04
1.306296e+04 1.292159e+04
1.242975e+04 1.234386e+04
1.193898e+04 1.185416e+04
1.149625e+04 1.142251e+04
1.119034e+04 1.113708e+04
1.097665e+04 1.094184e+04
1.073246e+04 1.068881e+04
1.040034e+04 1.035334e+04
1.013258e+04 1.010439e+04
9.894792e+03 9.853361e+03
9.657569e+03 9.620077e+03
9.492461e+03 9.463348e+03
9.358693e+03 9.342931e+03
9.284935e+03 9.273703e+03
9.173091e+03 9.148603e+03
9.071843e+03 9.054558e+03
8.987666e+03 8.978038e+03
8.913848e+03 8.900185e+03
8.815739e+03 8.801263e+03
8.671693e+03 8.642951e+03
8.567158e+03 8.554401e+03
8.491165e+03 8.477728e+03
8.438449e+03 8.429837e+03
8.386712e+03 8.378234e+03
8.320645e+03 8.311592e+03
8.220783e+03 8.197012e+03
8.119774e+03 8.105195e+03
7.986048e+03 7.963019e+03
7.850208e+03 7.827796e+03
7.684565e+03 7.643899e+03
7.444001e+03 7.396840e+03
7.291034e+03 7.267974e+03
7.098987e+03 7.054748e+03
6.941538e+03 6.916554e+03
6.781391e+03 6.758105e+03
6.633117e+03 6.605078e+03
6.462361e+03 6.426495e+03
6.233220e+03 6.206972e+03
6.076165e+03 6.054155e+03
5.924283e+03 5.904920e+03
5.788612e+03 5.770203e+03
5.649770e+03 5.630027e+03
5.502208e+03 5.480878e+03
5.412763e+03 5.402197e+03
5.313510e+03 5.288214e+03
5.212905e+03 5.196683e+03
5.142510e+03 5.131262e+03
5.050772e+03 5.035462e+03
4.959990e+03 4.944828e+03
4.845711e+03 4.830311e+03
4.737889e+03 4.722247e+03
4.623310e+03 4.602410e+03
4.499868e+03 4.479444e+03
4.392157e+03 4.373413e+03
4.250857e+03 4.227975e+03
4.145297e+03 4.130014e+03
4.078736e+03 4.069943e+03
4.020434e+03 4.012230e+03
3.979129e+03 3.970614e+03
3.931901e+03 3.924738e+03
3.895186e+03 3.889582e+03
3.855884e+03 3.850135e+03
3.801679e+03 3.792640e+03
3.756237e+03 3.749255e+03
3.713465e+03 3.703905e+03
3.682245e+03 3.678687e+03
3.651389e+03 3.646942e+03
3.632929e+03 3.629219e+03
3.617946e+03 3.615151e+03
3.598691e+03 3.594217e+03
3.588688e+03 3.586242e+03
3.572429e+03 3.569094e+03
3.557585e+03 3.553551e+03
9.719882e+09 1.593415e+09
3.568788e+08 7.020480e+07
1.239529e+07 5.032812e+06
2.202836e+06 1.496046e+06
7.710654e+05 4.582180e+05
2.169531e+05 1.566175e+05
9.581927e+04 8.694672e+04
6.702652e+04 6.188661e+04
4.429123e+04 3.941390e+04
3.002012e+04 2.692258e+04
2.483976e+04 2.329506e+04
2.175962e+04 2.126171e+04
1.890191e+04 1.832722e+04
1.648313e+04 1.618433e+04
1.537792e+04 1.522470e+04
1.449933e+04 1.429734e+04
1.380981e+04 1.370559e+04
1.325337e+04 1.314979e+04
1.249513e+04 1.235747e+04
1.190549e+04 1.173560e+04
1.121833e+04 1.112959e+04
1.082635e+04 1.074861e+04
1.047145e+04 1.040318e+04
1.020590e+04 1.016666e+04
1.002341e+04 9.993221e+03
9.860634e+03 9.827841e+03
9.686565e+03 9.656368e+03
9.530114e+03 9.500109e+03
9.420816e+03 9.401977e+03
9.340385e+03 9.327709e+03
9.296523e+03 9.286360e+03
9.231665e+03 9.214724e+03
9.162789e+03 9.148477e+03
9.059028e+03 9.040516e+03
8.940593e+03 8.918422e+03
8.792630e+03 8.762241e+03
8.642379e+03 8.620285e+03
8.502138e+03 8.465121e+03
8.307439e+03 8.282265e+03
8.201469e+03 8.188540e+03
8.125584e+03 8.107912e+03
8.037955e+03 8.026593e+03
7.969977e+03 7.953528e+03
7.907058e+03 7.897312e+03
7.853586e+03 7.845623e+03
7.798931e+03 7.790191e+03
7.727499e+03 7.715682e+03
7.638726e+03 7.618168e+03
7.554452e+03 7.539240e+03
7.458504e+03 7.440368e+03
7.401121e+03 7.392050e+03
7.329447e+03 7.321415e+03
7.277133e+03 7.266203e+03
7.213751e+03 7.202676e+03
7.142786e+03 7.131465e+03
7.072048e+03 7.058544e+03
7.006370e+03 6.996821e+03
6.957381e+03 6.949685e+03
6.885134e+03 6.872965e+03
6.802740e+03 6.789427e+03
6.731886e+03 6.721593e+03
6.652828e+03 6.642714e+03
6.578189e+03 6.564953e+03
6.497611e+03 6.483860e+03
6.433212e+03 6.423275e+03
6.384555e+03 6.377997e+03
6.338683e+03 6.330072e+03
6.292498e+03 6.285832e+03
6.268770e+03 6.265456e+03
6.250814e+03 6.247895e+03
6.242008e+03 6.240439e+03
6.234840e+03 6.232292e+03
6.208756e+03 6.199366e+03
6.164325e+03 6.156945e+03
6.135411e+03 6.130801e+03
6.091924e+03 6.080516e+03
6.034688e+03 6.026399e+03
5.988037e+03 5.980023e+03
5.941702e+03 5.935702e+03
5.904493e+03 5.898627e+03
5.870266e+03 5.862835e+03
5.841289e+03 5.837441e+03
5.814796e+03 5.810008e+03
5.800427e+03 5.797961e+03
5.786177e+03 5.783987e+03
5.763739e+03 5.757585e+03
5.719025e+03 5.710827e+03
5.686461e+03 5.680437e+03
5.647354e+03 5.640444e+03
5.615604e+03 5.609937e+03
5.591892e+03 5.587805e+03
5.570928e+03 5.566676e+03
5.544796e+03 5.540673e+03
5.528426e+03 5.525667e+03
5.509294e+03 5.505024e+03
5.484997e+03 5.479999e+03
5.457399e+03 5.452873e+03
5.417000e+03 5.407617e+03
5.354435e+03 5.344683e+03
5.304401e+03 5.293991e+03
5.241145e+03 5.233262e+03
9.738694e+09 1.015786e+09
2.734422e+08 5.657767e+07
6.099751e+07 8.948535e+06
4.416035e+06 3.258729e+06
1.896050e+06 1.421927e+06
6.703778e+05 4.773045e+05
1.954065e+05 1.619401e+05
1.106815e+05 1.051781e+05
8.191921e+04 7.487176e+04
5.580950e+04 5.167883e+04
4.778846e+04 4.516589e+04
4.047039e+04 3.794779e+04
3.293756e+04 3.158023e+04
2.626374e+04 2.472120e+04
2.248662e+04 2.189005e+04
2.011893e+04 1.972071e+04
1.853531e+04 1.838131e+04
1.749205e+04 1.722793e+04
1.641102e+04 1.622878e+04
1.512360e+04 1.496157e+04
1.391065e+04 1.365914e+04
1.304242e+04 1.290561e+04
1.231452e+04 1.219848e+04
1.144919e+04 1.124830e+04
1.054746e+04 1.038841e+04
9.984901e+03 9.904607e+03
9.600485e+03 9.549963e+03
9.331197e+03 9.290974e+03
9.116640e+03 9.089223e+03
8.885598e+03 8.835214e+03
8.546104e+03 8.482123e+03
8.287086e+03 8.254310e+03
8.049959e+03 8.021099e+03
7.825366e+03 7.751084e+03
7.519760e+03 7.468483e+03
7.293124e+03 7.265865e+03
7.090145e+03 7.050676e+03
6.907971e+03 6.884255e+03
6.740326e+03 6.703711e+03
6.530749e+03 6.508175e+03
6.399285e+03 6.380493e+03
6.320768e+03 6.311027e+03
6.243603e+03 6.228029e+03
6.145188e+03 6.127019e+03
6.052617e+03 6.030373e+03
5.964364e+03 5.955103e+03
5.896114e+03 5.886309e+03
5.810605e+03 5.788442e+03
5.700463e+03 5.678320e+03
5.594982e+03 5.579882e+03
5.505499e+03 5.489316e+03
5.431343e+03 5.418117e+03
5.380061e+03 5.372428e+03
5.336013e+03 5.329691e+03
5.297357e+03 5.289482e+03
5.271552e+03 5.265521e+03
5.234154e+03 5.227321e+03
5.166085e+03 5.151888e+03
5.086814e+03 5.072066e+03
5.005660e+03 4.993358e+03
4.931880e+03 4.918212e+03
4.867093e+03 4.857954e+03
4.817229e+03 4.810370e+03
4.776052e+03 4.769538e+03
4.745819e+03 4.739894e+03
4.720754e+03 4.716071e+03
4.695439e+03 4.690717e+03
4.677241e+03 4.673969e+03
4.659991e+03 4.657487e+03
4.639038e+03 4.632864e+03
4.606606e+03 4.601673e+03
4.571654e+03 4.564888e+03
4.533015e+03 4.526800e+03
4.517488e+03 4.514035e+03
4.500059e+03 4.497505e+03
4.485021e+03 4.481937e+03
4.466681e+03 4.463451e+03
4.442868e+03 4.436382e+03
4.418718e+03 4.415003e+03
4.396661e+03 4.392360e+03
4.377446e+03 4.373564e+03
4.359460e+03 4.356516e+03
4.348127e+03 4.346301e+03
4.338697e+03 4.337208e+03
4.330493e+03 4.328812e+03
4.323758e+03 4.322240e+03
4.310932e+03 4.306920e+03
4.294263e+03 4.291464e+03
4.275362e+03 4.272186e+03
4.256912e+03 4.252300e+03
4.230940e+03 4.225417e+03
4.201793e+03 4.195497e+03
4.155671e+03 4.146782e+03
4.095786e+03 4.083900e+03
4.020716e+03 4.002172e+03
3.938361e+03 3.926911e+03
3.861112e+03 3.849424e+03
3.811977e+03 3.805359e+03
3.763291e+03 3.751645e+03
3.707694e+03 3.700339e+03
3.668268e+03 3.661766e+03
1.009173e+10 2.017225e+09
2.909332e+08 5.587664e+07
1.188889e+07 4.357033e+06
1.311323e+06 7.571598e+05
2.698553e+05 1.956382e+05
1.250012e+05 1.025825e+05
7.954987e+04 7.285591e+04
6.274159e+04 5.762898e+04
5.356063e+04 4.972153e+04
4.593594e+04 4.313473e+04
3.851185e+04 3.540314e+04
3.284084e+04 2.996550e+04
2.798647e+04 2.436857e+04
2.503333e+04 2.323016e+04
2.325492e+04 2.106225e+04
2.210500e+04 2.040246e+04
2.133226e+04 1.955372e+04
2.049338e+04 1.894319e+04
1.959593e+04 1.751525e+04
1.886021e+04 1.672042e+04
1.829752e+04 1.615943e+04
1.784012e+04 1.609207e+04
1.723921e+04 1.567723e+04
1.604484e+04 1.512370e+04
1.462729e+04 1.440186e+04
1.405115e+04 1.384054e+04
1.356715e+04 1.340417e+04
1.321117e+04 1.310664e+04
1.276376e+04 1.258079e+04
1.241457e+04 1.233154e+04
1.216582e+04 1.211597e+04
1.199472e+04 1.192990e+04
1.186678e+04 1.184113e+04
1.178253e+04 1.175372e+04
1.171011e+04 1.169437e+04
1.166145e+04 1.164758e+04
1.161862e+04 1.160548e+04
1.158182e+04 1.157160e+04
1.154800e+04 1.153564e+04
1.151659e+04 1.150356e+04
1.148284e+04 1.146999e+04
1.140484e+04 1.137810e+04
1.133377e+04 1.131349e+04
1.127990e+04 1.126787e+04
1.124857e+04 1.124195e+04
1.122852e+04 1.122380e+04
1.121105e+04 1.120700e+04
1.119468e+04 1.118910e+04
1.117798e+04 1.117376e+04
1.116292e+04 1.115773e+04
1.114998e+04 1.114688e+04
1.113803e+04 1.113261e+04
1.112264e+04 1.111819e+04
1.111361e+04 1.111133e+04
1.110511e+04 1.110098e+04
1.109696e+04 1.109495e+04
1.108900e+04 1.108583e+04
1.107976e+04 1.107743e+04
1.107326e+04 1.107102e+04
1.106791e+04 1.106571e+04
1.106231e+04 1.106048e+04
1.105675e+04 1.105449e+04
1.105018e+04 1.104797e+04
1.104349e+04 1.104165e+04
1.103556e+04 1.103287e+04
1.102683e+04 1.102304e+04
1.100896e+04 1.100457e+04
1.098875e+04 1.098327e+04
1.097105e+04 1.096660e+04
1.095218e+04 1.094577e+04
1.093466e+04 1.092930e+04
1.091576e+04 1.090995e+04
1.090380e+04 1.090075e+04
1.089242e+04 1.088845e+04
1.088329e+04 1.088086e+04
1.087499e+04 1.087192e+04
1.086298e+04 1.085901e+04
1.084808e+04 1.084425e+04
1.082839e+04 1.082309e+04
1.081102e+04 1.080403e+04
1.079137e+04 1.078569e+04
1.077005e+04 1.076362e+04
1.074623e+04 1.073636e+04
1.071260e+04 1.070130e+04
1.067166e+04 1.066194e+04
1.063566e+04 1.062739e+04
1.060871e+04 1.060124e+04
1.059040e+04 1.058654e+04
1.057753e+04 1.057474e+04
1.055979e+04 1.055486e+04
1.054132e+04 1.053270e+04
1.051600e+04 1.050901e+04
1.048973e+04 1.048078e+04
1.045869e+04 1.045116e+04
1.042805e+04 1.042039e+04
1.039193e+04 1.037978e+04
1.035441e+04 1.034333e+04
1.032080e+04 1.030940e+04
1.029293e+04 1.028172e+04
1.025921e+04 1.024960e+04
1.022535e+04 1.021540e+04
1.037680e+10 1.091422e+09
2.533383e+08 8.461829e+07
1.806987e+07 7.012462e+06
2.778516e+06 1.761359e+06
7.782813e+05 5.848272e+05
2.539412e+05 2.138706e+05
1.019359e+05 8.409273e+04
5.744010e+04 4.992797e+04
3.489304e+04 3.007545e+04
2.526039e+04 2.245890e+04
2.062821e+04 1.952252e+04
1.783482e+04 1.739499e+04
1.590315e+04 1.563602e+04
1.378577e+04 1.344108e+04
1.217017e+04 1.197809e+04
1.155710e+04 1.139810e+04
1.061237e+04 1.041931e+04
9.804239e+03 9.703121e+03
9.239277e+03 9.153201e+03
8.751319e+03 8.688395e+03
8.496842e+03 8.451691e+03
8.170448e+03 8.097112e+03
7.756180e+03 7.679769e+03
7.422562e+03 7.386792e+03
7.166086e+03 7.124441e+03
7.001318e+03 6.981240e+03
6.832598e+03 6.790444e+03
6.595256e+03 6.561769e+03
6.453965e+03 6.430464e+03
6.216550e+03 6.166019e+03
5.930304e+03 5.856816e+03
5.670863e+03 5.602020e+03
5.357705e+03 5.316236e+03
5.132176e+03 5.097650e+03
4.972511e+03 4.950159e+03
4.892289e+03 4.882181e+03
4.818413e+03 4.809372e+03
4.770503e+03 4.762030e+03
4.731488e+03 4.725308e+03
4.702943e+03 4.698815e+03
4.686736e+03 4.684157e+03
4.652140e+03 4.644581e+03
4.605347e+03 4.593813e+03
4.571705e+03 4.565724e+03
4.534045e+03 4.522782e+03
4.487615e+03 4.477951e+03
4.442500e+03 4.434604e+03
4.415809e+03 4.412473e+03
4.403985e+03 4.401862e+03
4.392948e+03 4.390731e+03
4.381853e+03 4.379823e+03
4.368793e+03 4.366338e+03
4.343529e+03 4.337255e+03
4.322938e+03 4.318091e+03
4.292781e+03 4.288595e+03
4.258019e+03 4.251404e+03
4.227552e+03 4.220354e+03
4.183022e+03 4.174488e+03
4.122071e+03 4.114038e+03
4.085078e+03 4.076838e+03
4.042327e+03 4.035478e+03
4.014626e+03 4.009185e+03
3.987024e+03 3.982575e+03
3.965599e+03 3.960719e+03
3.940485e+03 3.934420e+03
3.911296e+03 3.907425e+03
3.898734e+03 3.896174e+03
3.892791e+03 3.891512e+03
3.887383e+03 3.886124e+03
3.878647e+03 3.876903e+03
3.868195e+03 3.865168e+03
3.851615e+03 3.846488e+03
3.835856e+03 3.833246e+03
3.827449e+03 3.825924e+03
3.819552e+03 3.818296e+03
3.813531e+03 3.812011e+03
3.805693e+03 3.804114e+03
3.796600e+03 3.794958e+03
3.789387e+03 3.788169e+03
3.784824e+03 3.783750e+03
3.778882e+03 3.777333e+03
3.772649e+03 3.771638e+03
3.763611e+03 3.760657e+03
3.749353e+03 3.745340e+03
3.723190e+03 3.717479e+03
3.700078e+03 3.696694e+03
3.680027e+03 3.676126e+03
3.655988e+03 3.651366e+03
3.638977e+03 3.635657e+03
3.616513e+03 3.612024e+03
3.595092e+03 3.590884e+03
3.582254e+03 3.579319e+03
3.566640e+03 3.562024e+03
3.537852e+03 3.530370e+03
3.511809e+03 3.507889e+03
3.495970e+03 3.493034e+03
3.486584e+03 3.485057e+03
3.476400e+03 3.473438e+03
3.467322e+03 3.465231e+03
3.458539e+03 3.456547e+03
3.451272e+03 3.449866e+03
1.013716e+10 1.642666e+09
2.055959e+08 5.518505e+07
1.627567e+07 7.162824e+06
3.636644e+06 2.995890e+06
1.630484e+06 1.302363e+06
5.388126e+05 4.577548e+05
2.490911e+05 2.316930e+05
1.463063e+05 1.312747e+05
8.044987e+04 7.233016e+04
5.927042e+04 5.685014e+04
5.408576e+04 5.144219e+04
4.987664e+04 4.870875e+04
4.673456e+04 4.621582e+04
4.396999e+04 4.347643e+04
4.177586e+04 4.125761e+04
3.836820e+04 3.766830e+04
3.558200e+04 3.518100e+04
3.423941e+04 3.388966e+04
3.225799e+04 3.190521e+04
3.089986e+04 3.067722e+04
2.934182e+04 2.900939e+04
2.796567e+04 2.775575e+04
2.693030e+04 2.673970e+04
2.594781e+04 2.584410e+04
2.532942e+04 2.517044e+04
2.461026e+04 2.444016e+04
2.396497e+04 2.385238e+04
2.351573e+04 2.343520e+04
2.307075e+04 2.299574e+04
2.271821e+04 2.266287e+04
2.251940e+04 2.246270e+04
2.227355e+04 2.222022e+04
2.202243e+04 2.198324e+04
2.171561e+04 2.164291e+04
2.145754e+04 2.141627e+04
2.116285e+04 2.110784e+04
2.084632e+04 2.077433e+04
2.044612e+04 2.036701e+04
1.997213e+04 1.987927e+04
1.944188e+04 1.936253e+04
1.888619e+04 1.878156e+04
1.794050e+04 1.779406e+04
1.707684e+04 1.688493e+04
1.615016e+04 1.604670e+04
1.516532e+04 1.501994e+04
1.459988e+04 1.451058e+04
1.413661e+04 1.407725e+04
1.362389e+04 1.355291e+04
1.332299e+04 1.328521e+04
1.308854e+04 1.304807e+04
1.284874e+04 1.281012e+04
1.258795e+04 1.254057e+04
1.238375e+04 1.235381e+04
1.221404e+04 1.218801e+04
1.202996e+04 1.199466e+04
1.170354e+04 1.163917e+04
1.137427e+04 1.130528e+04
1.110170e+04 1.105725e+04
1.074456e+04 1.067099e+04
1.029159e+04 1.020501e+04
9.901394e+03 9.831763e+03
9.544006e+03 9.489756e+03
9.130793e+03 9.069430e+03
8.727063e+03 8.668267e+03
8.366670e+03 8.321715e+03
8.188448e+03 8.164947e+03
7.992627e+03 7.959154e+03
7.789862e+03 7.742285e+03
7.584718e+03 7.558868e+03
7.419371e+03 7.389142e+03
7.323637e+03 7.306765e+03
7.194020e+03 7.174002e+03
7.102824e+03 7.084474e+03
7.031308e+03 7.019359e+03
6.980929e+03 6.972861e+03
6.951799e+03 6.947741e+03
6.928542e+03 6.921895e+03
6.888432e+03 6.880065e+03
6.847183e+03 6.837777e+03
6.784549e+03 6.776003e+03
6.724065e+03 6.710808e+03
6.636078e+03 6.616620e+03
6.525741e+03 6.507202e+03
6.430435e+03 6.414763e+03
6.348267e+03 6.330492e+03
6.263685e+03 6.252561e+03
6.209487e+03 6.198202e+03
6.155743e+03 6.146383e+03
6.097400e+03 6.086690e+03
6.051566e+03 6.044899e+03
6.008760e+03 6.001921e+03
5.972114e+03 5.965560e+03
5.944499e+03 5.938630e+03
5.916240e+03 5.912112e+03
5.884470e+03 5.877646e+03
5.840673e+03 5.832141e+03
5.803956e+03 5.798904e+03
5.774649e+03 5.769293e+03
5.744570e+03 5.738177e+03
5.670310e+03 5.658046e+03
5.586153e+03 5.573655e+03
1.005084e+10 1.085281e+09
3.791570e+08 7.198201e+07
1.437699e+08 6.671697e+06
3.183992e+06 1.811313e+06
8.315591e+05 4.853822e+05
1.401688e+05 1.182070e+05
5.013887e+04 4.441703e+04
3.317161e+04 3.061297e+04
2.438385e+04 2.304999e+04
1.991211e+04 1.935479e+04
1.767701e+04 1.719511e+04
1.600570e+04 1.577337e+04
1.480887e+04 1.461285e+04
1.383352e+04 1.367908e+04
1.287105e+04 1.263728e+04
1.203098e+04 1.192897e+04
1.137108e+04 1.124405e+04
1.071598e+04 1.061742e+04
1.017092e+04 1.008336e+04
9.643455e+03 9.549299e+03
9.177780e+03 9.129560e+03
8.931658e+03 8.897472e+03
8.596517e+03 8.543433e+03
8.371059e+03 8.347599e+03
8.186993e+03 8.156939e+03
8.046787e+03 8.022459e+03
7.888877e+03 7.863760e+03
7.734771e+03 7.706767e+03
7.593985e+03 7.575076e+03
7.482417e+03 7.456723e+03
7.342083e+03 7.320890e+03
7.203152e+03 7.175316e+03
7.056368e+03 7.028250e+03
6.934511e+03 6.909830e+03
6.768677e+03 6.738308e+03
6.639495e+03 6.623052e+03
6.533354e+03 6.510615e+03
6.430336e+03 6.416244e+03
6.310207e+03 6.298677e+03
6.221166e+03 6.208563e+03
6.152243e+03 6.142173e+03
6.090795e+03 6.075980e+03
6.023919e+03 6.016020e+03
5.976933e+03 5.967872e+03
5.932812e+03 5.924496e+03
5.844561e+03 5.825748e+03
5.709743e+03 5.683666e+03
5.553189e+03 5.533191e+03
5.464603e+03 5.452447e+03
5.376739e+03 5.365256e+03
5.297574e+03 5.289133e+03
5.241803e+03 5.231120e+03
5.166544e+03 5.156770e+03
5.111885e+03 5.103822e+03
5.072697e+03 5.065380e+03
5.030547e+03 5.025074e+03
4.990351e+03 4.985466e+03
4.956909e+03 4.952353e+03
4.934818e+03 4.929638e+03
4.911495e+03 4.905846e+03
4.891285e+03 4.887873e+03
4.875911e+03 4.872211e+03
4.852137e+03 4.847351e+03
4.834013e+03 4.829593e+03
4.819354e+03 4.817062e+03
4.790026e+03 4.785547e+03
4.765949e+03 4.761399e+03
4.742494e+03 4.739432e+03
4.723358e+03 4.719516e+03
4.702721e+03 4.698909e+03
4.691225e+03 4.689028e+03
4.681247e+03 4.678439e+03
4.661585e+03 4.656824e+03
4.637389e+03 4.633662e+03
4.617889e+03 4.612950e+03
4.591834e+03 4.586607e+03
4.565428e+03 4.561221e+03
4.532982e+03 4.527425e+03
4.510958e+03 4.506692e+03
4.486979e+03 4.483625e+03
4.458111e+03 4.453077e+03
4.425495e+03 4.416725e+03
4.378382e+03 4.370859e+03
4.344187e+03 4.339240e+03
4.309064e+03 4.301596e+03
4.257694e+03 4.246677e+03
4.195472e+03 4.186159e+03
4.145863e+03 4.137229e+03
4.104334e+03 4.098417e+03
4.072865e+03 4.069444e+03
4.049974e+03 4.046015e+03
4.025085e+03 4.019816e+03
3.994663e+03 3.989179e+03
3.972289e+03 3.967307e+03
3.947424e+03 3.942775e+03
3.900973e+03 3.892131e+03
3.855324e+03 3.845988e+03
3.822244e+03 3.817366e+03
3.798364e+03 3.793600e+03
3.769407e+03 3.765089e+03
3.744484e+03 3.740291e+03
1.045013e+10 2.065769e+09
3.881294e+08 9.600982e+07
2.235973e+07 1.154953e+07
4.917089e+06 3.290878e+06
1.206853e+06 6.534006e+05
4.194294e+05 3.066932e+05
1.937810e+05 1.484766e+05
1.140055e+05 9.857153e+04
9.039213e+04 8.459810e+04
7.462096e+04 6.947737e+04
6.014743e+04 5.575675e+04
4.979747e+04 4.461901e+04
4.018296e+04 3.698421e+04
3.492008e+04 3.243897e+04
3.270775e+04 3.076913e+04
3.037334e+04 2.858601e+04
2.853725e+04 2.751246e+04
2.681743e+04 2.652838e+04
2.564668e+04 2.526288e+04
2.463416e+04 2.424018e+04
2.377689e+04 2.348348e+04
2.293212e+04 2.271022e+04
2.232710e+04 2.216539e+04
2.179995e+04 2.163665e+04
2.122786e+04 2.103796e+04
2.076985e+04 2.059143e+04
2.025416e+04 2.010660e+04
1.977753e+04 1.960416e+04
1.926241e+04 1.914342e+04
1.876467e+04 1.864120e+04
1.826201e+04 1.811499e+04
1.777439e+04 1.766114e+04
1.743898e+04 1.733946e+04
1.706244e+04 1.692240e+04
1.660567e+04 1.650754e+04
1.622951e+04 1.613579e+04
1.599439e+04 1.593851e+04
1.579732e+04 1.572998e+04
1.559862e+04 1.554969e+04
1.542462e+04 1.538300e+04
1.524590e+04 1.519579e+04
1.506981e+04 1.501291e+04
1.491801e+04 1.488410e+04
1.476394e+04 1.472837e+04
1.463483e+04 1.459924e+04
1.449867e+04 1.447002e+04
1.438469e+04 1.434564e+04
1.426885e+04 1.424485e+04
1.418881e+04 1.416987e+04
1.411817e+04 1.408802e+04
1.402665e+04 1.400327e+04
1.395060e+04 1.393079e+04
1.383472e+04 1.378915e+04
1.371238e+04 1.368169e+04
1.359918e+04 1.355286e+04
1.349214e+04 1.345908e+04
1.336462e+04 1.332270e+04
1.325450e+04 1.323057e+04
1.312661e+04 1.310060e+04
1.302190e+04 1.299231e+04
1.291544e+04 1.288083e+04
1.277243e+04 1.272778e+04
1.262932e+04 1.259514e+04
1.248880e+04 1.244599e+04
1.235809e+04 1.233663e+04
1.225659e+04 1.223075e+04
1.216850e+04 1.214127e+04
1.208502e+04 1.206014e+04
1.200991e+04 1.199468e+04
1.193973e+04 1.192133e+04
1.188086e+04 1.186207e+04
1.182875e+04 1.181773e+04
1.179307e+04 1.178131e+04
1.174679e+04 1.173603e+04
1.170447e+04 1.169227e+04
1.164080e+04 1.162298e+04
1.155414e+04 1.153408e+04
1.149345e+04 1.147625e+04
1.140930e+04 1.138508e+04
1.131321e+04 1.128270e+04
1.120786e+04 1.118109e+04
1.112901e+04 1.110863e+04
1.105127e+04 1.102925e+04
1.094944e+04 1.092356e+04
1.084934e+04 1.082837e+04
1.077067e+04 1.075377e+04
1.069893e+04 1.068432e+04
1.063936e+04 1.062158e+04
1.057987e+04 1.056594e+04
1.053196e+04 1.052217e+04
1.049275e+04 1.047829e+04
1.044488e+04 1.043215e+04
1.041173e+04 1.040388e+04
1.037383e+04 1.035675e+04
1.033102e+04 1.031879e+04
1.030206e+04 1.029698e+04
1.027773e+04 1.026766e+04
1.024896e+04 1.024299e+04
1.022474e+04 1.021631e+04
1.019387e+04 1.018618e+04
1.016269e+04 1.015555e+04
1.024656e+10 1.681564e+09
3.792938e+08 6.013078e+07
1.016212e+07 3.857216e+06
1.188571e+06 7.508531e+05
4.652986e+05 3.501160e+05
2.270461e+05 1.884038e+05
1.343230e+05 1.154729e+05
7.407844e+04 6.738711e+04
4.638200e+04 4.301788e+04
3.616233e+04 3.414922e+04
2.953182e+04 2.870343e+04
2.581422e+04 2.528883e+04
2.329358e+04 2.293781e+04
2.134321e+04 2.095304e+04
1.962948e+04 1.926394e+04
1.804672e+04 1.778002e+04
1.641607e+04 1.603156e+04
1.499646e+04 1.478079e+04
1.405326e+04 1.388746e+04
1.287813e+04 1.268092e+04
1.197974e+04 1.177689e+04
1.116674e+04 1.105801e+04
1.075507e+04 1.069391e+04
1.047879e+04 1.044714e+04
1.019299e+04 1.015251e+04
1.000235e+04 9.970664e+03
9.829257e+03 9.799260e+03
9.647438e+03 9.615426e+03
9.522065e+03 9.501604e+03
9.415110e+03 9.395011e+03
9.294954e+03 9.278299e+03
9.196855e+03 9.176785e+03
9.091913e+03 9.075827e+03
9.006010e+03 8.990684e+03
8.922079e+03 8.907083e+03
8.825486e+03 8.808753e+03
8.745973e+03 8.734583e+03
8.676557e+03 8.664313e+03
8.604828e+03 8.593870e+03
8.549378e+03 8.540362e+03
8.488229e+03 8.475477e+03
8.428081e+03 8.418846e+03
8.356202e+03 8.342656e+03
8.292041e+03 8.282670e+03
8.243616e+03 8.235825e+03
8.176745e+03 8.168390e+03
8.135297e+03 8.125271e+03
8.091009e+03 8.081341e+03
8.017500e+03 8.002034e+03
7.927359e+03 7.911567e+03
7.843303e+03 7.829215e+03
7.767492e+03 7.757646e+03
7.676129e+03 7.654907e+03
7.580529e+03 7.570122e+03
7.503237e+03 7.489258e+03
7.453770e+03 7.445558e+03
7.401223e+03 7.394033e+03
7.365248e+03 7.359833e+03
7.322541e+03 7.316081e+03
7.283147e+03 7.274419e+03
7.182077e+03 7.159774e+03
7.015542e+03 6.995779e+03
6.877941e+03 6.848921e+03
6.689985e+03 6.640956e+03
6.452904e+03 6.416300e+03
6.222203e+03 6.188661e+03
6.038321e+03 6.011380e+03
5.887319e+03 5.862491e+03
5.651949e+03 5.603388e+03
5.443929e+03 5.412114e+03
5.279271e+03 5.260460e+03
5.176956e+03 5.162637e+03
5.087961e+03 5.075459e+03
5.004453e+03 4.992235e+03
4.954083e+03 4.948714e+03
4.877372e+03 4.861595e+03
4.802275e+03 4.790785e+03
4.734130e+03 4.724848e+03
4.637865e+03 4.627217e+03
4.572841e+03 4.566664e+03
4.500381e+03 4.486714e+03
4.411566e+03 4.393798e+03
4.338694e+03 4.325896e+03
4.281676e+03 4.275000e+03
4.236148e+03 4.225054e+03
4.194948e+03 4.189802e+03
4.156736e+03 4.150358e+03
4.113231e+03 4.105807e+03
4.068404e+03 4.062882e+03
4.020814e+03 4.015120e+03
4.000680e+03 3.997472e+03
3.961499e+03 3.952724e+03
3.931238e+03 3.924474e+03
3.911884e+03 3.908426e+03
3.897483e+03 3.894510e+03
3.881717e+03 3.879662e+03
3.870829e+03 3.868645e+03
3.857794e+03 3.855467e+03
3.848559e+03 3.846837e+03
3.839790e+03 3.838148e+03
3.834081e+03 3.832866e+03
9.667429e+09 1.457683e+09
2.675035e+08 7.363243e+07
4.022166e+07 6.222288e+06
1.983643e+06 1.191676e+06
7.179509e+05 5.523997e+05
3.953217e+05 3.233794e+05
2.363278e+05 1.963622e+05
1.508847e+05 1.295389e+05
1.127065e+05 1.053239e+05
9.117585e+04 8.592288e+04
7.809593e+04 7.282429e+04
6.922327e+04 6.529818e+04
6.036010e+04 5.553915e+04
4.925135e+04 4.479779e+04
3.976185e+04 3.625213e+04
3.365445e+04 3.125182e+04
2.980359e+04 2.725797e+04
2.703320e+04 2.523282e+04
2.486148e+04 2.340987e+04
2.267063e+04 2.206788e+04
2.144165e+04 2.111688e+04
2.046822e+04 2.007349e+04
1.924611e+04 1.884814e+04
1.816991e+04 1.766136e+04
1.728570e+04 1.701863e+04
1.684984e+04 1.667763e+04
1.640505e+04 1.624628e+04
1.593158e+04 1.580062e+04
1.559671e+04 1.547106e+04
1.528254e+04 1.518785e+04
1.505729e+04 1.500240e+04
1.489861e+04 1.485608e+04
1.479694e+04 1.477172e+04
1.472837e+04 1.470898e+04
1.467024e+04 1.465325e+04
1.461332e+04 1.459605e+04
1.456475e+04 1.454765e+04
1.451198e+04 1.448363e+04
1.444051e+04 1.441972e+04
1.439201e+04 1.437573e+04
1.434768e+04 1.433858e+04
1.431236e+04 1.429768e+04
1.426384e+04 1.424579e+04
1.420574e+04 1.419069e+04
1.415783e+04 1.414267e+04
1.411245e+04 1.409687e+04
1.407396e+04 1.406083e+04
1.404423e+04 1.403537e+04
1.402510e+04 1.401925e+04
1.400869e+04 1.400221e+04
1.399189e+04 1.398767e+04
1.397617e+04 1.397079e+04
1.395655e+04 1.394922e+04
1.393939e+04 1.393531e+04
1.392410e+04 1.391795e+04
1.390967e+04 1.390539e+04
1.389853e+04 1.389512e+04
1.388189e+04 1.387349e+04
1.385642e+04 1.384884e+04
1.383403e+04 1.382398e+04
1.380987e+04 1.380123e+04
1.378814e+04 1.378087e+04
1.376227e+04 1.375011e+04
1.372664e+04 1.371821e+04
1.369654e+04 1.368706e+04
1.366975e+04 1.365870e+04
1.364015e+04 1.363272e+04
1.360993e+04 1.359933e+04
1.357621e+04 1.356351e+04
1.354743e+04 1.353809e+04
1.351504e+04 1.350377e+04
1.348980e+04 1.347976e+04
1.346238e+04 1.345235e+04
1.342938e+04 1.341353e+04
1.338874e+04 1.337525e+04
1.335920e+04 1.334473e+04
1.331684e+04 1.329971e+04
1.327470e+04 1.326029e+04
1.322718e+04 1.320313e+04
1.316634e+04 1.314866e+04
1.311245e+04 1.309093e+04
1.306465e+04 1.305118e+04
1.302497e+04 1.301178e+04
1.298801e+04 1.297454e+04
1.295294e+04 1.294133e+04
1.291747e+04 1.290128e+04
1.287828e+04 1.286272e+04
1.283515e+04 1.282164e+04
1.280049e+04 1.278885e+04
1.276389e+04 1.275426e+04
1.273615e+04 1.272823e+04
1.270909e+04 1.269828e+04
1.268026e+04 1.267121e+04
1.265550e+04 1.264581e+04
1.263131e+04 1.262446e+04
1.260933e+04 1.259993e+04
1.257877e+04 1.256697e+04
1.254712e+04 1.253614e+04
1.251991e+04 1.251173e+04
1.249571e+04 1.248715e+04
1.246986e+04 1.245929e+04
