4.042654e+04 3.507828e+04
3.053180e+04 2.721751e+04
2.573519e+04 2.266550e+04
2.237537e+04 1.839499e+04
1.961413e+04 1.579431e+04
1.744030e+04 1.344602e+04
1.543303e+04 1.146567e+04
1.351126e+04 1.002836e+04
1.274409e+04 9.300813e+03
1.373883e+04 8.383308e+03
1.171947e+04 7.131617e+03
1.057709e+04 5.409599e+03
8.449776e+03 4.895237e+03
9.356629e+03 4.545173e+03
7.665671e+03 3.708691e+03
7.441829e+03 3.375486e+03
6.149617e+03 2.861839e+03
5.209325e+03 2.420506e+03
4.466216e+03 1.550123e+03
3.981112e+03 1.440257e+03
3.350909e+03 1.235067e+03
3.461242e+03 9.528039e+02
3.352194e+03 6.960782e+02
1.630078e+03 5.587874e+02
2.164986e+03 4.473393e+02
1.554743e+03 3.639737e+02
1.789293e+03 2.747967e+02
2.363072e+03 2.592300e+02
1.956330e+03 2.240516e+02
2.340049e+03 1.636225e+02
1.754031e+03 1.461317e+02
1.994894e+03 1.079605e+02
8.200374e+02 8.694461e+01
1.130775e+03 8.238326e+01
1.858166e+03 6.671959e+01
2.204007e+03 5.274645e+01
1.466406e+03 5.057217e+01
1.323921e+03 4.462219e+01
2.227507e+03 3.434072e+01
2.770424e+03 2.406210e+01
1.238048e+03 2.250749e+01
1.234786e+03 2.043105e+01
9.208755e+02 1.749529e+01
1.574907e+03 1.618533e+01
2.017101e+03 1.334247e+01
8.620537e+02 1.103341e+01
7.189223e+02 9.509779e+00
9.739226e+02 8.351462e+00
1.575334e+03 7.460097e+00
8.806805e+02 6.976186e+00
7.170800e+02 6.026205e+00
6.036967e+02 5.125082e+00
1.352904e+03 4.390199e+00
7.822235e+02 3.716134e+00
9.988685e+02 2.723441e+00
1.071408e+03 2.218699e+00
4.502720e+02 1.955497e+00
6.272556e+02 1.694120e+00
5.251120e+02 1.384248e+00
3.794543e+02 1.256959e+00
4.048269e+02 1.183488e+00
8.944942e+02 1.126865e+00
2.922412e+02 1.078174e+00
3.900069e+02 1.025829e+00
2.853036e+02 9.970828e-01
1.905691e+02 9.645326e-01
4.742001e+02 9.436924e-01
2.963373e+02 9.322558e-01
2.534681e+02 9.097953e-01
4.046626e+02 8.893432e-01
2.329911e+02 8.783634e-01
1.625845e+02 8.640461e-01
4.318311e+01 8.621738e-01
2.255183e+01 8.600407e-01
8.602751e-01 8.587825e-01
8.582135e-01 8.581321e-01
8.579842e-01 8.579685e-01
8.579355e-01 8.579324e-01
8.579273e-01 8.579270e-01
8.579260e-01 8.579259e-01
8.579258e-01 8.579258e-01
8.579258e-01 8.579258e-01
8.579258e-01 8.579258e-01
8.579258e-01 8.579258e-01
8.579258e-01 8.579258e-01
8.579258e-01 8.579258e-01
8.579258e-01 8.579258e-01
8.579258e-01 8.579258e-01
8.579258e-01 8.579258e-01
8.579258e-01 8.579258e-01
8.579258e-01 8.579258e-01
8.579258e-01 8.579258e-01
8.579258e-01 8.579258e-01
8.579258e-01 8.579258e-01
8.579258e-01 8.579258e-01
8.579258e-01 8.579258e-01
8.579258e-01 8.579258e-01
8.579258e-01 8.579258e-01
8.579258e-01 8.579258e-01
8.579258e-01 8.579258e-01
8.579258e-01 8.579258e-01
4.017786e+04 3.646035e+04
2.992107e+04 2.763279e+04
2.555346e+04 2.280810e+04
2.223325e+04 1.864961e+04
2.009833e+04 1.587853e+04
1.859156e+04 1.371880e+04
1.533627e+04 1.194299e+04
1.390999e+04 9.757170e+03
1.202357e+04 8.364873e+03
1.206635e+04 7.132715e+03
1.031690e+04 6.101710e+03
9.312623e+03 5.065395e+03
7.095744e+03 4.782095e+03
7.578931e+03 3.811921e+03
7.088346e+03 2.835194e+03
5.103193e+03 2.580699e+03
4.734617e+03 2.159253e+03
5.251154e+03 1.674591e+03
4.620576e+03 1.491490e+03
3.426725e+03 1.198362e+03
3.452852e+03 9.846731e+02
2.813809e+03 7.735966e+02
2.320905e+03 6.628819e+02
2.947670e+03 4.019974e+02
3.344783e+03 2.947884e+02
2.256260e+03 2.370828e+02
2.927499e+03 2.130041e+02
2.022675e+03 1.853921e+02
1.541209e+03 1.562111e+02
1.581972e+03 1.413634e+02
1.516477e+03 1.069294e+02
1.463718e+03 8.531567e+01
1.355237e+03 7.402982e+01
2.785519e+03 5.563096e+01
2.093140e+03 5.143122e+01
2.064290e+03 4.626805e+01
1.808932e+03 3.752219e+01
1.279766e+03 3.372991e+01
1.440796e+03 2.924217e+01
2.375836e+03 2.608277e+01
1.448808e+03 2.318435e+01
1.125042e+03 1.846737e+01
5.929996e+02 1.608213e+01
1.591559e+03 1.371681e+01
1.941463e+03 1.211865e+01
5.606200e+02 9.740204e+00
6.884674e+02 8.186831e+00
5.892558e+02 7.597459e+00
5.529864e+02 5.525231e+00
1.708285e+03 4.944557e+00
1.066650e+03 3.688384e+00
8.595767e+02 3.314151e+00
5.235319e+02 2.719768e+00
1.007594e+03 2.044990e+00
1.038873e+03 1.356902e+00
1.178407e+03 1.086701e+00
5.260762e+02 9.426870e-01
3.192364e+02 8.027151e-01
3.613610e+02 7.143996e-01
6.362810e+02 5.732185e-01
8.344794e+02 4.828709e-01
3.719479e+02 4.261820e-01
1.755288e+02 3.970037e-01
3.167956e+02 3.554818e-01
3.350530e+02 3.334288e-01
4.199309e+02 3.109171e-01
2.113091e+02 2.844940e-01
1.949761e+02 2.599138e-01
3.019696e+02 2.459511e-01
2.433658e+02 2.357222e-01
2.116023e+02 2.197808e-01
8.409460e+01 2.107857e-01
2.363571e+01 2.058946e-01
4.307862e+00 2.025488e-01
3.377762e-01 2.008848e-01
2.002837e-01 2.001830e-01
1.999744e-01 1.999434e-01
1.998901e-01 1.998845e-01
1.998725e-01 1.998709e-01
1.998691e-01 1.998690e-01
1.998686e-01 1.998686e-01
1.998685e-01 1.998685e-01
1.998685e-01 1.998685e-01
1.998685e-01 1.998685e-01
1.998685e-01 1.998685e-01
1.998685e-01 1.998685e-01
1.998685e-01 1.998685e-01
1.998685e-01 1.998685e-01
1.998685e-01 1.998685e-01
1.998685e-01 1.998685e-01
1.998685e-01 1.998685e-01
1.998685e-01 1.998685e-01
1.998685e-01 1.998685e-01
1.998685e-01 1.998685e-01
1.998685e-01 1.998685e-01
1.998685e-01 1.998685e-01
1.998685e-01 1.998685e-01
1.998685e-01 1.998685e-01
1.998685e-01 1.998685e-01
1.998685e-01 1.998685e-01
1.998685e-01 1.998685e-01
3.972369e+04 3.574919e+04
3.053721e+04 2.733244e+04
2.526990e+04 2.232706e+04
2.215579e+04 1.882312e+04
1.945739e+04 1.665869e+04
1.748782e+04 1.338865e+04
1.537809e+04 1.181528e+04
1.349742e+04 1.053079e+04
1.268096e+04 8.635691e+03
1.178203e+04 7.299013e+03
1.028485e+04 6.382674e+03
9.808617e+03 5.259635e+03
7.632647e+03 4.537618e+03
7.158138e+03 3.362552e+03
6.723593e+03 2.696236e+03
5.349363e+03 2.533465e+03
4.887725e+03 2.207028e+03
5.067087e+03 1.835649e+03
4.858847e+03 1.653474e+03
3.669898e+03 1.114200e+03
3.204956e+03 9.289704e+02
2.905100e+03 8.492824e+02
2.672311e+03 6.948276e+02
3.252193e+03 5.086659e+02
2.143109e+03 4.410272e+02
3.461305e+03 3.320800e+02
3.479323e+03 2.901301e+02
2.940028e+03 2.476489e+02
1.686434e+03 1.725711e+02
1.253472e+03 1.419443e+02
2.085684e+03 1.208516e+02
2.636653e+03 1.107520e+02
3.847843e+03 9.866194e+01
2.639969e+03 8.209359e+01
2.357405e+03 5.732747e+01
1.586599e+03 4.957412e+01
1.128615e+03 4.307085e+01
1.111848e+03 4.151900e+01
2.014641e+03 3.656965e+01
2.033491e+03 2.959217e+01
1.504144e+03 2.548218e+01
1.490125e+03 1.801263e+01
9.719105e+02 1.710001e+01
1.546469e+03 1.479092e+01
1.173979e+03 1.170988e+01
1.154699e+03 1.122550e+01
1.641976e+03 9.158818e+00
1.609375e+03 8.083477e+00
9.824629e+02 6.994309e+00
1.805502e+03 6.257149e+00
1.162824e+03 4.783214e+00
8.151296e+02 4.130873e+00
9.061855e+02 3.374460e+00
1.360738e+03 2.986264e+00
1.356293e+03 2.445145e+00
1.437521e+03 1.965626e+00
7.909400e+02 1.621975e+00
1.009669e+03 1.276703e+00
5.916248e+02 1.064040e+00
7.499822e+02 7.682915e-01
5.912034e+02 6.847183e-01
7.829633e+02 5.574479e-01
1.075288e+03 5.110447e-01
6.148883e+02 4.497661e-01
5.124104e+02 4.017562e-01
6.663154e+02 3.363558e-01
3.956176e+02 3.264867e-01
6.626509e+02 3.002020e-01
1.988570e+02 2.811883e-01
3.667275e+02 2.430712e-01
3.546991e+02 2.323391e-01
5.811808e+02 2.152726e-01
5.049934e+02 1.900601e-01
2.522113e+02 1.735194e-01
1.922718e+02 1.536726e-01
2.145471e+02 1.512804e-01
4.015554e+01 1.418147e-01
5.273977e+01 1.395532e-01
1.432569e+01 1.387269e-01
6.105539e+00 1.378650e-01
1.376080e-01 1.375497e-01
1.374570e-01 1.374433e-01
1.374187e-01 1.374156e-01
1.374111e-01 1.374108e-01
1.374098e-01 1.374097e-01
1.374096e-01 1.374096e-01
1.374096e-01 1.374096e-01
1.374096e-01 1.374096e-01
1.374096e-01 1.374096e-01
1.374096e-01 1.374096e-01
1.374096e-01 1.374096e-01
1.374096e-01 1.374096e-01
1.374096e-01 1.374096e-01
1.374096e-01 1.374096e-01
1.374096e-01 1.374096e-01
1.374096e-01 1.374096e-01
1.374096e-01 1.374096e-01
1.374096e-01 1.374096e-01
1.374096e-01 1.374096e-01
1.374096e-01 1.374096e-01
1.374096e-01 1.374096e-01
4.054411e+04 3.661154e+04
3.011803e+04 2.624340e+04
2.503897e+04 2.218218e+04
2.180402e+04 1.791796e+04
1.873224e+04 1.499117e+04
1.762644e+04 1.372746e+04
1.549104e+04 1.173240e+04
1.353587e+04 9.976236e+03
1.172980e+04 8.742318e+03
1.111554e+04 6.880573e+03
1.033543e+04 6.357920e+03
7.735039e+03 5.043282e+03
6.685282e+03 4.454269e+03
7.673030e+03 3.795190e+03
6.882564e+03 2.981278e+03
5.868191e+03 2.520666e+03
4.502226e+03 2.250114e+03
5.386631e+03 1.564071e+03
4.651323e+03 1.486534e+03
4.726520e+03 1.034453e+03
4.013196e+03 9.606112e+02
2.861230e+03 7.445683e+02
2.650103e+03 5.622709e+02
3.281800e+03 4.051986e+02
2.169441e+03 3.652813e+02
1.710845e+03 2.929782e+02
1.852094e+03 2.190937e+02
2.398258e+03 1.777722e+02
1.594870e+03 1.534078e+02
2.390516e+03 1.240939e+02
1.507879e+03 1.126653e+02
2.075537e+03 7.704488e+01
1.690343e+03 6.885740e+01
1.791085e+03 5.861394e+01
2.050292e+03 4.356571e+01
1.268881e+03 4.119023e+01
1.555037e+03 2.941114e+01
8.916005e+02 2.826334e+01
1.666302e+03 2.142410e+01
1.596490e+03 1.851591e+01
1.427467e+03 1.644833e+01
1.385535e+03 1.528514e+01
1.337707e+03 1.152310e+01
1.170561e+03 1.038974e+01
1.252755e+03 8.541178e+00
7.285068e+02 7.915886e+00
1.149225e+03 6.567862e+00
1.117371e+03 4.986299e+00
1.095199e+03 4.180138e+00
7.798213e+02 4.018684e+00
1.067124e+03 3.676042e+00
1.826446e+03 3.289665e+00
7.960025e+02 2.729838e+00
5.021375e+02 2.172432e+00
4.399497e+02 1.592254e+00
3.293911e+02 1.526865e+00
4.152947e+02 1.357557e+00
6.476479e+02 1.235845e+00
6.671962e+02 1.172188e+00
4.591484e+02 1.098625e+00
4.496751e+02 1.080395e+00
2.942471e+02 1.033681e+00
2.322799e+02 9.944180e-01
2.253767e+02 9.673870e-01
1.226914e+02 9.449617e-01
1.651420e+02 9.332586e-01
3.152779e+02 9.230833e-01
3.684694e+02 9.105626e-01
9.381812e+01 8.990648e-01
6.592528e+01 8.950749e-01
4.269531e+01 8.917108e-01
8.919553e-01 8.901906e-01
8.896220e-01 8.894879e-01
8.892712e-01 8.892348e-01
8.891776e-01 8.891718e-01
8.891588e-01 8.891574e-01
8.891556e-01 8.891555e-01
8.891552e-01 8.891552e-01
8.891552e-01 8.891552e-01
8.891552e-01 8.891552e-01
8.891552e-01 8.891552e-01
8.891552e-01 8.891552e-01
8.891552e-01 8.891552e-01
8.891552e-01 8.891552e-01
8.891552e-01 8.891552e-01
8.891552e-01 8.891552e-01
8.891552e-01 8.891552e-01
8.891552e-01 8.891552e-01
8.891552e-01 8.891552e-01
8.891552e-01 8.891552e-01
8.891552e-01 8.891552e-01
8.891552e-01 8.891552e-01
8.891552e-01 8.891552e-01
8.891552e-01 8.891552e-01
8.891552e-01 8.891552e-01
8.891552e-01 8.891552e-01
8.891552e-01 8.891552e-01
8.891552e-01 8.891552e-01
8.891552e-01 8.891552e-01
8.891552e-01 8.891552e-01
8.891552e-01 8.891552e-01
4.001965e+04 3.489565e+04
3.057585e+04 2.796830e+04
2.481620e+04 2.246817e+04
2.209388e+04 1.832531e+04
2.026601e+04 1.573965e+04
1.734224e+04 1.326180e+04
1.466655e+04 1.147333e+04
1.289373e+04 9.504721e+03
1.158988e+04 8.692066e+03
1.182279e+04 6.034409e+03
9.269364e+03 5.266926e+03
8.851444e+03 4.577267e+03
7.938874e+03 4.279210e+03
8.052528e+03 3.490408e+03
5.813624e+03 2.985305e+03
5.168017e+03 2.362074e+03
4.169680e+03 2.042907e+03
3.654401e+03 1.467079e+03
3.173185e+03 1.214530e+03
2.169975e+03 9.799779e+02
2.711647e+03 7.219415e+02
3.392737e+03 6.139785e+02
2.514010e+03 4.858621e+02
1.801976e+03 4.581672e+02
2.607586e+03 3.685323e+02
2.601488e+03 2.583996e+02
3.733452e+03 2.419072e+02
2.347079e+03 2.120285e+02
1.420156e+03 1.848639e+02
2.110494e+03 1.494607e+02
1.264693e+03 1.133337e+02
2.276063e+03 9.176194e+01
1.509246e+03 8.203013e+01
1.087441e+03 6.078426e+01
1.743719e+03 5.675994e+01
2.758203e+03 4.844479e+01
2.053387e+03 3.937729e+01
1.514194e+03 3.415188e+01
9.034460e+02 2.948901e+01
1.142344e+03 2.396268e+01
1.452356e+03 2.159144e+01
2.535452e+03 1.897225e+01
2.029181e+03 1.508809e+01
1.486545e+03 1.472751e+01
1.294056e+03 1.236596e+01
9.262564e+02 1.101797e+01
1.129677e+03 1.011765e+01
1.164567e+03 8.051027e+00
9.471920e+02 6.893492e+00
5.812184e+02 6.406791e+00
9.288005e+02 5.399396e+00
1.373898e+03 4.625256e+00
1.217964e+03 4.209400e+00
9.717447e+02 3.914495e+00
5.893993e+02 3.651270e+00
6.420738e+02 3.416999e+00
3.703385e+02 3.194731e+00
3.210612e+02 3.146553e+00
3.092831e+02 3.073030e+00
2.781255e+02 3.005799e+00
5.216567e+02 2.939665e+00
3.089644e+02 2.907933e+00
1.941068e+02 2.861164e+00
2.463948e+02 2.844425e+00
3.076970e+02 2.824483e+00
2.256994e+02 2.808953e+00
1.715968e+02 2.790232e+00
1.104246e+02 2.779297e+00
5.403761e+01 2.771583e+00
1.159220e+02 2.766480e+00
9.831298e+00 2.763310e+00
2.762135e+00 2.761618e+00
2.761114e+00 2.761021e+00
2.760857e+00 2.760831e+00
2.760782e+00 2.760775e+00
2.760762e+00 2.760760e+00
2.760757e+00 2.760757e+00
2.760756e+00 2.760756e+00
2.760756e+00 2.760756e+00
2.760756e+00 2.760756e+00
2.760756e+00 2.760756e+00
2.760756e+00 2.760756e+00
2.760756e+00 2.760756e+00
2.760756e+00 2.760756e+00
2.760756e+00 2.760756e+00
2.760756e+00 2.760756e+00
2.760756e+00 2.760756e+00
2.760756e+00 2.760756e+00
2.760756e+00 2.760756e+00
2.760756e+00 2.760756e+00
2.760756e+00 2.760756e+00
2.760756e+00 2.760756e+00
2.760756e+00 2.760756e+00
2.760756e+00 2.760756e+00
2.760756e+00 2.760756e+00
2.760756e+00 2.760756e+00
2.760756e+00 2.760756e+00
2.760756e+00 2.760756e+00
2.760756e+00 2.760756e+00
2.760756e+00 2.760756e+00
2.760756e+00 2.760756e+00
3.999983e+04 3.544462e+04
2.980157e+04 2.736847e+04
2.526191e+04 2.199211e+04
2.140078e+04 1.866726e+04
1.891000e+04 1.436589e+04
1.715882e+04 1.346243e+04
1.480762e+04 1.227009e+04
1.451561e+04 9.870674e+03
1.381221e+04 8.229204e+03
1.048399e+04 7.244060e+03
1.003558e+04 5.873191e+03
8.807161e+03 5.136405e+03
8.688690e+03 4.518033e+03
6.705589e+03 3.656325e+03
6.252466e+03 3.193354e+03
4.591504e+03 2.607761e+03
5.233503e+03 2.261620e+03
4.171931e+03 1.599065e+03
4.033404e+03 1.354597e+03
3.759587e+03 1.194260e+03
2.126940e+03 8.238245e+02
2.005988e+03 6.723680e+02
2.458954e+03 5.353825e+02
2.685547e+03 4.066997e+02
2.287607e+03 3.135114e+02
1.786089e+03 2.662327e+02
1.498645e+03 2.106787e+02
2.189304e+03 1.895499e+02
2.345212e+03 1.574210e+02
1.387580e+03 1.367252e+02
1.152380e+03 1.042180e+02
9.949805e+02 8.820545e+01
1.273167e+03 6.986073e+01
1.906771e+03 5.487630e+01
1.158573e+03 4.470908e+01
8.824416e+02 3.547694e+01
1.390217e+03 3.179797e+01
8.427962e+02 2.773233e+01
8.552034e+02 2.268232e+01
9.451332e+02 2.140743e+01
1.117442e+03 1.719724e+01
1.503782e+03 1.548249e+01
2.142832e+03 1.447964e+01
1.144896e+03 1.262550e+01
1.076522e+03 1.064190e+01
1.466651e+03 8.551678e+00
1.461370e+03 7.049960e+00
1.327544e+03 6.209091e+00
7.297257e+02 6.153244e+00
6.908860e+02 5.467759e+00
8.406446e+02 5.012477e+00
6.664652e+02 4.803142e+00
3.120650e+02 4.295081e+00
7.973226e+02 4.001746e+00
6.260476e+02 3.767129e+00
7.684536e+02 3.701032e+00
7.474261e+02 3.538009e+00
5.059127e+02 3.477040e+00
6.752464e+02 3.429647e+00
4.786002e+02 3.371997e+00
3.931942e+02 3.355783e+00
3.409660e+02 3.295996e+00
1.114370e+02 3.273980e+00
5.691741e+02 3.251449e+00
1.749293e+02 3.231422e+00
3.907330e+02 3.220314e+00
2.010595e+02 3.203738e+00
1.828566e+02 3.182606e+00
8.939638e+01 3.175615e+00
5.623802e+01 3.167240e+00
3.222266e+01 3.164800e+00
1.503948e+01 3.162669e+00
3.162085e+00 3.161832e+00
3.161632e+00 3.161605e+00
3.161558e+00 3.161554e+00
3.161543e+00 3.161543e+00
3.161541e+00 3.161541e+00
3.161541e+00 3.161541e+00
3.161541e+00 3.161541e+00
3.161541e+00 3.161541e+00
3.161541e+00 3.161541e+00
3.161541e+00 3.161541e+00
3.161541e+00 3.161541e+00
3.161541e+00 3.161541e+00
3.161541e+00 3.161541e+00
3.161541e+00 3.161541e+00
3.161541e+00 3.161541e+00
3.161541e+00 3.161541e+00
3.161541e+00 3.161541e+00
3.161541e+00 3.161541e+00
3.161541e+00 3.161541e+00
3.161541e+00 3.161541e+00
3.161541e+00 3.161541e+00
3.161541e+00 3.161541e+00
3.161541e+00 3.161541e+00
3.161541e+00 3.161541e+00
3.161541e+00 3.161541e+00
3.161541e+00 3.161541e+00
3.161541e+00 3.161541e+00
3.161541e+00 3.161541e+00
3.161541e+00 3.161541e+00
3.989422e+04 3.522517e+04
3.010249e+04 2.661855e+04
2.535743e+04 2.174235e+04
2.182594e+04 1.857700e+04
1.978992e+04 1.591543e+04
1.798961e+04 1.303016e+04
1.549599e+04 1.165102e+04
1.469658e+04 9.873384e+03
1.279452e+04 8.934733e+03
1.217781e+04 7.848998e+03
9.963979e+03 6.926360e+03
8.536419e+03 5.864462e+03
8.436477e+03 5.036401e+03
8.709388e+03 3.962297e+03
6.291052e+03 3.450165e+03
5.643779e+03 3.069924e+03
5.233481e+03 2.247514e+03
4.797264e+03 1.754399e+03
3.396037e+03 1.674544e+03
2.559462e+03 1.284558e+03
4.115846e+03 1.133082e+03
4.197947e+03 8.452860e+02
2.089380e+03 7.137017e+02
1.817344e+03 4.386829e+02
1.493981e+03 3.473681e+02
1.312584e+03 3.086217e+02
1.404781e+03 2.243030e+02
1.813139e+03 1.958014e+02
1.368626e+03 1.650893e+02
1.435047e+03 1.242241e+02
1.950284e+03 9.884601e+01
1.557113e+03 8.078184e+01
1.211577e+03 7.348755e+01
9.932923e+02 6.815454e+01
8.552839e+02 5.060123e+01
1.000859e+03 4.291512e+01
2.077264e+03 4.025825e+01
1.889376e+03 3.408460e+01
1.399105e+03 2.762973e+01
1.276919e+03 2.539756e+01
9.415593e+02 2.212600e+01
9.256064e+02 2.028845e+01
1.731804e+03 1.677459e+01
1.071377e+03 1.487060e+01
1.468026e+03 1.371844e+01
1.435478e+03 1.063721e+01
1.043012e+03 1.008154e+01
1.174458e+03 9.411273e+00
1.225204e+03 8.188536e+00
9.046465e+02 7.044223e+00
5.980781e+02 6.417000e+00
1.095123e+03 5.305336e+00
8.597195e+02 4.571561e+00
7.530983e+02 3.528681e+00
4.917866e+02 3.427995e+00
5.371180e+02 3.101568e+00
8.492269e+02 2.749803e+00
6.708886e+02 2.577296e+00
5.024320e+02 2.460711e+00
9.967565e+02 2.394224e+00
3.646873e+02 2.292774e+00
7.155062e+02 2.239259e+00
3.743393e+02 2.205661e+00
1.319953e+02 2.172334e+00
5.538649e+02 2.133739e+00
4.814424e+02 2.103664e+00
2.451007e+02 2.097368e+00
4.103675e+02 2.087267e+00
2.440839e+02 2.064801e+00
1.880687e+02 2.051659e+00
7.434277e+01 2.042123e+00
1.593058e+02 2.034447e+00
5.297148e+01 2.032339e+00
3.870863e+00 2.030141e+00
2.029251e+00 2.029051e+00
2.028675e+00 2.028623e+00
2.028516e+00 2.028505e+00
2.028479e+00 2.028476e+00
2.028472e+00 2.028472e+00
2.028471e+00 2.028471e+00
2.028471e+00 2.028471e+00
2.028471e+00 2.028471e+00
2.028471e+00 2.028471e+00
2.028471e+00 2.028471e+00
2.028471e+00 2.028471e+00
2.028471e+00 2.028471e+00
2.028471e+00 2.028471e+00
2.028471e+00 2.028471e+00
2.028471e+00 2.028471e+00
2.028471e+00 2.028471e+00
2.028471e+00 2.028471e+00
2.028471e+00 2.028471e+00
2.028471e+00 2.028471e+00
2.028471e+00 2.028471e+00
2.028471e+00 2.028471e+00
2.028471e+00 2.028471e+00
2.028471e+00 2.028471e+00
2.028471e+00 2.028471e+00
2.028471e+00 2.028471e+00
2.028471e+00 2.028471e+00
2.028471e+00 2.028471e+00
3.998640e+04 3.585050e+04
2.948159e+04 2.654290e+04
2.462439e+04 2.107718e+04
2.132177e+04 1.815809e+04
1.911792e+04 1.560736e+04
1.698718e+04 1.357185e+04
1.546463e+04 1.135551e+04
1.354369e+04 9.994731e+03
1.277420e+04 8.657742e+03
1.195991e+04 7.676182e+03
1.082149e+04 6.626870e+03
8.544500e+03 5.779432e+03
8.617704e+03 4.608536e+03
8.206054e+03 4.096608e+03
6.326294e+03 3.651995e+03
5.976066e+03 3.049504e+03
5.690215e+03 2.218166e+03
5.246224e+03 1.680766e+03
4.706204e+03 1.300033e+03
4.262819e+03 1.117757e+03
3.873630e+03 9.687578e+02
2.839253e+03 7.245696e+02
3.213726e+03 5.976274e+02
2.797829e+03 5.085146e+02
1.380995e+03 3.923529e+02
2.474463e+03 3.127494e+02
1.485460e+03 2.516458e+02
8.323356e+02 2.029227e+02
2.043881e+03 1.573827e+02
2.196709e+03 1.130233e+02
1.240432e+03 1.000138e+02
1.454005e+03 8.718542e+01
1.343441e+03 8.424562e+01
1.421730e+03 7.238254e+01
1.654690e+03 5.680714e+01
9.708327e+02 4.629258e+01
2.276247e+03 3.771488e+01
1.581214e+03 3.070014e+01
9.638337e+02 2.735408e+01
1.495517e+03 2.086664e+01
8.694417e+02 1.947282e+01
9.822503e+02 1.713129e+01
1.987359e+03 1.368961e+01
1.563356e+03 1.196219e+01
1.270718e+03 1.014188e+01
1.364406e+03 8.728945e+00
9.596426e+02 8.010745e+00
1.200331e+03 6.941022e+00
1.318338e+03 6.008827e+00
1.283281e+03 4.535076e+00
1.131580e+03 3.657480e+00
1.569924e+03 3.130716e+00
6.939613e+02 2.706647e+00
7.211942e+02 2.220510e+00
9.793679e+02 1.764654e+00
7.498494e+02 1.398455e+00
1.254867e+03 1.168687e+00
3.673915e+02 1.060838e+00
5.609481e+02 8.736716e-01
3.452087e+02 8.147924e-01
3.152522e+02 7.575754e-01
5.713870e+02 7.350749e-01
2.241882e+02 6.938614e-01
3.104266e+02 6.636700e-01
1.008576e+02 6.430835e-01
3.054907e+02 6.184520e-01
8.030846e+01 5.929199e-01
1.937993e+02 5.812119e-01
1.029023e+02 5.628230e-01
2.517225e+02 5.576791e-01
6.953785e+01 5.481097e-01
9.660725e+00 5.449662e-01
1.752209e+00 5.428460e-01
7.913812e-01 5.419293e-01
5.416459e-01 5.415746e-01
5.414502e-01 5.414359e-01
5.414045e-01 5.414001e-01
5.413920e-01 5.413912e-01
5.413895e-01 5.413894e-01
5.413890e-01 5.413890e-01
5.413889e-01 5.413889e-01
5.413889e-01 5.413889e-01
5.413889e-01 5.413889e-01
5.413889e-01 5.413889e-01
5.413889e-01 5.413889e-01
5.413889e-01 5.413889e-01
5.413889e-01 5.413889e-01
5.413889e-01 5.413889e-01
5.413889e-01 5.413889e-01
5.413889e-01 5.413889e-01
5.413889e-01 5.413889e-01
5.413889e-01 5.413889e-01
5.413889e-01 5.413889e-01
5.413889e-01 5.413889e-01
5.413889e-01 5.413889e-01
5.413889e-01 5.413889e-01
5.413889e-01 5.413889e-01
5.413889e-01 5.413889e-01
5.413889e-01 5.413889e-01
5.413889e-01 5.413889e-01
5.413889e-01 5.413889e-01
4.015529e+04 3.468538e+04
3.044308e+04 2.806469e+04
2.538708e+04 2.212563e+04
2.196883e+04 1.875083e+04
1.904207e+04 1.583063e+04
1.753854e+04 1.419229e+04
1.528239e+04 1.178380e+04
1.494253e+04 1.035545e+04
1.236711e+04 8.441652e+03
1.086724e+04 7.676291e+03
1.047911e+04 6.842985e+03
9.240959e+03 6.019414e+03
8.231074e+03 4.887755e+03
7.406454e+03 3.690602e+03
6.222113e+03 3.132813e+03
5.611607e+03 2.600756e+03
7.205347e+03 2.455447e+03
5.843847e+03 1.952777e+03
3.862485e+03 1.738180e+03
3.475594e+03 1.395078e+03
3.598484e+03 1.151423e+03
3.946559e+03 8.945663e+02
3.294671e+03 7.520764e+02
3.387910e+03 6.231056e+02
2.513382e+03 5.323116e+02
1.982273e+03 4.197021e+02
2.118861e+03 3.704949e+02
3.638065e+03 2.986696e+02
1.778816e+03 2.612039e+02
1.685489e+03 2.048296e+02
2.809762e+03 1.776516e+02
2.554564e+03 1.419607e+02
1.297525e+03 1.319429e+02
1.642949e+03 9.822150e+01
2.250818e+03 8.017059e+01
1.748715e+03 6.337394e+01
2.188442e+03 5.933226e+01
1.316756e+03 5.070227e+01
1.400426e+03 4.013479e+01
1.743337e+03 3.627868e+01
1.220928e+03 3.510260e+01
1.040125e+03 2.845487e+01
9.113091e+02 2.532296e+01
1.357388e+03 2.329675e+01
2.406672e+03 1.883689e+01
1.387533e+03 1.568310e+01
1.032260e+03 1.360827e+01
9.191591e+02 1.060955e+01
1.136095e+03 9.892587e+00
6.200791e+02 7.855735e+00
1.189917e+03 7.233942e+00
1.774449e+03 5.309700e+00
1.374177e+03 4.837508e+00
1.617599e+03 3.927095e+00
1.000062e+03 3.263641e+00
7.784514e+02 2.814693e+00
6.311691e+02 2.028836e+00
8.905116e+02 1.572336e+00
9.666508e+02 1.094528e+00
1.095886e+03 9.543748e-01
5.592266e+02 7.926544e-01
6.260449e+02 7.105296e-01
3.212943e+02 5.672078e-01
4.010424e+02 4.937812e-01
4.778552e+02 4.403481e-01
5.836742e+02 3.860981e-01
4.301575e+02 3.459319e-01
5.641509e+02 3.235955e-01
4.170108e+02 2.919004e-01
6.649979e+02 2.724606e-01
5.588241e+02 2.595343e-01
2.714779e+02 2.417295e-01
3.059652e+02 2.230347e-01
3.643160e+02 2.044268e-01
3.578751e+02 1.925143e-01
1.498328e+02 1.839343e-01
5.690364e+01 1.742269e-01
2.752955e+01 1.717900e-01
1.292723e+01 1.702899e-01
3.006832e-01 1.691712e-01
1.689044e-01 1.687834e-01
1.686952e-01 1.686790e-01
1.686506e-01 1.686480e-01
1.686412e-01 1.686406e-01
1.686394e-01 1.686393e-01
1.686391e-01 1.686391e-01
1.686390e-01 1.686390e-01
1.686390e-01 1.686390e-01
1.686390e-01 1.686390e-01
1.686390e-01 1.686390e-01
1.686390e-01 1.686390e-01
1.686390e-01 1.686390e-01
1.686390e-01 1.686390e-01
1.686390e-01 1.686390e-01
1.686390e-01 1.686390e-01
1.686390e-01 1.686390e-01
1.686390e-01 1.686390e-01
1.686390e-01 1.686390e-01
1.686390e-01 1.686390e-01
1.686390e-01 1.686390e-01
1.686390e-01 1.686390e-01
3.993830e+04 3.550350e+04
3.000587e+04 2.706702e+04
2.524773e+04 2.213703e+04
2.129571e+04 1.825969e+04
1.938146e+04 1.545102e+04
1.663454e+04 1.361884e+04
1.479760e+04 1.210062e+04
1.280036e+04 9.810488e+03
1.256616e+04 8.761518e+03
1.110661e+04 7.409870e+03
9.881768e+03 5.985192e+03
8.295123e+03 4.794934e+03
7.474964e+03 4.168337e+03
7.479915e+03 3.908621e+03
7.190228e+03 3.387142e+03
5.203254e+03 2.493087e+03
4.491148e+03 2.202084e+03
4.146471e+03 1.854379e+03
4.931786e+03 1.443749e+03
3.694158e+03 1.229795e+03
4.154931e+03 1.016337e+03
4.565407e+03 7.774764e+02
4.876932e+03 5.881640e+02
2.163610e+03 5.327259e+02
2.028250e+03 4.248699e+02
1.869562e+03 3.505654e+02
2.859995e+03 2.930793e+02
2.640720e+03 2.507157e+02
1.945128e+03 2.200003e+02
3.049303e+03 1.740361e+02
2.154474e+03 1.289431e+02
3.073703e+03 1.196826e+02
2.572310e+03 1.039546e+02
1.472557e+03 8.608109e+01
1.229150e+03 7.855337e+01
1.127785e+03 6.925066e+01
1.203995e+03 4.910912e+01
1.225205e+03 3.986128e+01
1.543706e+03 3.483440e+01
1.218601e+03 3.295184e+01
1.633219e+03 2.843069e+01
1.301324e+03 2.503081e+01
1.866971e+03 2.121270e+01
1.489647e+03 1.798272e+01
1.525209e+03 1.482786e+01
1.301911e+03 1.278632e+01
1.586103e+03 1.064652e+01
1.399980e+03 9.465005e+00
1.835970e+03 7.641535e+00
8.453168e+02 6.248915e+00
1.091886e+03 4.167236e+00
7.449346e+02 3.607552e+00
8.725542e+02 3.013386e+00
6.019917e+02 2.520300e+00
9.067132e+02 2.301400e+00
1.171193e+03 1.722436e+00
7.574428e+02 1.424842e+00
6.908263e+02 1.035563e+00
4.644330e+02 6.740575e-01
4.739711e+02 6.178150e-01
1.039217e+03 5.595331e-01
5.607541e+02 4.621193e-01
4.946899e+02 4.396706e-01
3.814411e+02 3.623011e-01
6.951903e+02 3.507378e-01
6.478358e+02 3.334080e-01
4.598239e+02 3.054127e-01
4.632555e+02 2.829690e-01
4.784841e+02 2.711268e-01
2.431922e+02 2.568554e-01
1.564236e+02 2.419015e-01
1.990588e+02 2.286131e-01
1.495032e+02 2.114681e-01
6.004959e+01 2.062171e-01
2.558604e+01 2.030090e-01
8.478501e-01 2.013029e-01
2.470514e-01 2.003230e-01
2.000935e-01 2.000308e-01
1.999437e-01 1.999167e-01
1.998924e-01 1.998859e-01
1.998754e-01 1.998731e-01
1.998701e-01 1.998697e-01
1.998688e-01 1.998687e-01
1.998685e-01 1.998685e-01
1.998685e-01 1.998685e-01
1.998685e-01 1.998685e-01
1.998685e-01 1.998685e-01
1.998685e-01 1.998685e-01
1.998685e-01 1.998685e-01
1.998685e-01 1.998685e-01
1.998685e-01 1.998685e-01
1.998685e-01 1.998685e-01
1.998685e-01 1.998685e-01
1.998685e-01 1.998685e-01
1.998685e-01 1.998685e-01
1.998685e-01 1.998685e-01
1.998685e-01 1.998685e-01
1.998685e-01 1.998685e-01
1.998685e-01 1.998685e-01
1.998685e-01 1.998685e-01
1.998685e-01 1.998685e-01
4.009456e+04 3.545819e+04
2.976178e+04 2.653959e+04
2.483522e+04 2.174606e+04
2.174878e+04 1.857702e+04
1.866033e+04 1.552700e+04
1.812593e+04 1.348999e+04
1.606102e+04 1.115663e+04
1.348509e+04 9.853247e+03
1.235530e+04 7.850158e+03
1.123148e+04 6.724567e+03
1.028843e+04 6.141207e+03
9.709987e+03 5.171308e+03
8.068030e+03 4.065661e+03
7.498020e+03 3.505299e+03
6.719824e+03 3.192513e+03
5.129865e+03 2.412798e+03
5.125455e+03 2.027741e+03
4.839532e+03 1.729561e+03
5.600771e+03 1.545520e+03
4.556275e+03 1.171652e+03
3.132530e+03 1.035388e+03
2.802062e+03 8.501688e+02
3.274513e+03 6.552228e+02
2.223141e+03 5.134286e+02
3.001235e+03 3.815233e+02
2.633805e+03 3.091563e+02
2.568185e+03 2.622280e+02
1.608746e+03 2.307534e+02
1.856384e+03 1.774996e+02
3.014834e+03 1.418923e+02
2.261143e+03 1.179662e+02
2.316492e+03 1.005621e+02
2.203117e+03 8.649050e+01
2.012448e+03 6.553785e+01
2.154508e+03 5.387550e+01
2.032771e+03 4.680841e+01
2.296780e+03 4.142768e+01
9.971975e+02 3.693883e+01
1.345393e+03 2.468328e+01
1.199985e+03 2.331484e+01
1.062576e+03 2.130045e+01
1.555657e+03 1.905593e+01
1.958848e+03 1.464419e+01
1.422833e+03 1.333851e+01
5.796624e+02 1.178874e+01
1.195086e+03 1.016598e+01
2.544964e+03 7.187814e+00
1.383896e+03 6.898897e+00
1.626760e+03 5.989672e+00
8.713422e+02 4.790079e+00
1.245445e+03 4.429685e+00
1.263904e+03 3.872362e+00
9.643670e+02 2.814025e+00
9.889575e+02 2.184810e+00
1.146238e+03 1.693491e+00
1.448392e+03 1.433587e+00
9.605117e+02 9.637800e-01
8.669258e+02 8.841786e-01
6.735511e+02 7.755623e-01
4.224202e+02 6.278257e-01
5.502044e+02 5.690852e-01
6.812343e+02 4.684416e-01
9.668137e+02 4.078002e-01
4.950909e+02 3.828329e-01
5.854075e+02 3.276763e-01
3.906505e+02 2.822854e-01
5.022109e+02 2.711094e-01
1.061743e+03 2.574725e-01
3.629755e+02 2.405986e-01
4.229136e+02 2.193420e-01
4.128983e+02 2.066359e-01
3.810791e+02 1.859927e-01
2.045076e+02 1.766576e-01
4.357861e+02 1.617883e-01
1.219560e+02 1.473869e-01
3.144364e+02 1.384249e-01
3.971528e+01 1.354350e-01
7.260709e+00 1.331965e-01
2.113514e+00 1.318567e-01
1.008547e+00 1.313474e-01
1.312268e-01 1.312078e-01
1.311737e-01 1.311701e-01
1.311652e-01 1.311646e-01
1.311639e-01 1.311639e-01
1.311637e-01 1.311637e-01
1.311637e-01 1.311637e-01
1.311637e-01 1.311637e-01
1.311637e-01 1.311637e-01
1.311637e-01 1.311637e-01
1.311637e-01 1.311637e-01
1.311637e-01 1.311637e-01
1.311637e-01 1.311637e-01
1.311637e-01 1.311637e-01
1.311637e-01 1.311637e-01
1.311637e-01 1.311637e-01
1.311637e-01 1.311637e-01
1.311637e-01 1.311637e-01
1.311637e-01 1.311637e-01
1.311637e-01 1.311637e-01
1.311637e-01 1.311637e-01
1.311637e-01 1.311637e-01
4.011099e+04 3.481044e+04
3.064298e+04 2.642549e+04
2.563886e+04 2.263825e+04
2.192061e+04 1.869130e+04
1.961138e+04 1.616746e+04
1.722675e+04 1.361627e+04
1.618780e+04 1.173149e+04
1.439568e+04 1.061431e+04
1.223692e+04 9.148753e+03
1.098573e+04 7.525498e+03
1.074513e+04 5.694172e+03
9.001501e+03 5.212052e+03
7.866693e+03 4.808998e+03
6.487693e+03 4.187205e+03
6.985288e+03 3.609320e+03
6.758564e+03 2.781192e+03
6.032522e+03 2.513285e+03
6.291408e+03 1.896098e+03
5.067030e+03 1.708425e+03
4.033912e+03 1.331062e+03
2.867983e+03 1.107160e+03
3.046622e+03 9.848893e+02
3.103584e+03 7.759686e+02
2.739902e+03 6.109439e+02
2.495992e+03 4.953673e+02
1.839617e+03 3.907360e+02
2.412426e+03 3.280507e+02
1.868218e+03 2.712127e+02
2.018035e+03 2.220477e+02
2.960623e+03 1.482755e+02
1.328365e+03 1.413436e+02
1.683716e+03 1.088910e+02
8.855945e+02 9.608707e+01
6.568856e+02 7.896195e+01
2.470504e+03 6.737919e+01
2.927990e+03 5.903237e+01
2.248587e+03 5.287805e+01
1.266243e+03 4.358150e+01
2.350280e+03 3.084164e+01
1.900853e+03 2.760666e+01
7.462026e+02 2.637304e+01
2.023655e+03 2.364832e+01
1.351741e+03 1.978928e+01
1.097046e+03 1.744219e+01
9.687055e+02 1.400749e+01
1.089064e+03 1.163857e+01
1.726993e+03 9.284110e+00
1.000786e+03 7.816556e+00
4.436666e+02 6.883275e+00
9.150709e+02 5.304606e+00
1.487319e+03 4.132076e+00
1.086568e+03 2.883917e+00
8.015978e+02 2.692572e+00
5.906774e+02 2.281131e+00
1.172006e+03 1.896945e+00
1.018095e+03 1.374597e+00
1.052470e+03 1.252029e+00
9.129666e+02 9.576699e-01
6.832403e+02 7.536945e-01
5.060142e+02 7.210559e-01
8.523056e+02 5.855214e-01
7.721897e+02 5.305920e-01
4.774764e+02 4.793004e-01
6.054119e+02 4.056289e-01
2.095140e+02 3.899143e-01
4.880473e+02 3.519278e-01
6.356443e+02 3.059140e-01
4.716225e+02 2.859799e-01
5.911744e+02 2.706892e-01
2.739814e+02 2.567115e-01
2.498508e+02 2.390646e-01
3.259745e+02 2.223314e-01
3.530680e+02 2.069620e-01
8.913381e+01 1.926687e-01
2.500323e+01 1.836269e-01
2.119012e+01 1.788013e-01
2.244098e+00 1.766750e-01
3.481896e+00 1.755806e-01
1.751284e-01 1.750606e-01
1.749476e-01 1.749340e-01
1.749004e-01 1.748960e-01
1.748884e-01 1.748877e-01
1.748856e-01 1.748854e-01
1.748850e-01 1.748850e-01
1.748849e-01 1.748849e-01
1.748849e-01 1.748849e-01
1.748849e-01 1.748849e-01
1.748849e-01 1.748849e-01
1.748849e-01 1.748849e-01
1.748849e-01 1.748849e-01
1.748849e-01 1.748849e-01
1.748849e-01 1.748849e-01
1.748849e-01 1.748849e-01
1.748849e-01 1.748849e-01
1.748849e-01 1.748849e-01
1.748849e-01 1.748849e-01
1.748849e-01 1.748849e-01
1.748849e-01 1.748849e-01
1.748849e-01 1.748849e-01
1.748849e-01 1.748849e-01
1.748849e-01 1.748849e-01
4.010355e+04 3.602609e+04
3.067606e+04 2.716578e+04
2.528115e+04 2.184159e+04
2.220425e+04 1.863974e+04
1.845415e+04 1.560642e+04
1.651676e+04 1.268839e+04
1.445698e+04 1.035219e+04
1.238488e+04 1.009297e+04
1.188621e+04 8.475077e+03
1.195622e+04 7.464292e+03
1.050912e+04 5.988680e+03
8.947223e+03 5.292848e+03
8.684752e+03 4.262553e+03
7.021845e+03 3.801085e+03
5.997815e+03 3.348686e+03
5.483023e+03 2.441348e+03
5.300829e+03 2.203379e+03
4.452375e+03 1.759350e+03
4.119414e+03 1.477298e+03
4.046272e+03 1.208740e+03
2.927893e+03 9.755021e+02
4.052410e+03 7.385863e+02
2.134057e+03 4.950858e+02
1.772522e+03 4.174758e+02
2.562588e+03 3.789183e+02
1.716574e+03 2.920133e+02
1.642328e+03 2.584386e+02
2.661921e+03 1.891726e+02
2.317393e+03 1.416443e+02
2.651401e+03 1.347035e+02
1.997332e+03 1.184327e+02
1.434269e+03 9.839355e+01
1.876691e+03 7.431541e+01
1.643495e+03 6.681021e+01
1.579693e+03 5.507139e+01
1.536153e+03 4.212499e+01
1.904100e+03 3.535328e+01
1.768986e+03 2.804104e+01
1.208759e+03 2.367967e+01
5.826473e+02 2.137710e+01
9.769650e+02 1.703642e+01
1.366544e+03 1.544769e+01
1.893381e+03 1.296412e+01
1.329418e+03 1.157007e+01
1.212698e+03 9.992696e+00
1.359154e+03 8.770245e+00
1.099494e+03 7.421515e+00
1.592447e+03 5.906517e+00
1.383008e+03 5.215834e+00
2.122739e+03 4.695093e+00
2.003358e+03 3.823446e+00
9.699145e+02 2.992663e+00
7.554178e+02 2.165962e+00
7.941614e+02 2.078333e+00
6.703956e+02 1.438557e+00
8.027903e+02 1.286339e+00
7.170478e+02 1.155578e+00
6.514875e+02 9.721744e-01
5.220040e+02 9.042274e-01
4.762593e+02 8.710414e-01
4.052516e+02 7.900735e-01
5.214908e+02 7.379266e-01
2.121196e+02 6.924968e-01
3.580496e+02 6.623594e-01
2.015220e+02 6.344860e-01
3.383645e+02 6.160045e-01
3.230924e+02 5.876655e-01
4.828603e+02 5.803041e-01
2.149706e+02 5.636514e-01
1.247945e+02 5.523540e-01
1.138417e+02 5.398190e-01
1.303350e+02 5.344768e-01
4.054590e+01 5.318487e-01
1.013084e+01 5.301624e-01
5.294742e-01 5.293327e-01
5.290632e-01 5.290144e-01
5.289481e-01 5.289379e-01
5.289111e-01 5.289070e-01
5.289000e-01 5.288993e-01
5.288976e-01 5.288974e-01
5.288972e-01 5.288972e-01
5.288971e-01 5.288971e-01
5.288971e-01 5.288971e-01
5.288971e-01 5.288971e-01
5.288971e-01 5.288971e-01
5.288971e-01 5.288971e-01
5.288971e-01 5.288971e-01
5.288971e-01 5.288971e-01
5.288971e-01 5.288971e-01
5.288971e-01 5.288971e-01
5.288971e-01 5.288971e-01
5.288971e-01 5.288971e-01
5.288971e-01 5.288971e-01
5.288971e-01 5.288971e-01
5.288971e-01 5.288971e-01
5.288971e-01 5.288971e-01
5.288971e-01 5.288971e-01
5.288971e-01 5.288971e-01
5.288971e-01 5.288971e-01
5.288971e-01 5.288971e-01
5.288971e-01 5.288971e-01
3.976687e+04 3.383888e+04
3.037828e+04 2.701299e+04
2.523450e+04 2.246542e+04
2.190100e+04 1.856461e+04
1.961684e+04 1.482399e+04
1.797085e+04 1.316914e+04
1.531844e+04 1.147039e+04
1.468346e+04 1.057559e+04
1.310014e+04 9.068224e+03
1.179134e+04 7.313509e+03
1.060545e+04 6.661790e+03
8.992080e+03 5.683551e+03
8.229507e+03 4.562261e+03
6.371837e+03 4.119164e+03
6.845077e+03 3.242466e+03
5.905490e+03 2.898117e+03
5.384333e+03 2.191617e+03
4.104983e+03 1.745210e+03
3.640961e+03 1.515952e+03
3.428777e+03 1.326347e+03
3.728205e+03 1.005071e+03
3.403281e+03 8.140044e+02
2.464012e+03 6.216226e+02
2.420160e+03 5.103997e+02
2.626767e+03 3.894946e+02
2.304964e+03 3.188069e+02
1.742083e+03 2.502536e+02
2.518439e+03 2.310152e+02
1.752340e+03 1.722733e+02
2.019776e+03 1.344954e+02
2.043553e+03 1.248303e+02
1.767644e+03 1.036114e+02
2.039714e+03 8.819700e+01
2.177315e+03 6.790451e+01
2.102035e+03 6.046627e+01
1.670391e+03 5.301752e+01
9.220453e+02 3.950643e+01
5.734284e+02 3.471864e+01
7.134115e+02 2.505697e+01
7.103926e+02 2.118921e+01
1.200696e+03 1.973405e+01
1.911494e+03 1.433208e+01
1.392609e+03 1.326771e+01
1.265445e+03 1.060133e+01
7.906487e+02 9.939824e+00
1.830707e+03 8.813867e+00
1.018427e+03 7.633134e+00
1.006962e+03 6.594055e+00
6.764686e+02 5.714075e+00
6.197791e+02 4.281056e+00
1.316772e+03 4.060734e+00
7.622787e+02 3.671374e+00
6.148557e+02 3.108902e+00
6.606931e+02 2.596958e+00
4.184241e+02 2.369780e+00
6.794969e+02 2.165386e+00
5.744772e+02 2.064000e+00
4.851356e+02 1.952211e+00
6.662241e+02 1.888286e+00
4.973089e+02 1.849607e+00
2.233712e+02 1.819839e+00
2.269277e+02 1.791376e+00
2.893323e+02 1.758467e+00
3.150231e+02 1.742448e+00
2.470294e+02 1.719667e+00
2.207416e+02 1.705606e+00
2.889187e+02 1.697342e+00
1.064667e+02 1.685438e+00
1.032207e+02 1.680370e+00
2.502854e+01 1.677395e+00
1.686685e+00 1.675711e+00
1.675019e+00 1.674879e+00
1.674604e+00 1.674565e+00
1.674495e+00 1.674487e+00
1.674467e+00 1.674465e+00
1.674461e+00 1.674460e+00
1.674459e+00 1.674459e+00
1.674459e+00 1.674459e+00
1.674459e+00 1.674459e+00
1.674459e+00 1.674459e+00
1.674459e+00 1.674459e+00
1.674459e+00 1.674459e+00
1.674459e+00 1.674459e+00
1.674459e+00 1.674459e+00
1.674459e+00 1.674459e+00
1.674459e+00 1.674459e+00
1.674459e+00 1.674459e+00
1.674459e+00 1.674459e+00
1.674459e+00 1.674459e+00
1.674459e+00 1.674459e+00
1.674459e+00 1.674459e+00
1.674459e+00 1.674459e+00
1.674459e+00 1.674459e+00
1.674459e+00 1.674459e+00
1.674459e+00 1.674459e+00
1.674459e+00 1.674459e+00
1.674459e+00 1.674459e+00
1.674459e+00 1.674459e+00
1.674459e+00 1.674459e+00
1.674459e+00 1.674459e+00
1.674459e+00 1.674459e+00
3.982281e+04 3.559629e+04
3.003941e+04 2.712735e+04
2.530247e+04 2.165419e+04
2.187035e+04 1.850297e+04
1.952375e+04 1.521277e+04
1.716468e+04 1.360827e+04
1.479399e+04 1.089911e+04
1.289543e+04 1.021700e+04
1.172771e+04 8.894238e+03
1.134750e+04 7.903376e+03
1.112603e+04 6.380944e+03
9.233956e+03 5.783991e+03
8.975555e+03 4.951913e+03
8.569617e+03 3.903829e+03
6.757058e+03 3.147909e+03
6.007951e+03 2.616245e+03
5.335397e+03 2.193648e+03
4.713586e+03 1.780503e+03
4.308996e+03 1.498464e+03
4.263135e+03 1.325832e+03
3.615195e+03 1.129381e+03
2.810095e+03 8.631803e+02
3.510823e+03 6.241419e+02
2.560964e+03 4.987842e+02
2.312673e+03 4.288400e+02
2.766068e+03 2.957283e+02
2.476502e+03 2.656132e+02
1.730898e+03 2.156686e+02
1.245292e+03 1.764284e+02
2.501261e+03 1.512678e+02
2.494733e+03 1.119005e+02
1.067860e+03 9.392531e+01
1.715307e+03 8.197944e+01
1.132119e+03 6.441743e+01
1.564934e+03 5.679771e+01
1.633898e+03 4.426548e+01
1.626867e+03 3.574723e+01
1.013594e+03 2.745390e+01
6.794635e+02 2.518492e+01
1.177657e+03 2.061843e+01
1.006637e+03 1.593961e+01
1.199892e+03 1.377297e+01
9.918146e+02 1.131577e+01
8.964130e+02 9.818151e+00
1.325644e+03 7.661717e+00
1.540102e+03 5.409293e+00
1.085988e+03 4.927960e+00
8.301121e+02 3.941920e+00
5.423278e+02 3.227334e+00
8.347913e+02 2.505015e+00
1.225413e+03 2.252910e+00
7.539478e+02 1.897861e+00
8.920889e+02 1.513612e+00
8.064628e+02 1.325215e+00
3.131141e+02 1.181955e+00
2.785277e+02 1.048994e+00
3.233042e+02 8.835770e-01
5.375286e+02 8.175037e-01
7.134610e+02 7.452476e-01
4.669643e+02 7.305154e-01
2.183548e+02 6.923229e-01
7.682696e+01 6.487040e-01
3.360005e+02 6.299826e-01
3.282812e+02 6.093332e-01
1.955581e+02 5.870768e-01
3.870784e+02 5.743750e-01
2.475233e+02 5.512565e-01
3.033194e+02 5.469890e-01
1.558364e+02 5.418976e-01
3.473768e+01 5.351791e-01
5.540846e+00 5.315584e-01
1.498147e+00 5.299755e-01
5.293835e-01 5.292347e-01
5.290041e-01 5.289773e-01
5.289195e-01 5.289147e-01
5.289015e-01 5.289004e-01
5.288978e-01 5.288976e-01
5.288972e-01 5.288972e-01
5.288971e-01 5.288971e-01
5.288971e-01 5.288971e-01
5.288971e-01 5.288971e-01
5.288971e-01 5.288971e-01
5.288971e-01 5.288971e-01
5.288971e-01 5.288971e-01
5.288971e-01 5.288971e-01
5.288971e-01 5.288971e-01
5.288971e-01 5.288971e-01
5.288971e-01 5.288971e-01
5.288971e-01 5.288971e-01
5.288971e-01 5.288971e-01
5.288971e-01 5.288971e-01
5.288971e-01 5.288971e-01
5.288971e-01 5.288971e-01
5.288971e-01 5.288971e-01
5.288971e-01 5.288971e-01
5.288971e-01 5.288971e-01
5.288971e-01 5.288971e-01
5.288971e-01 5.288971e-01
5.288971e-01 5.288971e-01
5.288971e-01 5.288971e-01
5.288971e-01 5.288971e-01
4.004050e+04 3.441896e+04
3.009248e+04 2.687020e+04
2.487740e+04 2.108267e+04
2.195833e+04 1.829220e+04
1.871746e+04 1.562346e+04
1.747135e+04 1.359097e+04
1.524391e+04 1.166536e+04
1.441655e+04 9.324049e+03
1.226705e+04 8.236850e+03
1.073957e+04 7.412694e+03
9.331988e+03 6.099273e+03
7.869969e+03 5.423689e+03
6.940652e+03 4.521726e+03
6.910861e+03 3.667002e+03
4.913298e+03 3.023563e+03
5.937962e+03 2.584806e+03
5.464285e+03 2.073686e+03
5.862413e+03 1.826895e+03
5.452569e+03 1.451774e+03
4.897877e+03 9.936272e+02
5.020446e+03 8.298881e+02
3.577771e+03 7.693047e+02
1.995285e+03 5.750653e+02
2.338183e+03 3.763130e+02
2.308903e+03 3.203627e+02
1.743202e+03 2.509500e+02
2.114817e+03 2.325351e+02
1.159093e+03 1.890925e+02
1.538077e+03 1.492353e+02
2.612064e+03 1.215578e+02
3.325653e+03 1.120494e+02
4.154184e+03 8.020333e+01
1.293479e+03 7.143868e+01
1.949464e+03 5.827738e+01
1.669061e+03 4.424712e+01
1.086039e+03 4.181078e+01
1.116915e+03 3.848308e+01
1.665781e+03 3.068754e+01
2.194335e+03 2.713454e+01
1.540766e+03 2.315704e+01
1.080238e+03 2.067912e+01
8.466200e+02 1.865360e+01
1.000607e+03 1.548124e+01
1.879168e+03 1.151612e+01
1.194488e+03 1.084693e+01
1.205721e+03 9.527829e+00
1.544812e+03 8.887724e+00
1.278641e+03 6.983429e+00
7.654064e+02 6.394966e+00
1.259064e+03 5.113956e+00
1.606065e+03 4.184287e+00
4.304434e+02 3.105248e+00
1.145887e+03 2.613746e+00
6.230092e+02 2.256911e+00
7.497798e+02 1.614232e+00
8.092480e+02 1.548603e+00
3.890039e+02 1.169726e+00
3.424708e+02 1.004699e+00
4.875920e+02 8.803660e-01
5.255565e+02 8.000248e-01
7.544370e+02 7.183981e-01
4.422860e+02 6.880301e-01
2.441129e+02 6.684406e-01
3.848183e+02 6.491229e-01
3.148475e+02 6.160590e-01
4.297579e+02 5.904277e-01
2.365686e+02 5.602362e-01
3.632640e+02 5.452968e-01
4.446669e+02 5.222490e-01
2.107023e+02 5.179142e-01
2.107779e+02 5.076371e-01
1.748438e+02 4.984738e-01
6.379607e+00 4.949930e-01
9.494017e-01 4.927956e-01
4.932424e-01 4.918434e-01
4.915940e-01 4.915422e-01
4.914675e-01 4.914533e-01
4.914342e-01 4.914305e-01
4.914251e-01 4.914243e-01
4.914226e-01 4.914223e-01
4.914219e-01 4.914219e-01
4.914218e-01 4.914218e-01
4.914218e-01 4.914218e-01
4.914218e-01 4.914218e-01
4.914218e-01 4.914218e-01
4.914218e-01 4.914218e-01
4.914218e-01 4.914218e-01
4.914218e-01 4.914218e-01
4.914218e-01 4.914218e-01
4.914218e-01 4.914218e-01
4.914218e-01 4.914218e-01
4.914218e-01 4.914218e-01
4.914218e-01 4.914218e-01
4.914218e-01 4.914218e-01
4.914218e-01 4.914218e-01
4.914218e-01 4.914218e-01
4.914218e-01 4.914218e-01
4.914218e-01 4.914218e-01
4.914218e-01 4.914218e-01
4.914218e-01 4.914218e-01
4.914218e-01 4.914218e-01
4.047279e+04 3.630636e+04
3.012703e+04 2.719458e+04
2.527902e+04 2.174719e+04
2.226051e+04 1.745399e+04
1.876937e+04 1.483700e+04
1.727804e+04 1.240969e+04
1.614597e+04 1.123331e+04
1.435298e+04 9.667437e+03
1.179546e+04 8.415775e+03
1.096365e+04 7.029267e+03
1.047020e+04 5.507408e+03
8.261958e+03 5.042836e+03
8.483528e+03 4.553204e+03
7.006500e+03 3.828478e+03
6.457272e+03 3.102294e+03
4.900091e+03 2.666943e+03
5.577302e+03 2.076945e+03
5.876340e+03 1.849173e+03
3.979337e+03 1.590654e+03
3.917044e+03 1.366398e+03
3.556227e+03 9.952982e+02
4.322459e+03 7.920783e+02
3.448970e+03 6.916176e+02
3.053981e+03 5.036010e+02
1.985632e+03 4.096216e+02
2.852171e+03 3.389813e+02
3.509036e+03 3.222000e+02
3.005863e+03 2.463218e+02
2.353729e+03 1.882733e+02
2.280048e+03 1.661188e+02
1.697493e+03 1.232033e+02
1.713115e+03 1.106453e+02
1.923029e+03 1.009403e+02
1.705213e+03 8.759492e+01
2.465264e+03 6.903106e+01
2.408438e+03 5.408142e+01
1.990633e+03 4.258038e+01
1.651220e+03 4.040283e+01
1.313093e+03 3.399947e+01
1.394073e+03 2.439914e+01
1.760400e+03 2.217973e+01
2.412252e+03 2.069358e+01
1.534196e+03 1.816509e+01
1.404856e+03 1.110254e+01
1.813782e+03 1.063909e+01
9.266170e+02 1.050817e+01
6.404698e+02 9.437728e+00
8.836980e+02 8.262901e+00
1.103691e+03 6.998044e+00
1.333447e+03 6.128480e+00
1.248414e+03 5.464223e+00
1.430939e+03 4.482165e+00
1.104104e+03 3.918507e+00
1.092865e+03 3.225212e+00
9.407467e+02 2.456822e+00
8.703186e+02 1.938475e+00
3.378260e+02 1.707086e+00
3.361362e+02 1.606687e+00
2.322119e+02 1.411153e+00
6.621476e+02 1.265227e+00
5.893002e+02 1.206199e+00
5.873344e+02 1.102382e+00
1.723301e+02 1.081638e+00
2.872676e+02 1.025572e+00
3.159203e+02 1.011230e+00
1.928618e+02 9.947569e-01
4.408311e+02 9.569708e-01
2.906281e+02 9.423805e-01
2.765611e+02 9.328676e-01
7.719872e+01 9.204657e-01
1.447316e+02 9.084151e-01
7.994260e+01 9.017032e-01
2.803787e+01 8.987493e-01
9.005333e-01 8.968061e-01
8.960430e-01 8.958763e-01
8.955608e-01 8.955227e-01
8.954267e-01 8.954220e-01
8.954044e-01 8.954034e-01
8.954013e-01 8.954013e-01
8.954011e-01 8.954011e-01
8.954011e-01 8.954011e-01
8.954011e-01 8.954011e-01
8.954011e-01 8.954011e-01
8.954011e-01 8.954011e-01
8.954011e-01 8.954011e-01
8.954011e-01 8.954011e-01
8.954011e-01 8.954011e-01
8.954011e-01 8.954011e-01
8.954011e-01 8.954011e-01
8.954011e-01 8.954011e-01
8.954011e-01 8.954011e-01
8.954011e-01 8.954011e-01
8.954011e-01 8.954011e-01
8.954011e-01 8.954011e-01
8.954011e-01 8.954011e-01
8.954011e-01 8.954011e-01
8.954011e-01 8.954011e-01
8.954011e-01 8.954011e-01
8.954011e-01 8.954011e-01
8.954011e-01 8.954011e-01
8.954011e-01 8.954011e-01
4.007032e+04 3.546227e+04
3.024227e+04 2.746914e+04
2.537607e+04 2.125147e+04
2.171945e+04 1.736342e+04
1.979574e+04 1.458316e+04
1.775369e+04 1.329289e+04
1.503985e+04 1.171989e+04
1.309729e+04 1.070184e+04
1.303496e+04 8.334539e+03
1.173609e+04 7.446835e+03
1.010135e+04 6.658358e+03
9.515538e+03 5.792309e+03
7.738828e+03 4.791785e+03
6.955380e+03 3.987917e+03
7.463895e+03 3.377167e+03
7.349685e+03 2.900891e+03
4.736845e+03 2.274556e+03
4.426870e+03 1.946952e+03
4.614023e+03 1.322490e+03
3.361677e+03 1.028529e+03
2.497556e+03 8.431038e+02
3.310976e+03 7.689465e+02
2.431927e+03 6.158102e+02
2.222615e+03 4.338306e+02
1.999751e+03 3.687397e+02
2.190583e+03 2.954784e+02
1.986145e+03 2.373185e+02
2.320575e+03 1.914631e+02
2.358275e+03 1.835981e+02
1.906612e+03 1.280835e+02
1.990704e+03 9.698034e+01
1.960504e+03 8.212621e+01
1.530692e+03 7.340995e+01
2.725374e+03 6.096202e+01
1.387515e+03 4.804697e+01
1.346038e+03 4.484382e+01
2.342084e+03 3.872633e+01
1.736371e+03 3.418336e+01
1.680206e+03 3.022868e+01
1.324400e+03 2.385948e+01
7.478676e+02 2.149841e+01
1.709795e+03 1.738327e+01
2.491997e+03 1.514495e+01
2.582609e+03 1.296809e+01
4.111923e+02 1.147517e+01
1.424976e+03 1.038393e+01
1.140757e+03 7.684485e+00
1.425416e+03 6.722669e+00
1.082883e+03 6.004928e+00
7.000422e+02 5.159417e+00
1.168076e+03 4.018478e+00
7.526841e+02 3.263303e+00
7.896125e+02 2.396797e+00
7.574987e+02 2.010406e+00
5.432472e+02 1.554155e+00
5.943290e+02 1.206685e+00
6.149432e+02 9.202629e-01
3.583939e+02 7.763885e-01
7.951137e+02 6.823340e-01
4.759868e+02 5.447460e-01
5.499980e+02 4.439637e-01
3.495059e+02 3.952604e-01
1.436172e+02 3.589857e-01
2.164643e+02 3.300865e-01
4.571103e+02 3.131545e-01
4.585319e+02 2.784455e-01
1.825448e+02 2.632348e-01
2.152628e+02 2.461354e-01
2.876425e+02 2.312150e-01
3.084175e+02 2.094904e-01
1.307266e+02 1.921518e-01
4.790525e+01 1.882659e-01
5.168304e+01 1.850764e-01
7.874137e+00 1.830493e-01
1.820527e-01 1.818153e-01
1.813881e-01 1.813306e-01
1.811880e-01 1.811703e-01
1.811424e-01 1.811391e-01
1.811328e-01 1.811323e-01
1.811311e-01 1.811310e-01
1.811308e-01 1.811308e-01
1.811308e-01 1.811308e-01
1.811308e-01 1.811308e-01
1.811308e-01 1.811308e-01
1.811308e-01 1.811308e-01
1.811308e-01 1.811308e-01
1.811308e-01 1.811308e-01
1.811308e-01 1.811308e-01
1.811308e-01 1.811308e-01
1.811308e-01 1.811308e-01
1.811308e-01 1.811308e-01
1.811308e-01 1.811308e-01
1.811308e-01 1.811308e-01
1.811308e-01 1.811308e-01
1.811308e-01 1.811308e-01
1.811308e-01 1.811308e-01
1.811308e-01 1.811308e-01
1.811308e-01 1.811308e-01
1.811308e-01 1.811308e-01
1.811308e-01 1.811308e-01
1.811308e-01 1.811308e-01
4.032340e+04 3.623438e+04
3.014865e+04 2.766577e+04
2.508296e+04 2.208881e+04
2.194602e+04 1.909404e+04
2.018516e+04 1.610847e+04
1.749792e+04 1.380220e+04
1.584799e+04 1.134007e+04
1.320187e+04 1.004182e+04
1.165967e+04 9.001990e+03
1.185570e+04 7.181721e+03
1.185384e+04 6.174476e+03
9.044568e+03 5.554725e+03
8.044939e+03 4.623388e+03
7.315244e+03 3.844063e+03
6.155457e+03 3.393190e+03
6.712216e+03 2.868185e+03
5.922395e+03 2.199089e+03
5.850017e+03 1.679742e+03
4.100663e+03 1.585488e+03
3.812768e+03 1.223378e+03
4.293422e+03 1.002162e+03
3.891845e+03 8.553324e+02
3.622169e+03 6.766433e+02
1.914541e+03 4.916737e+02
2.674114e+03 3.960870e+02
2.374340e+03 3.427740e+02
2.881730e+03 2.744285e+02
1.889208e+03 2.032801e+02
2.273278e+03 1.724453e+02
1.572621e+03 1.475129e+02
2.609896e+03 1.126477e+02
1.439510e+03 8.525253e+01
1.852023e+03 6.901505e+01
1.687119e+03 5.922232e+01
1.591593e+03 5.194527e+01
1.740090e+03 3.972442e+01
8.200198e+02 3.602339e+01
1.069127e+03 3.199836e+01
1.362897e+03 2.822629e+01
1.446133e+03 2.293828e+01
7.128176e+02 1.889507e+01
1.889691e+03 1.599863e+01
1.094364e+03 1.403402e+01
1.306883e+03 1.243534e+01
1.399230e+03 1.003493e+01
1.235010e+03 8.657259e+00
1.062212e+03 7.091214e+00
1.210223e+03 6.206517e+00
9.777258e+02 4.898588e+00
1.024969e+03 3.974785e+00
9.499343e+02 3.089179e+00
5.906539e+02 2.654522e+00
1.083111e+03 2.185023e+00
5.497455e+02 1.700881e+00
5.938507e+02 1.455149e+00
6.221288e+02 1.278288e+00
7.045593e+02 9.734248e-01
9.563421e+02 9.259886e-01
9.597652e+02 8.397572e-01
4.223204e+02 7.808620e-01
6.142278e+02 7.494896e-01
3.669863e+02 7.161667e-01
5.767213e+02 6.751087e-01
3.734958e+02 6.609276e-01
5.038655e+02 6.256504e-01
6.829575e+02 6.140714e-01
2.697345e+02 5.969145e-01
3.719373e+02 5.793457e-01
1.374792e+02 5.673337e-01
1.538658e+02 5.525002e-01
2.229465e+02 5.344548e-01
6.259118e+01 5.304839e-01
8.301706e+01 5.260759e-01
3.615376e+00 5.241336e-01
5.237252e-01 5.231862e-01
5.228337e-01 5.227826e-01
5.226809e-01 5.226720e-01
5.226559e-01 5.226546e-01
5.226520e-01 5.226517e-01
5.226513e-01 5.226513e-01
5.226512e-01 5.226512e-01
5.226512e-01 5.226512e-01
5.226512e-01 5.226512e-01
5.226512e-01 5.226512e-01
5.226512e-01 5.226512e-01
5.226512e-01 5.226512e-01
5.226512e-01 5.226512e-01
5.226512e-01 5.226512e-01
5.226512e-01 5.226512e-01
5.226512e-01 5.226512e-01
5.226512e-01 5.226512e-01
5.226512e-01 5.226512e-01
5.226512e-01 5.226512e-01
5.226512e-01 5.226512e-01
5.226512e-01 5.226512e-01
5.226512e-01 5.226512e-01
5.226512e-01 5.226512e-01
5.226512e-01 5.226512e-01
5.226512e-01 5.226512e-01
5.226512e-01 5.226512e-01
5.226512e-01 5.226512e-01
4.006311e+04 3.406628e+04
3.017932e+04 2.723168e+04
2.456336e+04 2.178514e+04
2.136954e+04 1.741457e+04
1.783700e+04 1.477098e+04
1.663498e+04 1.281705e+04
1.538032e+04 1.141507e+04
1.452476e+04 9.339665e+03
1.206419e+04 8.377764e+03
1.141324e+04 7.134845e+03
9.634960e+03 6.338382e+03
8.583413e+03 5.482646e+03
7.948776e+03 3.850521e+03
7.199744e+03 3.816379e+03
6.681183e+03 3.143288e+03
6.595182e+03 2.710067e+03
5.331687e+03 2.341736e+03
4.572664e+03 1.726887e+03
4.488881e+03 1.541210e+03
4.545053e+03 1.162016e+03
4.289878e+03 1.075951e+03
3.414869e+03 9.129205e+02
2.412418e+03 6.763233e+02
4.056529e+03 5.517542e+02
3.552532e+03 4.715736e+02
2.182558e+03 3.796805e+02
3.383177e+03 2.416101e+02
1.920169e+03 2.149532e+02
2.385967e+03 1.970469e+02
1.728058e+03 1.698537e+02
2.920549e+03 1.278509e+02
2.314449e+03 1.023059e+02
2.007473e+03 8.617317e+01
1.205367e+03 8.286029e+01
1.530890e+03 6.462985e+01
2.308464e+03 5.836164e+01
1.824389e+03 4.754963e+01
1.462375e+03 3.809673e+01
1.724017e+03 3.548733e+01
1.638281e+03 2.983171e+01
1.739910e+03 2.570952e+01
1.605062e+03 2.366288e+01
2.403799e+03 1.926622e+01
1.694783e+03 1.594943e+01
1.717230e+03 1.410504e+01
1.324671e+03 1.261439e+01
1.043014e+03 1.061893e+01
1.444686e+03 9.705755e+00
1.393022e+03 8.072653e+00
1.541942e+03 6.208990e+00
1.745461e+03 4.899822e+00
1.115557e+03 4.324803e+00
1.150658e+03 3.731062e+00
9.927588e+02 3.226177e+00
1.060715e+03 1.935802e+00
6.228213e+02 1.686725e+00
1.082563e+03 1.247424e+00
8.082805e+02 1.105222e+00
8.773048e+02 8.498289e-01
6.056167e+02 6.776788e-01
4.266272e+02 5.621692e-01
5.094878e+02 4.844456e-01
4.890953e+02 3.724054e-01
8.377124e+02 3.526010e-01
5.107868e+02 2.885395e-01
2.682670e+02 2.650327e-01
3.577464e+02 2.425815e-01
2.557318e+02 2.330078e-01
4.023682e+02 2.034789e-01
2.999149e+02 1.985150e-01
3.860398e+02 1.858312e-01
1.211376e+02 1.693197e-01
3.109105e+01 1.639410e-01
3.994266e+01 1.602076e-01
5.240111e+00 1.578831e-01
1.588053e-01 1.565596e-01
1.563542e-01 1.562944e-01
1.561977e-01 1.561840e-01
1.561551e-01 1.561530e-01
1.561482e-01 1.561478e-01
1.561474e-01 1.561473e-01
1.561472e-01 1.561472e-01
1.561472e-01 1.561472e-01
1.561472e-01 1.561472e-01
1.561472e-01 1.561472e-01
1.561472e-01 1.561472e-01
1.561472e-01 1.561472e-01
1.561472e-01 1.561472e-01
1.561472e-01 1.561472e-01
1.561472e-01 1.561472e-01
1.561472e-01 1.561472e-01
1.561472e-01 1.561472e-01
1.561472e-01 1.561472e-01
1.561472e-01 1.561472e-01
1.561472e-01 1.561472e-01
1.561472e-01 1.561472e-01
1.561472e-01 1.561472e-01
1.561472e-01 1.561472e-01
1.561472e-01 1.561472e-01
1.561472e-01 1.561472e-01
1.561472e-01 1.561472e-01
3.984855e+04 3.514651e+04
2.978175e+04 2.620247e+04
2.502777e+04 2.206439e+04
2.224456e+04 1.891248e+04
1.979421e+04 1.536976e+04
1.741904e+04 1.422655e+04
1.571506e+04 1.136636e+04
1.373084e+04 9.995496e+03
1.305245e+04 8.078561e+03
1.128075e+04 7.107564e+03
9.783808e+03 5.920261e+03
9.323733e+03 5.441031e+03
7.763502e+03 4.201611e+03
7.255803e+03 3.653140e+03
6.804695e+03 3.197770e+03
5.116484e+03 2.686684e+03
4.913111e+03 2.142494e+03
4.600727e+03 1.581954e+03
4.549608e+03 1.399636e+03
3.600533e+03 9.818828e+02
2.761882e+03 7.204284e+02
2.783311e+03 6.343089e+02
2.454690e+03 5.154201e+02
2.143339e+03 3.796501e+02
2.072080e+03 3.406135e+02
2.440912e+03 2.554660e+02
2.739587e+03 2.210216e+02
1.719647e+03 1.909363e+02
1.657365e+03 1.496694e+02
1.853211e+03 1.259509e+02
1.555390e+03 9.895806e+01
1.642546e+03 8.499256e+01
1.413160e+03 7.185461e+01
1.698474e+03 6.121303e+01
9.549756e+02 4.939308e+01
7.507836e+02 3.955352e+01
2.660777e+03 3.356268e+01
1.485827e+03 2.939869e+01
8.764309e+02 2.503343e+01
1.802407e+03 1.992204e+01
8.203900e+02 1.794140e+01
4.648116e+02 1.416550e+01
9.499482e+02 1.269711e+01
1.029761e+03 1.085318e+01
9.327978e+02 9.449566e+00
8.699072e+02 8.394421e+00
1.754412e+03 7.082205e+00
7.564500e+02 6.399702e+00
9.736973e+02 5.218055e+00
7.622970e+02 5.107229e+00
6.802156e+02 4.044230e+00
7.614829e+02 3.623282e+00
1.012412e+03 3.357332e+00
1.011054e+03 3.003177e+00
8.732972e+02 2.788863e+00
5.970680e+02 2.669257e+00
5.639827e+02 2.630377e+00
7.023405e+02 2.535093e+00
7.371113e+02 2.460040e+00
7.879852e+02 2.388464e+00
6.923714e+02 2.360993e+00
6.828550e+02 2.309954e+00
7.384858e+02 2.286390e+00
4.119364e+02 2.250192e+00
2.868848e+02 2.231575e+00
7.316584e+02 2.197927e+00
2.849804e+02 2.191635e+00
3.760509e+02 2.177675e+00
2.335536e+02 2.162999e+00
3.222986e+02 2.148103e+00
1.965400e+02 2.140187e+00
1.082188e+02 2.131930e+00
5.974574e+01 2.129445e+00
1.681168e+01 2.126832e+00
2.287626e+00 2.125564e+00
2.125084e+00 2.124955e+00
2.124810e+00 2.124778e+00
2.124728e+00 2.124721e+00
2.124708e+00 2.124707e+00
2.124704e+00 2.124704e+00
2.124703e+00 2.124703e+00
2.124703e+00 2.124703e+00
2.124703e+00 2.124703e+00
2.124703e+00 2.124703e+00
2.124703e+00 2.124703e+00
2.124703e+00 2.124703e+00
2.124703e+00 2.124703e+00
2.124703e+00 2.124703e+00
2.124703e+00 2.124703e+00
2.124703e+00 2.124703e+00
2.124703e+00 2.124703e+00
2.124703e+00 2.124703e+00
2.124703e+00 2.124703e+00
2.124703e+00 2.124703e+00
2.124703e+00 2.124703e+00
2.124703e+00 2.124703e+00
2.124703e+00 2.124703e+00
2.124703e+00 2.124703e+00
2.124703e+00 2.124703e+00
2.124703e+00 2.124703e+00
2.124703e+00 2.124703e+00
4.016353e+04 3.447294e+04
3.008347e+04 2.641721e+04
2.493020e+04 2.194349e+04
2.151648e+04 1.794576e+04
1.848290e+04 1.584914e+04
1.670848e+04 1.386082e+04
1.569822e+04 1.163041e+04
1.393777e+04 1.039962e+04
1.324117e+04 8.358236e+03
1.166893e+04 7.114890e+03
1.036358e+04 6.128818e+03
9.114570e+03 5.266278e+03
8.054522e+03 4.809218e+03
7.149949e+03 3.986718e+03
6.631794e+03 3.266194e+03
6.290405e+03 2.443588e+03
4.699629e+03 2.001435e+03
3.767363e+03 1.822200e+03
3.366066e+03 1.353507e+03
3.581330e+03 9.550198e+02
3.876020e+03 8.495913e+02
4.079084e+03 7.084279e+02
3.250533e+03 5.659942e+02
2.098178e+03 3.536223e+02
1.882143e+03 2.995305e+02
1.628983e+03 2.614589e+02
1.842731e+03 2.195688e+02
2.454789e+03 1.801765e+02
2.672010e+03 1.388141e+02
1.266836e+03 1.239327e+02
1.700907e+03 1.097046e+02
1.648480e+03 9.437985e+01
2.714977e+03 7.557263e+01
1.921941e+03 6.167180e+01
1.764413e+03 5.702633e+01
1.603151e+03 4.706047e+01
2.297747e+03 3.855884e+01
1.885513e+03 3.208662e+01
1.713343e+03 2.758026e+01
1.711237e+03 2.370686e+01
1.503590e+03 2.012595e+01
8.784648e+02 1.751585e+01
1.447556e+03 1.417051e+01
1.928577e+03 1.398755e+01
1.411140e+03 1.159156e+01
1.394844e+03 1.012161e+01
1.469276e+03 9.091280e+00
1.155258e+03 5.626831e+00
5.672835e+02 5.473781e+00
5.651827e+02 5.080728e+00
6.299513e+02 3.884204e+00
8.276147e+02 3.671876e+00
1.196163e+03 3.179252e+00
7.940479e+02 2.474654e+00
1.087091e+03 2.313589e+00
1.146656e+03 2.162883e+00
3.975947e+02 1.797530e+00
3.406269e+02 1.689590e+00
4.956257e+02 1.598025e+00
6.075558e+02 1.457472e+00
7.086841e+02 1.430847e+00
4.845219e+02 1.388610e+00
3.073395e+02 1.372799e+00
5.476931e+02 1.342637e+00
3.805845e+02 1.304429e+00
1.947693e+02 1.279478e+00
2.688802e+02 1.260697e+00
1.843260e+02 1.240254e+00
5.482306e+01 1.228801e+00
2.423735e+02 1.203276e+00
3.014931e+02 1.196303e+00
1.985670e+02 1.186527e+00
1.382938e+02 1.182090e+00
8.069989e+01 1.177777e+00
3.177852e+01 1.175975e+00
1.176137e+00 1.174996e+00
1.174719e+00 1.174657e+00
1.174537e+00 1.174520e+00
1.174483e+00 1.174478e+00
1.174468e+00 1.174466e+00
1.174464e+00 1.174464e+00
1.174463e+00 1.174463e+00
1.174463e+00 1.174463e+00
1.174463e+00 1.174463e+00
1.174463e+00 1.174463e+00
1.174463e+00 1.174463e+00
1.174463e+00 1.174463e+00
1.174463e+00 1.174463e+00
1.174463e+00 1.174463e+00
1.174463e+00 1.174463e+00
1.174463e+00 1.174463e+00
1.174463e+00 1.174463e+00
1.174463e+00 1.174463e+00
1.174463e+00 1.174463e+00
1.174463e+00 1.174463e+00
1.174463e+00 1.174463e+00
1.174463e+00 1.174463e+00
1.174463e+00 1.174463e+00
1.174463e+00 1.174463e+00
1.174463e+00 1.174463e+00
1.174463e+00 1.174463e+00
4.007231e+04 3.458167e+04
3.016284e+04 2.727335e+04
2.491275e+04 2.186717e+04
2.161030e+04 1.844023e+04
1.943773e+04 1.528259e+04
1.803286e+04 1.265276e+04
1.461457e+04 1.111079e+04
1.293199e+04 9.692683e+03
1.206491e+04 8.500652e+03
1.147583e+04 5.971743e+03
1.099349e+04 4.101838e+03
8.523410e+03 3.741785e+03
8.237509e+03 3.482539e+03
6.708526e+03 3.245139e+03
6.095518e+03 2.948187e+03
6.124255e+03 2.537166e+03
4.476518e+03 1.960098e+03
3.182135e+03 1.609152e+03
3.526190e+03 1.229555e+03
3.796562e+03 1.058293e+03
4.312697e+03 8.050335e+02
2.161169e+03 7.060119e+02
2.132238e+03 4.873631e+02
2.137862e+03 4.081143e+02
1.764781e+03 3.618154e+02
2.176124e+03 2.743575e+02
1.893257e+03 2.115881e+02
2.316931e+03 1.898005e+02
1.605503e+03 1.561983e+02
2.253573e+03 1.332317e+02
1.556289e+03 1.053068e+02
1.505780e+03 8.671182e+01
1.109896e+03 7.071844e+01
1.965529e+03 5.913229e+01
1.750849e+03 5.001114e+01
1.505618e+03 4.507385e+01
2.047620e+03 3.846837e+01
1.320853e+03 3.384069e+01
1.619615e+03 2.630792e+01
1.545450e+03 2.157759e+01
1.411180e+03 1.955852e+01
1.501206e+03 1.671679e+01
1.681785e+03 1.302265e+01
1.785704e+03 1.197459e+01
1.427403e+03 1.004007e+01
2.462712e+03 8.958831e+00
1.652851e+03 8.097845e+00
8.991106e+02 6.402906e+00
9.644335e+02 5.164456e+00
8.593236e+02 4.598673e+00
1.258671e+03 3.459028e+00
1.237910e+03 2.687194e+00
1.168674e+03 2.112811e+00
1.359896e+03 1.662422e+00
1.271640e+03 1.469164e+00
9.189013e+02 1.017800e+00
6.300853e+02 9.384440e-01
7.316901e+02 8.472077e-01
7.399298e+02 6.785950e-01
7.358151e+02 6.129990e-01
4.794114e+02 5.546509e-01
3.901701e+02 4.877308e-01
8.109538e+02 4.352805e-01
4.081399e+02 4.025698e-01
4.678742e+02 3.740370e-01
5.175830e+02 3.403939e-01
3.667564e+02 3.212105e-01
2.630855e+02 2.865821e-01
7.200821e+02 2.662267e-01
2.799119e+02 2.426845e-01
2.156595e+02 2.238360e-01
4.074313e+02 2.081388e-01
1.203709e+02 1.948403e-01
8.120591e+01 1.908741e-01
4.529155e+01 1.861327e-01
6.585890e+00 1.836196e-01
9.967380e-01 1.821434e-01
1.818729e-01 1.814188e-01
1.812582e-01 1.812266e-01
1.811642e-01 1.811522e-01
1.811375e-01 1.811354e-01
1.811318e-01 1.811315e-01
1.811309e-01 1.811309e-01
1.811308e-01 1.811308e-01
1.811308e-01 1.811308e-01
1.811308e-01 1.811308e-01
1.811308e-01 1.811308e-01
1.811308e-01 1.811308e-01
1.811308e-01 1.811308e-01
1.811308e-01 1.811308e-01
1.811308e-01 1.811308e-01
1.811308e-01 1.811308e-01
1.811308e-01 1.811308e-01
1.811308e-01 1.811308e-01
1.811308e-01 1.811308e-01
1.811308e-01 1.811308e-01
1.811308e-01 1.811308e-01
1.811308e-01 1.811308e-01
1.811308e-01 1.811308e-01
1.811308e-01 1.811308e-01
1.811308e-01 1.811308e-01
4.009847e+04 3.569905e+04
2.959215e+04 2.748051e+04
2.466625e+04 2.230878e+04
2.163091e+04 1.853605e+04
1.850774e+04 1.513066e+04
1.638781e+04 1.328199e+04
1.509605e+04 1.140000e+04
1.410801e+04 9.445477e+03
1.253322e+04 8.675198e+03
1.140526e+04 7.369571e+03
1.023334e+04 6.259882e+03
9.367797e+03 5.625007e+03
8.481871e+03 4.657496e+03
7.275512e+03 3.913273e+03
7.526286e+03 3.192734e+03
6.265687e+03 2.861295e+03
4.885033e+03 2.533565e+03
5.491473e+03 1.917071e+03
4.944594e+03 1.626803e+03
4.511745e+03 1.306395e+03
3.543999e+03 1.058872e+03
3.036662e+03 9.235437e+02
2.914496e+03 6.415108e+02
2.344727e+03 5.251509e+02
1.869830e+03 4.419158e+02
2.862340e+03 3.523485e+02
2.377625e+03 2.412409e+02
2.677785e+03 1.954353e+02
2.628852e+03 1.717304e+02
2.920809e+03 1.274173e+02
1.832293e+03 1.136781e+02
1.642889e+03 1.009659e+02
1.234169e+03 9.019871e+01
1.380599e+03 7.771308e+01
2.435062e+03 6.193230e+01
1.994697e+03 4.715323e+01
2.111947e+03 4.274214e+01
1.231365e+03 3.842977e+01
1.191319e+03 3.228307e+01
1.972965e+03 2.678749e+01
1.738778e+03 2.165597e+01
1.345977e+03 1.890273e+01
1.042565e+03 1.617376e+01
9.072264e+02 1.505416e+01
1.304581e+03 1.092298e+01
1.443239e+03 1.068932e+01
2.042188e+03 8.706554e+00
1.278211e+03 7.114095e+00
1.477695e+03 5.827221e+00
9.185615e+02 5.225538e+00
1.245808e+03 4.162531e+00
1.163550e+03 3.561864e+00
1.253433e+03 2.805701e+00
7.694487e+02 2.552637e+00
5.859033e+02 2.001138e+00
9.326360e+02 1.524463e+00
1.261528e+03 1.366368e+00
1.042146e+03 1.043176e+00
7.134842e+02 8.439531e-01
7.230593e+02 6.736175e-01
6.474195e+02 5.926643e-01
4.991230e+02 5.192712e-01
4.319831e+02 4.505632e-01
3.155522e+02 3.986626e-01
3.966352e+02 3.539146e-01
2.140049e+02 3.119262e-01
3.701985e+02 3.006581e-01
5.042541e+02 2.542614e-01
2.393214e+02 2.447409e-01
1.847856e+02 2.412588e-01
1.460349e+02 2.174709e-01
2.129424e+02 2.114473e-01
7.250581e+01 2.058559e-01
1.413914e+01 2.030018e-01
2.018212e-01 2.011947e-01
2.003320e-01 2.002256e-01
1.999556e-01 1.999232e-01
1.998839e-01 1.998801e-01
1.998704e-01 1.998699e-01
1.998687e-01 1.998686e-01
1.998685e-01 1.998685e-01
1.998685e-01 1.998685e-01
1.998685e-01 1.998685e-01
1.998685e-01 1.998685e-01
1.998685e-01 1.998685e-01
1.998685e-01 1.998685e-01
1.998685e-01 1.998685e-01
1.998685e-01 1.998685e-01
1.998685e-01 1.998685e-01
1.998685e-01 1.998685e-01
1.998685e-01 1.998685e-01
1.998685e-01 1.998685e-01
1.998685e-01 1.998685e-01
1.998685e-01 1.998685e-01
1.998685e-01 1.998685e-01
1.998685e-01 1.998685e-01
1.998685e-01 1.998685e-01
1.998685e-01 1.998685e-01
1.998685e-01 1.998685e-01
1.998685e-01 1.998685e-01
1.998685e-01 1.998685e-01
3.979860e+04 3.519517e+04
3.064241e+04 2.705894e+04
2.542164e+04 2.291119e+04
2.216290e+04 1.878305e+04
1.911609e+04 1.554687e+04
1.724847e+04 1.330350e+04
1.652656e+04 1.094554e+04
1.330573e+04 9.876285e+03
1.189531e+04 8.032640e+03
1.048548e+04 7.401935e+03
1.021790e+04 6.480260e+03
9.388025e+03 5.604023e+03
7.376873e+03 4.883195e+03
7.913744e+03 4.272332e+03
7.188543e+03 3.689378e+03
7.198059e+03 3.104689e+03
6.233850e+03 2.708029e+03
6.108563e+03 2.360934e+03
5.750279e+03 1.750171e+03
4.378000e+03 1.553021e+03
3.548936e+03 1.261414e+03
2.796648e+03 8.771830e+02
2.447538e+03 6.945716e+02
3.387104e+03 6.098006e+02
2.643770e+03 5.086551e+02
3.215668e+03 3.847826e+02
2.362898e+03 3.392634e+02
1.983749e+03 2.721761e+02
1.554293e+03 2.547522e+02
2.741794e+03 1.794915e+02
2.022487e+03 1.294385e+02
2.345342e+03 1.153815e+02
2.149827e+03 8.217707e+01
1.930675e+03 6.874569e+01
1.455246e+03 6.247503e+01
1.412243e+03 5.596455e+01
1.292647e+03 4.244203e+01
1.691065e+03 3.472242e+01
2.315841e+03 2.959007e+01
1.468472e+03 2.598998e+01
1.187266e+03 2.344872e+01
1.336373e+03 2.012995e+01
1.540465e+03 1.863354e+01
2.074327e+03 1.591370e+01
9.672721e+02 1.375605e+01
1.131277e+03 1.233169e+01
8.600209e+02 1.125865e+01
2.087231e+03 9.060710e+00
1.177264e+03 7.617638e+00
1.221391e+03 6.361350e+00
1.252619e+03 5.373650e+00
1.478592e+03 4.614983e+00
4.248324e+02 4.138318e+00
3.631104e+02 3.343339e+00
1.180931e+03 3.091235e+00
7.485851e+02 2.615463e+00
4.450051e+02 2.255823e+00
4.407243e+02 1.885273e+00
3.051738e+02 1.756173e+00
3.156662e+02 1.656545e+00
3.706940e+02 1.601422e+00
4.590277e+02 1.559887e+00
2.921742e+02 1.537397e+00
3.708311e+02 1.504750e+00
2.858012e+02 1.466744e+00
3.740626e+02 1.450449e+00
1.078541e+02 1.432076e+00
4.087423e+02 1.413858e+00
1.098319e+02 1.388520e+00
6.491802e+01 1.378892e+00
4.102049e+01 1.372034e+00
1.311365e+01 1.367769e+00
1.531070e+01 1.365518e+00
1.674364e+00 1.364689e+00
1.364374e+00 1.364311e+00
1.364214e+00 1.364201e+00
1.364179e+00 1.364176e+00
1.364171e+00 1.364170e+00
1.364168e+00 1.364168e+00
1.364168e+00 1.364168e+00
1.364168e+00 1.364168e+00
1.364168e+00 1.364168e+00
1.364168e+00 1.364168e+00
1.364168e+00 1.364168e+00
1.364168e+00 1.364168e+00
1.364168e+00 1.364168e+00
1.364168e+00 1.364168e+00
1.364168e+00 1.364168e+00
1.364168e+00 1.364168e+00
1.364168e+00 1.364168e+00
1.364168e+00 1.364168e+00
1.364168e+00 1.364168e+00
1.364168e+00 1.364168e+00
1.364168e+00 1.364168e+00
1.364168e+00 1.364168e+00
1.364168e+00 1.364168e+00
1.364168e+00 1.364168e+00
1.364168e+00 1.364168e+00
1.364168e+00 1.364168e+00
1.364168e+00 1.364168e+00
1.364168e+00 1.364168e+00
4.006753e+04 3.544037e+04
2.969959e+04 2.642418e+04
2.449647e+04 2.131214e+04
2.133796e+04 1.829747e+04
1.844655e+04 1.520371e+04
1.658078e+04 1.321352e+04
1.456950e+04 1.145841e+04
1.412335e+04 9.622848e+03
1.217319e+04 8.733440e+03
1.171961e+04 7.131215e+03
1.017774e+04 6.360192e+03
9.547942e+03 5.788928e+03
7.904644e+03 4.557696e+03
7.122652e+03 4.129418e+03
6.509992e+03 3.276053e+03
5.623349e+03 2.890196e+03
5.942728e+03 2.402632e+03
4.567578e+03 1.958264e+03
4.077140e+03 1.697802e+03
4.033624e+03 1.177899e+03
4.656168e+03 9.751510e+02
2.576090e+03 9.350527e+02
4.305153e+03 7.550362e+02
3.719643e+03 4.983288e+02
2.480309e+03 4.767611e+02
2.171259e+03 3.962671e+02
1.758398e+03 3.283634e+02
1.630630e+03 2.648643e+02
2.149988e+03 2.203808e+02
2.273740e+03 1.806584e+02
1.725154e+03 1.345926e+02
9.596320e+02 1.281748e+02
1.026975e+03 1.099325e+02
1.340822e+03 8.626650e+01
1.478380e+03 6.399800e+01
2.414140e+03 5.652966e+01
1.848571e+03 4.182752e+01
1.384389e+03 3.873369e+01
1.014411e+03 3.505048e+01
1.521423e+03 2.613507e+01
6.218449e+02 2.433094e+01
9.252204e+02 1.667341e+01
1.672524e+03 1.602479e+01
1.461527e+03 1.242745e+01
1.383044e+03 1.172170e+01
9.080789e+02 1.071832e+01
8.542658e+02 9.516270e+00
4.975227e+02 7.113811e+00
9.548907e+02 6.215889e+00
9.981687e+02 5.332427e+00
5.794062e+02 4.591625e+00
1.408452e+03 3.855438e+00
8.650500e+02 3.102777e+00
7.417640e+02 2.407099e+00
7.133185e+02 1.726413e+00
4.839098e+02 1.495133e+00
5.940280e+02 1.331409e+00
4.347080e+02 9.934019e-01
5.347045e+02 9.608224e-01
5.051954e+02 8.367635e-01
3.441109e+02 8.124453e-01
4.540100e+02 7.885227e-01
6.329927e+02 7.638388e-01
5.120634e+02 6.960951e-01
3.860210e+02 6.508193e-01
2.032440e+02 6.457526e-01
1.622390e+02 6.108910e-01
1.406478e+02 5.980229e-01
2.589503e+02 5.676621e-01
3.229011e+02 5.607347e-01
1.191286e+02 5.535872e-01
2.134539e+02 5.454101e-01
5.620158e+01 5.403745e-01
1.705772e+01 5.381113e-01
2.438851e+00 5.363120e-01
5.855586e-01 5.355267e-01
5.353321e-01 5.352683e-01
5.351927e-01 5.351804e-01
5.351558e-01 5.351528e-01
5.351461e-01 5.351454e-01
5.351437e-01 5.351435e-01
5.351432e-01 5.351431e-01
5.351430e-01 5.351430e-01
5.351430e-01 5.351430e-01
5.351430e-01 5.351430e-01
5.351430e-01 5.351430e-01
5.351430e-01 5.351430e-01
5.351430e-01 5.351430e-01
5.351430e-01 5.351430e-01
5.351430e-01 5.351430e-01
5.351430e-01 5.351430e-01
5.351430e-01 5.351430e-01
5.351430e-01 5.351430e-01
5.351430e-01 5.351430e-01
5.351430e-01 5.351430e-01
5.351430e-01 5.351430e-01
5.351430e-01 5.351430e-01
5.351430e-01 5.351430e-01
5.351430e-01 5.351430e-01
5.351430e-01 5.351430e-01
5.351430e-01 5.351430e-01
3.990642e+04 3.549905e+04
3.017418e+04 2.834162e+04
2.497110e+04 2.049914e+04
2.210336e+04 1.733273e+04
1.904262e+04 1.514447e+04
1.705994e+04 1.270278e+04
1.561723e+04 1.098957e+04
1.382540e+04 1.029691e+04
1.159334e+04 8.582384e+03
1.179986e+04 6.940208e+03
9.336280e+03 6.436041e+03
8.280486e+03 5.231912e+03
8.149963e+03 4.394469e+03
6.680904e+03 4.030695e+03
5.631451e+03 3.175354e+03
6.235320e+03 2.647609e+03
5.450558e+03 2.277345e+03
3.903986e+03 1.846509e+03
3.677392e+03 1.496425e+03
3.169623e+03 1.040209e+03
4.202337e+03 8.434067e+02
2.538634e+03 7.096863e+02
2.817381e+03 5.730617e+02
3.374767e+03 4.099189e+02
2.973322e+03 3.928622e+02
2.204515e+03 2.891443e+02
3.102409e+03 2.436114e+02
2.122381e+03 1.982106e+02
2.398533e+03 1.565496e+02
1.257038e+03 1.417192e+02
1.129140e+03 1.022002e+02
1.364999e+03 7.603416e+01
1.686530e+03 6.893226e+01
1.517563e+03 6.728015e+01
1.294946e+03 4.855920e+01
1.386439e+03 4.194195e+01
1.951400e+03 3.225072e+01
9.347770e+02 2.731484e+01
1.569976e+03 2.334541e+01
1.911877e+03 1.740621e+01
1.637851e+03 1.519250e+01
9.476614e+02 1.357169e+01
9.660689e+02 1.151372e+01
6.701059e+02 1.075969e+01
1.422625e+03 8.325691e+00
1.101075e+03 7.172255e+00
7.720221e+02 5.978763e+00
1.043248e+03 5.341202e+00
7.322536e+02 4.630501e+00
1.477631e+03 3.311290e+00
4.617203e+02 2.649031e+00
3.858474e+02 2.283047e+00
8.999599e+02 2.024017e+00
5.367368e+02 1.689712e+00
5.592937e+02 1.485471e+00
3.880400e+02 1.390346e+00
2.441224e+02 1.241969e+00
3.971382e+02 1.179084e+00
3.348894e+02 1.072147e+00
7.171198e+02 1.055993e+00
3.984150e+02 1.018169e+00
5.257449e+02 9.670440e-01
3.749503e+02 9.569740e-01
4.949524e+02 9.478417e-01
4.244176e+02 9.259538e-01
2.325101e+02 9.125779e-01
2.013931e+02 8.924879e-01
4.800495e+02 8.743975e-01
9.898328e+01 8.648101e-01
5.837623e+01 8.558230e-01
3.594656e+01 8.506321e-01
1.262381e+01 8.476459e-01
1.158424e+00 8.463936e-01
8.457154e-01 8.456356e-01
8.454748e-01 8.454661e-01
8.454393e-01 8.454375e-01
8.454345e-01 8.454344e-01
8.454340e-01 8.454340e-01
8.454340e-01 8.454340e-01
8.454340e-01 8.454340e-01
8.454340e-01 8.454340e-01
8.454340e-01 8.454340e-01
8.454340e-01 8.454340e-01
8.454340e-01 8.454340e-01
8.454340e-01 8.454340e-01
8.454340e-01 8.454340e-01
8.454340e-01 8.454340e-01
8.454340e-01 8.454340e-01
8.454340e-01 8.454340e-01
8.454340e-01 8.454340e-01
8.454340e-01 8.454340e-01
8.454340e-01 8.454340e-01
8.454340e-01 8.454340e-01
8.454340e-01 8.454340e-01
8.454340e-01 8.454340e-01
8.454340e-01 8.454340e-01
8.454340e-01 8.454340e-01
8.454340e-01 8.454340e-01
8.454340e-01 8.454340e-01
8.454340e-01 8.454340e-01
8.454340e-01 8.454340e-01
4.001685e+04 3.395361e+04
3.047981e+04 2.801416e+04
2.562787e+04 2.213485e+04
2.175499e+04 1.822853e+04
1.941647e+04 1.583376e+04
1.727663e+04 1.359944e+04
1.636003e+04 1.124466e+04
1.387086e+04 1.012492e+04
1.270807e+04 9.054726e+03
1.240236e+04 7.848023e+03
1.107227e+04 6.327780e+03
1.007619e+04 5.598614e+03
8.958700e+03 4.754307e+03
7.144986e+03 3.919262e+03
5.959911e+03 3.449631e+03
5.983473e+03 2.793511e+03
5.834713e+03 2.410031e+03
4.974726e+03 1.706027e+03
5.173222e+03 1.602732e+03
3.971896e+03 1.364668e+03
3.281098e+03 1.153620e+03
3.629817e+03 8.558219e+02
2.788577e+03 7.011202e+02
3.057951e+03 5.566438e+02
3.392085e+03 4.191710e+02
2.539257e+03 3.659082e+02
3.073280e+03 2.996028e+02
1.720897e+03 2.475536e+02
1.604859e+03 1.953206e+02
1.748003e+03 1.528471e+02
2.043337e+03 1.214810e+02
2.197548e+03 9.555696e+01
1.866162e+03 8.342025e+01
9.344872e+02 7.928717e+01
1.884282e+03 7.115596e+01
1.575173e+03 4.760971e+01
1.013222e+03 4.578821e+01
1.261102e+03 4.214976e+01
1.749714e+03 3.324991e+01
1.947032e+03 3.089285e+01
2.552315e+03 2.522520e+01
1.537413e+03 2.133563e+01
9.146346e+02 1.944562e+01
9.564224e+02 1.679040e+01
1.472877e+03 1.535904e+01
1.124614e+03 1.299392e+01
1.097663e+03 1.096967e+01
1.689971e+03 8.226608e+00
1.459565e+03 6.964155e+00
1.437671e+03 6.543789e+00
1.144087e+03 6.237017e+00
7.359382e+02 4.992875e+00
7.020988e+02 3.980229e+00
1.289944e+03 3.768639e+00
1.279306e+03 3.246658e+00
1.368981e+03 2.633689e+00
5.016551e+02 2.266761e+00
1.298489e+03 2.116248e+00
4.730995e+02 1.985148e+00
5.193359e+02 1.860159e+00
7.078003e+02 1.738924e+00
3.907734e+02 1.633472e+00
3.747573e+02 1.598996e+00
1.687369e+02 1.544091e+00
6.973124e+02 1.500541e+00
4.139926e+02 1.465110e+00
3.166866e+02 1.449386e+00
5.733344e+02 1.421322e+00
5.326338e+02 1.412704e+00
5.399953e+02 1.395733e+00
1.644094e+02 1.378427e+00
1.527966e+02 1.369016e+00
9.694976e+01 1.357123e+00
9.659132e+01 1.346874e+00
1.541511e+01 1.343802e+00
1.051172e+01 1.341323e+00
1.619576e+00 1.339872e+00
1.339623e+00 1.339365e+00
1.339261e+00 1.339238e+00
1.339203e+00 1.339197e+00
1.339187e+00 1.339187e+00
1.339185e+00 1.339184e+00
1.339184e+00 1.339184e+00
1.339184e+00 1.339184e+00
1.339184e+00 1.339184e+00
1.339184e+00 1.339184e+00
1.339184e+00 1.339184e+00
1.339184e+00 1.339184e+00
1.339184e+00 1.339184e+00
1.339184e+00 1.339184e+00
1.339184e+00 1.339184e+00
1.339184e+00 1.339184e+00
1.339184e+00 1.339184e+00
1.339184e+00 1.339184e+00
1.339184e+00 1.339184e+00
1.339184e+00 1.339184e+00
1.339184e+00 1.339184e+00
1.339184e+00 1.339184e+00
1.339184e+00 1.339184e+00
1.339184e+00 1.339184e+00
1.339184e+00 1.339184e+00
3.999830e+04 3.524331e+04
3.016109e+04 2.742538e+04
2.558016e+04 2.249033e+04
2.198093e+04 1.898165e+04
1.968510e+04 1.518917e+04
1.802813e+04 1.230087e+04
1.479578e+04 1.128569e+04
1.384945e+04 1.014199e+04
1.206346e+04 8.344804e+03
1.104299e+04 6.982387e+03
1.094459e+04 5.876607e+03
9.119203e+03 5.588003e+03
8.519990e+03 4.810299e+03
8.072126e+03 3.878285e+03
6.501751e+03 3.427813e+03
6.111995e+03 2.964653e+03
5.654553e+03 2.646599e+03
5.656709e+03 2.267964e+03
6.080336e+03 1.863330e+03
4.507790e+03 1.567966e+03
3.875940e+03 1.290642e+03
3.123701e+03 1.069065e+03
2.578083e+03 8.444285e+02
3.478310e+03 6.814091e+02
2.825473e+03 5.217465e+02
3.296128e+03 4.493129e+02
2.477747e+03 3.278678e+02
1.760684e+03 2.962852e+02
3.117405e+03 2.670380e+02
1.901984e+03 1.998531e+02
1.680706e+03 1.663065e+02
2.107463e+03 1.434645e+02
2.260196e+03 1.156934e+02
2.320925e+03 1.052843e+02
1.804807e+03 8.018140e+01
2.555851e+03 7.111355e+01
1.468937e+03 5.570933e+01
9.460203e+02 5.136536e+01
2.116661e+03 4.226983e+01
2.006836e+03 3.619892e+01
2.268053e+03 3.072980e+01
6.289023e+02 2.709658e+01
1.031461e+03 2.219495e+01
1.608696e+03 1.973499e+01
1.310813e+03 1.757776e+01
1.792038e+03 1.519547e+01
1.140200e+03 1.229125e+01
1.252371e+03 9.936412e+00
9.820236e+02 8.986773e+00
9.214445e+02 7.947955e+00
1.042122e+03 6.758266e+00
1.543869e+03 4.885959e+00
8.010649e+02 4.311096e+00
5.726270e+02 4.069477e+00
9.354158e+02 3.289935e+00
9.038700e+02 2.607999e+00
1.132962e+03 2.122503e+00
8.682140e+02 1.637028e+00
2.848184e+02 1.354979e+00
7.674952e+02 1.025945e+00
2.892002e+02 9.501726e-01
8.323755e+02 8.839134e-01
4.848354e+02 8.217476e-01
5.551091e+02 7.687947e-01
4.783950e+02 7.388717e-01
5.187244e+02 6.820397e-01
1.182241e+02 6.425420e-01
2.990816e+02 6.110846e-01
3.128849e+02 5.984712e-01
2.787505e+02 5.826489e-01
4.655006e+02 5.698930e-01
1.245135e+02 5.495159e-01
8.318801e+01 5.422266e-01
1.448037e+02 5.327089e-01
8.187144e+01 5.283799e-01
2.114950e+01 5.256375e-01
5.284350e-01 5.237576e-01
5.231333e-01 5.230135e-01
5.227600e-01 5.227259e-01
5.226685e-01 5.226622e-01
5.226534e-01 5.226528e-01
5.226514e-01 5.226513e-01
5.226512e-01 5.226512e-01
5.226512e-01 5.226512e-01
5.226512e-01 5.226512e-01
5.226512e-01 5.226512e-01
5.226512e-01 5.226512e-01
5.226512e-01 5.226512e-01
5.226512e-01 5.226512e-01
5.226512e-01 5.226512e-01
5.226512e-01 5.226512e-01
5.226512e-01 5.226512e-01
5.226512e-01 5.226512e-01
5.226512e-01 5.226512e-01
5.226512e-01 5.226512e-01
5.226512e-01 5.226512e-01
5.226512e-01 5.226512e-01
5.226512e-01 5.226512e-01
5.226512e-01 5.226512e-01
5.226512e-01 5.226512e-01
5.226512e-01 5.226512e-01
3.988056e+04 3.378964e+04
3.006366e+04 2.699870e+04
2.558642e+04 2.160566e+04
2.140029e+04 1.862408e+04
2.000016e+04 1.577965e+04
1.798015e+04 1.439422e+04
1.590411e+04 1.215983e+04
1.442037e+04 1.066075e+04
1.323632e+04 9.344761e+03
1.227214e+04 7.529991e+03
9.611406e+03 6.828644e+03
8.719934e+03 6.352114e+03
8.938439e+03 4.815254e+03
7.474750e+03 4.390400e+03
6.667301e+03 3.351020e+03
6.600933e+03 3.165205e+03
6.053499e+03 2.405042e+03
6.106256e+03 2.207943e+03
4.754125e+03 1.590696e+03
4.070639e+03 1.289358e+03
4.424458e+03 9.172481e+02
2.887815e+03 8.628616e+02
2.118367e+03 7.168052e+02
1.635741e+03 5.926236e+02
2.171232e+03 4.435469e+02
2.721196e+03 3.244280e+02
2.797347e+03 2.938942e+02
2.118190e+03 2.300279e+02
2.265682e+03 2.003223e+02
2.273022e+03 1.603922e+02
1.888199e+03 1.492375e+02
1.021257e+03 1.098033e+02
1.630082e+03 8.675586e+01
2.777875e+03 7.313706e+01
1.441971e+03 5.883884e+01
1.117309e+03 5.273545e+01
2.261393e+03 4.469206e+01
2.044971e+03 3.854291e+01
1.250374e+03 3.399312e+01
1.958311e+03 2.947627e+01
2.017661e+03 2.270109e+01
1.982442e+03 2.116966e+01
1.226619e+03 1.854629e+01
1.760023e+03 1.581671e+01
1.394967e+03 1.447118e+01
1.271041e+03 1.275036e+01
2.141620e+03 1.100306e+01
9.903502e+02 8.427291e+00
1.224924e+03 8.035586e+00
1.290026e+03 6.364906e+00
1.407079e+03 5.742830e+00
1.195624e+03 4.874607e+00
1.002433e+03 4.737795e+00
1.462325e+03 3.755747e+00
4.744416e+02 2.978780e+00
3.163237e+02 2.885638e+00
5.526121e+02 2.332354e+00
6.178495e+02 2.021171e+00
6.203263e+02 1.541629e+00
1.030040e+03 1.266814e+00
9.764503e+02 1.198348e+00
5.269295e+02 1.140048e+00
4.758445e+02 1.081956e+00
4.743574e+02 1.032352e+00
4.234106e+02 9.947760e-01
4.799784e+02 9.683531e-01
2.818381e+02 9.482872e-01
4.303250e+02 9.190695e-01
1.788120e+02 8.932306e-01
2.814920e+02 8.795947e-01
2.811854e+02 8.637892e-01
2.033267e+02 8.550372e-01
1.954861e+02 8.452859e-01
1.032898e+02 8.394938e-01
1.015938e+02 8.367377e-01
5.644419e+00 8.345849e-01
8.771128e-01 8.335534e-01
8.331691e-01 8.331184e-01
8.329875e-01 8.329759e-01
8.329494e-01 8.329473e-01
8.329432e-01 8.329430e-01
8.329423e-01 8.329423e-01
8.329422e-01 8.329422e-01
8.329422e-01 8.329422e-01
8.329422e-01 8.329422e-01
8.329422e-01 8.329422e-01
8.329422e-01 8.329422e-01
8.329422e-01 8.329422e-01
8.329422e-01 8.329422e-01
8.329422e-01 8.329422e-01
8.329422e-01 8.329422e-01
8.329422e-01 8.329422e-01
8.329422e-01 8.329422e-01
8.329422e-01 8.329422e-01
8.329422e-01 8.329422e-01
8.329422e-01 8.329422e-01
8.329422e-01 8.329422e-01
8.329422e-01 8.329422e-01
8.329422e-01 8.329422e-01
8.329422e-01 8.329422e-01
8.329422e-01 8.329422e-01
