1.130917e+01 6.855029e+00
6.758022e+00 4.061623e+00
5.035006e+00 3.498764e+00
5.096460e+00 2.714579e+00
4.116887e+00 2.529807e+00
4.232952e+00 2.221713e+00
3.962188e+00 1.999448e+00
4.075941e+00 1.845474e+00
3.657757e+00 1.712091e+00
3.847507e+00 1.603931e+00
3.610330e+00 1.516943e+00
3.724616e+00 1.516943e+00
3.205450e+00 1.474358e+00
3.174428e+00 1.360957e+00
3.205911e+00 1.360957e+00
3.029491e+00 1.220389e+00
2.767145e+00 1.185765e+00
2.892747e+00 1.137095e+00
2.847873e+00 1.103441e+00
3.165999e+00 1.103441e+00
2.773871e+00 1.042675e+00
2.663275e+00 9.977126e-01
2.432850e+00 8.461492e-01
2.580458e+00 8.461492e-01
2.733366e+00 8.135115e-01
2.353937e+00 7.901932e-01
2.606361e+00 7.551931e-01
2.249030e+00 7.370300e-01
1.859635e+00 6.443490e-01
2.064699e+00 6.150242e-01
2.077392e+00 6.061817e-01
2.092675e+00 5.307462e-01
2.111675e+00 4.765074e-01
1.462251e+00 4.411341e-01
2.235272e+00 4.168690e-01
1.346675e+00 4.142509e-01
9.454583e-01 4.131084e-01
1.057699e+00 3.933855e-01
8.450102e-01 3.919671e-01
8.149098e-01 3.688828e-01
8.650592e-01 3.422802e-01
7.755928e-01 3.345299e-01
7.900496e-01 3.299486e-01
8.734719e-01 3.046971e-01
7.596128e-01 2.885248e-01
7.244118e-01 2.672413e-01
6.108340e-01 2.639568e-01
4.870345e-01 2.623874e-01
6.926003e-01 2.468015e-01
4.873348e-01 2.394433e-01
5.800411e-01 2.272314e-01
5.330842e-01 2.183068e-01
3.882183e-01 2.064638e-01
4.274374e-01 2.028818e-01
4.243217e-01 1.913295e-01
4.780259e-01 1.833210e-01
3.670253e-01 1.803260e-01
3.631185e-01 1.781488e-01
3.924855e-01 1.764028e-01
2.592348e-01 1.764028e-01
3.232543e-01 1.723474e-01
3.051513e-01 1.696193e-01
3.765602e-01 1.654675e-01
2.994671e-01 1.605571e-01
2.548955e-01 1.567510e-01
2.712619e-01 1.506445e-01
2.096088e-01 1.482233e-01
2.009129e-01 1.472881e-01
1.898839e-01 1.457290e-01
2.097920e-01 1.383530e-01
1.911311e-01 1.362844e-01
1.777366e-01 1.346574e-01
1.786267e-01 1.342469e-01
1.737510e-01 1.333613e-01
1.660976e-01 1.328497e-01
1.730649e-01 1.318223e-01
1.644714e-01 1.314673e-01
1.641104e-01 1.311762e-01
1.611628e-01 1.232239e-01
1.470829e-01 1.229912e-01
1.500032e-01 1.227642e-01
1.467779e-01 1.224450e-01
1.482204e-01 1.211288e-01
1.421870e-01 1.179827e-01
1.390269e-01 1.178843e-01
1.435183e-01 1.161822e-01
1.395071e-01 1.145221e-01
1.318287e-01 1.137494e-01
1.294238e-01 1.119583e-01
1.300261e-01 1.112720e-01
1.321766e-01 1.105056e-01
1.271350e-01 1.095625e-01
1.239925e-01 1.086488e-01
1.242999e-01 1.085086e-01
1.168267e-01 1.072253e-01
1.148545e-01 1.069208e-01
1.154247e-01 1.068529e-01
1.129080e-01 1.062278e-01
1.128383e-01 1.049970e-01
1.109262e-01 1.045236e-01
1.100333e-01 1.039392e-01
1.114048e+01 5.740519e+00
6.730569e+00 4.010234e+00
6.619976e+00 4.010234e+00
6.501282e+00 4.010234e+00
4.769968e+00 2.866017e+00
4.956314e+00 2.451146e+00
4.342321e+00 2.162338e+00
3.791907e+00 1.941142e+00
3.959747e+00 1.798669e+00
4.275138e+00 1.737900e+00
3.564812e+00 1.638614e+00
3.796141e+00 1.526623e+00
3.456201e+00 1.399381e+00
3.602517e+00 1.399381e+00
2.979416e+00 1.391801e+00
2.773477e+00 1.380230e+00
3.436516e+00 1.215733e+00
3.060394e+00 1.139384e+00
2.811662e+00 1.097676e+00
2.582438e+00 1.097676e+00
2.207414e+00 1.019732e+00
2.538796e+00 9.756538e-01
2.826918e+00 8.867664e-01
2.187760e+00 8.029780e-01
1.944113e+00 7.983516e-01
1.461037e+00 6.847087e-01
2.189769e+00 6.444945e-01
1.942535e+00 6.312327e-01
1.334313e+00 5.638116e-01
1.797581e+00 5.441552e-01
2.001215e+00 4.537016e-01
1.516015e+00 4.391974e-01
1.132000e+00 4.227901e-01
9.176578e-01 4.001269e-01
1.294111e+00 3.750948e-01
8.240051e-01 3.714490e-01
6.557268e-01 3.328581e-01
6.257184e-01 3.125604e-01
5.656673e-01 3.011214e-01
5.690434e-01 2.925619e-01
5.540917e-01 2.705920e-01
5.264378e-01 2.645295e-01
4.723155e-01 2.452748e-01
4.058166e-01 2.305869e-01
3.890913e-01 2.300418e-01
4.121026e-01 2.174490e-01
3.665191e-01 2.067466e-01
3.468802e-01 1.995353e-01
3.350354e-01 1.984253e-01
3.475987e-01 1.943624e-01
3.327895e-01 1.886937e-01
2.900034e-01 1.874347e-01
3.977296e-01 1.830508e-01
3.253417e-01 1.795576e-01
3.363015e-01 1.730437e-01
2.730300e-01 1.661972e-01
2.629018e-01 1.608369e-01
2.435342e-01 1.556086e-01
2.335363e-01 1.531581e-01
2.596008e-01 1.477585e-01
2.680468e-01 1.435004e-01
2.112960e-01 1.414380e-01
2.229624e-01 1.394966e-01
2.188162e-01 1.367596e-01
2.035711e-01 1.345992e-01
1.858167e-01 1.312181e-01
1.896074e-01 1.291242e-01
1.845289e-01 1.261732e-01
1.853882e-01 1.254684e-01
1.655232e-01 1.226196e-01
1.576532e-01 1.197577e-01
1.500461e-01 1.188369e-01
1.427429e-01 1.187867e-01
1.476510e-01 1.143567e-01
1.447379e-01 1.130050e-01
1.571814e-01 1.114338e-01
1.407240e-01 1.112774e-01
1.356723e-01 1.094632e-01
1.377730e-01 1.087203e-01
1.351774e-01 1.060852e-01
1.231542e-01 1.048271e-01
1.320765e-01 1.034412e-01
1.262109e-01 1.031320e-01
1.253824e-01 1.022804e-01
1.262768e-01 1.011843e-01
1.174201e-01 1.010552e-01
1.207993e-01 1.002305e-01
1.214587e-01 9.964605e-02
1.176466e-01 9.844524e-02
1.107965e-01 9.842731e-02
1.104523e-01 9.756939e-02
1.122519e-01 9.470454e-02
1.093879e-01 9.297440e-02
1.105184e-01 9.194916e-02
1.082618e-01 9.153691e-02
1.046331e-01 9.067633e-02
1.046337e-01 9.038925e-02
1.037575e-01 9.030255e-02
9.791270e-02 8.999897e-02
9.793732e-02 8.980843e-02
9.524146e-02 8.956311e-02
1.129649e+01 7.328482e+00
6.766734e+00 4.953074e+00
5.781730e+00 4.410486e+00
4.632633e+00 2.633640e+00
4.284882e+00 2.217453e+00
3.861643e+00 2.065817e+00
3.966991e+00 1.907380e+00
4.259181e+00 1.852437e+00
3.854896e+00 1.681440e+00
4.039746e+00 1.471465e+00
3.013976e+00 1.407744e+00
3.109028e+00 1.407744e+00
3.311859e+00 1.407744e+00
2.877890e+00 1.324306e+00
2.674342e+00 1.247854e+00
3.011667e+00 1.172114e+00
2.685186e+00 1.001636e+00
2.273452e+00 9.596139e-01
2.452448e+00 9.420406e-01
2.659458e+00 8.561882e-01
1.933676e+00 7.929526e-01
1.794930e+00 7.466681e-01
2.621159e+00 7.010529e-01
1.926457e+00 6.746216e-01
2.370484e+00 6.661595e-01
2.388272e+00 6.333460e-01
1.555823e+00 5.832400e-01
1.853510e+00 5.705944e-01
1.594893e+00 5.628164e-01
1.883968e+00 5.127573e-01
1.245105e+00 4.900916e-01
1.060025e+00 4.538029e-01
1.558020e+00 4.387538e-01
1.400781e+00 4.161422e-01
9.591598e-01 3.864002e-01
1.247700e+00 3.417055e-01
8.789195e-01 3.176157e-01
8.063110e-01 3.040995e-01
7.107195e-01 2.959160e-01
8.060728e-01 2.850862e-01
5.815187e-01 2.753353e-01
6.336159e-01 2.611222e-01
6.068582e-01 2.383108e-01
4.806430e-01 2.371865e-01
4.300145e-01 2.237776e-01
3.622227e-01 2.224748e-01
3.606231e-01 2.189469e-01
3.383762e-01 2.028250e-01
3.085902e-01 2.022135e-01
3.362587e-01 1.972074e-01
3.281616e-01 1.865057e-01
2.970100e-01 1.830982e-01
2.776709e-01 1.774657e-01
2.532309e-01 1.771310e-01
2.541997e-01 1.714902e-01
2.539332e-01 1.703651e-01
2.578786e-01 1.683560e-01
2.376333e-01 1.666116e-01
2.917493e-01 1.662291e-01
2.258750e-01 1.621338e-01
2.555819e-01 1.597835e-01
2.376382e-01 1.591804e-01
2.437188e-01 1.564422e-01
2.145047e-01 1.520484e-01
2.364656e-01 1.501119e-01
2.133457e-01 1.478792e-01
2.057415e-01 1.467907e-01
1.913205e-01 1.439541e-01
2.287558e-01 1.377648e-01
1.963360e-01 1.343864e-01
1.900496e-01 1.298837e-01
1.810910e-01 1.289424e-01
1.740490e-01 1.279398e-01
1.746216e-01 1.269748e-01
1.693396e-01 1.251262e-01
1.640711e-01 1.245445e-01
1.642026e-01 1.240086e-01
1.597038e-01 1.214426e-01
1.558415e-01 1.205264e-01
1.578830e-01 1.194941e-01
1.458369e-01 1.165095e-01
1.498089e-01 1.150112e-01
1.408695e-01 1.137272e-01
1.461009e-01 1.120062e-01
1.438857e-01 1.103316e-01
1.299797e-01 1.094720e-01
1.351033e-01 1.084567e-01
1.399991e-01 1.066846e-01
1.291911e-01 1.060345e-01
1.324620e-01 1.058433e-01
1.254976e-01 1.051624e-01
1.221410e-01 1.045803e-01
1.281165e-01 1.040949e-01
1.250322e-01 1.032512e-01
1.241640e-01 1.022576e-01
1.197989e-01 1.017683e-01
1.214831e-01 1.007439e-01
1.120197e-01 9.993316e-02
1.207406e-01 9.895446e-02
1.123313e-01 9.887506e-02
1.228597e-01 9.745434e-02
1.041581e+01 6.527563e+00
6.979533e+00 5.611591e+00
6.716143e+00 5.021905e+00
6.475046e+00 5.021905e+00
6.563655e+00 4.555073e+00
6.498262e+00 4.555073e+00
6.094748e+00 4.555073e+00
4.621021e+00 2.602288e+00
4.525054e+00 2.279701e+00
3.952416e+00 2.006588e+00
4.161472e+00 1.919355e+00
4.177319e+00 1.867008e+00
4.248959e+00 1.690324e+00
3.628770e+00 1.635170e+00
2.904424e+00 1.635170e+00
3.749011e+00 1.465952e+00
4.046685e+00 1.465952e+00
3.389948e+00 1.437971e+00
3.285796e+00 1.395860e+00
2.953257e+00 1.278006e+00
3.184042e+00 1.278006e+00
3.182366e+00 1.272826e+00
3.218125e+00 1.243406e+00
2.834877e+00 1.074382e+00
3.334520e+00 1.068817e+00
2.606687e+00 1.029875e+00
2.740264e+00 1.025613e+00
3.050829e+00 9.169850e-01
2.949760e+00 9.121576e-01
2.623639e+00 8.858740e-01
2.467768e+00 8.779806e-01
2.533395e+00 8.774439e-01
3.628296e+00 8.529241e-01
2.546518e+00 8.379494e-01
2.620569e+00 8.074094e-01
2.563304e+00 7.194266e-01
2.214994e+00 7.135790e-01
2.791964e+00 6.960653e-01
2.449489e+00 6.919130e-01
2.384038e+00 6.576974e-01
2.848247e+00 6.473783e-01
2.012698e+00 6.178405e-01
1.893276e+00 5.811079e-01
2.185697e+00 5.684820e-01
1.862661e+00 5.494140e-01
1.543976e+00 4.944216e-01
1.430904e+00 4.302748e-01
1.118442e+00 4.120939e-01
1.163161e+00 3.648546e-01
8.669861e-01 3.444449e-01
1.443765e+00 3.317429e-01
1.616158e+00 3.088804e-01
9.514131e-01 2.853223e-01
6.013812e-01 2.567790e-01
4.950438e-01 2.397184e-01
3.660845e-01 2.198223e-01
3.483231e-01 1.968149e-01
3.572754e-01 1.913431e-01
3.463349e-01 1.817082e-01
2.996774e-01 1.690724e-01
2.827263e-01 1.607026e-01
2.948063e-01 1.533300e-01
2.794770e-01 1.493489e-01
3.031807e-01 1.491819e-01
2.689602e-01 1.474854e-01
2.820350e-01 1.465704e-01
2.208943e-01 1.462943e-01
2.237428e-01 1.420101e-01
2.028882e-01 1.369751e-01
1.734376e-01 1.358413e-01
2.025360e-01 1.281645e-01
2.052176e-01 1.269584e-01
1.779494e-01 1.238903e-01
1.781948e-01 1.208185e-01
1.610678e-01 1.199396e-01
1.808562e-01 1.164835e-01
1.753571e-01 1.140662e-01
1.515594e-01 1.129620e-01
1.559856e-01 1.120470e-01
1.478775e-01 1.111885e-01
1.514130e-01 1.099067e-01
1.467446e-01 1.087064e-01
1.394701e-01 1.050722e-01
1.285674e-01 1.036277e-01
1.325270e-01 1.001925e-01
1.180936e-01 9.949318e-02
1.213110e-01 9.905784e-02
1.211352e-01 9.894012e-02
1.170611e-01 9.732664e-02
1.159181e-01 9.506430e-02
1.172603e-01 9.346228e-02
1.102138e-01 9.194709e-02
1.119644e-01 8.919219e-02
1.095670e-01 8.749861e-02
1.072467e-01 8.707131e-02
1.050163e-01 8.663646e-02
1.057832e-01 8.536549e-02
1.026507e-01 8.485774e-02
9.954992e-02 8.330716e-02
9.547635e-02 8.254718e-02
9.246350e-02 8.184881e-02
1.142530e+01 6.177459e+00
7.000460e+00 4.965092e+00
6.363691e+00 4.515631e+00
6.412391e+00 4.515631e+00
5.464409e+00 2.937982e+00
4.722201e+00 2.284897e+00
4.197303e+00 1.997011e+00
4.155876e+00 1.870604e+00
3.447838e+00 1.632715e+00
3.484136e+00 1.582234e+00
3.136420e+00 1.582234e+00
3.298939e+00 1.404541e+00
3.666921e+00 1.348888e+00
3.211743e+00 1.339350e+00
3.486391e+00 1.293928e+00
3.280269e+00 1.192687e+00
3.258327e+00 1.031081e+00
2.847686e+00 9.192149e-01
2.316325e+00 8.491943e-01
1.937867e+00 8.372536e-01
2.445457e+00 7.912816e-01
2.325170e+00 7.912816e-01
2.824640e+00 7.145899e-01
2.134042e+00 5.626827e-01
1.903821e+00 5.279871e-01
1.724001e+00 5.240691e-01
2.041084e+00 4.985901e-01
1.380477e+00 4.832205e-01
1.485407e+00 4.311319e-01
2.170239e+00 3.951047e-01
1.178028e+00 3.715495e-01
1.531408e+00 3.205984e-01
1.044901e+00 3.061145e-01
8.894273e-01 2.631934e-01
1.078960e+00 2.410908e-01
7.767456e-01 2.231787e-01
6.097698e-01 2.059949e-01
6.542718e-01 1.744936e-01
5.567390e-01 1.733825e-01
3.654715e-01 1.691118e-01
3.451180e-01 1.665917e-01
2.816082e-01 1.623438e-01
2.278373e-01 1.583825e-01
2.161762e-01 1.442503e-01
2.517690e-01 1.396080e-01
2.027499e-01 1.300207e-01
2.159469e-01 1.230885e-01
1.973314e-01 1.157293e-01
1.764031e-01 1.140879e-01
1.917751e-01 1.110195e-01
1.615539e-01 1.086660e-01
1.569498e-01 1.028234e-01
1.426821e-01 1.009673e-01
1.343642e-01 1.009002e-01
1.302360e-01 9.866553e-02
1.462891e-01 9.696823e-02
1.441735e-01 9.262717e-02
1.374319e-01 8.994105e-02
1.199816e-01 8.654861e-02
1.138076e-01 8.610146e-02
1.216845e-01 8.537017e-02
1.206119e-01 8.395082e-02
1.070242e-01 8.376878e-02
1.130636e-01 8.240510e-02
1.124203e-01 8.039590e-02
1.073122e-01 7.688585e-02
1.105374e-01 7.600597e-02
9.730651e-02 7.257584e-02
9.357646e-02 7.136786e-02
8.987617e-02 6.945369e-02
9.050022e-02 6.804678e-02
8.283408e-02 6.704278e-02
8.022459e-02 6.638855e-02
7.700761e-02 6.517071e-02
7.741863e-02 6.429087e-02
7.387832e-02 6.390542e-02
6.968577e-02 6.244929e-02
6.945679e-02 6.109428e-02
6.922225e-02 6.053276e-02
6.740754e-02 5.933380e-02
6.686449e-02 5.896305e-02
6.512677e-02 5.847959e-02
6.618525e-02 5.805674e-02
6.502898e-02 5.758517e-02
6.361567e-02 5.711528e-02
6.203830e-02 5.638840e-02
6.153987e-02 5.608861e-02
6.356322e-02 5.574727e-02
6.212617e-02 5.526552e-02
6.245027e-02 5.472612e-02
5.964988e-02 5.470208e-02
6.023745e-02 5.423323e-02
5.958815e-02 5.370995e-02
5.732059e-02 5.328388e-02
5.749744e-02 5.315022e-02
5.709775e-02 5.251560e-02
5.578920e-02 5.237862e-02
5.563382e-02 5.197437e-02
5.513150e-02 5.172763e-02
5.553857e-02 5.147647e-02
5.435910e-02 5.121531e-02
1.110747e+01 6.611531e+00
6.736764e+00 4.496246e+00
6.618171e+00 4.496246e+00
5.034065e+00 2.964308e+00
4.332992e+00 2.502607e+00
3.816486e+00 1.932484e+00
4.071775e+00 1.879198e+00
4.038550e+00 1.582148e+00
3.614292e+00 1.582148e+00
3.772986e+00 1.523286e+00
3.876160e+00 1.344056e+00
3.503619e+00 1.344056e+00
2.763024e+00 1.344056e+00
3.327856e+00 1.344056e+00
3.079963e+00 1.315728e+00
3.469272e+00 1.300977e+00
3.000182e+00 1.266304e+00
3.112909e+00 1.155653e+00
3.091062e+00 1.154060e+00
3.630586e+00 1.040262e+00
3.241393e+00 9.363728e-01
2.956450e+00 8.766623e-01
3.020211e+00 8.249542e-01
1.638857e+00 7.960668e-01
1.992269e+00 7.057490e-01
3.025957e+00 6.900925e-01
2.205166e+00 6.685761e-01
1.853655e+00 5.699136e-01
1.888366e+00 5.543730e-01
2.286501e+00 4.970261e-01
2.498284e+00 4.932978e-01
1.189179e+00 4.916853e-01
1.356005e+00 4.767421e-01
1.431744e+00 4.630155e-01
1.506324e+00 4.329269e-01
1.063597e+00 4.271413e-01
1.532473e+00 4.028305e-01
1.251331e+00 3.828878e-01
1.177414e+00 3.715995e-01
9.521626e-01 3.654672e-01
9.443452e-01 3.506047e-01
9.799657e-01 3.396471e-01
1.001823e+00 3.166984e-01
7.515434e-01 2.982184e-01
6.801176e-01 2.869623e-01
9.285986e-01 2.810272e-01
1.006534e+00 2.726194e-01
6.911591e-01 2.617717e-01
7.382466e-01 2.534019e-01
6.204718e-01 2.519058e-01
6.051821e-01 2.350288e-01
4.750236e-01 2.338938e-01
4.939191e-01 2.253042e-01
5.704358e-01 2.149028e-01
5.619893e-01 2.133450e-01
4.766151e-01 2.095726e-01
4.692720e-01 1.997923e-01
4.527228e-01 1.993548e-01
4.040707e-01 1.921429e-01
4.258481e-01 1.755745e-01
4.356781e-01 1.751630e-01
3.252666e-01 1.613870e-01
3.855995e-01 1.581699e-01
2.787605e-01 1.534715e-01
2.437713e-01 1.466415e-01
2.100981e-01 1.379580e-01
1.815157e-01 1.336548e-01
1.873017e-01 1.278601e-01
1.692868e-01 1.260253e-01
1.641819e-01 1.243406e-01
1.477601e-01 1.210471e-01
1.447160e-01 1.204443e-01
1.342686e-01 1.157293e-01
1.377837e-01 1.106953e-01
1.357420e-01 1.082356e-01
1.302535e-01 1.046984e-01
1.206958e-01 1.009817e-01
1.238015e-01 9.779678e-02
1.169077e-01 9.741998e-02
1.162860e-01 9.688607e-02
1.171420e-01 9.682253e-02
1.109250e-01 9.666747e-02
1.143793e-01 9.606506e-02
1.081399e-01 9.468434e-02
1.050706e-01 9.423102e-02
1.025046e-01 9.350207e-02
1.023434e-01 9.280958e-02
1.006063e-01 9.205275e-02
9.731845e-02 9.102686e-02
9.904824e-02 8.994051e-02
9.626780e-02 8.965439e-02
9.530766e-02 8.934022e-02
9.364698e-02 8.912178e-02
9.431301e-02 8.818959e-02
9.294759e-02 8.760620e-02
9.102041e-02 8.729910e-02
9.163954e-02 8.686342e-02
9.067182e-02 8.626887e-02
8.992867e-02 8.606000e-02
9.004190e-02 8.576331e-02
8.885312e-02 8.569185e-02
1.063173e+01 7.445798e+00
6.793854e+00 5.377170e+00
6.829497e+00 4.979090e+00
6.434361e+00 4.769447e+00
5.418006e+00 3.714552e+00
4.438364e+00 2.274245e+00
4.458847e+00 2.067437e+00
4.104927e+00 1.931852e+00
3.797735e+00 1.802256e+00
3.947242e+00 1.692301e+00
3.403817e+00 1.658144e+00
3.569761e+00 1.606526e+00
3.583879e+00 1.416230e+00
2.970136e+00 1.381600e+00
3.403646e+00 1.281527e+00
3.045690e+00 1.281527e+00
3.206317e+00 1.219461e+00
2.232694e+00 1.073828e+00
3.341738e+00 1.025626e+00
3.038315e+00 9.750586e-01
3.295699e+00 9.674769e-01
3.210154e+00 9.674769e-01
2.237916e+00 9.315784e-01
2.584984e+00 9.086466e-01
2.105616e+00 8.171667e-01
1.755626e+00 7.554168e-01
1.262409e+00 6.644738e-01
2.054626e+00 5.551779e-01
1.620566e+00 5.188410e-01
1.770861e+00 4.745522e-01
1.173804e+00 4.394954e-01
1.271475e+00 4.054835e-01
1.513051e+00 3.649351e-01
1.053628e+00 3.208651e-01
8.348087e-01 3.085770e-01
7.160499e-01 2.837490e-01
4.939594e-01 2.664756e-01
5.433023e-01 2.618746e-01
4.415522e-01 2.553392e-01
3.932382e-01 2.449442e-01
3.947468e-01 2.380603e-01
3.464398e-01 2.303249e-01
3.473811e-01 2.269058e-01
3.467439e-01 2.184341e-01
3.168998e-01 2.150622e-01
3.000038e-01 2.095395e-01
2.781281e-01 2.046902e-01
2.819696e-01 1.982501e-01
2.780763e-01 1.945277e-01
2.804151e-01 1.890049e-01
2.541622e-01 1.876165e-01
2.269294e-01 1.831220e-01
2.409553e-01 1.758868e-01
2.205409e-01 1.729986e-01
2.412703e-01 1.711282e-01
2.113819e-01 1.709215e-01
2.040030e-01 1.691302e-01
2.127404e-01 1.668989e-01
2.027335e-01 1.622816e-01
1.998597e-01 1.600254e-01
1.959352e-01 1.560941e-01
2.111032e-01 1.558945e-01
1.925783e-01 1.524681e-01
1.996524e-01 1.514175e-01
1.963700e-01 1.489716e-01
1.845168e-01 1.478037e-01
1.751034e-01 1.477853e-01
1.789722e-01 1.462847e-01
1.836688e-01 1.446329e-01
1.758113e-01 1.432426e-01
1.765858e-01 1.404470e-01
1.780917e-01 1.376004e-01
1.679184e-01 1.320350e-01
1.720212e-01 1.304564e-01
1.589369e-01 1.289537e-01
1.655553e-01 1.283020e-01
1.650022e-01 1.277235e-01
1.583207e-01 1.273940e-01
1.556176e-01 1.247291e-01
1.535206e-01 1.240937e-01
1.495616e-01 1.228258e-01
1.481063e-01 1.220879e-01
1.409866e-01 1.214156e-01
1.453173e-01 1.204364e-01
1.391467e-01 1.192710e-01
1.306498e-01 1.187411e-01
1.302081e-01 1.181538e-01
1.256534e-01 1.169334e-01
1.238793e-01 1.164161e-01
1.238281e-01 1.157336e-01
1.222180e-01 1.151810e-01
1.199254e-01 1.145609e-01
1.194677e-01 1.143037e-01
1.197256e-01 1.138161e-01
1.192031e-01 1.132396e-01
1.179871e-01 1.127562e-01
1.174884e-01 1.121404e-01
1.177424e-01 1.120076e-01
1.169216e-01 1.116173e-01
1.170547e-01 1.115194e-01
1.166342e-01 1.113473e-01
1.105740e+01 6.455535e+00
6.988134e+00 4.821016e+00
7.071757e+00 4.655594e+00
5.442337e+00 3.367478e+00
4.846317e+00 2.613621e+00
4.554781e+00 2.043632e+00
3.861534e+00 1.991279e+00
4.116165e+00 1.736683e+00
4.079185e+00 1.675302e+00
3.651130e+00 1.675302e+00
3.791028e+00 1.533706e+00
3.438549e+00 1.428894e+00
3.515531e+00 1.308551e+00
3.290712e+00 1.308551e+00
2.927746e+00 1.279979e+00
3.196761e+00 1.279979e+00
3.088021e+00 1.249690e+00
2.742175e+00 1.246595e+00
2.440552e+00 1.246595e+00
2.234127e+00 1.178790e+00
2.736164e+00 1.076662e+00
2.791989e+00 9.534085e-01
2.670892e+00 9.534085e-01
2.561368e+00 9.329420e-01
2.876000e+00 9.036429e-01
2.895475e+00 8.771877e-01
2.347566e+00 7.878111e-01
2.621410e+00 7.476232e-01
2.195880e+00 7.043748e-01
2.100323e+00 6.619822e-01
2.018108e+00 6.266010e-01
1.750054e+00 5.498302e-01
2.091120e+00 4.985724e-01
1.930510e+00 4.269713e-01
1.054894e+00 4.202813e-01
1.289808e+00 3.572891e-01
1.396771e+00 3.294337e-01
6.309587e-01 3.210628e-01
8.196503e-01 2.993898e-01
6.152227e-01 2.688059e-01
5.893442e-01 2.482741e-01
4.802358e-01 2.258257e-01
3.967489e-01 2.108632e-01
3.608981e-01 2.026882e-01
3.322037e-01 1.945359e-01
3.029919e-01 1.826499e-01
2.600492e-01 1.689991e-01
2.487080e-01 1.669274e-01
2.386495e-01 1.646036e-01
2.678972e-01 1.597232e-01
2.254607e-01 1.523038e-01
2.337188e-01 1.436974e-01
2.190702e-01 1.406139e-01
2.190842e-01 1.361706e-01
2.034900e-01 1.342503e-01
1.862796e-01 1.328081e-01
1.915546e-01 1.304609e-01
1.732775e-01 1.286600e-01
1.795516e-01 1.212858e-01
1.567054e-01 1.203832e-01
1.697384e-01 1.138545e-01
1.680678e-01 1.104289e-01
1.600709e-01 1.066844e-01
1.674243e-01 1.051128e-01
1.475400e-01 1.035161e-01
1.342769e-01 1.027240e-01
1.364016e-01 1.007328e-01
1.300061e-01 9.956403e-02
1.250971e-01 9.462941e-02
1.261141e-01 9.447473e-02
1.184946e-01 9.196437e-02
1.207486e-01 8.892174e-02
1.123919e-01 8.851716e-02
1.076795e-01 8.668675e-02
1.120722e-01 8.431893e-02
1.115566e-01 8.291066e-02
1.101199e-01 8.237799e-02
1.010688e-01 8.164201e-02
9.985887e-02 8.111526e-02
9.897101e-02 8.020018e-02
9.671257e-02 8.000689e-02
9.248493e-02 7.989902e-02
8.968825e-02 7.900066e-02
9.455658e-02 7.623500e-02
8.917440e-02 7.413645e-02
9.037708e-02 7.264156e-02
8.883089e-02 7.232425e-02
8.983250e-02 7.215514e-02
9.136220e-02 7.201666e-02
8.489270e-02 7.048759e-02
8.531519e-02 6.977116e-02
8.368870e-02 6.955367e-02
8.282604e-02 6.904996e-02
7.739272e-02 6.880187e-02
7.531217e-02 6.804603e-02
7.389682e-02 6.672419e-02
7.660722e-02 6.605098e-02
7.510221e-02 6.549728e-02
7.577949e-02 6.457642e-02
7.351927e-02 6.317306e-02
7.228954e-02 6.269453e-02
1.096730e+01 6.374187e+00
7.021753e+00 5.217278e+00
6.467116e+00 4.234155e+00
5.233914e+00 3.459686e+00
4.692111e+00 1.915370e+00
4.386640e+00 1.701061e+00
4.554203e+00 1.539002e+00
3.681239e+00 1.539002e+00
3.386781e+00 1.539002e+00
3.837312e+00 1.476088e+00
3.288184e+00 1.400781e+00
3.076708e+00 1.400781e+00
3.498828e+00 1.266807e+00
3.324932e+00 1.266807e+00
3.130684e+00 1.266807e+00
2.421234e+00 1.214185e+00
2.612519e+00 1.213315e+00
2.571123e+00 1.157527e+00
2.424202e+00 1.140252e+00
2.981496e+00 1.101102e+00
2.529455e+00 1.045825e+00
2.719366e+00 8.950431e-01
2.851980e+00 8.394865e-01
2.590398e+00 7.950116e-01
2.424456e+00 7.598750e-01
2.353220e+00 6.789674e-01
1.588763e+00 6.782510e-01
2.348040e+00 6.239625e-01
2.128627e+00 5.677380e-01
1.735242e+00 5.415147e-01
1.963445e+00 4.593090e-01
1.894639e+00 4.172892e-01
1.487888e+00 3.773270e-01
1.606107e+00 3.415434e-01
1.515305e+00 2.835919e-01
5.446047e-01 2.719967e-01
8.022986e-01 2.493978e-01
7.147870e-01 2.296737e-01
6.584044e-01 2.066166e-01
4.792556e-01 1.935752e-01
4.151920e-01 1.688987e-01
2.878984e-01 1.645424e-01
2.850150e-01 1.573861e-01
3.088593e-01 1.515354e-01
2.785940e-01 1.424935e-01
2.194273e-01 1.392241e-01
2.194865e-01 1.365811e-01
2.125439e-01 1.285168e-01
2.065577e-01 1.266165e-01
1.974023e-01 1.217886e-01
1.999284e-01 1.180443e-01
1.664247e-01 1.156873e-01
1.901866e-01 1.144616e-01
1.626132e-01 1.138672e-01
1.657889e-01 1.099023e-01
1.680795e-01 1.081849e-01
1.632017e-01 1.068189e-01
1.464585e-01 1.036027e-01
1.483424e-01 1.028560e-01
1.465801e-01 1.024644e-01
1.472653e-01 1.002197e-01
1.293290e-01 9.875889e-02
1.409234e-01 9.751117e-02
1.328927e-01 9.425288e-02
1.339741e-01 9.201012e-02
1.246165e-01 8.520213e-02
1.247609e-01 8.369947e-02
1.180657e-01 8.322050e-02
1.304701e-01 8.084228e-02
1.243450e-01 7.997336e-02
1.053007e-01 7.916405e-02
1.053228e-01 7.590364e-02
1.084427e-01 7.432094e-02
1.029170e-01 7.383574e-02
9.859915e-02 7.148680e-02
9.371018e-02 6.937164e-02
8.782620e-02 6.754506e-02
9.158703e-02 6.463411e-02
8.178084e-02 6.381054e-02
8.456732e-02 6.030801e-02
8.021810e-02 5.968313e-02
8.227884e-02 5.948729e-02
7.844274e-02 5.925968e-02
7.095521e-02 5.760487e-02
7.496072e-02 5.637659e-02
6.952294e-02 5.521133e-02
6.938980e-02 5.394270e-02
6.714686e-02 5.270903e-02
6.548696e-02 5.183956e-02
6.325578e-02 5.112193e-02
6.174086e-02 4.946978e-02
5.826942e-02 4.940061e-02
5.781953e-02 4.895266e-02
5.784309e-02 4.854797e-02
5.941554e-02 4.825643e-02
5.792992e-02 4.790682e-02
5.735122e-02 4.772268e-02
5.644612e-02 4.761752e-02
5.354334e-02 4.730296e-02
5.336412e-02 4.679199e-02
5.133127e-02 4.657012e-02
1.074854e+01 6.498503e+00
6.748588e+00 4.960773e+00
6.767730e+00 4.801270e+00
6.536081e+00 4.801270e+00
6.742769e+00 4.801270e+00
6.492446e+00 4.281534e+00
6.245776e+00 4.263567e+00
6.246894e+00 4.263567e+00
6.088264e+00 4.263567e+00
6.165240e+00 4.263567e+00
6.191141e+00 3.958322e+00
6.074889e+00 3.958322e+00
6.143418e+00 3.958322e+00
6.151586e+00 3.958322e+00
6.033755e+00 3.707825e+00
5.718838e+00 3.707825e+00
4.271581e+00 3.292988e+00
3.877015e+00 2.576088e+00
3.669266e+00 2.477181e+00
2.885487e+00 2.259661e+00
2.627810e+00 2.173775e+00
2.452057e+00 1.952131e+00
2.106191e+00 1.704599e+00
1.778606e+00 1.408778e+00
1.385888e+00 1.012542e+00
1.018100e+00 8.081519e-01
8.147266e-01 6.445262e-01
6.850239e-01 5.738421e-01
6.050499e-01 4.243629e-01
5.624892e-01 4.070505e-01
5.355165e-01 3.952953e-01
5.045082e-01 3.857883e-01
5.040868e-01 3.621892e-01
4.885033e-01 3.505330e-01
5.004569e-01 3.277816e-01
4.322653e-01 3.190696e-01
4.757610e-01 3.184655e-01
4.345141e-01 3.059375e-01
4.137640e-01 2.961967e-01
4.201281e-01 2.921665e-01
4.330606e-01 2.898101e-01
4.064293e-01 2.859610e-01
3.854166e-01 2.809118e-01
3.731732e-01 2.710931e-01
3.786881e-01 2.622751e-01
3.834633e-01 2.608135e-01
3.825348e-01 2.550562e-01
3.615840e-01 2.508901e-01
3.272388e-01 2.493251e-01
3.250161e-01 2.477763e-01
3.299465e-01 2.464721e-01
3.301344e-01 2.439406e-01
3.407253e-01 2.416645e-01
3.172136e-01 2.398306e-01
3.069934e-01 2.395049e-01
3.119138e-01 2.381017e-01
3.118851e-01 2.364042e-01
3.144236e-01 2.302183e-01
3.016099e-01 2.293905e-01
2.734620e-01 2.276205e-01
2.694977e-01 2.251374e-01
2.572632e-01 2.211732e-01
2.649701e-01 2.189494e-01
2.557850e-01 2.126186e-01
2.439603e-01 2.115939e-01
2.367301e-01 2.111019e-01
2.314090e-01 2.099949e-01
2.283339e-01 2.097998e-01
2.260804e-01 2.089058e-01
2.262967e-01 2.070874e-01
2.252021e-01 2.066424e-01
2.267172e-01 2.053965e-01
2.203611e-01 2.034712e-01
2.260138e-01 2.020934e-01
2.170774e-01 2.016366e-01
2.148969e-01 2.014544e-01
2.180129e-01 2.004457e-01
2.184392e-01 2.002998e-01
2.123831e-01 1.997081e-01
2.136574e-01 1.989069e-01
2.103072e-01 1.983259e-01
2.097768e-01 1.978599e-01
2.084162e-01 1.976275e-01
2.063662e-01 1.967902e-01
2.058079e-01 1.965168e-01
2.056727e-01 1.964185e-01
2.051872e-01 1.962513e-01
2.022622e-01 1.961139e-01
2.020814e-01 1.958715e-01
2.035049e-01 1.953614e-01
2.010619e-01 1.948632e-01
1.996949e-01 1.946909e-01
2.005363e-01 1.941587e-01
2.001684e-01 1.939245e-01
1.984287e-01 1.935537e-01
1.976342e-01 1.933806e-01
1.959313e-01 1.932541e-01
1.959338e-01 1.928038e-01
1.956577e-01 1.926200e-01
1.954358e-01 1.924438e-01
1.954089e-01 1.922858e-01
1.098494e+01 6.835046e+00
6.912212e+00 5.064767e+00
6.582604e+00 4.291278e+00
5.794148e+00 3.942673e+00
4.654386e+00 2.855900e+00
4.179382e+00 2.457917e+00
3.904732e+00 2.170869e+00
4.119410e+00 1.816718e+00
4.089861e+00 1.800229e+00
3.653511e+00 1.800229e+00
3.436457e+00 1.699647e+00
3.800861e+00 1.699647e+00
3.927300e+00 1.607155e+00
3.419901e+00 1.541507e+00
3.745561e+00 1.434137e+00
3.350689e+00 1.130954e+00
4.076640e+00 1.130954e+00
3.107815e+00 1.130954e+00
3.192213e+00 1.130954e+00
2.340927e+00 1.101466e+00
3.047343e+00 9.573060e-01
2.479629e+00 9.573060e-01
2.529288e+00 8.156831e-01
1.578484e+00 7.960211e-01
2.132225e+00 7.093164e-01
2.093025e+00 5.874176e-01
1.530760e+00 5.183493e-01
1.439019e+00 4.893535e-01
1.866936e+00 4.655221e-01
1.608417e+00 4.159912e-01
1.456284e+00 3.570143e-01
1.795115e+00 3.320142e-01
1.205022e+00 2.887859e-01
7.911780e-01 2.669290e-01
4.879361e-01 2.499274e-01
4.878928e-01 2.353362e-01
4.516403e-01 2.097937e-01
4.100116e-01 2.005175e-01
3.308375e-01 1.866666e-01
3.148128e-01 1.683843e-01
2.661300e-01 1.665452e-01
3.230205e-01 1.612365e-01
2.571020e-01 1.541044e-01
2.492383e-01 1.470217e-01
2.241015e-01 1.424092e-01
2.565311e-01 1.335843e-01
2.367200e-01 1.265228e-01
1.933676e-01 1.256293e-01
2.569642e-01 1.199287e-01
1.911611e-01 1.174906e-01
1.945207e-01 1.112224e-01
1.749336e-01 1.100552e-01
1.816907e-01 1.099802e-01
1.683747e-01 1.037357e-01
1.721929e-01 9.929394e-02
1.621600e-01 9.306324e-02
1.353387e-01 9.246659e-02
1.410623e-01 8.759884e-02
1.385498e-01 8.406059e-02
1.304462e-01 8.148869e-02
1.211571e-01 7.983692e-02
1.105135e-01 7.795054e-02
1.102527e-01 7.371198e-02
1.033411e-01 7.244930e-02
9.701575e-02 7.140153e-02
8.984960e-02 6.942610e-02
8.556894e-02 6.862912e-02
8.757100e-02 6.330610e-02
8.139179e-02 6.250732e-02
7.949316e-02 6.021899e-02
7.574347e-02 5.962881e-02
7.167350e-02 5.808400e-02
6.937440e-02 5.727470e-02
7.221457e-02 5.456714e-02
6.555903e-02 5.360317e-02
6.386407e-02 5.288259e-02
6.234558e-02 5.251513e-02
6.240329e-02 5.140006e-02
5.949954e-02 5.111023e-02
6.086554e-02 5.074832e-02
5.986333e-02 5.001849e-02
6.035575e-02 4.979240e-02
5.503544e-02 4.966548e-02
5.539091e-02 4.853595e-02
5.367453e-02 4.702119e-02
5.243491e-02 4.668533e-02
5.245775e-02 4.599233e-02
5.129748e-02 4.555543e-02
4.880027e-02 4.526655e-02
4.861672e-02 4.439541e-02
4.719636e-02 4.406435e-02
4.631126e-02 4.318370e-02
4.588705e-02 4.280057e-02
4.516553e-02 4.246242e-02
4.500998e-02 4.218670e-02
4.414116e-02 4.180787e-02
4.376401e-02 4.150730e-02
4.357874e-02 4.088959e-02
4.356710e-02 4.067784e-02
4.282369e-02 4.042176e-02
4.264717e-02 4.030502e-02
1.096181e+01 7.704215e+00
6.920190e+00 5.001409e+00
6.525606e+00 4.574044e+00
5.856026e+00 3.591786e+00
4.635632e+00 2.757221e+00
4.286456e+00 2.212346e+00
4.108844e+00 1.782636e+00
4.143820e+00 1.460703e+00
3.815653e+00 1.422834e+00
3.465511e+00 1.377006e+00
3.762826e+00 1.338234e+00
3.789172e+00 1.269596e+00
2.822839e+00 1.269596e+00
2.890154e+00 1.269596e+00
3.006377e+00 1.166987e+00
2.712229e+00 1.166987e+00
2.474908e+00 1.151682e+00
3.203190e+00 1.055585e+00
2.752926e+00 1.018308e+00
2.963661e+00 9.735903e-01
3.188986e+00 9.568955e-01
2.623044e+00 8.962145e-01
1.824099e+00 8.133199e-01
1.881921e+00 7.799790e-01
1.655119e+00 6.998584e-01
2.168856e+00 6.246514e-01
1.498266e+00 6.050523e-01
1.613833e+00 4.941083e-01
1.642051e+00 4.798400e-01
1.888298e+00 4.658192e-01
8.414188e-01 4.334055e-01
1.202364e+00 3.803081e-01
1.116822e+00 3.752909e-01
1.006562e+00 3.703967e-01
9.459077e-01 3.493998e-01
7.526548e-01 3.271783e-01
8.056606e-01 3.051614e-01
9.190022e-01 2.794399e-01
6.139871e-01 2.791722e-01
7.125643e-01 2.691276e-01
5.236173e-01 2.643229e-01
6.614351e-01 2.571164e-01
7.221525e-01 2.405887e-01
5.850314e-01 2.332412e-01
6.116175e-01 2.241748e-01
5.691669e-01 2.156764e-01
5.042804e-01 2.110453e-01
4.977911e-01 2.007479e-01
5.264752e-01 1.963030e-01
4.226009e-01 1.838947e-01
3.591625e-01 1.799659e-01
3.475550e-01 1.733905e-01
3.646803e-01 1.604599e-01
3.146240e-01 1.489228e-01
3.107570e-01 1.445878e-01
2.284433e-01 1.413111e-01
2.073826e-01 1.390243e-01
2.049514e-01 1.360328e-01
1.853454e-01 1.327202e-01
1.765373e-01 1.321370e-01
1.686008e-01 1.260640e-01
1.651967e-01 1.246250e-01
1.528056e-01 1.225273e-01
1.545599e-01 1.193995e-01
1.534539e-01 1.174505e-01
1.535340e-01 1.165192e-01
1.456306e-01 1.138008e-01
1.411434e-01 1.102478e-01
1.430675e-01 1.081378e-01
1.380630e-01 1.037122e-01
1.416544e-01 1.016213e-01
1.304925e-01 9.940815e-02
1.342158e-01 9.743179e-02
1.287746e-01 9.612254e-02
1.228191e-01 9.430733e-02
1.157076e-01 9.334056e-02
1.181526e-01 9.228033e-02
1.106507e-01 9.070545e-02
1.039776e-01 8.981135e-02
1.056257e-01 8.754411e-02
1.032477e-01 8.656229e-02
1.044971e-01 8.575596e-02
9.726222e-02 8.495180e-02
1.012944e-01 8.413388e-02
9.612901e-02 8.279949e-02
9.433805e-02 8.240492e-02
9.210595e-02 8.209075e-02
9.157982e-02 8.117525e-02
8.817637e-02 8.094887e-02
9.151801e-02 8.050789e-02
8.958268e-02 7.980532e-02
8.957663e-02 7.946843e-02
8.819681e-02 7.852204e-02
8.928127e-02 7.775806e-02
8.963248e-02 7.760629e-02
8.799394e-02 7.743527e-02
8.478556e-02 7.733376e-02
8.695861e-02 7.708366e-02
8.553236e-02 7.646618e-02
8.270410e-02 7.619677e-02
8.429698e-02 7.568755e-02
1.108778e+01 6.653828e+00
7.064870e+00 5.057706e+00
6.439765e+00 4.978897e+00
6.452991e+00 4.801744e+00
6.511770e+00 4.801744e+00
6.695029e+00 4.801744e+00
6.334254e+00 3.679942e+00
6.313350e+00 3.679942e+00
6.199162e+00 3.679942e+00
6.684653e+00 3.679942e+00
5.866450e+00 3.099135e+00
4.754810e+00 2.660700e+00
4.587122e+00 2.220064e+00
3.940351e+00 2.071194e+00
3.763711e+00 1.810390e+00
4.005301e+00 1.755684e+00
3.552625e+00 1.553538e+00
3.628010e+00 1.553538e+00
3.444715e+00 1.410899e+00
3.266917e+00 1.337601e+00
2.997476e+00 1.302443e+00
3.222985e+00 1.267475e+00
2.738547e+00 1.180310e+00
3.405083e+00 1.108418e+00
3.041709e+00 9.675040e-01
2.730564e+00 9.675040e-01
2.441179e+00 9.675040e-01
2.292070e+00 9.675040e-01
3.126041e+00 8.937454e-01
3.152119e+00 8.772808e-01
2.103339e+00 8.580736e-01
2.413713e+00 7.065401e-01
2.140721e+00 7.065401e-01
1.494828e+00 6.982842e-01
2.164545e+00 6.483970e-01
2.306703e+00 6.047214e-01
1.989894e+00 5.704173e-01
1.921896e+00 5.501003e-01
1.710544e+00 5.262319e-01
1.572666e+00 4.729367e-01
1.618071e+00 4.593468e-01
1.602540e+00 4.307293e-01
1.227573e+00 4.052191e-01
7.203284e-01 3.807953e-01
8.098536e-01 3.636127e-01
7.304884e-01 3.475934e-01
6.593291e-01 3.203710e-01
5.426434e-01 2.998096e-01
4.854837e-01 2.721199e-01
4.566115e-01 2.563271e-01
3.960032e-01 2.308210e-01
4.128022e-01 2.226063e-01
3.336382e-01 2.107038e-01
3.486197e-01 2.020976e-01
3.079888e-01 2.003271e-01
2.801355e-01 1.915851e-01
2.613305e-01 1.901095e-01
2.685769e-01 1.837685e-01
2.550418e-01 1.744317e-01
2.324613e-01 1.689562e-01
2.403840e-01 1.653321e-01
2.223914e-01 1.639313e-01
2.165080e-01 1.606045e-01
2.241116e-01 1.561098e-01
2.136427e-01 1.523633e-01
1.926518e-01 1.483224e-01
1.825901e-01 1.463729e-01
1.816316e-01 1.421183e-01
1.849158e-01 1.360260e-01
1.805308e-01 1.300275e-01
1.735533e-01 1.268558e-01
1.820775e-01 1.227271e-01
1.681919e-01 1.222290e-01
1.690656e-01 1.200444e-01
1.635611e-01 1.196481e-01
1.551658e-01 1.184255e-01
1.452501e-01 1.180577e-01
1.504756e-01 1.155639e-01
1.438829e-01 1.149144e-01
1.466174e-01 1.138190e-01
1.365449e-01 1.109921e-01
1.360653e-01 1.089107e-01
1.388277e-01 1.065989e-01
1.389300e-01 1.046113e-01
1.244946e-01 1.023800e-01
1.245679e-01 9.979519e-02
1.142116e-01 9.884189e-02
1.149040e-01 9.521862e-02
1.165601e-01 9.439891e-02
1.074306e-01 9.323556e-02
1.063531e-01 9.290267e-02
1.130699e-01 9.179090e-02
1.098272e-01 9.117452e-02
1.018223e-01 9.075019e-02
1.019066e-01 9.046812e-02
9.949768e-02 8.985575e-02
9.735895e-02 8.860001e-02
9.371491e-02 8.826646e-02
9.447154e-02 8.780829e-02
9.463627e-02 8.760431e-02
9.411299e-02 8.651342e-02
1.110524e+01 5.776628e+00
6.790765e+00 4.999083e+00
5.777709e+00 3.499874e+00
4.760388e+00 3.016985e+00
4.341896e+00 2.379000e+00
4.083720e+00 1.780018e+00
4.445790e+00 1.739260e+00
4.083670e+00 1.738404e+00
3.750740e+00 1.732265e+00
4.002043e+00 1.655618e+00
3.921344e+00 1.594172e+00
3.840527e+00 1.526448e+00
3.518131e+00 1.460960e+00
3.523502e+00 1.460960e+00
2.946618e+00 1.392844e+00
3.017119e+00 1.340144e+00
3.561247e+00 1.323389e+00
3.270664e+00 1.323389e+00
3.480170e+00 1.306948e+00
3.306282e+00 1.190228e+00
2.786633e+00 1.190228e+00
2.929504e+00 1.190228e+00
2.797005e+00 1.158492e+00
2.875688e+00 1.101223e+00
2.536369e+00 1.101223e+00
3.138636e+00 1.061396e+00
3.082451e+00 1.036864e+00
2.727717e+00 1.001630e+00
3.231454e+00 9.348058e-01
2.953168e+00 8.608331e-01
2.704813e+00 8.381275e-01
2.452787e+00 8.095266e-01
2.585390e+00 7.647221e-01
1.623376e+00 7.085872e-01
1.976299e+00 6.752340e-01
1.678383e+00 5.867583e-01
1.621287e+00 5.556347e-01
2.066567e+00 4.855255e-01
1.544473e+00 4.691220e-01
1.515021e+00 4.653265e-01
1.730754e+00 3.865006e-01
1.523423e+00 3.624795e-01
8.590788e-01 3.565983e-01
7.013522e-01 3.406106e-01
7.862913e-01 3.218936e-01
5.761553e-01 3.157612e-01
6.340288e-01 3.036033e-01
5.076809e-01 2.934675e-01
5.773152e-01 2.798013e-01
5.259302e-01 2.673773e-01
4.430739e-01 2.610037e-01
5.211492e-01 2.526787e-01
3.967979e-01 2.493036e-01
4.430006e-01 2.409400e-01
5.611779e-01 2.364835e-01
4.287230e-01 2.325428e-01
3.870804e-01 2.200924e-01
5.054591e-01 2.157348e-01
3.500265e-01 2.082260e-01
3.936062e-01 2.003991e-01
4.391497e-01 1.999249e-01
3.555196e-01 1.945605e-01
3.395104e-01 1.780161e-01
3.588137e-01 1.769656e-01
2.383645e-01 1.749709e-01
2.819415e-01 1.664226e-01
2.189878e-01 1.569987e-01
2.207278e-01 1.538702e-01
1.943830e-01 1.523648e-01
1.934413e-01 1.472941e-01
1.810944e-01 1.410088e-01
1.762078e-01 1.363100e-01
1.755233e-01 1.281169e-01
1.614859e-01 1.258420e-01
1.509359e-01 1.231025e-01
1.527863e-01 1.219050e-01
1.473389e-01 1.200484e-01
1.444292e-01 1.180190e-01
1.374115e-01 1.135569e-01
1.399508e-01 1.121403e-01
1.416756e-01 1.095252e-01
1.363818e-01 1.060857e-01
1.397688e-01 1.053717e-01
1.265982e-01 1.047646e-01
1.223073e-01 1.044459e-01
1.199376e-01 1.030598e-01
1.203028e-01 9.995693e-02
1.153409e-01 9.926010e-02
1.123406e-01 9.755607e-02
1.078017e-01 9.725497e-02
1.028163e-01 9.649096e-02
1.016610e-01 9.546645e-02
1.021767e-01 9.462045e-02
1.018188e-01 9.347271e-02
9.997360e-02 9.240937e-02
1.025502e-01 9.180968e-02
9.917885e-02 9.122013e-02
9.837567e-02 9.073775e-02
9.801977e-02 9.052752e-02
9.854005e-02 9.010276e-02
9.653425e-02 8.986714e-02
1.120797e+01 7.586760e+00
6.992814e+00 5.289527e+00
6.385120e+00 4.871716e+00
6.396267e+00 4.129876e+00
6.394032e+00 4.129876e+00
6.335961e+00 4.129876e+00
6.500174e+00 4.129876e+00
4.719995e+00 3.113775e+00
4.310350e+00 2.681579e+00
4.183265e+00 2.149592e+00
4.276894e+00 2.005085e+00
3.914118e+00 1.999086e+00
3.817627e+00 1.660772e+00
3.993637e+00 1.524763e+00
3.845202e+00 1.524763e+00
3.333997e+00 1.524763e+00
2.807118e+00 1.524506e+00
3.754727e+00 1.462121e+00
3.241876e+00 1.347327e+00
2.963156e+00 1.251175e+00
3.711616e+00 1.186680e+00
2.809610e+00 1.087366e+00
3.274264e+00 1.087366e+00
2.837427e+00 9.655174e-01
2.066831e+00 9.655174e-01
2.689267e+00 8.968830e-01
2.476439e+00 8.601261e-01
2.182544e+00 8.079246e-01
1.972652e+00 7.662925e-01
2.101438e+00 7.243205e-01
1.584886e+00 6.841023e-01
1.694584e+00 5.724321e-01
1.793808e+00 5.343481e-01
1.385443e+00 5.304643e-01
1.974687e+00 5.057355e-01
1.701531e+00 4.575563e-01
2.038478e+00 4.451695e-01
1.945613e+00 4.295767e-01
1.187912e+00 4.131496e-01
8.037028e-01 3.994230e-01
1.128016e+00 3.718914e-01
9.227650e-01 3.532087e-01
6.620468e-01 3.350563e-01
5.126159e-01 3.166130e-01
5.605109e-01 2.994997e-01
4.390424e-01 2.847132e-01
4.194548e-01 2.796200e-01
4.040088e-01 2.706909e-01
3.889049e-01 2.546781e-01
3.540625e-01 2.494335e-01
3.922177e-01 2.475931e-01
3.426879e-01 2.418547e-01
3.453349e-01 2.295592e-01
3.196592e-01 2.173344e-01
3.344506e-01 2.169858e-01
3.245093e-01 2.164662e-01
2.991309e-01 2.119279e-01
2.938304e-01 2.115579e-01
3.031567e-01 2.092138e-01
2.923911e-01 2.004727e-01
2.610446e-01 1.974171e-01
2.796731e-01 1.907515e-01
2.497849e-01 1.895666e-01
2.587096e-01 1.805215e-01
2.616338e-01 1.789255e-01
2.534288e-01 1.736488e-01
2.402179e-01 1.712816e-01
2.237394e-01 1.702598e-01
2.248439e-01 1.687684e-01
2.286761e-01 1.633527e-01
2.133867e-01 1.629061e-01
2.155671e-01 1.613624e-01
2.177595e-01 1.583713e-01
1.993474e-01 1.574062e-01
2.006025e-01 1.521552e-01
2.022851e-01 1.474847e-01
2.073478e-01 1.436960e-01
1.861288e-01 1.432250e-01
1.759821e-01 1.414992e-01
1.703055e-01 1.387537e-01
1.614248e-01 1.367801e-01
1.675801e-01 1.362249e-01
1.656017e-01 1.330669e-01
1.561974e-01 1.305572e-01
1.573986e-01 1.301994e-01
1.541951e-01 1.287562e-01
1.492374e-01 1.258712e-01
1.463997e-01 1.253835e-01
1.460083e-01 1.252484e-01
1.399434e-01 1.246652e-01
1.408489e-01 1.244952e-01
1.381681e-01 1.235097e-01
1.390890e-01 1.233797e-01
1.361404e-01 1.218720e-01
1.385514e-01 1.212843e-01
1.305661e-01 1.203188e-01
1.364373e-01 1.187269e-01
1.303899e-01 1.183398e-01
1.334217e-01 1.171857e-01
1.287896e-01 1.166622e-01
1.302529e-01 1.160898e-01
1.081658e+01 6.526239e+00
6.812542e+00 5.267714e+00
6.650197e+00 4.866988e+00
4.926368e+00 3.176411e+00
4.498080e+00 1.844723e+00
4.424123e+00 1.788360e+00
3.853362e+00 1.788360e+00
4.198489e+00 1.637553e+00
3.750372e+00 1.481978e+00
3.577646e+00 1.481978e+00
3.816492e+00 1.343571e+00
3.437946e+00 1.343571e+00
2.900624e+00 1.259095e+00
2.694873e+00 1.204121e+00
3.014368e+00 1.153196e+00
2.193499e+00 1.117949e+00
2.410450e+00 1.072792e+00
2.626182e+00 1.043796e+00
2.299585e+00 9.490214e-01
2.337018e+00 8.043779e-01
2.214588e+00 6.932334e-01
1.405407e+00 6.335789e-01
1.601728e+00 4.690594e-01
1.761750e+00 4.138494e-01
1.667550e+00 3.835569e-01
1.362883e+00 3.792188e-01
1.299111e+00 3.657109e-01
1.244797e+00 3.144905e-01
1.249036e+00 2.803966e-01
9.675699e-01 2.716234e-01
6.470531e-01 2.452605e-01
4.590219e-01 2.307420e-01
4.419726e-01 2.096178e-01
4.486292e-01 1.975012e-01
3.569437e-01 1.943627e-01
4.027485e-01 1.840471e-01
2.829181e-01 1.680218e-01
2.376302e-01 1.649988e-01
2.851613e-01 1.604567e-01
2.408411e-01 1.511260e-01
2.488778e-01 1.460775e-01
2.221121e-01 1.406601e-01
2.128756e-01 1.314990e-01
2.336959e-01 1.308202e-01
2.109929e-01 1.261205e-01
1.885315e-01 1.229719e-01
2.143177e-01 1.176887e-01
1.957921e-01 1.170913e-01
1.679613e-01 1.165894e-01
1.662091e-01 1.128640e-01
1.608760e-01 1.088673e-01
1.602180e-01 1.074797e-01
1.470570e-01 1.046887e-01
1.419487e-01 1.005213e-01
1.342014e-01 1.001700e-01
1.484135e-01 9.668540e-02
1.398829e-01 9.396841e-02
1.404225e-01 8.957775e-02
1.263271e-01 8.554657e-02
1.262061e-01 8.494636e-02
1.332768e-01 8.411019e-02
1.249028e-01 8.291806e-02
1.136151e-01 8.159261e-02
1.061712e-01 8.112987e-02
1.045463e-01 8.025369e-02
1.015869e-01 7.893929e-02
1.007631e-01 7.741932e-02
9.246676e-02 7.617874e-02
9.127548e-02 7.485338e-02
8.514554e-02 7.301422e-02
8.195464e-02 7.263364e-02
8.134689e-02 7.107882e-02
7.929354e-02 7.001564e-02
8.067109e-02 6.978408e-02
7.788424e-02 6.799434e-02
7.867172e-02 6.672434e-02
7.568225e-02 6.656924e-02
7.568154e-02 6.640591e-02
7.388450e-02 6.619930e-02
7.225948e-02 6.591140e-02
7.075417e-02 6.500264e-02
7.107033e-02 6.471004e-02
6.976895e-02 6.427286e-02
6.887307e-02 6.379767e-02
6.902323e-02 6.321804e-02
6.898521e-02 6.276028e-02
6.866479e-02 6.228059e-02
6.761414e-02 6.207135e-02
6.927366e-02 6.201129e-02
6.687710e-02 6.177418e-02
6.650766e-02 6.164780e-02
6.698357e-02 6.153177e-02
6.494433e-02 6.147519e-02
6.537590e-02 6.117897e-02
6.482823e-02 6.097057e-02
6.490036e-02 6.089336e-02
6.455299e-02 6.068940e-02
6.405588e-02 6.067988e-02
6.364152e-02 6.057527e-02
6.499501e-02 6.044245e-02
6.448015e-02 6.002784e-02
1.075493e+01 6.871794e+00
6.871996e+00 5.287428e+00
6.724719e+00 5.257809e+00
6.624938e+00 5.026952e+00
6.474451e+00 4.959539e+00
6.548214e+00 4.959539e+00
6.638211e+00 4.959539e+00
6.499230e+00 4.661907e+00
6.515041e+00 4.589938e+00
6.197384e+00 4.357351e+00
5.026107e+00 3.027427e+00
4.817197e+00 2.491823e+00
4.416548e+00 2.313065e+00
4.331219e+00 2.064402e+00
4.161498e+00 1.746267e+00
3.741363e+00 1.709998e+00
3.973052e+00 1.662952e+00
3.556624e+00 1.517463e+00
3.236164e+00 1.409385e+00
4.183938e+00 1.409385e+00
2.872762e+00 1.409385e+00
2.697418e+00 1.409385e+00
3.079769e+00 1.183374e+00
2.839425e+00 1.183374e+00
3.328674e+00 1.058690e+00
2.364567e+00 1.058690e+00
2.745276e+00 1.035699e+00
2.173032e+00 9.337502e-01
2.099731e+00 8.793991e-01
2.508880e+00 8.143957e-01
1.649626e+00 8.060311e-01
2.227016e+00 7.012190e-01
2.247411e+00 6.698634e-01
2.034795e+00 6.063265e-01
2.046676e+00 5.660908e-01
2.108798e+00 5.564236e-01
1.552789e+00 5.389277e-01
2.442454e+00 5.172302e-01
1.580341e+00 4.817040e-01
1.631593e+00 4.461997e-01
1.287661e+00 4.346869e-01
1.487448e+00 3.947168e-01
1.194840e+00 3.830626e-01
9.621112e-01 3.713931e-01
8.361696e-01 3.665770e-01
8.591378e-01 3.437726e-01
6.229714e-01 3.410027e-01
7.320128e-01 3.133846e-01
6.580260e-01 3.129054e-01
5.723642e-01 3.034302e-01
6.272244e-01 2.924449e-01
6.959987e-01 2.742946e-01
5.942203e-01 2.649975e-01
4.700556e-01 2.630214e-01
5.808254e-01 2.557645e-01
5.635505e-01 2.467577e-01
6.051371e-01 2.374371e-01
5.868180e-01 2.340303e-01
5.258250e-01 2.170741e-01
5.342361e-01 2.094934e-01
5.101820e-01 2.086348e-01
5.110448e-01 2.079886e-01
4.276438e-01 2.028939e-01
4.332560e-01 2.027997e-01
3.209663e-01 2.020457e-01
4.414433e-01 1.976827e-01
3.960635e-01 1.890939e-01
2.952044e-01 1.831443e-01
2.812136e-01 1.790454e-01
2.447394e-01 1.785533e-01
2.557449e-01 1.726864e-01
2.164072e-01 1.697313e-01
2.115138e-01 1.627703e-01
1.942494e-01 1.597206e-01
2.018497e-01 1.574242e-01
1.872987e-01 1.550719e-01
1.981459e-01 1.525198e-01
1.903505e-01 1.480371e-01
1.724530e-01 1.467708e-01
1.698660e-01 1.415683e-01
1.655064e-01 1.412761e-01
1.668905e-01 1.380523e-01
1.636514e-01 1.332889e-01
1.630790e-01 1.314482e-01
1.582417e-01 1.263963e-01
1.529866e-01 1.250044e-01
1.520477e-01 1.243519e-01
1.479807e-01 1.206152e-01
1.405860e-01 1.192474e-01
1.411977e-01 1.181534e-01
1.376268e-01 1.160030e-01
1.315879e-01 1.144441e-01
1.285429e-01 1.112576e-01
1.275656e-01 1.101465e-01
1.243419e-01 1.089572e-01
1.214974e-01 1.079054e-01
1.189031e-01 1.048751e-01
1.173862e-01 1.042719e-01
1.133768e-01 1.039182e-01
1.132705e-01 1.027796e-01
1.095161e-01 1.013982e-01
1.114944e+01 6.780415e+00
6.971605e+00 4.502517e+00
6.269175e+00 4.413081e+00
5.068166e+00 2.943317e+00
4.215694e+00 2.479194e+00
3.863906e+00 2.281259e+00
4.115515e+00 1.799393e+00
3.938477e+00 1.745359e+00
3.867382e+00 1.736794e+00
3.166001e+00 1.736794e+00
3.949461e+00 1.561715e+00
3.720484e+00 1.472691e+00
3.780690e+00 1.440342e+00
3.882729e+00 1.328381e+00
3.299432e+00 1.234309e+00
2.928030e+00 1.234309e+00
2.663994e+00 1.234309e+00
3.012984e+00 1.189872e+00
3.035505e+00 1.182688e+00
2.172779e+00 1.124934e+00
2.664743e+00 1.071545e+00
3.350904e+00 9.539598e-01
2.202788e+00 8.990310e-01
2.111895e+00 8.797462e-01
1.943340e+00 8.648829e-01
1.983832e+00 8.062514e-01
2.136183e+00 7.778490e-01
2.276981e+00 7.106612e-01
1.775631e+00 7.020645e-01
1.927764e+00 6.533680e-01
1.968974e+00 6.181864e-01
2.018300e+00 5.121408e-01
2.280554e+00 4.505371e-01
1.948158e+00 4.464405e-01
2.025088e+00 4.220852e-01
1.455459e+00 4.142273e-01
1.308037e+00 3.865451e-01
1.008716e+00 3.308698e-01
1.137879e+00 3.149618e-01
1.082607e+00 3.067058e-01
1.048736e+00 2.922655e-01
1.021764e+00 2.699360e-01
7.187005e-01 2.448195e-01
5.779552e-01 2.416795e-01
5.270927e-01 2.329350e-01
5.547033e-01 2.259973e-01
4.368530e-01 1.994636e-01
4.730846e-01 1.957934e-01
4.314120e-01 1.846004e-01
4.410970e-01 1.702662e-01
4.536073e-01 1.677169e-01
3.354477e-01 1.648624e-01
3.598882e-01 1.526544e-01
3.483103e-01 1.501091e-01
2.755783e-01 1.477721e-01
2.897524e-01 1.419987e-01
2.974930e-01 1.374820e-01
2.463079e-01 1.316162e-01
2.572260e-01 1.264425e-01
2.665625e-01 1.236330e-01
2.012222e-01 1.215245e-01
1.912392e-01 1.162552e-01
1.975867e-01 1.151089e-01
1.833621e-01 1.115544e-01
1.890336e-01 1.082914e-01
1.820928e-01 1.030397e-01
1.536569e-01 9.742346e-02
1.489751e-01 9.684540e-02
1.521893e-01 9.158480e-02
1.340916e-01 8.677255e-02
1.235022e-01 8.385496e-02
1.317041e-01 7.949532e-02
1.135067e-01 7.700104e-02
1.086350e-01 7.683410e-02
1.070062e-01 7.615889e-02
1.071460e-01 7.522598e-02
9.246276e-02 7.166463e-02
9.194213e-02 7.106155e-02
8.646985e-02 6.966718e-02
8.173225e-02 6.879621e-02
7.816436e-02 6.703019e-02
7.688974e-02 6.426732e-02
7.345210e-02 6.264357e-02
7.464624e-02 6.197472e-02
7.054566e-02 6.186291e-02
6.980271e-02 6.101436e-02
6.828157e-02 6.087898e-02
7.005293e-02 6.071450e-02
6.851563e-02 5.964728e-02
6.671811e-02 5.886563e-02
6.411316e-02 5.855730e-02
6.463727e-02 5.818004e-02
6.582323e-02 5.781855e-02
6.476292e-02 5.724381e-02
6.494758e-02 5.685910e-02
6.472868e-02 5.667719e-02
6.277238e-02 5.654081e-02
6.329681e-02 5.600946e-02
6.189002e-02 5.597024e-02
6.135804e-02 5.563238e-02
6.164128e-02 5.531370e-02
1.096650e+01 7.335579e+00
6.997333e+00 4.828022e+00
6.595860e+00 4.828022e+00
6.438073e+00 4.768522e+00
6.681947e+00 4.392544e+00
6.315407e+00 4.392544e+00
5.683913e+00 3.873990e+00
4.752688e+00 2.364235e+00
4.311236e+00 2.182835e+00
4.001526e+00 2.025421e+00
4.175335e+00 1.726119e+00
3.901313e+00 1.468143e+00
3.797622e+00 1.468143e+00
3.591086e+00 1.428622e+00
3.720946e+00 1.338198e+00
3.209379e+00 1.202607e+00
3.007808e+00 1.157054e+00
3.665855e+00 1.060286e+00
3.077263e+00 1.022595e+00
2.546792e+00 9.567021e-01
2.805628e+00 8.988692e-01
2.038809e+00 8.873331e-01
2.691635e+00 8.524151e-01
2.613412e+00 8.362354e-01
2.258877e+00 7.511091e-01
2.430631e+00 6.573785e-01
1.955510e+00 6.182183e-01
1.538446e+00 5.469614e-01
2.280233e+00 4.913741e-01
1.881741e+00 4.472862e-01
1.248072e+00 4.169179e-01
1.404342e+00 3.870895e-01
1.364209e+00 3.396933e-01
6.493353e-01 3.244780e-01
7.843396e-01 3.148207e-01
6.476324e-01 2.968810e-01
4.523588e-01 2.856615e-01
4.891127e-01 2.669195e-01
5.324425e-01 2.414653e-01
4.675742e-01 2.219014e-01
4.523559e-01 2.180891e-01
4.522105e-01 2.121333e-01
3.628698e-01 2.007279e-01
3.845598e-01 1.874563e-01
3.316050e-01 1.757946e-01
3.689346e-01 1.677217e-01
3.098692e-01 1.578304e-01
3.026702e-01 1.529034e-01
2.773769e-01 1.516163e-01
3.141596e-01 1.478059e-01
2.567396e-01 1.441562e-01
2.292981e-01 1.406488e-01
2.833963e-01 1.393815e-01
2.364851e-01 1.373806e-01
2.171360e-01 1.336821e-01
1.729589e-01 1.336821e-01
2.218875e-01 1.329055e-01
2.003068e-01 1.296658e-01
1.939417e-01 1.261877e-01
1.831661e-01 1.260470e-01
1.744194e-01 1.246176e-01
1.832974e-01 1.214795e-01
1.675825e-01 1.203493e-01
1.763466e-01 1.157629e-01
1.650606e-01 1.149347e-01
1.683385e-01 1.144903e-01
1.454997e-01 1.108815e-01
1.506769e-01 1.081034e-01
1.451540e-01 1.056944e-01
1.445985e-01 1.036112e-01
1.358584e-01 1.013818e-01
1.263931e-01 9.896962e-02
1.215364e-01 9.778753e-02
1.153371e-01 9.533994e-02
1.139143e-01 9.460691e-02
1.071213e-01 9.245649e-02
1.059823e-01 9.144850e-02
1.009756e-01 9.035641e-02
1.036602e-01 9.014517e-02
9.848460e-02 8.914790e-02
9.543512e-02 8.843157e-02
9.770241e-02 8.751408e-02
9.581790e-02 8.604327e-02
9.740326e-02 8.563484e-02
9.464091e-02 8.521546e-02
9.373132e-02 8.486128e-02
9.135082e-02 8.436550e-02
9.234912e-02 8.352190e-02
9.050306e-02 8.334076e-02
8.925493e-02 8.287952e-02
9.121362e-02 8.233202e-02
8.883073e-02 8.200049e-02
8.742621e-02 8.158494e-02
8.691127e-02 8.025768e-02
8.437238e-02 7.970735e-02
8.372192e-02 7.924784e-02
8.300060e-02 7.893998e-02
8.192735e-02 7.847296e-02
8.214589e-02 7.796981e-02
8.072280e-02 7.794348e-02
8.028329e-02 7.777916e-02
1.090139e+01 6.244714e+00
6.862112e+00 4.589643e+00
4.849332e+00 3.055212e+00
4.814372e+00 2.501446e+00
4.149503e+00 2.196927e+00
4.237363e+00 1.949574e+00
3.712326e+00 1.794373e+00
3.429259e+00 1.716103e+00
3.936572e+00 1.688296e+00
3.648655e+00 1.688296e+00
4.024408e+00 1.593020e+00
3.885374e+00 1.545843e+00
3.732163e+00 1.432665e+00
3.016001e+00 1.432665e+00
3.336369e+00 1.378510e+00
3.465516e+00 1.263167e+00
3.138770e+00 1.242030e+00
3.654409e+00 1.242030e+00
2.617267e+00 1.242030e+00
2.575928e+00 1.242030e+00
2.417504e+00 1.237664e+00
2.752033e+00 1.154997e+00
2.356313e+00 1.154997e+00
2.902560e+00 1.100873e+00
2.890488e+00 1.045075e+00
2.927990e+00 1.040365e+00
3.146086e+00 1.026891e+00
2.219050e+00 9.334185e-01
2.693638e+00 9.033824e-01
1.929525e+00 8.328669e-01
1.992198e+00 6.704140e-01
1.688633e+00 6.449505e-01
1.718354e+00 6.138850e-01
1.739746e+00 5.604079e-01
1.848185e+00 5.196461e-01
1.568878e+00 4.746588e-01
1.213577e+00 4.438420e-01
1.291920e+00 4.211678e-01
1.471447e+00 3.967696e-01
1.356617e+00 3.757707e-01
9.284769e-01 3.485674e-01
9.127566e-01 3.360675e-01
6.306772e-01 3.289078e-01
5.018359e-01 3.209197e-01
7.276167e-01 3.114870e-01
4.679502e-01 2.932241e-01
6.704097e-01 2.863804e-01
6.032795e-01 2.754137e-01
3.945486e-01 2.609845e-01
3.585583e-01 2.609845e-01
4.894252e-01 2.568645e-01
4.122963e-01 2.507053e-01
4.110598e-01 2.471724e-01
3.634777e-01 2.402064e-01
3.290173e-01 2.388835e-01
3.669309e-01 2.234560e-01
3.181481e-01 2.188793e-01
3.347308e-01 2.113637e-01
2.784009e-01 2.102125e-01
3.045841e-01 2.042428e-01
2.591059e-01 2.006126e-01
2.655350e-01 1.975102e-01
2.641810e-01 1.950993e-01
2.489975e-01 1.804985e-01
2.378396e-01 1.763174e-01
2.273194e-01 1.718147e-01
2.407954e-01 1.678934e-01
2.147363e-01 1.665384e-01
2.006979e-01 1.659292e-01
2.052249e-01 1.654029e-01
2.073607e-01 1.633537e-01
2.019112e-01 1.610860e-01
1.977500e-01 1.548843e-01
1.937141e-01 1.532371e-01
1.769006e-01 1.530668e-01
1.752189e-01 1.487923e-01
1.662576e-01 1.486158e-01
1.710794e-01 1.444097e-01
1.672575e-01 1.420453e-01
1.595919e-01 1.413151e-01
1.633006e-01 1.398945e-01
1.549311e-01 1.385794e-01
1.565067e-01 1.376466e-01
1.574553e-01 1.357587e-01
1.548213e-01 1.344656e-01
1.514888e-01 1.337022e-01
1.516502e-01 1.291038e-01
1.478809e-01 1.283230e-01
1.483166e-01 1.269978e-01
1.443557e-01 1.263707e-01
1.405793e-01 1.242152e-01
1.385973e-01 1.230857e-01
1.349623e-01 1.207944e-01
1.321410e-01 1.197118e-01
1.301799e-01 1.171108e-01
1.262379e-01 1.168032e-01
1.269541e-01 1.155447e-01
1.245671e-01 1.140393e-01
1.253020e-01 1.134628e-01
1.219228e-01 1.127892e-01
1.217766e-01 1.123295e-01
1.080284e+01 6.346188e+00
6.714834e+00 4.820607e+00
6.561715e+00 4.820607e+00
6.489568e+00 4.820607e+00
6.391372e+00 4.473331e+00
6.440274e+00 4.473331e+00
6.540667e+00 4.473331e+00
6.505818e+00 4.473331e+00
6.323767e+00 4.473331e+00
6.237064e+00 4.238976e+00
6.490589e+00 4.238976e+00
6.292844e+00 4.146772e+00
6.181898e+00 3.664753e+00
6.004855e+00 3.302933e+00
6.062901e+00 3.302933e+00
5.838054e+00 3.161043e+00
4.895353e+00 2.686112e+00
3.900441e+00 2.387242e+00
4.295999e+00 1.888085e+00
3.810202e+00 1.603678e+00
3.434269e+00 1.448984e+00
3.743406e+00 1.380861e+00
3.275324e+00 1.313951e+00
2.684566e+00 1.226603e+00
2.830329e+00 1.195090e+00
2.823351e+00 1.113075e+00
2.990881e+00 1.083260e+00
2.823630e+00 1.065728e+00
2.238589e+00 9.921232e-01
2.704403e+00 9.361994e-01
2.197213e+00 8.640432e-01
2.321149e+00 8.460541e-01
2.480688e+00 7.753082e-01
2.177866e+00 6.862767e-01
2.032085e+00 6.018372e-01
1.645722e+00 5.999030e-01
1.400793e+00 5.922336e-01
1.808778e+00 4.717925e-01
1.704693e+00 4.400002e-01
1.415874e+00 4.252183e-01
1.236640e+00 3.870186e-01
1.036642e+00 3.869202e-01
8.159701e-01 3.494306e-01
1.150605e+00 3.311641e-01
6.935053e-01 3.084814e-01
8.300981e-01 2.914404e-01
7.849753e-01 2.813169e-01
4.828101e-01 2.655534e-01
5.423422e-01 2.534237e-01
4.884370e-01 2.350294e-01
4.224782e-01 2.211753e-01
4.702095e-01 2.095369e-01
4.312635e-01 2.061330e-01
3.240108e-01 2.008485e-01
3.505233e-01 1.958760e-01
3.355279e-01 1.880512e-01
2.748383e-01 1.792986e-01
2.990245e-01 1.703323e-01
2.481263e-01 1.674008e-01
2.621762e-01 1.582583e-01
2.192330e-01 1.564148e-01
2.071287e-01 1.553136e-01
2.053779e-01 1.502546e-01
2.011172e-01 1.441679e-01
1.993072e-01 1.408616e-01
1.832579e-01 1.301227e-01
1.771993e-01 1.276645e-01
1.590882e-01 1.211275e-01
1.456938e-01 1.195599e-01
1.402958e-01 1.131060e-01
1.349569e-01 1.108774e-01
1.314711e-01 1.098993e-01
1.258029e-01 1.080731e-01
1.236854e-01 1.045041e-01
1.206792e-01 1.032360e-01
1.194601e-01 1.015293e-01
1.167436e-01 1.011044e-01
1.183707e-01 9.915615e-02
1.146507e-01 9.882097e-02
1.125948e-01 9.769981e-02
1.077654e-01 9.666444e-02
1.124116e-01 9.477856e-02
1.066064e-01 9.436399e-02
1.041339e-01 9.280092e-02
1.080210e-01 9.253227e-02
1.054879e-01 9.215361e-02
1.014732e-01 9.139047e-02
1.040047e-01 9.113798e-02
1.034995e-01 9.110415e-02
1.007626e-01 9.071924e-02
1.012293e-01 9.003409e-02
9.887363e-02 8.973483e-02
9.612569e-02 8.950802e-02
9.722920e-02 8.923045e-02
9.630992e-02 8.873644e-02
9.602962e-02 8.851752e-02
9.412909e-02 8.823838e-02
9.301532e-02 8.800786e-02
9.331029e-02 8.758695e-02
9.197283e-02 8.731426e-02
9.013133e-02 8.699751e-02
1.108743e+01 7.195939e+00
6.805997e+00 5.150057e+00
5.293748e+00 3.130252e+00
5.051891e+00 2.507846e+00
4.133548e+00 2.204042e+00
3.801064e+00 1.942019e+00
4.130696e+00 1.857083e+00
3.860707e+00 1.814037e+00
3.756735e+00 1.487903e+00
3.654473e+00 1.378008e+00
3.538965e+00 1.378008e+00
4.052073e+00 1.378008e+00
2.737802e+00 1.378008e+00
2.342441e+00 1.378008e+00
3.096123e+00 1.331008e+00
3.098784e+00 1.163181e+00
2.591816e+00 1.158680e+00
2.670438e+00 1.127863e+00
2.847323e+00 1.054671e+00
2.242263e+00 1.041852e+00
2.978206e+00 9.225724e-01
2.197545e+00 8.878541e-01
1.894258e+00 8.327911e-01
2.508209e+00 7.733218e-01
2.617781e+00 7.499914e-01
2.347255e+00 7.006466e-01
2.217831e+00 6.939890e-01
1.924240e+00 6.693022e-01
1.597866e+00 6.261793e-01
1.998514e+00 5.691771e-01
1.753364e+00 5.361088e-01
1.418607e+00 5.015103e-01
1.366863e+00 4.752881e-01
1.327862e+00 4.624235e-01
1.333327e+00 4.441206e-01
8.652326e-01 4.373256e-01
8.270932e-01 4.173093e-01
7.238175e-01 4.094583e-01
7.197349e-01 4.045890e-01
8.136711e-01 3.906936e-01
5.725711e-01 3.671189e-01
7.129491e-01 3.496735e-01
5.721135e-01 3.351529e-01
5.179136e-01 3.313213e-01
5.848060e-01 3.006507e-01
5.273818e-01 2.837025e-01
4.200678e-01 2.729233e-01
3.724973e-01 2.611938e-01
3.852103e-01 2.476538e-01
3.724095e-01 2.342614e-01
3.228794e-01 2.266053e-01
2.905115e-01 2.198582e-01
2.880758e-01 2.055378e-01
2.825570e-01 1.954264e-01
2.364747e-01 1.948996e-01
2.218294e-01 1.916010e-01
2.341830e-01 1.881141e-01
2.315518e-01 1.854073e-01
2.206811e-01 1.812754e-01
2.149274e-01 1.763637e-01
2.129987e-01 1.728735e-01
2.056716e-01 1.654265e-01
2.041584e-01 1.639564e-01
1.985047e-01 1.621130e-01
1.895268e-01 1.573488e-01
1.808614e-01 1.573186e-01
1.818433e-01 1.559380e-01
1.832171e-01 1.554206e-01
1.827964e-01 1.553429e-01
1.793363e-01 1.538597e-01
1.708034e-01 1.519845e-01
1.638242e-01 1.511165e-01
1.639056e-01 1.498656e-01
1.613727e-01 1.491438e-01
1.582501e-01 1.477439e-01
1.579276e-01 1.469914e-01
1.564248e-01 1.463613e-01
1.605580e-01 1.458166e-01
1.589333e-01 1.455870e-01
1.549447e-01 1.451200e-01
1.564181e-01 1.448083e-01
1.558746e-01 1.442240e-01
1.545157e-01 1.437790e-01
1.551513e-01 1.424533e-01
1.550144e-01 1.421252e-01
1.516433e-01 1.419562e-01
1.514301e-01 1.417139e-01
1.520898e-01 1.411284e-01
1.550482e-01 1.408963e-01
1.509649e-01 1.406258e-01
1.527510e-01 1.405690e-01
1.502015e-01 1.399333e-01
1.495339e-01 1.397332e-01
1.472086e-01 1.397332e-01
1.499373e-01 1.395834e-01
1.470677e-01 1.393477e-01
1.457758e-01 1.393477e-01
1.471499e-01 1.392654e-01
1.452428e-01 1.391324e-01
1.449867e-01 1.388109e-01
1.428634e-01 1.388089e-01
1.107517e+01 7.664829e+00
7.013475e+00 4.432251e+00
6.648873e+00 4.413952e+00
6.405065e+00 4.413952e+00
6.396769e+00 4.322350e+00
6.406792e+00 4.322350e+00
6.199388e+00 4.265372e+00
6.193726e+00 4.265372e+00
6.013964e+00 4.170433e+00
5.174644e+00 3.045360e+00
4.519256e+00 2.528485e+00
4.116963e+00 2.258505e+00
4.044985e+00 2.016339e+00
3.790007e+00 1.861203e+00
3.772477e+00 1.833112e+00
3.555092e+00 1.752182e+00
3.392385e+00 1.587373e+00
3.753811e+00 1.587373e+00
4.064014e+00 1.372995e+00
3.324270e+00 1.372995e+00
3.543728e+00 1.256424e+00
3.480956e+00 1.236861e+00
3.377668e+00 1.236861e+00
2.617325e+00 1.236861e+00
2.931866e+00 1.208608e+00
3.390800e+00 1.201248e+00
3.222964e+00 1.132806e+00
2.981826e+00 1.040859e+00
2.951894e+00 1.032751e+00
2.206992e+00 1.020447e+00
2.599862e+00 9.745559e-01
2.360930e+00 9.380913e-01
1.853669e+00 8.736843e-01
2.548393e+00 8.253711e-01
2.238571e+00 7.527310e-01
2.360131e+00 6.481624e-01
1.695132e+00 5.653915e-01
1.497031e+00 5.161035e-01
1.085842e+00 5.035577e-01
1.299029e+00 4.624574e-01
1.580910e+00 4.216214e-01
1.447910e+00 3.920228e-01
1.175507e+00 3.815685e-01
1.261536e+00 3.594384e-01
1.078645e+00 3.516495e-01
5.943223e-01 3.462813e-01
5.384931e-01 3.343732e-01
6.096887e-01 3.102808e-01
5.145325e-01 2.972722e-01
5.023861e-01 2.867553e-01
4.648233e-01 2.778369e-01
4.369009e-01 2.626768e-01
4.673723e-01 2.547604e-01
4.214849e-01 2.464227e-01
3.719846e-01 2.385713e-01
4.341257e-01 2.315451e-01
3.648430e-01 2.304954e-01
4.239198e-01 2.277426e-01
3.240878e-01 2.203093e-01
3.203508e-01 2.196153e-01
3.005887e-01 2.159645e-01
3.351469e-01 2.081203e-01
2.965284e-01 2.048873e-01
2.859205e-01 1.997206e-01
2.683377e-01 1.981369e-01
2.627832e-01 1.976621e-01
2.633979e-01 1.955943e-01
2.540368e-01 1.903419e-01
2.663800e-01 1.865244e-01
2.461768e-01 1.738901e-01
2.463705e-01 1.688190e-01
2.412448e-01 1.665895e-01
2.161002e-01 1.653499e-01
2.274228e-01 1.603139e-01
2.036945e-01 1.583515e-01
1.916801e-01 1.567373e-01
1.800124e-01 1.560482e-01
1.922897e-01 1.557509e-01
1.847326e-01 1.527077e-01
1.819574e-01 1.514542e-01
1.737879e-01 1.496307e-01
1.635494e-01 1.468184e-01
1.636999e-01 1.457879e-01
1.589202e-01 1.439580e-01
1.573571e-01 1.433162e-01
1.576821e-01 1.412850e-01
1.530351e-01 1.402121e-01
1.524391e-01 1.378746e-01
1.510934e-01 1.372985e-01
1.540540e-01 1.363039e-01
1.502140e-01 1.357035e-01
1.507343e-01 1.346733e-01
1.473409e-01 1.335576e-01
1.439867e-01 1.331751e-01
1.451802e-01 1.320283e-01
1.396768e-01 1.316064e-01
1.413208e-01 1.311391e-01
1.389771e-01 1.304941e-01
1.397771e-01 1.294669e-01
1.386103e-01 1.287677e-01
1.372632e-01 1.279244e-01
1.106661e+01 7.589019e+00
6.829426e+00 5.145051e+00
6.604478e+00 4.522165e+00
5.392299e+00 3.674923e+00
4.820276e+00 2.818848e+00
4.463137e+00 2.367093e+00
4.362431e+00 2.095746e+00
4.029852e+00 1.966530e+00
3.698414e+00 1.861647e+00
3.397415e+00 1.837166e+00
3.941002e+00 1.783827e+00
3.496056e+00 1.676368e+00
4.054907e+00 1.546294e+00
3.115625e+00 1.546294e+00
3.179780e+00 1.484288e+00
3.360443e+00 1.383962e+00
3.273683e+00 1.318942e+00
3.181376e+00 1.318942e+00
2.813242e+00 1.281230e+00
2.934021e+00 1.164655e+00
3.186594e+00 1.103677e+00
3.117990e+00 1.103677e+00
3.231358e+00 1.034635e+00
2.671449e+00 1.034635e+00
3.263897e+00 8.663948e-01
2.970799e+00 8.363358e-01
2.322187e+00 8.363358e-01
2.518035e+00 8.363358e-01
2.603778e+00 8.358949e-01
3.268361e+00 7.847516e-01
2.668318e+00 7.678084e-01
2.473292e+00 7.416279e-01
2.180782e+00 7.416279e-01
2.584507e+00 7.277963e-01
1.605725e+00 7.258722e-01
2.232900e+00 6.521309e-01
2.672607e+00 6.521309e-01
2.804272e+00 5.740458e-01
2.157093e+00 5.291292e-01
2.588209e+00 5.178404e-01
1.817307e+00 4.660168e-01
1.737436e+00 4.484805e-01
9.103619e-01 4.395667e-01
1.564773e+00 4.083848e-01
2.013292e+00 3.945422e-01
1.932488e+00 3.847949e-01
1.492867e+00 3.736041e-01
1.514380e+00 3.670249e-01
1.225997e+00 3.482484e-01
1.242656e+00 3.258075e-01
9.470368e-01 3.230796e-01
8.550255e-01 3.084452e-01
7.621387e-01 2.939437e-01
5.603390e-01 2.898619e-01
4.700638e-01 2.774084e-01
5.305181e-01 2.628911e-01
5.095616e-01 2.490653e-01
4.149563e-01 2.422699e-01
4.385253e-01 2.368782e-01
4.775194e-01 2.174624e-01
4.254425e-01 2.061467e-01
3.817579e-01 1.922724e-01
3.262238e-01 1.753943e-01
3.759313e-01 1.730029e-01
3.115830e-01 1.663832e-01
3.104845e-01 1.611402e-01
2.644390e-01 1.552791e-01
2.760989e-01 1.505079e-01
2.667762e-01 1.363985e-01
2.784518e-01 1.320644e-01
2.059668e-01 1.314644e-01
2.190704e-01 1.289925e-01
2.100658e-01 1.246899e-01
1.840199e-01 1.215111e-01
1.825520e-01 1.171738e-01
1.926470e-01 1.149961e-01
1.626537e-01 1.092202e-01
1.740152e-01 1.077095e-01
1.567135e-01 1.054398e-01
1.458669e-01 9.966369e-02
1.460588e-01 9.573122e-02
1.350319e-01 9.337735e-02
1.355250e-01 8.772660e-02
1.231638e-01 8.573925e-02
1.219490e-01 8.444777e-02
1.101816e-01 8.332025e-02
1.135015e-01 8.279723e-02
1.064055e-01 8.203374e-02
1.038634e-01 8.194519e-02
9.746253e-02 8.043809e-02
9.339130e-02 7.963571e-02
9.341168e-02 7.784759e-02
8.849434e-02 7.573216e-02
8.746969e-02 7.542320e-02
8.898707e-02 7.355620e-02
8.608737e-02 7.318752e-02
8.590573e-02 7.081853e-02
8.458677e-02 7.062166e-02
7.989604e-02 7.044287e-02
7.989364e-02 6.960917e-02
8.259226e-02 6.867128e-02
1.092933e+01 7.307056e+00
6.843240e+00 4.872415e+00
6.880792e+00 4.685507e+00
5.610653e+00 3.999061e+00
4.495615e+00 2.473163e+00
4.552837e+00 1.984847e+00
3.883895e+00 1.954070e+00
4.054008e+00 1.852914e+00
3.814146e+00 1.852914e+00
3.776300e+00 1.688891e+00
3.602161e+00 1.616556e+00
3.693514e+00 1.534826e+00
3.322743e+00 1.413262e+00
3.057609e+00 1.245307e+00
3.709767e+00 1.188145e+00
3.113942e+00 1.175207e+00
2.856195e+00 1.073768e+00
2.498033e+00 9.919765e-01
3.004763e+00 9.245942e-01
2.267252e+00 9.181358e-01
2.353108e+00 9.093831e-01
2.598945e+00 8.372090e-01
2.575546e+00 7.977995e-01
2.134025e+00 7.493248e-01
2.248894e+00 7.090667e-01
1.965427e+00 6.721628e-01
1.771759e+00 6.284378e-01
2.431807e+00 5.717769e-01
1.855006e+00 5.315856e-01
1.841696e+00 4.940257e-01
1.627203e+00 4.624275e-01
1.538817e+00 4.470702e-01
1.479027e+00 4.161568e-01
1.290147e+00 3.803028e-01
1.085269e+00 3.575208e-01
1.331746e+00 3.487314e-01
7.781987e-01 3.329655e-01
8.041401e-01 3.176270e-01
7.874238e-01 3.017821e-01
7.355262e-01 2.916152e-01
6.236543e-01 2.707985e-01
6.111921e-01 2.586122e-01
4.477201e-01 2.411793e-01
5.289181e-01 2.381144e-01
4.966582e-01 2.317825e-01
4.324335e-01 2.199621e-01
3.704887e-01 2.099037e-01
3.356601e-01 1.991606e-01
3.712834e-01 1.952790e-01
2.834820e-01 1.930149e-01
3.434576e-01 1.885570e-01
2.764270e-01 1.846492e-01
2.813593e-01 1.822008e-01
2.747445e-01 1.770419e-01
3.069487e-01 1.688146e-01
2.802938e-01 1.612869e-01
2.450674e-01 1.549498e-01
2.700265e-01 1.530854e-01
2.531568e-01 1.518537e-01
2.303842e-01 1.439568e-01
2.197230e-01 1.322976e-01
2.194115e-01 1.292989e-01
2.084748e-01 1.259068e-01
1.855910e-01 1.240381e-01
1.734050e-01 1.220481e-01
1.683312e-01 1.196327e-01
1.875575e-01 1.178361e-01
1.589382e-01 1.135277e-01
1.557957e-01 1.106057e-01
1.501333e-01 1.078474e-01
1.406100e-01 1.055333e-01
1.304072e-01 1.043091e-01
1.274029e-01 1.035684e-01
1.232159e-01 1.001531e-01
1.186125e-01 9.854143e-02
1.154319e-01 9.848938e-02
1.124372e-01 9.820366e-02
1.132977e-01 9.655274e-02
1.085704e-01 9.650004e-02
1.143392e-01 9.532851e-02
1.095127e-01 9.376969e-02
1.091820e-01 9.313642e-02
1.069024e-01 9.218160e-02
1.055633e-01 9.040772e-02
1.054213e-01 8.949223e-02
1.021210e-01 8.905255e-02
9.933090e-02 8.903771e-02
9.779261e-02 8.830655e-02
9.794616e-02 8.692876e-02
9.619489e-02 8.613783e-02
9.520470e-02 8.536185e-02
9.209953e-02 8.475184e-02
9.292603e-02 8.417438e-02
9.295740e-02 8.366746e-02
9.041773e-02 8.299058e-02
9.116623e-02 8.278702e-02
8.763430e-02 8.241933e-02
9.087119e-02 8.187532e-02
8.817653e-02 8.133906e-02
8.696959e-02 8.087505e-02
8.717294e-02 8.061661e-02
1.085965e+01 6.352435e+00
6.897387e+00 4.977331e+00
6.697460e+00 4.977331e+00
5.147507e+00 3.591689e+00
4.602876e+00 2.426311e+00
4.120193e+00 2.219282e+00
4.560099e+00 2.096642e+00
3.920183e+00 1.955414e+00
4.089887e+00 1.803958e+00
4.060592e+00 1.711420e+00
3.939855e+00 1.701840e+00
3.942587e+00 1.608298e+00
3.636358e+00 1.452818e+00
3.696304e+00 1.329388e+00
3.028745e+00 1.329388e+00
2.963665e+00 1.323051e+00
3.147215e+00 1.259658e+00
3.179753e+00 1.198701e+00
2.951815e+00 1.185070e+00
3.040984e+00 1.120677e+00
2.699319e+00 1.064468e+00
2.163327e+00 1.064468e+00
2.242940e+00 1.031974e+00
2.500969e+00 9.259703e-01
1.976682e+00 8.389136e-01
3.375047e+00 8.255358e-01
2.644456e+00 7.133759e-01
1.899293e+00 6.772638e-01
2.030653e+00 5.613496e-01
1.282714e+00 5.613496e-01
1.412763e+00 5.155618e-01
1.826171e+00 4.539477e-01
1.588657e+00 4.338794e-01
8.817810e-01 4.269351e-01
1.677277e+00 3.741283e-01
1.761895e+00 3.528845e-01
8.938664e-01 3.329748e-01
8.090727e-01 3.153297e-01
7.789957e-01 3.017242e-01
8.600701e-01 2.860229e-01
7.519662e-01 2.730718e-01
6.434143e-01 2.619193e-01
7.784983e-01 2.515153e-01
5.680245e-01 2.398993e-01
6.022548e-01 2.273856e-01
3.953116e-01 2.229626e-01
4.375199e-01 2.149762e-01
4.692551e-01 2.005544e-01
4.705977e-01 1.855563e-01
4.066219e-01 1.830453e-01
3.124939e-01 1.709038e-01
3.470422e-01 1.652197e-01
2.876801e-01 1.627778e-01
3.064134e-01 1.535974e-01
2.602044e-01 1.499034e-01
2.212638e-01 1.425006e-01
2.435149e-01 1.398180e-01
2.212923e-01 1.365090e-01
2.006694e-01 1.329794e-01
1.956965e-01 1.317822e-01
1.801455e-01 1.298119e-01
1.795028e-01 1.265052e-01
2.041820e-01 1.245853e-01
1.762060e-01 1.225161e-01
1.750655e-01 1.193197e-01
1.599267e-01 1.168398e-01
1.798375e-01 1.134628e-01
1.668360e-01 1.132297e-01
1.460545e-01 1.100703e-01
1.588597e-01 1.090308e-01
1.420605e-01 1.084916e-01
1.520350e-01 1.070037e-01
1.235812e-01 1.058465e-01
1.230913e-01 1.054962e-01
1.205813e-01 1.040086e-01
1.165839e-01 1.031116e-01
1.190383e-01 1.015879e-01
1.185528e-01 1.006376e-01
1.152909e-01 9.901139e-02
1.118018e-01 9.798245e-02
1.139168e-01 9.659119e-02
1.088597e-01 9.585125e-02
1.088750e-01 9.347884e-02
1.087000e-01 9.312222e-02
1.046778e-01 9.283551e-02
1.001475e-01 9.196251e-02
1.005323e-01 9.136894e-02
9.919801e-02 8.995585e-02
9.578581e-02 8.934471e-02
9.818255e-02 8.855214e-02
9.556248e-02 8.793332e-02
9.516428e-02 8.731362e-02
9.555353e-02 8.702717e-02
9.384590e-02 8.667091e-02
9.361388e-02 8.641991e-02
9.172061e-02 8.605471e-02
9.169026e-02 8.577042e-02
9.232513e-02 8.517134e-02
9.059206e-02 8.483042e-02
8.979753e-02 8.455517e-02
8.994522e-02 8.418528e-02
1.117109e+01 7.288547e+00
6.817435e+00 4.903644e+00
6.842309e+00 4.903644e+00
4.915254e+00 2.916687e+00
4.258750e+00 2.166615e+00
4.255090e+00 2.080484e+00
4.252213e+00 2.066482e+00
3.867480e+00 1.805253e+00
3.880642e+00 1.746025e+00
4.055484e+00 1.675655e+00
3.683247e+00 1.540434e+00
3.717463e+00 1.540434e+00
3.343722e+00 1.355957e+00
3.389222e+00 1.355957e+00
3.109099e+00 1.355957e+00
3.261159e+00 1.187967e+00
3.125947e+00 1.187967e+00
3.223893e+00 1.155246e+00
2.969550e+00 1.155246e+00
2.884138e+00 1.152905e+00
3.429957e+00 9.673048e-01
2.796695e+00 9.673048e-01
2.541620e+00 9.180427e-01
2.974972e+00 8.844752e-01
2.970993e+00 7.988896e-01
2.711048e+00 7.806792e-01
2.367830e+00 7.169856e-01
2.088499e+00 7.069178e-01
2.100358e+00 6.063752e-01
3.525272e+00 5.908521e-01
1.884147e+00 5.518051e-01
2.035862e+00 5.498255e-01
1.453520e+00 5.291764e-01
1.156888e+00 4.861758e-01
1.597576e+00 4.721762e-01
1.680135e+00 4.477722e-01
1.390015e+00 4.206361e-01
1.178214e+00 4.003847e-01
1.227477e+00 3.890399e-01
1.240823e+00 3.560939e-01
1.076865e+00 3.529635e-01
9.312851e-01 3.295909e-01
7.920622e-01 3.196857e-01
8.667960e-01 3.049260e-01
7.929424e-01 2.949700e-01
6.959610e-01 2.868207e-01
7.509790e-01 2.770919e-01
6.754039e-01 2.725507e-01
5.013804e-01 2.645819e-01
6.097311e-01 2.404656e-01
3.775010e-01 2.401103e-01
6.772750e-01 2.360097e-01
5.799858e-01 2.309333e-01
5.780201e-01 2.212834e-01
4.882860e-01 2.197999e-01
5.745463e-01 2.155175e-01
5.055624e-01 2.064438e-01
4.646895e-01 1.958879e-01
4.132708e-01 1.899828e-01
5.222556e-01 1.863406e-01
4.084630e-01 1.834460e-01
3.573315e-01 1.800016e-01
2.885478e-01 1.728501e-01
3.137290e-01 1.719456e-01
3.302675e-01 1.693343e-01
3.012158e-01 1.615755e-01
2.807997e-01 1.560550e-01
2.491872e-01 1.507087e-01
2.477707e-01 1.493468e-01
2.644284e-01 1.365396e-01
2.361647e-01 1.336215e-01
1.988769e-01 1.308402e-01
1.822134e-01 1.260548e-01
1.785858e-01 1.229204e-01
1.688114e-01 1.205529e-01
1.684602e-01 1.165271e-01
1.513310e-01 1.108335e-01
1.482904e-01 1.083993e-01
1.458402e-01 1.043526e-01
1.481663e-01 1.032092e-01
1.290098e-01 1.007914e-01
1.246919e-01 9.846247e-02
1.186662e-01 9.385352e-02
1.218630e-01 9.185809e-02
1.120539e-01 9.081288e-02
1.056530e-01 9.069116e-02
1.085943e-01 8.753533e-02
1.045496e-01 8.641572e-02
1.001709e-01 8.495387e-02
9.665547e-02 8.362542e-02
9.640693e-02 8.293333e-02
9.212173e-02 8.218678e-02
8.940255e-02 8.052686e-02
8.809639e-02 7.993314e-02
8.857514e-02 7.777540e-02
9.136666e-02 7.728081e-02
8.664060e-02 7.699583e-02
8.678012e-02 7.660482e-02
8.280056e-02 7.621417e-02
8.259662e-02 7.603074e-02
8.179326e-02 7.575333e-02
1.064908e+01 6.956796e+00
7.017161e+00 5.379181e+00
6.362173e+00 4.663389e+00
4.675080e+00 3.180459e+00
4.436457e+00 2.481981e+00
4.205003e+00 2.009968e+00
3.948392e+00 1.793105e+00
4.108009e+00 1.793105e+00
3.776977e+00 1.739613e+00
3.705562e+00 1.739613e+00
3.309572e+00 1.544551e+00
3.812767e+00 1.538585e+00
3.511389e+00 1.406577e+00
3.650538e+00 1.394982e+00
3.411921e+00 1.311676e+00
3.200918e+00 1.311676e+00
3.272561e+00 1.311676e+00
3.302256e+00 1.220752e+00
3.513443e+00 1.191202e+00
3.501599e+00 1.002293e+00
2.986052e+00 9.385004e-01
2.926678e+00 9.150778e-01
3.932383e+00 9.079903e-01
2.659644e+00 8.713279e-01
3.047607e+00 8.352586e-01
2.660441e+00 7.993031e-01
2.272545e+00 7.605859e-01
2.111136e+00 6.249887e-01
2.196666e+00 6.031934e-01
1.881297e+00 5.572450e-01
1.714265e+00 5.058833e-01
2.139049e+00 4.487800e-01
1.944153e+00 4.030814e-01
1.747105e+00 3.623780e-01
1.316070e+00 3.539136e-01
9.165959e-01 3.356181e-01
1.503099e+00 3.283324e-01
1.436614e+00 2.840594e-01
8.370679e-01 2.623824e-01
8.400098e-01 2.476580e-01
9.777897e-01 2.370392e-01
6.191499e-01 2.245325e-01
5.059231e-01 2.191533e-01
5.001639e-01 2.011728e-01
5.037974e-01 1.929487e-01
4.446153e-01 1.859435e-01
3.968212e-01 1.734777e-01
4.282939e-01 1.663294e-01
4.410541e-01 1.638017e-01
3.774219e-01 1.579160e-01
5.231310e-01 1.529828e-01
4.241189e-01 1.458452e-01
4.095470e-01 1.418297e-01
3.101662e-01 1.347693e-01
2.909283e-01 1.296408e-01
2.621276e-01 1.283907e-01
2.413268e-01 1.252950e-01
2.120158e-01 1.221297e-01
1.977497e-01 1.187549e-01
2.209210e-01 1.090547e-01
1.707724e-01 1.079188e-01
1.494393e-01 1.036401e-01
1.777779e-01 1.026584e-01
1.727235e-01 9.715023e-02
1.525145e-01 9.207184e-02
1.349749e-01 8.968384e-02
1.383536e-01 8.737351e-02
1.355279e-01 8.615637e-02
1.194407e-01 8.442456e-02
1.210194e-01 8.393427e-02
1.160679e-01 8.171703e-02
1.162577e-01 8.026638e-02
1.137167e-01 7.820487e-02
1.100274e-01 7.394101e-02
1.066106e-01 7.245376e-02
1.038259e-01 6.979627e-02
9.273391e-02 6.946212e-02
9.188848e-02 6.891200e-02
9.055299e-02 6.792030e-02
8.993868e-02 6.577391e-02
8.698948e-02 6.454261e-02
8.969812e-02 6.300979e-02
7.946374e-02 6.113423e-02
7.654795e-02 5.962948e-02
7.792353e-02 5.800607e-02
7.282687e-02 5.640817e-02
6.622364e-02 5.501043e-02
7.158300e-02 5.471416e-02
6.495519e-02 5.411122e-02
6.217362e-02 5.363030e-02
6.342408e-02 5.336463e-02
5.780758e-02 5.335654e-02
5.863694e-02 5.281059e-02
5.745095e-02 5.210223e-02
5.640407e-02 5.156820e-02
5.566768e-02 5.125982e-02
5.629870e-02 5.108097e-02
5.568643e-02 5.082941e-02
5.413360e-02 5.069148e-02
5.506741e-02 5.037630e-02
5.432060e-02 5.024428e-02
1.085677e+01 7.467228e+00
6.902716e+00 5.195123e+00
6.616592e+00 4.421408e+00
6.679962e+00 4.421408e+00
5.736842e+00 3.578314e+00
4.632637e+00 2.384651e+00
4.491610e+00 2.384651e+00
3.983216e+00 2.275676e+00
4.075857e+00 1.962992e+00
4.019088e+00 1.832083e+00
3.943732e+00 1.690658e+00
3.390083e+00 1.663720e+00
3.553274e+00 1.605804e+00
3.448331e+00 1.541374e+00
3.410908e+00 1.541374e+00
2.879170e+00 1.470844e+00
2.599158e+00 1.470844e+00
3.005018e+00 1.424119e+00
3.369745e+00 1.262320e+00
3.347203e+00 1.191457e+00
3.148904e+00 1.186625e+00
3.721405e+00 1.186625e+00
2.951173e+00 1.179819e+00
3.213564e+00 1.103021e+00
2.549073e+00 1.066883e+00
2.827427e+00 1.020028e+00
3.104973e+00 1.020028e+00
2.587479e+00 9.535041e-01
3.045513e+00 9.528748e-01
1.641527e+00 8.125090e-01
2.211023e+00 8.107198e-01
2.984603e+00 7.817912e-01
2.842074e+00 7.028814e-01
2.521703e+00 6.637662e-01
2.025549e+00 5.859284e-01
1.172076e+00 5.859284e-01
2.062466e+00 5.451577e-01
2.144475e+00 4.957256e-01
1.668703e+00 4.147474e-01
1.662857e+00 3.778245e-01
1.834960e+00 3.471712e-01
1.552881e+00 3.422798e-01
1.772746e+00 2.986517e-01
1.429541e+00 2.607495e-01
6.696881e-01 2.406274e-01
6.458315e-01 2.312037e-01
6.067581e-01 2.200346e-01
6.158187e-01 1.985652e-01
5.818878e-01 1.863717e-01
4.771199e-01 1.767595e-01
4.554886e-01 1.678718e-01
4.553762e-01 1.634279e-01
2.690897e-01 1.592055e-01
2.660600e-01 1.580645e-01
2.962721e-01 1.521082e-01
2.703538e-01 1.499597e-01
2.482844e-01 1.483983e-01
2.373998e-01 1.435980e-01
2.255021e-01 1.402914e-01
2.238763e-01 1.349179e-01
2.121835e-01 1.270176e-01
1.945655e-01 1.229756e-01
1.933293e-01 1.225402e-01
1.594183e-01 1.180738e-01
1.733398e-01 1.171479e-01
1.645573e-01 1.125704e-01
1.723156e-01 1.059383e-01
1.618865e-01 1.057626e-01
1.635289e-01 1.023643e-01
1.372535e-01 9.990845e-02
1.450319e-01 9.824907e-02
1.301224e-01 9.760264e-02
1.268530e-01 9.638339e-02
1.326073e-01 9.527879e-02
1.268762e-01 9.373568e-02
1.273629e-01 9.053098e-02
1.214049e-01 8.991272e-02
1.198994e-01 8.411310e-02
1.092852e-01 8.332686e-02
1.064708e-01 8.219659e-02
1.056307e-01 8.115932e-02
1.093743e-01 8.055502e-02
1.015691e-01 7.921467e-02
9.836487e-02 7.755927e-02
9.009211e-02 7.754548e-02
9.597919e-02 7.707354e-02
8.585128e-02 7.656339e-02
9.055269e-02 7.597108e-02
9.141554e-02 7.552227e-02
8.947823e-02 7.390417e-02
8.925200e-02 7.315577e-02
8.184755e-02 7.275011e-02
8.369291e-02 7.192036e-02
8.127406e-02 7.187766e-02
7.995831e-02 7.089383e-02
7.919701e-02 7.072676e-02
7.642109e-02 6.978312e-02
7.610025e-02 6.887719e-02
7.457651e-02 6.859399e-02
7.395366e-02 6.760242e-02
7.368364e-02 6.742977e-02
1.102404e+01 7.246401e+00
6.863620e+00 4.767485e+00
5.544751e+00 3.257638e+00
4.522127e+00 2.496603e+00
4.782148e+00 2.035785e+00
4.211168e+00 1.959507e+00
3.858282e+00 1.720543e+00
4.038812e+00 1.647039e+00
3.271978e+00 1.647039e+00
4.039444e+00 1.488458e+00
3.335885e+00 1.488458e+00
3.156096e+00 1.488458e+00
3.504839e+00 1.444356e+00
3.238044e+00 1.268181e+00
2.429095e+00 1.268181e+00
3.225462e+00 1.148510e+00
2.685843e+00 1.099428e+00
2.828533e+00 1.000108e+00
2.372150e+00 1.000108e+00
2.536544e+00 9.943065e-01
2.848942e+00 9.009962e-01
2.430337e+00 8.621858e-01
1.772564e+00 8.543093e-01
2.063381e+00 8.407168e-01
1.987544e+00 6.737653e-01
1.893645e+00 6.732863e-01
1.625620e+00 6.076954e-01
1.957492e+00 5.775037e-01
2.270814e+00 5.358708e-01
1.472852e+00 4.948929e-01
1.897465e+00 4.720892e-01
1.711530e+00 4.306304e-01
1.131793e+00 3.966465e-01
1.200275e+00 3.799436e-01
1.411140e+00 3.604684e-01
1.228701e+00 3.270739e-01
9.552164e-01 3.126666e-01
9.323881e-01 2.995271e-01
6.415927e-01 2.874662e-01
6.865593e-01 2.671478e-01
4.548966e-01 2.565474e-01
4.274296e-01 2.493295e-01
4.480111e-01 2.411627e-01
5.104667e-01 2.360383e-01
4.163767e-01 2.325550e-01
3.675708e-01 2.189002e-01
3.030967e-01 2.142742e-01
3.205579e-01 2.093839e-01
2.742340e-01 2.074824e-01
2.869606e-01 1.972478e-01
2.931820e-01 1.855012e-01
2.367419e-01 1.807306e-01
2.396080e-01 1.747632e-01
2.352329e-01 1.653137e-01
2.165287e-01 1.589838e-01
2.077368e-01 1.527826e-01
1.964275e-01 1.481575e-01
1.918971e-01 1.451330e-01
1.813581e-01 1.433428e-01
1.804909e-01 1.405044e-01
1.823394e-01 1.370874e-01
1.730221e-01 1.360334e-01
1.731722e-01 1.340944e-01
1.621010e-01 1.315389e-01
1.682613e-01 1.284072e-01
1.540793e-01 1.270062e-01
1.559740e-01 1.252845e-01
1.482959e-01 1.246259e-01
1.464172e-01 1.236373e-01
1.404866e-01 1.233820e-01
1.419536e-01 1.215134e-01
1.353163e-01 1.199165e-01
1.284863e-01 1.180558e-01
1.295510e-01 1.171870e-01
1.250438e-01 1.158933e-01
1.236481e-01 1.152960e-01
1.243177e-01 1.141185e-01
1.212136e-01 1.133917e-01
1.205798e-01 1.126791e-01
1.195197e-01 1.122440e-01
1.188003e-01 1.118988e-01
1.154748e-01 1.115273e-01
1.170362e-01 1.113787e-01
1.163677e-01 1.105038e-01
1.151185e-01 1.100853e-01
1.155158e-01 1.098157e-01
1.145407e-01 1.096372e-01
1.147275e-01 1.094493e-01
1.126635e-01 1.091920e-01
1.124770e-01 1.088772e-01
1.123623e-01 1.086087e-01
1.121597e-01 1.083925e-01
1.118943e-01 1.081915e-01
1.116586e-01 1.081540e-01
1.112142e-01 1.081046e-01
1.112089e-01 1.080507e-01
1.100672e-01 1.080250e-01
1.105692e-01 1.078639e-01
1.095130e-01 1.077606e-01
1.092266e-01 1.077242e-01
1.090430e-01 1.076300e-01
