9.429193e+09 5.789773e+08
1.083378e+03 6.713370e+02
1.120360e+02 9.900700e+01
1.013120e+02 8.987081e+01
9.574832e+01 8.626847e+01
9.457056e+01 8.349411e+01
9.173571e+01 8.244346e+01
8.871418e+01 7.885166e+01
8.802064e+01 7.491552e+01
8.454213e+01 7.491552e+01
8.485409e+01 7.221768e+01
8.154274e+01 7.221768e+01
7.887923e+01 7.037534e+01
7.530002e+01 6.313808e+01
6.680133e+01 5.691115e+01
2.398463e+01 2.350518e+01
1.708929e+01 1.704766e+01
1.581511e+01 1.580441e+01
1.542382e+01 1.541992e+01
1.516372e+01 1.515819e+01
1.498574e+01 1.498302e+01
1.487193e+01 1.487075e+01
1.481515e+01 1.481461e+01
1.478647e+01 1.478593e+01
1.475347e+01 1.475310e+01
1.472732e+01 1.472701e+01
1.470786e+01 1.470736e+01
1.468963e+01 1.468959e+01
1.467202e+01 1.467174e+01
1.465790e+01 1.465785e+01
1.464708e+01 1.464686e+01
1.463899e+01 1.463897e+01
1.463361e+01 1.463347e+01
1.462625e+01 1.462620e+01
1.461762e+01 1.461736e+01
1.461100e+01 1.461085e+01
1.460506e+01 1.460494e+01
1.460160e+01 1.460158e+01
1.459953e+01 1.459948e+01
1.459534e+01 1.459526e+01
1.459217e+01 1.459210e+01
1.458898e+01 1.458890e+01
1.458731e+01 1.458729e+01
1.458597e+01 1.458592e+01
1.458456e+01 1.458453e+01
1.458319e+01 1.458314e+01
1.458195e+01 1.458193e+01
1.458084e+01 1.458083e+01
1.457982e+01 1.457980e+01
1.457821e+01 1.457820e+01
1.457686e+01 1.457686e+01
1.457546e+01 1.457543e+01
1.457412e+01 1.457411e+01
1.457325e+01 1.457323e+01
1.457229e+01 1.457227e+01
1.457116e+01 1.457114e+01
1.456974e+01 1.456972e+01
1.456816e+01 1.456811e+01
1.456683e+01 1.456682e+01
1.456568e+01 1.456566e+01
1.456441e+01 1.456439e+01
1.456349e+01 1.456347e+01
1.456264e+01 1.456262e+01
1.456175e+01 1.456173e+01
1.456115e+01 1.456114e+01
1.456055e+01 1.456053e+01
1.456007e+01 1.456006e+01
1.455968e+01 1.455967e+01
1.455922e+01 1.455921e+01
1.455873e+01 1.455872e+01
1.455809e+01 1.455808e+01
1.455737e+01 1.455736e+01
1.455624e+01 1.455621e+01
1.455539e+01 1.455537e+01
1.455467e+01 1.455465e+01
1.455417e+01 1.455416e+01
1.455374e+01 1.455374e+01
1.455315e+01 1.455314e+01
1.455239e+01 1.455238e+01
1.455194e+01 1.455194e+01
1.455143e+01 1.455142e+01
1.455088e+01 1.455087e+01
1.455051e+01 1.455050e+01
1.455014e+01 1.455014e+01
1.454977e+01 1.454976e+01
1.454925e+01 1.454924e+01
1.454873e+01 1.454872e+01
1.454806e+01 1.454804e+01
1.454753e+01 1.454752e+01
1.454692e+01 1.454691e+01
1.454618e+01 1.454616e+01
1.454536e+01 1.454534e+01
1.454477e+01 1.454476e+01
1.454399e+01 1.454399e+01
1.454349e+01 1.454348e+01
1.454305e+01 1.454304e+01
1.454269e+01 1.454269e+01
1.454216e+01 1.454216e+01
1.454171e+01 1.454169e+01
1.454111e+01 1.454110e+01
1.454051e+01 1.454049e+01
7.476866e+09 6.230648e+08
8.113266e+02 5.324463e+02
1.094571e+02 9.942022e+01
1.016727e+02 9.094790e+01
9.774661e+01 8.994764e+01
9.497604e+01 8.565798e+01
9.507889e+01 8.368131e+01
9.099428e+01 7.854919e+01
8.887327e+01 7.826147e+01
8.727396e+01 7.555788e+01
8.418740e+01 7.238774e+01
8.336651e+01 7.215470e+01
7.729800e+01 6.523325e+01
7.337649e+01 5.860960e+01
7.385303e+01 5.377359e+01
7.323338e+01 5.177675e+01
7.208676e+01 5.102243e+01
6.903342e+01 4.900325e+01
7.107255e+01 4.747860e+01
6.801248e+01 4.612406e+01
6.670432e+01 4.472676e+01
6.409218e+01 4.455732e+01
6.474753e+01 4.256326e+01
6.298354e+01 4.000599e+01
6.400580e+01 3.961573e+01
6.707284e+01 3.952189e+01
6.551168e+01 3.939585e+01
6.320444e+01 3.793693e+01
6.131827e+01 3.746700e+01
6.039129e+01 3.618642e+01
6.096171e+01 3.613632e+01
6.139472e+01 3.577849e+01
5.929258e+01 3.524326e+01
6.086004e+01 3.468208e+01
5.749076e+01 3.447602e+01
5.236092e+01 3.447396e+01
4.789385e+01 3.363557e+01
4.974269e+01 3.275681e+01
5.175879e+01 3.197312e+01
4.504615e+01 3.117122e+01
4.254192e+01 3.082065e+01
4.809284e+01 2.979094e+01
4.222013e+01 2.924551e+01
3.559067e+01 2.845031e+01
3.521676e+01 2.794475e+01
3.111799e+01 2.706145e+01
3.005567e+01 2.601854e+01
2.973373e+01 2.513765e+01
2.817343e+01 2.456081e+01
2.623632e+01 2.416907e+01
2.560188e+01 2.392035e+01
2.452142e+01 2.341756e+01
2.444498e+01 2.287752e+01
2.379377e+01 2.256485e+01
2.337420e+01 2.226866e+01
2.310379e+01 2.196533e+01
2.275931e+01 2.172330e+01
2.239038e+01 2.159695e+01
2.221705e+01 2.128490e+01
2.189560e+01 2.114687e+01
2.150837e+01 2.096972e+01
2.130834e+01 2.084449e+01
2.116630e+01 2.063382e+01
2.099430e+01 2.056581e+01
2.071303e+01 2.045757e+01
2.064846e+01 2.035511e+01
2.051570e+01 2.022839e+01
2.036748e+01 2.016492e+01
2.024358e+01 2.007349e+01
2.016925e+01 2.001110e+01
2.008004e+01 1.993477e+01
2.000058e+01 1.981485e+01
1.991606e+01 1.978104e+01
1.986852e+01 1.973829e+01
1.980746e+01 1.969295e+01
1.974006e+01 1.965430e+01
1.970604e+01 1.962435e+01
1.966550e+01 1.954843e+01
1.962640e+01 1.951089e+01
1.955375e+01 1.948839e+01
1.950138e+01 1.942330e+01
1.947689e+01 1.940227e+01
1.943027e+01 1.936023e+01
1.939711e+01 1.932757e+01
1.935665e+01 1.929466e+01
1.932787e+01 1.926734e+01
1.929974e+01 1.925005e+01
1.925807e+01 1.922375e+01
1.923756e+01 1.920450e+01
1.921403e+01 1.918083e+01
1.919425e+01 1.915636e+01
1.917234e+01 1.912962e+01
1.914831e+01 1.911280e+01
1.912629e+01 1.909578e+01
1.910132e+01 1.907132e+01
1.907981e+01 1.905478e+01
1.906441e+01 1.904503e+01
1.905073e+01 1.902468e+01
1.903183e+01 1.900608e+01
1.901124e+01 1.898494e+01
1.899673e+01 1.897182e+01
9.472799e+09 6.092110e+08
3.217133e+03 2.176334e+03
1.183408e+02 1.014492e+02
1.021324e+02 9.000618e+01
9.873178e+01 8.254755e+01
9.610233e+01 8.254755e+01
9.220940e+01 8.237814e+01
9.013681e+01 7.513061e+01
8.879380e+01 7.513061e+01
8.152320e+01 6.952153e+01
7.912467e+01 6.639425e+01
8.122655e+01 6.021620e+01
7.783598e+01 5.970243e+01
7.812750e+01 5.623908e+01
7.468971e+01 5.568034e+01
7.343161e+01 5.210047e+01
7.096961e+01 4.963436e+01
6.897801e+01 4.935875e+01
6.868431e+01 4.924571e+01
7.217594e+01 4.799844e+01
6.778936e+01 4.715099e+01
6.773651e+01 4.586985e+01
6.611695e+01 4.563573e+01
6.387329e+01 4.538172e+01
6.708292e+01 4.425030e+01
6.656658e+01 4.291577e+01
6.523518e+01 4.269340e+01
6.214768e+01 4.225122e+01
6.211737e+01 4.097420e+01
6.297331e+01 4.029986e+01
6.142952e+01 3.864225e+01
5.594058e+01 3.766947e+01
5.173142e+01 3.710038e+01
5.684962e+01 3.648494e+01
4.932426e+01 3.547172e+01
4.524220e+01 3.403233e+01
4.960384e+01 3.323187e+01
5.035680e+01 3.116058e+01
4.500812e+01 3.016364e+01
4.165597e+01 2.927931e+01
3.936142e+01 2.865370e+01
3.975948e+01 2.820723e+01
3.291815e+01 2.737677e+01
3.285651e+01 2.695729e+01
3.066648e+01 2.621930e+01
2.980869e+01 2.544073e+01
2.874898e+01 2.487069e+01
2.845133e+01 2.427192e+01
2.729706e+01 2.400781e+01
2.600900e+01 2.375489e+01
2.587771e+01 2.332425e+01
2.561654e+01 2.287103e+01
2.453037e+01 2.277366e+01
2.470155e+01 2.253775e+01
2.396130e+01 2.224793e+01
2.356202e+01 2.189478e+01
2.330311e+01 2.176588e+01
2.264377e+01 2.129271e+01
2.248353e+01 2.116365e+01
2.224273e+01 2.099863e+01
2.194586e+01 2.085281e+01
2.178248e+01 2.076614e+01
2.111898e+01 2.062334e+01
2.114838e+01 2.047871e+01
2.107760e+01 2.032674e+01
2.089394e+01 2.021217e+01
2.056117e+01 2.008790e+01
2.035778e+01 1.994368e+01
2.019636e+01 1.987558e+01
2.007104e+01 1.977842e+01
1.998343e+01 1.968308e+01
1.990883e+01 1.963669e+01
1.976851e+01 1.957568e+01
1.968266e+01 1.949203e+01
1.959463e+01 1.941505e+01
1.954360e+01 1.936224e+01
1.942352e+01 1.932231e+01
1.935410e+01 1.925208e+01
1.930002e+01 1.920913e+01
1.925314e+01 1.914519e+01
1.920443e+01 1.909981e+01
1.913413e+01 1.905617e+01
1.909886e+01 1.900019e+01
1.903473e+01 1.896798e+01
1.900941e+01 1.893388e+01
1.895449e+01 1.890706e+01
1.891766e+01 1.885963e+01
1.887366e+01 1.879298e+01
1.882922e+01 1.876662e+01
1.879685e+01 1.873811e+01
1.877503e+01 1.870541e+01
1.873778e+01 1.868627e+01
1.870406e+01 1.864547e+01
1.867505e+01 1.863518e+01
1.864862e+01 1.860557e+01
1.864606e+01 1.858406e+01
1.861050e+01 1.856513e+01
1.858438e+01 1.855356e+01
1.856566e+01 1.852050e+01
1.854442e+01 1.851095e+01
1.853006e+01 1.849527e+01
7.812095e+09 4.577965e+08
1.386465e+03 9.558403e+02
1.130440e+02 1.002727e+02
1.009163e+02 8.653961e+01
9.711059e+01 8.151675e+01
9.514365e+01 8.151675e+01
9.089329e+01 8.151675e+01
8.882266e+01 7.584855e+01
8.331668e+01 6.912992e+01
7.921981e+01 6.358285e+01
7.792223e+01 5.697810e+01
7.843471e+01 5.481700e+01
7.631041e+01 5.459448e+01
7.383992e+01 5.459448e+01
7.376071e+01 5.315152e+01
7.616534e+01 5.114406e+01
7.203626e+01 5.079710e+01
6.959176e+01 5.018077e+01
7.360690e+01 4.610751e+01
7.209594e+01 4.543907e+01
6.939869e+01 4.503755e+01
6.720583e+01 4.228282e+01
6.892438e+01 4.120769e+01
6.757885e+01 4.120769e+01
6.495437e+01 4.099401e+01
6.413249e+01 4.005568e+01
6.324375e+01 4.000481e+01
6.103526e+01 3.924961e+01
6.239301e+01 3.924961e+01
6.074297e+01 3.861364e+01
6.479805e+01 3.829903e+01
5.673781e+01 3.800238e+01
5.585688e+01 3.752356e+01
5.679589e+01 3.723191e+01
4.982211e+01 3.610181e+01
4.794684e+01 3.547671e+01
4.706024e+01 3.394852e+01
4.987853e+01 3.327051e+01
4.917296e+01 3.274778e+01
4.518107e+01 3.229102e+01
3.881214e+01 3.171199e+01
4.113823e+01 3.084396e+01
3.533594e+01 2.985634e+01
3.319948e+01 2.899922e+01
3.085291e+01 2.858074e+01
2.960437e+01 2.776201e+01
2.921599e+01 2.741239e+01
2.837103e+01 2.721781e+01
2.812642e+01 2.675251e+01
2.741912e+01 2.649595e+01
2.707261e+01 2.616915e+01
2.681655e+01 2.582638e+01
2.663022e+01 2.560601e+01
2.601082e+01 2.528980e+01
2.561596e+01 2.506570e+01
2.527394e+01 2.477465e+01
2.503036e+01 2.452426e+01
2.473172e+01 2.428866e+01
2.459199e+01 2.408701e+01
2.426047e+01 2.391511e+01
2.406059e+01 2.370461e+01
2.385592e+01 2.361468e+01
2.372029e+01 2.341147e+01
2.347754e+01 2.328739e+01
2.331893e+01 2.312534e+01
2.319854e+01 2.300656e+01
2.310662e+01 2.286851e+01
2.296588e+01 2.278351e+01
2.287354e+01 2.266810e+01
2.274281e+01 2.258360e+01
2.261217e+01 2.247063e+01
2.252868e+01 2.238757e+01
2.244731e+01 2.232169e+01
2.239799e+01 2.227865e+01
2.232510e+01 2.222821e+01
2.223868e+01 2.215737e+01
2.218433e+01 2.209608e+01
2.213343e+01 2.205220e+01
2.207677e+01 2.198105e+01
2.201668e+01 2.195786e+01
2.197950e+01 2.191546e+01
2.191587e+01 2.186122e+01
2.188927e+01 2.180689e+01
2.182504e+01 2.175902e+01
2.177316e+01 2.172250e+01
2.173831e+01 2.167974e+01
2.169378e+01 2.163514e+01
2.165275e+01 2.158308e+01
2.161338e+01 2.155682e+01
2.157782e+01 2.152836e+01
2.153272e+01 2.149622e+01
2.149425e+01 2.145881e+01
2.145795e+01 2.142385e+01
2.142303e+01 2.139534e+01
2.139476e+01 2.136586e+01
2.136477e+01 2.133783e+01
2.133769e+01 2.130641e+01
2.131272e+01 2.127656e+01
2.127379e+01 2.124402e+01
2.124561e+01 2.121865e+01
2.121458e+01 2.119195e+01
1.166768e+10 6.628144e+08
2.900767e+03 2.008377e+03
1.154503e+02 9.737755e+01
1.012035e+02 9.050811e+01
9.952349e+01 8.721848e+01
9.625572e+01 7.964887e+01
9.002741e+01 7.441685e+01
8.662285e+01 6.551733e+01
8.483476e+01 6.198657e+01
8.075880e+01 6.198657e+01
7.872609e+01 6.177666e+01
8.049978e+01 5.963011e+01
7.937011e+01 5.793334e+01
7.869100e+01 5.653219e+01
7.501311e+01 5.563771e+01
7.634326e+01 5.470690e+01
7.456868e+01 5.147405e+01
7.179168e+01 5.082761e+01
7.803788e+01 4.902990e+01
7.312508e+01 4.840594e+01
7.139619e+01 4.826158e+01
7.102444e+01 4.740718e+01
7.299474e+01 4.434592e+01
6.986345e+01 4.421893e+01
7.217184e+01 4.365069e+01
6.827579e+01 4.352223e+01
6.779850e+01 4.255464e+01
6.721331e+01 4.228095e+01
6.485460e+01 4.148907e+01
6.136335e+01 4.040052e+01
6.013450e+01 4.032201e+01
6.340148e+01 3.932462e+01
6.541238e+01 3.825746e+01
5.754387e+01 3.818796e+01
5.752988e+01 3.704279e+01
5.536344e+01 3.614074e+01
5.667020e+01 3.471235e+01
5.066789e+01 3.419923e+01
4.790271e+01 3.340228e+01
4.821745e+01 3.258378e+01
4.387054e+01 3.136631e+01
4.008791e+01 3.051517e+01
4.037283e+01 2.958176e+01
3.806101e+01 2.864851e+01
3.408405e+01 2.821359e+01
3.202964e+01 2.753062e+01
3.100812e+01 2.699480e+01
3.152102e+01 2.667139e+01
2.992251e+01 2.619746e+01
3.125015e+01 2.599789e+01
3.012139e+01 2.579230e+01
2.987569e+01 2.549578e+01
2.902201e+01 2.513255e+01
2.856600e+01 2.490097e+01
2.717892e+01 2.474246e+01
2.853392e+01 2.452777e+01
2.776217e+01 2.429393e+01
2.769177e+01 2.381993e+01
2.688671e+01 2.341271e+01
2.620905e+01 2.335721e+01
2.663023e+01 2.323891e+01
2.640585e+01 2.309249e+01
2.604690e+01 2.274766e+01
2.550660e+01 2.257275e+01
2.458912e+01 2.253222e+01
2.382604e+01 2.237995e+01
2.311625e+01 2.229117e+01
2.292453e+01 2.207329e+01
2.240837e+01 2.196263e+01
2.218733e+01 2.181990e+01
2.211504e+01 2.162384e+01
2.189189e+01 2.156669e+01
2.176709e+01 2.147419e+01
2.166234e+01 2.135657e+01
2.155025e+01 2.129416e+01
2.140309e+01 2.120772e+01
2.129249e+01 2.109443e+01
2.120350e+01 2.102501e+01
2.110527e+01 2.095340e+01
2.102943e+01 2.086039e+01
2.097260e+01 2.080193e+01
2.087260e+01 2.076671e+01
2.080673e+01 2.069742e+01
2.074882e+01 2.066345e+01
2.071348e+01 2.060944e+01
2.064419e+01 2.054928e+01
2.057861e+01 2.050515e+01
2.053496e+01 2.046793e+01
2.049965e+01 2.043694e+01
2.046709e+01 2.040059e+01
2.043876e+01 2.036520e+01
2.039544e+01 2.033634e+01
2.035787e+01 2.029553e+01
2.033101e+01 2.025238e+01
2.028358e+01 2.023574e+01
2.025339e+01 2.020034e+01
2.021891e+01 2.017447e+01
2.017768e+01 2.013777e+01
2.014799e+01 2.009691e+01
2.012367e+01 2.007360e+01
2.008801e+01 2.004703e+01
1.026526e+10 4.210035e+08
1.334217e+03 7.728664e+02
1.252348e+02 1.143807e+02
1.110925e+02 9.584534e+01
1.026561e+02 9.260375e+01
9.656507e+01 8.834159e+01
9.277107e+01 7.937786e+01
8.980739e+01 7.636748e+01
8.590390e+01 7.584787e+01
8.362145e+01 7.238289e+01
8.063239e+01 7.116799e+01
7.914434e+01 6.679583e+01
7.757149e+01 6.574002e+01
7.419438e+01 6.471663e+01
6.823414e+01 5.456240e+01
6.478473e+01 4.786023e+01
6.310260e+01 4.727726e+01
6.263467e+01 4.396527e+01
6.187201e+01 4.316363e+01
6.144649e+01 4.258702e+01
6.171769e+01 3.880555e+01
5.701520e+01 3.864795e+01
5.914439e+01 3.814986e+01
5.628372e+01 3.742561e+01
5.841050e+01 3.569096e+01
5.656340e+01 3.547700e+01
5.575222e+01 3.521396e+01
4.964217e+01 3.480773e+01
5.300779e+01 3.440502e+01
5.441389e+01 3.298460e+01
5.352630e+01 3.114343e+01
5.223406e+01 3.065299e+01
5.105522e+01 2.989687e+01
4.783120e+01 2.911932e+01
5.095177e+01 2.866420e+01
4.965228e+01 2.845061e+01
4.577146e+01 2.837293e+01
4.811223e+01 2.821949e+01
4.882183e+01 2.821578e+01
4.517193e+01 2.797425e+01
4.791487e+01 2.761423e+01
4.823484e+01 2.747955e+01
4.939665e+01 2.689229e+01
4.190964e+01 2.660782e+01
4.014679e+01 2.553430e+01
4.295935e+01 2.489249e+01
3.973598e+01 2.462195e+01
3.721870e+01 2.448546e+01
3.776961e+01 2.425894e+01
3.263991e+01 2.386491e+01
3.090094e+01 2.319084e+01
3.020787e+01 2.196391e+01
2.569415e+01 2.132843e+01
2.240465e+01 2.075009e+01
2.155905e+01 2.002886e+01
2.081006e+01 1.951973e+01
2.023383e+01 1.924844e+01
2.008731e+01 1.900443e+01
1.976997e+01 1.879389e+01
1.947484e+01 1.854029e+01
1.896455e+01 1.828849e+01
1.886242e+01 1.821275e+01
1.880290e+01 1.803650e+01
1.842407e+01 1.788373e+01
1.837575e+01 1.773280e+01
1.816048e+01 1.755373e+01
1.798413e+01 1.738856e+01
1.790047e+01 1.730672e+01
1.758755e+01 1.721990e+01
1.747007e+01 1.714185e+01
1.734084e+01 1.706850e+01
1.721600e+01 1.698083e+01
1.710107e+01 1.689293e+01
1.704368e+01 1.680221e+01
1.694711e+01 1.673635e+01
1.686326e+01 1.667426e+01
1.679620e+01 1.658124e+01
1.672344e+01 1.650018e+01
1.662019e+01 1.645643e+01
1.653115e+01 1.636617e+01
1.644321e+01 1.631760e+01
1.636453e+01 1.627280e+01
1.630887e+01 1.620554e+01
1.625412e+01 1.616404e+01
1.619826e+01 1.611162e+01
1.613386e+01 1.606195e+01
1.607754e+01 1.600963e+01
1.601218e+01 1.595614e+01
1.595617e+01 1.589282e+01
1.591638e+01 1.587075e+01
1.587704e+01 1.581854e+01
1.583288e+01 1.576259e+01
1.578673e+01 1.570810e+01
1.573595e+01 1.568592e+01
1.570065e+01 1.565156e+01
1.567328e+01 1.562168e+01
1.562444e+01 1.558106e+01
1.558294e+01 1.553767e+01
1.554295e+01 1.550932e+01
1.550959e+01 1.546570e+01
1.547473e+01 1.543708e+01
9.577581e+09 5.047093e+08
1.610794e+03 1.145136e+03
1.153944e+02 1.027566e+02
1.045962e+02 9.434580e+01
1.000431e+02 8.861119e+01
9.709063e+01 8.394563e+01
9.889052e+01 8.394563e+01
9.551871e+01 7.900852e+01
9.254118e+01 7.900852e+01
8.817417e+01 7.503153e+01
8.301421e+01 6.876742e+01
8.336063e+01 6.299250e+01
8.086094e+01 6.225101e+01
7.642112e+01 5.984716e+01
7.839806e+01 5.732280e+01
7.650059e+01 5.539695e+01
7.210916e+01 5.402474e+01
7.246971e+01 5.294096e+01
7.135643e+01 5.128759e+01
7.350685e+01 5.128693e+01
7.881536e+01 5.062172e+01
7.337061e+01 4.997176e+01
7.188180e+01 4.983950e+01
6.825503e+01 4.856922e+01
7.002575e+01 4.779226e+01
7.190403e+01 4.739714e+01
6.783853e+01 4.605729e+01
6.639284e+01 4.573232e+01
6.553434e+01 4.540071e+01
6.586893e+01 4.408505e+01
6.718227e+01 4.404579e+01
6.779435e+01 4.362259e+01
6.484473e+01 4.255586e+01
6.416735e+01 4.185277e+01
6.357704e+01 4.169251e+01
6.381809e+01 4.084407e+01
6.436756e+01 4.066125e+01
6.070276e+01 4.054818e+01
5.708374e+01 3.944626e+01
5.880296e+01 3.923147e+01
5.454731e+01 3.772572e+01
5.352470e+01 3.702041e+01
4.991248e+01 3.682772e+01
5.062949e+01 3.644793e+01
4.940566e+01 3.601563e+01
4.730813e+01 3.502173e+01
4.620949e+01 3.464771e+01
4.289954e+01 3.367275e+01
4.146932e+01 3.261960e+01
3.941556e+01 3.185759e+01
3.595345e+01 3.127135e+01
3.262944e+01 3.082675e+01
3.117918e+01 3.028098e+01
3.051592e+01 2.981872e+01
3.014058e+01 2.957166e+01
2.977186e+01 2.926849e+01
2.950935e+01 2.899396e+01
2.923806e+01 2.865020e+01
2.889303e+01 2.837739e+01
2.852800e+01 2.813675e+01
2.831344e+01 2.802108e+01
2.810998e+01 2.783783e+01
2.793211e+01 2.767024e+01
2.779680e+01 2.754340e+01
2.762222e+01 2.740767e+01
2.750492e+01 2.719198e+01
2.729572e+01 2.702691e+01
2.713683e+01 2.686658e+01
2.698007e+01 2.675637e+01
2.683779e+01 2.665064e+01
2.672725e+01 2.652315e+01
2.659512e+01 2.641662e+01
2.652098e+01 2.636872e+01
2.639105e+01 2.622501e+01
2.631068e+01 2.612953e+01
2.619355e+01 2.606907e+01
2.614965e+01 2.599025e+01
2.604480e+01 2.594858e+01
2.597884e+01 2.586512e+01
2.589901e+01 2.579432e+01
2.584394e+01 2.572063e+01
2.578047e+01 2.568296e+01
2.570249e+01 2.560930e+01
2.563593e+01 2.552841e+01
2.558101e+01 2.548728e+01
2.552557e+01 2.542566e+01
2.546091e+01 2.538569e+01
2.540985e+01 2.533765e+01
2.536485e+01 2.529392e+01
2.532531e+01 2.523644e+01
2.526577e+01 2.520253e+01
2.522247e+01 2.515847e+01
2.517924e+01 2.511468e+01
2.513034e+01 2.507391e+01
2.509621e+01 2.503182e+01
2.505097e+01 2.499926e+01
2.501878e+01 2.494835e+01
2.497153e+01 2.491198e+01
2.493436e+01 2.487209e+01
2.488550e+01 2.483220e+01
2.484769e+01 2.480604e+01
8.321636e+09 7.592515e+08
1.059678e+03 7.799359e+02
1.111623e+02 9.972738e+01
1.006834e+02 9.194593e+01
9.523571e+01 8.476731e+01
9.047535e+01 7.910428e+01
8.902784e+01 7.732228e+01
8.682722e+01 7.383350e+01
8.333801e+01 7.250032e+01
7.940354e+01 7.115743e+01
7.602475e+01 6.606315e+01
7.289901e+01 6.407292e+01
7.002410e+01 6.156915e+01
6.507919e+01 5.507471e+01
5.811189e+01 4.992030e+01
3.619436e+01 3.138830e+01
2.052032e+01 2.032476e+01
1.869822e+01 1.867036e+01
1.814816e+01 1.813266e+01
1.775269e+01 1.773489e+01
1.750290e+01 1.749803e+01
1.731647e+01 1.731416e+01
1.721664e+01 1.721550e+01
1.710600e+01 1.710494e+01
1.703523e+01 1.703347e+01
1.698330e+01 1.698256e+01
1.693697e+01 1.693652e+01
1.690858e+01 1.690839e+01
1.688924e+01 1.688908e+01
1.686689e+01 1.686663e+01
1.685050e+01 1.685036e+01
1.683369e+01 1.683319e+01
1.681843e+01 1.681823e+01
1.680253e+01 1.680240e+01
1.678266e+01 1.678188e+01
1.676468e+01 1.676458e+01
1.675146e+01 1.675130e+01
1.673336e+01 1.673314e+01
1.672365e+01 1.672356e+01
1.671476e+01 1.671463e+01
1.670797e+01 1.670778e+01
1.670002e+01 1.669996e+01
1.668977e+01 1.668960e+01
1.668182e+01 1.668170e+01
1.667329e+01 1.667324e+01
1.666692e+01 1.666677e+01
1.666178e+01 1.666165e+01
1.665355e+01 1.665334e+01
1.664700e+01 1.664690e+01
1.664149e+01 1.664131e+01
1.663572e+01 1.663568e+01
1.663137e+01 1.663125e+01
1.662715e+01 1.662711e+01
1.662386e+01 1.662380e+01
1.662135e+01 1.662131e+01
1.661756e+01 1.661750e+01
1.661306e+01 1.661292e+01
1.660872e+01 1.660869e+01
1.660556e+01 1.660551e+01
1.660024e+01 1.660008e+01
1.659492e+01 1.659464e+01
1.658865e+01 1.658851e+01
1.658284e+01 1.658272e+01
1.657644e+01 1.657638e+01
1.657315e+01 1.657310e+01
1.656893e+01 1.656887e+01
1.656376e+01 1.656371e+01
1.656125e+01 1.656121e+01
1.655829e+01 1.655819e+01
1.655401e+01 1.655394e+01
1.654990e+01 1.654983e+01
1.654542e+01 1.654530e+01
1.654194e+01 1.654187e+01
1.653893e+01 1.653884e+01
1.653560e+01 1.653551e+01
1.653125e+01 1.653109e+01
1.652669e+01 1.652658e+01
1.652255e+01 1.652249e+01
1.651939e+01 1.651934e+01
1.651496e+01 1.651485e+01
1.650841e+01 1.650831e+01
1.650350e+01 1.650334e+01
1.649938e+01 1.649923e+01
1.649576e+01 1.649573e+01
1.649289e+01 1.649281e+01
1.648977e+01 1.648969e+01
1.648704e+01 1.648700e+01
1.648486e+01 1.648484e+01
1.648250e+01 1.648245e+01
1.648060e+01 1.648058e+01
1.647867e+01 1.647863e+01
1.647653e+01 1.647645e+01
1.647374e+01 1.647369e+01
1.647007e+01 1.646999e+01
1.646781e+01 1.646778e+01
1.646486e+01 1.646481e+01
1.646177e+01 1.646170e+01
1.645799e+01 1.645794e+01
1.645546e+01 1.645544e+01
1.645364e+01 1.645361e+01
1.645109e+01 1.645102e+01
9.958838e+09 4.660224e+08
2.133653e+03 1.397762e+03
1.292152e+02 1.124254e+02
1.082914e+02 9.667916e+01
1.007376e+02 9.135368e+01
9.749819e+01 8.488644e+01
9.379299e+01 8.470788e+01
9.146161e+01 7.565997e+01
8.893519e+01 7.565997e+01
8.596685e+01 7.395100e+01
8.163574e+01 7.296349e+01
7.886162e+01 7.018167e+01
7.472332e+01 6.538495e+01
6.761681e+01 5.787735e+01
3.064414e+01 2.923247e+01
2.228401e+01 2.221938e+01
2.112277e+01 2.110165e+01
2.057088e+01 2.056443e+01
2.028454e+01 2.028232e+01
2.012427e+01 2.012237e+01
2.001811e+01 2.001602e+01
1.995386e+01 1.995306e+01
1.991966e+01 1.991897e+01
1.988586e+01 1.988564e+01
1.986051e+01 1.986010e+01
1.983830e+01 1.983797e+01
1.982150e+01 1.982104e+01
1.980236e+01 1.980212e+01
1.978796e+01 1.978777e+01
1.977789e+01 1.977749e+01
1.976471e+01 1.976438e+01
1.975303e+01 1.975251e+01
1.974102e+01 1.974075e+01
1.973086e+01 1.973066e+01
1.972127e+01 1.972110e+01
1.971446e+01 1.971432e+01
1.970778e+01 1.970770e+01
1.970221e+01 1.970212e+01
1.969707e+01 1.969696e+01
1.969249e+01 1.969239e+01
1.968742e+01 1.968730e+01
1.968239e+01 1.968234e+01
1.967953e+01 1.967951e+01
1.967613e+01 1.967603e+01
1.967138e+01 1.967125e+01
1.966808e+01 1.966806e+01
1.966472e+01 1.966468e+01
1.966122e+01 1.966118e+01
1.965744e+01 1.965731e+01
1.965230e+01 1.965224e+01
1.964840e+01 1.964832e+01
1.964555e+01 1.964551e+01
1.964316e+01 1.964312e+01
1.964039e+01 1.964035e+01
1.963739e+01 1.963732e+01
1.963344e+01 1.963341e+01
1.963146e+01 1.963143e+01
1.962933e+01 1.962932e+01
1.962823e+01 1.962821e+01
1.962595e+01 1.962591e+01
1.962308e+01 1.962300e+01
1.962026e+01 1.962022e+01
1.961815e+01 1.961809e+01
1.961519e+01 1.961517e+01
1.961219e+01 1.961212e+01
1.960981e+01 1.960978e+01
1.960779e+01 1.960777e+01
1.960581e+01 1.960578e+01
1.960330e+01 1.960326e+01
1.960152e+01 1.960150e+01
1.959943e+01 1.959937e+01
1.959819e+01 1.959818e+01
1.959734e+01 1.959733e+01
1.959590e+01 1.959588e+01
1.959420e+01 1.959415e+01
1.959237e+01 1.959231e+01
1.959047e+01 1.959046e+01
1.958934e+01 1.958934e+01
1.958850e+01 1.958848e+01
1.958754e+01 1.958753e+01
1.958662e+01 1.958660e+01
1.958540e+01 1.958536e+01
1.958409e+01 1.958406e+01
1.958293e+01 1.958290e+01
1.958146e+01 1.958143e+01
1.958065e+01 1.958064e+01
1.958008e+01 1.958007e+01
1.957929e+01 1.957928e+01
1.957799e+01 1.957797e+01
1.957667e+01 1.957666e+01
1.957555e+01 1.957554e+01
1.957479e+01 1.957478e+01
1.957410e+01 1.957409e+01
1.957340e+01 1.957339e+01
1.957265e+01 1.957264e+01
1.957176e+01 1.957175e+01
1.957102e+01 1.957101e+01
1.957038e+01 1.957037e+01
1.956990e+01 1.956990e+01
1.956932e+01 1.956930e+01
1.956862e+01 1.956860e+01
9.600094e+09 6.786483e+08
7.036177e+02 4.925353e+02
1.103586e+02 9.854244e+01
9.684208e+01 8.936310e+01
9.325857e+01 7.854034e+01
9.129366e+01 7.854034e+01
8.921777e+01 7.854034e+01
8.810612e+01 7.830584e+01
8.642309e+01 7.682516e+01
8.588271e+01 7.508307e+01
8.617338e+01 7.062973e+01
8.620551e+01 7.002636e+01
8.122920e+01 6.894261e+01
7.595175e+01 5.963641e+01
7.430978e+01 5.588402e+01
7.283241e+01 5.308055e+01
7.391179e+01 5.209233e+01
7.178820e+01 4.974884e+01
6.955201e+01 4.946702e+01
6.809593e+01 4.853617e+01
6.911554e+01 4.624775e+01
6.854954e+01 4.588385e+01
6.846664e+01 4.390572e+01
6.473402e+01 4.245450e+01
6.479336e+01 4.188503e+01
6.320177e+01 4.067199e+01
6.091398e+01 4.039818e+01
5.664007e+01 4.038828e+01
6.190801e+01 3.897333e+01
5.931927e+01 3.728357e+01
5.633962e+01 3.707662e+01
5.989222e+01 3.599382e+01
5.675754e+01 3.478157e+01
5.514634e+01 3.308732e+01
5.271424e+01 3.271457e+01
5.125308e+01 3.157080e+01
5.433282e+01 2.971422e+01
4.769005e+01 2.860257e+01
4.228456e+01 2.701746e+01
3.689556e+01 2.594606e+01
2.979931e+01 2.521329e+01
2.687765e+01 2.397468e+01
2.575972e+01 2.326748e+01
2.453709e+01 2.278419e+01
2.354399e+01 2.216560e+01
2.328779e+01 2.182463e+01
2.250734e+01 2.127686e+01
2.231596e+01 2.108075e+01
2.169463e+01 2.084710e+01
2.124503e+01 2.066487e+01
2.095709e+01 2.037866e+01
2.066753e+01 2.019963e+01
2.041603e+01 2.009202e+01
2.021844e+01 1.987558e+01
2.002751e+01 1.976156e+01
1.981055e+01 1.962623e+01
1.963390e+01 1.941332e+01
1.951358e+01 1.930823e+01
1.937383e+01 1.917399e+01
1.919165e+01 1.905935e+01
1.908670e+01 1.896077e+01
1.895054e+01 1.881349e+01
1.884506e+01 1.873586e+01
1.875788e+01 1.867636e+01
1.867055e+01 1.859772e+01
1.859474e+01 1.850465e+01
1.849728e+01 1.840420e+01
1.841893e+01 1.831371e+01
1.832997e+01 1.824930e+01
1.823902e+01 1.817740e+01
1.816848e+01 1.809589e+01
1.809325e+01 1.802398e+01
1.802860e+01 1.796558e+01
1.796391e+01 1.790155e+01
1.790071e+01 1.784041e+01
1.783252e+01 1.779418e+01
1.778324e+01 1.773766e+01
1.772756e+01 1.769591e+01
1.767352e+01 1.762919e+01
1.763085e+01 1.759770e+01
1.758736e+01 1.755722e+01
1.754936e+01 1.752259e+01
1.750892e+01 1.748014e+01
1.746115e+01 1.742445e+01
1.742042e+01 1.737894e+01
1.737454e+01 1.734650e+01
1.733785e+01 1.730853e+01
1.730140e+01 1.727559e+01
1.727160e+01 1.725005e+01
1.724000e+01 1.721990e+01
1.721425e+01 1.718846e+01
1.718887e+01 1.716375e+01
1.715658e+01 1.713575e+01
1.713132e+01 1.711387e+01
1.710874e+01 1.708573e+01
1.708116e+01 1.705649e+01
1.705296e+01 1.703255e+01
1.702598e+01 1.700500e+01
1.700523e+01 1.698713e+01
1.698443e+01 1.696985e+01
1.696648e+01 1.694703e+01
7.624855e+09 7.480524e+08
1.365512e+03 7.970745e+02
1.168065e+02 1.042746e+02
1.079593e+02 9.434734e+01
1.057583e+02 9.349873e+01
1.017279e+02 9.335664e+01
1.001841e+02 8.604173e+01
9.906209e+01 8.347629e+01
9.349769e+01 8.075027e+01
9.519398e+01 8.075027e+01
9.138310e+01 8.028058e+01
8.820385e+01 7.803308e+01
8.169926e+01 6.632251e+01
7.907635e+01 6.130463e+01
7.981930e+01 5.934464e+01
7.764062e+01 5.593155e+01
7.325305e+01 5.127740e+01
7.392931e+01 5.046369e+01
7.436859e+01 4.959252e+01
7.383435e+01 4.779049e+01
7.136520e+01 4.710920e+01
7.095271e+01 4.575398e+01
7.003592e+01 4.489031e+01
6.605470e+01 4.454565e+01
6.512302e+01 4.387934e+01
6.793781e+01 4.354294e+01
6.703473e+01 4.249267e+01
6.362558e+01 4.131796e+01
6.196850e+01 4.086905e+01
6.300857e+01 3.950182e+01
5.724837e+01 3.862332e+01
5.738456e+01 3.834545e+01
6.176018e+01 3.803758e+01
5.936778e+01 3.786921e+01
6.090943e+01 3.716965e+01
5.841393e+01 3.661075e+01
5.683009e+01 3.585067e+01
5.487348e+01 3.572291e+01
5.539716e+01 3.508376e+01
5.211075e+01 3.444795e+01
5.114284e+01 3.381042e+01
4.369500e+01 3.311484e+01
5.071807e+01 3.239484e+01
4.839546e+01 3.152552e+01
4.909891e+01 3.133740e+01
4.382991e+01 3.098136e+01
4.543815e+01 3.016600e+01
4.189101e+01 2.982609e+01
4.511067e+01 2.942035e+01
4.540580e+01 2.907027e+01
4.256184e+01 2.834488e+01
4.428106e+01 2.799657e+01
3.776160e+01 2.740535e+01
3.297291e+01 2.695541e+01
3.259936e+01 2.637831e+01
3.221018e+01 2.516204e+01
2.778433e+01 2.476750e+01
2.703639e+01 2.409093e+01
2.616167e+01 2.369069e+01
2.516059e+01 2.322576e+01
2.453053e+01 2.293933e+01
2.424135e+01 2.277163e+01
2.415140e+01 2.258164e+01
2.333000e+01 2.236589e+01
2.290388e+01 2.219495e+01
2.299223e+01 2.202185e+01
2.259838e+01 2.188940e+01
2.224176e+01 2.175639e+01
2.214314e+01 2.170579e+01
2.200843e+01 2.158928e+01
2.185501e+01 2.150202e+01
2.168233e+01 2.140546e+01
2.157637e+01 2.130666e+01
2.148643e+01 2.125420e+01
2.136418e+01 2.115881e+01
2.124721e+01 2.109657e+01
2.118766e+01 2.102346e+01
2.113187e+01 2.096836e+01
2.105319e+01 2.091361e+01
2.095420e+01 2.086375e+01
2.090151e+01 2.081908e+01
2.084362e+01 2.076119e+01
2.078824e+01 2.071321e+01
2.074766e+01 2.067387e+01
2.070615e+01 2.063062e+01
2.064830e+01 2.059419e+01
2.061009e+01 2.055733e+01
2.057864e+01 2.053542e+01
2.053577e+01 2.049999e+01
2.051139e+01 2.047117e+01
2.048622e+01 2.043311e+01
2.044138e+01 2.039228e+01
2.040971e+01 2.036555e+01
2.037639e+01 2.034594e+01
2.034795e+01 2.032189e+01
2.032294e+01 2.029669e+01
2.030018e+01 2.025295e+01
2.026502e+01 2.023270e+01
2.023784e+01 2.020961e+01
2.021999e+01 2.019729e+01
2.019948e+01 2.017020e+01
7.972756e+09 2.482183e+08
4.659868e+02 3.725106e+02
1.161482e+02 1.035370e+02
1.070215e+02 9.577872e+01
1.030688e+02 9.407547e+01
1.011949e+02 8.737858e+01
9.838415e+01 8.522147e+01
9.062654e+01 7.304482e+01
8.830207e+01 7.216089e+01
9.003029e+01 6.994918e+01
8.599241e+01 6.586239e+01
8.622843e+01 6.451399e+01
8.536990e+01 6.212382e+01
8.122119e+01 6.200830e+01
8.221521e+01 6.103785e+01
8.300754e+01 6.001966e+01
7.846765e+01 5.959908e+01
8.157899e+01 5.758848e+01
7.961351e+01 5.714629e+01
7.934040e+01 5.603287e+01
7.858851e+01 5.518929e+01
7.806642e+01 5.392291e+01
7.632277e+01 5.368828e+01
7.690746e+01 5.122540e+01
7.957454e+01 5.088479e+01
7.453744e+01 5.009806e+01
7.046344e+01 4.967952e+01
7.032513e+01 4.967952e+01
7.266609e+01 4.918892e+01
6.910235e+01 4.779625e+01
6.732664e+01 4.682270e+01
6.883391e+01 4.528642e+01
7.260222e+01 4.451628e+01
6.975406e+01 4.376385e+01
6.858593e+01 4.314293e+01
6.509509e+01 4.306694e+01
6.144984e+01 4.232425e+01
5.935654e+01 4.191399e+01
6.148341e+01 4.067960e+01
5.432647e+01 3.907241e+01
5.153126e+01 3.700621e+01
4.493055e+01 3.550714e+01
4.283311e+01 3.435007e+01
3.895420e+01 3.303423e+01
3.552318e+01 3.227316e+01
3.528318e+01 3.186104e+01
3.325349e+01 3.109914e+01
3.264985e+01 3.037246e+01
3.125820e+01 2.979479e+01
3.090385e+01 2.949664e+01
3.034337e+01 2.898487e+01
2.969764e+01 2.854256e+01
2.917560e+01 2.820331e+01
2.853147e+01 2.785484e+01
2.830810e+01 2.762788e+01
2.789007e+01 2.735110e+01
2.768908e+01 2.715611e+01
2.739907e+01 2.698635e+01
2.721689e+01 2.675445e+01
2.700695e+01 2.647295e+01
2.671037e+01 2.630041e+01
2.654518e+01 2.620447e+01
2.635421e+01 2.597778e+01
2.607721e+01 2.585382e+01
2.593222e+01 2.568129e+01
2.581776e+01 2.558505e+01
2.567539e+01 2.548712e+01
2.551526e+01 2.532639e+01
2.538851e+01 2.519723e+01
2.526788e+01 2.510700e+01
2.513286e+01 2.498758e+01
2.504415e+01 2.488212e+01
2.493077e+01 2.478180e+01
2.480905e+01 2.469160e+01
2.472206e+01 2.460326e+01
2.462762e+01 2.452515e+01
2.455829e+01 2.443010e+01
2.444325e+01 2.436096e+01
2.435555e+01 2.429278e+01
2.428812e+01 2.423507e+01
2.421914e+01 2.415087e+01
2.413417e+01 2.404987e+01
2.406604e+01 2.398903e+01
2.400183e+01 2.393490e+01
2.392424e+01 2.387585e+01
2.386258e+01 2.381891e+01
2.379789e+01 2.373534e+01
2.374046e+01 2.369614e+01
2.368709e+01 2.363776e+01
2.364309e+01 2.359985e+01
2.359987e+01 2.355681e+01
2.355895e+01 2.350507e+01
2.352155e+01 2.347062e+01
2.348138e+01 2.343498e+01
2.344354e+01 2.341266e+01
2.341893e+01 2.337616e+01
2.338229e+01 2.334940e+01
2.335068e+01 2.332864e+01
2.332364e+01 2.329480e+01
2.329679e+01 2.326453e+01
2.327325e+01 2.323754e+01
9.907064e+09 8.647574e+08
9.850880e+02 5.841317e+02
1.099885e+02 9.680537e+01
1.005929e+02 8.914005e+01
9.537019e+01 8.678246e+01
9.362911e+01 8.047734e+01
9.103380e+01 7.847895e+01
8.836443e+01 7.608766e+01
8.269422e+01 6.657287e+01
8.097743e+01 6.116546e+01
7.761987e+01 5.719426e+01
7.640499e+01 5.306522e+01
7.276360e+01 5.306522e+01
7.320178e+01 5.128076e+01
7.369828e+01 5.107332e+01
7.220401e+01 4.927324e+01
7.203804e+01 4.816636e+01
7.007760e+01 4.769854e+01
7.023804e+01 4.698288e+01
6.718454e+01 4.693863e+01
6.478356e+01 4.683558e+01
6.527613e+01 4.656442e+01
6.413547e+01 4.572189e+01
6.557068e+01 4.507994e+01
6.277428e+01 4.298726e+01
6.162157e+01 4.279660e+01
6.111556e+01 4.197287e+01
6.106593e+01 4.161500e+01
5.805463e+01 4.153712e+01
5.498582e+01 4.072573e+01
5.450296e+01 3.922270e+01
5.268515e+01 3.839449e+01
4.931071e+01 3.647001e+01
4.624455e+01 3.559824e+01
4.422288e+01 3.428622e+01
4.854276e+01 3.348477e+01
4.385448e+01 3.209139e+01
4.235765e+01 3.081527e+01
4.155629e+01 3.009953e+01
4.145952e+01 2.970558e+01
3.850425e+01 2.936900e+01
3.582493e+01 2.883144e+01
3.631047e+01 2.818078e+01
3.494052e+01 2.770800e+01
3.433076e+01 2.745022e+01
3.387690e+01 2.709852e+01
3.100025e+01 2.652708e+01
3.130834e+01 2.601505e+01
3.116749e+01 2.549875e+01
2.945747e+01 2.525240e+01
2.841644e+01 2.497982e+01
2.811013e+01 2.456788e+01
2.645228e+01 2.424349e+01
2.523802e+01 2.384154e+01
2.493968e+01 2.351305e+01
2.439554e+01 2.326622e+01
2.376071e+01 2.278992e+01
2.350634e+01 2.255427e+01
2.326046e+01 2.237169e+01
2.300353e+01 2.216162e+01
2.263927e+01 2.204183e+01
2.224919e+01 2.183405e+01
2.206834e+01 2.151954e+01
2.190434e+01 2.137595e+01
2.180232e+01 2.123625e+01
2.164634e+01 2.116032e+01
2.137051e+01 2.105047e+01
2.147632e+01 2.087832e+01
2.108233e+01 2.078101e+01
2.113211e+01 2.068978e+01
2.089942e+01 2.061172e+01
2.084669e+01 2.049569e+01
2.072415e+01 2.043227e+01
2.058292e+01 2.036599e+01
2.051522e+01 2.026039e+01
2.040591e+01 2.018884e+01
2.034415e+01 2.010157e+01
2.023302e+01 1.999818e+01
2.009410e+01 1.991795e+01
2.001766e+01 1.987135e+01
1.992901e+01 1.980727e+01
1.988806e+01 1.970970e+01
1.982139e+01 1.964328e+01
1.974416e+01 1.958341e+01
1.965968e+01 1.951451e+01
1.959033e+01 1.946738e+01
1.950146e+01 1.941844e+01
1.945880e+01 1.934586e+01
1.940818e+01 1.929735e+01
1.936495e+01 1.926075e+01
1.932955e+01 1.921209e+01
1.926209e+01 1.916542e+01
1.919320e+01 1.913342e+01
1.917193e+01 1.908730e+01
1.911339e+01 1.903871e+01
1.906339e+01 1.900840e+01
1.903402e+01 1.898270e+01
1.899286e+01 1.894681e+01
1.897451e+01 1.891032e+01
1.892778e+01 1.888367e+01
1.889888e+01 1.884562e+01
1.045414e+10 6.735264e+08
2.262745e+03 1.557487e+03
1.324234e+02 1.192255e+02
1.091968e+02 9.579589e+01
1.022581e+02 9.289228e+01
1.007619e+02 8.573600e+01
9.924754e+01 8.533789e+01
9.837331e+01 8.417673e+01
9.655176e+01 8.417673e+01
9.530228e+01 8.417673e+01
9.312999e+01 8.218369e+01
9.356777e+01 7.974166e+01
9.149830e+01 7.839202e+01
9.004817e+01 7.833660e+01
8.840077e+01 7.547295e+01
8.592763e+01 7.020174e+01
7.903497e+01 6.335590e+01
7.894611e+01 5.854769e+01
7.841496e+01 5.718482e+01
7.418597e+01 5.515774e+01
7.246129e+01 5.077004e+01
6.859896e+01 5.053921e+01
7.118286e+01 4.765802e+01
6.783677e+01 4.698517e+01
6.507995e+01 4.486243e+01
6.387435e+01 4.360684e+01
6.572401e+01 4.322044e+01
6.398539e+01 4.180914e+01
6.169130e+01 4.008513e+01
6.024286e+01 3.970742e+01
6.116405e+01 3.842846e+01
5.934117e+01 3.788220e+01
5.992909e+01 3.696898e+01
5.603093e+01 3.640071e+01
5.613479e+01 3.562319e+01
5.470123e+01 3.482647e+01
5.254284e+01 3.418977e+01
4.895374e+01 3.310366e+01
4.797749e+01 3.228990e+01
4.602747e+01 3.177351e+01
4.589140e+01 3.081647e+01
4.165069e+01 3.019551e+01
3.866685e+01 2.989182e+01
3.712851e+01 2.939168e+01
3.628099e+01 2.924926e+01
3.664514e+01 2.880982e+01
3.468725e+01 2.860570e+01
3.326053e+01 2.822223e+01
3.168566e+01 2.787725e+01
2.942310e+01 2.757945e+01
2.858935e+01 2.715818e+01
2.787524e+01 2.681603e+01
2.764381e+01 2.660362e+01
2.741521e+01 2.633307e+01
2.676860e+01 2.615960e+01
2.697839e+01 2.592562e+01
2.661461e+01 2.573583e+01
2.618125e+01 2.562851e+01
2.623138e+01 2.544986e+01
2.583535e+01 2.539354e+01
2.591210e+01 2.530869e+01
2.577757e+01 2.515712e+01
2.558163e+01 2.505132e+01
2.566728e+01 2.501724e+01
2.538664e+01 2.493469e+01
2.512349e+01 2.487222e+01
2.500861e+01 2.471571e+01
2.488996e+01 2.467063e+01
2.482849e+01 2.464418e+01
2.475894e+01 2.461128e+01
2.465353e+01 2.456764e+01
2.461708e+01 2.450056e+01
2.456252e+01 2.446250e+01
2.452020e+01 2.443763e+01
2.446894e+01 2.439019e+01
2.443300e+01 2.434002e+01
2.439136e+01 2.431857e+01
2.434562e+01 2.427500e+01
2.430291e+01 2.423478e+01
2.425886e+01 2.421250e+01
2.422811e+01 2.417426e+01
2.420114e+01 2.415918e+01
2.417153e+01 2.412859e+01
2.414326e+01 2.410568e+01
2.412017e+01 2.407349e+01
2.407957e+01 2.403467e+01
2.404606e+01 2.400440e+01
2.400973e+01 2.398040e+01
2.398087e+01 2.394065e+01
2.395155e+01 2.391675e+01
2.392022e+01 2.388836e+01
2.389721e+01 2.386553e+01
2.386748e+01 2.383289e+01
2.384204e+01 2.381184e+01
2.382001e+01 2.379360e+01
2.379895e+01 2.376860e+01
2.377640e+01 2.374679e+01
2.375083e+01 2.372314e+01
2.372431e+01 2.370193e+01
2.370543e+01 2.367946e+01
2.368116e+01 2.365205e+01
8.836143e+09 3.441533e+08
6.346756e+02 4.549247e+02
1.127810e+02 9.790456e+01
1.009620e+02 8.982384e+01
9.604086e+01 8.569198e+01
9.359726e+01 7.844056e+01
8.658075e+01 6.617405e+01
8.372297e+01 6.275918e+01
8.325626e+01 5.959667e+01
8.223716e+01 5.780735e+01
8.177655e+01 5.668791e+01
8.255604e+01 5.659238e+01
7.645841e+01 5.581890e+01
7.489061e+01 5.464620e+01
7.612098e+01 5.191454e+01
7.556377e+01 5.144659e+01
7.635192e+01 5.053883e+01
7.085669e+01 5.053883e+01
7.062568e+01 4.914885e+01
7.196469e+01 4.820979e+01
6.735523e+01 4.732055e+01
7.280112e+01 4.564519e+01
6.821947e+01 4.457785e+01
6.836629e+01 4.419437e+01
6.385793e+01 4.358879e+01
5.724180e+01 4.357600e+01
5.759163e+01 4.190866e+01
5.692717e+01 4.059360e+01
5.372023e+01 3.888364e+01
5.062427e+01 3.686389e+01
4.785115e+01 3.612082e+01
4.621234e+01 3.423146e+01
4.439588e+01 3.301698e+01
4.341854e+01 3.219914e+01
3.992215e+01 3.131089e+01
3.791498e+01 3.081439e+01
3.717567e+01 3.016331e+01
3.353043e+01 2.953140e+01
3.302967e+01 2.879341e+01
3.244630e+01 2.848670e+01
3.145376e+01 2.782715e+01
3.017008e+01 2.732439e+01
3.042759e+01 2.675593e+01
2.918048e+01 2.638999e+01
2.848892e+01 2.607599e+01
2.809925e+01 2.589388e+01
2.787025e+01 2.552102e+01
2.774923e+01 2.538652e+01
2.724202e+01 2.506981e+01
2.633099e+01 2.477712e+01
2.607004e+01 2.428513e+01
2.561882e+01 2.418402e+01
2.542789e+01 2.395330e+01
2.489553e+01 2.375144e+01
2.507166e+01 2.361716e+01
2.477424e+01 2.346227e+01
2.417637e+01 2.328878e+01
2.401551e+01 2.309910e+01
2.397079e+01 2.290051e+01
2.368412e+01 2.269705e+01
2.342777e+01 2.266019e+01
2.310617e+01 2.255872e+01
2.296045e+01 2.236272e+01
2.283075e+01 2.221151e+01
2.266152e+01 2.207312e+01
2.246930e+01 2.198095e+01
2.229099e+01 2.182924e+01
2.224990e+01 2.163505e+01
2.202252e+01 2.160866e+01
2.200586e+01 2.154440e+01
2.186424e+01 2.138849e+01
2.166581e+01 2.133624e+01
2.156047e+01 2.123594e+01
2.154693e+01 2.113908e+01
2.133851e+01 2.109983e+01
2.126400e+01 2.095409e+01
2.119142e+01 2.090771e+01
2.106929e+01 2.084403e+01
2.103495e+01 2.075547e+01
2.094141e+01 2.070951e+01
2.086785e+01 2.062702e+01
2.075231e+01 2.056160e+01
2.069175e+01 2.049616e+01
2.062695e+01 2.040843e+01
2.053213e+01 2.037688e+01
2.047880e+01 2.035174e+01
2.044061e+01 2.030148e+01
2.037705e+01 2.027071e+01
2.033578e+01 2.020470e+01
2.026461e+01 2.013847e+01
2.021897e+01 2.012114e+01
2.015482e+01 2.008337e+01
2.012171e+01 2.003181e+01
2.007453e+01 1.997778e+01
2.002999e+01 1.995791e+01
1.999444e+01 1.990646e+01
1.993899e+01 1.986998e+01
1.991097e+01 1.983664e+01
1.986033e+01 1.979664e+01
1.983355e+01 1.977004e+01
1.980431e+01 1.973256e+01
8.559132e+09 6.592384e+08
8.645781e+02 6.478816e+02
1.156736e+02 1.002150e+02
1.056392e+02 9.825945e+01
1.024081e+02 9.173212e+01
1.001248e+02 8.895866e+01
9.953702e+01 8.663970e+01
9.471249e+01 8.377846e+01
8.949796e+01 7.218738e+01
8.926406e+01 6.945837e+01
8.415081e+01 6.586841e+01
8.349551e+01 6.356303e+01
8.058042e+01 6.015397e+01
7.806404e+01 6.015397e+01
8.184336e+01 6.013271e+01
7.820554e+01 5.784603e+01
8.043611e+01 5.695315e+01
7.783897e+01 5.595462e+01
7.651725e+01 5.547460e+01
7.559971e+01 5.380503e+01
7.757961e+01 5.244695e+01
7.891046e+01 5.231425e+01
7.186275e+01 5.170587e+01
6.888796e+01 5.078894e+01
7.391920e+01 5.017228e+01
7.588067e+01 4.898194e+01
7.102659e+01 4.678912e+01
7.209214e+01 4.550492e+01
6.647259e+01 4.445919e+01
7.008357e+01 4.382510e+01
6.315700e+01 4.315762e+01
6.492840e+01 4.264848e+01
6.335493e+01 4.163298e+01
6.246984e+01 4.027204e+01
6.247273e+01 3.932340e+01
6.202832e+01 3.880266e+01
5.729319e+01 3.816006e+01
5.101306e+01 3.763315e+01
5.152139e+01 3.682772e+01
5.111202e+01 3.573406e+01
4.826618e+01 3.531349e+01
5.003220e+01 3.507860e+01
4.506692e+01 3.430513e+01
4.584998e+01 3.393481e+01
4.151948e+01 3.339427e+01
4.258126e+01 3.289601e+01
4.065070e+01 3.237319e+01
4.045757e+01 3.221711e+01
3.884817e+01 3.180791e+01
3.650040e+01 3.152812e+01
3.914483e+01 3.127025e+01
3.694495e+01 3.094197e+01
3.588882e+01 3.068887e+01
3.584631e+01 3.052152e+01
3.464946e+01 3.029791e+01
3.358959e+01 3.010017e+01
3.290342e+01 2.971519e+01
3.199558e+01 2.935172e+01
3.048676e+01 2.917633e+01
3.028150e+01 2.889768e+01
2.995886e+01 2.868853e+01
2.964680e+01 2.852766e+01
2.920650e+01 2.836085e+01
2.945137e+01 2.806874e+01
2.889745e+01 2.802993e+01
2.913922e+01 2.788761e+01
2.879841e+01 2.779692e+01
2.861250e+01 2.766396e+01
2.849347e+01 2.754991e+01
2.790975e+01 2.744985e+01
2.779775e+01 2.735115e+01
2.771399e+01 2.729104e+01
2.765969e+01 2.724161e+01
2.749020e+01 2.719046e+01
2.740203e+01 2.714330e+01
2.727667e+01 2.707191e+01
2.725765e+01 2.702133e+01
2.713745e+01 2.697379e+01
2.707683e+01 2.692410e+01
2.703962e+01 2.683347e+01
2.695626e+01 2.677774e+01
2.689409e+01 2.672761e+01
2.685668e+01 2.669494e+01
2.678374e+01 2.666931e+01
2.671498e+01 2.661914e+01
2.668551e+01 2.657337e+01
2.662059e+01 2.651584e+01
2.656830e+01 2.647730e+01
2.652264e+01 2.646176e+01
2.649658e+01 2.641850e+01
2.646281e+01 2.638498e+01
2.642933e+01 2.634377e+01
2.638039e+01 2.630298e+01
2.633292e+01 2.625311e+01
2.629899e+01 2.622818e+01
2.625263e+01 2.619123e+01
2.621639e+01 2.615951e+01
2.618088e+01 2.611650e+01
2.613924e+01 2.609842e+01
2.610100e+01 2.606774e+01
2.607745e+01 2.603052e+01
7.081360e+09 3.110358e+08
8.717094e+02 5.485730e+02
1.155660e+02 9.916977e+01
1.033926e+02 8.963038e+01
9.946822e+01 8.963038e+01
9.453246e+01 7.310622e+01
8.815872e+01 6.743440e+01
8.587807e+01 6.641046e+01
8.631622e+01 6.385583e+01
8.258934e+01 6.127401e+01
8.121005e+01 5.992741e+01
8.042519e+01 5.777988e+01
7.896283e+01 5.737334e+01
7.564559e+01 5.443892e+01
7.557378e+01 5.362614e+01
7.362395e+01 5.178579e+01
7.624106e+01 5.175200e+01
7.235929e+01 5.102708e+01
7.042380e+01 5.069985e+01
7.309573e+01 4.895428e+01
7.380776e+01 4.783627e+01
7.090978e+01 4.766824e+01
7.026893e+01 4.622345e+01
6.939251e+01 4.591762e+01
6.979354e+01 4.573388e+01
6.741965e+01 4.531445e+01
6.755592e+01 4.517550e+01
6.650012e+01 4.440962e+01
6.673324e+01 4.356631e+01
6.539071e+01 4.124124e+01
6.497614e+01 4.093810e+01
6.931337e+01 4.020848e+01
6.542707e+01 3.958039e+01
6.660924e+01 3.767653e+01
6.382777e+01 3.719064e+01
5.875463e+01 3.719064e+01
5.189932e+01 3.680935e+01
5.766313e+01 3.612553e+01
5.213331e+01 3.572759e+01
4.984209e+01 3.528572e+01
5.376881e+01 3.371564e+01
5.551191e+01 3.364721e+01
5.214933e+01 3.364592e+01
5.284351e+01 3.290802e+01
4.663376e+01 3.253950e+01
4.979904e+01 3.196305e+01
4.822065e+01 3.093331e+01
4.435596e+01 3.077909e+01
4.680287e+01 2.977454e+01
3.930741e+01 2.937019e+01
3.833309e+01 2.813498e+01
3.744544e+01 2.720064e+01
3.940941e+01 2.616667e+01
3.440665e+01 2.601118e+01
3.218537e+01 2.539088e+01
3.144409e+01 2.482429e+01
3.130879e+01 2.443949e+01
3.007117e+01 2.417431e+01
2.927947e+01 2.376990e+01
2.817522e+01 2.339623e+01
2.686277e+01 2.310173e+01
2.563065e+01 2.288994e+01
2.620532e+01 2.227988e+01
2.491219e+01 2.209511e+01
2.353674e+01 2.181722e+01
2.304264e+01 2.152431e+01
2.290636e+01 2.127223e+01
2.199446e+01 2.094163e+01
2.182493e+01 2.069328e+01
2.136899e+01 2.057430e+01
2.110999e+01 2.044027e+01
2.091484e+01 2.027865e+01
2.070034e+01 2.009503e+01
2.051966e+01 2.000718e+01
2.040274e+01 1.986344e+01
2.010569e+01 1.976718e+01
2.010331e+01 1.971315e+01
1.996260e+01 1.962398e+01
1.989825e+01 1.956226e+01
1.988069e+01 1.941807e+01
1.972843e+01 1.928602e+01
1.968270e+01 1.925704e+01
1.969560e+01 1.921948e+01
1.955528e+01 1.917047e+01
1.949532e+01 1.912927e+01
1.938782e+01 1.906955e+01
1.944767e+01 1.901734e+01
1.925844e+01 1.897530e+01
1.912549e+01 1.892626e+01
1.904140e+01 1.888861e+01
1.893552e+01 1.883901e+01
1.889752e+01 1.878218e+01
1.883700e+01 1.875239e+01
1.879708e+01 1.867910e+01
1.877051e+01 1.865281e+01
1.872684e+01 1.862083e+01
1.867543e+01 1.859050e+01
1.862487e+01 1.856226e+01
1.858198e+01 1.853371e+01
1.854424e+01 1.850394e+01
1.852244e+01 1.846816e+01
1.119763e+10 5.241290e+08
9.097620e+02 6.464292e+02
1.124391e+02 9.923042e+01
1.034068e+02 9.324465e+01
1.001021e+02 8.765429e+01
9.587243e+01 8.765429e+01
9.348597e+01 8.073213e+01
8.847409e+01 8.009197e+01
8.668975e+01 7.504221e+01
8.631298e+01 7.488531e+01
8.700818e+01 7.362862e+01
8.396935e+01 7.185352e+01
7.920604e+01 6.324343e+01
7.771368e+01 5.328577e+01
7.618965e+01 5.327003e+01
7.392843e+01 5.327003e+01
7.084900e+01 5.060419e+01
6.950104e+01 4.699542e+01
7.112778e+01 4.644034e+01
6.668112e+01 4.585260e+01
6.834469e+01 4.384647e+01
6.938607e+01 4.366193e+01
6.489063e+01 4.215366e+01
6.557000e+01 4.203975e+01
6.537774e+01 3.981130e+01
6.559661e+01 3.756176e+01
6.326776e+01 3.740161e+01
6.335466e+01 3.609477e+01
6.392368e+01 3.444485e+01
5.745585e+01 3.412847e+01
5.728399e+01 3.366923e+01
6.091102e+01 3.255876e+01
5.671769e+01 3.246313e+01
5.447233e+01 3.210202e+01
5.332982e+01 3.210202e+01
5.670292e+01 3.104811e+01
5.357257e+01 3.066531e+01
5.426394e+01 2.992371e+01
5.054418e+01 2.945566e+01
4.959412e+01 2.882047e+01
4.694702e+01 2.782606e+01
4.036439e+01 2.634856e+01
3.908522e+01 2.527852e+01
3.294855e+01 2.417670e+01
3.356178e+01 2.369939e+01
2.943498e+01 2.304524e+01
2.756587e+01 2.279280e+01
2.491349e+01 2.189955e+01
2.461812e+01 2.137570e+01
2.310555e+01 2.099484e+01
2.264608e+01 2.068060e+01
2.268607e+01 2.026891e+01
2.121534e+01 1.985787e+01
2.103057e+01 1.941570e+01
2.062199e+01 1.924580e+01
2.019545e+01 1.893166e+01
1.948392e+01 1.867941e+01
1.945068e+01 1.858783e+01
1.911968e+01 1.833530e+01
1.864464e+01 1.815068e+01
1.853113e+01 1.794672e+01
1.831323e+01 1.782051e+01
1.822672e+01 1.774337e+01
1.805365e+01 1.761946e+01
1.787547e+01 1.751246e+01
1.777829e+01 1.744605e+01
1.755822e+01 1.734714e+01
1.745159e+01 1.726810e+01
1.735921e+01 1.719442e+01
1.726753e+01 1.713378e+01
1.724298e+01 1.708197e+01
1.715921e+01 1.702755e+01
1.710912e+01 1.696834e+01
1.702702e+01 1.691537e+01
1.697196e+01 1.686307e+01
1.691286e+01 1.682400e+01
1.687644e+01 1.679509e+01
1.685157e+01 1.675959e+01
1.680844e+01 1.672027e+01
1.676717e+01 1.669140e+01
1.672417e+01 1.665341e+01
1.669765e+01 1.664374e+01
1.667128e+01 1.661153e+01
1.663543e+01 1.659207e+01
1.661365e+01 1.656554e+01
1.658225e+01 1.654412e+01
1.655057e+01 1.651729e+01
1.652668e+01 1.649500e+01
1.650606e+01 1.647568e+01
1.649066e+01 1.645135e+01
1.646667e+01 1.643712e+01
1.644281e+01 1.640511e+01
1.642062e+01 1.638344e+01
1.639857e+01 1.636231e+01
1.637769e+01 1.635293e+01
1.636792e+01 1.633541e+01
1.634650e+01 1.631912e+01
1.633548e+01 1.631033e+01
1.631700e+01 1.629948e+01
1.630086e+01 1.627986e+01
1.628828e+01 1.627223e+01
1.021020e+10 1.033217e+09
7.595319e+02 5.711132e+02
1.138493e+02 9.594096e+01
1.015949e+02 9.068442e+01
9.630854e+01 8.562392e+01
9.355862e+01 8.289112e+01
8.989783e+01 7.786479e+01
8.696539e+01 7.457406e+01
8.487480e+01 7.386684e+01
8.034238e+01 6.628281e+01
7.779178e+01 6.280778e+01
7.119023e+01 5.343265e+01
6.722464e+01 4.842565e+01
6.347096e+01 4.147671e+01
5.997436e+01 4.030074e+01
6.087683e+01 3.930006e+01
5.792863e+01 3.870129e+01
5.514525e+01 3.766573e+01
5.515552e+01 3.657700e+01
5.764348e+01 3.576476e+01
5.327532e+01 3.528769e+01
5.298425e+01 3.481014e+01
5.325747e+01 3.318897e+01
5.007807e+01 3.308585e+01
4.932456e+01 3.270626e+01
4.781518e+01 3.218078e+01
5.076441e+01 3.116524e+01
5.229426e+01 3.077893e+01
4.837021e+01 3.031291e+01
5.114344e+01 2.947942e+01
4.682076e+01 2.917654e+01
4.587862e+01 2.880406e+01
4.666565e+01 2.838198e+01
4.731252e+01 2.822831e+01
4.598540e+01 2.778713e+01
4.402288e+01 2.717388e+01
4.169425e+01 2.677879e+01
3.627301e+01 2.677331e+01
3.760858e+01 2.643672e+01
4.069741e+01 2.589158e+01
3.572661e+01 2.548610e+01
3.429163e+01 2.528979e+01
3.412841e+01 2.474188e+01
3.311145e+01 2.434843e+01
3.285952e+01 2.421893e+01
3.333233e+01 2.369025e+01
2.947112e+01 2.330318e+01
3.066524e+01 2.296906e+01
2.893006e+01 2.259137e+01
2.740473e+01 2.228985e+01
2.599318e+01 2.178772e+01
2.399520e+01 2.154914e+01
2.253782e+01 2.106166e+01
2.221661e+01 2.076402e+01
2.182063e+01 2.049311e+01
2.114852e+01 2.031522e+01
2.072205e+01 2.010629e+01
2.055867e+01 1.989234e+01
2.040778e+01 1.980176e+01
2.025702e+01 1.974254e+01
2.001094e+01 1.963807e+01
1.986731e+01 1.955801e+01
1.972270e+01 1.949196e+01
1.972931e+01 1.942849e+01
1.964456e+01 1.936599e+01
1.947134e+01 1.930898e+01
1.944320e+01 1.924994e+01
1.936529e+01 1.922305e+01
1.927603e+01 1.919260e+01
1.923895e+01 1.915103e+01
1.923395e+01 1.912372e+01
1.917605e+01 1.908703e+01
1.916275e+01 1.906699e+01
1.911314e+01 1.905014e+01
1.908276e+01 1.903303e+01
1.906814e+01 1.901200e+01
1.905090e+01 1.900362e+01
1.902038e+01 1.899130e+01
1.900152e+01 1.897511e+01
1.898676e+01 1.895759e+01
1.897109e+01 1.894163e+01
1.894875e+01 1.891833e+01
1.893403e+01 1.890518e+01
1.891722e+01 1.889735e+01
1.890399e+01 1.888674e+01
1.888565e+01 1.887013e+01
1.887121e+01 1.885515e+01
1.886032e+01 1.883944e+01
1.884525e+01 1.882975e+01
1.883278e+01 1.882125e+01
1.881971e+01 1.881142e+01
1.880948e+01 1.879807e+01
1.879939e+01 1.879272e+01
1.878903e+01 1.878104e+01
1.877878e+01 1.876978e+01
1.876878e+01 1.875907e+01
1.875970e+01 1.875094e+01
1.875115e+01 1.874213e+01
1.874176e+01 1.873498e+01
1.873405e+01 1.872444e+01
1.872543e+01 1.871654e+01
7.186278e+09 6.331784e+08
1.196516e+03 9.229315e+02
1.211016e+02 1.098297e+02
1.094346e+02 9.866495e+01
1.030361e+02 8.999147e+01
9.931188e+01 8.675141e+01
9.753618e+01 8.392437e+01
9.379208e+01 7.985385e+01
8.832471e+01 6.969155e+01
8.746280e+01 6.678261e+01
8.352801e+01 6.389339e+01
8.377898e+01 6.205048e+01
8.039376e+01 6.129975e+01
7.811868e+01 6.049192e+01
7.589500e+01 5.828369e+01
7.595983e+01 5.772504e+01
7.584503e+01 5.547231e+01
7.391563e+01 5.434454e+01
7.763152e+01 5.433803e+01
7.286651e+01 5.419234e+01
7.461574e+01 5.201137e+01
7.258707e+01 4.969828e+01
7.050405e+01 4.941224e+01
6.633361e+01 4.922021e+01
6.945610e+01 4.894740e+01
6.777358e+01 4.742926e+01
6.871026e+01 4.657293e+01
6.766348e+01 4.571527e+01
6.598154e+01 4.571527e+01
6.380871e+01 4.465401e+01
6.141128e+01 4.399053e+01
6.110833e+01 4.360917e+01
5.947869e+01 4.248668e+01
6.064996e+01 4.176363e+01
5.944014e+01 4.167014e+01
5.733693e+01 4.128584e+01
6.077043e+01 3.984533e+01
5.677106e+01 3.980399e+01
5.788263e+01 3.928861e+01
5.820046e+01 3.835685e+01
5.365118e+01 3.810366e+01
5.428818e+01 3.764385e+01
5.600338e+01 3.727529e+01
5.010309e+01 3.693781e+01
5.329392e+01 3.601169e+01
5.067979e+01 3.557424e+01
4.758718e+01 3.508701e+01
4.549058e+01 3.425663e+01
4.615039e+01 3.404813e+01
4.570387e+01 3.380046e+01
4.429894e+01 3.338669e+01
3.843550e+01 3.272212e+01
3.548174e+01 3.209433e+01
3.264255e+01 3.114505e+01
3.200885e+01 3.063415e+01
3.111134e+01 3.032392e+01
3.075643e+01 2.999643e+01
3.058414e+01 2.975953e+01
3.021685e+01 2.935385e+01
2.972044e+01 2.909290e+01
2.944089e+01 2.884539e+01
2.919672e+01 2.850227e+01
2.883987e+01 2.835997e+01
2.866992e+01 2.819627e+01
2.848082e+01 2.800381e+01
2.835324e+01 2.783965e+01
2.804128e+01 2.759032e+01
2.777427e+01 2.746492e+01
2.762211e+01 2.732878e+01
2.743898e+01 2.713935e+01
2.719765e+01 2.692200e+01
2.700663e+01 2.678135e+01
2.686220e+01 2.658891e+01
2.670772e+01 2.642221e+01
2.654803e+01 2.629282e+01
2.636737e+01 2.617354e+01
2.621781e+01 2.604382e+01
2.609755e+01 2.590456e+01
2.599529e+01 2.578919e+01
2.581426e+01 2.561978e+01
2.570956e+01 2.552986e+01
2.559158e+01 2.544461e+01
2.549393e+01 2.535720e+01
2.539455e+01 2.522999e+01
2.527850e+01 2.510194e+01
2.516213e+01 2.500631e+01
2.505644e+01 2.493327e+01
2.494842e+01 2.485517e+01
2.488022e+01 2.470231e+01
2.473921e+01 2.462877e+01
2.464078e+01 2.453528e+01
2.455228e+01 2.443936e+01
2.446258e+01 2.439870e+01
2.439480e+01 2.432875e+01
2.433421e+01 2.427036e+01
2.428345e+01 2.419248e+01
2.420739e+01 2.412520e+01
2.414972e+01 2.408553e+01
2.409435e+01 2.403641e+01
2.405059e+01 2.399316e+01
2.399939e+01 2.394604e+01
1.017732e+10 5.139068e+08
9.227237e+02 6.276742e+02
1.144672e+02 1.033115e+02
1.036694e+02 8.672137e+01
1.000854e+02 8.630462e+01
9.666584e+01 8.630462e+01
9.180231e+01 8.046656e+01
8.841905e+01 7.065506e+01
8.745418e+01 6.812601e+01
8.651599e+01 6.588615e+01
8.429238e+01 6.297019e+01
8.343866e+01 6.031761e+01
7.996372e+01 5.772237e+01
7.696858e+01 5.608907e+01
7.864645e+01 5.587281e+01
7.926795e+01 5.448348e+01
8.058579e+01 5.436684e+01
8.058617e+01 5.322245e+01
7.526385e+01 5.203529e+01
7.424283e+01 5.200637e+01
7.224443e+01 5.134088e+01
7.397648e+01 5.080108e+01
7.442605e+01 5.023518e+01
7.283849e+01 4.882154e+01
7.493927e+01 4.839195e+01
6.718080e+01 4.839195e+01
6.951920e+01 4.721635e+01
6.428883e+01 4.698479e+01
6.954351e+01 4.615103e+01
6.212733e+01 4.574139e+01
6.363117e+01 4.307134e+01
6.610543e+01 4.233006e+01
6.103262e+01 4.168807e+01
6.324776e+01 4.159530e+01
6.270519e+01 3.964677e+01
6.169689e+01 3.899540e+01
5.809049e+01 3.888353e+01
5.689533e+01 3.750279e+01
5.420589e+01 3.676270e+01
5.034968e+01 3.595898e+01
4.742681e+01 3.517489e+01
4.225753e+01 3.365955e+01
4.096549e+01 3.313963e+01
3.656112e+01 3.249303e+01
3.593655e+01 3.172560e+01
3.435909e+01 3.154712e+01
3.413843e+01 3.102135e+01
3.240695e+01 3.076833e+01
3.239859e+01 3.035144e+01
3.165739e+01 3.023778e+01
3.098279e+01 2.974521e+01
3.087343e+01 2.940410e+01
3.018406e+01 2.893765e+01
3.009832e+01 2.881590e+01
2.948795e+01 2.863786e+01
2.931334e+01 2.828850e+01
2.882667e+01 2.809373e+01
2.861715e+01 2.797221e+01
2.841040e+01 2.772516e+01
2.816159e+01 2.768340e+01
2.794217e+01 2.750950e+01
2.775914e+01 2.738210e+01
2.767491e+01 2.722223e+01
2.742850e+01 2.711949e+01
2.736623e+01 2.698028e+01
2.715834e+01 2.687704e+01
2.703097e+01 2.679692e+01
2.696540e+01 2.673420e+01
2.683349e+01 2.664150e+01
2.668869e+01 2.652280e+01
2.659179e+01 2.645558e+01
2.651494e+01 2.638057e+01
2.644795e+01 2.628628e+01
2.638096e+01 2.620235e+01
2.629100e+01 2.615564e+01
2.620392e+01 2.609851e+01
2.614793e+01 2.602133e+01
2.608219e+01 2.597711e+01
2.602125e+01 2.590130e+01
2.596266e+01 2.584193e+01
2.589058e+01 2.578188e+01
2.584011e+01 2.569694e+01
2.574939e+01 2.567519e+01
2.569372e+01 2.559861e+01
2.562117e+01 2.554219e+01
2.555979e+01 2.549198e+01
2.548867e+01 2.542459e+01
2.543077e+01 2.534994e+01
2.536837e+01 2.531339e+01
2.531144e+01 2.525080e+01
2.525220e+01 2.520986e+01
2.519502e+01 2.514229e+01
2.514680e+01 2.509366e+01
2.510243e+01 2.505060e+01
2.506021e+01 2.501297e+01
2.501151e+01 2.496889e+01
2.497967e+01 2.494171e+01
2.493768e+01 2.489678e+01
2.489667e+01 2.485964e+01
2.486678e+01 2.480768e+01
2.482921e+01 2.479039e+01
1.003816e+10 8.085876e+08
1.400279e+03 1.038530e+03
1.142703e+02 1.014135e+02
1.055670e+02 9.304482e+01
1.031281e+02 8.798233e+01
9.913149e+01 8.798233e+01
9.616384e+01 8.092729e+01
9.450575e+01 8.092729e+01
9.271054e+01 7.745832e+01
8.492449e+01 7.235752e+01
8.353387e+01 6.708026e+01
8.190224e+01 6.405266e+01
8.106368e+01 6.050820e+01
7.972109e+01 5.655287e+01
7.897233e+01 5.596322e+01
7.839619e+01 5.485986e+01
7.680879e+01 5.260217e+01
7.820340e+01 5.094395e+01
7.603655e+01 4.999073e+01
7.433323e+01 4.908441e+01
7.622410e+01 4.908441e+01
7.151242e+01 4.848248e+01
6.706217e+01 4.820725e+01
7.143143e+01 4.735436e+01
7.282094e+01 4.679398e+01
6.927930e+01 4.621073e+01
6.963021e+01 4.509347e+01
6.782862e+01 4.509347e+01
6.380280e+01 4.487002e+01
6.489479e+01 4.482536e+01
6.734212e+01 4.423169e+01
6.729842e+01 4.186760e+01
6.777707e+01 4.162499e+01
6.729513e+01 4.126219e+01
6.519914e+01 4.068283e+01
6.095172e+01 3.976818e+01
6.720953e+01 3.918795e+01
6.221280e+01 3.829272e+01
6.033013e+01 3.735742e+01
6.211386e+01 3.634869e+01
5.696570e+01 3.600375e+01
6.075306e+01 3.576351e+01
5.698804e+01 3.497112e+01
5.490946e+01 3.432286e+01
5.318461e+01 3.382056e+01
5.129203e+01 3.326700e+01
4.501216e+01 3.221734e+01
4.423021e+01 3.114770e+01
4.314321e+01 3.058364e+01
4.559081e+01 2.951651e+01
4.704393e+01 2.902694e+01
4.331508e+01 2.853651e+01
4.761700e+01 2.821223e+01
3.805742e+01 2.783610e+01
3.509148e+01 2.691045e+01
3.274781e+01 2.600678e+01
2.958241e+01 2.530082e+01
2.629274e+01 2.478910e+01
2.512192e+01 2.431763e+01
2.463743e+01 2.403576e+01
2.430691e+01 2.348263e+01
2.386025e+01 2.326005e+01
2.365017e+01 2.305541e+01
2.333233e+01 2.274676e+01
2.293825e+01 2.257426e+01
2.279165e+01 2.239357e+01
2.261109e+01 2.223036e+01
2.237787e+01 2.204358e+01
2.219338e+01 2.192198e+01
2.201527e+01 2.175558e+01
2.189850e+01 2.168852e+01
2.180181e+01 2.157261e+01
2.167521e+01 2.148147e+01
2.156360e+01 2.136298e+01
2.149584e+01 2.129128e+01
2.136885e+01 2.121137e+01
2.127721e+01 2.110364e+01
2.118938e+01 2.105752e+01
2.110455e+01 2.100486e+01
2.105392e+01 2.095213e+01
2.101397e+01 2.090554e+01
2.093545e+01 2.084429e+01
2.088591e+01 2.078531e+01
2.083412e+01 2.076174e+01
2.077382e+01 2.070673e+01
2.073662e+01 2.065517e+01
2.070118e+01 2.059991e+01
2.063348e+01 2.055569e+01
2.059452e+01 2.052774e+01
2.055060e+01 2.050505e+01
2.051207e+01 2.047186e+01
2.048046e+01 2.043700e+01
2.044922e+01 2.041413e+01
2.043205e+01 2.038437e+01
2.039324e+01 2.036086e+01
2.037230e+01 2.034216e+01
2.034468e+01 2.030803e+01
2.032213e+01 2.028593e+01
2.029545e+01 2.026446e+01
2.027374e+01 2.024859e+01
2.024652e+01 2.022852e+01
9.861090e+09 9.848553e+08
7.403492e+02 4.658078e+02
1.108072e+02 9.944603e+01
1.012195e+02 8.719784e+01
9.574800e+01 8.289824e+01
9.237266e+01 8.049096e+01
8.994877e+01 7.821737e+01
8.771858e+01 7.660952e+01
8.605192e+01 7.583871e+01
8.045438e+01 6.714297e+01
7.324261e+01 5.728588e+01
7.224066e+01 5.472919e+01
7.067920e+01 4.934928e+01
6.882348e+01 4.723164e+01
6.711333e+01 4.574786e+01
6.841150e+01 4.375168e+01
6.693206e+01 4.339812e+01
6.608341e+01 4.150295e+01
6.568673e+01 4.076382e+01
6.275202e+01 4.018634e+01
6.054106e+01 3.866394e+01
5.980727e+01 3.830587e+01
5.949506e+01 3.815396e+01
5.456363e+01 3.773325e+01
5.783326e+01 3.724803e+01
5.557140e+01 3.615503e+01
5.245730e+01 3.565591e+01
5.328856e+01 3.484377e+01
5.119596e+01 3.336780e+01
4.988645e+01 3.262676e+01
4.910460e+01 3.133487e+01
4.251024e+01 3.071722e+01
4.289893e+01 2.871357e+01
4.008646e+01 2.809737e+01
3.325607e+01 2.709613e+01
3.278741e+01 2.617423e+01
3.192417e+01 2.544851e+01
2.869381e+01 2.454281e+01
2.706328e+01 2.396025e+01
2.617206e+01 2.341375e+01
2.455498e+01 2.301958e+01
2.432322e+01 2.273267e+01
2.358325e+01 2.251988e+01
2.332089e+01 2.235828e+01
2.272412e+01 2.207075e+01
2.268731e+01 2.183276e+01
2.235672e+01 2.158851e+01
2.195383e+01 2.136715e+01
2.167800e+01 2.126420e+01
2.163348e+01 2.104372e+01
2.131701e+01 2.092398e+01
2.114543e+01 2.076040e+01
2.098712e+01 2.065057e+01
2.080599e+01 2.056640e+01
2.072647e+01 2.040472e+01
2.055869e+01 2.031584e+01
2.047442e+01 2.015232e+01
2.030376e+01 2.009746e+01
2.021128e+01 2.002190e+01
2.013034e+01 1.988249e+01
2.003190e+01 1.979974e+01
1.991082e+01 1.976497e+01
1.981454e+01 1.965521e+01
1.972912e+01 1.960167e+01
1.965076e+01 1.950394e+01
1.958114e+01 1.944529e+01
1.950102e+01 1.940193e+01
1.944808e+01 1.934292e+01
1.937540e+01 1.926245e+01
1.931387e+01 1.919203e+01
1.926220e+01 1.915051e+01
1.917359e+01 1.910255e+01
1.913430e+01 1.903762e+01
1.908297e+01 1.900225e+01
1.903092e+01 1.894210e+01
1.896555e+01 1.889138e+01
1.890779e+01 1.881987e+01
1.885114e+01 1.879174e+01
1.883051e+01 1.872881e+01
1.877540e+01 1.869383e+01
1.872394e+01 1.863163e+01
1.867442e+01 1.860629e+01
1.861744e+01 1.853284e+01
1.857438e+01 1.850978e+01
1.852403e+01 1.848198e+01
1.848985e+01 1.842970e+01
1.844606e+01 1.840153e+01
1.841265e+01 1.835865e+01
1.839239e+01 1.833666e+01
1.834719e+01 1.830619e+01
1.831812e+01 1.828312e+01
1.828875e+01 1.823962e+01
1.825230e+01 1.820868e+01
1.821015e+01 1.816624e+01
1.817857e+01 1.814264e+01
1.814114e+01 1.811138e+01
1.811605e+01 1.807582e+01
1.808133e+01 1.804928e+01
1.805973e+01 1.802270e+01
1.802643e+01 1.798944e+01
1.798729e+01 1.795662e+01
8.871837e+09 8.546478e+08
7.852285e+02 5.338139e+02
1.029832e+02 9.162974e+01
9.703903e+01 8.805461e+01
9.518537e+01 8.546760e+01
9.374358e+01 8.034901e+01
9.083672e+01 7.979132e+01
8.895724e+01 7.666038e+01
8.585517e+01 7.661607e+01
8.817266e+01 7.514637e+01
8.272503e+01 7.413124e+01
8.061208e+01 6.740952e+01
7.886099e+01 6.618456e+01
7.628827e+01 6.337004e+01
6.966904e+01 5.317111e+01
6.774512e+01 4.672417e+01
6.641943e+01 4.648898e+01
6.470739e+01 4.632875e+01
6.271624e+01 4.511953e+01
6.390192e+01 4.233868e+01
6.322778e+01 4.213440e+01
6.104163e+01 3.985932e+01
5.991742e+01 3.805611e+01
5.677694e+01 3.784895e+01
5.300988e+01 3.693156e+01
5.424531e+01 3.599660e+01
5.975103e+01 3.449735e+01
5.576002e+01 3.357566e+01
5.366221e+01 3.290240e+01
5.253774e+01 3.125745e+01
5.062626e+01 3.124733e+01
4.717056e+01 3.021135e+01
4.695860e+01 2.988454e+01
4.569858e+01 2.967487e+01
4.690939e+01 2.844643e+01
4.504254e+01 2.840742e+01
4.216952e+01 2.794068e+01
3.981428e+01 2.706783e+01
3.817466e+01 2.653027e+01
3.796855e+01 2.547588e+01
3.755646e+01 2.500776e+01
3.358466e+01 2.417057e+01
3.111746e+01 2.392972e+01
3.072315e+01 2.305545e+01
3.093398e+01 2.279790e+01
3.215312e+01 2.236771e+01
2.889405e+01 2.120135e+01
2.706130e+01 2.081271e+01
2.678867e+01 2.031981e+01
2.518621e+01 2.019712e+01
2.741486e+01 1.987073e+01
2.579761e+01 1.865969e+01
2.273499e+01 1.851455e+01
2.198623e+01 1.817411e+01
2.011838e+01 1.802615e+01
1.885186e+01 1.732415e+01
1.829734e+01 1.692757e+01
1.758041e+01 1.656437e+01
1.713564e+01 1.633549e+01
1.690221e+01 1.621238e+01
1.668054e+01 1.610681e+01
1.649479e+01 1.581347e+01
1.624875e+01 1.574285e+01
1.615583e+01 1.561967e+01
1.583853e+01 1.542649e+01
1.566191e+01 1.533855e+01
1.549910e+01 1.525146e+01
1.538330e+01 1.514895e+01
1.537503e+01 1.504725e+01
1.517832e+01 1.498825e+01
1.506663e+01 1.487081e+01
1.497432e+01 1.480476e+01
1.489324e+01 1.473129e+01
1.481018e+01 1.466578e+01
1.472927e+01 1.462955e+01
1.464229e+01 1.456514e+01
1.458480e+01 1.450060e+01
1.452518e+01 1.442850e+01
1.446187e+01 1.436563e+01
1.439675e+01 1.431242e+01
1.433752e+01 1.426135e+01
1.427580e+01 1.420523e+01
1.420827e+01 1.414478e+01
1.414572e+01 1.409285e+01
1.409907e+01 1.406230e+01
1.406539e+01 1.402163e+01
1.401812e+01 1.397397e+01
1.397471e+01 1.392859e+01
1.393731e+01 1.389202e+01
1.390194e+01 1.386905e+01
1.386069e+01 1.382324e+01
1.383259e+01 1.379262e+01
1.379796e+01 1.377055e+01
1.376799e+01 1.373748e+01
1.373451e+01 1.370014e+01
1.371027e+01 1.368575e+01
1.368644e+01 1.365851e+01
1.365742e+01 1.363454e+01
1.363605e+01 1.361397e+01
1.360990e+01 1.358720e+01
1.358803e+01 1.356648e+01
9.251847e+09 4.066518e+08
5.467339e+02 3.362865e+02
1.093093e+02 1.010449e+02
1.010634e+02 8.978533e+01
9.313116e+01 8.285929e+01
9.464427e+01 8.249884e+01
9.032633e+01 7.966752e+01
8.831403e+01 7.829179e+01
8.925718e+01 7.616933e+01
8.774811e+01 7.616933e+01
8.729541e+01 7.616933e+01
8.495921e+01 6.942991e+01
8.180270e+01 6.750045e+01
8.189379e+01 6.739505e+01
7.796935e+01 6.739505e+01
7.601155e+01 6.663122e+01
7.566261e+01 6.360301e+01
7.358020e+01 6.218138e+01
6.992518e+01 5.102181e+01
6.549154e+01 4.796800e+01
6.448027e+01 4.615592e+01
6.303208e+01 4.342134e+01
6.075407e+01 4.152933e+01
6.011319e+01 3.895676e+01
5.842056e+01 3.752069e+01
5.680528e+01 3.490664e+01
5.659264e+01 3.387552e+01
5.572316e+01 3.346436e+01
5.386568e+01 3.335024e+01
5.597517e+01 3.258072e+01
5.176496e+01 3.193855e+01
5.140206e+01 3.119224e+01
5.055096e+01 3.080357e+01
5.066940e+01 3.071244e+01
4.685351e+01 3.071244e+01
4.663200e+01 2.948076e+01
4.329571e+01 2.919013e+01
4.407132e+01 2.842663e+01
4.162889e+01 2.674516e+01
3.957759e+01 2.638801e+01
4.295958e+01 2.581515e+01
3.819366e+01 2.552681e+01
3.260757e+01 2.478864e+01
3.177810e+01 2.432600e+01
2.943328e+01 2.402674e+01
2.749475e+01 2.341715e+01
2.612149e+01 2.291969e+01
2.511312e+01 2.203825e+01
2.504347e+01 2.114338e+01
2.327404e+01 2.086102e+01
2.275352e+01 2.060594e+01
2.233299e+01 2.026062e+01
2.105592e+01 1.995025e+01
2.077144e+01 1.948505e+01
2.001765e+01 1.933657e+01
1.995786e+01 1.906393e+01
1.968806e+01 1.893349e+01
1.939506e+01 1.880285e+01
1.924448e+01 1.869299e+01
1.898608e+01 1.854471e+01
1.889104e+01 1.843380e+01
1.872026e+01 1.828777e+01
1.862121e+01 1.822132e+01
1.841883e+01 1.811910e+01
1.836979e+01 1.803638e+01
1.817132e+01 1.797466e+01
1.812640e+01 1.787354e+01
1.807426e+01 1.782167e+01
1.794003e+01 1.775090e+01
1.787550e+01 1.765028e+01
1.778478e+01 1.760942e+01
1.773846e+01 1.754909e+01
1.764777e+01 1.748954e+01
1.755132e+01 1.742659e+01
1.748329e+01 1.736447e+01
1.744283e+01 1.730252e+01
1.737906e+01 1.724565e+01
1.732653e+01 1.722387e+01
1.728250e+01 1.717902e+01
1.722512e+01 1.709753e+01
1.715651e+01 1.705774e+01
1.709936e+01 1.702055e+01
1.705294e+01 1.697482e+01
1.700923e+01 1.691492e+01
1.695856e+01 1.688379e+01
1.690995e+01 1.684918e+01
1.686885e+01 1.680154e+01
1.684820e+01 1.676418e+01
1.680525e+01 1.674715e+01
1.678133e+01 1.672968e+01
1.674833e+01 1.670441e+01
1.672619e+01 1.667014e+01
1.669458e+01 1.664793e+01
1.667707e+01 1.661974e+01
1.664535e+01 1.660340e+01
1.661994e+01 1.658292e+01
1.659862e+01 1.655143e+01
1.657260e+01 1.653255e+01
1.654868e+01 1.650898e+01
1.652822e+01 1.648563e+01
1.650853e+01 1.646099e+01
7.670427e+09 4.646698e+08
9.607111e+02 6.715506e+02
1.220114e+02 1.083932e+02
1.063947e+02 9.544618e+01
1.002848e+02 8.927755e+01
9.649626e+01 8.170746e+01
9.421054e+01 8.170746e+01
9.235316e+01 8.043780e+01
9.084545e+01 7.954645e+01
8.974686e+01 7.903982e+01
8.821592e+01 7.819609e+01
8.822517e+01 7.557999e+01
8.540100e+01 7.481411e+01
8.433457e+01 7.044902e+01
8.114709e+01 6.449704e+01
7.486524e+01 6.407469e+01
6.918132e+01 5.652254e+01
6.788049e+01 5.099025e+01
6.919097e+01 4.716582e+01
6.414872e+01 4.607405e+01
6.098655e+01 4.314615e+01
5.851279e+01 4.232009e+01
5.858413e+01 3.951543e+01
5.763479e+01 3.916001e+01
5.596679e+01 3.865036e+01
5.332604e+01 3.739836e+01
5.419505e+01 3.714440e+01
5.632026e+01 3.451367e+01
5.646346e+01 3.431024e+01
4.991971e+01 3.353652e+01
5.043746e+01 3.317477e+01
5.180149e+01 3.166508e+01
4.896872e+01 3.147758e+01
4.797285e+01 3.044584e+01
4.255948e+01 2.961672e+01
4.461578e+01 2.874662e+01
4.536045e+01 2.770945e+01
4.009980e+01 2.732572e+01
3.776306e+01 2.690924e+01
3.285805e+01 2.606083e+01
2.894911e+01 2.499281e+01
2.647939e+01 2.451428e+01
2.548474e+01 2.393858e+01
2.469605e+01 2.321832e+01
2.411367e+01 2.308246e+01
2.374933e+01 2.285692e+01
2.332980e+01 2.248182e+01
2.310078e+01 2.227161e+01
2.284111e+01 2.199918e+01
2.251217e+01 2.186958e+01
2.233168e+01 2.171105e+01
2.201565e+01 2.146222e+01
2.175791e+01 2.134190e+01
2.161387e+01 2.114994e+01
2.138729e+01 2.105324e+01
2.122565e+01 2.085387e+01
2.096780e+01 2.065522e+01
2.081918e+01 2.052475e+01
2.060194e+01 2.037266e+01
2.045353e+01 2.021619e+01
2.031393e+01 2.009962e+01
2.019260e+01 2.000072e+01
2.003936e+01 1.985719e+01
1.993474e+01 1.981282e+01
1.982740e+01 1.967729e+01
1.968948e+01 1.958292e+01
1.958052e+01 1.949635e+01
1.950783e+01 1.943147e+01
1.940834e+01 1.933482e+01
1.934339e+01 1.927438e+01
1.927593e+01 1.919813e+01
1.921140e+01 1.915586e+01
1.915280e+01 1.910245e+01
1.910778e+01 1.905276e+01
1.905290e+01 1.898672e+01
1.899454e+01 1.894863e+01
1.894316e+01 1.891074e+01
1.890817e+01 1.885661e+01
1.886009e+01 1.881310e+01
1.882667e+01 1.878746e+01
1.878703e+01 1.875689e+01
1.875620e+01 1.872111e+01
1.872889e+01 1.868937e+01
1.869791e+01 1.866183e+01
1.865904e+01 1.863127e+01
1.863062e+01 1.860005e+01
1.860501e+01 1.857850e+01
1.857909e+01 1.856107e+01
1.855710e+01 1.853121e+01
1.853677e+01 1.851541e+01
1.851771e+01 1.849830e+01
1.849614e+01 1.848110e+01
1.847772e+01 1.846201e+01
1.846228e+01 1.844906e+01
1.844923e+01 1.843453e+01
1.843088e+01 1.841539e+01
1.841221e+01 1.840030e+01
1.839800e+01 1.838555e+01
1.838458e+01 1.836855e+01
1.836806e+01 1.835516e+01
1.835439e+01 1.834218e+01
8.280111e+09 8.683701e+08
8.653132e+02 5.213366e+02
1.195914e+02 1.077227e+02
1.084836e+02 9.776036e+01
1.029125e+02 9.219338e+01
9.976757e+01 8.315077e+01
9.647623e+01 8.309275e+01
9.440731e+01 8.309275e+01
9.347275e+01 8.045828e+01
9.106531e+01 7.830555e+01
9.042413e+01 7.716923e+01
9.067251e+01 7.631241e+01
8.553740e+01 7.191333e+01
8.363872e+01 6.555467e+01
8.130133e+01 6.249264e+01
7.995144e+01 5.828944e+01
7.568773e+01 5.571200e+01
7.686280e+01 5.397138e+01
7.218748e+01 5.108563e+01
7.116354e+01 4.974636e+01
7.436415e+01 4.707992e+01
7.231795e+01 4.707992e+01
7.003527e+01 4.670156e+01
6.867226e+01 4.430062e+01
6.747633e+01 4.399786e+01
6.923776e+01 4.325237e+01
6.453181e+01 4.152893e+01
6.231045e+01 4.109860e+01
6.161619e+01 4.040966e+01
5.874131e+01 3.922613e+01
5.444938e+01 3.842453e+01
5.263309e+01 3.742802e+01
5.055701e+01 3.625074e+01
4.951340e+01 3.498228e+01
5.131151e+01 3.418351e+01
5.034074e+01 3.277742e+01
4.696519e+01 3.190665e+01
4.757601e+01 3.069692e+01
4.403773e+01 3.024826e+01
4.275036e+01 3.006406e+01
4.359584e+01 2.977436e+01
4.032259e+01 2.913261e+01
3.675429e+01 2.817318e+01
3.950282e+01 2.769377e+01
3.544194e+01 2.738649e+01
3.098197e+01 2.680185e+01
2.922158e+01 2.622523e+01
2.831099e+01 2.539004e+01
2.631611e+01 2.504147e+01
2.595419e+01 2.457481e+01
2.559872e+01 2.441788e+01
2.504716e+01 2.417714e+01
2.460602e+01 2.385297e+01
2.427167e+01 2.351998e+01
2.405698e+01 2.336359e+01
2.363559e+01 2.318218e+01
2.355926e+01 2.303821e+01
2.339446e+01 2.292834e+01
2.311682e+01 2.271731e+01
2.306850e+01 2.257038e+01
2.282217e+01 2.241029e+01
2.266556e+01 2.230518e+01
2.245329e+01 2.220574e+01
2.242054e+01 2.211221e+01
2.224123e+01 2.203210e+01
2.220438e+01 2.191586e+01
2.206337e+01 2.182419e+01
2.193377e+01 2.175151e+01
2.187473e+01 2.162095e+01
2.176814e+01 2.150537e+01
2.165598e+01 2.147366e+01
2.157450e+01 2.144794e+01
2.151284e+01 2.137878e+01
2.147211e+01 2.131424e+01
2.137414e+01 2.128210e+01
2.133386e+01 2.124164e+01
2.127119e+01 2.119302e+01
2.124521e+01 2.115339e+01
2.117312e+01 2.110565e+01
2.113886e+01 2.107439e+01
2.110560e+01 2.103150e+01
2.105442e+01 2.099008e+01
2.101367e+01 2.094439e+01
2.097134e+01 2.091915e+01
2.092898e+01 2.088064e+01
2.088943e+01 2.084230e+01
2.085161e+01 2.081024e+01
2.081492e+01 2.077633e+01
2.078367e+01 2.074563e+01
2.075688e+01 2.071560e+01
2.072115e+01 2.068788e+01
2.068442e+01 2.064130e+01
2.065047e+01 2.062264e+01
2.061408e+01 2.059170e+01
2.058785e+01 2.055717e+01
2.056383e+01 2.053741e+01
2.053926e+01 2.050201e+01
2.050733e+01 2.047722e+01
2.048415e+01 2.045928e+01
2.046028e+01 2.043405e+01
2.043529e+01 2.041344e+01
1.073923e+10 5.695602e+08
1.451862e+03 1.010659e+03
1.127576e+02 9.749512e+01
9.844729e+01 8.659922e+01
9.584632e+01 8.566966e+01
9.052282e+01 7.523665e+01
9.061903e+01 7.523665e+01
8.619966e+01 7.431443e+01
8.764180e+01 7.431443e+01
8.612154e+01 7.006880e+01
8.532835e+01 7.006880e+01
8.072559e+01 6.751076e+01
7.680569e+01 6.185597e+01
7.373222e+01 5.603097e+01
7.361586e+01 5.220012e+01
7.052307e+01 4.984391e+01
7.152165e+01 4.930127e+01
7.023483e+01 4.811830e+01
6.785010e+01 4.675726e+01
6.500806e+01 4.568551e+01
6.565773e+01 4.417051e+01
6.491973e+01 4.118453e+01
6.450600e+01 4.087540e+01
6.202476e+01 4.070273e+01
6.293927e+01 4.053127e+01
6.068665e+01 3.939180e+01
6.523132e+01 3.915871e+01
6.299013e+01 3.852127e+01
5.613697e+01 3.795323e+01
5.574288e+01 3.663178e+01
5.668933e+01 3.622853e+01
5.399216e+01 3.545337e+01
5.250011e+01 3.431590e+01
5.221873e+01 3.331020e+01
4.957339e+01 3.275959e+01
5.118369e+01 3.171386e+01
4.623492e+01 3.102291e+01
4.209635e+01 3.053680e+01
4.038583e+01 2.919080e+01
3.624632e+01 2.811504e+01
3.337058e+01 2.680100e+01
3.097225e+01 2.635950e+01
2.968041e+01 2.577757e+01
2.888266e+01 2.488305e+01
2.699902e+01 2.411088e+01
2.586372e+01 2.366246e+01
2.519638e+01 2.322941e+01
2.402414e+01 2.270408e+01
2.381521e+01 2.212811e+01
2.281275e+01 2.178926e+01
2.247173e+01 2.138706e+01
2.221215e+01 2.113958e+01
2.165569e+01 2.077992e+01
2.146818e+01 2.058752e+01
2.110284e+01 2.037775e+01
2.077765e+01 2.017594e+01
2.063912e+01 1.992382e+01
2.021416e+01 1.979700e+01
2.032303e+01 1.963975e+01
1.983331e+01 1.946644e+01
1.981677e+01 1.936249e+01
1.950205e+01 1.915883e+01
1.932534e+01 1.902665e+01
1.920198e+01 1.889431e+01
1.897806e+01 1.865735e+01
1.885741e+01 1.858893e+01
1.872854e+01 1.837431e+01
1.859511e+01 1.834366e+01
1.842812e+01 1.824577e+01
1.831010e+01 1.813203e+01
1.818895e+01 1.799714e+01
1.804952e+01 1.792323e+01
1.795520e+01 1.780148e+01
1.788733e+01 1.770017e+01
1.777037e+01 1.763172e+01
1.768346e+01 1.756550e+01
1.758686e+01 1.748786e+01
1.751043e+01 1.737896e+01
1.743161e+01 1.734672e+01
1.737479e+01 1.728858e+01
1.731460e+01 1.723437e+01
1.725452e+01 1.717287e+01
1.720279e+01 1.711423e+01
1.713846e+01 1.707630e+01
1.709641e+01 1.703162e+01
1.705633e+01 1.699383e+01
1.701582e+01 1.693701e+01
1.695245e+01 1.689370e+01
1.692031e+01 1.685702e+01
1.687657e+01 1.681539e+01
1.683489e+01 1.678346e+01
1.678988e+01 1.674493e+01
1.675019e+01 1.671207e+01
1.671948e+01 1.667758e+01
1.668974e+01 1.664651e+01
1.665314e+01 1.659787e+01
1.661125e+01 1.657596e+01
1.658443e+01 1.653220e+01
1.653810e+01 1.649770e+01
1.651020e+01 1.646114e+01
1.646771e+01 1.642969e+01
1.027096e+10 2.739060e+08
5.329991e+02 3.976174e+02
1.118974e+02 9.074415e+01
1.021216e+02 8.763876e+01
9.645730e+01 8.733958e+01
9.456446e+01 8.444555e+01
9.017202e+01 7.205746e+01
8.511894e+01 6.828151e+01
8.172529e+01 6.518581e+01
8.064207e+01 6.255145e+01
8.170934e+01 5.889958e+01
8.144080e+01 5.713935e+01
8.080815e+01 5.415878e+01
7.960262e+01 5.336082e+01
7.843534e+01 5.093815e+01
7.499759e+01 5.068250e+01
7.384083e+01 4.987870e+01
7.504391e+01 4.851358e+01
7.269845e+01 4.796315e+01
7.043709e+01 4.735725e+01
6.949132e+01 4.658352e+01
7.478219e+01 4.551017e+01
6.675482e+01 4.507477e+01
6.916590e+01 4.498142e+01
6.732223e+01 4.473261e+01
6.741130e+01 4.465302e+01
5.977647e+01 4.235839e+01
5.601459e+01 4.179986e+01
5.679548e+01 3.978965e+01
5.293138e+01 3.889566e+01
5.033327e+01 3.687931e+01
4.489730e+01 3.607543e+01
4.737832e+01 3.543229e+01
4.511134e+01 3.411522e+01
4.281416e+01 3.368858e+01
4.092855e+01 3.332592e+01
3.918527e+01 3.258384e+01
3.878425e+01 3.232316e+01
3.841109e+01 3.181016e+01
3.538483e+01 3.160366e+01
3.521130e+01 3.117936e+01
3.459280e+01 3.040855e+01
3.502941e+01 3.011084e+01
3.227762e+01 3.005177e+01
3.284252e+01 2.982368e+01
3.193109e+01 2.965638e+01
3.202147e+01 2.934221e+01
3.066609e+01 2.901587e+01
2.988663e+01 2.870501e+01
2.971681e+01 2.847545e+01
2.944162e+01 2.833740e+01
2.903978e+01 2.809302e+01
2.885670e+01 2.790452e+01
2.871301e+01 2.768154e+01
2.859712e+01 2.759712e+01
2.840099e+01 2.745459e+01
2.793427e+01 2.715901e+01
2.781585e+01 2.709713e+01
2.761830e+01 2.700162e+01
2.741491e+01 2.684518e+01
2.712774e+01 2.672375e+01
2.721176e+01 2.666772e+01
2.708015e+01 2.656217e+01
2.696530e+01 2.645283e+01
2.674174e+01 2.635760e+01
2.653114e+01 2.622157e+01
2.657953e+01 2.614226e+01
2.635798e+01 2.610096e+01
2.623534e+01 2.596487e+01
2.618234e+01 2.586730e+01
2.615327e+01 2.581098e+01
2.599479e+01 2.576410e+01
2.590470e+01 2.563693e+01
2.580864e+01 2.556175e+01
2.576951e+01 2.550161e+01
2.566487e+01 2.545234e+01
2.557100e+01 2.534335e+01
2.548786e+01 2.529026e+01
2.542190e+01 2.525351e+01
2.531915e+01 2.521060e+01
2.528399e+01 2.515370e+01
2.523520e+01 2.509928e+01
2.515853e+01 2.503602e+01
2.513262e+01 2.497998e+01
2.507572e+01 2.495705e+01
2.501382e+01 2.492868e+01
2.496629e+01 2.488288e+01
2.491727e+01 2.485060e+01
2.487330e+01 2.478155e+01
2.485491e+01 2.474660e+01
2.479335e+01 2.469595e+01
2.474381e+01 2.467176e+01
2.471662e+01 2.463386e+01
2.466772e+01 2.458841e+01
2.461412e+01 2.455496e+01
2.456917e+01 2.451317e+01
2.452582e+01 2.448484e+01
2.449800e+01 2.444617e+01
2.446592e+01 2.441202e+01
2.444233e+01 2.437368e+01
2.439721e+01 2.434336e+01
8.476936e+09 6.255531e+08
6.752259e+02 5.684210e+02
1.197039e+02 9.704362e+01
1.077559e+02 9.480136e+01
1.050186e+02 9.480136e+01
1.019383e+02 9.093885e+01
9.889872e+01 8.917838e+01
9.708253e+01 8.452248e+01
9.580434e+01 8.351870e+01
9.280642e+01 8.338986e+01
9.263338e+01 8.031693e+01
9.081567e+01 7.958030e+01
8.962806e+01 7.949596e+01
8.258038e+01 6.873905e+01
7.994878e+01 6.357509e+01
7.886161e+01 6.077244e+01
7.505750e+01 5.967631e+01
7.548424e+01 5.739932e+01
7.435568e+01 5.369499e+01
7.286613e+01 5.209090e+01
7.050139e+01 5.206956e+01
7.496879e+01 5.039141e+01
7.233941e+01 4.811787e+01
7.210067e+01 4.760289e+01
7.157135e+01 4.697819e+01
7.213089e+01 4.661421e+01
6.928209e+01 4.596168e+01
6.736279e+01 4.507974e+01
6.603116e+01 4.471221e+01
6.446154e+01 4.388540e+01
6.042577e+01 4.310360e+01
6.386593e+01 4.133192e+01
5.902944e+01 4.101259e+01
6.149137e+01 4.015988e+01
6.136676e+01 3.972245e+01
5.702139e+01 3.912334e+01
5.694834e+01 3.809263e+01
5.904088e+01 3.694309e+01
5.544275e+01 3.660779e+01
5.297056e+01 3.596061e+01
4.911538e+01 3.541878e+01
5.099935e+01 3.351029e+01
5.424291e+01 3.313560e+01
4.911309e+01 3.296676e+01
4.812919e+01 3.221309e+01
5.239623e+01 3.057437e+01
5.077033e+01 3.019752e+01
4.693089e+01 2.974627e+01
4.196912e+01 2.868097e+01
4.048248e+01 2.854681e+01
3.656827e+01 2.783985e+01
3.335580e+01 2.716559e+01
2.946121e+01 2.648023e+01
2.820391e+01 2.516682e+01
2.640079e+01 2.475042e+01
2.612515e+01 2.392966e+01
2.454335e+01 2.365463e+01
2.428411e+01 2.300773e+01
2.367018e+01 2.273904e+01
2.324356e+01 2.240953e+01
2.287134e+01 2.226222e+01
2.265832e+01 2.211100e+01
2.258930e+01 2.197603e+01
2.227762e+01 2.181002e+01
2.202489e+01 2.173050e+01
2.185397e+01 2.151929e+01
2.172320e+01 2.143020e+01
2.157504e+01 2.135215e+01
2.148448e+01 2.127356e+01
2.136648e+01 2.117513e+01
2.129304e+01 2.111103e+01
2.122312e+01 2.104131e+01
2.116117e+01 2.099648e+01
2.107240e+01 2.092380e+01
2.099559e+01 2.088984e+01
2.094346e+01 2.082874e+01
2.088432e+01 2.079180e+01
2.081322e+01 2.073287e+01
2.076108e+01 2.068106e+01
2.070641e+01 2.064747e+01
2.066834e+01 2.056975e+01
2.059614e+01 2.053141e+01
2.054434e+01 2.046871e+01
2.050329e+01 2.043714e+01
2.046099e+01 2.041532e+01
2.042112e+01 2.037859e+01
2.039265e+01 2.034800e+01
2.035809e+01 2.032700e+01
2.032360e+01 2.029125e+01
2.030069e+01 2.025700e+01
2.026154e+01 2.023150e+01
2.023348e+01 2.020004e+01
2.020528e+01 2.017725e+01
2.017329e+01 2.014874e+01
2.014270e+01 2.012212e+01
2.011901e+01 2.009419e+01
2.009087e+01 2.007073e+01
2.006291e+01 2.003807e+01
2.003528e+01 2.001624e+01
2.001759e+01 1.998874e+01
1.998773e+01 1.996701e+01
