5.001957e+01 4.891936e+01
4.868392e+01 4.782607e+01
4.861985e+01 4.745637e+01
4.853578e+01 4.745637e+01
4.844116e+01 4.683076e+01
4.845332e+01 4.683076e+01
4.830566e+01 4.672378e+01
4.782040e+01 4.621222e+01
4.732486e+01 4.490382e+01
4.706244e+01 4.489184e+01
4.690068e+01 4.489184e+01
4.682110e+01 4.484073e+01
4.655577e+01 4.448918e+01
4.668121e+01 4.440448e+01
4.649050e+01 4.390952e+01
4.633860e+01 4.365075e+01
4.632435e+01 4.365075e+01
4.585421e+01 4.357819e+01
4.613570e+01 4.322316e+01
4.606366e+01 4.307389e+01
4.641081e+01 4.305732e+01
4.613484e+01 4.301250e+01
4.586546e+01 4.276180e+01
4.561529e+01 4.190828e+01
4.564793e+01 4.190828e+01
4.569435e+01 4.126012e+01
4.543405e+01 4.126012e+01
4.478724e+01 4.106201e+01
4.485121e+01 4.105294e+01
4.440127e+01 4.104917e+01
4.400899e+01 4.104473e+01
4.450858e+01 4.076478e+01
4.509292e+01 4.076478e+01
4.455672e+01 4.075975e+01
4.450746e+01 4.067464e+01
4.401945e+01 4.060973e+01
4.426883e+01 4.050469e+01
4.402232e+01 4.050468e+01
4.410715e+01 4.046340e+01
4.419073e+01 4.044030e+01
4.444095e+01 4.035536e+01
4.438685e+01 4.033656e+01
4.407125e+01 4.012293e+01
4.384160e+01 4.004392e+01
4.409892e+01 3.993046e+01
4.401384e+01 3.979803e+01
4.377769e+01 3.971475e+01
4.389741e+01 3.968975e+01
4.385486e+01 3.963521e+01
4.348149e+01 3.963473e+01
4.291386e+01 3.960672e+01
4.226131e+01 3.926312e+01
4.172920e+01 3.918368e+01
4.136091e+01 3.908789e+01
4.151132e+01 3.904500e+01
4.210405e+01 3.894100e+01
4.168286e+01 3.886546e+01
4.119392e+01 3.882819e+01
4.060063e+01 3.877712e+01
4.094579e+01 3.875687e+01
4.067454e+01 3.869993e+01
4.068464e+01 3.868625e+01
4.078225e+01 3.865275e+01
4.076656e+01 3.863088e+01
4.016554e+01 3.859807e+01
4.057292e+01 3.858470e+01
4.045811e+01 3.856254e+01
3.940140e+01 3.854742e+01
3.963028e+01 3.853852e+01
3.971035e+01 3.853696e+01
3.916279e+01 3.853232e+01
3.910512e+01 3.851626e+01
3.914794e+01 3.849192e+01
3.902897e+01 3.848156e+01
3.913344e+01 3.846857e+01
3.883670e+01 3.846464e+01
3.887784e+01 3.845245e+01
3.886173e+01 3.843679e+01
3.882045e+01 3.842125e+01
3.871809e+01 3.841910e+01
3.870510e+01 3.841588e+01
3.876452e+01 3.841130e+01
3.865221e+01 3.840852e+01
3.861730e+01 3.840656e+01
3.856116e+01 3.839688e+01
3.852871e+01 3.839094e+01
3.853349e+01 3.838643e+01
3.850271e+01 3.838311e+01
3.842228e+01 3.837938e+01
3.842786e+01 3.837540e+01
3.842546e+01 3.837316e+01
3.843413e+01 3.836972e+01
3.842889e+01 3.836608e+01
3.841587e+01 3.836104e+01
3.840775e+01 3.835688e+01
3.840095e+01 3.835674e+01
3.839242e+01 3.835553e+01
3.838078e+01 3.835414e+01
3.837798e+01 3.835115e+01
3.837864e+01 3.834953e+01
3.837304e+01 3.834736e+01
5.004575e+01 4.882562e+01
4.854664e+01 4.739445e+01
4.840763e+01 4.739445e+01
4.843095e+01 4.739445e+01
4.832211e+01 4.723364e+01
4.765760e+01 4.586381e+01
4.734291e+01 4.567819e+01
4.722265e+01 4.525908e+01
4.699268e+01 4.480930e+01
4.676470e+01 4.479236e+01
4.670980e+01 4.479236e+01
4.653891e+01 4.427849e+01
4.638350e+01 4.407063e+01
4.621081e+01 4.376428e+01
4.627592e+01 4.376428e+01
4.589652e+01 4.366597e+01
4.604286e+01 4.366597e+01
4.592682e+01 4.357562e+01
4.578960e+01 4.353839e+01
4.576252e+01 4.334505e+01
4.565091e+01 4.324166e+01
4.567295e+01 4.299626e+01
4.571547e+01 4.288153e+01
4.574985e+01 4.282846e+01
4.567369e+01 4.265578e+01
4.520898e+01 4.237039e+01
4.535541e+01 4.212112e+01
4.438183e+01 4.212112e+01
4.481317e+01 4.183986e+01
4.485333e+01 4.164693e+01
4.422654e+01 4.159203e+01
4.443392e+01 4.155954e+01
4.410093e+01 4.133719e+01
4.418233e+01 4.125901e+01
4.427474e+01 4.120266e+01
4.410752e+01 4.102153e+01
4.412083e+01 4.069684e+01
4.401016e+01 4.060699e+01
4.342716e+01 4.060699e+01
4.301238e+01 4.028506e+01
4.346411e+01 4.022077e+01
4.309014e+01 4.020540e+01
4.279554e+01 4.013367e+01
4.241456e+01 4.012409e+01
4.274976e+01 4.001616e+01
4.267993e+01 3.990002e+01
4.207957e+01 3.989127e+01
4.246487e+01 3.987196e+01
4.232385e+01 3.983900e+01
4.215838e+01 3.979027e+01
4.247325e+01 3.975469e+01
4.175331e+01 3.968371e+01
4.191555e+01 3.966053e+01
4.153246e+01 3.963387e+01
4.146786e+01 3.959607e+01
4.121208e+01 3.959294e+01
4.103375e+01 3.956290e+01
4.078974e+01 3.951648e+01
4.125157e+01 3.949318e+01
4.113567e+01 3.942500e+01
4.102616e+01 3.930048e+01
4.091438e+01 3.914341e+01
4.075909e+01 3.912592e+01
4.102838e+01 3.881079e+01
4.034567e+01 3.880779e+01
4.080353e+01 3.880546e+01
4.042628e+01 3.879273e+01
4.026799e+01 3.878831e+01
4.008537e+01 3.875653e+01
4.012994e+01 3.874478e+01
3.989771e+01 3.872848e+01
3.971411e+01 3.871795e+01
3.993533e+01 3.871525e+01
3.986586e+01 3.870605e+01
3.974421e+01 3.870576e+01
3.969692e+01 3.870392e+01
3.973149e+01 3.869669e+01
3.998981e+01 3.868517e+01
3.988419e+01 3.867908e+01
3.982844e+01 3.867421e+01
3.974634e+01 3.866109e+01
3.974498e+01 3.865826e+01
3.986280e+01 3.865424e+01
3.963228e+01 3.865274e+01
3.970489e+01 3.863777e+01
3.977723e+01 3.862217e+01
3.976677e+01 3.862168e+01
3.986743e+01 3.861873e+01
3.988700e+01 3.861385e+01
4.006500e+01 3.861263e+01
3.976103e+01 3.860684e+01
3.975575e+01 3.859423e+01
3.948450e+01 3.855712e+01
3.936032e+01 3.854925e+01
3.922059e+01 3.849457e+01
3.902853e+01 3.845229e+01
3.911213e+01 3.842604e+01
3.927936e+01 3.840126e+01
3.902243e+01 3.838019e+01
3.919228e+01 3.837141e+01
3.918174e+01 3.835903e+01
4.998504e+01 4.868722e+01
4.853755e+01 4.771056e+01
4.847344e+01 4.765325e+01
4.835965e+01 4.762650e+01
4.830110e+01 4.732974e+01
4.772565e+01 4.603054e+01
4.731285e+01 4.550885e+01
4.716201e+01 4.437927e+01
4.694333e+01 4.384845e+01
4.671649e+01 4.366767e+01
4.682551e+01 4.363676e+01
4.648583e+01 4.363676e+01
4.627841e+01 4.363676e+01
4.555760e+01 4.360772e+01
4.576654e+01 4.345334e+01
4.603776e+01 4.336042e+01
4.572649e+01 4.285536e+01
4.608703e+01 4.284475e+01
4.553146e+01 4.282826e+01
4.576258e+01 4.256750e+01
4.598651e+01 4.249648e+01
4.596679e+01 4.235812e+01
4.538764e+01 4.235812e+01
4.533450e+01 4.232309e+01
4.543179e+01 4.230219e+01
4.570834e+01 4.215202e+01
4.541965e+01 4.190104e+01
4.528618e+01 4.190104e+01
4.503931e+01 4.151571e+01
4.446871e+01 4.151571e+01
4.427134e+01 4.151571e+01
4.403457e+01 4.150044e+01
4.386959e+01 4.144724e+01
4.505435e+01 4.144724e+01
4.444721e+01 4.119768e+01
4.403714e+01 4.119768e+01
4.438756e+01 4.100593e+01
4.472319e+01 4.077803e+01
4.450599e+01 4.054038e+01
4.425951e+01 4.040917e+01
4.383683e+01 4.040917e+01
4.327827e+01 4.040917e+01
4.306854e+01 4.011750e+01
4.316420e+01 4.006359e+01
4.375555e+01 3.964170e+01
4.410213e+01 3.956892e+01
4.387242e+01 3.939393e+01
4.333987e+01 3.939359e+01
4.342553e+01 3.930687e+01
4.249956e+01 3.910296e+01
4.238646e+01 3.904019e+01
4.232116e+01 3.898508e+01
4.248249e+01 3.894526e+01
4.262476e+01 3.887494e+01
4.176201e+01 3.887203e+01
4.150225e+01 3.879810e+01
4.151725e+01 3.869002e+01
4.120650e+01 3.865388e+01
4.147580e+01 3.858885e+01
4.138305e+01 3.854518e+01
4.116788e+01 3.854389e+01
4.063149e+01 3.849302e+01
4.027821e+01 3.846103e+01
4.040183e+01 3.842996e+01
4.017767e+01 3.838217e+01
4.017655e+01 3.835721e+01
4.009055e+01 3.832682e+01
3.998926e+01 3.815526e+01
3.976566e+01 3.810556e+01
4.003893e+01 3.807606e+01
3.966103e+01 3.803176e+01
3.945877e+01 3.799640e+01
3.902655e+01 3.798053e+01
3.893730e+01 3.794332e+01
3.918936e+01 3.793491e+01
3.941177e+01 3.790705e+01
3.910464e+01 3.789382e+01
3.894221e+01 3.789112e+01
3.894532e+01 3.786617e+01
3.895345e+01 3.785055e+01
3.876951e+01 3.784852e+01
3.836646e+01 3.784344e+01
3.841679e+01 3.783290e+01
3.826564e+01 3.782759e+01
3.843253e+01 3.781634e+01
3.837137e+01 3.780538e+01
3.835856e+01 3.779443e+01
3.836159e+01 3.777652e+01
3.821243e+01 3.777446e+01
3.815715e+01 3.777056e+01
3.805256e+01 3.776709e+01
3.807111e+01 3.775465e+01
3.806185e+01 3.774457e+01
3.808354e+01 3.773232e+01
3.820360e+01 3.772193e+01
3.808204e+01 3.771289e+01
3.802438e+01 3.771066e+01
3.793297e+01 3.770934e+01
3.812412e+01 3.770092e+01
3.806626e+01 3.769899e+01
3.806515e+01 3.769801e+01
5.001954e+01 4.879670e+01
4.858699e+01 4.743913e+01
4.848175e+01 4.743913e+01
4.832875e+01 4.707560e+01
4.833811e+01 4.707560e+01
4.823017e+01 4.707560e+01
4.823685e+01 4.707560e+01
4.749425e+01 4.562406e+01
4.695683e+01 4.509346e+01
4.669736e+01 4.437003e+01
4.684340e+01 4.394684e+01
4.663591e+01 4.378206e+01
4.628928e+01 4.323872e+01
4.640489e+01 4.323872e+01
4.625237e+01 4.291251e+01
4.634060e+01 4.290553e+01
4.607213e+01 4.289884e+01
4.596955e+01 4.279443e+01
4.611099e+01 4.277078e+01
4.546517e+01 4.260046e+01
4.557166e+01 4.236509e+01
4.534020e+01 4.236509e+01
4.560945e+01 4.233041e+01
4.550198e+01 4.182704e+01
4.508607e+01 4.181509e+01
4.491111e+01 4.165447e+01
4.498405e+01 4.131142e+01
4.455386e+01 4.118072e+01
4.472411e+01 4.103980e+01
4.469815e+01 4.099150e+01
4.455265e+01 4.095253e+01
4.473232e+01 4.077149e+01
4.426935e+01 4.061686e+01
4.318891e+01 4.032761e+01
4.260632e+01 4.006056e+01
4.160843e+01 3.983112e+01
4.173181e+01 3.971672e+01
4.182308e+01 3.955321e+01
4.156133e+01 3.935608e+01
4.164560e+01 3.929268e+01
4.159420e+01 3.917939e+01
4.122238e+01 3.908094e+01
4.091811e+01 3.904023e+01
4.076631e+01 3.902549e+01
4.125339e+01 3.890080e+01
4.116006e+01 3.872869e+01
4.031318e+01 3.866364e+01
4.039048e+01 3.859827e+01
4.070672e+01 3.844122e+01
4.014170e+01 3.840296e+01
4.023734e+01 3.832066e+01
4.009779e+01 3.824832e+01
3.991078e+01 3.818148e+01
4.011089e+01 3.812363e+01
3.976487e+01 3.802869e+01
3.980667e+01 3.797875e+01
3.937132e+01 3.792274e+01
3.962679e+01 3.778186e+01
3.934173e+01 3.776582e+01
3.907349e+01 3.771714e+01
3.919252e+01 3.769772e+01
3.890313e+01 3.768316e+01
3.938608e+01 3.766635e+01
3.877612e+01 3.763722e+01
3.857179e+01 3.760480e+01
3.897551e+01 3.757964e+01
3.871922e+01 3.754939e+01
3.885873e+01 3.746378e+01
3.858356e+01 3.742854e+01
3.873702e+01 3.741791e+01
3.847414e+01 3.738598e+01
3.823886e+01 3.738354e+01
3.840920e+01 3.734429e+01
3.833758e+01 3.731877e+01
3.806516e+01 3.727456e+01
3.771511e+01 3.726122e+01
3.786118e+01 3.725442e+01
3.778728e+01 3.720933e+01
3.752252e+01 3.716934e+01
3.742004e+01 3.715089e+01
3.764128e+01 3.713898e+01
3.752356e+01 3.713266e+01
3.748596e+01 3.710929e+01
3.752693e+01 3.709822e+01
3.752672e+01 3.707834e+01
3.748012e+01 3.704611e+01
3.747439e+01 3.702941e+01
3.756340e+01 3.701056e+01
3.755864e+01 3.699712e+01
3.753488e+01 3.697816e+01
3.731915e+01 3.696772e+01
3.736290e+01 3.696061e+01
3.741255e+01 3.695253e+01
3.723665e+01 3.694949e+01
3.733606e+01 3.693977e+01
3.723858e+01 3.692581e+01
3.727613e+01 3.691918e+01
3.706426e+01 3.690553e+01
3.710600e+01 3.689321e+01
3.696594e+01 3.688750e+01
3.697994e+01 3.688451e+01
5.002516e+01 4.861226e+01
4.854822e+01 4.730819e+01
4.830951e+01 4.718766e+01
4.744319e+01 4.576872e+01
4.720816e+01 4.512930e+01
4.715140e+01 4.492043e+01
4.716574e+01 4.386151e+01
4.711150e+01 4.372780e+01
4.672361e+01 4.349807e+01
4.622318e+01 4.345675e+01
4.635545e+01 4.345675e+01
4.620106e+01 4.313547e+01
4.583315e+01 4.313004e+01
4.569734e+01 4.293966e+01
4.562018e+01 4.293966e+01
4.578936e+01 4.287324e+01
4.551777e+01 4.282839e+01
4.593889e+01 4.242950e+01
4.558471e+01 4.240861e+01
4.582184e+01 4.237578e+01
4.570391e+01 4.202767e+01
4.498330e+01 4.202767e+01
4.525259e+01 4.183793e+01
4.537423e+01 4.168586e+01
4.539910e+01 4.164763e+01
4.454013e+01 4.157870e+01
4.451390e+01 4.119258e+01
4.447226e+01 4.118696e+01
4.487191e+01 4.116869e+01
4.387939e+01 4.109864e+01
4.395448e+01 4.079190e+01
4.242866e+01 4.067405e+01
4.273460e+01 4.035962e+01
4.275467e+01 4.000549e+01
4.248755e+01 3.977202e+01
4.260538e+01 3.965614e+01
4.215900e+01 3.961034e+01
4.255443e+01 3.954825e+01
4.227964e+01 3.936822e+01
4.162202e+01 3.933740e+01
4.192539e+01 3.924897e+01
4.133548e+01 3.885922e+01
4.133887e+01 3.871026e+01
4.207349e+01 3.858075e+01
4.164124e+01 3.854299e+01
4.162291e+01 3.850840e+01
4.141550e+01 3.849632e+01
4.126574e+01 3.843418e+01
4.099756e+01 3.832768e+01
4.126715e+01 3.829379e+01
4.079560e+01 3.825908e+01
4.072062e+01 3.823847e+01
4.021641e+01 3.820027e+01
4.013060e+01 3.812742e+01
4.037424e+01 3.810815e+01
4.013474e+01 3.805826e+01
4.035595e+01 3.802291e+01
3.976182e+01 3.799676e+01
4.007478e+01 3.792778e+01
3.952973e+01 3.785409e+01
3.960978e+01 3.783516e+01
3.960076e+01 3.782506e+01
3.952571e+01 3.781303e+01
3.905540e+01 3.779897e+01
3.917730e+01 3.779210e+01
3.905064e+01 3.777992e+01
3.884901e+01 3.776422e+01
3.882479e+01 3.776277e+01
3.878306e+01 3.775409e+01
3.899246e+01 3.774483e+01
3.868549e+01 3.774357e+01
3.874997e+01 3.773406e+01
3.856806e+01 3.773004e+01
3.832360e+01 3.772605e+01
3.820512e+01 3.772207e+01
3.836463e+01 3.772146e+01
3.823005e+01 3.771396e+01
3.826245e+01 3.770496e+01
3.818781e+01 3.768670e+01
3.818293e+01 3.767267e+01
3.809834e+01 3.766774e+01
3.820616e+01 3.766376e+01
3.828146e+01 3.765823e+01
3.809482e+01 3.765180e+01
3.798737e+01 3.765097e+01
3.808434e+01 3.764756e+01
3.800077e+01 3.764428e+01
3.791215e+01 3.763614e+01
3.791222e+01 3.763252e+01
3.786481e+01 3.762931e+01
3.790494e+01 3.762045e+01
3.775840e+01 3.761848e+01
3.784428e+01 3.760134e+01
3.782018e+01 3.758759e+01
3.779026e+01 3.758483e+01
3.781707e+01 3.757599e+01
3.775603e+01 3.757103e+01
3.776202e+01 3.756852e+01
3.776483e+01 3.756067e+01
3.780611e+01 3.755988e+01
3.776736e+01 3.755697e+01
5.000689e+01 4.861679e+01
4.861730e+01 4.751755e+01
4.843584e+01 4.739196e+01
4.844472e+01 4.687198e+01
4.829885e+01 4.687198e+01
4.827512e+01 4.687198e+01
4.780143e+01 4.635748e+01
4.735788e+01 4.589657e+01
4.723288e+01 4.542825e+01
4.701717e+01 4.512630e+01
4.691467e+01 4.492297e+01
4.682764e+01 4.464013e+01
4.658770e+01 4.396468e+01
4.665326e+01 4.390925e+01
4.655639e+01 4.386022e+01
4.645953e+01 4.378338e+01
4.642194e+01 4.344762e+01
4.598582e+01 4.341695e+01
4.597411e+01 4.341695e+01
4.553103e+01 4.341695e+01
4.594714e+01 4.329457e+01
4.554220e+01 4.258983e+01
4.555840e+01 4.256485e+01
4.565634e+01 4.248971e+01
4.572695e+01 4.247770e+01
4.548033e+01 4.239010e+01
4.496744e+01 4.239010e+01
4.515213e+01 4.239010e+01
4.544044e+01 4.229568e+01
4.558443e+01 4.188530e+01
4.523903e+01 4.153574e+01
4.491569e+01 4.153574e+01
4.523044e+01 4.153247e+01
4.498061e+01 4.148980e+01
4.475446e+01 4.133730e+01
4.487323e+01 4.124461e+01
4.466916e+01 4.109375e+01
4.486693e+01 4.092464e+01
4.478928e+01 4.089495e+01
4.487562e+01 4.082419e+01
4.440115e+01 4.052442e+01
4.364654e+01 4.046156e+01
4.352284e+01 4.018248e+01
4.407516e+01 4.013312e+01
4.412082e+01 4.013312e+01
4.379817e+01 4.003054e+01
4.351215e+01 3.984987e+01
4.359018e+01 3.955432e+01
4.279210e+01 3.927298e+01
4.296051e+01 3.919739e+01
4.375130e+01 3.918208e+01
4.299522e+01 3.878228e+01
4.270212e+01 3.866544e+01
4.267539e+01 3.833672e+01
4.187192e+01 3.830729e+01
4.281307e+01 3.824552e+01
4.201311e+01 3.817499e+01
4.176532e+01 3.814282e+01
4.170454e+01 3.812675e+01
4.212615e+01 3.803790e+01
4.146707e+01 3.803789e+01
4.098063e+01 3.800178e+01
4.114380e+01 3.782564e+01
4.119809e+01 3.778792e+01
4.085667e+01 3.772883e+01
4.048985e+01 3.770140e+01
4.102976e+01 3.767704e+01
4.099766e+01 3.764081e+01
4.051393e+01 3.760861e+01
4.083960e+01 3.760038e+01
4.050861e+01 3.740689e+01
4.030398e+01 3.738884e+01
4.037702e+01 3.734460e+01
3.980798e+01 3.732747e+01
4.026132e+01 3.729207e+01
4.001410e+01 3.725060e+01
3.983582e+01 3.724756e+01
3.987423e+01 3.720738e+01
3.967004e+01 3.718886e+01
3.938545e+01 3.715810e+01
3.950166e+01 3.714710e+01
3.939353e+01 3.713215e+01
3.912261e+01 3.712176e+01
3.913139e+01 3.712065e+01
3.899348e+01 3.710243e+01
3.916840e+01 3.705705e+01
3.876748e+01 3.701982e+01
3.843285e+01 3.701104e+01
3.854805e+01 3.698272e+01
3.789194e+01 3.697276e+01
3.808216e+01 3.691695e+01
3.770214e+01 3.684808e+01
3.795285e+01 3.680581e+01
3.765851e+01 3.678176e+01
3.775385e+01 3.676932e+01
3.776114e+01 3.675053e+01
3.757656e+01 3.673566e+01
3.750809e+01 3.672504e+01
3.738539e+01 3.671926e+01
3.746817e+01 3.671602e+01
3.739818e+01 3.670733e+01
5.005803e+01 4.862564e+01
4.852276e+01 4.764718e+01
4.829043e+01 4.711992e+01
4.759453e+01 4.595997e+01
4.738997e+01 4.473423e+01
4.721096e+01 4.469022e+01
4.693958e+01 4.360495e+01
4.657855e+01 4.360495e+01
4.632439e+01 4.360495e+01
4.654919e+01 4.350476e+01
4.629766e+01 4.314439e+01
4.635652e+01 4.284441e+01
4.604918e+01 4.284441e+01
4.573300e+01 4.266555e+01
4.581512e+01 4.244102e+01
4.605222e+01 4.235772e+01
4.542133e+01 4.230633e+01
4.558681e+01 4.230633e+01
4.525197e+01 4.181376e+01
4.540755e+01 4.181376e+01
4.522234e+01 4.178355e+01
4.469276e+01 4.178355e+01
4.407747e+01 4.138172e+01
4.380782e+01 4.138172e+01
4.326753e+01 4.107471e+01
4.388199e+01 4.070781e+01
4.418159e+01 4.045458e+01
4.362560e+01 4.011226e+01
4.386086e+01 3.953744e+01
4.381042e+01 3.950865e+01
4.289811e+01 3.926508e+01
4.271458e+01 3.912913e+01
4.177391e+01 3.884192e+01
4.171527e+01 3.857510e+01
4.113322e+01 3.848063e+01
4.098386e+01 3.829072e+01
4.098350e+01 3.815927e+01
4.090536e+01 3.790431e+01
4.044905e+01 3.784901e+01
4.039694e+01 3.761406e+01
3.977373e+01 3.758408e+01
3.949947e+01 3.745260e+01
3.971924e+01 3.739521e+01
4.010419e+01 3.710411e+01
3.983633e+01 3.700511e+01
3.966541e+01 3.693894e+01
3.956854e+01 3.689892e+01
3.978707e+01 3.685522e+01
3.939566e+01 3.678367e+01
3.893928e+01 3.672025e+01
3.889033e+01 3.667645e+01
3.865024e+01 3.664343e+01
3.861952e+01 3.660594e+01
3.835166e+01 3.657726e+01
3.804880e+01 3.655530e+01
3.800213e+01 3.653734e+01
3.792878e+01 3.652622e+01
3.729763e+01 3.651942e+01
3.725050e+01 3.650797e+01
3.737822e+01 3.649185e+01
3.714881e+01 3.647083e+01
3.715762e+01 3.646227e+01
3.716238e+01 3.644865e+01
3.686283e+01 3.644421e+01
3.684355e+01 3.642719e+01
3.679391e+01 3.641335e+01
3.670169e+01 3.640528e+01
3.674237e+01 3.639022e+01
3.678381e+01 3.637333e+01
3.672533e+01 3.636739e+01
3.663365e+01 3.636099e+01
3.665030e+01 3.635435e+01
3.672369e+01 3.635009e+01
3.659418e+01 3.634886e+01
3.657548e+01 3.634669e+01
3.657719e+01 3.634125e+01
3.649638e+01 3.633531e+01
3.649129e+01 3.632668e+01
3.646430e+01 3.632556e+01
3.644610e+01 3.631633e+01
3.642088e+01 3.630951e+01
3.638258e+01 3.630510e+01
3.640237e+01 3.629980e+01
3.636348e+01 3.629584e+01
3.636669e+01 3.628900e+01
3.636921e+01 3.628616e+01
3.637993e+01 3.628377e+01
3.631630e+01 3.628067e+01
3.631967e+01 3.627355e+01
3.630865e+01 3.627268e+01
3.630242e+01 3.627037e+01
3.629290e+01 3.626803e+01
3.629233e+01 3.626579e+01
3.630616e+01 3.626261e+01
3.627900e+01 3.626093e+01
3.629542e+01 3.625892e+01
3.628861e+01 3.625615e+01
3.627864e+01 3.625448e+01
3.627871e+01 3.625265e+01
3.627810e+01 3.625061e+01
3.627364e+01 3.625013e+01
4.996055e+01 4.876165e+01
4.858948e+01 4.777801e+01
4.843019e+01 4.762459e+01
4.838501e+01 4.743150e+01
4.837715e+01 4.743150e+01
4.830090e+01 4.710120e+01
4.758426e+01 4.553872e+01
4.720169e+01 4.501824e+01
4.722535e+01 4.408704e+01
4.706787e+01 4.390020e+01
4.688740e+01 4.384546e+01
4.672925e+01 4.351705e+01
4.660584e+01 4.330918e+01
4.657466e+01 4.322023e+01
4.624059e+01 4.322023e+01
4.616713e+01 4.322023e+01
4.658063e+01 4.303106e+01
4.590582e+01 4.302400e+01
4.580532e+01 4.299906e+01
4.586478e+01 4.278626e+01
4.591428e+01 4.268694e+01
4.580283e+01 4.267541e+01
4.577499e+01 4.254270e+01
4.533429e+01 4.251583e+01
4.578190e+01 4.224233e+01
4.545231e+01 4.181513e+01
4.565130e+01 4.181513e+01
4.556453e+01 4.178025e+01
4.488315e+01 4.178025e+01
4.457567e+01 4.128574e+01
4.484477e+01 4.126757e+01
4.490135e+01 4.112143e+01
4.475856e+01 4.112143e+01
4.465624e+01 4.086215e+01
4.413517e+01 4.081447e+01
4.467193e+01 4.071408e+01
4.430130e+01 4.066813e+01
4.384472e+01 4.052694e+01
4.376301e+01 4.037890e+01
4.352612e+01 4.012790e+01
4.285370e+01 3.986905e+01
4.269523e+01 3.980969e+01
4.241431e+01 3.972366e+01
4.173263e+01 3.970133e+01
4.193807e+01 3.940545e+01
4.219103e+01 3.928983e+01
4.201054e+01 3.897804e+01
4.236944e+01 3.889885e+01
4.173637e+01 3.889592e+01
4.183703e+01 3.887408e+01
4.189702e+01 3.872930e+01
4.156841e+01 3.870093e+01
4.174446e+01 3.856192e+01
4.084642e+01 3.854647e+01
4.167165e+01 3.849287e+01
4.159015e+01 3.849006e+01
3.999965e+01 3.844155e+01
4.018466e+01 3.840289e+01
4.060067e+01 3.834842e+01
3.968655e+01 3.822557e+01
3.950329e+01 3.815656e+01
3.971345e+01 3.814242e+01
3.983247e+01 3.811362e+01
3.956963e+01 3.809547e+01
3.931009e+01 3.808298e+01
3.905142e+01 3.803741e+01
3.882481e+01 3.801263e+01
3.909612e+01 3.799318e+01
3.867979e+01 3.798162e+01
3.871166e+01 3.796434e+01
3.840135e+01 3.795027e+01
3.842869e+01 3.791594e+01
3.840475e+01 3.790552e+01
3.828079e+01 3.789607e+01
3.827109e+01 3.788489e+01
3.815079e+01 3.787997e+01
3.824373e+01 3.787095e+01
3.820978e+01 3.785892e+01
3.815176e+01 3.784870e+01
3.804267e+01 3.783341e+01
3.808337e+01 3.782854e+01
3.809480e+01 3.781373e+01
3.819791e+01 3.780036e+01
3.803534e+01 3.777885e+01
3.807778e+01 3.777038e+01
3.808155e+01 3.775827e+01
3.805350e+01 3.774290e+01
3.789928e+01 3.773681e+01
3.797727e+01 3.773183e+01
3.791733e+01 3.772598e+01
3.795931e+01 3.772044e+01
3.789607e+01 3.771605e+01
3.787416e+01 3.771397e+01
3.782356e+01 3.770654e+01
3.781242e+01 3.769497e+01
3.779976e+01 3.769004e+01
3.775975e+01 3.767521e+01
3.781535e+01 3.767061e+01
3.776495e+01 3.766622e+01
3.775948e+01 3.766255e+01
3.775601e+01 3.765663e+01
4.999725e+01 4.871012e+01
4.858029e+01 4.754746e+01
4.858917e+01 4.716883e+01
4.837274e+01 4.716883e+01
4.823340e+01 4.708023e+01
4.826733e+01 4.704583e+01
4.831197e+01 4.662961e+01
4.814438e+01 4.662961e+01
4.807290e+01 4.662961e+01
4.808065e+01 4.660085e+01
4.824874e+01 4.660085e+01
4.819677e+01 4.660085e+01
4.813969e+01 4.660085e+01
4.798782e+01 4.660085e+01
4.780193e+01 4.616224e+01
4.701395e+01 4.475414e+01
4.686922e+01 4.436171e+01
4.674768e+01 4.436123e+01
4.661356e+01 4.436123e+01
4.633501e+01 4.414366e+01
4.634526e+01 4.378107e+01
4.606996e+01 4.353315e+01
4.620322e+01 4.351779e+01
4.546551e+01 4.318080e+01
4.558912e+01 4.318078e+01
4.534253e+01 4.311813e+01
4.572623e+01 4.309283e+01
4.571136e+01 4.294142e+01
4.537037e+01 4.294110e+01
4.503627e+01 4.269201e+01
4.476980e+01 4.241623e+01
4.455773e+01 4.221871e+01
4.519542e+01 4.213628e+01
4.499425e+01 4.203299e+01
4.453973e+01 4.201998e+01
4.487062e+01 4.197579e+01
4.481965e+01 4.197392e+01
4.494896e+01 4.190067e+01
4.465196e+01 4.173730e+01
4.484175e+01 4.158545e+01
4.473171e+01 4.157774e+01
4.474544e+01 4.153665e+01
4.442894e+01 4.146684e+01
4.434397e+01 4.144473e+01
4.438160e+01 4.130987e+01
4.405902e+01 4.125224e+01
4.366830e+01 4.122203e+01
4.367420e+01 4.119144e+01
4.388315e+01 4.108797e+01
4.355366e+01 4.107292e+01
4.330259e+01 4.103271e+01
4.329748e+01 4.096636e+01
4.315447e+01 4.086570e+01
4.258303e+01 4.058367e+01
4.262289e+01 4.056763e+01
4.246999e+01 4.054966e+01
4.228131e+01 4.051311e+01
4.240891e+01 4.044574e+01
4.197389e+01 4.040781e+01
4.200313e+01 4.038347e+01
4.223198e+01 4.037580e+01
4.208389e+01 4.035790e+01
4.169040e+01 4.034321e+01
4.118660e+01 4.033167e+01
4.158836e+01 4.030492e+01
4.142790e+01 4.029127e+01
4.168105e+01 4.023431e+01
4.159880e+01 4.019672e+01
4.117175e+01 4.017160e+01
4.125779e+01 4.007051e+01
4.120134e+01 4.005783e+01
4.066933e+01 4.005353e+01
4.083744e+01 4.004256e+01
4.110241e+01 3.998326e+01
4.096287e+01 3.997786e+01
4.097155e+01 3.993920e+01
4.081351e+01 3.992850e+01
4.086243e+01 3.988646e+01
4.073913e+01 3.987990e+01
4.072922e+01 3.984173e+01
4.063915e+01 3.978747e+01
4.088951e+01 3.977304e+01
4.069955e+01 3.975332e+01
4.056246e+01 3.974260e+01
4.057806e+01 3.973038e+01
4.056067e+01 3.971607e+01
4.046069e+01 3.971123e+01
4.045288e+01 3.971092e+01
4.041802e+01 3.970275e+01
4.045250e+01 3.970219e+01
4.019558e+01 3.969402e+01
4.036032e+01 3.968214e+01
4.028425e+01 3.968113e+01
4.037494e+01 3.967761e+01
4.045103e+01 3.967236e+01
4.028169e+01 3.966115e+01
4.055042e+01 3.964776e+01
4.064573e+01 3.963768e+01
4.036088e+01 3.960748e+01
4.023923e+01 3.960171e+01
4.045223e+01 3.959419e+01
4.995750e+01 4.873009e+01
4.859902e+01 4.717413e+01
4.850790e+01 4.717413e+01
4.843716e+01 4.717413e+01
4.825744e+01 4.717413e+01
4.835591e+01 4.717413e+01
4.820506e+01 4.639878e+01
4.814465e+01 4.639878e+01
4.813403e+01 4.639878e+01
4.800867e+01 4.599102e+01
4.805130e+01 4.599102e+01
4.801945e+01 4.599102e+01
4.781421e+01 4.599102e+01
4.779391e+01 4.592050e+01
4.747309e+01 4.545828e+01
4.679308e+01 4.540317e+01
4.560905e+01 4.514026e+01
4.511886e+01 4.476774e+01
4.470371e+01 4.454714e+01
4.458785e+01 4.442233e+01
4.459580e+01 4.430003e+01
4.450073e+01 4.425227e+01
4.447915e+01 4.421716e+01
4.442520e+01 4.420666e+01
4.442018e+01 4.419710e+01
4.438195e+01 4.416985e+01
4.444350e+01 4.415042e+01
4.442735e+01 4.411338e+01
4.431039e+01 4.410098e+01
4.437297e+01 4.408944e+01
4.430857e+01 4.406729e+01
4.429023e+01 4.405449e+01
4.425026e+01 4.404378e+01
4.421486e+01 4.403373e+01
4.427856e+01 4.402595e+01
4.422020e+01 4.401794e+01
4.416602e+01 4.401352e+01
4.418902e+01 4.400188e+01
4.423347e+01 4.399103e+01
4.417545e+01 4.398498e+01
4.419066e+01 4.397622e+01
4.416880e+01 4.395072e+01
4.427863e+01 4.394249e+01
4.417376e+01 4.394062e+01
4.430502e+01 4.391363e+01
4.413329e+01 4.390306e+01
4.423880e+01 4.388404e+01
4.412734e+01 4.387891e+01
4.410323e+01 4.387646e+01
4.415187e+01 4.385807e+01
4.427975e+01 4.382771e+01
4.422180e+01 4.381883e+01
4.416210e+01 4.381581e+01
4.411035e+01 4.381391e+01
4.425293e+01 4.380344e+01
4.403514e+01 4.380173e+01
4.409908e+01 4.380157e+01
4.417579e+01 4.379433e+01
4.411565e+01 4.377292e+01
4.413501e+01 4.373225e+01
4.423224e+01 4.369914e+01
4.424542e+01 4.369520e+01
4.438150e+01 4.368591e+01
4.412365e+01 4.368019e+01
4.421781e+01 4.367571e+01
4.422513e+01 4.367343e+01
4.416599e+01 4.362728e+01
4.420539e+01 4.362182e+01
4.409034e+01 4.361929e+01
4.393848e+01 4.361395e+01
4.393077e+01 4.361263e+01
4.395050e+01 4.361229e+01
4.396787e+01 4.361200e+01
4.399619e+01 4.361171e+01
4.392260e+01 4.361089e+01
4.401269e+01 4.360697e+01
4.396203e+01 4.360672e+01
4.404056e+01 4.359814e+01
4.390669e+01 4.359210e+01
4.387569e+01 4.358984e+01
4.391694e+01 4.358348e+01
4.384218e+01 4.358145e+01
4.391649e+01 4.357633e+01
4.380349e+01 4.357471e+01
4.384795e+01 4.357155e+01
4.374441e+01 4.356666e+01
4.373849e+01 4.356595e+01
4.381108e+01 4.355978e+01
4.378877e+01 4.355609e+01
4.377071e+01 4.355260e+01
4.383774e+01 4.355115e+01
4.378722e+01 4.354307e+01
4.392599e+01 4.353968e+01
4.377116e+01 4.353843e+01
4.380769e+01 4.353687e+01
4.371930e+01 4.353543e+01
4.376456e+01 4.353438e+01
4.383367e+01 4.353236e+01
4.370788e+01 4.353187e+01
4.372420e+01 4.353065e+01
4.374006e+01 4.353021e+01
5.004966e+01 4.884102e+01
4.854619e+01 4.756539e+01
4.838658e+01 4.732571e+01
4.851975e+01 4.717154e+01
4.766583e+01 4.566083e+01
4.739381e+01 4.552308e+01
4.735124e+01 4.516305e+01
4.702268e+01 4.500875e+01
4.686767e+01 4.473391e+01
4.679080e+01 4.440429e+01
4.664003e+01 4.436261e+01
4.671426e+01 4.418691e+01
4.672115e+01 4.322991e+01
4.640073e+01 4.292771e+01
4.628405e+01 4.292322e+01
4.679940e+01 4.292322e+01
4.626919e+01 4.264366e+01
4.612923e+01 4.264366e+01
4.645730e+01 4.243194e+01
4.592879e+01 4.243194e+01
4.524107e+01 4.242827e+01
4.563728e+01 4.236253e+01
4.543160e+01 4.222037e+01
4.497562e+01 4.218535e+01
4.510818e+01 4.217164e+01
4.503684e+01 4.182422e+01
4.469095e+01 4.174471e+01
4.491173e+01 4.157969e+01
4.465800e+01 4.146095e+01
4.424938e+01 4.146095e+01
4.383096e+01 4.122721e+01
4.444309e+01 4.122542e+01
4.412935e+01 4.105335e+01
4.402789e+01 4.081946e+01
4.392331e+01 4.072303e+01
4.375577e+01 4.047299e+01
4.394294e+01 4.044967e+01
4.347638e+01 4.041339e+01
4.344575e+01 4.019365e+01
4.382684e+01 4.017937e+01
4.322747e+01 4.004308e+01
4.267752e+01 4.003991e+01
4.279018e+01 3.991622e+01
4.271852e+01 3.973724e+01
4.229916e+01 3.970082e+01
4.211122e+01 3.962002e+01
4.222536e+01 3.953009e+01
4.243196e+01 3.943983e+01
4.225367e+01 3.938654e+01
4.198692e+01 3.936381e+01
4.188184e+01 3.933889e+01
4.169032e+01 3.931330e+01
4.221754e+01 3.909867e+01
4.217066e+01 3.905879e+01
4.161041e+01 3.904909e+01
4.183648e+01 3.904086e+01
4.150902e+01 3.904060e+01
4.124097e+01 3.898885e+01
4.139443e+01 3.897630e+01
4.063764e+01 3.894167e+01
4.076383e+01 3.878811e+01
4.038532e+01 3.877207e+01
4.002546e+01 3.875194e+01
4.043402e+01 3.872895e+01
4.005502e+01 3.869984e+01
4.004023e+01 3.868531e+01
3.952899e+01 3.865420e+01
3.948758e+01 3.862909e+01
3.946615e+01 3.862674e+01
3.927862e+01 3.861869e+01
3.920478e+01 3.860899e+01
3.897327e+01 3.859377e+01
3.911803e+01 3.858202e+01
3.923987e+01 3.857364e+01
3.905175e+01 3.856787e+01
3.889123e+01 3.856327e+01
3.875789e+01 3.855618e+01
3.880691e+01 3.855513e+01
3.879264e+01 3.855202e+01
3.880778e+01 3.854772e+01
3.872769e+01 3.854025e+01
3.870422e+01 3.853686e+01
3.862733e+01 3.853313e+01
3.864538e+01 3.853014e+01
3.860873e+01 3.852398e+01
3.860741e+01 3.852329e+01
3.861390e+01 3.851980e+01
3.864462e+01 3.851688e+01
3.865407e+01 3.851594e+01
3.861341e+01 3.851419e+01
3.856524e+01 3.851209e+01
3.859934e+01 3.851149e+01
3.856632e+01 3.850985e+01
3.857939e+01 3.850935e+01
3.855580e+01 3.850697e+01
3.854234e+01 3.850452e+01
3.853316e+01 3.850390e+01
3.854064e+01 3.850264e+01
3.854041e+01 3.850190e+01
3.854363e+01 3.850081e+01
3.851602e+01 3.849882e+01
5.002957e+01 4.865470e+01
4.860700e+01 4.784115e+01
4.842870e+01 4.708704e+01
4.843278e+01 4.708704e+01
4.791806e+01 4.600512e+01
4.747186e+01 4.515165e+01
4.699301e+01 4.449029e+01
4.705050e+01 4.432927e+01
4.671880e+01 4.400813e+01
4.637512e+01 4.367545e+01
4.646022e+01 4.258064e+01
4.645296e+01 4.258064e+01
4.616449e+01 4.244710e+01
4.573989e+01 4.244710e+01
4.563957e+01 4.244710e+01
4.543640e+01 4.231103e+01
4.505661e+01 4.211682e+01
4.541920e+01 4.197448e+01
4.472983e+01 4.194348e+01
4.511067e+01 4.177287e+01
4.544612e+01 4.160228e+01
4.500399e+01 4.138705e+01
4.493865e+01 4.137029e+01
4.456361e+01 4.128296e+01
4.458667e+01 4.126599e+01
4.466600e+01 4.119201e+01
4.439141e+01 4.110351e+01
4.398448e+01 4.110351e+01
4.390769e+01 4.101711e+01
4.392387e+01 4.084345e+01
4.364672e+01 4.065229e+01
4.373416e+01 4.039153e+01
4.291286e+01 4.037381e+01
4.259069e+01 4.016790e+01
4.221379e+01 3.988996e+01
4.181797e+01 3.979984e+01
4.235541e+01 3.971714e+01
4.180896e+01 3.966979e+01
4.225966e+01 3.957912e+01
4.233068e+01 3.942753e+01
4.217081e+01 3.916016e+01
4.144132e+01 3.912287e+01
4.170439e+01 3.909219e+01
4.161656e+01 3.902184e+01
4.172071e+01 3.886758e+01
4.127313e+01 3.876375e+01
4.149056e+01 3.871433e+01
4.189470e+01 3.869356e+01
4.102005e+01 3.865221e+01
4.092622e+01 3.863996e+01
4.093112e+01 3.855425e+01
4.149487e+01 3.848639e+01
4.081860e+01 3.848070e+01
4.030239e+01 3.847221e+01
3.990013e+01 3.839356e+01
4.019458e+01 3.833619e+01
3.970412e+01 3.831137e+01
4.026414e+01 3.828974e+01
3.985974e+01 3.826305e+01
3.925946e+01 3.822676e+01
3.936909e+01 3.821103e+01
4.033880e+01 3.818588e+01
3.946778e+01 3.817158e+01
3.892780e+01 3.814320e+01
3.949216e+01 3.812129e+01
3.934109e+01 3.811872e+01
3.917880e+01 3.809520e+01
3.910485e+01 3.808504e+01
3.865588e+01 3.808330e+01
3.922817e+01 3.808220e+01
3.888333e+01 3.807765e+01
3.946799e+01 3.806966e+01
3.891740e+01 3.801495e+01
3.881767e+01 3.800255e+01
3.907095e+01 3.795362e+01
3.882633e+01 3.794422e+01
3.854165e+01 3.793256e+01
3.866013e+01 3.791881e+01
3.886013e+01 3.789909e+01
3.875225e+01 3.787852e+01
3.848152e+01 3.787583e+01
3.856096e+01 3.787114e+01
3.848212e+01 3.786615e+01
3.831622e+01 3.785626e+01
3.826215e+01 3.784789e+01
3.815771e+01 3.784287e+01
3.814049e+01 3.783994e+01
3.816405e+01 3.783109e+01
3.829626e+01 3.783045e+01
3.820765e+01 3.782747e+01
3.812681e+01 3.782135e+01
3.818222e+01 3.781884e+01
3.836585e+01 3.781813e+01
3.807196e+01 3.781800e+01
3.845597e+01 3.781501e+01
3.824028e+01 3.781465e+01
3.811983e+01 3.781460e+01
3.824290e+01 3.781343e+01
3.816172e+01 3.781152e+01
3.848644e+01 3.780997e+01
3.822491e+01 3.780917e+01
5.011131e+01 4.896223e+01
4.871548e+01 4.792220e+01
4.858181e+01 4.749696e+01
4.844622e+01 4.742477e+01
4.841261e+01 4.742477e+01
4.833744e+01 4.720831e+01
4.826620e+01 4.712939e+01
4.832524e+01 4.596828e+01
4.815489e+01 4.596828e+01
4.809270e+01 4.596212e+01
4.806457e+01 4.596212e+01
4.800281e+01 4.596212e+01
4.765792e+01 4.576441e+01
4.687860e+01 4.576441e+01
4.557771e+01 4.487039e+01
4.504662e+01 4.444134e+01
4.480708e+01 4.406768e+01
4.466245e+01 4.350042e+01
4.414788e+01 4.348673e+01
4.393249e+01 4.332140e+01
4.378454e+01 4.317937e+01
4.354103e+01 4.307631e+01
4.322912e+01 4.288533e+01
4.307390e+01 4.286098e+01
4.285314e+01 4.268962e+01
4.273033e+01 4.262404e+01
4.248559e+01 4.248332e+01
4.242865e+01 4.242815e+01
4.238759e+01 4.238617e+01
4.234644e+01 4.234501e+01
4.233271e+01 4.233266e+01
4.232859e+01 4.232843e+01
4.232460e+01 4.232448e+01
4.232292e+01 4.232287e+01
4.232166e+01 4.232160e+01
4.231850e+01 4.231843e+01
4.231532e+01 4.231529e+01
4.231338e+01 4.231335e+01
4.231246e+01 4.231244e+01
4.231171e+01 4.231170e+01
4.231107e+01 4.231107e+01
4.231080e+01 4.231080e+01
4.231045e+01 4.231044e+01
4.231016e+01 4.231015e+01
4.230976e+01 4.230974e+01
4.230950e+01 4.230949e+01
4.230914e+01 4.230913e+01
4.230867e+01 4.230865e+01
4.230799e+01 4.230795e+01
4.230697e+01 4.230694e+01
4.230626e+01 4.230625e+01
4.230606e+01 4.230606e+01
4.230591e+01 4.230590e+01
4.230571e+01 4.230571e+01
4.230566e+01 4.230566e+01
4.230559e+01 4.230559e+01
4.230549e+01 4.230549e+01
4.230535e+01 4.230535e+01
4.230521e+01 4.230521e+01
4.230515e+01 4.230514e+01
4.230507e+01 4.230507e+01
4.230496e+01 4.230495e+01
4.230487e+01 4.230486e+01
4.230479e+01 4.230479e+01
4.230473e+01 4.230473e+01
4.230470e+01 4.230470e+01
4.230466e+01 4.230466e+01
4.230464e+01 4.230464e+01
4.230462e+01 4.230462e+01
4.230460e+01 4.230460e+01
4.230456e+01 4.230456e+01
4.230451e+01 4.230451e+01
4.230445e+01 4.230445e+01
4.230439e+01 4.230439e+01
4.230433e+01 4.230433e+01
4.230423e+01 4.230423e+01
4.230411e+01 4.230410e+01
4.230395e+01 4.230395e+01
4.230384e+01 4.230383e+01
4.230373e+01 4.230373e+01
4.230369e+01 4.230369e+01
4.230364e+01 4.230364e+01
4.230361e+01 4.230361e+01
4.230357e+01 4.230357e+01
4.230353e+01 4.230353e+01
4.230350e+01 4.230350e+01
4.230347e+01 4.230347e+01
4.230345e+01 4.230344e+01
4.230342e+01 4.230342e+01
4.230341e+01 4.230341e+01
4.230339e+01 4.230339e+01
4.230338e+01 4.230338e+01
4.230337e+01 4.230337e+01
4.230336e+01 4.230336e+01
4.230333e+01 4.230333e+01
4.230330e+01 4.230329e+01
4.230327e+01 4.230327e+01
4.230325e+01 4.230325e+01
4.230324e+01 4.230324e+01
4.230323e+01 4.230323e+01
4.230321e+01 4.230321e+01
4.993724e+01 4.852347e+01
4.857966e+01 4.761049e+01
4.858126e+01 4.761049e+01
4.795202e+01 4.617358e+01
4.763060e+01 4.578547e+01
4.713537e+01 4.508958e+01
4.710799e+01 4.412934e+01
4.693846e+01 4.384555e+01
4.682887e+01 4.380170e+01
4.651844e+01 4.377502e+01
4.643075e+01 4.376756e+01
4.600644e+01 4.354729e+01
4.649268e+01 4.353751e+01
4.629658e+01 4.353751e+01
4.612710e+01 4.329460e+01
4.597729e+01 4.296172e+01
4.609333e+01 4.292638e+01
4.585555e+01 4.292638e+01
4.546108e+01 4.289622e+01
4.542433e+01 4.280695e+01
4.571291e+01 4.259272e+01
4.533786e+01 4.218222e+01
4.567193e+01 4.204465e+01
4.557379e+01 4.151403e+01
4.543947e+01 4.139848e+01
4.483204e+01 4.103841e+01
4.462148e+01 4.103841e+01
4.504549e+01 4.069337e+01
4.433272e+01 4.040857e+01
4.422117e+01 3.994598e+01
4.349771e+01 3.992322e+01
4.374394e+01 3.974255e+01
4.362802e+01 3.968999e+01
4.358979e+01 3.957385e+01
4.397088e+01 3.948691e+01
4.337359e+01 3.945753e+01
4.253922e+01 3.918048e+01
4.239510e+01 3.907333e+01
4.218805e+01 3.900798e+01
4.183503e+01 3.885589e+01
4.221556e+01 3.882221e+01
4.164863e+01 3.880675e+01
4.116491e+01 3.878195e+01
4.103041e+01 3.866169e+01
4.122414e+01 3.844747e+01
4.141893e+01 3.838842e+01
4.141150e+01 3.822629e+01
4.118995e+01 3.822122e+01
4.138489e+01 3.816592e+01
4.102330e+01 3.813655e+01
4.157671e+01 3.810001e+01
4.052698e+01 3.799678e+01
4.061545e+01 3.792237e+01
4.023290e+01 3.788256e+01
4.079207e+01 3.778563e+01
4.054777e+01 3.753330e+01
4.014101e+01 3.736178e+01
4.069507e+01 3.724640e+01
4.006599e+01 3.718900e+01
4.023513e+01 3.715773e+01
4.071698e+01 3.700048e+01
4.102941e+01 3.698428e+01
3.949214e+01 3.698062e+01
3.945597e+01 3.697489e+01
3.948798e+01 3.690328e+01
3.958564e+01 3.687912e+01
3.919161e+01 3.680481e+01
3.907068e+01 3.679294e+01
3.851120e+01 3.674669e+01
3.799678e+01 3.671940e+01
3.800301e+01 3.667314e+01
3.811183e+01 3.664866e+01
3.800683e+01 3.663794e+01
3.781853e+01 3.663173e+01
3.773627e+01 3.661698e+01
3.777008e+01 3.660963e+01
3.747482e+01 3.660125e+01
3.737320e+01 3.659806e+01
3.719017e+01 3.659478e+01
3.723100e+01 3.658486e+01
3.712190e+01 3.657798e+01
3.707756e+01 3.654493e+01
3.696809e+01 3.652517e+01
3.697816e+01 3.650911e+01
3.697518e+01 3.650309e+01
3.681754e+01 3.649706e+01
3.682270e+01 3.648443e+01
3.680186e+01 3.644812e+01
3.673866e+01 3.643777e+01
3.679196e+01 3.642412e+01
3.684151e+01 3.641336e+01
3.663704e+01 3.639859e+01
3.658670e+01 3.638021e+01
3.659289e+01 3.637578e+01
3.653551e+01 3.637006e+01
3.647115e+01 3.636084e+01
3.648474e+01 3.635266e+01
3.651489e+01 3.634908e+01
3.648177e+01 3.634147e+01
3.642217e+01 3.633641e+01
3.645789e+01 3.632932e+01
4.998870e+01 4.885261e+01
4.865932e+01 4.778506e+01
4.847322e+01 4.718027e+01
4.839815e+01 4.711379e+01
4.852428e+01 4.711379e+01
4.787291e+01 4.616853e+01
4.721852e+01 4.534440e+01
4.731274e+01 4.504599e+01
4.709453e+01 4.504038e+01
4.671787e+01 4.437518e+01
4.663230e+01 4.436917e+01
4.661312e+01 4.394294e+01
4.632378e+01 4.321788e+01
4.666081e+01 4.321788e+01
4.618619e+01 4.321788e+01
4.591329e+01 4.321788e+01
4.586863e+01 4.314715e+01
4.577101e+01 4.299760e+01
4.587056e+01 4.285731e+01
4.566436e+01 4.276895e+01
4.566958e+01 4.250873e+01
4.554589e+01 4.244307e+01
4.438497e+01 4.244307e+01
4.418430e+01 4.198063e+01
4.412252e+01 4.174337e+01
4.427669e+01 4.163611e+01
4.404317e+01 4.151272e+01
4.330288e+01 4.136976e+01
4.320655e+01 4.116249e+01
4.282641e+01 4.106778e+01
4.336874e+01 4.095714e+01
4.300070e+01 4.095559e+01
4.268158e+01 4.083868e+01
4.261805e+01 4.076365e+01
4.267613e+01 4.067982e+01
4.229737e+01 4.060262e+01
4.226038e+01 4.052566e+01
4.239487e+01 4.043068e+01
4.207789e+01 4.041365e+01
4.215674e+01 4.037203e+01
4.243612e+01 4.035612e+01
4.254743e+01 4.032694e+01
4.235537e+01 4.027763e+01
4.220847e+01 4.018048e+01
4.231051e+01 4.015140e+01
4.234617e+01 4.015029e+01
4.234822e+01 4.014418e+01
4.159025e+01 4.004788e+01
4.186094e+01 3.995779e+01
4.186451e+01 3.994458e+01
4.087096e+01 3.992148e+01
4.095449e+01 3.984965e+01
4.143417e+01 3.982715e+01
4.112306e+01 3.979450e+01
4.085362e+01 3.977891e+01
4.034013e+01 3.976732e+01
4.038446e+01 3.974653e+01
4.058574e+01 3.973012e+01
4.027584e+01 3.968897e+01
4.030022e+01 3.967322e+01
3.998204e+01 3.967000e+01
4.005106e+01 3.965700e+01
3.996489e+01 3.964629e+01
3.987408e+01 3.962541e+01
3.994386e+01 3.961589e+01
3.987981e+01 3.960999e+01
3.984966e+01 3.959092e+01
3.983174e+01 3.958209e+01
3.977071e+01 3.957737e+01
3.982282e+01 3.954520e+01
3.978554e+01 3.952678e+01
3.986267e+01 3.951665e+01
3.990661e+01 3.951185e+01
3.973140e+01 3.949837e+01
3.977407e+01 3.949543e+01
3.969387e+01 3.948781e+01
3.969616e+01 3.948018e+01
3.969432e+01 3.947829e+01
3.961654e+01 3.947419e+01
3.962868e+01 3.946994e+01
3.960725e+01 3.945930e+01
3.964734e+01 3.945420e+01
3.960600e+01 3.945200e+01
3.956926e+01 3.944288e+01
3.959999e+01 3.943506e+01
3.955362e+01 3.943061e+01
3.954050e+01 3.942885e+01
3.960442e+01 3.942138e+01
3.959175e+01 3.942085e+01
3.959782e+01 3.941878e+01
3.954440e+01 3.940807e+01
3.960126e+01 3.940009e+01
3.953417e+01 3.939723e+01
3.950570e+01 3.939438e+01
3.955654e+01 3.939186e+01
3.949321e+01 3.938759e+01
3.949818e+01 3.938047e+01
3.950653e+01 3.937430e+01
3.949241e+01 3.937236e+01
3.942341e+01 3.936940e+01
3.941302e+01 3.936817e+01
4.993999e+01 4.873400e+01
4.848482e+01 4.752726e+01
4.847800e+01 4.752726e+01
4.845154e+01 4.747077e+01
4.821094e+01 4.663787e+01
4.828864e+01 4.663787e+01
4.827335e+01 4.663787e+01
4.818501e+01 4.643358e+01
4.811479e+01 4.643358e+01
4.800586e+01 4.643358e+01
4.787989e+01 4.603718e+01
4.789535e+01 4.603718e+01
4.786572e+01 4.599781e+01
4.761647e+01 4.531337e+01
4.743407e+01 4.523958e+01
4.674426e+01 4.517948e+01
4.578981e+01 4.516573e+01
4.539250e+01 4.427631e+01
4.520916e+01 4.427631e+01
4.500545e+01 4.395949e+01
4.473417e+01 4.319573e+01
4.423542e+01 4.300304e+01
4.365374e+01 4.277688e+01
4.253978e+01 4.190998e+01
4.122677e+01 4.102905e+01
4.032792e+01 4.030331e+01
4.014112e+01 4.014015e+01
4.008109e+01 4.008045e+01
4.006873e+01 4.006858e+01
4.005757e+01 4.005749e+01
4.005316e+01 4.005306e+01
4.005008e+01 4.005006e+01
4.004778e+01 4.004774e+01
4.004557e+01 4.004552e+01
4.004366e+01 4.004364e+01
4.004189e+01 4.004185e+01
4.003938e+01 4.003933e+01
4.003679e+01 4.003675e+01
4.003527e+01 4.003525e+01
4.003401e+01 4.003399e+01
4.003314e+01 4.003311e+01
4.003267e+01 4.003266e+01
4.003243e+01 4.003242e+01
4.003229e+01 4.003228e+01
4.003213e+01 4.003212e+01
4.003198e+01 4.003197e+01
4.003174e+01 4.003173e+01
4.003150e+01 4.003150e+01
4.003130e+01 4.003129e+01
4.003106e+01 4.003106e+01
4.003077e+01 4.003076e+01
4.003029e+01 4.003022e+01
4.002965e+01 4.002961e+01
4.002937e+01 4.002937e+01
4.002924e+01 4.002923e+01
4.002912e+01 4.002912e+01
4.002904e+01 4.002904e+01
4.002890e+01 4.002889e+01
4.002873e+01 4.002872e+01
4.002855e+01 4.002854e+01
4.002834e+01 4.002833e+01
4.002812e+01 4.002812e+01
4.002797e+01 4.002797e+01
4.002784e+01 4.002784e+01
4.002774e+01 4.002774e+01
4.002767e+01 4.002766e+01
4.002760e+01 4.002760e+01
4.002754e+01 4.002754e+01
4.002747e+01 4.002747e+01
4.002741e+01 4.002740e+01
4.002735e+01 4.002735e+01
4.002729e+01 4.002729e+01
4.002724e+01 4.002724e+01
4.002715e+01 4.002714e+01
4.002699e+01 4.002699e+01
4.002687e+01 4.002686e+01
4.002675e+01 4.002675e+01
4.002657e+01 4.002656e+01
4.002642e+01 4.002642e+01
4.002626e+01 4.002626e+01
4.002607e+01 4.002606e+01
4.002590e+01 4.002589e+01
4.002577e+01 4.002577e+01
4.002565e+01 4.002565e+01
4.002553e+01 4.002553e+01
4.002545e+01 4.002544e+01
4.002536e+01 4.002536e+01
4.002527e+01 4.002527e+01
4.002521e+01 4.002521e+01
4.002517e+01 4.002517e+01
4.002511e+01 4.002511e+01
4.002503e+01 4.002503e+01
4.002495e+01 4.002495e+01
4.002489e+01 4.002489e+01
4.002480e+01 4.002480e+01
4.002467e+01 4.002467e+01
4.002448e+01 4.002448e+01
4.002430e+01 4.002430e+01
4.002421e+01 4.002421e+01
4.002413e+01 4.002413e+01
4.002402e+01 4.002401e+01
5.001954e+01 4.879670e+01
4.862635e+01 4.747020e+01
4.853656e+01 4.745241e+01
4.833831e+01 4.712510e+01
4.830304e+01 4.712510e+01
4.828253e+01 4.712510e+01
4.839274e+01 4.712510e+01
4.830360e+01 4.712510e+01
4.821044e+01 4.676874e+01
4.811334e+01 4.674386e+01
4.760178e+01 4.512710e+01
4.718146e+01 4.467037e+01
4.689121e+01 4.461524e+01
4.668017e+01 4.461524e+01
4.648792e+01 4.400871e+01
4.622806e+01 4.385160e+01
4.636106e+01 4.351969e+01
4.638791e+01 4.351969e+01
4.604123e+01 4.344508e+01
4.584744e+01 4.331888e+01
4.583411e+01 4.315215e+01
4.597654e+01 4.315215e+01
4.571847e+01 4.300732e+01
4.555996e+01 4.295908e+01
4.562090e+01 4.293818e+01
4.519944e+01 4.282162e+01
4.513627e+01 4.274461e+01
4.532101e+01 4.237567e+01
4.547013e+01 4.205434e+01
4.534330e+01 4.201601e+01
4.515406e+01 4.168422e+01
4.553722e+01 4.162962e+01
4.525430e+01 4.162962e+01
4.506873e+01 4.148613e+01
4.474271e+01 4.143652e+01
4.521974e+01 4.126626e+01
4.481971e+01 4.103126e+01
4.483026e+01 4.103080e+01
4.412144e+01 4.088723e+01
4.353589e+01 4.047979e+01
4.316215e+01 4.043526e+01
4.306317e+01 4.027460e+01
4.286594e+01 4.003903e+01
4.292120e+01 3.983866e+01
4.303710e+01 3.975314e+01
4.231676e+01 3.954657e+01
4.218627e+01 3.927023e+01
4.244238e+01 3.918930e+01
4.218490e+01 3.912766e+01
4.150177e+01 3.891133e+01
4.171707e+01 3.879847e+01
4.119830e+01 3.875583e+01
4.087765e+01 3.853731e+01
4.078084e+01 3.845633e+01
4.026971e+01 3.835898e+01
4.005974e+01 3.814565e+01
4.047686e+01 3.810131e+01
4.007660e+01 3.789813e+01
3.968262e+01 3.776040e+01
3.994369e+01 3.771556e+01
3.962405e+01 3.767987e+01
3.988096e+01 3.763897e+01
3.959526e+01 3.762992e+01
3.902554e+01 3.758347e+01
3.918702e+01 3.754327e+01
3.909026e+01 3.751652e+01
3.856229e+01 3.742156e+01
3.883755e+01 3.734214e+01
3.839320e+01 3.732629e+01
3.789871e+01 3.730635e+01
3.810331e+01 3.729243e+01
3.833214e+01 3.725740e+01
3.812248e+01 3.723058e+01
3.805076e+01 3.721030e+01
3.800316e+01 3.720228e+01
3.792006e+01 3.719500e+01
3.786247e+01 3.716745e+01
3.770589e+01 3.715310e+01
3.794101e+01 3.713937e+01
3.767905e+01 3.712356e+01
3.748196e+01 3.711472e+01
3.758922e+01 3.710209e+01
3.731123e+01 3.710124e+01
3.755986e+01 3.708957e+01
3.741433e+01 3.708730e+01
3.764061e+01 3.707932e+01
3.743602e+01 3.707734e+01
3.738621e+01 3.707349e+01
3.731458e+01 3.706712e+01
3.724955e+01 3.705384e+01
3.730038e+01 3.704793e+01
3.726230e+01 3.703873e+01
3.721881e+01 3.703184e+01
3.721924e+01 3.702797e+01
3.714556e+01 3.702402e+01
3.719814e+01 3.702196e+01
3.713797e+01 3.701316e+01
3.707518e+01 3.700829e+01
3.708347e+01 3.700366e+01
3.705693e+01 3.699929e+01
3.706254e+01 3.698829e+01
5.008506e+01 4.891652e+01
4.852076e+01 4.734882e+01
4.845557e+01 4.673107e+01
4.840608e+01 4.673107e+01
4.833096e+01 4.673107e+01
4.840099e+01 4.629251e+01
4.823726e+01 4.629251e+01
4.833602e+01 4.629251e+01
4.828015e+01 4.629251e+01
4.818334e+01 4.629251e+01
4.821397e+01 4.629251e+01
4.808787e+01 4.629251e+01
4.804413e+01 4.589235e+01
4.808243e+01 4.589235e+01
4.772828e+01 4.589235e+01
4.753432e+01 4.583830e+01
4.673012e+01 4.572724e+01
4.584479e+01 4.510711e+01
4.540275e+01 4.420063e+01
4.481260e+01 4.402966e+01
4.440868e+01 4.377512e+01
4.408114e+01 4.335748e+01
4.366174e+01 4.299895e+01
4.316393e+01 4.277328e+01
4.274617e+01 4.264600e+01
4.250660e+01 4.247574e+01
4.224981e+01 4.224426e+01
4.202563e+01 4.202303e+01
4.196450e+01 4.196356e+01
4.194033e+01 4.194016e+01
4.192234e+01 4.192205e+01
4.191403e+01 4.191393e+01
4.190679e+01 4.190661e+01
4.189948e+01 4.189926e+01
4.188225e+01 4.188198e+01
4.187628e+01 4.187623e+01
4.187279e+01 4.187270e+01
4.186827e+01 4.186824e+01
4.186441e+01 4.186426e+01
4.186188e+01 4.186187e+01
4.186097e+01 4.186095e+01
4.185999e+01 4.185998e+01
4.185970e+01 4.185970e+01
4.185945e+01 4.185944e+01
4.185922e+01 4.185922e+01
4.185887e+01 4.185886e+01
4.185858e+01 4.185858e+01
4.185829e+01 4.185828e+01
4.185788e+01 4.185787e+01
4.185749e+01 4.185748e+01
4.185700e+01 4.185696e+01
4.185643e+01 4.185642e+01
4.185585e+01 4.185584e+01
4.185557e+01 4.185556e+01
4.185518e+01 4.185518e+01
4.185494e+01 4.185494e+01
4.185479e+01 4.185478e+01
4.185454e+01 4.185453e+01
4.185422e+01 4.185421e+01
4.185339e+01 4.185335e+01
4.185242e+01 4.185236e+01
4.185169e+01 4.185167e+01
4.185125e+01 4.185124e+01
4.185102e+01 4.185102e+01
4.185085e+01 4.185085e+01
4.185075e+01 4.185075e+01
4.185068e+01 4.185068e+01
4.185060e+01 4.185060e+01
4.185047e+01 4.185047e+01
4.185034e+01 4.185034e+01
4.185023e+01 4.185022e+01
4.185015e+01 4.185015e+01
4.185005e+01 4.185004e+01
4.184980e+01 4.184980e+01
4.184958e+01 4.184957e+01
4.184929e+01 4.184929e+01
4.184906e+01 4.184905e+01
4.184886e+01 4.184884e+01
4.184866e+01 4.184866e+01
4.184858e+01 4.184858e+01
4.184854e+01 4.184854e+01
4.184852e+01 4.184852e+01
4.184848e+01 4.184848e+01
4.184845e+01 4.184845e+01
4.184842e+01 4.184842e+01
4.184840e+01 4.184840e+01
4.184837e+01 4.184837e+01
4.184834e+01 4.184834e+01
4.184828e+01 4.184828e+01
4.184824e+01 4.184824e+01
4.184819e+01 4.184819e+01
4.184811e+01 4.184811e+01
4.184799e+01 4.184799e+01
4.184784e+01 4.184784e+01
4.184772e+01 4.184772e+01
4.184765e+01 4.184765e+01
4.184758e+01 4.184758e+01
4.184751e+01 4.184751e+01
4.184748e+01 4.184748e+01
4.184745e+01 4.184745e+01
4.184743e+01 4.184743e+01
4.998669e+01 4.832784e+01
4.863995e+01 4.731580e+01
4.852677e+01 4.731580e+01
4.837143e+01 4.722329e+01
4.842786e+01 4.722329e+01
4.832163e+01 4.722329e+01
4.827874e+01 4.721121e+01
4.824941e+01 4.705050e+01
4.825628e+01 4.701064e+01
4.831140e+01 4.701064e+01
4.813280e+01 4.673869e+01
4.816265e+01 4.673869e+01
4.807940e+01 4.631173e+01
4.742847e+01 4.581464e+01
4.722190e+01 4.529138e+01
4.721305e+01 4.471700e+01
4.693631e+01 4.464531e+01
4.688016e+01 4.414286e+01
4.650125e+01 4.414286e+01
4.630438e+01 4.386175e+01
4.632742e+01 4.384079e+01
4.613809e+01 4.348664e+01
4.606221e+01 4.323477e+01
4.620691e+01 4.317956e+01
4.616078e+01 4.301097e+01
4.622813e+01 4.288138e+01
4.619758e+01 4.266229e+01
4.610993e+01 4.266229e+01
4.595430e+01 4.254760e+01
4.596414e+01 4.254760e+01
4.549191e+01 4.254760e+01
4.525889e+01 4.254760e+01
4.486155e+01 4.254760e+01
4.511722e+01 4.254473e+01
4.595016e+01 4.253948e+01
4.539692e+01 4.247765e+01
4.507203e+01 4.247765e+01
4.505844e+01 4.234328e+01
4.528029e+01 4.220315e+01
4.490037e+01 4.212346e+01
4.414124e+01 4.212179e+01
4.410192e+01 4.209993e+01
4.438353e+01 4.205711e+01
4.474187e+01 4.204608e+01
4.461090e+01 4.204421e+01
4.482957e+01 4.203722e+01
4.442359e+01 4.203525e+01
4.500596e+01 4.199644e+01
4.513097e+01 4.196085e+01
4.451813e+01 4.193230e+01
4.474886e+01 4.192020e+01
4.480449e+01 4.185281e+01
4.503279e+01 4.185096e+01
4.405912e+01 4.179697e+01
4.393615e+01 4.172756e+01
4.410490e+01 4.158236e+01
4.318063e+01 4.154016e+01
4.319764e+01 4.145053e+01
4.283563e+01 4.124433e+01
4.272699e+01 4.116665e+01
4.243510e+01 4.112151e+01
4.238783e+01 4.095817e+01
4.264409e+01 4.089829e+01
4.251204e+01 4.087015e+01
4.208113e+01 4.084021e+01
4.260156e+01 4.065171e+01
4.260680e+01 4.063214e+01
4.224532e+01 4.059933e+01
4.224023e+01 4.057371e+01
4.215724e+01 4.054346e+01
4.182146e+01 4.052542e+01
4.177906e+01 4.050342e+01
4.204006e+01 4.046523e+01
4.149076e+01 4.044371e+01
4.182663e+01 4.041653e+01
4.154156e+01 4.039548e+01
4.143586e+01 4.035851e+01
4.156428e+01 4.031506e+01
4.149431e+01 4.026140e+01
4.136785e+01 4.024528e+01
4.128576e+01 4.022804e+01
4.067499e+01 4.019809e+01
4.063698e+01 4.019775e+01
4.063718e+01 4.015360e+01
4.081595e+01 4.014059e+01
4.090543e+01 4.013321e+01
4.093471e+01 4.012252e+01
4.073127e+01 4.006607e+01
4.067995e+01 4.006444e+01
4.092878e+01 4.005556e+01
4.064255e+01 4.003616e+01
4.065900e+01 4.002021e+01
4.056755e+01 4.000511e+01
4.063803e+01 4.000083e+01
4.085986e+01 3.997445e+01
4.064290e+01 3.996916e+01
4.065411e+01 3.996915e+01
4.073900e+01 3.993301e+01
4.073976e+01 3.992642e+01
4.055879e+01 3.991639e+01
4.061155e+01 3.990535e+01
4.997212e+01 4.845605e+01
4.855532e+01 4.771157e+01
4.845823e+01 4.716581e+01
4.842116e+01 4.716581e+01
4.838276e+01 4.716581e+01
4.822367e+01 4.699778e+01
4.821328e+01 4.699778e+01
4.814583e+01 4.699778e+01
4.817197e+01 4.692224e+01
4.797121e+01 4.692224e+01
4.803055e+01 4.692224e+01
4.804725e+01 4.644180e+01
4.805761e+01 4.644180e+01
4.795667e+01 4.644180e+01
4.803603e+01 4.642487e+01
4.804531e+01 4.642487e+01
4.802370e+01 4.619870e+01
4.800564e+01 4.619870e+01
4.810595e+01 4.619870e+01
4.801904e+01 4.619870e+01
4.785375e+01 4.619870e+01
4.773828e+01 4.594036e+01
4.775098e+01 4.594036e+01
4.734096e+01 4.565071e+01
4.607191e+01 4.524973e+01
4.566159e+01 4.492969e+01
4.540314e+01 4.468483e+01
4.526469e+01 4.454107e+01
4.512144e+01 4.450521e+01
4.507280e+01 4.427278e+01
4.503019e+01 4.425984e+01
4.482815e+01 4.415228e+01
4.490509e+01 4.415228e+01
4.480859e+01 4.412009e+01
4.467589e+01 4.409106e+01
4.460324e+01 4.396840e+01
4.453727e+01 4.390651e+01
4.435113e+01 4.384673e+01
4.322564e+01 4.320079e+01
4.294895e+01 4.294464e+01
4.286313e+01 4.286142e+01
4.281845e+01 4.281663e+01
4.278831e+01 4.278803e+01
4.278060e+01 4.278050e+01
4.277519e+01 4.277507e+01
4.276914e+01 4.276907e+01
4.276592e+01 4.276587e+01
4.276368e+01 4.276361e+01
4.276039e+01 4.276030e+01
4.275790e+01 4.275788e+01
4.275526e+01 4.275524e+01
4.275210e+01 4.275202e+01
4.274986e+01 4.274982e+01
4.274879e+01 4.274877e+01
4.274764e+01 4.274762e+01
4.274712e+01 4.274711e+01
4.274660e+01 4.274660e+01
4.274617e+01 4.274616e+01
4.274560e+01 4.274557e+01
4.274504e+01 4.274503e+01
4.274462e+01 4.274461e+01
4.274427e+01 4.274427e+01
4.274394e+01 4.274393e+01
4.274353e+01 4.274352e+01
4.274314e+01 4.274314e+01
4.274278e+01 4.274278e+01
4.274242e+01 4.274240e+01
4.274196e+01 4.274195e+01
4.274144e+01 4.274143e+01
4.274110e+01 4.274109e+01
4.274073e+01 4.274073e+01
4.274040e+01 4.274039e+01
4.274002e+01 4.274001e+01
4.273960e+01 4.273958e+01
4.273918e+01 4.273917e+01
4.273873e+01 4.273872e+01
4.273837e+01 4.273837e+01
4.273788e+01 4.273787e+01
4.273757e+01 4.273756e+01
4.273718e+01 4.273718e+01
4.273695e+01 4.273694e+01
4.273680e+01 4.273680e+01
4.273670e+01 4.273670e+01
4.273663e+01 4.273663e+01
4.273657e+01 4.273657e+01
4.273650e+01 4.273650e+01
4.273635e+01 4.273634e+01
4.273617e+01 4.273617e+01
4.273607e+01 4.273607e+01
4.273597e+01 4.273597e+01
4.273587e+01 4.273587e+01
4.273579e+01 4.273579e+01
4.273570e+01 4.273570e+01
4.273562e+01 4.273562e+01
4.273554e+01 4.273554e+01
4.273541e+01 4.273540e+01
4.273515e+01 4.273514e+01
4.273484e+01 4.273481e+01
4.273450e+01 4.273446e+01
4.273398e+01 4.273397e+01
4.273373e+01 4.273372e+01
4.998170e+01 4.837573e+01
4.856392e+01 4.750300e+01
4.835984e+01 4.711510e+01
4.829771e+01 4.709764e+01
4.829739e+01 4.709764e+01
4.820602e+01 4.709764e+01
4.822103e+01 4.693047e+01
4.834648e+01 4.693047e+01
4.824925e+01 4.693047e+01
4.807771e+01 4.669945e+01
4.807545e+01 4.669945e+01
4.808268e+01 4.661284e+01
4.806505e+01 4.661284e+01
4.808094e+01 4.660736e+01
4.793923e+01 4.649999e+01
4.792996e+01 4.649999e+01
4.773243e+01 4.649999e+01
4.733931e+01 4.576689e+01
4.698035e+01 4.557398e+01
4.676358e+01 4.557398e+01
4.659627e+01 4.546098e+01
4.635262e+01 4.541777e+01
4.599989e+01 4.509196e+01
4.599046e+01 4.492011e+01
4.587939e+01 4.450073e+01
4.541227e+01 4.450073e+01
4.526891e+01 4.419829e+01
4.486379e+01 4.397158e+01
4.491371e+01 4.383865e+01
4.458714e+01 4.346518e+01
4.434217e+01 4.318627e+01
4.418618e+01 4.301898e+01
4.413561e+01 4.301898e+01
4.356461e+01 4.223473e+01
4.336619e+01 4.208634e+01
4.308022e+01 4.202503e+01
4.281419e+01 4.197823e+01
4.191255e+01 4.142836e+01
4.089493e+01 4.088887e+01
4.075223e+01 4.074880e+01
4.068520e+01 4.068359e+01
4.062864e+01 4.062807e+01
4.060668e+01 4.060610e+01
4.057989e+01 4.057787e+01
4.054702e+01 4.054683e+01
4.053959e+01 4.053935e+01
4.053343e+01 4.053328e+01
4.052879e+01 4.052869e+01
4.052533e+01 4.052527e+01
4.052232e+01 4.052227e+01
4.052106e+01 4.052105e+01
4.051966e+01 4.051964e+01
4.051882e+01 4.051881e+01
4.051798e+01 4.051796e+01
4.051719e+01 4.051717e+01
4.051555e+01 4.051550e+01
4.051399e+01 4.051398e+01
4.051301e+01 4.051300e+01
4.051202e+01 4.051200e+01
4.051134e+01 4.051133e+01
4.051089e+01 4.051088e+01
4.051062e+01 4.051061e+01
4.051032e+01 4.051031e+01
4.051005e+01 4.051004e+01
4.050976e+01 4.050975e+01
4.050941e+01 4.050940e+01
4.050908e+01 4.050908e+01
4.050882e+01 4.050882e+01
4.050858e+01 4.050858e+01
4.050829e+01 4.050828e+01
4.050795e+01 4.050794e+01
4.050762e+01 4.050761e+01
4.050719e+01 4.050719e+01
4.050681e+01 4.050681e+01
4.050646e+01 4.050644e+01
4.050615e+01 4.050615e+01
4.050586e+01 4.050586e+01
4.050565e+01 4.050565e+01
4.050544e+01 4.050544e+01
4.050519e+01 4.050519e+01
4.050504e+01 4.050504e+01
4.050487e+01 4.050487e+01
4.050475e+01 4.050475e+01
4.050465e+01 4.050465e+01
4.050454e+01 4.050453e+01
4.050440e+01 4.050439e+01
4.050430e+01 4.050430e+01
4.050422e+01 4.050422e+01
4.050412e+01 4.050412e+01
4.050400e+01 4.050400e+01
4.050387e+01 4.050387e+01
4.050365e+01 4.050364e+01
4.050349e+01 4.050349e+01
4.050334e+01 4.050333e+01
4.050312e+01 4.050311e+01
4.050296e+01 4.050296e+01
4.050283e+01 4.050283e+01
4.050262e+01 4.050262e+01
4.050243e+01 4.050242e+01
4.050225e+01 4.050225e+01
4.050207e+01 4.050207e+01
4.993359e+01 4.863450e+01
4.862737e+01 4.748481e+01
4.853898e+01 4.748481e+01
4.835753e+01 4.691664e+01
4.758775e+01 4.631316e+01
4.741427e+01 4.532577e+01
4.701283e+01 4.456072e+01
4.692251e+01 4.456072e+01
4.657632e+01 4.430597e+01
4.680269e+01 4.395973e+01
4.669625e+01 4.381557e+01
4.647089e+01 4.354877e+01
4.652712e+01 4.304087e+01
4.635799e+01 4.304015e+01
4.632653e+01 4.298145e+01
4.622078e+01 4.286557e+01
4.611904e+01 4.285526e+01
4.603893e+01 4.267207e+01
4.589614e+01 4.266733e+01
4.552005e+01 4.266733e+01
4.568795e+01 4.251710e+01
4.548563e+01 4.245970e+01
4.488037e+01 4.245970e+01
4.470787e+01 4.215633e+01
4.477871e+01 4.202843e+01
4.489127e+01 4.151543e+01
4.505303e+01 4.150401e+01
4.454555e+01 4.111840e+01
4.453052e+01 4.105231e+01
4.377901e+01 4.105053e+01
4.345518e+01 4.085472e+01
4.368785e+01 4.077293e+01
4.375593e+01 4.060741e+01
4.377728e+01 4.040051e+01
4.430966e+01 4.028992e+01
4.411207e+01 4.028278e+01
4.365385e+01 4.025338e+01
4.342535e+01 4.019486e+01
4.345161e+01 4.011453e+01
4.275020e+01 4.009648e+01
4.288833e+01 3.998905e+01
4.250183e+01 3.965733e+01
4.183625e+01 3.950751e+01
4.196233e+01 3.941927e+01
4.183168e+01 3.938378e+01
4.146746e+01 3.924671e+01
4.164359e+01 3.915725e+01
4.227112e+01 3.911514e+01
4.211793e+01 3.907969e+01
4.189358e+01 3.897489e+01
4.094204e+01 3.890314e+01
4.086161e+01 3.878254e+01
3.990859e+01 3.876833e+01
4.079174e+01 3.870525e+01
4.017644e+01 3.865916e+01
4.081351e+01 3.859251e+01
4.074849e+01 3.853716e+01
4.006044e+01 3.847583e+01
3.986872e+01 3.844103e+01
3.989828e+01 3.840795e+01
3.997214e+01 3.839274e+01
4.044112e+01 3.837361e+01
3.988485e+01 3.833424e+01
4.052903e+01 3.831949e+01
3.953556e+01 3.830036e+01
3.980246e+01 3.827581e+01
4.004986e+01 3.825184e+01
3.997197e+01 3.824650e+01
3.947665e+01 3.824020e+01
3.940111e+01 3.823877e+01
3.944211e+01 3.820225e+01
3.965244e+01 3.818207e+01
3.962319e+01 3.816808e+01
3.957239e+01 3.816172e+01
3.929812e+01 3.814706e+01
3.963232e+01 3.810602e+01
3.947790e+01 3.808784e+01
3.919332e+01 3.805343e+01
3.929160e+01 3.803822e+01
3.925808e+01 3.798852e+01
3.911993e+01 3.790864e+01
3.897094e+01 3.788948e+01
3.885682e+01 3.786504e+01
3.896662e+01 3.784157e+01
3.891163e+01 3.783810e+01
3.877432e+01 3.782678e+01
3.853966e+01 3.781332e+01
3.887198e+01 3.777262e+01
3.851247e+01 3.774940e+01
3.864543e+01 3.771538e+01
3.833833e+01 3.768535e+01
3.827676e+01 3.764289e+01
3.823597e+01 3.762237e+01
3.826814e+01 3.757741e+01
3.822826e+01 3.754230e+01
3.792605e+01 3.754021e+01
3.795996e+01 3.753153e+01
3.831289e+01 3.751751e+01
3.806513e+01 3.751595e+01
3.787937e+01 3.750689e+01
3.783229e+01 3.750321e+01
5.002425e+01 4.894539e+01
4.856708e+01 4.705254e+01
4.828766e+01 4.661409e+01
4.825250e+01 4.661409e+01
4.816675e+01 4.661409e+01
4.823551e+01 4.661409e+01
4.794835e+01 4.661409e+01
4.797926e+01 4.656689e+01
4.802043e+01 4.656689e+01
4.802271e+01 4.656689e+01
4.798672e+01 4.623021e+01
4.785632e+01 4.623021e+01
4.768358e+01 4.600031e+01
4.727053e+01 4.557072e+01
4.715589e+01 4.540247e+01
4.694831e+01 4.540247e+01
4.660264e+01 4.497499e+01
4.591601e+01 4.458725e+01
4.542987e+01 4.417079e+01
4.519859e+01 4.396350e+01
4.513380e+01 4.365562e+01
4.502191e+01 4.364560e+01
4.517697e+01 4.358359e+01
4.529594e+01 4.349233e+01
4.506998e+01 4.341423e+01
4.494955e+01 4.330704e+01
4.504848e+01 4.325049e+01
4.470046e+01 4.319508e+01
4.499917e+01 4.305347e+01
4.435450e+01 4.302274e+01
4.465739e+01 4.298457e+01
4.489422e+01 4.298184e+01
4.476422e+01 4.292814e+01
4.480530e+01 4.291606e+01
4.461159e+01 4.291162e+01
4.472087e+01 4.284835e+01
4.432307e+01 4.284454e+01
4.469857e+01 4.278357e+01
4.421570e+01 4.274075e+01
4.454575e+01 4.273025e+01
4.419922e+01 4.267317e+01
4.420092e+01 4.265704e+01
4.428501e+01 4.265015e+01
4.453797e+01 4.264600e+01
4.441354e+01 4.263662e+01
4.422900e+01 4.263662e+01
4.421070e+01 4.263482e+01
4.465480e+01 4.263049e+01
4.395561e+01 4.263049e+01
4.463269e+01 4.262422e+01
4.417182e+01 4.261472e+01
4.403459e+01 4.258379e+01
4.437976e+01 4.251442e+01
4.415155e+01 4.247363e+01
4.443971e+01 4.246174e+01
4.448371e+01 4.228462e+01
4.432915e+01 4.227619e+01
4.414929e+01 4.224152e+01
4.414764e+01 4.220902e+01
4.394667e+01 4.218947e+01
4.394961e+01 4.217972e+01
4.335689e+01 4.216609e+01
4.345958e+01 4.215241e+01
4.327141e+01 4.213886e+01
4.337972e+01 4.211999e+01
4.286529e+01 4.208198e+01
4.364054e+01 4.185187e+01
4.321203e+01 4.174764e+01
4.327807e+01 4.171720e+01
4.332503e+01 4.168353e+01
4.303634e+01 4.164083e+01
4.282400e+01 4.161878e+01
4.259960e+01 4.160057e+01
4.249582e+01 4.157831e+01
4.233848e+01 4.145192e+01
4.257241e+01 4.136308e+01
4.229905e+01 4.129790e+01
4.246904e+01 4.127506e+01
4.241654e+01 4.123537e+01
4.212917e+01 4.119877e+01
4.223744e+01 4.116915e+01
4.207728e+01 4.114633e+01
4.207078e+01 4.113546e+01
4.198278e+01 4.110619e+01
4.183766e+01 4.110120e+01
4.187925e+01 4.109217e+01
4.177711e+01 4.108155e+01
4.168772e+01 4.105047e+01
4.172208e+01 4.103352e+01
4.130014e+01 4.101609e+01
4.155117e+01 4.099925e+01
4.152461e+01 4.097022e+01
4.155022e+01 4.096019e+01
4.151232e+01 4.095650e+01
4.157599e+01 4.095368e+01
4.141503e+01 4.095078e+01
4.130282e+01 4.094765e+01
4.143926e+01 4.094623e+01
4.137875e+01 4.093664e+01
4.152141e+01 4.093413e+01
4.127824e+01 4.092467e+01
5.009453e+01 4.883250e+01
4.861025e+01 4.755445e+01
4.840668e+01 4.755445e+01
4.831121e+01 4.744493e+01
4.823137e+01 4.617562e+01
4.832420e+01 4.617562e+01
4.835561e+01 4.617562e+01
4.815555e+01 4.617562e+01
4.809180e+01 4.617562e+01
4.806493e+01 4.617562e+01
4.789877e+01 4.617562e+01
4.783420e+01 4.603838e+01
4.791052e+01 4.588648e+01
4.780266e+01 4.574552e+01
4.780340e+01 4.569167e+01
4.730105e+01 4.527859e+01
4.669017e+01 4.506699e+01
4.641346e+01 4.455787e+01
4.595761e+01 4.429257e+01
4.576600e+01 4.382324e+01
4.533420e+01 4.368212e+01
4.557038e+01 4.348202e+01
4.543920e+01 4.338240e+01
4.519349e+01 4.285646e+01
4.507687e+01 4.272072e+01
4.492973e+01 4.252124e+01
4.483899e+01 4.250739e+01
4.453533e+01 4.238651e+01
4.452918e+01 4.230369e+01
4.455710e+01 4.229363e+01
4.510631e+01 4.222980e+01
4.457204e+01 4.219266e+01
4.452929e+01 4.209338e+01
4.412803e+01 4.206095e+01
4.417276e+01 4.203488e+01
4.412693e+01 4.198195e+01
4.424365e+01 4.197679e+01
4.409068e+01 4.197268e+01
4.341992e+01 4.195563e+01
4.425857e+01 4.192846e+01
4.395273e+01 4.183280e+01
4.439029e+01 4.179668e+01
4.443039e+01 4.176482e+01
4.417131e+01 4.165351e+01
4.437082e+01 4.161140e+01
4.404533e+01 4.143877e+01
4.377150e+01 4.133908e+01
4.403660e+01 4.128957e+01
4.401117e+01 4.123375e+01
4.425092e+01 4.105794e+01
4.360867e+01 4.105533e+01
4.340578e+01 4.105482e+01
4.325423e+01 4.104132e+01
4.334885e+01 4.085642e+01
4.338159e+01 4.070918e+01
4.367720e+01 4.060515e+01
4.361994e+01 4.046794e+01
4.328618e+01 4.034599e+01
4.271597e+01 4.027536e+01
4.310940e+01 4.024268e+01
4.298151e+01 4.010194e+01
4.357790e+01 4.001758e+01
4.242656e+01 3.990846e+01
4.233604e+01 3.986722e+01
4.232246e+01 3.977490e+01
4.265246e+01 3.972904e+01
4.248141e+01 3.962340e+01
4.215340e+01 3.956020e+01
4.163702e+01 3.934761e+01
4.199382e+01 3.920885e+01
4.132468e+01 3.913908e+01
4.109107e+01 3.911508e+01
4.156665e+01 3.909001e+01
4.193340e+01 3.901181e+01
4.185918e+01 3.900000e+01
4.102806e+01 3.895551e+01
4.069460e+01 3.894007e+01
4.049994e+01 3.891004e+01
4.072682e+01 3.885725e+01
4.076518e+01 3.882873e+01
4.072539e+01 3.881141e+01
4.049415e+01 3.877046e+01
4.062306e+01 3.872477e+01
4.001296e+01 3.866132e+01
4.053563e+01 3.865360e+01
3.983313e+01 3.864830e+01
3.977825e+01 3.864131e+01
3.967254e+01 3.863390e+01
3.991393e+01 3.862093e+01
3.950157e+01 3.860940e+01
3.935313e+01 3.860084e+01
3.912299e+01 3.859775e+01
3.913588e+01 3.859000e+01
3.894886e+01 3.858030e+01
3.885628e+01 3.857031e+01
3.891213e+01 3.856994e+01
3.874457e+01 3.856710e+01
3.876682e+01 3.856351e+01
3.874917e+01 3.855918e+01
3.878121e+01 3.855685e+01
3.871246e+01 3.855587e+01
4.995001e+01 4.866279e+01
4.859787e+01 4.732728e+01
4.856669e+01 4.732728e+01
4.849106e+01 4.705123e+01
4.843953e+01 4.705123e+01
4.845461e+01 4.705123e+01
4.828745e+01 4.696385e+01
4.826357e+01 4.696385e+01
4.819127e+01 4.696385e+01
4.817600e+01 4.685989e+01
4.825195e+01 4.685989e+01
4.808413e+01 4.685989e+01
4.827772e+01 4.685989e+01
4.812957e+01 4.673347e+01
4.782267e+01 4.668723e+01
4.687506e+01 4.581544e+01
4.651198e+01 4.566318e+01
4.645779e+01 4.561858e+01
4.643008e+01 4.526950e+01
4.615435e+01 4.521101e+01
4.615827e+01 4.487831e+01
4.580723e+01 4.459721e+01
4.587114e+01 4.414989e+01
4.570996e+01 4.387861e+01
4.548930e+01 4.343556e+01
4.513853e+01 4.343556e+01
4.515095e+01 4.343556e+01
4.476820e+01 4.335788e+01
4.443138e+01 4.269897e+01
4.411573e+01 4.263102e+01
4.395825e+01 4.263102e+01
4.318619e+01 4.224134e+01
4.185864e+01 4.142824e+01
4.091526e+01 4.082311e+01
4.042950e+01 4.042479e+01
4.025699e+01 4.025163e+01
4.019329e+01 4.019188e+01
4.016664e+01 4.016632e+01
4.015756e+01 4.015748e+01
4.015116e+01 4.015104e+01
4.014375e+01 4.014359e+01
4.014071e+01 4.014070e+01
4.013889e+01 4.013886e+01
4.013745e+01 4.013739e+01
4.013560e+01 4.013556e+01
4.013439e+01 4.013436e+01
4.013338e+01 4.013336e+01
4.013234e+01 4.013232e+01
4.013189e+01 4.013188e+01
4.013097e+01 4.013095e+01
4.013032e+01 4.013031e+01
4.012970e+01 4.012969e+01
4.012947e+01 4.012947e+01
4.012929e+01 4.012928e+01
4.012910e+01 4.012910e+01
4.012896e+01 4.012896e+01
4.012881e+01 4.012880e+01
4.012870e+01 4.012870e+01
4.012857e+01 4.012857e+01
4.012834e+01 4.012834e+01
4.012806e+01 4.012806e+01
4.012792e+01 4.012791e+01
4.012778e+01 4.012778e+01
4.012764e+01 4.012764e+01
4.012748e+01 4.012748e+01
4.012733e+01 4.012732e+01
4.012714e+01 4.012713e+01
4.012696e+01 4.012695e+01
4.012686e+01 4.012686e+01
4.012679e+01 4.012678e+01
4.012671e+01 4.012671e+01
4.012667e+01 4.012667e+01
4.012664e+01 4.012664e+01
4.012660e+01 4.012660e+01
4.012652e+01 4.012652e+01
4.012646e+01 4.012645e+01
4.012641e+01 4.012641e+01
4.012635e+01 4.012635e+01
4.012630e+01 4.012630e+01
4.012623e+01 4.012623e+01
4.012617e+01 4.012617e+01
4.012611e+01 4.012610e+01
4.012604e+01 4.012604e+01
4.012601e+01 4.012601e+01
4.012598e+01 4.012598e+01
4.012596e+01 4.012595e+01
4.012594e+01 4.012594e+01
4.012591e+01 4.012591e+01
4.012590e+01 4.012589e+01
4.012588e+01 4.012588e+01
4.012586e+01 4.012586e+01
4.012583e+01 4.012583e+01
4.012581e+01 4.012581e+01
4.012579e+01 4.012579e+01
4.012577e+01 4.012577e+01
4.012575e+01 4.012575e+01
4.012574e+01 4.012574e+01
4.012572e+01 4.012572e+01
4.012569e+01 4.012569e+01
4.012567e+01 4.012567e+01
4.012566e+01 4.012565e+01
5.004951e+01 4.905142e+01
4.868624e+01 4.742808e+01
4.848403e+01 4.742808e+01
4.852160e+01 4.742092e+01
4.836869e+01 4.742092e+01
4.830545e+01 4.688073e+01
4.826993e+01 4.688073e+01
4.829787e+01 4.688073e+01
4.825050e+01 4.688073e+01
4.804043e+01 4.688073e+01
4.817357e+01 4.684717e+01
4.810666e+01 4.675375e+01
4.760690e+01 4.621355e+01
4.736692e+01 4.544398e+01
4.711071e+01 4.495529e+01
4.656661e+01 4.490497e+01
4.648593e+01 4.435819e+01
4.663087e+01 4.403611e+01
4.649621e+01 4.384600e+01
4.667757e+01 4.349793e+01
4.636509e+01 4.349793e+01
4.597852e+01 4.345197e+01
4.644698e+01 4.345197e+01
4.594265e+01 4.345197e+01
4.559743e+01 4.330138e+01
4.596740e+01 4.281219e+01
4.605494e+01 4.281219e+01
4.563437e+01 4.278870e+01
4.551083e+01 4.278140e+01
4.538608e+01 4.278140e+01
4.535890e+01 4.252352e+01
4.560469e+01 4.249701e+01
4.543003e+01 4.233644e+01
4.534313e+01 4.206642e+01
4.551342e+01 4.177532e+01
4.556440e+01 4.177532e+01
4.433924e+01 4.169268e+01
4.378080e+01 4.154487e+01
4.363256e+01 4.136519e+01
4.378325e+01 4.096822e+01
4.333156e+01 4.088106e+01
4.300755e+01 4.080643e+01
4.305635e+01 4.051650e+01
4.301030e+01 4.043169e+01
4.257351e+01 4.031600e+01
4.276713e+01 4.027783e+01
4.243858e+01 4.024969e+01
4.217322e+01 4.014747e+01
4.197072e+01 4.008647e+01
4.185477e+01 4.006690e+01
4.217340e+01 4.002570e+01
4.192393e+01 4.000091e+01
4.176128e+01 3.995980e+01
4.168988e+01 3.993788e+01
4.175488e+01 3.992489e+01
4.128976e+01 3.991005e+01
4.098739e+01 3.989208e+01
4.140567e+01 3.986715e+01
4.116703e+01 3.985168e+01
4.131262e+01 3.984018e+01
4.097565e+01 3.982902e+01
4.095889e+01 3.981624e+01
4.081248e+01 3.977608e+01
4.100673e+01 3.976441e+01
4.080874e+01 3.975223e+01
4.066043e+01 3.975077e+01
4.039746e+01 3.974299e+01
4.038033e+01 3.973432e+01
4.031652e+01 3.973117e+01
4.029736e+01 3.972184e+01
4.022556e+01 3.971767e+01
4.046740e+01 3.971328e+01
4.006614e+01 3.970923e+01
4.000986e+01 3.970661e+01
4.004710e+01 3.970052e+01
3.995183e+01 3.969525e+01
3.989087e+01 3.969343e+01
3.985815e+01 3.968525e+01
3.982308e+01 3.967816e+01
3.976244e+01 3.967531e+01
3.978082e+01 3.966901e+01
3.976756e+01 3.966743e+01
3.974217e+01 3.966172e+01
3.972599e+01 3.965988e+01
3.973991e+01 3.965566e+01
3.972322e+01 3.965135e+01
3.971706e+01 3.965106e+01
3.969446e+01 3.964911e+01
3.970301e+01 3.964755e+01
3.969668e+01 3.964473e+01
3.967884e+01 3.964440e+01
3.966538e+01 3.964303e+01
3.966927e+01 3.964130e+01
3.966564e+01 3.963879e+01
3.966616e+01 3.963796e+01
3.966422e+01 3.963651e+01
3.966555e+01 3.963480e+01
3.966076e+01 3.963237e+01
3.966331e+01 3.962948e+01
3.965933e+01 3.962831e+01
3.966334e+01 3.962701e+01
5.002593e+01 4.843130e+01
4.850921e+01 4.743664e+01
4.842635e+01 4.702831e+01
4.843197e+01 4.702831e+01
4.765747e+01 4.509991e+01
4.734683e+01 4.479571e+01
4.701790e+01 4.469183e+01
4.707790e+01 4.455013e+01
4.650571e+01 4.431630e+01
4.684830e+01 4.403241e+01
4.636237e+01 4.376639e+01
4.607082e+01 4.371667e+01
4.591861e+01 4.371667e+01
4.582667e+01 4.347116e+01
4.577366e+01 4.272919e+01
4.548878e+01 4.244830e+01
4.546097e+01 4.222318e+01
4.579436e+01 4.221087e+01
4.555731e+01 4.169225e+01
4.579945e+01 4.169225e+01
4.485639e+01 4.166261e+01
4.451503e+01 4.166261e+01
4.430313e+01 4.166259e+01
4.403376e+01 4.158623e+01
4.341963e+01 4.148267e+01
4.405549e+01 4.147216e+01
4.431767e+01 4.109057e+01
4.373985e+01 4.091685e+01
4.315295e+01 4.084289e+01
4.279122e+01 4.059866e+01
4.256796e+01 4.039457e+01
4.227694e+01 4.019415e+01
4.200817e+01 4.009216e+01
4.276434e+01 3.988257e+01
4.247078e+01 3.971555e+01
4.170506e+01 3.965741e+01
4.204345e+01 3.948819e+01
4.198498e+01 3.929521e+01
4.209699e+01 3.923724e+01
4.197006e+01 3.919427e+01
4.151068e+01 3.914289e+01
4.148468e+01 3.906924e+01
4.166391e+01 3.891829e+01
4.107369e+01 3.887573e+01
4.124740e+01 3.882506e+01
4.103029e+01 3.879260e+01
4.105933e+01 3.875902e+01
4.010454e+01 3.875668e+01
4.045583e+01 3.871870e+01
4.090329e+01 3.870876e+01
4.041685e+01 3.868203e+01
4.011183e+01 3.865822e+01
3.989974e+01 3.863837e+01
3.955251e+01 3.863024e+01
3.997060e+01 3.858406e+01
3.982178e+01 3.857550e+01
4.003113e+01 3.854322e+01
3.945276e+01 3.853885e+01
3.930104e+01 3.850700e+01
3.910924e+01 3.848544e+01
3.909715e+01 3.846878e+01
3.899557e+01 3.845637e+01
3.894997e+01 3.843306e+01
3.886541e+01 3.842315e+01
3.886200e+01 3.841244e+01
3.884799e+01 3.839407e+01
3.874496e+01 3.838585e+01
3.878387e+01 3.838287e+01
3.876413e+01 3.837969e+01
3.861474e+01 3.837056e+01
3.857778e+01 3.836323e+01
3.845159e+01 3.835378e+01
3.845181e+01 3.834985e+01
3.846841e+01 3.834543e+01
3.846137e+01 3.834158e+01
3.843365e+01 3.833766e+01
3.841176e+01 3.833059e+01
3.838943e+01 3.832709e+01
3.838968e+01 3.832350e+01
3.838915e+01 3.832179e+01
3.839180e+01 3.831956e+01
3.838216e+01 3.831667e+01
3.835969e+01 3.831191e+01
3.839143e+01 3.830690e+01
3.836226e+01 3.830437e+01
3.836794e+01 3.830204e+01
3.836099e+01 3.829887e+01
3.835661e+01 3.829566e+01
3.836013e+01 3.829370e+01
3.835365e+01 3.829206e+01
3.836016e+01 3.828899e+01
3.834863e+01 3.828752e+01
3.832916e+01 3.828350e+01
3.832518e+01 3.828139e+01
3.831300e+01 3.827711e+01
3.830677e+01 3.827539e+01
3.830704e+01 3.827262e+01
3.831199e+01 3.827128e+01
3.830406e+01 3.826938e+01
3.831809e+01 3.826735e+01
3.833753e+01 3.826642e+01
4.996906e+01 4.828626e+01
4.855028e+01 4.776660e+01
4.840270e+01 4.736833e+01
4.773739e+01 4.633390e+01
4.745092e+01 4.547769e+01
4.720464e+01 4.472583e+01
4.717051e+01 4.472583e+01
4.689474e+01 4.472583e+01
4.672934e+01 4.442690e+01
4.652915e+01 4.407891e+01
4.662449e+01 4.363125e+01
4.637087e+01 4.363125e+01
4.628528e+01 4.363125e+01
4.600719e+01 4.348162e+01
4.617918e+01 4.315842e+01
4.581856e+01 4.315842e+01
4.533940e+01 4.315842e+01
4.529426e+01 4.306061e+01
4.571458e+01 4.293077e+01
4.557913e+01 4.283064e+01
4.556066e+01 4.277266e+01
4.572671e+01 4.257147e+01
4.575685e+01 4.244414e+01
4.562697e+01 4.212187e+01
4.588473e+01 4.212187e+01
4.486403e+01 4.196799e+01
4.521019e+01 4.193363e+01
4.502781e+01 4.163559e+01
4.495153e+01 4.161853e+01
4.500580e+01 4.161853e+01
4.522602e+01 4.161853e+01
4.463167e+01 4.150742e+01
4.494142e+01 4.129088e+01
4.473687e+01 4.129088e+01
4.430273e+01 4.124774e+01
4.442879e+01 4.091222e+01
4.445011e+01 4.078483e+01
4.498044e+01 4.074739e+01
4.406417e+01 4.067113e+01
4.399123e+01 4.062568e+01
4.424190e+01 4.058053e+01
4.386159e+01 4.058053e+01
4.398586e+01 4.049644e+01
4.427726e+01 4.029328e+01
4.411456e+01 4.020896e+01
4.345618e+01 4.008946e+01
4.349897e+01 3.995246e+01
4.342720e+01 3.966193e+01
4.139914e+01 3.966177e+01
4.190228e+01 3.960862e+01
4.163059e+01 3.935786e+01
4.213241e+01 3.905405e+01
4.162822e+01 3.901341e+01
4.111505e+01 3.898100e+01
4.137281e+01 3.892871e+01
4.164992e+01 3.888384e+01
4.214436e+01 3.880341e+01
4.123057e+01 3.877031e+01
4.038942e+01 3.876985e+01
4.065170e+01 3.862145e+01
4.070823e+01 3.857341e+01
4.119266e+01 3.849733e+01
4.080850e+01 3.847587e+01
4.049114e+01 3.843807e+01
4.037428e+01 3.842351e+01
3.994124e+01 3.840192e+01
4.042696e+01 3.827256e+01
4.065596e+01 3.815205e+01
3.976532e+01 3.814889e+01
4.015985e+01 3.811243e+01
3.996637e+01 3.798516e+01
3.925457e+01 3.796883e+01
3.967906e+01 3.793266e+01
3.978302e+01 3.791582e+01
3.941133e+01 3.784028e+01
3.935138e+01 3.783489e+01
3.950350e+01 3.780916e+01
3.984867e+01 3.779200e+01
3.895948e+01 3.777214e+01
3.916041e+01 3.774020e+01
3.909302e+01 3.772755e+01
3.907866e+01 3.768511e+01
3.910187e+01 3.767217e+01
3.919760e+01 3.764806e+01
3.933874e+01 3.763934e+01
3.888501e+01 3.762475e+01
3.883478e+01 3.761809e+01
3.883314e+01 3.760604e+01
3.862489e+01 3.760108e+01
3.888701e+01 3.759820e+01
3.848211e+01 3.758100e+01
3.826820e+01 3.754517e+01
3.806530e+01 3.752693e+01
3.809709e+01 3.748003e+01
3.789792e+01 3.747222e+01
3.797440e+01 3.746169e+01
3.804775e+01 3.744650e+01
3.796303e+01 3.742008e+01
3.786514e+01 3.741131e+01
3.774111e+01 3.740462e+01
3.773845e+01 3.739556e+01
4.999976e+01 4.881628e+01
4.861050e+01 4.739546e+01
4.847117e+01 4.687223e+01
4.825427e+01 4.687223e+01
4.848989e+01 4.682550e+01
4.832934e+01 4.682550e+01
4.830741e+01 4.682550e+01
4.827023e+01 4.682550e+01
4.824162e+01 4.677404e+01
4.809929e+01 4.677404e+01
4.812040e+01 4.654849e+01
4.803618e+01 4.654849e+01
4.799544e+01 4.648986e+01
4.783864e+01 4.648986e+01
4.761197e+01 4.618832e+01
4.750074e+01 4.606014e+01
4.751695e+01 4.606014e+01
4.736653e+01 4.596707e+01
4.744462e+01 4.596707e+01
4.719854e+01 4.594457e+01
4.714223e+01 4.553979e+01
4.715894e+01 4.553979e+01
4.718072e+01 4.534963e+01
4.702396e+01 4.515840e+01
4.714766e+01 4.515840e+01
4.719024e+01 4.515840e+01
4.681144e+01 4.515840e+01
4.662000e+01 4.512430e+01
4.628434e+01 4.478991e+01
4.623605e+01 4.478991e+01
4.584268e+01 4.475424e+01
4.566317e+01 4.447642e+01
4.540185e+01 4.447462e+01
4.533797e+01 4.422728e+01
4.500240e+01 4.400624e+01
4.472742e+01 4.366227e+01
4.419031e+01 4.360156e+01
4.370374e+01 4.314487e+01
4.312152e+01 4.280449e+01
4.284132e+01 4.272204e+01
4.278833e+01 4.265636e+01
4.269242e+01 4.261301e+01
4.266645e+01 4.257221e+01
4.261767e+01 4.253248e+01
4.260581e+01 4.251304e+01
4.257070e+01 4.249258e+01
4.259494e+01 4.248140e+01
4.254314e+01 4.246698e+01
4.257025e+01 4.246012e+01
4.255681e+01 4.245570e+01
4.253587e+01 4.245297e+01
4.255559e+01 4.244466e+01
4.253445e+01 4.244230e+01
4.253738e+01 4.243598e+01
4.251856e+01 4.243529e+01
4.250205e+01 4.243467e+01
4.248706e+01 4.243226e+01
4.251219e+01 4.243025e+01
4.251248e+01 4.242907e+01
4.249887e+01 4.242610e+01
4.254006e+01 4.242077e+01
4.253182e+01 4.241734e+01
4.250718e+01 4.241518e+01
4.250196e+01 4.241231e+01
4.248944e+01 4.241159e+01
4.249466e+01 4.240902e+01
4.248923e+01 4.240763e+01
4.249854e+01 4.240690e+01
4.248958e+01 4.240457e+01
4.247230e+01 4.240342e+01
4.248309e+01 4.240221e+01
4.250301e+01 4.239961e+01
4.248664e+01 4.239947e+01
4.250595e+01 4.239884e+01
4.246289e+01 4.239705e+01
4.245373e+01 4.239603e+01
4.245108e+01 4.239595e+01
4.245319e+01 4.239536e+01
4.243690e+01 4.238673e+01
4.240497e+01 4.213679e+01
4.229165e+01 4.210369e+01
4.226693e+01 4.207214e+01
4.221533e+01 4.205432e+01
4.218055e+01 4.204101e+01
4.215872e+01 4.202673e+01
4.212283e+01 4.201823e+01
4.211517e+01 4.201507e+01
4.211252e+01 4.200722e+01
4.213512e+01 4.200232e+01
4.209167e+01 4.199828e+01
4.210293e+01 4.199735e+01
4.211909e+01 4.198425e+01
4.210629e+01 4.196610e+01
4.210071e+01 4.196291e+01
4.209075e+01 4.196073e+01
4.209646e+01 4.196018e+01
4.208255e+01 4.195663e+01
4.208781e+01 4.195465e+01
4.209448e+01 4.195129e+01
4.204424e+01 4.194754e+01
4.203059e+01 4.194118e+01
4.998414e+01 4.838611e+01
4.858956e+01 4.779176e+01
4.840866e+01 4.755647e+01
4.854996e+01 4.753726e+01
4.840125e+01 4.748477e+01
4.827499e+01 4.736251e+01
4.833451e+01 4.641754e+01
4.826081e+01 4.641754e+01
4.817887e+01 4.641754e+01
4.815128e+01 4.641754e+01
4.818768e+01 4.641754e+01
4.811475e+01 4.641754e+01
4.812963e+01 4.641754e+01
4.789507e+01 4.619827e+01
4.793749e+01 4.601971e+01
4.789941e+01 4.601971e+01
4.799509e+01 4.601971e+01
4.797812e+01 4.579816e+01
4.778696e+01 4.578517e+01
4.763977e+01 4.563137e+01
4.751735e+01 4.563137e+01
4.741559e+01 4.563137e+01
4.736221e+01 4.563137e+01
4.718210e+01 4.544743e+01
4.706992e+01 4.527920e+01
4.653375e+01 4.527920e+01
4.588016e+01 4.504653e+01
4.534978e+01 4.481512e+01
4.455076e+01 4.391043e+01
4.403963e+01 4.374648e+01
4.373078e+01 4.356029e+01
4.321087e+01 4.320979e+01
4.297045e+01 4.296842e+01
4.281306e+01 4.280998e+01
4.276150e+01 4.276105e+01
4.271355e+01 4.271249e+01
4.268627e+01 4.268595e+01
4.266390e+01 4.266327e+01
4.264578e+01 4.264558e+01
4.263631e+01 4.263594e+01
4.262880e+01 4.262874e+01
4.262654e+01 4.262651e+01
4.262460e+01 4.262453e+01
4.262166e+01 4.262160e+01
4.261889e+01 4.261884e+01
4.261701e+01 4.261698e+01
4.261593e+01 4.261592e+01
4.261494e+01 4.261492e+01
4.261438e+01 4.261437e+01
4.261371e+01 4.261371e+01
4.261322e+01 4.261321e+01
4.261282e+01 4.261282e+01
4.261251e+01 4.261249e+01
4.261211e+01 4.261210e+01
4.261182e+01 4.261181e+01
4.261167e+01 4.261167e+01
4.261149e+01 4.261148e+01
4.261137e+01 4.261137e+01
4.261124e+01 4.261124e+01
4.261105e+01 4.261104e+01
4.261108e+01 4.261087e+01
4.261030e+01 4.261030e+01
4.261012e+01 4.261011e+01
4.261001e+01 4.261001e+01
4.260992e+01 4.260992e+01
4.260982e+01 4.260981e+01
4.260969e+01 4.260968e+01
4.260956e+01 4.260955e+01
4.260940e+01 4.260940e+01
4.260927e+01 4.260927e+01
4.260916e+01 4.260916e+01
4.260907e+01 4.260907e+01
4.260900e+01 4.260900e+01
4.260894e+01 4.260894e+01
4.260889e+01 4.260889e+01
4.260884e+01 4.260884e+01
4.260877e+01 4.260877e+01
4.260871e+01 4.260871e+01
4.260868e+01 4.260868e+01
4.260864e+01 4.260863e+01
4.260860e+01 4.260859e+01
4.260856e+01 4.260856e+01
4.260852e+01 4.260852e+01
4.260849e+01 4.260849e+01
4.260847e+01 4.260847e+01
4.260845e+01 4.260845e+01
4.260842e+01 4.260842e+01
4.260838e+01 4.260838e+01
4.260834e+01 4.260834e+01
4.260832e+01 4.260831e+01
4.260830e+01 4.260830e+01
4.260828e+01 4.260828e+01
4.260823e+01 4.260823e+01
4.260819e+01 4.260819e+01
4.260817e+01 4.260817e+01
4.260811e+01 4.260810e+01
4.260804e+01 4.260804e+01
4.260800e+01 4.260800e+01
4.260799e+01 4.260799e+01
4.260798e+01 4.260798e+01
4.260797e+01 4.260797e+01
