4.089482e+09 3.219978e+06
3.364136e+06 5.126072e+05
2.555672e+07 3.471794e+05
1.042779e+08 2.225888e+05
2.513896e+07 1.421857e+05
1.087884e+08 9.312967e+04
5.224242e+07 7.247090e+04
1.820782e+07 6.133740e+04
2.376335e+07 4.777949e+04
4.337201e+07 4.112155e+04
1.334298e+08 3.533437e+04
5.233595e+07 2.709951e+04
9.719756e+07 2.292574e+04
2.641398e+07 1.996934e+04
2.589794e+06 1.928653e+04
1.094331e+07 1.765173e+04
6.541176e+07 1.520281e+04
5.168237e+07 1.383258e+04
4.600948e+07 1.264807e+04
9.305565e+07 1.232647e+04
5.487342e+06 1.016607e+04
3.775114e+07 9.443399e+03
4.766805e+07 9.138031e+03
1.126918e+07 8.308184e+03
4.184157e+07 7.966448e+03
7.067579e+06 7.838773e+03
2.313848e+06 6.189843e+03
2.739558e+07 5.472301e+03
1.253607e+07 5.215913e+03
6.069514e+07 4.753241e+03
7.550295e+06 4.696366e+03
4.308666e+06 4.664024e+03
5.237549e+06 4.565088e+03
5.420297e+07 4.498460e+03
7.492577e+07 4.240429e+03
1.812626e+06 4.212257e+03
3.680819e+07 4.140235e+03
1.432321e+07 4.124372e+03
2.831087e+07 4.115954e+03
8.134710e+07 4.103188e+03
1.466307e+07 4.094194e+03
1.728960e+07 4.090582e+03
5.697822e+06 4.050565e+03
8.239039e+07 4.014136e+03
8.028321e+05 4.013300e+03
4.984369e+06 3.823910e+03
1.018004e+07 2.612289e+03
2.892715e+07 2.611569e+03
3.375466e+07 2.471708e+03
1.133644e+06 2.471439e+03
9.814904e+06 2.471178e+03
1.131556e+07 1.863804e+03
1.586143e+07 1.863582e+03
9.519159e+06 1.651683e+03
8.062285e+06 1.651578e+03
5.272321e+06 1.651450e+03
9.208136e+06 1.651419e+03
6.144985e+05 1.651358e+03
4.438938e+06 1.651335e+03
2.107575e+07 1.651322e+03
2.874006e+06 1.612042e+03
1.984030e+07 1.612025e+03
1.021770e+07 1.612014e+03
1.862278e+07 1.612008e+03
1.673839e+07 1.527554e+03
3.928689e+07 1.499178e+03
1.656792e+07 1.499175e+03
1.320644e+07 1.492373e+03
2.203356e+06 1.444340e+03
3.018395e+06 1.443690e+03
4.029005e+06 1.378588e+03
3.428829e+05 1.378585e+03
9.892962e+06 1.376493e+03
2.482112e+06 1.376492e+03
1.983728e+06 1.254595e+03
4.146608e+06 1.119371e+03
1.406189e+07 9.891886e+02
3.069521e+06 8.936798e+02
1.559807e+06 8.936785e+02
7.778910e+05 8.475138e+02
1.489531e+06 8.307394e+02
3.324994e+06 8.226542e+02
5.344615e+06 6.979093e+02
2.353871e+06 6.912622e+02
3.212054e+06 6.912620e+02
2.284640e+06 6.912618e+02
1.041764e+07 5.510513e+02
1.631147e+06 5.510512e+02
7.609140e+06 5.510511e+02
2.600314e+06 5.434017e+02
3.639787e+06 5.356671e+02
6.610505e+06 5.356671e+02
6.006974e+06 5.356671e+02
6.550900e+06 5.127834e+02
4.766927e+06 5.127833e+02
1.928998e+05 5.127833e+02
9.124607e+06 5.085895e+02
5.091425e+06 5.085895e+02
3.280491e+06 5.085895e+02
2.554451e+06 4.782264e+02
1.500873e+07 3.781795e+02
3.849132e+09 8.728181e+05
6.872064e+06 4.677060e+05
4.309370e+07 2.820805e+05
6.516891e+07 1.731320e+05
4.860204e+07 1.133057e+05
7.871064e+06 9.600975e+04
8.451659e+07 6.997885e+04
2.200812e+07 5.389353e+04
6.460840e+07 4.447206e+04
3.633110e+07 3.367466e+04
5.281293e+07 2.981251e+04
5.280059e+07 2.587261e+04
2.075622e+08 2.073892e+04
5.407378e+07 1.580825e+04
2.382758e+07 1.455996e+04
8.067219e+05 1.376523e+04
2.439966e+06 1.207103e+04
3.446687e+07 1.004120e+04
7.838327e+06 9.207894e+03
1.987167e+07 8.568096e+03
6.314647e+07 8.189006e+03
5.956094e+07 6.064199e+03
1.546848e+07 5.742042e+03
2.369132e+07 5.565484e+03
3.776473e+07 5.463375e+03
5.686146e+07 5.384747e+03
2.141428e+07 5.037880e+03
1.121927e+07 4.744442e+03
4.837230e+06 4.697220e+03
1.856776e+07 4.622931e+03
3.405579e+07 3.691975e+03
1.217904e+07 3.594354e+03
2.483900e+07 3.563433e+03
1.430589e+07 3.082974e+03
2.001017e+07 3.069582e+03
3.191857e+07 3.053014e+03
4.679660e+06 3.043317e+03
1.946762e+07 3.036024e+03
5.008229e+06 3.030290e+03
6.013173e+07 2.028477e+03
3.180044e+06 2.018020e+03
1.453405e+07 2.013966e+03
1.032866e+07 1.601790e+03
2.212167e+07 1.599327e+03
3.932219e+07 1.596584e+03
1.856384e+06 1.595538e+03
9.255871e+06 1.594151e+03
1.933842e+07 1.586334e+03
2.511982e+06 1.528253e+03
3.872632e+06 1.527905e+03
7.227424e+06 1.522138e+03
4.560811e+06 1.521202e+03
2.018082e+07 1.516326e+03
6.286614e+06 1.514145e+03
1.318355e+06 1.378154e+03
1.685710e+05 1.378117e+03
5.438056e+06 1.377525e+03
2.227899e+07 1.364270e+03
8.436006e+05 1.317117e+03
1.104542e+07 1.279415e+03
4.115888e+06 1.242411e+03
2.589674e+06 1.235056e+03
1.292460e+07 1.149795e+03
9.904055e+06 9.963464e+02
4.926479e+06 9.963342e+02
8.762065e+04 9.963258e+02
8.650425e+05 9.963195e+02
1.629397e+06 8.782624e+02
1.614806e+06 8.692719e+02
1.561852e+06 8.192213e+02
2.789155e+05 8.191423e+02
1.020871e+07 8.191384e+02
1.255845e+06 8.191181e+02
7.737818e+06 8.161009e+02
6.063230e+05 6.829708e+02
5.214738e+06 5.441929e+02
1.444676e+06 5.441890e+02
4.914786e+06 5.441881e+02
7.362941e+06 5.441865e+02
4.576144e+06 5.441864e+02
3.219743e+06 5.441861e+02
1.088794e+07 5.398697e+02
4.018241e+06 4.068763e+02
1.892890e+06 2.634227e+02
5.646678e+05 2.634221e+02
4.783210e+06 2.634217e+02
5.755144e+06 2.634215e+02
9.441770e+06 2.634213e+02
8.872179e+06 2.550362e+02
1.687840e+06 2.550361e+02
6.528863e+06 2.550361e+02
2.525800e+05 2.550360e+02
6.297032e+06 2.550360e+02
1.744201e+06 2.450974e+02
1.468329e+06 2.450974e+02
3.475313e+04 2.450974e+02
3.328070e+05 2.450974e+02
1.799556e+06 2.174124e+02
6.595485e+05 2.006681e+02
5.034506e+05 1.964799e+02
7.681154e+05 1.962005e+02
3.871876e+09 9.263612e+05
1.590725e+07 4.936103e+05
1.568410e+08 3.555366e+05
7.615438e+05 2.066966e+05
1.581274e+06 1.393353e+05
7.490178e+07 9.160491e+04
6.876809e+07 7.204002e+04
6.723704e+07 5.300041e+04
5.278071e+07 4.767977e+04
1.519279e+07 3.788252e+04
3.694117e+07 2.948549e+04
2.038984e+07 2.463044e+04
1.142229e+08 1.772590e+04
3.140272e+07 1.529215e+04
7.922995e+07 1.340718e+04
3.992334e+07 1.197960e+04
1.961428e+07 1.114386e+04
1.514715e+08 1.033967e+04
1.126587e+08 9.474599e+03
1.482267e+07 8.965182e+03
9.686652e+06 7.734666e+03
2.754543e+07 7.380815e+03
2.992747e+07 6.755847e+03
9.311344e+05 6.439559e+03
8.459416e+07 6.197675e+03
3.141773e+06 6.107699e+03
2.219733e+07 5.264765e+03
6.631043e+07 5.037850e+03
3.499558e+07 4.937212e+03
2.684061e+07 3.978354e+03
1.712880e+07 3.609409e+03
1.273495e+07 3.492944e+03
5.040162e+07 3.450634e+03
1.505118e+07 3.383330e+03
2.210412e+07 3.365252e+03
1.047207e+07 3.314675e+03
3.261237e+06 3.289581e+03
2.047582e+07 3.285845e+03
9.877392e+05 3.277128e+03
2.725690e+06 2.887576e+03
7.096790e+06 2.868020e+03
8.123721e+06 2.705317e+03
3.036722e+07 2.666205e+03
9.363982e+06 2.665254e+03
2.281494e+07 2.662121e+03
4.796564e+07 2.428613e+03
5.396522e+06 2.423715e+03
1.340874e+06 2.245489e+03
9.142579e+06 2.243907e+03
1.026637e+07 2.173333e+03
1.240575e+06 2.043973e+03
1.562769e+06 1.937299e+03
6.241633e+06 1.889527e+03
3.392879e+06 1.571661e+03
7.099008e+06 1.564598e+03
7.168949e+06 1.564303e+03
2.107472e+06 1.181753e+03
1.473798e+07 1.171672e+03
8.651053e+06 1.171622e+03
4.205922e+06 1.171594e+03
5.622801e+05 8.581970e+02
1.709528e+07 8.581840e+02
7.116236e+06 7.339920e+02
1.342199e+06 7.280762e+02
1.297173e+06 7.280647e+02
1.665482e+06 7.280580e+02
1.672016e+06 7.280500e+02
1.329052e+07 7.280449e+02
5.141445e+04 7.280431e+02
6.222543e+06 5.826347e+02
4.878598e+06 5.826333e+02
3.474411e+05 5.826319e+02
1.050201e+07 5.826294e+02
8.931154e+06 5.826278e+02
1.041074e+07 5.809054e+02
2.891149e+06 5.476079e+02
4.228535e+06 5.432624e+02
2.367654e+05 3.578161e+02
4.606556e+06 3.578149e+02
9.053419e+06 3.578146e+02
2.795902e+06 3.578144e+02
5.596253e+05 3.578138e+02
3.211489e+06 3.578137e+02
5.915266e+06 3.578135e+02
1.302053e+06 3.578135e+02
2.211569e+06 3.578134e+02
3.214055e+06 3.578133e+02
1.614511e+06 3.578133e+02
7.282442e+06 3.578132e+02
3.061694e+06 3.505863e+02
2.054028e+06 3.317321e+02
1.309270e+06 3.317320e+02
1.522747e+05 3.317320e+02
4.963639e+04 2.008648e+02
3.001188e+05 2.008647e+02
3.528493e+04 2.008647e+02
1.404433e+06 2.008647e+02
4.292398e+05 2.008647e+02
3.452868e+05 2.008647e+02
3.444898e+06 2.008647e+02
1.534929e+06 2.008647e+02
3.706339e+09 1.200592e+06
1.055878e+08 4.672179e+05
4.621379e+06 3.101938e+05
4.528394e+07 2.106143e+05
1.385818e+08 1.473107e+05
1.178342e+08 1.028940e+05
1.549924e+08 5.497860e+04
3.860360e+07 4.888876e+04
7.314170e+07 4.258557e+04
4.063864e+07 3.172971e+04
7.924067e+07 2.859946e+04
9.974228e+07 2.242934e+04
1.416220e+08 2.054488e+04
1.032735e+08 1.766297e+04
2.303833e+07 1.558954e+04
5.493329e+06 1.353571e+04
3.454131e+07 1.301476e+04
3.505646e+07 1.204172e+04
3.178364e+06 1.009185e+04
4.418277e+07 9.604038e+03
5.112750e+05 9.323208e+03
2.638869e+07 6.853438e+03
6.360662e+07 5.783421e+03
4.551822e+07 5.000970e+03
3.704614e+07 4.688392e+03
6.787810e+07 4.539255e+03
5.478936e+07 4.446788e+03
3.880360e+07 4.371928e+03
3.169918e+07 4.317413e+03
2.550485e+07 4.272469e+03
1.462101e+07 4.137170e+03
1.931932e+06 4.073537e+03
4.837792e+06 3.887135e+03
5.732380e+06 2.864553e+03
5.555072e+07 2.637155e+03
6.669888e+07 2.598771e+03
2.148574e+07 2.590415e+03
4.978613e+07 2.181311e+03
1.684067e+07 2.169042e+03
4.325064e+07 2.164806e+03
2.351653e+06 1.990991e+03
8.645737e+06 1.937470e+03
2.363311e+07 1.933937e+03
1.138680e+07 1.883813e+03
5.781640e+06 1.869655e+03
1.107909e+07 1.869161e+03
9.478152e+06 1.859943e+03
4.450286e+06 1.420766e+03
2.301660e+07 1.339265e+03
9.272395e+06 1.338447e+03
2.681209e+07 1.087730e+03
6.076644e+06 1.039285e+03
4.298219e+06 1.036384e+03
2.796328e+06 8.762987e+02
6.730997e+06 8.644324e+02
3.920409e+05 8.148769e+02
4.126874e+05 8.147154e+02
1.535462e+05 8.146319e+02
5.317039e+06 7.822219e+02
5.681438e+06 7.114242e+02
8.788286e+05 6.508053e+02
7.875170e+05 6.502979e+02
8.090848e+05 5.488016e+02
4.602418e+05 3.943146e+02
8.193270e+04 3.068014e+02
2.283161e+06 3.067866e+02
1.868114e+06 3.064547e+02
9.587314e+05 3.064468e+02
4.466013e+05 3.064406e+02
1.273624e+06 3.064040e+02
8.519071e+05 3.064024e+02
2.876512e+04 3.064011e+02
1.307069e+06 3.063558e+02
2.095476e+06 3.063310e+02
2.340142e+06 2.486288e+02
6.475806e+05 2.486255e+02
2.196137e+06 2.486246e+02
6.854003e+05 2.486238e+02
1.983793e+06 2.486232e+02
9.323930e+04 2.479557e+02
7.851946e+05 2.479553e+02
2.616316e+05 2.479549e+02
5.440431e+05 1.283370e+02
1.626077e+05 1.283366e+02
8.628752e+05 1.283361e+02
9.790506e+04 1.283359e+02
2.552796e+06 1.283359e+02
5.681434e+05 1.283358e+02
2.036302e+04 1.245598e+02
5.773292e+05 1.221730e+02
9.833834e+05 1.221729e+02
9.936763e+04 1.221729e+02
4.287249e+05 1.183208e+02
4.586865e+05 9.295360e+01
2.342461e+05 9.295359e+01
1.040505e+06 9.295356e+01
4.473537e+04 9.295355e+01
1.271079e+06 8.796174e+01
3.130552e+05 8.796174e+01
1.163473e+06 8.796174e+01
4.758065e+05 7.785967e+01
3.300299e+09 1.608215e+06
1.850571e+07 4.976818e+05
2.057344e+06 3.306069e+05
7.219707e+04 6.609841e+04
4.001243e+04 3.142467e+04
1.754661e+04 1.703979e+04
1.174214e+04 1.090614e+04
7.716010e+03 7.641414e+03
6.324794e+03 6.176340e+03
1.013975e+04 4.374482e+03
4.741162e+03 3.007798e+03
3.449216e+03 1.833622e+03
1.528635e+03 1.471230e+03
1.390227e+03 1.377213e+03
1.321888e+03 1.200028e+03
1.291146e+03 8.156887e+02
6.484365e+02 6.374240e+02
1.362076e+03 5.395837e+02
4.871864e+02 4.863484e+02
5.929743e+02 4.484081e+02
4.349069e+02 4.345581e+02
4.206011e+02 4.095427e+02
3.275304e+02 3.256035e+02
3.154367e+02 2.568044e+02
4.802227e+02 1.971106e+02
1.535881e+02 1.524362e+02
1.414305e+02 1.390352e+02
1.517980e+02 1.259113e+02
2.340865e+02 1.001329e+02
1.344803e+02 6.270084e+01
5.249204e+01 4.795465e+01
4.557333e+01 4.198896e+01
9.019828e+01 3.752247e+01
4.191348e+01 3.477666e+01
3.300141e+01 3.289401e+01
2.916744e+01 2.639925e+01
2.181757e+01 2.171476e+01
2.146372e+01 2.080531e+01
2.029968e+01 2.025388e+01
1.988402e+01 1.986605e+01
2.052449e+01 1.954350e+01
6.058368e+01 1.806516e+01
2.625138e+01 8.019265e+00
4.797152e+00 4.267862e+00
6.508651e+00 3.132140e+00
3.610397e+00 2.723365e+00
2.461978e+00 2.456163e+00
2.275922e+00 2.271368e+00
2.295751e+00 2.060312e+00
1.988539e+00 1.975568e+00
1.672033e+00 1.662347e+00
1.498413e+00 1.363894e+00
9.324935e-01 6.730317e-01
4.902840e-01 4.884654e-01
4.161000e-01 4.156630e-01
3.480629e-01 3.463665e-01
2.623085e-01 2.514828e-01
2.345218e-01 2.338523e-01
1.927886e-01 1.910401e-01
1.695619e-01 1.693805e-01
1.631652e-01 1.626463e-01
1.435733e-01 1.429792e-01
1.269526e-01 1.267525e-01
1.220970e-01 1.220441e-01
1.187730e-01 1.186362e-01
1.143222e-01 1.141740e-01
1.104459e-01 1.103999e-01
1.097831e-01 1.096436e-01
1.091680e-01 1.091409e-01
1.030830e-01 1.022660e-01
7.530047e-02 7.304098e-02
9.800624e-02 6.438409e-02
5.818993e-02 5.792303e-02
5.164603e-02 5.129986e-02
4.782193e-02 4.755653e-02
4.272874e-02 4.202287e-02
3.617332e-02 3.594326e-02
3.392855e-02 3.386439e-02
2.979098e-02 2.854470e-02
2.582600e-02 2.531769e-02
2.741572e-02 1.911441e-02
1.594136e-02 1.586225e-02
1.152632e-02 1.142895e-02
1.051943e-02 1.050301e-02
1.008721e-02 1.006904e-02
7.847273e-03 7.797537e-03
6.785090e-03 6.758760e-03
5.479191e-03 5.437815e-03
4.473700e-03 4.461466e-03
4.794191e-03 4.146026e-03
3.598053e-03 3.584275e-03
2.757076e-03 2.740582e-03
2.467674e-03 2.457704e-03
2.352597e-03 2.349717e-03
2.254868e-03 2.253114e-03
2.225342e-03 2.224753e-03
3.165686e-03 2.029045e-03
1.836216e-03 1.757513e-03
1.795159e-03 1.376329e-03
1.252817e-03 1.250627e-03
1.730101e-03 1.045214e-03
3.855434e+09 1.298216e+06
1.975572e+07 4.493480e+05
2.140435e+05 1.757219e+05
7.875127e+04 5.642647e+04
2.059896e+04 1.957340e+04
9.435740e+03 9.304944e+03
6.419569e+03 6.379890e+03
5.518111e+03 5.497390e+03
4.614950e+03 4.540793e+03
4.388499e+03 4.064967e+03
3.882915e+03 3.662376e+03
3.198378e+03 2.886512e+03
3.000286e+03 1.594159e+03
9.640949e+02 8.939275e+02
7.652011e+02 7.294070e+02
6.705121e+02 6.674772e+02
5.867006e+02 5.855111e+02
5.634576e+02 5.622870e+02
5.505096e+02 5.500592e+02
5.148081e+02 5.112108e+02
4.451835e+02 4.444045e+02
4.362670e+02 4.112257e+02
3.868247e+02 3.863694e+02
3.797582e+02 3.794318e+02
3.694550e+02 3.672409e+02
3.342957e+02 3.175190e+02
2.608969e+02 2.579230e+02
2.346689e+02 2.314880e+02
2.027013e+02 2.007209e+02
1.909915e+02 1.847055e+02
1.768617e+02 1.767500e+02
1.873352e+02 1.687681e+02
1.373633e+02 1.122270e+02
1.010222e+02 8.429541e+01
7.522956e+01 7.508432e+01
7.702974e+01 7.226809e+01
7.283566e+01 6.390990e+01
5.985625e+01 5.954635e+01
5.352155e+01 4.706803e+01
4.059749e+01 4.041779e+01
4.387369e+01 3.250698e+01
3.617928e+01 2.726079e+01
2.561441e+01 2.559301e+01
2.139534e+01 2.084207e+01
1.937238e+01 1.846157e+01
1.359666e+01 1.336627e+01
1.073569e+01 1.070120e+01
9.559808e+00 9.540348e+00
9.301892e+00 9.027518e+00
8.752594e+00 8.749146e+00
8.385878e+00 8.352645e+00
5.382628e+00 5.262294e+00
3.657468e+00 3.633048e+00
4.070864e+00 3.006691e+00
2.401047e+00 2.313444e+00
2.971946e+00 2.043024e+00
1.940280e+00 1.937409e+00
1.681369e+00 1.652858e+00
2.322710e+00 1.220639e+00
9.604532e-01 9.527578e-01
8.810914e-01 8.793832e-01
8.861223e-01 8.272221e-01
7.787809e-01 7.724033e-01
1.593324e+00 6.083714e-01
6.668831e-01 4.278355e-01
2.618910e-01 2.537357e-01
2.149179e-01 2.101330e-01
1.878987e-01 1.646039e-01
1.306196e-01 1.249589e-01
1.178087e-01 1.174518e-01
1.582577e-01 1.099932e-01
1.294558e-01 8.742260e-02
6.513911e-02 6.487394e-02
1.443500e-01 4.530591e-02
3.365639e-02 3.345996e-02
3.278831e-02 3.123130e-02
3.006967e-02 2.977886e-02
2.619667e-02 2.604646e-02
2.493704e-02 2.286066e-02
1.503691e-02 1.492549e-02
1.309223e-02 1.307732e-02
3.142206e-02 1.118063e-02
9.654209e-03 9.636888e-03
9.416538e-03 9.288135e-03
9.027475e-03 8.925569e-03
8.217716e-03 8.159403e-03
7.442363e-03 7.433457e-03
7.221701e-03 7.217063e-03
7.129199e-03 7.125756e-03
6.936513e-03 6.924778e-03
6.420664e-03 6.403821e-03
2.662252e-02 3.409570e-03
2.158716e-03 1.859661e-03
1.552380e-03 1.547431e-03
1.402304e-03 1.395898e-03
1.445172e-03 1.133111e-03
9.390926e-04 9.301356e-04
7.858168e-04 7.827382e-04
7.125371e-04 7.031380e-04
6.276660e-04 6.218158e-04
5.262216e-04 5.252459e-04
3.708872e+09 1.920780e+06
1.630896e+06 4.930682e+05
4.912328e+07 3.521397e+05
1.190283e+08 2.360030e+05
1.094263e+08 1.583100e+05
6.198556e+07 1.057458e+05
1.281993e+08 8.001067e+04
3.780899e+07 6.261818e+04
2.026335e+07 5.528845e+04
3.098915e+07 4.364459e+04
1.394619e+08 3.787394e+04
1.992030e+08 3.620297e+04
9.864597e+07 3.265596e+04
4.926251e+07 2.956184e+04
2.395686e+06 2.741680e+04
3.988706e+07 2.591428e+04
5.863834e+07 2.458543e+04
3.423231e+07 2.336469e+04
7.149863e+07 2.063408e+04
3.612988e+07 1.358947e+04
4.360071e+07 1.242127e+04
5.952745e+07 1.184294e+04
1.121250e+07 8.634140e+03
2.110925e+07 8.245388e+03
3.834026e+07 8.112445e+03
1.066039e+07 7.893922e+03
2.172034e+07 7.783961e+03
5.658931e+07 7.742287e+03
8.019940e+07 7.137104e+03
6.838264e+07 7.088614e+03
5.120971e+07 5.953905e+03
3.281382e+07 5.896925e+03
1.537312e+08 5.837541e+03
4.116329e+07 5.787440e+03
4.087585e+07 5.775066e+03
8.337695e+06 5.758009e+03
4.891290e+07 5.745775e+03
2.141167e+07 5.739966e+03
1.235404e+07 5.736540e+03
8.449086e+07 4.221120e+03
1.444711e+07 4.213786e+03
1.805165e+06 4.203656e+03
1.158066e+07 3.405189e+03
4.550087e+06 3.403216e+03
3.669850e+06 3.402144e+03
8.202601e+05 3.358237e+03
8.739082e+06 3.357761e+03
4.722954e+07 3.357396e+03
4.659645e+06 3.357254e+03
3.836343e+07 3.356565e+03
5.716020e+07 3.356133e+03
4.004167e+07 3.355895e+03
2.177348e+07 3.355780e+03
5.485703e+06 3.355642e+03
7.690631e+06 3.355555e+03
2.797093e+07 3.355506e+03
9.959787e+06 3.067742e+03
2.226647e+06 3.067669e+03
1.766474e+06 2.909289e+03
1.652113e+07 2.276536e+03
2.792176e+07 2.245829e+03
6.649837e+06 2.245817e+03
5.113050e+06 2.106789e+03
4.229261e+06 1.668845e+03
5.730283e+06 1.668838e+03
4.879095e+06 1.186942e+03
1.064760e+05 1.186860e+03
7.865542e+06 1.089029e+03
3.194301e+06 1.071581e+03
2.437732e+06 1.067114e+03
1.841671e+06 1.067109e+03
3.615004e+06 1.067106e+03
1.338773e+07 1.050061e+03
1.029102e+07 1.050057e+03
2.660111e+06 1.050057e+03
1.212473e+06 8.561018e+02
5.434638e+05 8.560988e+02
1.375189e+06 7.846190e+02
5.274884e+06 7.846172e+02
8.147391e+05 7.797325e+02
2.629711e+05 7.797318e+02
1.097101e+06 7.797311e+02
2.508506e+06 7.797308e+02
6.190597e+06 7.471600e+02
3.677241e+06 7.375194e+02
7.510689e+05 7.375192e+02
1.706119e+06 7.354591e+02
1.877621e+06 7.354590e+02
8.669079e+06 6.746549e+02
2.047198e+06 6.746549e+02
9.007075e+05 6.746548e+02
2.888915e+05 6.736211e+02
1.323413e+07 6.736211e+02
1.885493e+05 6.736211e+02
3.297723e+06 6.736211e+02
6.831337e+05 5.441805e+02
8.927564e+05 5.441522e+02
2.111867e+06 5.221119e+02
1.284103e+06 5.220987e+02
5.811103e+05 5.220987e+02
3.408906e+06 4.801018e+02
3.481687e+09 3.720173e+06
1.122992e+07 4.560223e+05
2.831640e+06 3.699676e+05
1.512052e+08 2.362444e+05
4.938611e+07 1.504982e+05
5.618705e+07 9.874659e+04
1.657081e+08 8.416531e+04
6.867619e+07 6.271423e+04
2.930191e+07 5.105775e+04
3.392161e+07 4.200521e+04
6.435190e+07 3.612614e+04
3.457000e+07 2.932840e+04
1.769060e+08 2.622563e+04
7.618961e+07 2.327748e+04
1.010420e+08 2.119443e+04
1.800797e+08 1.694252e+04
9.800885e+06 1.659395e+04
8.385051e+06 1.427030e+04
7.581468e+06 1.339034e+04
7.664904e+07 1.275813e+04
1.323914e+07 1.222873e+04
5.402370e+07 1.133578e+04
3.831148e+07 9.294888e+03
2.565292e+07 8.657478e+03
2.292260e+07 8.297770e+03
1.502312e+08 8.043254e+03
2.671564e+06 7.834017e+03
4.715848e+07 7.052833e+03
7.177278e+06 6.977294e+03
4.581927e+07 6.584665e+03
5.288412e+07 3.317002e+03
8.837651e+06 3.076669e+03
2.606106e+07 2.887924e+03
6.561982e+06 2.833936e+03
2.340673e+07 2.765123e+03
5.558288e+07 2.744429e+03
9.957392e+07 2.725666e+03
2.155997e+07 2.715267e+03
9.890999e+05 2.703445e+03
9.077642e+06 2.698092e+03
2.253360e+07 2.649285e+03
1.435039e+07 2.640359e+03
2.029040e+07 2.552605e+03
2.300701e+05 2.545994e+03
1.313849e+07 2.545306e+03
1.408386e+07 2.376056e+03
3.320692e+07 1.815339e+03
5.856856e+06 1.814295e+03
3.007794e+06 1.813724e+03
5.084960e+06 1.813537e+03
7.742245e+06 1.575581e+03
1.060399e+06 1.536070e+03
2.827698e+06 1.174789e+03
1.181477e+07 1.173116e+03
8.544359e+06 1.171703e+03
5.014659e+05 1.170880e+03
7.090727e+05 1.170593e+03
2.935184e+06 1.170449e+03
5.526170e+06 1.170343e+03
9.119916e+06 1.170249e+03
5.015782e+06 1.170156e+03
1.035804e+07 1.170115e+03
1.075910e+07 1.170103e+03
4.061757e+06 1.063010e+03
6.891024e+06 9.709261e+02
2.100416e+06 9.709201e+02
2.224668e+06 7.488344e+02
1.925212e+06 7.021724e+02
1.752130e+06 7.021599e+02
1.557318e+06 6.584348e+02
1.187744e+06 6.584317e+02
1.459805e+06 5.496565e+02
7.609006e+05 5.496525e+02
2.345715e+06 5.496499e+02
1.746522e+06 5.496484e+02
6.202839e+05 5.496476e+02
2.146970e+06 5.073092e+02
1.628388e+06 5.073078e+02
4.544161e+06 5.073066e+02
5.678484e+05 4.065911e+02
3.713766e+06 4.065909e+02
4.108031e+06 3.807745e+02
2.503189e+06 3.807741e+02
7.747216e+06 3.807740e+02
2.581597e+05 3.807739e+02
2.372672e+05 3.472089e+02
2.241624e+06 3.009765e+02
1.202017e+06 2.330130e+02
1.957321e+05 2.200190e+02
3.273619e+06 2.136877e+02
6.305328e+05 2.128033e+02
1.528697e+06 2.128033e+02
3.339917e+05 2.123394e+02
3.062104e+06 2.123394e+02
6.623010e+05 2.123394e+02
7.357194e+05 2.123394e+02
1.497256e+06 2.123384e+02
2.990569e+03 2.123384e+02
3.864036e+05 1.436855e+02
8.351347e+05 1.436855e+02
7.462986e+05 1.338698e+02
3.267726e+09 9.972181e+05
8.755325e+06 4.511265e+05
1.133942e+05 1.013639e+05
1.346763e+05 3.237824e+04
1.912482e+04 1.581978e+04
1.017485e+04 1.005535e+04
8.029014e+03 7.929499e+03
7.047011e+03 6.922348e+03
5.333168e+03 5.294978e+03
4.831017e+03 4.754421e+03
4.269674e+03 4.254714e+03
5.422796e+03 3.507696e+03
3.501771e+03 2.998417e+03
2.444729e+03 2.418837e+03
2.364589e+03 2.096643e+03
1.939095e+03 1.837452e+03
1.709668e+03 1.629252e+03
2.567421e+03 1.244014e+03
6.018517e+02 5.948353e+02
6.141581e+02 4.058186e+02
3.543504e+02 3.535307e+02
3.289639e+02 3.222665e+02
3.130473e+02 3.128727e+02
2.968087e+02 2.951842e+02
2.929526e+02 2.587048e+02
2.402849e+02 2.371699e+02
4.238948e+02 1.526563e+02
2.356387e+02 1.168110e+02
1.046131e+02 1.012448e+02
8.122584e+01 8.032703e+01
1.406204e+02 5.290108e+01
4.568614e+01 4.189795e+01
3.900610e+01 3.881897e+01
3.610001e+01 3.595407e+01
2.353785e+01 2.308621e+01
1.728064e+01 1.715413e+01
2.628198e+01 1.477845e+01
1.356684e+01 1.340423e+01
1.333907e+01 1.273280e+01
1.076339e+01 1.011760e+01
6.850619e+00 6.782192e+00
4.841608e+00 4.803025e+00
3.808430e+00 3.777834e+00
3.371397e+00 3.257364e+00
3.116025e+00 3.093161e+00
3.094950e+00 2.781944e+00
2.456003e+00 2.448590e+00
2.250720e+00 2.129746e+00
1.859031e+00 1.844808e+00
1.758635e+00 1.666278e+00
1.502413e+00 1.498732e+00
1.966621e+00 1.287806e+00
1.159975e+00 7.893693e-01
6.415052e-01 6.396526e-01
5.681864e-01 5.638567e-01
1.757295e+00 4.915301e-01
4.582064e-01 4.569857e-01
6.476266e-01 4.449049e-01
3.703388e-01 3.677889e-01
4.002916e-01 3.360274e-01
4.933516e-01 3.062099e-01
4.205421e-01 2.689305e-01
1.672741e-01 1.319016e-01
1.507314e-01 8.690342e-02
8.056914e-02 7.358675e-02
6.948972e-02 6.658455e-02
6.510992e-02 5.898637e-02
5.379974e-02 5.288487e-02
4.639310e-02 4.608611e-02
4.136883e-02 3.898294e-02
3.545811e-02 3.518480e-02
3.287442e-02 3.220938e-02
2.697090e-02 2.675326e-02
1.211945e-02 1.188934e-02
4.892066e-03 4.756798e-03
2.866223e-03 2.841894e-03
2.250824e-03 2.217966e-03
1.978910e-03 1.932926e-03
2.046429e-03 1.615320e-03
1.381684e-03 1.376205e-03
9.078094e-04 8.660827e-04
5.508990e-04 5.417056e-04
3.764201e-04 3.712823e-04
3.207593e-04 3.152037e-04
3.216581e-04 2.685263e-04
2.459598e-04 2.451841e-04
2.413550e-04 2.344340e-04
2.706596e-04 2.220941e-04
2.137579e-04 2.131475e-04
2.064656e-04 1.988502e-04
1.962908e-04 1.962142e-04
1.902976e-04 1.687704e-04
9.880640e-05 9.245815e-05
7.841009e-05 7.734667e-05
7.389200e-05 6.842430e-05
6.162891e-05 5.692658e-05
5.041592e-05 5.025152e-05
4.715532e-05 4.604145e-05
4.625851e-05 4.391101e-05
4.093333e-05 4.086641e-05
3.815770e-05 3.809336e-05
3.737455e+09 2.130408e+06
5.901137e+07 4.395460e+05
4.258258e+05 2.849116e+05
2.156032e+05 4.498742e+04
2.379407e+04 1.725139e+04
9.354844e+03 9.185584e+03
6.519521e+03 6.319802e+03
3.697390e+03 3.516973e+03
2.274239e+03 2.244050e+03
1.664226e+03 1.443822e+03
1.007879e+03 9.847564e+02
7.665146e+02 7.625736e+02
8.641158e+02 5.297647e+02
4.600008e+02 4.322074e+02
4.105717e+02 4.052277e+02
3.857764e+02 3.821690e+02
3.614348e+02 3.610162e+02
3.604476e+02 3.467928e+02
3.204434e+02 3.180038e+02
3.022454e+02 2.935934e+02
2.740788e+02 2.736462e+02
4.257023e+02 2.347410e+02
2.319149e+02 1.885231e+02
1.756272e+02 1.004533e+02
5.755332e+01 5.668370e+01
5.684092e+01 4.339193e+01
1.064977e+02 3.306292e+01
3.008728e+01 1.986605e+01
1.558856e+01 1.460706e+01
1.093791e+01 1.068193e+01
8.374958e+00 8.256729e+00
6.627670e+00 6.605110e+00
6.116753e+00 6.094586e+00
8.264342e+00 5.285248e+00
4.561469e+00 4.512775e+00
4.536723e+00 4.127025e+00
3.768247e+00 3.759916e+00
2.832399e+00 2.720445e+00
2.301602e+00 2.294621e+00
2.341260e+00 1.923626e+00
4.534034e+00 1.671724e+00
1.856144e+00 1.504990e+00
1.673166e+00 1.176566e+00
1.065261e+00 1.063244e+00
1.083713e+00 1.019804e+00
9.731358e-01 9.698893e-01
9.351898e-01 8.058467e-01
5.323297e-01 4.746686e-01
4.084849e-01 4.071960e-01
3.665938e-01 3.649104e-01
3.424751e-01 3.416266e-01
2.820085e-01 2.793417e-01
1.837363e-01 1.702995e-01
9.963311e-02 9.680283e-02
9.437344e-02 8.117430e-02
7.026360e-02 6.953284e-02
6.095374e-02 5.879889e-02
6.573029e-02 5.125363e-02
4.653311e-02 4.640818e-02
4.500436e-02 3.839751e-02
3.513777e-02 3.510101e-02
3.427431e-02 3.426435e-02
3.406768e-02 3.336251e-02
6.655772e-02 2.201174e-02
1.966453e-02 1.580926e-02
7.754698e-02 1.113104e-02
1.592572e-02 7.683133e-03
7.201860e-03 6.202537e-03
5.204482e-03 5.143093e-03
4.268769e-03 4.159866e-03
3.836674e-03 3.828090e-03
3.845721e-03 3.522198e-03
2.971870e-03 2.912243e-03
2.679455e-03 2.670457e-03
6.487178e-03 2.253847e-03
5.553183e-03 1.898023e-03
1.898030e-03 1.743214e-03
1.644222e-03 1.617602e-03
2.162683e-03 1.436474e-03
1.356640e-03 1.316007e-03
3.439480e-02 9.416303e-04
8.877363e-04 6.795465e-04
6.548169e-04 6.177137e-04
5.782810e-04 5.777948e-04
5.785381e-04 5.288972e-04
4.177132e-04 4.141818e-04
3.869865e-04 3.806725e-04
3.977672e-04 3.679770e-04
3.564680e-04 3.541919e-04
3.470938e-04 3.447387e-04
4.208563e-04 3.298558e-04
3.745336e-04 3.206653e-04
3.279783e-04 3.125564e-04
1.545837e-04 1.500623e-04
9.293282e-05 9.250049e-05
8.304949e-05 6.393965e-05
5.812198e-05 5.803467e-05
5.271613e-05 5.235905e-05
4.370108e-05 4.226750e-05
3.864173e-05 3.710948e-05
3.453327e-05 3.009432e-05
3.556152e+09 8.437709e+05
2.845385e+07 5.099070e+05
1.200024e+07 4.225005e+05
2.008054e+08 2.675242e+05
1.759969e+07 1.784031e+05
3.010887e+08 1.233884e+05
5.282999e+07 9.036222e+04
1.470458e+08 7.516805e+04
8.269171e+07 6.274713e+04
8.236871e+07 5.433771e+04
1.048391e+07 4.222805e+04
5.918298e+07 3.915894e+04
5.526407e+07 3.485493e+04
1.533136e+08 3.242533e+04
7.829633e+06 2.244105e+04
7.827902e+07 2.151873e+04
1.778874e+07 1.936106e+04
4.783655e+07 1.847957e+04
8.093526e+06 1.329855e+04
1.504500e+07 1.164719e+04
7.050660e+07 1.069758e+04
4.718082e+07 9.629506e+03
5.047921e+07 9.184258e+03
9.444969e+07 7.849639e+03
1.345352e+07 7.024435e+03
2.352578e+06 6.372244e+03
7.953613e+07 6.188407e+03
3.465343e+07 6.098659e+03
2.230302e+07 6.029834e+03
4.187230e+07 5.963372e+03
2.487352e+07 5.883117e+03
1.290237e+07 5.816617e+03
4.605276e+07 5.765375e+03
3.816173e+07 5.681802e+03
4.700497e+06 5.631990e+03
2.570984e+07 5.573665e+03
6.965654e+06 5.543174e+03
2.074063e+07 5.465176e+03
6.756096e+06 5.460016e+03
1.339623e+07 4.523540e+03
1.102151e+07 3.481179e+03
7.865664e+06 3.477429e+03
1.724257e+07 3.449834e+03
1.036364e+07 3.143722e+03
2.364379e+07 3.141830e+03
3.503856e+07 2.357973e+03
2.131066e+07 2.356730e+03
1.278753e+06 2.356001e+03
1.391097e+07 2.355002e+03
2.633194e+07 1.659889e+03
5.187736e+06 1.659294e+03
1.614519e+07 1.503234e+03
9.621337e+06 1.502217e+03
2.374320e+07 1.501108e+03
5.538289e+06 1.500770e+03
1.468045e+06 1.500513e+03
6.530362e+06 1.500454e+03
1.975305e+07 1.499620e+03
2.725778e+07 1.499544e+03
6.577972e+06 1.499468e+03
1.098757e+07 7.283793e+02
3.231838e+06 3.693150e+02
2.535028e+06 3.692884e+02
2.391327e+07 3.692651e+02
1.038293e+07 3.692519e+02
1.454142e+06 3.692443e+02
9.655410e+06 3.692176e+02
1.097547e+07 3.692008e+02
7.117876e+06 3.691950e+02
5.203669e+06 3.691895e+02
1.965443e+07 3.689499e+02
1.492355e+06 3.689470e+02
1.486303e+06 3.688349e+02
1.650989e+06 3.688333e+02
4.401528e+05 3.684516e+02
4.683987e+06 2.471954e+02
6.659737e+05 2.471948e+02
5.574301e+05 2.459186e+02
3.031065e+06 2.459181e+02
5.896860e+05 2.435109e+02
1.997482e+06 2.431035e+02
1.080665e+06 2.420919e+02
3.056435e+06 2.420917e+02
9.639148e+05 2.413311e+02
1.176239e+06 2.388060e+02
3.320812e+05 2.054547e+02
6.229375e+05 2.054546e+02
1.037610e+06 2.054546e+02
2.809497e+05 2.054545e+02
6.608950e+05 1.792128e+02
4.622239e+05 1.792128e+02
1.281013e+06 1.618409e+02
5.224490e+05 1.618408e+02
7.268670e+04 1.546937e+02
1.029588e+06 1.524129e+02
2.099743e+05 1.524129e+02
1.766504e+06 1.524129e+02
6.022275e+05 1.520520e+02
1.109055e+06 1.520026e+02
1.861662e+05 1.520005e+02
5.706619e+05 1.509095e+02
3.872513e+09 9.294409e+05
1.272257e+07 3.861816e+05
8.281048e+04 7.569148e+04
6.030533e+04 2.963942e+04
3.263867e+04 1.509302e+04
9.162910e+03 9.006066e+03
6.287833e+03 6.161950e+03
3.405493e+03 3.356336e+03
1.651424e+03 1.638919e+03
1.584842e+03 1.416250e+03
1.196421e+03 1.150020e+03
1.215360e+03 1.063753e+03
9.475441e+02 9.161226e+02
8.399451e+02 8.150700e+02
6.907968e+02 6.870848e+02
5.536821e+02 4.959301e+02
4.262617e+02 4.243572e+02
1.116420e+03 3.224428e+02
2.897170e+02 2.861799e+02
3.312191e+02 2.190431e+02
5.087572e+02 1.764938e+02
1.358469e+02 1.331102e+02
1.083187e+02 4.500644e+01
3.794834e+01 2.698264e+01
1.508074e+01 1.493162e+01
1.155067e+01 1.104991e+01
1.028888e+01 1.027477e+01
1.103162e+01 9.714247e+00
7.357627e+00 7.250419e+00
5.287350e+00 5.257685e+00
4.130466e+00 4.075350e+00
3.366490e+00 3.302524e+00
2.975955e+00 2.971578e+00
2.848313e+00 2.845566e+00
2.834784e+00 2.783756e+00
2.720990e+00 2.717528e+00
2.818756e+00 2.601960e+00
2.151219e+00 2.113310e+00
1.341758e+00 1.311889e+00
1.121512e+00 1.119349e+00
1.087494e+00 1.081165e+00
1.061558e+00 1.060819e+00
1.174099e+00 1.039696e+00
1.013367e+00 1.002287e+00
8.886737e-01 8.612860e-01
7.200345e-01 6.349959e-01
1.475586e+00 5.444762e-01
4.198430e-01 3.980967e-01
3.328910e-01 3.090012e-01
2.537266e-01 2.498913e-01
2.020735e-01 1.998909e-01
1.961242e-01 1.881974e-01
1.704120e-01 1.665194e-01
1.290139e-01 1.217803e-01
1.083435e-01 1.056392e-01
9.103081e-02 9.069297e-02
8.345390e-02 8.293530e-02
7.779601e-02 7.757096e-02
7.414095e-02 7.244184e-02
3.694819e-01 5.791486e-02
4.450786e-02 4.395540e-02
3.905608e-02 3.814473e-02
2.988464e-02 2.920691e-02
3.376216e-02 2.236384e-02
2.645804e-02 1.840315e-02
1.816223e-02 1.547987e-02
1.460951e-02 1.418130e-02
1.218063e-02 1.210736e-02
1.416678e-01 8.059728e-03
5.172098e-03 5.038621e-03
3.841781e-03 3.350210e-03
2.819495e-03 2.813412e-03
3.815762e-03 2.599566e-03
1.973149e-03 1.949397e-03
9.081866e-04 8.807124e-04
6.560097e-04 6.481454e-04
5.502853e-04 5.489055e-04
4.687676e-04 4.663689e-04
4.148980e-04 4.139548e-04
3.899871e-04 3.893840e-04
3.690131e-04 3.680748e-04
3.894239e-04 3.002146e-04
2.374513e-04 2.358760e-04
2.307941e-04 2.132610e-04
2.046174e-04 2.042038e-04
1.908440e-04 1.794770e-04
1.641317e-04 1.638848e-04
8.019409e-04 1.373710e-04
1.186510e-04 1.181571e-04
1.091932e-04 1.080785e-04
1.032335e-04 9.336816e-05
9.266748e-05 8.106720e-05
7.239067e-05 7.185143e-05
1.438324e-04 6.350155e-05
6.107462e-05 6.092780e-05
5.864365e-05 5.858539e-05
5.757318e-05 5.686315e-05
5.408544e-05 5.271036e-05
4.937898e-05 4.904415e-05
4.827992e-05 4.671228e-05
4.532452e-05 4.523830e-05
3.470742e+09 1.035212e+06
1.848601e+06 4.643903e+05
1.056318e+08 2.801753e+05
8.702521e+07 2.020613e+05
9.182273e+07 1.194734e+05
1.807667e+08 9.111781e+04
7.199301e+07 5.815390e+04
1.491853e+08 4.642235e+04
2.892167e+07 4.288678e+04
3.998043e+07 3.382121e+04
2.422881e+07 3.092338e+04
1.220433e+08 2.604858e+04
5.409538e+07 2.141488e+04
1.246481e+07 2.024419e+04
4.947835e+07 1.825472e+04
1.833829e+07 1.784449e+04
3.659459e+07 1.679177e+04
3.782026e+07 1.429023e+04
7.905782e+07 1.385134e+04
1.008529e+08 1.273558e+04
8.989937e+06 1.181902e+04
1.360990e+07 1.124682e+04
1.345130e+07 1.098203e+04
2.021150e+07 1.056861e+04
1.416401e+07 9.894679e+03
4.678553e+07 9.325251e+03
2.845509e+07 8.974276e+03
2.187618e+07 8.089878e+03
1.681106e+07 8.006706e+03
4.797268e+07 7.227056e+03
1.937773e+07 7.058285e+03
1.847982e+07 4.465697e+03
8.158888e+07 4.365898e+03
3.604273e+07 4.309602e+03
8.878151e+07 4.220661e+03
7.497970e+07 4.192522e+03
2.472767e+07 4.181293e+03
5.001907e+07 4.160541e+03
7.612898e+06 4.154441e+03
1.193786e+07 3.994020e+03
3.029596e+07 3.984701e+03
2.357433e+07 3.980367e+03
1.008202e+07 3.923160e+03
6.248271e+04 3.920444e+03
5.742996e+07 3.918189e+03
1.783635e+07 3.917140e+03
3.557528e+06 3.188252e+03
9.603271e+06 3.186007e+03
5.400069e+07 3.184970e+03
2.381747e+07 2.771012e+03
5.709206e+06 2.355601e+03
3.742905e+06 2.355156e+03
2.487202e+06 2.354884e+03
2.674866e+06 2.354806e+03
3.266197e+06 2.209839e+03
1.176111e+06 2.103103e+03
1.380458e+07 1.704167e+03
1.907305e+06 1.703996e+03
8.464366e+06 1.600915e+03
2.573874e+07 1.600849e+03
3.044375e+07 1.465676e+03
1.939103e+07 1.465626e+03
3.424726e+06 1.465591e+03
1.509460e+07 1.465573e+03
1.121558e+07 1.465538e+03
5.246960e+05 1.465517e+03
5.810807e+05 1.424310e+03
1.143019e+07 1.366815e+03
1.197252e+07 1.330234e+03
5.480386e+06 1.330225e+03
3.086587e+06 1.330219e+03
1.495725e+07 1.330218e+03
2.830583e+07 1.329399e+03
1.235026e+07 1.329397e+03
1.057495e+07 1.244382e+03
1.210138e+06 1.138496e+03
7.374626e+05 1.103653e+03
2.410406e+05 1.065194e+03
7.127257e+06 1.065194e+03
8.386876e+06 1.065193e+03
6.582156e+06 1.007884e+03
6.741529e+06 9.184831e+02
2.411283e+05 7.867121e+02
6.459606e+05 7.827128e+02
2.452593e+06 7.823629e+02
1.237890e+07 7.823628e+02
1.603090e+06 6.878652e+02
1.751830e+06 6.878651e+02
3.119067e+06 6.781161e+02
1.046189e+06 6.781160e+02
3.310406e+06 6.781160e+02
4.907437e+05 6.781160e+02
1.328723e+06 6.752353e+02
7.142411e+06 6.752352e+02
2.394941e+06 6.752352e+02
4.687018e+05 6.094180e+02
8.725866e+05 6.068530e+02
1.211877e+06 6.068530e+02
2.394818e+06 6.068530e+02
2.094557e+06 6.068530e+02
4.028156e+06 6.061805e+02
3.926445e+09 8.210313e+05
1.306152e+08 4.484630e+05
8.204576e+07 3.401321e+05
2.834803e+07 2.146564e+05
4.744501e+07 1.495957e+05
1.780074e+07 1.062006e+05
8.841982e+07 8.926063e+04
1.487902e+07 6.431306e+04
6.940169e+07 5.439765e+04
1.316866e+06 4.367401e+04
4.526736e+07 3.176477e+04
6.601043e+07 2.899164e+04
4.527742e+07 2.374980e+04
8.333564e+07 2.180712e+04
2.526397e+07 1.509680e+04
3.692893e+07 1.343766e+04
4.048003e+07 1.233753e+04
7.277248e+07 1.160859e+04
5.942461e+07 1.024013e+04
3.134140e+07 9.918708e+03
1.760178e+07 9.631357e+03
6.390958e+07 9.043290e+03
1.397229e+06 8.848088e+03
6.057959e+06 8.705192e+03
7.257051e+06 8.644928e+03
3.221494e+07 8.393300e+03
1.521310e+07 7.628321e+03
3.085336e+07 7.210953e+03
1.721957e+07 4.804394e+03
2.448875e+07 4.693149e+03
2.342625e+07 4.635818e+03
2.813753e+07 4.604255e+03
3.398567e+07 4.208998e+03
2.062511e+07 4.195476e+03
2.446309e+07 4.069342e+03
1.037451e+07 4.061902e+03
1.133792e+07 3.430548e+03
2.366826e+07 3.381531e+03
7.558451e+06 3.219890e+03
6.574362e+06 3.179700e+03
3.489373e+07 3.158026e+03
4.390243e+07 3.146539e+03
8.731441e+06 3.141261e+03
3.667953e+06 3.138607e+03
2.498050e+06 3.136616e+03
5.724672e+06 2.136978e+03
5.316079e+06 2.135829e+03
1.102204e+07 2.134158e+03
1.819922e+07 2.133407e+03
2.095495e+07 2.132892e+03
1.258210e+07 2.132533e+03
7.817017e+06 2.132415e+03
1.104097e+07 2.131521e+03
2.175704e+06 2.131228e+03
1.463345e+07 2.131012e+03
2.856712e+06 1.826401e+03
2.885537e+06 1.826303e+03
1.261606e+07 1.826265e+03
2.976780e+07 1.826143e+03
3.646497e+06 1.826100e+03
5.888752e+06 1.760898e+03
1.624362e+06 1.737058e+03
1.591383e+07 1.733142e+03
3.762412e+06 1.733104e+03
4.800941e+07 1.611092e+03
1.668061e+07 1.535140e+03
8.263630e+06 1.269905e+03
6.762669e+06 1.249014e+03
1.544955e+06 1.211720e+03
1.552811e+06 1.173990e+03
4.301523e+07 1.173985e+03
1.875682e+07 1.173982e+03
2.322804e+07 1.074419e+03
5.607539e+06 1.074417e+03
8.043867e+06 1.074417e+03
2.049020e+07 1.074416e+03
7.864878e+06 1.056934e+03
2.094431e+06 1.056933e+03
1.837008e+06 1.056932e+03
2.505023e+07 1.056932e+03
3.854728e+06 1.052254e+03
8.299444e+06 1.048650e+03
1.281266e+07 7.934200e+02
4.140064e+05 7.934199e+02
1.575654e+07 6.003712e+02
2.353088e+06 5.088967e+02
1.307325e+06 5.088965e+02
1.223553e+07 5.088964e+02
4.670190e+06 4.986626e+02
6.457681e+06 4.986625e+02
4.191011e+06 4.491871e+02
1.016489e+06 3.963043e+02
6.344232e+06 3.963043e+02
4.091046e+05 3.931754e+02
1.564163e+06 3.521437e+02
6.015153e+05 3.521437e+02
1.085723e+06 3.107191e+02
2.729050e+05 3.107191e+02
2.891464e+06 3.104936e+02
3.685332e+06 2.973733e+02
1.405261e+06 2.820964e+02
3.964946e+09 8.690730e+05
7.373716e+06 3.985729e+05
9.084298e+07 2.711913e+05
1.770299e+07 1.389900e+05
6.554159e+07 8.977784e+04
2.937791e+07 7.368905e+04
1.225800e+08 6.407754e+04
2.883626e+07 4.987350e+04
9.392214e+07 4.475112e+04
2.562451e+07 3.211560e+04
1.692411e+08 2.761775e+04
4.807300e+07 2.514013e+04
1.255415e+08 2.345754e+04
8.346608e+07 2.025788e+04
7.425430e+05 1.901169e+04
7.678133e+07 1.567655e+04
4.637913e+07 1.392697e+04
4.723811e+07 1.314562e+04
7.270014e+07 1.077582e+04
4.160067e+07 8.346900e+03
5.560204e+07 7.613548e+03
3.142229e+07 6.780906e+03
4.130952e+06 5.940520e+03
4.474745e+07 4.000797e+03
1.313115e+07 3.719698e+03
4.947374e+07 3.539256e+03
2.500744e+07 3.460687e+03
8.289511e+06 3.364494e+03
2.828376e+07 3.313075e+03
2.810508e+07 3.233581e+03
4.815626e+06 3.122880e+03
2.279442e+07 3.098383e+03
1.513428e+07 3.080970e+03
1.753796e+07 3.062081e+03
3.001288e+07 3.049621e+03
8.065795e+06 3.040771e+03
1.357676e+07 2.989423e+03
2.887867e+06 2.970957e+03
6.357297e+06 2.949836e+03
2.269849e+07 2.946167e+03
1.918924e+07 2.941421e+03
7.324092e+06 2.936704e+03
3.918297e+06 2.933754e+03
1.581834e+07 2.928827e+03
7.917990e+06 2.926651e+03
5.848447e+06 2.321131e+03
1.694419e+06 2.320654e+03
1.855298e+06 2.122342e+03
6.090425e+06 2.122275e+03
3.279461e+06 1.868383e+03
6.459791e+06 1.867360e+03
4.478640e+06 1.196680e+03
1.354781e+06 1.176921e+03
1.595436e+07 1.158831e+03
2.182386e+06 1.158665e+03
4.621131e+06 1.096192e+03
4.819858e+06 1.096053e+03
3.808416e+06 1.095990e+03
1.979394e+05 1.095953e+03
1.171421e+06 1.094066e+03
8.195491e+06 1.087391e+03
6.531903e+06 1.087374e+03
4.224195e+06 1.067612e+03
5.923949e+06 6.302652e+02
1.297199e+07 6.302441e+02
3.977241e+05 6.046722e+02
6.364259e+06 5.776816e+02
9.048553e+06 5.776680e+02
4.796339e+06 5.508067e+02
7.283081e+06 5.507962e+02
1.888961e+07 5.507932e+02
3.897700e+06 5.507880e+02
1.498890e+07 5.410516e+02
1.161228e+07 5.407378e+02
1.179891e+06 5.066981e+02
7.601382e+06 5.066966e+02
1.876348e+06 5.066959e+02
1.632983e+06 4.758906e+02
3.724978e+06 4.747589e+02
7.428954e+06 4.612106e+02
1.455006e+06 4.612104e+02
6.114103e+04 4.609535e+02
2.334892e+06 3.932744e+02
3.269100e+06 3.932743e+02
5.096531e+06 3.932742e+02
2.467043e+05 3.932741e+02
1.666602e+06 3.932740e+02
2.955279e+05 3.867097e+02
1.036323e+06 3.639776e+02
1.010580e+06 3.639775e+02
2.088457e+06 2.913028e+02
4.240404e+05 2.877000e+02
2.586706e+04 2.876999e+02
1.850960e+05 2.765524e+02
2.410392e+05 2.765524e+02
1.942358e+05 2.764261e+02
3.342567e+05 2.761935e+02
3.396946e+04 1.720140e+02
8.977461e+05 1.563220e+02
7.379221e+05 1.415390e+02
6.419321e+05 1.415390e+02
3.768177e+09 1.078944e+06
8.773294e+05 5.006786e+05
1.418439e+08 2.896613e+05
1.675655e+08 1.811647e+05
4.424374e+07 1.359436e+05
4.943906e+07 9.830564e+04
1.715065e+08 7.614930e+04
1.043111e+08 6.203957e+04
1.512650e+08 4.697239e+04
4.934007e+07 3.905012e+04
7.539138e+07 3.184545e+04
9.814749e+06 2.962062e+04
6.216804e+07 2.288707e+04
6.331666e+06 2.004500e+04
9.526797e+07 1.846357e+04
6.452811e+07 1.524633e+04
2.859002e+06 1.375873e+04
3.769476e+06 1.270743e+04
2.626074e+07 1.214898e+04
1.155780e+07 1.171409e+04
4.202067e+07 1.041434e+04
1.916047e+07 9.983698e+03
1.347571e+08 8.922199e+03
2.998980e+07 8.685098e+03
2.867406e+07 8.483561e+03
3.383791e+07 7.209757e+03
4.741162e+07 6.983436e+03
2.405164e+07 6.795784e+03
2.831698e+07 6.662988e+03
1.126675e+07 6.619126e+03
9.940069e+06 4.519320e+03
8.082385e+06 4.455123e+03
4.667494e+07 4.252807e+03
1.663968e+07 4.215611e+03
7.134922e+07 4.203401e+03
1.542955e+07 4.058122e+03
2.384927e+07 4.050930e+03
1.085590e+07 4.009478e+03
6.425522e+07 3.987654e+03
2.214300e+07 3.972527e+03
6.740066e+06 3.890632e+03
3.833552e+07 3.885552e+03
3.930926e+07 3.133803e+03
5.544986e+06 2.498941e+03
4.210817e+07 2.496642e+03
1.622959e+07 1.993161e+03
9.086080e+05 1.989990e+03
1.171885e+07 1.989403e+03
2.319226e+07 1.988962e+03
1.343758e+07 1.988730e+03
7.006540e+06 1.988268e+03
1.621916e+07 1.951374e+03
2.349672e+07 1.951094e+03
4.277579e+06 1.950883e+03
5.466308e+06 1.950787e+03
1.797911e+07 1.950736e+03
1.799978e+07 1.950699e+03
3.722362e+06 1.889269e+03
1.936185e+07 1.857413e+03
3.057105e+06 1.584953e+03
1.358111e+07 1.584915e+03
7.983152e+06 1.485218e+03
2.077312e+06 1.449934e+03
1.922546e+06 1.449882e+03
6.605326e+05 1.449875e+03
9.573667e+06 1.232746e+03
2.098897e+06 1.232721e+03
5.405525e+06 1.232689e+03
1.596450e+07 1.232673e+03
4.461420e+06 1.232660e+03
7.618413e+06 9.229939e+02
1.694672e+06 9.024588e+02
8.940490e+06 8.420212e+02
1.395498e+07 8.420185e+02
1.737352e+05 8.420172e+02
6.927585e+06 7.085158e+02
9.901842e+06 7.085156e+02
3.167398e+06 7.057620e+02
2.306717e+06 7.057618e+02
7.044536e+06 7.057616e+02
7.719595e+05 7.057613e+02
2.557458e+07 7.013350e+02
1.311480e+07 7.013349e+02
6.765652e+06 7.013349e+02
5.089713e+06 6.832702e+02
4.063115e+06 6.693357e+02
1.367330e+06 6.501897e+02
6.604919e+06 5.598243e+02
2.328022e+06 5.598242e+02
6.439132e+05 5.598242e+02
4.144899e+06 5.598242e+02
6.078453e+06 5.557384e+02
5.738386e+06 5.557383e+02
2.018640e+07 5.553584e+02
3.318524e+06 5.553584e+02
8.754915e+05 5.553584e+02
1.852780e+06 3.463449e+02
4.766673e+06 3.460731e+02
1.181625e+06 3.434887e+02
8.113912e+05 3.409234e+02
1.285532e+06 3.184333e+02
4.050204e+09 9.162448e+05
1.303536e+06 4.268369e+05
3.054643e+06 3.292242e+05
8.622608e+06 2.123508e+05
1.309948e+08 1.219509e+05
7.774358e+07 9.916748e+04
1.547703e+08 7.372565e+04
9.673504e+07 5.655471e+04
6.062276e+07 4.866514e+04
9.891056e+07 3.967380e+04
3.725854e+07 3.474954e+04
1.040856e+07 3.176190e+04
4.098061e+07 2.714386e+04
4.437691e+07 2.108789e+04
4.056921e+07 1.772684e+04
8.331341e+07 1.380035e+04
1.078585e+08 1.135465e+04
3.318649e+07 9.952768e+03
6.693024e+07 9.242099e+03
6.600251e+07 8.466084e+03
1.741889e+07 8.156243e+03
3.946995e+07 7.767368e+03
1.218812e+08 7.215254e+03
5.740804e+07 6.956231e+03
8.997369e+07 6.530172e+03
2.240990e+07 6.371267e+03
2.000995e+06 5.467229e+03
2.957286e+07 5.067856e+03
4.311600e+07 5.016487e+03
4.847888e+06 4.990379e+03
5.385945e+07 4.949721e+03
9.565567e+06 4.927094e+03
1.755508e+07 4.858632e+03
8.276265e+07 4.848395e+03
5.012267e+06 4.055958e+03
1.251898e+07 4.042396e+03
1.894058e+07 4.036912e+03
4.308220e+07 3.986284e+03
7.270651e+06 3.981452e+03
2.445370e+07 3.814283e+03
6.970459e+06 3.804393e+03
4.178986e+07 3.738888e+03
2.572231e+07 3.738101e+03
2.668541e+07 3.513029e+03
2.202027e+07 2.818025e+03
4.586854e+07 2.795077e+03
3.014053e+07 2.674512e+03
3.725416e+06 2.597181e+03
1.529798e+07 2.530990e+03
8.530852e+06 2.516317e+03
4.302942e+06 2.515293e+03
6.297319e+06 1.261237e+03
7.468011e+06 1.014192e+03
6.573406e+05 9.946731e+02
1.364204e+07 9.943689e+02
6.648069e+06 9.942402e+02
2.251309e+07 9.941853e+02
1.230856e+07 9.923231e+02
9.656792e+06 9.775910e+02
1.869463e+06 9.734185e+02
1.423026e+06 9.733584e+02
2.010980e+07 9.097404e+02
5.014074e+06 9.019438e+02
3.605179e+06 9.019209e+02
7.047824e+06 9.019159e+02
6.136598e+06 9.019037e+02
4.893448e+05 8.844534e+02
1.159990e+07 8.369515e+02
4.579079e+06 8.369482e+02
4.263716e+06 7.004390e+02
1.291744e+06 6.508399e+02
2.490233e+06 6.508289e+02
8.561430e+06 6.508265e+02
4.670250e+06 6.471377e+02
7.381411e+06 6.471336e+02
4.330845e+05 5.424295e+02
9.919145e+06 4.338338e+02
7.482717e+05 3.356969e+02
8.361696e+05 3.356957e+02
4.355824e+06 3.026053e+02
2.703072e+05 3.026035e+02
3.360950e+06 3.026027e+02
1.892384e+06 3.026023e+02
2.910741e+06 2.997562e+02
9.826857e+05 2.997561e+02
2.951009e+05 2.997559e+02
7.303041e+05 2.997557e+02
2.679267e+06 2.989368e+02
3.246952e+05 2.989367e+02
1.749514e+06 2.989365e+02
3.946830e+06 2.949927e+02
3.379287e+06 2.818956e+02
1.073025e+06 2.567239e+02
6.459523e+05 2.567239e+02
7.656036e+05 2.567239e+02
2.151821e+06 1.952930e+02
2.423261e+06 1.952930e+02
1.511359e+06 1.952930e+02
3.786718e+06 1.912556e+02
3.779876e+06 1.670639e+02
5.566667e+05 1.670639e+02
2.852970e+09 1.191688e+06
6.328836e+06 5.110497e+05
4.734956e+07 3.354072e+05
1.817438e+08 2.038215e+05
1.765546e+07 1.357140e+05
5.964127e+07 1.008970e+05
8.349830e+07 7.131211e+04
9.841239e+06 5.244154e+04
4.927284e+07 4.272213e+04
9.413482e+07 3.616156e+04
6.881533e+07 2.641789e+04
3.994257e+07 2.246373e+04
6.259644e+06 2.059137e+04
8.463040e+07 1.945904e+04
1.320345e+06 1.692965e+04
2.363125e+08 1.509431e+04
1.145965e+07 1.318484e+04
1.173715e+08 1.208900e+04
1.948766e+06 1.154928e+04
3.313595e+07 1.076233e+04
1.245455e+08 1.053536e+04
4.480445e+07 1.018562e+04
3.071039e+07 1.001123e+04
5.936822e+06 9.750651e+03
7.502401e+07 9.565657e+03
4.608106e+07 9.436257e+03
7.238908e+07 9.303025e+03
6.988035e+06 9.232980e+03
1.376873e+07 9.187101e+03
2.441353e+07 8.419255e+03
3.437433e+07 8.370170e+03
1.038981e+08 7.998715e+03
5.091017e+07 7.953626e+03
3.597701e+07 7.884231e+03
1.434503e+07 4.401966e+03
7.870959e+06 4.391547e+03
1.178108e+07 4.369808e+03
2.051587e+05 4.361586e+03
1.462950e+07 4.303902e+03
2.958997e+07 3.381555e+03
3.536257e+06 3.003664e+03
4.047791e+07 2.984315e+03
5.780369e+07 2.979114e+03
3.003724e+07 2.976380e+03
1.909450e+07 2.903447e+03
9.587087e+06 2.902410e+03
1.261005e+07 2.901565e+03
4.406624e+07 2.611064e+03
3.368810e+07 2.610306e+03
6.902866e+07 2.609582e+03
5.089674e+07 2.608930e+03
1.825718e+06 2.608679e+03
1.595212e+07 2.562491e+03
6.407408e+06 2.122560e+03
6.579280e+06 2.117841e+03
2.828334e+07 2.075602e+03
2.609324e+07 2.070715e+03
4.159605e+07 2.070549e+03
8.772842e+06 2.040707e+03
1.174212e+07 1.695312e+03
4.167499e+06 1.689669e+03
1.596086e+06 1.647631e+03
5.076091e+06 1.303438e+03
5.045317e+06 1.303398e+03
4.102749e+06 1.301194e+03
3.380966e+05 1.261310e+03
1.346979e+05 1.240315e+03
1.905273e+05 1.240310e+03
4.765629e+06 9.240629e+02
1.903160e+06 9.240477e+02
2.205207e+06 9.135144e+02
1.146500e+06 9.135051e+02
6.239146e+05 8.823881e+02
3.652363e+06 8.764341e+02
9.639686e+06 8.701798e+02
4.772289e+06 7.888128e+02
3.295255e+06 7.888074e+02
2.077131e+06 7.685703e+02
1.295021e+06 7.685655e+02
7.987039e+05 7.685640e+02
5.220863e+06 7.321104e+02
5.163630e+06 7.321096e+02
4.096748e+06 7.321090e+02
5.011712e+06 7.321084e+02
6.008057e+05 7.321083e+02
1.185550e+06 6.970647e+02
1.527895e+07 6.658841e+02
2.120236e+06 6.658838e+02
2.496793e+06 6.658837e+02
1.832989e+05 6.658835e+02
1.011792e+04 4.142363e+02
9.181136e+06 4.142362e+02
2.628510e+06 3.944357e+02
8.410139e+06 3.844906e+02
2.367931e+06 3.844905e+02
1.422924e+06 3.844905e+02
2.507312e+06 3.844905e+02
1.839146e+06 3.844905e+02
1.509757e+06 3.824800e+02
1.299348e+06 3.615342e+02
4.493477e+06 3.413189e+02
3.846167e+09 1.220432e+06
8.123027e+06 4.546217e+05
1.183438e+08 2.908858e+05
6.213888e+07 1.764451e+05
2.540651e+07 1.276603e+05
1.903566e+08 7.221174e+04
6.633081e+07 4.666426e+04
1.479179e+08 4.280106e+04
5.034160e+07 3.802377e+04
2.486325e+08 2.771486e+04
1.212827e+07 2.411747e+04
3.593882e+07 2.252311e+04
9.233271e+07 2.087160e+04
9.486577e+06 1.840438e+04
1.572794e+08 1.721155e+04
2.004676e+07 1.452331e+04
4.490471e+07 1.431829e+04
7.012279e+07 1.248930e+04
3.686892e+07 1.137191e+04
7.781322e+07 1.020596e+04
1.360902e+07 9.629935e+03
5.630663e+07 9.440509e+03
8.320721e+07 9.232416e+03
1.125851e+07 8.960326e+03
5.156868e+07 8.851249e+03
4.130332e+07 8.746075e+03
2.332144e+07 8.696930e+03
1.203125e+07 8.608348e+03
1.454995e+07 7.835876e+03
1.447976e+07 5.935397e+03
3.612097e+07 5.456711e+03
8.284079e+07 4.205883e+03
1.079352e+08 4.018250e+03
4.982289e+07 3.931752e+03
3.199804e+06 3.913134e+03
1.644263e+07 3.894166e+03
1.546076e+07 3.887267e+03
2.189252e+07 3.878867e+03
1.437233e+07 3.702808e+03
5.073460e+07 3.635764e+03
1.519523e+07 3.499802e+03
1.491832e+07 3.496851e+03
1.402239e+07 3.260964e+03
7.477073e+06 3.127216e+03
1.127669e+07 3.124438e+03
9.133055e+06 2.928767e+03
6.679749e+06 2.900944e+03
2.110238e+07 2.900154e+03
3.836612e+06 2.899465e+03
2.099505e+07 2.877329e+03
3.774291e+06 2.875202e+03
1.936174e+07 2.847349e+03
1.684387e+07 2.645835e+03
3.760401e+06 1.624567e+03
1.163340e+07 1.624345e+03
7.776081e+06 1.624130e+03
9.128250e+06 1.623995e+03
5.479196e+06 1.616125e+03
7.113947e+06 1.616043e+03
1.095833e+07 1.616009e+03
8.963624e+06 1.615985e+03
2.823024e+06 1.614523e+03
8.273762e+06 1.601736e+03
1.788750e+06 1.601727e+03
8.541207e+06 1.601718e+03
2.469741e+06 1.482002e+03
5.697951e+06 1.482000e+03
7.939098e+06 1.341398e+03
2.466364e+06 1.004293e+03
6.038097e+06 1.003326e+03
1.999516e+06 9.732882e+02
1.961688e+06 8.818471e+02
1.667666e+06 8.818452e+02
4.781959e+06 8.791328e+02
9.140323e+05 6.598691e+02
1.496500e+06 6.239833e+02
3.619036e+06 6.239701e+02
1.095172e+06 5.849402e+02
3.098584e+06 5.448189e+02
1.094271e+06 5.448183e+02
2.184349e+06 3.280706e+02
1.015231e+06 3.200869e+02
2.990584e+06 3.199130e+02
4.515865e+06 3.199129e+02
5.519430e+05 3.199127e+02
5.044292e+06 3.198979e+02
1.293823e+06 2.722991e+02
8.753794e+05 2.722990e+02
2.553586e+06 2.714800e+02
1.814816e+06 2.714800e+02
2.328894e+06 2.714800e+02
6.250271e+05 2.710732e+02
4.082056e+05 2.710731e+02
1.030036e+06 2.707494e+02
2.377103e+05 2.602360e+02
1.337912e+06 2.602360e+02
4.999639e+05 2.602360e+02
4.766608e+05 2.582198e+02
6.056104e+05 2.350697e+02
1.081251e+05 2.350697e+02
7.497101e+05 2.156646e+02
2.841313e+09 9.077988e+05
1.053424e+07 4.643350e+05
5.577494e+07 2.982063e+05
1.209643e+07 1.567483e+05
1.083845e+08 1.258404e+05
5.377813e+07 7.893172e+04
2.152017e+08 6.771710e+04
7.991977e+06 5.510023e+04
2.864887e+07 3.453508e+04
4.836516e+07 3.029490e+04
1.706000e+08 2.572235e+04
3.335612e+07 2.068812e+04
4.741451e+07 1.975684e+04
7.250190e+06 1.774551e+04
3.823000e+07 1.543132e+04
5.794542e+07 1.505951e+04
5.411083e+07 1.368485e+04
3.833840e+07 1.260977e+04
6.596307e+07 1.187843e+04
4.124857e+06 1.141179e+04
9.220517e+07 1.123620e+04
2.712412e+07 9.066430e+03
3.502638e+07 8.655548e+03
6.590798e+07 8.511066e+03
8.004701e+06 8.225661e+03
1.406066e+07 8.077728e+03
2.730038e+07 7.342732e+03
4.041206e+07 7.242100e+03
8.639539e+06 7.180384e+03
3.393856e+07 5.850632e+03
5.257499e+06 3.567179e+03
2.815987e+07 3.494974e+03
5.897419e+07 3.455314e+03
1.772998e+06 3.444628e+03
3.792508e+07 3.430719e+03
2.009604e+07 3.426653e+03
1.515994e+07 2.872719e+03
3.542904e+07 2.864275e+03
1.138120e+07 2.856265e+03
2.364929e+07 2.854972e+03
7.585639e+06 1.929856e+03
1.903687e+07 1.924402e+03
4.763806e+06 1.923486e+03
6.718632e+07 1.902480e+03
2.786269e+06 1.899906e+03
1.312701e+07 1.898906e+03
4.356876e+06 1.898263e+03
1.827496e+07 1.896542e+03
7.944227e+05 1.807460e+03
1.398165e+07 1.807198e+03
1.755640e+07 1.806840e+03
6.795097e+06 1.806606e+03
1.902008e+07 1.711120e+03
3.394653e+06 1.340740e+03
1.615206e+07 1.271637e+03
2.934347e+06 1.271582e+03
2.294699e+07 1.271527e+03
3.889900e+06 9.782014e+02
7.357441e+05 9.781682e+02
3.849788e+06 9.612544e+02
2.301782e+06 7.639075e+02
9.211437e+06 7.280912e+02
8.065627e+06 7.280733e+02
6.501453e+05 7.280699e+02
5.514876e+06 7.280589e+02
6.360579e+06 7.280533e+02
1.024389e+07 7.280495e+02
5.884022e+06 7.219872e+02
2.718842e+06 6.617383e+02
1.479694e+06 6.090573e+02
6.080710e+06 5.954922e+02
3.643565e+06 5.873682e+02
2.383350e+06 5.834617e+02
9.358572e+05 5.834587e+02
6.692109e+06 5.761649e+02
3.794686e+06 5.761641e+02
3.063551e+06 5.752335e+02
2.799280e+06 5.752330e+02
5.298011e+06 5.734789e+02
1.891849e+06 4.477243e+02
2.225474e+06 4.477240e+02
2.220093e+06 4.477239e+02
2.323232e+06 4.463775e+02
3.073308e+05 4.463774e+02
2.072883e+05 4.463773e+02
1.682937e+06 4.463773e+02
1.635186e+06 4.463772e+02
5.773016e+06 4.463771e+02
2.346339e+05 4.313782e+02
6.375689e+06 4.313781e+02
4.141873e+06 4.313781e+02
2.770725e+06 4.225284e+02
4.602870e+06 4.046186e+02
1.559156e+06 3.980111e+02
1.273612e+05 3.980110e+02
1.330073e+06 3.963456e+02
1.078793e+06 2.577875e+02
3.998742e+05 2.231003e+02
5.465491e+05 2.231003e+02
2.371341e+06 2.231003e+02
6.353123e+05 1.996481e+02
3.646043e+09 1.144972e+06
1.438004e+06 5.245563e+05
8.052098e+07 3.086854e+05
1.540230e+08 1.815731e+05
1.142421e+07 1.364826e+05
2.317455e+07 9.822352e+04
5.047560e+07 7.040718e+04
8.124448e+07 4.710031e+04
4.338199e+07 3.607959e+04
1.438951e+08 2.436415e+04
1.997473e+07 2.020663e+04
5.716725e+07 1.786499e+04
9.643184e+07 1.326323e+04
2.303514e+07 1.175602e+04
2.840644e+07 8.926346e+03
6.672553e+07 7.456910e+03
3.424463e+07 6.813208e+03
4.630685e+07 5.910741e+03
1.590329e+07 5.176637e+03
1.838663e+07 4.780649e+03
3.122874e+07 4.393492e+03
3.019276e+07 4.230782e+03
4.233506e+07 4.048750e+03
4.024995e+07 3.868985e+03
2.991245e+07 3.468657e+03
2.008511e+07 3.305047e+03
2.122975e+07 3.233392e+03
1.474446e+06 3.193484e+03
1.338467e+07 3.155273e+03
3.346744e+07 2.932470e+03
4.680539e+07 2.873446e+03
2.772020e+07 2.626687e+03
1.265642e+07 2.545148e+03
1.301921e+07 2.432108e+03
5.733457e+06 2.354124e+03
1.509209e+07 2.330343e+03
2.383328e+07 2.315480e+03
1.500270e+07 1.879376e+03
1.281351e+07 1.865868e+03
1.600680e+07 1.860732e+03
7.877773e+06 1.856025e+03
1.382655e+07 1.853779e+03
7.851896e+06 1.853030e+03
1.779226e+07 1.556973e+03
9.192685e+06 1.554681e+03
4.297016e+07 1.550165e+03
5.422631e+05 1.549809e+03
8.921788e+06 1.536496e+03
6.021439e+06 1.419157e+03
4.049512e+06 1.418730e+03
7.517263e+06 1.409166e+03
1.608476e+07 1.409021e+03
2.588983e+05 9.857778e+02
1.430972e+06 9.856755e+02
1.914837e+07 9.856242e+02
3.941737e+06 9.698503e+02
1.409098e+06 9.697691e+02
2.864511e+06 9.697224e+02
2.908160e+06 9.696972e+02
3.598154e+06 9.696774e+02
1.541301e+06 8.458447e+02
3.500520e+06 8.123475e+02
1.775842e+06 6.052407e+02
6.082603e+05 5.829763e+02
8.223376e+06 5.829684e+02
3.282905e+06 5.829642e+02
3.094647e+06 5.829611e+02
2.857294e+06 4.518795e+02
3.942199e+06 4.518782e+02
6.648927e+05 4.518773e+02
1.176732e+06 4.518759e+02
1.986782e+06 3.935644e+02
9.147512e+05 3.876456e+02
5.936512e+04 3.826497e+02
1.109871e+05 3.826491e+02
4.481497e+05 3.270430e+02
2.282902e+06 3.269704e+02
3.968547e+05 3.269689e+02
8.466991e+05 3.255409e+02
1.453958e+06 2.595826e+02
3.162160e+05 2.595820e+02
6.516166e+05 2.546293e+02
3.475218e+05 2.546292e+02
8.963915e+05 2.546292e+02
3.087944e+05 1.768774e+02
2.050689e+06 1.768774e+02
3.586449e+06 1.768774e+02
2.128673e+06 1.768634e+02
1.004880e+06 1.768634e+02
6.234246e+05 1.767981e+02
3.379068e+06 1.638162e+02
1.130545e+06 1.638161e+02
2.668981e+06 1.638161e+02
2.189186e+05 1.625713e+02
7.825402e+05 1.625713e+02
2.376537e+05 1.625713e+02
3.887557e+05 1.625713e+02
1.976501e+05 1.625291e+02
1.233640e+06 1.625291e+02
2.915833e+05 1.543021e+02
1.373731e+05 1.543021e+02
3.142031e+09 1.122145e+06
1.390891e+08 5.181923e+05
1.645447e+08 3.121916e+05
1.008024e+08 1.706826e+05
4.656282e+07 1.431076e+05
8.037391e+07 8.852037e+04
1.575336e+07 7.204276e+04
2.298733e+07 5.778835e+04
1.994828e+07 4.442465e+04
6.002745e+07 3.822457e+04
5.924275e+07 3.204037e+04
2.464612e+07 2.704392e+04
2.649772e+08 2.459466e+04
1.794405e+07 2.283464e+04
5.987662e+07 2.113483e+04
3.168353e+07 1.716653e+04
5.162907e+07 1.611449e+04
3.830756e+07 1.469980e+04
1.437971e+08 1.427627e+04
2.609593e+07 1.368804e+04
1.951960e+07 1.055791e+04
3.349949e+07 9.673438e+03
9.509203e+06 9.117089e+03
5.321890e+06 8.140053e+03
5.041591e+07 7.772771e+03
6.781465e+07 6.969669e+03
7.779534e+06 6.814628e+03
3.768713e+07 6.613205e+03
8.214170e+07 6.570051e+03
7.413160e+07 6.444462e+03
6.689364e+07 6.373329e+03
2.238967e+07 6.340827e+03
3.354114e+07 6.315534e+03
2.513297e+07 6.047490e+03
1.398428e+07 5.116986e+03
1.993691e+07 5.093788e+03
9.810800e+05 4.874274e+03
1.127811e+07 3.651456e+03
5.224523e+07 3.616696e+03
2.852714e+07 3.601148e+03
8.123107e+06 3.527870e+03
3.773809e+07 3.524946e+03
2.299924e+07 3.114044e+03
1.726637e+07 3.109567e+03
6.146632e+06 3.105168e+03
5.983583e+06 3.103582e+03
3.574721e+07 3.050396e+03
1.559430e+07 2.819523e+03
3.661589e+07 2.343375e+03
9.134909e+07 2.214667e+03
8.625329e+06 2.203669e+03
7.284985e+05 1.378358e+03
6.796151e+06 1.377748e+03
3.509146e+06 1.377429e+03
7.320540e+06 1.377280e+03
4.284468e+06 1.346827e+03
2.125342e+06 1.315714e+03
1.414614e+07 1.315654e+03
5.358765e+06 1.280998e+03
2.750570e+06 1.280949e+03
4.910876e+07 1.269430e+03
6.541240e+04 1.269397e+03
1.076632e+07 9.625861e+02
7.197962e+06 9.625500e+02
2.413010e+06 9.278142e+02
2.796908e+06 9.278023e+02
2.398813e+06 7.708374e+02
4.049355e+06 7.708267e+02
9.406007e+05 7.708221e+02
2.293152e+06 7.399082e+02
5.709902e+05 7.399052e+02
1.771073e+06 7.017792e+02
5.195944e+05 7.005583e+02
1.444048e+06 6.994279e+02
9.576532e+05 6.994268e+02
9.805493e+05 6.994256e+02
3.130163e+06 6.994242e+02
1.777561e+06 6.641963e+02
5.475402e+05 6.641951e+02
5.823834e+06 6.641948e+02
1.638380e+06 6.641944e+02
4.217928e+06 6.362099e+02
3.870113e+06 6.362097e+02
9.713981e+05 6.301886e+02
7.030115e+05 5.007515e+02
4.505509e+06 5.007511e+02
1.220759e+06 5.007509e+02
2.844901e+06 4.540493e+02
2.131626e+06 3.511059e+02
4.967304e+05 3.507642e+02
5.035079e+05 3.507642e+02
1.168900e+06 3.507641e+02
3.568817e+06 3.507641e+02
5.674536e+05 3.507641e+02
2.074178e+05 3.507641e+02
1.893320e+06 2.693933e+02
2.539051e+06 2.693933e+02
1.573320e+06 2.693933e+02
5.179427e+05 1.801412e+02
4.904721e+04 1.800937e+02
2.630850e+06 1.798378e+02
3.322242e+09 8.294508e+05
3.405659e+06 5.275228e+05
1.383193e+06 4.197739e+05
1.378510e+08 2.530677e+05
1.149316e+08 1.708534e+05
1.059848e+08 1.366223e+05
1.229176e+08 1.051283e+05
1.649097e+08 8.608507e+04
8.880253e+07 6.184576e+04
2.437831e+07 5.368648e+04
2.086245e+07 4.555527e+04
4.178049e+07 3.945824e+04
9.206519e+06 3.546814e+04
6.313208e+07 3.126275e+04
1.618316e+08 2.886477e+04
4.599790e+07 2.707706e+04
5.153465e+07 1.517740e+04
1.856339e+08 1.302354e+04
8.590664e+07 1.099802e+04
1.987484e+07 1.006549e+04
4.043554e+07 9.527155e+03
1.898309e+07 9.153070e+03
5.900403e+07 6.853812e+03
1.173800e+07 5.973124e+03
4.634161e+07 5.886933e+03
1.410103e+07 5.750885e+03
5.915107e+07 5.589039e+03
1.017512e+08 5.533105e+03
4.563364e+07 5.286546e+03
7.231801e+07 5.220632e+03
9.972059e+07 5.077171e+03
2.525961e+07 4.929533e+03
4.044939e+07 4.894505e+03
9.362622e+06 4.725474e+03
6.974268e+07 4.701048e+03
4.869437e+07 4.477157e+03
1.294709e+07 4.461294e+03
1.348720e+06 3.868644e+03
4.981402e+06 3.863616e+03
9.496719e+06 3.858817e+03
2.223584e+07 3.458757e+03
7.159483e+06 3.451082e+03
1.285598e+07 3.444373e+03
4.496213e+06 3.442863e+03
3.280167e+06 3.442372e+03
2.291843e+07 2.389701e+03
1.069793e+07 2.368228e+03
5.032395e+06 2.367301e+03
1.181265e+07 2.366575e+03
1.254356e+07 2.316106e+03
7.797911e+05 2.315922e+03
4.853794e+06 2.315446e+03
5.089603e+07 2.315207e+03
2.136174e+06 1.951065e+03
1.245906e+07 1.950796e+03
3.348831e+06 1.950756e+03
1.009531e+07 1.950695e+03
8.251957e+06 1.933759e+03
3.531250e+07 1.930944e+03
5.160224e+06 1.919445e+03
2.869512e+07 1.918736e+03
1.603737e+06 1.918703e+03
1.021977e+06 1.898960e+03
2.264128e+06 1.888785e+03
1.560307e+07 1.766775e+03
1.918694e+07 1.766768e+03
7.697556e+05 1.764236e+03
9.943948e+06 1.764062e+03
1.031591e+07 1.540716e+03
1.632745e+07 1.540711e+03
4.195041e+06 6.422738e+02
7.204785e+06 6.422695e+02
5.410804e+06 6.422676e+02
8.563608e+06 6.422650e+02
4.411150e+05 6.420315e+02
4.327983e+06 6.339600e+02
2.612851e+06 6.339588e+02
2.266778e+06 6.335001e+02
1.203474e+06 6.310050e+02
1.638258e+06 6.310043e+02
3.344079e+06 6.310039e+02
2.479567e+06 6.282961e+02
9.292207e+05 6.282959e+02
3.510900e+06 6.268090e+02
1.934322e+06 6.262474e+02
2.662646e+04 6.262274e+02
1.481432e+06 6.216380e+02
2.775018e+06 6.216379e+02
2.215464e+06 6.062024e+02
1.175532e+06 4.693667e+02
3.837990e+06 4.693665e+02
3.516293e+06 4.302099e+02
2.608299e+05 4.064637e+02
5.998159e+05 2.975300e+02
1.456005e+06 2.769720e+02
9.473445e+05 2.620788e+02
2.225694e+05 2.619835e+02
2.926177e+05 2.618055e+02
2.673819e+04 2.571559e+02
1.744522e+05 2.253389e+02
2.264574e+05 2.253388e+02
3.154461e+09 4.251811e+06
1.394905e+06 5.034001e+05
3.279235e+07 3.288635e+05
2.033730e+05 6.778651e+04
2.413430e+04 2.055002e+04
1.274943e+04 7.881500e+03
5.712004e+03 4.836354e+03
4.046519e+03 3.832731e+03
4.010548e+03 3.307348e+03
2.189266e+03 2.171046e+03
1.787601e+03 1.780029e+03
2.306300e+03 1.637931e+03
1.660868e+03 1.437683e+03
1.326898e+03 1.245758e+03
1.073441e+03 1.070242e+03
1.465502e+03 9.470362e+02
1.194645e+03 5.986182e+02
4.691415e+02 4.654074e+02
4.333918e+02 4.320739e+02
4.193435e+02 4.189511e+02
4.049796e+02 4.041478e+02
3.660851e+02 3.650551e+02
3.452970e+02 3.449754e+02
3.563404e+02 3.241812e+02
3.166150e+02 3.160214e+02
3.012725e+02 2.995905e+02
2.985813e+02 2.932923e+02
2.844467e+02 2.841912e+02
2.742384e+02 2.740835e+02
2.693589e+02 2.505371e+02
2.316315e+02 2.199723e+02
2.774949e+02 1.011469e+02
2.479352e+02 5.951102e+01
4.224212e+01 4.182793e+01
4.632901e+01 3.264726e+01
3.340968e+01 2.037758e+01
1.697128e+01 1.296099e+01
1.094070e+01 1.085167e+01
1.020055e+01 1.017048e+01
1.487892e+01 8.761073e+00
8.815026e+00 6.584607e+00
5.216750e+00 5.183022e+00
3.018853e+00 2.992109e+00
2.551787e+00 2.542195e+00
2.364480e+00 2.360934e+00
2.358212e+00 2.259208e+00
2.852051e+00 1.942665e+00
1.788277e+00 1.657604e+00
1.579010e+00 1.575264e+00
1.538091e+00 1.537284e+00
1.469389e+00 1.465726e+00
1.359355e+00 1.270913e+00
1.215620e+00 1.201573e+00
1.179188e+00 1.177895e+00
1.048578e+00 1.024710e+00
9.446720e-01 9.412167e-01
9.029633e-01 9.019158e-01
8.815179e-01 8.406101e-01
8.163167e-01 8.110473e-01
7.082081e-01 7.037911e-01
6.516578e-01 6.504739e-01
8.339464e-01 5.161600e-01
5.463864e-01 4.091641e-01
3.861414e-01 3.855650e-01
3.573544e-01 3.567126e-01
3.577126e-01 3.489825e-01
5.485971e-01 3.406721e-01
3.388388e-01 3.338830e-01
3.482221e-01 3.130053e-01
2.989102e-01 2.987647e-01
2.968355e-01 2.944708e-01
2.923668e-01 2.912009e-01
2.737185e-01 2.580240e-01
2.357469e-01 1.585255e-01
9.538277e-02 9.259823e-02
7.159454e-02 6.958934e-02
6.375170e-02 6.369176e-02
5.715078e-02 5.644180e-02
5.680768e-02 4.972636e-02
4.478325e-02 4.458174e-02
4.235314e-02 3.976126e-02
3.726131e-02 3.701301e-02
3.526633e-02 3.475430e-02
2.473875e-02 2.436737e-02
2.429844e-02 1.933032e-02
1.689794e-02 1.687196e-02
1.651049e-02 1.562154e-02
1.462925e-02 1.422275e-02
1.384670e-02 1.373458e-02
1.230992e-02 1.226718e-02
2.463584e-02 1.117302e-02
1.074691e-02 1.073792e-02
1.040410e-02 1.039124e-02
9.877614e-03 9.853342e-03
8.447667e-03 8.411194e-03
7.598660e-03 7.568233e-03
1.720411e-02 6.058868e-03
3.771978e-03 3.715032e-03
3.043128e-03 2.873041e-03
2.539783e-03 2.535960e-03
2.300649e-03 2.257535e-03
3.606683e+09 7.658932e+05
9.645882e+05 4.713813e+05
2.275798e+06 2.721419e+05
1.067362e+05 5.995318e+04
4.124864e+04 2.114310e+04
1.469862e+04 1.202556e+04
1.034941e+04 9.993179e+03
8.997365e+03 8.727195e+03
8.529292e+03 8.110140e+03
9.305592e+03 7.376906e+03
9.311541e+03 5.261083e+03
1.783985e+04 3.206300e+03
2.941236e+03 2.148190e+03
1.977815e+03 1.875417e+03
2.493719e+03 1.749818e+03
1.773174e+03 1.567651e+03
1.296348e+03 1.281708e+03
1.214592e+03 1.213253e+03
1.162081e+03 1.158513e+03
1.016128e+03 9.851610e+02
9.319037e+02 9.313986e+02
9.113291e+02 9.110769e+02
9.017258e+02 9.008460e+02
8.860516e+02 8.625729e+02
8.483042e+02 8.481681e+02
8.435058e+02 8.434066e+02
8.531546e+02 8.212230e+02
7.982022e+02 7.976465e+02
7.588580e+02 7.566580e+02
9.066848e+02 6.464352e+02
4.908665e+02 4.570605e+02
3.543598e+02 2.886821e+02
2.610698e+02 2.583804e+02
2.456282e+02 2.455037e+02
2.331254e+02 2.326083e+02
2.259993e+02 2.237107e+02
2.195925e+02 2.180217e+02
1.982077e+02 1.899731e+02
1.478198e+02 1.238744e+02
3.353448e+02 7.609740e+01
1.708544e+02 5.901944e+01
7.264464e+01 4.493202e+01
3.797318e+01 3.567045e+01
3.197918e+01 2.817663e+01
3.211525e+01 2.590866e+01
2.625300e+01 2.398761e+01
2.208533e+01 2.203090e+01
2.109221e+01 2.106922e+01
4.834447e+01 1.955333e+01
1.993160e+01 1.580780e+01
2.934875e+01 1.371444e+01
3.462458e+01 1.009724e+01
1.966856e+01 5.392128e+00
4.330381e+00 4.315940e+00
3.942288e+00 3.897377e+00
4.087446e+00 3.668661e+00
3.638429e+00 3.362343e+00
2.839737e+00 2.831036e+00
6.859730e+00 1.937453e+00
5.425942e+00 8.123225e-01
7.304347e-01 3.922995e-01
2.849183e-01 2.838920e-01
2.619632e-01 2.610612e-01
2.457381e-01 2.328971e-01
1.398556e-01 1.392719e-01
1.171477e-01 1.167707e-01
1.242053e-01 1.057859e-01
9.888551e-02 9.862433e-02
9.787445e-02 9.614418e-02
9.982415e-02 8.957338e-02
8.037058e-02 7.948988e-02
7.160064e-02 7.121095e-02
7.012475e-02 6.845032e-02
6.640861e-02 6.636173e-02
6.274292e-02 6.265423e-02
6.114431e-02 6.096072e-02
6.119461e-02 6.010855e-02
6.024085e-02 5.802740e-02
5.618006e-02 5.376351e-02
6.764137e-02 4.956702e-02
5.622643e-02 4.279764e-02
4.002725e-02 3.940818e-02
3.733387e-02 3.625449e-02
3.246127e-02 3.242402e-02
3.083715e-02 3.077563e-02
3.005725e-02 3.002984e-02
2.877020e-02 2.874958e-02
2.762718e-02 2.760526e-02
2.499020e-02 2.489891e-02
2.323761e-02 2.319124e-02
2.234321e-02 2.226536e-02
2.198512e-02 2.197954e-02
2.162208e-02 2.129259e-02
1.984874e-02 1.979997e-02
1.963357e-02 1.836619e-02
1.135403e-02 1.064451e-02
1.189264e-02 6.505475e-03
4.913312e-03 4.890601e-03
4.182179e-03 4.068763e-03
3.601835e-03 3.588671e-03
3.768867e-03 3.412068e-03
3.294260e+09 1.443496e+06
8.777881e+07 4.279767e+05
1.295169e+06 2.314967e+05
1.135041e+05 5.839928e+04
2.635152e+04 2.564486e+04
1.454385e+04 1.418755e+04
8.480414e+03 8.409710e+03
6.118584e+03 5.815645e+03
5.713775e+03 4.610289e+03
3.895233e+03 3.878742e+03
3.221506e+03 2.570790e+03
2.206128e+03 1.770574e+03
1.597405e+03 1.525776e+03
1.545127e+03 1.370251e+03
1.290284e+03 1.288787e+03
4.553985e+03 1.146627e+03
9.092806e+02 8.885939e+02
7.678016e+02 7.655803e+02
6.351380e+02 6.270704e+02
5.319614e+02 5.298938e+02
6.066580e+02 4.572982e+02
4.495985e+02 3.960375e+02
3.769545e+02 3.764061e+02
3.477972e+02 3.466115e+02
3.243979e+02 3.240949e+02
7.002978e+02 2.696128e+02
2.397080e+02 1.898889e+02
1.367571e+02 1.253164e+02
1.123731e+02 1.088804e+02
1.074166e+02 9.747815e+01
6.225204e+01 6.053566e+01
5.208851e+01 4.063792e+01
3.413319e+01 3.408499e+01
3.202790e+01 3.196959e+01
3.041946e+01 3.038103e+01
4.395180e+01 2.871827e+01
2.797868e+01 2.778127e+01
2.909444e+01 2.609191e+01
2.448837e+01 2.425662e+01
1.829603e+02 1.697557e+01
9.966615e+00 9.577357e+00
7.494509e+00 7.457151e+00
8.314957e+00 5.882776e+00
5.219604e+00 4.212431e+00
2.920247e+00 2.897294e+00
2.454507e+00 2.386512e+00
2.557402e+00 2.024312e+00
1.854300e+00 1.846623e+00
1.727300e+00 1.699394e+00
8.236030e-01 8.118047e-01
4.173831e-01 4.133653e-01
2.909390e-01 2.895086e-01
2.483778e-01 2.478719e-01
2.570775e-01 2.135054e-01
1.987118e-01 1.985055e-01
1.952846e-01 1.952200e-01
1.909685e-01 1.907419e-01
1.523440e-01 1.508872e-01
1.213345e-01 1.204341e-01
1.076827e-01 1.060105e-01
9.944088e-02 9.802900e-02
9.451750e-02 9.445840e-02
9.249840e-02 9.245853e-02
8.748378e-02 8.730322e-02
1.483733e-01 8.100597e-02
7.739790e-02 7.720262e-02
7.744722e-02 5.322387e-02
4.255157e-02 4.225805e-02
4.002207e-02 3.995182e-02
4.660766e-02 3.798737e-02
3.665321e-02 3.657699e-02
3.558466e-02 3.557135e-02
3.617190e-02 3.517873e-02
3.547925e-02 3.463053e-02
3.375705e-02 3.373581e-02
3.318236e-02 3.302510e-02
3.284358e-02 3.209632e-02
2.980485e-02 2.964481e-02
2.333440e-02 2.296056e-02
1.562233e-02 1.544557e-02
1.338960e-02 1.306934e-02
1.230425e-02 1.117427e-02
1.011185e-02 1.008491e-02
9.832854e-03 9.823153e-03
9.470393e-03 9.457309e-03
9.191172e-03 9.087555e-03
8.983873e-03 7.853635e-03
6.621593e-03 6.594374e-03
6.130919e-03 5.469738e-03
4.492907e-03 4.468438e-03
4.742376e-03 3.857285e-03
3.515556e-03 3.512808e-03
3.428067e-03 3.426862e-03
4.128470e-03 2.874690e-03
2.463774e-03 2.458859e-03
2.073765e-03 2.023424e-03
1.378892e-03 1.367636e-03
1.824565e-03 1.218308e-03
7.311441e-04 7.214464e-04
5.876016e-04 5.811987e-04
2.933083e-03 4.931029e-04
3.596031e+09 7.628068e+06
1.823965e+08 4.767786e+05
4.586623e+07 2.883429e+05
1.523953e+08 1.741735e+05
2.558793e+07 1.140879e+05
2.393897e+07 8.753277e+04
3.493287e+07 7.231067e+04
2.305859e+07 5.212269e+04
6.242943e+07 4.426964e+04
1.557319e+08 3.623382e+04
5.398726e+06 2.899388e+04
1.179614e+07 2.481867e+04
6.495331e+06 2.108501e+04
1.980154e+07 1.769593e+04
3.980359e+07 1.588605e+04
4.180918e+07 1.529273e+04
3.678866e+07 1.494554e+04
1.396790e+06 1.434130e+04
9.428474e+07 1.317539e+04
3.579939e+07 1.231308e+04
4.034091e+07 9.848953e+03
2.095818e+08 9.444056e+03
4.197139e+07 6.085900e+03
6.135115e+06 5.895838e+03
3.258092e+06 5.784235e+03
5.067940e+06 5.579666e+03
3.260745e+07 5.502456e+03
3.491324e+07 5.392532e+03
2.201131e+06 5.345147e+03
3.280838e+07 4.900596e+03
9.808891e+06 3.585091e+03
1.337269e+07 3.504045e+03
1.482736e+07 3.478063e+03
1.519344e+07 3.465285e+03
9.996620e+06 3.429350e+03
4.415242e+06 3.132100e+03
2.802556e+06 3.101661e+03
8.194986e+06 2.908270e+03
2.525967e+07 2.903123e+03
1.221194e+07 2.869812e+03
4.014973e+06 2.744001e+03
1.966178e+07 2.737076e+03
4.080400e+06 2.366262e+03
1.715589e+06 2.359004e+03
2.570874e+06 2.355613e+03
4.175041e+06 2.354355e+03
8.605990e+06 2.353118e+03
2.754781e+06 1.866871e+03
2.524570e+07 1.866478e+03
1.399701e+07 1.866060e+03
2.341514e+07 1.865125e+03
4.552215e+06 1.861809e+03
1.801181e+07 1.835506e+03
3.229397e+06 1.835259e+03
1.163534e+07 1.833621e+03
6.637451e+06 1.833510e+03
1.481389e+07 1.759720e+03
2.231165e+06 1.745257e+03
2.410938e+07 1.421272e+03
1.607187e+07 1.421221e+03
2.216306e+07 1.407950e+03
3.759014e+06 1.407910e+03
2.871494e+07 1.314659e+03
9.319872e+06 1.231246e+03
9.327962e+06 1.110890e+03
5.725462e+06 1.096823e+03
3.071906e+06 1.096811e+03
3.203494e+06 1.096806e+03
5.448811e+06 9.799784e+02
2.573909e+05 9.799756e+02
1.097721e+05 9.346326e+02
5.670357e+06 9.346304e+02
1.742242e+07 8.914549e+02
8.377098e+06 8.914540e+02
2.209610e+06 8.914532e+02
9.935336e+05 8.196183e+02
1.250282e+06 5.867694e+02
7.041553e+06 5.783598e+02
2.295313e+06 5.777869e+02
2.268065e+06 4.307684e+02
1.223242e+06 3.574574e+02
5.924213e+06 3.574571e+02
2.875480e+06 3.574566e+02
2.163153e+06 3.144512e+02
2.908766e+06 3.020608e+02
1.890587e+06 3.020608e+02
1.102169e+06 3.020606e+02
2.499916e+06 3.020606e+02
1.108500e+06 2.987633e+02
3.428078e+05 2.987633e+02
1.068088e+06 2.987633e+02
4.356552e+05 2.987632e+02
6.599259e+05 2.987632e+02
1.322590e+06 2.987632e+02
9.411986e+03 2.987632e+02
1.432106e+06 2.987632e+02
7.211560e+05 2.987632e+02
1.539263e+06 2.987632e+02
1.455956e+05 2.823297e+02
9.260152e+05 2.492003e+02
6.563272e+05 2.492003e+02
4.185504e+09 9.453266e+05
7.782375e+06 4.786273e+05
2.818058e+07 2.939636e+05
2.157314e+07 2.032874e+05
1.851425e+07 1.350898e+05
1.204321e+08 1.057420e+05
1.516928e+08 7.675453e+04
9.749151e+07 5.227867e+04
6.421405e+07 4.288163e+04
6.997748e+06 3.709807e+04
4.455024e+07 3.129199e+04
2.711772e+07 2.621328e+04
7.187297e+07 2.315686e+04
4.254944e+06 2.082157e+04
1.123939e+07 1.950597e+04
1.298419e+07 1.891249e+04
5.728886e+07 1.787582e+04
3.432863e+07 1.701634e+04
1.777891e+07 1.565246e+04
1.823794e+06 1.248225e+04
7.283206e+07 1.162032e+04
6.233293e+06 1.100010e+04
3.088374e+07 1.072856e+04
1.095066e+08 1.051277e+04
5.098901e+07 1.043357e+04
3.528955e+07 5.134597e+03
8.346013e+06 5.034193e+03
4.925935e+07 4.985885e+03
9.633810e+06 3.486456e+03
2.966214e+07 3.454235e+03
1.427765e+07 3.409917e+03
1.306543e+07 3.384749e+03
1.141947e+08 3.380581e+03
1.323810e+06 3.181360e+03
5.633326e+07 3.173506e+03
5.963074e+07 3.166582e+03
3.694773e+07 3.164877e+03
8.036345e+06 3.156874e+03
2.388489e+07 3.147388e+03
4.969058e+07 3.145355e+03
6.192541e+06 3.142877e+03
5.310711e+06 3.142038e+03
1.369073e+07 3.141454e+03
4.145891e+07 3.122258e+03
2.868972e+07 3.079338e+03
2.935964e+07 3.078296e+03
2.095552e+07 3.072772e+03
3.683823e+06 2.615458e+03
7.499092e+06 2.615112e+03
1.478804e+07 2.614785e+03
1.665295e+07 2.379891e+03
2.776168e+06 2.379813e+03
2.556952e+07 2.379613e+03
4.207714e+06 2.350629e+03
3.039935e+07 1.869900e+03
9.141222e+06 1.869668e+03
3.404581e+06 1.869576e+03
5.378089e+07 1.869510e+03
1.818322e+07 1.840558e+03
1.743947e+07 1.449753e+03
4.332921e+06 1.449735e+03
4.150014e+06 1.449722e+03
1.065388e+06 1.449718e+03
8.576789e+06 1.449717e+03
6.975714e+06 1.410572e+03
3.049764e+06 1.406366e+03
3.630740e+05 1.293834e+03
1.774212e+06 1.293825e+03
2.613211e+06 9.601123e+02
5.961056e+06 9.601072e+02
1.049726e+06 9.463180e+02
6.297141e+05 7.727653e+02
3.151737e+06 2.991314e+02
3.648585e+06 2.808050e+02
1.625822e+06 2.808033e+02
1.430715e+06 2.808019e+02
2.269334e+06 2.808012e+02
8.020198e+05 2.808008e+02
1.540061e+06 2.808006e+02
2.845674e+06 2.808003e+02
2.601000e+06 2.658751e+02
4.721781e+06 2.658749e+02
1.871912e+06 2.658746e+02
2.176036e+05 2.658743e+02
2.220706e+06 2.581393e+02
1.952581e+06 2.419255e+02
1.239307e+06 2.317739e+02
2.578758e+05 2.317738e+02
3.747118e+06 2.186162e+02
8.601422e+05 2.147411e+02
1.782820e+06 2.146647e+02
8.201797e+05 2.146646e+02
1.241402e+06 2.146646e+02
1.074863e+06 1.903752e+02
9.148561e+05 1.597541e+02
1.177133e+06 1.421667e+02
7.334146e+04 1.412512e+02
7.055009e+05 1.412468e+02
5.955476e+05 1.408721e+02
2.317230e+05 1.362442e+02
6.012890e+05 1.362442e+02
3.851153e+09 1.433126e+06
1.692989e+06 5.188110e+05
1.819922e+05 1.401349e+05
5.095054e+04 4.920255e+04
2.118398e+04 2.056551e+04
1.741172e+04 1.449660e+04
1.101387e+04 1.077397e+04
1.790782e+04 7.822054e+03
4.161364e+03 3.851097e+03
3.014613e+03 3.004114e+03
2.749806e+03 2.746347e+03
2.282573e+03 2.260255e+03
1.989863e+03 1.465382e+03
1.168179e+03 1.155311e+03
3.387476e+03 8.063263e+02
9.513929e+02 5.540991e+02
5.191578e+02 5.169599e+02
3.932263e+02 3.891132e+02
3.135183e+02 3.040765e+02
2.641670e+02 2.633309e+02
2.493843e+02 2.450647e+02
2.360699e+02 2.343870e+02
2.285725e+02 2.284377e+02
2.146544e+02 2.135275e+02
3.260746e+02 1.562219e+02
1.234455e+02 1.231415e+02
1.163223e+02 1.144427e+02
1.172635e+02 1.092134e+02
1.009743e+02 9.965983e+01
9.311988e+01 9.270160e+01
9.293079e+01 8.673814e+01
8.353727e+01 7.984909e+01
7.536819e+01 7.522048e+01
1.586589e+02 7.147331e+01
6.333302e+01 6.176256e+01
5.726006e+01 5.712932e+01
6.275904e+01 5.481358e+01
5.237609e+01 5.227838e+01
4.820678e+01 4.704792e+01
4.911801e+01 3.401862e+01
2.627829e+01 2.600953e+01
2.112762e+01 2.061041e+01
1.788475e+01 1.731657e+01
1.764419e+01 1.523052e+01
1.749873e+01 1.071482e+01
8.797499e+00 8.396217e+00
7.060980e+00 7.042583e+00
6.471979e+00 6.448324e+00
5.588115e+00 5.515629e+00
4.906218e+00 4.891001e+00
4.346950e+00 3.095050e+00
2.042053e+00 2.019328e+00
2.662127e+00 1.309528e+00
1.183218e+00 1.181549e+00
1.076349e+00 1.061739e+00
1.035253e+00 8.672831e-01
7.867278e-01 7.553758e-01
5.236469e-01 4.960514e-01
2.943928e-01 1.888334e-01
2.590329e-01 1.300632e-01
1.085653e-01 1.054130e-01
9.250737e-02 9.235245e-02
7.671025e-02 7.604486e-02
7.270684e-02 7.256806e-02
6.325656e-02 6.279163e-02
4.603748e-02 4.587852e-02
4.376116e-02 4.261592e-02
3.949442e-02 3.933305e-02
3.797822e-02 3.661524e-02
3.867582e-02 3.494738e-02
2.776913e-02 2.760051e-02
2.357632e-02 2.344035e-02
2.137147e-02 2.134207e-02
2.132062e-02 2.067589e-02
1.953773e-02 1.923424e-02
1.736325e-02 1.732497e-02
2.453175e-02 1.569789e-02
1.475255e-02 1.470838e-02
1.417137e-02 1.416067e-02
2.774150e-02 1.336239e-02
1.282292e-02 1.268654e-02
1.255209e-02 1.247553e-02
1.237702e-02 1.236932e-02
1.202280e-02 1.195084e-02
1.116152e-02 1.097055e-02
9.241418e-03 9.179919e-03
8.350193e-03 8.191088e-03
1.104502e-02 7.650867e-03
6.619699e-03 6.317491e-03
5.772136e-03 5.740623e-03
5.881032e-03 5.454355e-03
5.714594e-03 5.091121e-03
4.794384e-03 4.783326e-03
4.460344e-03 4.434462e-03
4.267410e-03 4.025767e-03
3.860316e-03 3.831640e-03
3.770823e-03 3.769600e-03
3.775022e-03 3.745402e-03
3.733454e-03 3.732991e-03
3.713711e-03 3.399428e-03
2.118946e-03 2.072094e-03
3.028084e+09 1.583512e+06
1.326962e+06 4.231457e+05
2.274419e+06 3.637386e+05
1.778365e+06 3.135554e+05
2.309258e+07 2.287307e+05
7.233101e+07 1.453543e+05
5.734993e+07 1.007381e+05
1.138256e+07 8.114319e+04
5.651840e+07 6.225122e+04
1.179682e+07 5.015303e+04
2.187149e+07 4.226754e+04
9.865344e+07 3.188971e+04
2.670781e+07 2.864882e+04
1.015931e+08 2.473980e+04
1.151937e+08 2.001001e+04
4.320321e+07 1.769750e+04
6.665406e+06 1.636891e+04
4.329954e+07 1.496196e+04
7.677228e+07 1.404421e+04
5.723354e+07 1.278677e+04
1.564114e+07 1.230049e+04
2.499216e+07 1.172241e+04
1.082569e+08 1.143162e+04
9.733934e+07 1.013278e+04
1.320785e+08 8.178062e+03
1.060987e+08 7.868835e+03
9.915263e+06 7.682733e+03
2.706410e+07 5.384489e+03
5.882907e+07 5.191723e+03
1.531108e+06 5.068351e+03
9.851325e+06 5.000286e+03
1.592536e+07 4.938655e+03
5.955892e+07 4.891339e+03
1.017131e+07 4.873966e+03
1.947350e+06 4.846859e+03
1.868894e+07 4.826834e+03
4.728065e+06 4.793011e+03
7.756012e+06 4.764290e+03
2.620014e+07 4.715118e+03
6.829960e+07 4.676172e+03
3.297488e+07 4.672741e+03
4.160209e+07 3.684560e+03
2.618335e+07 3.676123e+03
3.637225e+07 3.567901e+03
2.241708e+07 2.937553e+03
9.802821e+06 2.932134e+03
2.822140e+07 2.930631e+03
1.078499e+07 2.929038e+03
1.664674e+07 2.812160e+03
9.498229e+06 2.811488e+03
1.442116e+07 2.802207e+03
1.625222e+07 2.572035e+03
8.339769e+06 2.571462e+03
2.176126e+07 2.571200e+03
3.473878e+07 2.306370e+03
9.515535e+06 2.165142e+03
4.206149e+07 2.165095e+03
3.278959e+06 2.165029e+03
1.475405e+07 2.164871e+03
2.949679e+06 2.000371e+03
2.979412e+06 1.596413e+03
8.370554e+05 1.479259e+03
4.518611e+06 1.422675e+03
7.089339e+06 1.381070e+03
4.188444e+06 1.002988e+03
1.985849e+07 1.002956e+03
3.077644e+06 1.002881e+03
7.099192e+06 1.002583e+03
1.332523e+05 9.125448e+02
7.543207e+06 9.125252e+02
6.813515e+06 9.125205e+02
9.387860e+06 9.125152e+02
2.187044e+07 9.125128e+02
1.085580e+07 9.125026e+02
1.285517e+05 9.125000e+02
2.223392e+06 8.056860e+02
4.081140e+05 8.056850e+02
3.122607e+06 7.696835e+02
6.048931e+06 7.696827e+02
1.781647e+06 7.629423e+02
1.362938e+06 7.611844e+02
6.372639e+06 7.608376e+02
1.426284e+07 7.608371e+02
2.091451e+06 6.358405e+02
2.444273e+05 5.769882e+02
5.303422e+06 5.708506e+02
3.705505e+06 5.651127e+02
6.301659e+06 5.607703e+02
3.060514e+06 5.586139e+02
2.002444e+06 5.447490e+02
1.863861e+06 5.441629e+02
4.951745e+06 5.435328e+02
6.086757e+05 5.434797e+02
3.263835e+06 5.434500e+02
1.951730e+05 4.952614e+02
1.008036e+06 4.928692e+02
3.856319e+05 4.922754e+02
3.075136e+06 4.917314e+02
1.543332e+06 4.914878e+02
8.037905e+05 4.618630e+02
1.593647e+06 4.618630e+02
