2.490310e+03 2.030789e+03
1.006046e+03 9.209878e+02
8.078778e+02 7.050057e+02
6.497838e+02 4.800151e+02
5.327777e+02 3.968468e+02
4.535749e+02 3.375834e+02
3.771131e+02 2.876998e+02
3.218649e+02 2.333709e+02
2.957076e+02 2.001281e+02
2.293658e+02 1.678214e+02
2.196114e+02 1.364681e+02
1.757268e+02 1.220419e+02
1.701447e+02 1.054355e+02
1.671272e+02 9.440103e+01
1.377936e+02 8.096458e+01
1.020305e+02 7.120696e+01
1.208335e+02 5.812659e+01
1.129132e+02 5.169043e+01
8.012164e+01 4.273313e+01
6.137821e+01 3.537194e+01
6.974288e+01 2.663682e+01
5.626878e+01 2.416927e+01
7.692441e+01 1.916949e+01
5.284793e+01 1.208724e+01
3.268703e+01 1.011795e+01
2.099119e+01 7.424661e+00
1.466530e+01 4.602149e+00
1.168677e+01 2.507234e+00
4.489307e+00 1.006092e+00
6.963503e-01 3.383200e-01
1.604779e-01 1.146528e-01
4.807439e-02 3.241756e-02
1.303133e-02 8.749685e-03
3.387469e-03 2.262330e-03
9.141730e-04 7.200338e-04
2.058539e-04 1.444375e-04
4.276685e-05 3.144397e-05
9.174879e-06 6.613823e-06
1.643334e-06 1.063398e-06
2.822814e-07 2.053363e-07
4.955025e-08 3.591163e-08
6.930881e-09 4.888989e-09
8.156110e-10 6.391474e-10
5.482661e-11 3.444711e-11
2.481784e-12 1.932676e-12
2.853540e-13 2.273737e-13
2.137313e-13 1.136868e-13
1.409717e-13 1.136868e-13
1.250555e-13 1.136868e-13
1.261924e-13 1.136868e-13
1.250555e-13 1.136868e-13
1.148237e-13 1.136868e-13
1.352873e-13 1.136868e-13
1.330136e-13 1.136868e-13
1.193712e-13 1.136868e-13
1.193712e-13 1.136868e-13
1.205080e-13 1.136868e-13
1.386979e-13 1.136868e-13
1.375611e-13 1.136868e-13
1.352873e-13 1.136868e-13
1.205080e-13 1.136868e-13
1.250555e-13 1.136868e-13
1.432454e-13 1.136868e-13
1.364242e-13 1.136868e-13
1.341505e-13 1.136868e-13
1.296030e-13 1.136868e-13
1.375611e-13 1.136868e-13
1.398348e-13 1.136868e-13
1.330136e-13 1.136868e-13
1.477929e-13 1.136868e-13
1.239187e-13 1.136868e-13
1.296030e-13 1.136868e-13
1.330136e-13 1.136868e-13
1.386979e-13 1.136868e-13
1.250555e-13 1.136868e-13
1.261924e-13 1.136868e-13
1.170974e-13 1.136868e-13
1.239187e-13 1.136868e-13
1.216449e-13 1.136868e-13
1.364242e-13 1.136868e-13
1.352873e-13 1.136868e-13
1.421085e-13 1.136868e-13
1.409717e-13 1.136868e-13
1.375611e-13 1.136868e-13
1.296030e-13 1.136868e-13
1.477929e-13 1.136868e-13
1.432454e-13 1.136868e-13
1.193712e-13 1.136868e-13
1.296030e-13 1.136868e-13
1.318767e-13 1.136868e-13
1.375611e-13 1.136868e-13
1.375611e-13 1.136868e-13
1.216449e-13 1.136868e-13
1.227818e-13 1.136868e-13
1.273293e-13 1.136868e-13
1.398348e-13 1.136868e-13
1.205080e-13 1.136868e-13
1.239187e-13 1.136868e-13
1.421085e-13 1.136868e-13
1.432454e-13 1.136868e-13
1.409717e-13 1.136868e-13
2.495857e+03 2.051521e+03
9.972678e+02 8.748495e+02
8.131132e+02 7.175903e+02
6.667370e+02 5.387083e+02
5.713832e+02 4.436565e+02
4.866930e+02 3.687452e+02
4.049695e+02 3.017838e+02
3.366725e+02 2.466105e+02
2.944782e+02 2.030793e+02
2.528025e+02 1.789773e+02
2.512274e+02 1.514722e+02
1.886102e+02 1.229642e+02
1.681594e+02 1.029793e+02
1.233453e+02 8.609144e+01
1.022786e+02 7.393732e+01
1.128862e+02 6.000976e+01
9.553291e+01 5.001666e+01
9.223836e+01 4.196792e+01
7.158520e+01 3.577675e+01
6.608483e+01 2.989346e+01
4.524141e+01 2.372029e+01
5.147812e+01 1.686639e+01
3.629029e+01 1.242684e+01
3.152341e+01 1.113990e+01
2.208912e+01 6.137457e+00
1.856719e+01 3.896777e+00
1.225772e+01 2.005288e+00
2.176726e+00 9.466158e-01
4.579446e-01 2.641402e-01
1.197251e-01 8.923211e-02
2.498250e-02 1.667425e-02
4.597852e-03 3.124094e-03
7.510482e-04 4.981893e-04
9.269712e-05 6.978444e-05
1.183474e-05 9.463965e-06
1.601933e-06 1.164367e-06
2.120018e-07 1.578803e-07
2.581436e-08 1.881642e-08
2.249551e-09 1.596504e-09
1.967408e-10 1.464286e-10
1.368335e-11 1.080025e-11
8.208190e-13 6.821210e-13
2.398792e-13 2.273737e-13
2.239631e-13 1.136868e-13
1.489298e-13 1.136868e-13
1.261924e-13 1.136868e-13
1.261924e-13 1.136868e-13
1.307399e-13 1.136868e-13
1.250555e-13 1.136868e-13
1.239187e-13 1.136868e-13
1.227818e-13 1.136868e-13
1.296030e-13 1.136868e-13
1.193712e-13 1.136868e-13
1.296030e-13 1.136868e-13
1.296030e-13 1.136868e-13
1.250555e-13 1.136868e-13
1.352873e-13 1.136868e-13
1.250555e-13 1.136868e-13
1.352873e-13 1.136868e-13
1.330136e-13 1.136868e-13
1.352873e-13 1.136868e-13
1.261924e-13 1.136868e-13
1.455192e-13 1.136868e-13
1.261924e-13 1.136868e-13
1.250555e-13 1.136868e-13
1.398348e-13 1.136868e-13
1.159606e-13 1.136868e-13
1.250555e-13 1.136868e-13
1.250555e-13 1.136868e-13
1.273293e-13 1.136868e-13
1.182343e-13 1.136868e-13
1.296030e-13 1.136868e-13
1.307399e-13 1.136868e-13
1.364242e-13 1.136868e-13
1.489298e-13 1.136868e-13
1.500666e-13 1.136868e-13
1.284661e-13 1.136868e-13
1.477929e-13 1.136868e-13
1.216449e-13 1.136868e-13
1.557510e-13 1.136868e-13
1.205080e-13 1.136868e-13
1.375611e-13 1.136868e-13
1.375611e-13 1.136868e-13
1.386979e-13 1.136868e-13
1.352873e-13 1.136868e-13
1.205080e-13 1.136868e-13
1.455192e-13 1.136868e-13
1.216449e-13 1.136868e-13
1.318767e-13 1.136868e-13
1.341505e-13 1.136868e-13
1.443823e-13 1.136868e-13
1.250555e-13 1.136868e-13
1.421085e-13 1.136868e-13
1.170974e-13 1.136868e-13
1.386979e-13 1.136868e-13
1.227818e-13 1.136868e-13
1.512035e-13 1.136868e-13
1.273293e-13 1.136868e-13
1.432454e-13 1.136868e-13
1.227818e-13 1.136868e-13
1.352873e-13 1.136868e-13
2.504070e+03 2.076678e+03
1.003432e+03 8.901009e+02
7.948174e+02 6.930259e+02
6.417603e+02 5.368512e+02
5.299831e+02 4.232923e+02
4.334076e+02 3.613223e+02
3.667571e+02 2.761591e+02
3.217946e+02 2.366759e+02
3.243467e+02 2.074661e+02
2.515349e+02 1.682677e+02
1.932114e+02 1.381600e+02
1.639419e+02 1.174960e+02
1.403358e+02 1.030594e+02
1.641924e+02 8.837607e+01
1.341013e+02 7.480754e+01
1.164451e+02 5.926245e+01
9.884587e+01 5.033434e+01
8.414682e+01 4.330177e+01
7.017665e+01 3.711138e+01
7.802094e+01 2.810879e+01
5.581426e+01 2.136108e+01
5.348602e+01 1.529193e+01
4.276207e+01 1.368723e+01
2.840542e+01 9.869369e+00
3.015741e+01 6.766036e+00
9.872556e+00 4.024107e+00
5.859321e+00 2.063517e+00
1.561241e+00 1.035626e+00
3.663611e-01 2.600165e-01
8.868657e-02 5.923721e-02
1.743833e-02 1.210217e-02
2.329924e-03 1.759343e-03
1.771790e-04 1.440380e-04
1.240001e-05 8.648477e-06
8.608344e-07 6.156316e-07
5.212707e-08 3.669936e-08
1.891816e-09 1.449280e-09
6.775736e-11 5.309175e-11
1.830358e-12 1.477929e-12
2.546585e-13 2.273737e-13
2.205525e-13 1.136868e-13
1.409717e-13 1.136868e-13
1.330136e-13 1.136868e-13
1.273293e-13 1.136868e-13
1.341505e-13 1.136868e-13
1.307399e-13 1.136868e-13
1.273293e-13 1.136868e-13
1.284661e-13 1.136868e-13
1.216449e-13 1.136868e-13
1.273293e-13 1.136868e-13
1.148237e-13 1.136868e-13
1.261924e-13 1.136868e-13
1.352873e-13 1.136868e-13
1.386979e-13 1.136868e-13
1.568878e-13 1.136868e-13
1.250555e-13 1.136868e-13
1.216449e-13 1.136868e-13
1.409717e-13 1.136868e-13
1.284661e-13 1.136868e-13
1.330136e-13 1.136868e-13
1.205080e-13 1.136868e-13
1.352873e-13 1.136868e-13
1.398348e-13 1.136868e-13
1.239187e-13 1.136868e-13
1.239187e-13 1.136868e-13
1.398348e-13 1.136868e-13
1.261924e-13 1.136868e-13
1.216449e-13 1.136868e-13
1.296030e-13 1.136868e-13
1.205080e-13 1.136868e-13
1.193712e-13 1.136868e-13
1.307399e-13 1.136868e-13
1.284661e-13 1.136868e-13
1.239187e-13 1.136868e-13
1.170974e-13 1.136868e-13
1.250555e-13 1.136868e-13
1.398348e-13 1.136868e-13
1.443823e-13 1.136868e-13
1.489298e-13 1.136868e-13
1.273293e-13 1.136868e-13
1.625722e-13 1.136868e-13
1.284661e-13 1.136868e-13
1.250555e-13 1.136868e-13
1.296030e-13 1.136868e-13
1.432454e-13 1.136868e-13
1.341505e-13 1.136868e-13
1.432454e-13 1.136868e-13
1.273293e-13 1.136868e-13
1.364242e-13 1.136868e-13
1.330136e-13 1.136868e-13
1.318767e-13 1.136868e-13
1.284661e-13 1.136868e-13
1.421085e-13 1.136868e-13
1.398348e-13 1.136868e-13
1.284661e-13 1.136868e-13
1.250555e-13 1.136868e-13
1.284661e-13 1.136868e-13
1.239187e-13 1.136868e-13
1.386979e-13 1.136868e-13
1.432454e-13 1.136868e-13
1.466560e-13 1.136868e-13
2.467788e+03 2.091738e+03
9.982552e+02 8.896353e+02
7.727708e+02 6.472866e+02
6.520042e+02 5.393093e+02
5.482808e+02 4.042152e+02
4.531697e+02 3.600564e+02
4.093695e+02 2.792169e+02
3.455223e+02 2.349877e+02
3.023291e+02 2.072770e+02
2.602482e+02 1.754638e+02
2.170663e+02 1.489347e+02
1.943711e+02 1.207230e+02
1.486038e+02 1.081197e+02
1.586238e+02 8.795035e+01
1.337230e+02 7.574148e+01
1.174928e+02 6.872641e+01
1.157159e+02 5.096088e+01
9.472354e+01 4.541889e+01
8.377977e+01 3.143218e+01
5.515695e+01 2.747980e+01
6.157787e+01 2.447157e+01
4.325752e+01 1.736290e+01
3.612414e+01 1.259071e+01
4.090565e+01 9.713009e+00
1.872486e+01 5.379070e+00
7.745910e+00 2.699348e+00
9.629467e+00 1.575430e+00
1.163686e+00 6.498254e-01
3.296128e-01 2.275909e-01
8.582581e-02 6.223063e-02
1.843972e-02 1.252549e-02
3.423182e-03 2.467820e-03
6.325181e-04 4.396009e-04
1.155732e-04 8.124418e-05
1.816398e-05 1.418878e-05
2.602954e-06 1.961127e-06
3.040482e-07 2.155375e-07
4.044121e-08 2.171475e-08
6.435409e-09 4.376489e-09
1.019590e-09 7.610197e-10
1.371063e-10 8.617462e-11
1.565468e-11 1.080025e-11
8.003553e-13 5.684342e-13
2.307843e-13 2.273737e-13
1.500666e-13 1.136868e-13
1.341505e-13 1.136868e-13
1.318767e-13 1.136868e-13
1.352873e-13 1.136868e-13
1.216449e-13 1.136868e-13
1.330136e-13 1.136868e-13
1.239187e-13 1.136868e-13
1.170974e-13 1.136868e-13
1.216449e-13 1.136868e-13
1.307399e-13 1.136868e-13
1.227818e-13 1.136868e-13
1.330136e-13 1.136868e-13
1.409717e-13 1.136868e-13
1.239187e-13 1.136868e-13
1.296030e-13 1.136868e-13
1.205080e-13 1.136868e-13
1.307399e-13 1.136868e-13
1.523404e-13 1.136868e-13
1.318767e-13 1.136868e-13
1.205080e-13 1.136868e-13
1.330136e-13 1.136868e-13
1.386979e-13 1.136868e-13
1.239187e-13 1.136868e-13
1.273293e-13 1.136868e-13
1.386979e-13 1.136868e-13
1.250555e-13 1.136868e-13
1.318767e-13 1.136868e-13
1.261924e-13 1.136868e-13
1.432454e-13 1.136868e-13
1.500666e-13 1.136868e-13
1.375611e-13 1.136868e-13
1.250555e-13 1.136868e-13
1.205080e-13 1.136868e-13
1.364242e-13 1.136868e-13
1.216449e-13 1.136868e-13
1.455192e-13 1.136868e-13
1.421085e-13 1.136868e-13
1.227818e-13 1.136868e-13
1.296030e-13 1.136868e-13
1.432454e-13 1.136868e-13
1.409717e-13 1.136868e-13
1.318767e-13 1.136868e-13
1.375611e-13 1.136868e-13
1.477929e-13 1.136868e-13
1.466560e-13 1.136868e-13
1.250555e-13 1.136868e-13
1.273293e-13 1.136868e-13
1.205080e-13 1.136868e-13
1.261924e-13 1.136868e-13
1.284661e-13 1.136868e-13
1.443823e-13 1.136868e-13
1.227818e-13 1.136868e-13
1.352873e-13 1.136868e-13
1.250555e-13 1.136868e-13
1.296030e-13 1.136868e-13
1.318767e-13 1.136868e-13
1.296030e-13 1.136868e-13
2.481685e+03 1.973596e+03
1.016888e+03 8.531793e+02
7.988813e+02 6.604343e+02
6.580215e+02 5.250227e+02
5.611801e+02 4.356343e+02
4.608531e+02 3.599110e+02
3.902505e+02 3.050826e+02
3.838465e+02 2.575555e+02
2.994011e+02 2.160912e+02
2.606069e+02 1.700968e+02
2.202100e+02 1.559399e+02
2.014623e+02 1.220159e+02
1.674338e+02 9.547401e+01
1.342022e+02 8.741474e+01
1.360707e+02 7.199529e+01
1.198064e+02 6.542476e+01
9.371270e+01 5.237017e+01
7.566646e+01 4.769357e+01
6.998001e+01 3.802541e+01
6.124644e+01 3.302657e+01
7.246047e+01 2.809942e+01
4.537240e+01 2.165566e+01
3.925360e+01 1.742285e+01
2.822036e+01 1.362949e+01
3.868249e+01 7.627934e+00
1.785834e+01 5.565802e+00
1.109902e+01 2.907146e+00
2.945348e+00 1.208634e+00
6.551205e-01 4.702012e-01
1.665640e-01 1.117242e-01
3.782852e-02 2.674046e-02
7.946464e-03 6.197836e-03
1.428028e-03 9.679961e-04
2.055886e-04 1.580887e-04
2.669771e-05 1.781900e-05
4.217383e-06 3.016414e-06
7.407919e-07 5.667731e-07
1.151170e-07 7.805716e-08
1.198485e-08 8.404299e-09
1.250985e-09 9.341647e-10
9.608925e-11 7.116796e-11
4.737331e-12 3.410605e-12
3.501555e-13 2.273737e-13
2.171419e-13 1.136868e-13
1.284661e-13 1.136868e-13
1.341505e-13 1.136868e-13
1.352873e-13 1.136868e-13
1.296030e-13 1.136868e-13
1.398348e-13 1.136868e-13
1.318767e-13 1.136868e-13
1.227818e-13 1.136868e-13
1.296030e-13 1.136868e-13
1.432454e-13 1.136868e-13
1.409717e-13 1.136868e-13
1.318767e-13 1.136868e-13
1.182343e-13 1.136868e-13
1.534772e-13 1.136868e-13
1.284661e-13 1.136868e-13
1.261924e-13 1.136868e-13
1.239187e-13 1.136868e-13
1.261924e-13 1.136868e-13
1.364242e-13 1.136868e-13
1.250555e-13 1.136868e-13
1.307399e-13 1.136868e-13
1.216449e-13 1.136868e-13
1.284661e-13 1.136868e-13
1.216449e-13 1.136868e-13
1.477929e-13 1.136868e-13
1.216449e-13 1.136868e-13
1.557510e-13 1.136868e-13
1.352873e-13 1.136868e-13
1.421085e-13 1.136868e-13
1.386979e-13 1.136868e-13
1.216449e-13 1.136868e-13
1.352873e-13 1.136868e-13
1.307399e-13 1.136868e-13
1.307399e-13 1.136868e-13
1.239187e-13 1.136868e-13
1.193712e-13 1.136868e-13
1.386979e-13 1.136868e-13
1.296030e-13 1.136868e-13
1.318767e-13 1.136868e-13
1.307399e-13 1.136868e-13
1.284661e-13 1.136868e-13
1.250555e-13 1.136868e-13
1.227818e-13 1.136868e-13
1.273293e-13 1.136868e-13
1.307399e-13 1.136868e-13
1.443823e-13 1.136868e-13
1.364242e-13 1.136868e-13
1.284661e-13 1.136868e-13
1.250555e-13 1.136868e-13
1.477929e-13 1.136868e-13
1.307399e-13 1.136868e-13
1.375611e-13 1.136868e-13
1.193712e-13 1.136868e-13
1.364242e-13 1.136868e-13
1.330136e-13 1.136868e-13
1.193712e-13 1.136868e-13
1.307399e-13 1.136868e-13
1.284661e-13 1.136868e-13
2.510018e+03 1.977397e+03
9.881359e+02 8.574969e+02
7.983275e+02 6.887946e+02
6.413633e+02 5.540091e+02
5.571132e+02 4.181677e+02
4.582951e+02 3.453534e+02
3.920044e+02 3.034801e+02
3.583960e+02 2.435092e+02
2.988098e+02 1.991276e+02
2.840419e+02 1.722574e+02
2.504083e+02 1.462920e+02
2.184664e+02 1.286820e+02
1.887425e+02 1.152858e+02
1.451856e+02 8.680386e+01
1.302951e+02 7.880976e+01
1.092035e+02 6.691354e+01
1.035310e+02 5.369714e+01
8.466904e+01 4.627920e+01
9.364283e+01 3.982226e+01
7.371692e+01 2.902981e+01
6.263975e+01 2.338278e+01
5.409173e+01 2.012891e+01
3.875290e+01 1.514146e+01
3.265377e+01 9.870991e+00
2.370563e+01 6.710577e+00
1.550493e+01 3.750023e+00
9.435761e+00 1.936547e+00
2.937203e+00 8.210006e-01
1.067450e+00 2.784749e-01
1.420794e-01 9.324139e-02
3.204639e-02 2.423884e-02
6.568079e-03 4.764663e-03
9.330266e-04 6.390345e-04
8.763375e-05 7.287780e-05
6.113136e-06 4.731593e-06
2.977704e-07 2.269785e-07
1.290078e-08 9.661221e-09
5.777326e-10 4.458798e-10
2.371053e-11 1.921308e-11
9.049472e-13 6.821210e-13
2.444267e-13 2.273737e-13
2.069100e-13 1.136868e-13
1.477929e-13 1.136868e-13
1.250555e-13 1.136868e-13
1.284661e-13 1.136868e-13
1.375611e-13 1.136868e-13
1.296030e-13 1.136868e-13
1.284661e-13 1.136868e-13
1.421085e-13 1.136868e-13
1.273293e-13 1.136868e-13
1.364242e-13 1.136868e-13
1.330136e-13 1.136868e-13
1.273293e-13 1.136868e-13
1.386979e-13 1.136868e-13
1.455192e-13 1.136868e-13
1.261924e-13 1.136868e-13
1.386979e-13 1.136868e-13
1.170974e-13 1.136868e-13
1.386979e-13 1.136868e-13
1.466560e-13 1.136868e-13
1.318767e-13 1.136868e-13
1.455192e-13 1.136868e-13
1.341505e-13 1.136868e-13
1.227818e-13 1.136868e-13
1.205080e-13 1.136868e-13
1.352873e-13 1.136868e-13
1.273293e-13 1.136868e-13
1.284661e-13 1.136868e-13
1.364242e-13 1.136868e-13
1.205080e-13 1.136868e-13
1.261924e-13 1.136868e-13
1.523404e-13 1.136868e-13
1.466560e-13 1.136868e-13
1.330136e-13 1.136868e-13
1.602984e-13 1.136868e-13
1.284661e-13 1.136868e-13
1.432454e-13 1.136868e-13
1.205080e-13 1.136868e-13
1.318767e-13 1.136868e-13
1.250555e-13 1.136868e-13
1.284661e-13 1.136868e-13
1.580247e-13 1.136868e-13
1.284661e-13 1.136868e-13
1.489298e-13 1.136868e-13
1.193712e-13 1.136868e-13
1.455192e-13 1.136868e-13
1.557510e-13 1.136868e-13
1.182343e-13 1.136868e-13
1.512035e-13 1.136868e-13
1.307399e-13 1.136868e-13
1.205080e-13 1.136868e-13
1.375611e-13 1.136868e-13
1.375611e-13 1.136868e-13
1.182343e-13 1.136868e-13
1.330136e-13 1.136868e-13
1.273293e-13 1.136868e-13
1.421085e-13 1.136868e-13
1.500666e-13 1.136868e-13
1.159606e-13 1.136868e-13
1.205080e-13 1.136868e-13
1.227818e-13 1.136868e-13
2.472782e+03 2.111724e+03
9.730707e+02 8.566734e+02
7.901192e+02 6.390310e+02
6.426541e+02 5.305583e+02
5.363278e+02 4.132459e+02
4.700981e+02 3.255019e+02
3.793718e+02 2.891822e+02
3.437256e+02 2.388792e+02
3.348421e+02 2.060969e+02
2.637505e+02 1.593932e+02
2.287273e+02 1.432519e+02
2.145230e+02 1.278196e+02
1.946429e+02 1.117542e+02
1.720400e+02 9.567640e+01
1.531771e+02 8.266027e+01
1.353773e+02 6.320210e+01
1.209795e+02 5.449952e+01
8.265560e+01 4.525878e+01
7.077481e+01 4.092070e+01
6.541074e+01 3.160946e+01
4.655970e+01 2.343141e+01
4.893537e+01 2.005443e+01
5.278261e+01 1.450106e+01
3.111350e+01 1.084684e+01
2.729049e+01 7.866613e+00
2.461289e+01 4.357320e+00
4.838944e+00 2.073599e+00
2.844355e+00 9.508865e-01
3.897297e-01 2.512096e-01
9.413289e-02 6.695908e-02
1.917046e-02 1.463468e-02
3.982357e-03 2.668389e-03
7.097112e-04 4.948305e-04
1.115052e-04 8.191562e-05
1.205794e-05 9.358877e-06
7.287625e-07 5.438337e-07
4.363903e-08 3.437856e-08
2.609951e-09 2.097636e-09
1.341994e-10 8.901679e-11
5.118181e-12 3.751666e-12
3.410605e-13 2.273737e-13
2.410161e-13 2.273737e-13
2.353318e-13 1.136868e-13
1.432454e-13 1.136868e-13
1.284661e-13 1.136868e-13
1.261924e-13 1.136868e-13
1.364242e-13 1.136868e-13
1.352873e-13 1.136868e-13
1.284661e-13 1.136868e-13
1.250555e-13 1.136868e-13
1.307399e-13 1.136868e-13
1.375611e-13 1.136868e-13
1.364242e-13 1.136868e-13
1.273293e-13 1.136868e-13
1.273293e-13 1.136868e-13
1.273293e-13 1.136868e-13
1.284661e-13 1.136868e-13
1.216449e-13 1.136868e-13
1.341505e-13 1.136868e-13
1.193712e-13 1.136868e-13
1.170974e-13 1.136868e-13
1.250555e-13 1.136868e-13
1.489298e-13 1.136868e-13
1.443823e-13 1.136868e-13
1.227818e-13 1.136868e-13
1.227818e-13 1.136868e-13
1.170974e-13 1.136868e-13
1.227818e-13 1.136868e-13
1.341505e-13 1.136868e-13
1.375611e-13 1.136868e-13
1.239187e-13 1.136868e-13
1.421085e-13 1.136868e-13
1.193712e-13 1.136868e-13
1.296030e-13 1.136868e-13
1.398348e-13 1.136868e-13
1.284661e-13 1.136868e-13
1.421085e-13 1.136868e-13
1.273293e-13 1.136868e-13
1.523404e-13 1.136868e-13
1.352873e-13 1.136868e-13
1.182343e-13 1.136868e-13
1.352873e-13 1.136868e-13
1.341505e-13 1.136868e-13
1.512035e-13 1.136868e-13
1.364242e-13 1.136868e-13
1.466560e-13 1.136868e-13
1.284661e-13 1.136868e-13
1.273293e-13 1.136868e-13
1.330136e-13 1.136868e-13
1.330136e-13 1.136868e-13
1.159606e-13 1.136868e-13
1.239187e-13 1.136868e-13
1.318767e-13 1.136868e-13
1.352873e-13 1.136868e-13
1.375611e-13 1.136868e-13
1.227818e-13 1.136868e-13
1.591616e-13 1.136868e-13
1.227818e-13 1.136868e-13
1.364242e-13 1.136868e-13
1.227818e-13 1.136868e-13
1.443823e-13 1.136868e-13
2.496671e+03 1.985934e+03
9.769737e+02 9.053448e+02
7.914639e+02 6.534156e+02
6.475553e+02 5.321677e+02
5.297267e+02 4.429171e+02
4.726518e+02 3.628541e+02
3.816173e+02 2.851474e+02
3.371355e+02 2.330346e+02
2.816529e+02 1.958915e+02
2.525910e+02 1.633002e+02
2.441555e+02 1.408809e+02
1.640185e+02 1.159656e+02
1.648929e+02 9.708672e+01
1.696282e+02 8.932448e+01
1.386282e+02 7.401958e+01
1.235515e+02 6.115979e+01
7.982442e+01 5.357367e+01
9.190838e+01 4.392581e+01
7.765504e+01 3.719221e+01
5.553970e+01 3.102737e+01
7.273112e+01 2.559649e+01
4.477715e+01 2.117805e+01
2.975406e+01 1.516240e+01
4.677168e+01 1.028498e+01
3.256115e+01 7.234514e+00
7.690186e+00 4.268392e+00
6.346154e+00 1.975282e+00
1.579481e+00 9.772690e-01
4.309531e-01 3.151927e-01
1.289434e-01 8.998250e-02
3.026979e-02 2.229006e-02
5.724419e-03 4.381408e-03
8.514464e-04 5.615732e-04
1.105191e-04 8.354781e-05
1.066086e-05 7.655782e-06
8.464071e-07 6.094981e-07
8.051898e-08 6.260154e-08
6.057762e-09 4.267918e-09
3.424736e-10 2.689831e-10
1.320586e-11 9.777068e-12
4.877165e-13 3.410605e-13
2.432898e-13 2.273737e-13
2.364686e-13 2.273737e-13
1.728040e-13 1.136868e-13
1.637090e-13 1.136868e-13
1.432454e-13 1.136868e-13
1.409717e-13 1.136868e-13
1.273293e-13 1.136868e-13
1.296030e-13 1.136868e-13
1.375611e-13 1.136868e-13
1.250555e-13 1.136868e-13
1.250555e-13 1.136868e-13
1.364242e-13 1.136868e-13
1.341505e-13 1.136868e-13
1.364242e-13 1.136868e-13
1.352873e-13 1.136868e-13
1.216449e-13 1.136868e-13
1.205080e-13 1.136868e-13
1.296030e-13 1.136868e-13
1.239187e-13 1.136868e-13
1.386979e-13 1.136868e-13
1.284661e-13 1.136868e-13
1.296030e-13 1.136868e-13
1.284661e-13 1.136868e-13
1.239187e-13 1.136868e-13
1.227818e-13 1.136868e-13
1.296030e-13 1.136868e-13
1.216449e-13 1.136868e-13
1.284661e-13 1.136868e-13
1.386979e-13 1.136868e-13
1.261924e-13 1.136868e-13
1.182343e-13 1.136868e-13
1.273293e-13 1.136868e-13
1.398348e-13 1.136868e-13
1.375611e-13 1.136868e-13
1.455192e-13 1.136868e-13
1.489298e-13 1.136868e-13
1.489298e-13 1.136868e-13
1.375611e-13 1.136868e-13
1.443823e-13 1.136868e-13
1.421085e-13 1.136868e-13
1.375611e-13 1.136868e-13
1.500666e-13 1.136868e-13
1.330136e-13 1.136868e-13
1.330136e-13 1.136868e-13
1.443823e-13 1.136868e-13
1.364242e-13 1.136868e-13
1.364242e-13 1.136868e-13
1.307399e-13 1.136868e-13
1.284661e-13 1.136868e-13
1.216449e-13 1.136868e-13
1.432454e-13 1.136868e-13
1.216449e-13 1.136868e-13
1.239187e-13 1.136868e-13
1.318767e-13 1.136868e-13
1.352873e-13 1.136868e-13
1.318767e-13 1.136868e-13
1.330136e-13 1.136868e-13
1.455192e-13 1.136868e-13
1.284661e-13 1.136868e-13
1.239187e-13 1.136868e-13
2.497595e+03 2.111178e+03
1.016678e+03 9.242399e+02
8.010408e+02 7.068336e+02
6.704231e+02 5.463155e+02
5.564082e+02 4.414292e+02
4.686055e+02 3.750695e+02
4.152847e+02 3.205891e+02
3.422994e+02 2.663593e+02
3.078156e+02 2.075422e+02
2.949018e+02 1.663924e+02
2.539891e+02 1.526794e+02
1.940991e+02 1.382026e+02
1.863080e+02 1.137348e+02
1.339452e+02 1.037136e+02
1.294925e+02 8.732947e+01
1.304889e+02 6.155010e+01
1.063180e+02 5.829989e+01
1.064444e+02 5.224476e+01
9.676678e+01 4.539193e+01
7.287473e+01 3.504079e+01
4.971478e+01 2.859755e+01
5.059768e+01 2.167106e+01
3.953258e+01 1.621748e+01
3.776462e+01 1.278789e+01
2.466128e+01 7.974697e+00
1.868088e+01 4.712222e+00
9.901802e+00 2.752629e+00
6.918785e+00 1.311376e+00
9.779508e-01 5.884509e-01
2.453479e-01 1.766768e-01
7.204584e-02 5.317472e-02
1.942028e-02 1.313687e-02
4.638391e-03 3.086337e-03
9.568371e-04 6.986577e-04
1.645282e-04 1.142612e-04
2.713467e-05 1.932054e-05
3.121801e-06 2.439286e-06
3.248957e-07 2.387029e-07
2.484186e-08 1.780404e-08
1.656761e-09 1.256126e-09
7.437507e-11 5.059064e-11
2.670504e-12 2.046363e-12
3.012701e-13 2.273737e-13
2.182787e-13 1.136868e-13
1.409717e-13 1.136868e-13
1.409717e-13 1.136868e-13
1.307399e-13 1.136868e-13
1.273293e-13 1.136868e-13
1.296030e-13 1.136868e-13
1.375611e-13 1.136868e-13
1.307399e-13 1.136868e-13
1.318767e-13 1.136868e-13
1.273293e-13 1.136868e-13
1.341505e-13 1.136868e-13
1.273293e-13 1.136868e-13
1.239187e-13 1.136868e-13
1.273293e-13 1.136868e-13
1.250555e-13 1.136868e-13
1.500666e-13 1.136868e-13
1.250555e-13 1.136868e-13
1.386979e-13 1.136868e-13
1.296030e-13 1.136868e-13
1.318767e-13 1.136868e-13
1.273293e-13 1.136868e-13
1.182343e-13 1.136868e-13
1.250555e-13 1.136868e-13
1.364242e-13 1.136868e-13
1.386979e-13 1.136868e-13
1.296030e-13 1.136868e-13
1.375611e-13 1.136868e-13
1.386979e-13 1.136868e-13
1.239187e-13 1.136868e-13
1.341505e-13 1.136868e-13
1.284661e-13 1.136868e-13
1.318767e-13 1.136868e-13
1.307399e-13 1.136868e-13
1.284661e-13 1.136868e-13
1.296030e-13 1.136868e-13
1.375611e-13 1.136868e-13
1.261924e-13 1.136868e-13
1.296030e-13 1.136868e-13
1.318767e-13 1.136868e-13
1.375611e-13 1.136868e-13
1.318767e-13 1.136868e-13
1.421085e-13 1.136868e-13
1.216449e-13 1.136868e-13
1.341505e-13 1.136868e-13
1.386979e-13 1.136868e-13
1.330136e-13 1.136868e-13
1.261924e-13 1.136868e-13
1.159606e-13 1.136868e-13
1.273293e-13 1.136868e-13
1.205080e-13 1.136868e-13
1.250555e-13 1.136868e-13
1.216449e-13 1.136868e-13
1.455192e-13 1.136868e-13
1.375611e-13 1.136868e-13
1.284661e-13 1.136868e-13
1.375611e-13 1.136868e-13
1.250555e-13 1.136868e-13
1.341505e-13 1.136868e-13
2.501166e+03 2.130433e+03
9.938381e+02 8.851495e+02
7.889241e+02 6.750098e+02
6.410841e+02 5.477783e+02
5.583554e+02 4.341342e+02
4.718488e+02 3.712998e+02
4.028973e+02 2.966549e+02
3.407984e+02 2.428419e+02
2.883144e+02 2.108643e+02
3.047243e+02 1.747169e+02
2.362209e+02 1.509314e+02
1.726619e+02 1.235601e+02
1.847994e+02 1.034618e+02
1.344911e+02 8.997029e+01
1.367678e+02 7.477271e+01
1.285883e+02 6.190252e+01
1.019266e+02 5.228349e+01
8.769427e+01 4.452609e+01
6.493639e+01 3.673300e+01
5.184353e+01 2.959040e+01
6.232784e+01 2.295408e+01
4.876478e+01 1.822389e+01
2.818619e+01 1.340557e+01
2.459387e+01 8.725998e+00
2.861026e+01 6.163276e+00
1.337538e+01 3.047032e+00
5.264057e+00 1.563700e+00
9.834815e-01 5.818358e-01
2.262309e-01 1.503841e-01
5.164060e-02 3.670292e-02
1.149807e-02 7.880625e-03
2.340180e-03 1.773381e-03
3.647076e-04 2.354611e-04
4.704175e-05 3.562063e-05
6.148998e-06 4.723406e-06
7.167006e-07 5.635957e-07
7.785360e-08 5.839706e-08
6.881698e-09 4.598633e-09
4.692436e-10 3.540208e-10
2.769752e-11 2.194156e-11
9.879386e-13 6.821210e-13
2.603429e-13 2.273737e-13
2.364686e-13 2.273737e-13
1.466560e-13 1.136868e-13
1.398348e-13 1.136868e-13
1.227818e-13 1.136868e-13
1.250555e-13 1.136868e-13
1.284661e-13 1.136868e-13
1.273293e-13 1.136868e-13
1.250555e-13 1.136868e-13
1.386979e-13 1.136868e-13
1.330136e-13 1.136868e-13
1.227818e-13 1.136868e-13
1.421085e-13 1.136868e-13
1.216449e-13 1.136868e-13
1.284661e-13 1.136868e-13
1.182343e-13 1.136868e-13
1.307399e-13 1.136868e-13
1.364242e-13 1.136868e-13
1.261924e-13 1.136868e-13
1.261924e-13 1.136868e-13
1.489298e-13 1.136868e-13
1.250555e-13 1.136868e-13
1.409717e-13 1.136868e-13
1.375611e-13 1.136868e-13
1.227818e-13 1.136868e-13
1.534772e-13 1.136868e-13
1.205080e-13 1.136868e-13
1.284661e-13 1.136868e-13
1.307399e-13 1.136868e-13
1.261924e-13 1.136868e-13
1.261924e-13 1.136868e-13
1.546141e-13 1.136868e-13
1.386979e-13 1.136868e-13
1.409717e-13 1.136868e-13
1.398348e-13 1.136868e-13
1.409717e-13 1.136868e-13
1.250555e-13 1.136868e-13
1.216449e-13 1.136868e-13
1.318767e-13 1.136868e-13
1.296030e-13 1.136868e-13
1.250555e-13 1.136868e-13
1.307399e-13 1.136868e-13
1.318767e-13 1.136868e-13
1.364242e-13 1.136868e-13
1.409717e-13 1.136868e-13
1.216449e-13 1.136868e-13
1.398348e-13 1.136868e-13
1.239187e-13 1.136868e-13
1.284661e-13 1.136868e-13
1.284661e-13 1.136868e-13
1.307399e-13 1.136868e-13
1.432454e-13 1.136868e-13
1.227818e-13 1.136868e-13
1.398348e-13 1.136868e-13
1.296030e-13 1.136868e-13
1.284661e-13 1.136868e-13
1.307399e-13 1.136868e-13
1.227818e-13 1.136868e-13
1.330136e-13 1.136868e-13
1.216449e-13 1.136868e-13
2.463460e+03 2.117104e+03
1.006959e+03 8.911344e+02
8.070188e+02 7.039242e+02
6.334066e+02 5.032126e+02
5.253437e+02 4.152717e+02
4.590047e+02 3.400009e+02
4.062476e+02 2.931699e+02
3.469479e+02 2.374181e+02
2.956104e+02 2.140965e+02
2.628683e+02 1.800985e+02
2.681281e+02 1.560650e+02
2.202317e+02 1.357601e+02
1.964527e+02 1.146467e+02
1.735003e+02 1.055654e+02
1.522511e+02 8.080352e+01
1.405498e+02 7.412716e+01
1.282633e+02 6.325229e+01
9.363301e+01 5.215267e+01
1.106141e+02 4.629181e+01
7.148160e+01 3.899922e+01
7.054840e+01 3.260357e+01
5.573854e+01 2.586059e+01
5.732217e+01 2.117374e+01
5.328798e+01 1.523143e+01
2.601196e+01 1.069157e+01
2.702084e+01 5.836768e+00
1.733737e+01 3.906027e+00
7.063824e+00 2.243043e+00
3.807138e+00 8.965153e-01
4.776406e-01 3.398898e-01
1.234194e-01 8.879017e-02
2.943387e-02 2.227586e-02
4.656506e-03 3.432814e-03
5.194571e-04 3.300861e-04
6.452765e-05 4.822309e-05
8.060036e-06 6.135266e-06
9.540552e-07 7.361492e-07
1.077170e-07 8.263601e-08
1.111797e-08 8.000370e-09
9.291421e-10 6.621121e-10
6.675691e-11 5.263701e-11
3.375362e-12 2.614797e-12
2.933120e-13 2.273737e-13
1.966782e-13 1.136868e-13
1.273293e-13 1.136868e-13
1.239187e-13 1.136868e-13
1.398348e-13 1.136868e-13
1.432454e-13 1.136868e-13
1.239187e-13 1.136868e-13
1.307399e-13 1.136868e-13
1.318767e-13 1.136868e-13
1.318767e-13 1.136868e-13
1.239187e-13 1.136868e-13
1.250555e-13 1.136868e-13
1.432454e-13 1.136868e-13
1.386979e-13 1.136868e-13
1.330136e-13 1.136868e-13
1.273293e-13 1.136868e-13
1.296030e-13 1.136868e-13
1.250555e-13 1.136868e-13
1.421085e-13 1.136868e-13
1.193712e-13 1.136868e-13
1.341505e-13 1.136868e-13
1.159606e-13 1.136868e-13
1.261924e-13 1.136868e-13
1.341505e-13 1.136868e-13
1.341505e-13 1.136868e-13
1.432454e-13 1.136868e-13
1.432454e-13 1.136868e-13
1.273293e-13 1.136868e-13
1.182343e-13 1.136868e-13
1.193712e-13 1.136868e-13
1.284661e-13 1.136868e-13
1.182343e-13 1.136868e-13
1.421085e-13 1.136868e-13
1.352873e-13 1.136868e-13
1.193712e-13 1.136868e-13
1.284661e-13 1.136868e-13
1.523404e-13 1.136868e-13
1.284661e-13 1.136868e-13
1.318767e-13 1.136868e-13
1.261924e-13 1.136868e-13
1.284661e-13 1.136868e-13
1.239187e-13 1.136868e-13
1.375611e-13 1.136868e-13
1.284661e-13 1.136868e-13
1.341505e-13 1.136868e-13
1.466560e-13 1.136868e-13
1.148237e-13 1.136868e-13
1.386979e-13 1.136868e-13
1.273293e-13 1.136868e-13
1.330136e-13 1.136868e-13
1.296030e-13 1.136868e-13
1.591616e-13 1.136868e-13
1.296030e-13 1.136868e-13
1.296030e-13 1.136868e-13
1.216449e-13 1.136868e-13
1.193712e-13 1.136868e-13
1.250555e-13 1.136868e-13
1.375611e-13 1.136868e-13
1.307399e-13 1.136868e-13
2.486285e+03 2.109278e+03
1.020988e+03 8.826236e+02
8.153386e+02 7.085555e+02
6.660361e+02 4.982571e+02
5.618241e+02 4.345380e+02
4.854388e+02 3.649458e+02
4.068545e+02 2.847838e+02
3.497023e+02 2.484890e+02
3.004696e+02 2.200450e+02
2.896116e+02 1.872532e+02
2.419623e+02 1.623521e+02
2.142443e+02 1.259210e+02
1.644016e+02 1.102769e+02
1.315686e+02 9.700724e+01
1.206368e+02 7.798672e+01
1.071533e+02 6.989895e+01
9.440078e+01 5.582877e+01
8.901869e+01 4.861290e+01
7.608414e+01 3.644245e+01
4.897053e+01 3.126782e+01
7.114568e+01 2.465743e+01
6.230138e+01 1.938115e+01
3.871298e+01 1.375157e+01
4.552625e+01 9.743739e+00
2.190099e+01 6.141802e+00
1.304753e+01 3.194659e+00
5.751671e+00 1.583260e+00
2.824792e+00 6.776272e-01
3.543646e-01 2.538910e-01
9.563774e-02 7.411211e-02
2.371912e-02 1.617656e-02
4.959375e-03 3.931373e-03
7.589470e-04 5.531881e-04
8.982162e-05 6.951494e-05
7.594283e-06 5.682394e-06
3.806419e-07 2.394814e-07
1.254211e-08 8.189204e-09
4.464471e-10 3.435616e-10
1.532726e-11 1.182343e-11
5.275069e-13 3.410605e-13
2.523848e-13 2.273737e-13
1.944045e-13 1.136868e-13
1.421085e-13 1.136868e-13
1.239187e-13 1.136868e-13
1.307399e-13 1.136868e-13
1.239187e-13 1.136868e-13
1.216449e-13 1.136868e-13
1.250555e-13 1.136868e-13
1.341505e-13 1.136868e-13
1.227818e-13 1.136868e-13
1.307399e-13 1.136868e-13
1.352873e-13 1.136868e-13
1.239187e-13 1.136868e-13
1.307399e-13 1.136868e-13
1.250555e-13 1.136868e-13
1.273293e-13 1.136868e-13
1.318767e-13 1.136868e-13
1.216449e-13 1.136868e-13
1.398348e-13 1.136868e-13
1.455192e-13 1.136868e-13
1.341505e-13 1.136868e-13
1.500666e-13 1.136868e-13
1.330136e-13 1.136868e-13
1.341505e-13 1.136868e-13
1.250555e-13 1.136868e-13
1.409717e-13 1.136868e-13
1.216449e-13 1.136868e-13
1.296030e-13 1.136868e-13
1.364242e-13 1.136868e-13
1.193712e-13 1.136868e-13
1.261924e-13 1.136868e-13
1.273293e-13 1.136868e-13
1.307399e-13 1.136868e-13
1.375611e-13 1.136868e-13
1.386979e-13 1.136868e-13
1.409717e-13 1.136868e-13
1.227818e-13 1.136868e-13
1.239187e-13 1.136868e-13
1.352873e-13 1.136868e-13
1.205080e-13 1.136868e-13
1.261924e-13 1.136868e-13
1.341505e-13 1.136868e-13
1.227818e-13 1.136868e-13
1.227818e-13 1.136868e-13
1.375611e-13 1.136868e-13
1.307399e-13 1.136868e-13
1.182343e-13 1.136868e-13
1.421085e-13 1.136868e-13
1.205080e-13 1.136868e-13
1.250555e-13 1.136868e-13
1.261924e-13 1.136868e-13
1.193712e-13 1.136868e-13
1.330136e-13 1.136868e-13
1.261924e-13 1.136868e-13
1.296030e-13 1.136868e-13
1.375611e-13 1.136868e-13
1.432454e-13 1.136868e-13
1.273293e-13 1.136868e-13
1.273293e-13 1.136868e-13
1.261924e-13 1.136868e-13
1.318767e-13 1.136868e-13
2.486417e+03 2.090698e+03
1.015444e+03 8.693999e+02
7.962642e+02 6.565151e+02
6.744556e+02 5.434372e+02
5.357553e+02 4.400386e+02
4.790179e+02 3.592266e+02
3.803571e+02 2.678976e+02
3.526964e+02 2.364648e+02
3.360343e+02 2.060415e+02
2.383126e+02 1.726220e+02
2.391940e+02 1.514645e+02
2.118913e+02 1.311423e+02
1.847770e+02 1.131223e+02
1.636710e+02 1.018567e+02
1.625573e+02 8.990967e+01
1.610642e+02 7.704327e+01
1.096737e+02 6.054182e+01
9.159734e+01 5.202672e+01
7.822328e+01 4.724104e+01
7.986623e+01 3.662842e+01
6.613679e+01 2.939129e+01
5.059249e+01 2.413096e+01
6.226666e+01 1.901880e+01
3.436850e+01 1.509780e+01
2.874975e+01 1.045039e+01
2.013619e+01 6.286707e+00
1.835972e+01 4.268780e+00
1.161626e+01 2.307267e+00
3.644335e+00 1.021901e+00
5.672405e-01 4.148093e-01
1.342394e-01 8.958767e-02
2.294506e-02 1.738169e-02
4.753432e-03 3.408092e-03
1.044309e-03 7.474676e-04
2.002872e-04 1.320144e-04
4.197479e-05 3.471340e-05
7.177603e-06 5.095899e-06
9.904979e-07 6.643374e-07
1.370271e-07 9.040832e-08
1.737062e-08 1.317915e-08
2.436124e-09 1.801595e-09
2.783906e-10 1.906528e-10
2.491788e-11 1.830358e-11
1.259650e-12 9.094947e-13
2.580691e-13 2.273737e-13
1.818989e-13 1.136868e-13
1.330136e-13 1.136868e-13
1.307399e-13 1.136868e-13
1.296030e-13 1.136868e-13
1.239187e-13 1.136868e-13
1.307399e-13 1.136868e-13
1.284661e-13 1.136868e-13
1.352873e-13 1.136868e-13
1.239187e-13 1.136868e-13
1.296030e-13 1.136868e-13
1.227818e-13 1.136868e-13
1.239187e-13 1.136868e-13
1.296030e-13 1.136868e-13
1.364242e-13 1.136868e-13
1.341505e-13 1.136868e-13
1.261924e-13 1.136868e-13
1.330136e-13 1.136868e-13
1.205080e-13 1.136868e-13
1.375611e-13 1.136868e-13
1.216449e-13 1.136868e-13
1.375611e-13 1.136868e-13
1.261924e-13 1.136868e-13
1.284661e-13 1.136868e-13
1.409717e-13 1.136868e-13
1.284661e-13 1.136868e-13
1.239187e-13 1.136868e-13
1.409717e-13 1.136868e-13
1.443823e-13 1.136868e-13
1.227818e-13 1.136868e-13
1.193712e-13 1.136868e-13
1.330136e-13 1.136868e-13
1.273293e-13 1.136868e-13
1.409717e-13 1.136868e-13
1.261924e-13 1.136868e-13
1.284661e-13 1.136868e-13
1.261924e-13 1.136868e-13
1.477929e-13 1.136868e-13
1.352873e-13 1.136868e-13
1.398348e-13 1.136868e-13
1.307399e-13 1.136868e-13
1.364242e-13 1.136868e-13
1.432454e-13 1.136868e-13
1.352873e-13 1.136868e-13
1.352873e-13 1.136868e-13
1.261924e-13 1.136868e-13
1.466560e-13 1.136868e-13
1.273293e-13 1.136868e-13
1.352873e-13 1.136868e-13
1.227818e-13 1.136868e-13
1.386979e-13 1.136868e-13
1.159606e-13 1.136868e-13
1.193712e-13 1.136868e-13
1.284661e-13 1.136868e-13
1.534772e-13 1.136868e-13
1.432454e-13 1.136868e-13
1.307399e-13 1.136868e-13
2.488803e+03 2.045548e+03
9.955660e+02 8.198314e+02
7.989773e+02 6.890660e+02
6.643993e+02 5.543518e+02
6.020075e+02 4.436425e+02
4.939914e+02 3.692441e+02
4.451090e+02 3.172062e+02
3.717855e+02 2.655846e+02
3.183444e+02 2.149624e+02
2.811167e+02 1.917914e+02
2.681267e+02 1.662489e+02
2.159969e+02 1.415654e+02
1.966333e+02 1.279951e+02
1.720094e+02 1.043428e+02
1.433632e+02 8.910681e+01
1.149925e+02 7.459923e+01
1.144001e+02 6.465333e+01
9.304690e+01 5.457619e+01
7.568390e+01 4.831090e+01
6.605962e+01 3.980453e+01
7.005179e+01 3.133366e+01
5.700392e+01 2.567268e+01
5.209376e+01 1.898279e+01
3.490714e+01 1.451100e+01
2.498962e+01 9.019600e+00
2.078245e+01 5.520244e+00
1.503627e+01 3.069380e+00
6.830209e+00 1.663003e+00
1.052865e+00 6.901977e-01
2.941977e-01 1.930018e-01
7.086720e-02 5.085678e-02
1.260714e-02 9.496748e-03
1.317603e-03 9.454857e-04
1.177593e-04 8.695327e-05
6.296389e-06 4.726311e-06
2.535146e-07 1.899430e-07
9.361726e-09 7.562903e-09
2.073034e-10 1.624585e-10
4.233698e-12 3.524292e-12
3.228706e-13 2.273737e-13
2.285105e-13 1.136868e-13
1.477929e-13 1.136868e-13
1.330136e-13 1.136868e-13
1.227818e-13 1.136868e-13
1.261924e-13 1.136868e-13
1.216449e-13 1.136868e-13
1.261924e-13 1.136868e-13
1.227818e-13 1.136868e-13
1.409717e-13 1.136868e-13
1.330136e-13 1.136868e-13
1.216449e-13 1.136868e-13
1.318767e-13 1.136868e-13
1.307399e-13 1.136868e-13
1.239187e-13 1.136868e-13
1.455192e-13 1.136868e-13
1.159606e-13 1.136868e-13
1.261924e-13 1.136868e-13
1.216449e-13 1.136868e-13
1.182343e-13 1.136868e-13
1.250555e-13 1.136868e-13
1.341505e-13 1.136868e-13
1.398348e-13 1.136868e-13
1.398348e-13 1.136868e-13
1.307399e-13 1.136868e-13
1.250555e-13 1.136868e-13
1.261924e-13 1.136868e-13
1.284661e-13 1.136868e-13
1.273293e-13 1.136868e-13
1.386979e-13 1.136868e-13
1.364242e-13 1.136868e-13
1.341505e-13 1.136868e-13
1.193712e-13 1.136868e-13
1.421085e-13 1.136868e-13
1.432454e-13 1.136868e-13
1.239187e-13 1.136868e-13
1.477929e-13 1.136868e-13
1.284661e-13 1.136868e-13
1.239187e-13 1.136868e-13
1.477929e-13 1.136868e-13
1.398348e-13 1.136868e-13
1.227818e-13 1.136868e-13
1.455192e-13 1.136868e-13
1.386979e-13 1.136868e-13
1.261924e-13 1.136868e-13
1.296030e-13 1.136868e-13
1.523404e-13 1.136868e-13
1.182343e-13 1.136868e-13
1.512035e-13 1.136868e-13
1.352873e-13 1.136868e-13
1.330136e-13 1.136868e-13
1.398348e-13 1.136868e-13
1.386979e-13 1.136868e-13
1.466560e-13 1.136868e-13
1.477929e-13 1.136868e-13
1.352873e-13 1.136868e-13
1.205080e-13 1.136868e-13
1.352873e-13 1.136868e-13
1.307399e-13 1.136868e-13
1.364242e-13 1.136868e-13
1.330136e-13 1.136868e-13
1.421085e-13 1.136868e-13
2.475971e+03 2.124693e+03
1.019846e+03 9.024428e+02
8.041776e+02 6.996771e+02
6.654372e+02 5.691825e+02
5.773663e+02 4.520515e+02
5.089804e+02 3.687468e+02
4.001722e+02 3.143243e+02
3.585313e+02 2.488236e+02
2.761836e+02 2.120433e+02
2.371146e+02 1.669388e+02
2.315602e+02 1.443035e+02
1.864803e+02 1.238497e+02
1.469704e+02 1.067954e+02
1.350998e+02 9.173483e+01
1.310984e+02 7.444522e+01
1.079116e+02 6.594011e+01
9.299098e+01 5.732767e+01
1.271591e+02 4.110919e+01
7.301712e+01 3.635932e+01
6.242211e+01 3.302055e+01
7.466277e+01 2.609822e+01
5.431784e+01 2.078120e+01
3.640482e+01 1.620072e+01
3.181293e+01 1.187414e+01
3.710508e+01 9.167157e+00
1.919521e+01 5.314647e+00
6.656785e+00 2.641738e+00
3.357435e+00 1.192574e+00
6.037857e-01 4.221517e-01
1.564394e-01 1.211774e-01
3.178977e-02 2.282378e-02
5.962207e-03 4.142117e-03
8.653222e-04 5.841179e-04
1.109902e-04 7.281680e-05
1.386876e-05 1.090040e-05
2.040783e-06 1.483134e-06
2.959525e-07 2.308797e-07
4.143360e-08 3.022978e-08
4.736107e-09 3.475975e-09
4.933861e-10 3.661853e-10
3.181299e-11 2.307843e-11
1.208491e-12 9.094947e-13
2.455636e-13 2.273737e-13
2.171419e-13 1.136868e-13
1.364242e-13 1.136868e-13
1.261924e-13 1.136868e-13
1.296030e-13 1.136868e-13
1.273293e-13 1.136868e-13
1.239187e-13 1.136868e-13
1.273293e-13 1.136868e-13
1.227818e-13 1.136868e-13
1.364242e-13 1.136868e-13
1.170974e-13 1.136868e-13
1.273293e-13 1.136868e-13
1.261924e-13 1.136868e-13
1.330136e-13 1.136868e-13
1.193712e-13 1.136868e-13
1.284661e-13 1.136868e-13
1.443823e-13 1.136868e-13
1.284661e-13 1.136868e-13
1.409717e-13 1.136868e-13
1.182343e-13 1.136868e-13
1.546141e-13 1.136868e-13
1.284661e-13 1.136868e-13
1.205080e-13 1.136868e-13
1.205080e-13 1.136868e-13
1.409717e-13 1.136868e-13
1.239187e-13 1.136868e-13
1.443823e-13 1.136868e-13
1.296030e-13 1.136868e-13
1.330136e-13 1.136868e-13
1.534772e-13 1.136868e-13
1.602984e-13 1.136868e-13
1.250555e-13 1.136868e-13
1.182343e-13 1.136868e-13
1.500666e-13 1.136868e-13
1.216449e-13 1.136868e-13
1.261924e-13 1.136868e-13
1.250555e-13 1.136868e-13
1.330136e-13 1.136868e-13
1.284661e-13 1.136868e-13
1.216449e-13 1.136868e-13
1.227818e-13 1.136868e-13
1.477929e-13 1.136868e-13
1.421085e-13 1.136868e-13
1.216449e-13 1.136868e-13
1.193712e-13 1.136868e-13
1.375611e-13 1.136868e-13
1.352873e-13 1.136868e-13
1.227818e-13 1.136868e-13
1.261924e-13 1.136868e-13
1.250555e-13 1.136868e-13
1.364242e-13 1.136868e-13
1.239187e-13 1.136868e-13
1.318767e-13 1.136868e-13
1.193712e-13 1.136868e-13
1.193712e-13 1.136868e-13
1.284661e-13 1.136868e-13
1.386979e-13 1.136868e-13
1.352873e-13 1.136868e-13
1.443823e-13 1.136868e-13
2.459897e+03 2.025928e+03
1.012436e+03 8.909090e+02
8.065715e+02 7.115494e+02
6.747492e+02 5.681941e+02
5.726044e+02 4.512732e+02
4.714571e+02 3.811900e+02
4.234475e+02 2.946723e+02
3.504765e+02 2.565362e+02
3.056011e+02 2.241900e+02
2.634787e+02 1.771446e+02
2.433039e+02 1.606329e+02
1.910908e+02 1.320813e+02
1.914719e+02 1.139570e+02
1.737496e+02 9.962515e+01
1.366247e+02 8.683612e+01
1.287622e+02 7.555554e+01
1.267266e+02 6.259637e+01
1.119233e+02 5.297548e+01
9.053026e+01 3.933453e+01
8.288222e+01 3.582191e+01
5.852813e+01 2.891590e+01
6.646560e+01 2.009853e+01
4.617360e+01 1.658870e+01
3.803637e+01 1.504851e+01
2.644689e+01 9.050022e+00
2.299444e+01 5.807923e+00
1.265952e+01 2.272792e+00
6.501060e+00 1.458593e+00
9.531918e-01 5.583497e-01
2.725977e-01 1.962670e-01
7.235452e-02 5.029548e-02
1.723424e-02 1.344654e-02
4.184097e-03 3.066452e-03
8.575262e-04 6.195467e-04
1.360910e-04 9.407964e-05
1.971324e-05 1.516759e-05
3.346167e-06 2.459542e-06
5.261171e-07 3.886864e-07
8.842555e-08 6.195205e-08
1.154209e-08 9.067321e-09
1.401761e-09 1.068884e-09
9.426685e-11 7.025847e-11
3.326477e-12 2.614797e-12
3.024070e-13 2.273737e-13
1.978151e-13 1.136868e-13
1.250555e-13 1.136868e-13
1.273293e-13 1.136868e-13
1.352873e-13 1.136868e-13
1.216449e-13 1.136868e-13
1.296030e-13 1.136868e-13
1.273293e-13 1.136868e-13
1.375611e-13 1.136868e-13
1.239187e-13 1.136868e-13
1.341505e-13 1.136868e-13
1.227818e-13 1.136868e-13
1.409717e-13 1.136868e-13
1.239187e-13 1.136868e-13
1.239187e-13 1.136868e-13
1.261924e-13 1.136868e-13
1.273293e-13 1.136868e-13
1.375611e-13 1.136868e-13
1.421085e-13 1.136868e-13
1.284661e-13 1.136868e-13
1.307399e-13 1.136868e-13
1.284661e-13 1.136868e-13
1.386979e-13 1.136868e-13
1.318767e-13 1.136868e-13
1.205080e-13 1.136868e-13
1.273293e-13 1.136868e-13
1.261924e-13 1.136868e-13
1.421085e-13 1.136868e-13
1.352873e-13 1.136868e-13
1.227818e-13 1.136868e-13
1.307399e-13 1.136868e-13
1.239187e-13 1.136868e-13
1.614353e-13 1.136868e-13
1.455192e-13 1.136868e-13
1.227818e-13 1.136868e-13
1.216449e-13 1.136868e-13
1.375611e-13 1.136868e-13
1.421085e-13 1.136868e-13
1.386979e-13 1.136868e-13
1.227818e-13 1.136868e-13
1.386979e-13 1.136868e-13
1.352873e-13 1.136868e-13
1.477929e-13 1.136868e-13
1.341505e-13 1.136868e-13
1.261924e-13 1.136868e-13
1.250555e-13 1.136868e-13
1.318767e-13 1.136868e-13
1.227818e-13 1.136868e-13
1.443823e-13 1.136868e-13
1.398348e-13 1.136868e-13
1.261924e-13 1.136868e-13
1.489298e-13 1.136868e-13
1.341505e-13 1.136868e-13
1.239187e-13 1.136868e-13
1.375611e-13 1.136868e-13
1.239187e-13 1.136868e-13
1.273293e-13 1.136868e-13
1.443823e-13 1.136868e-13
2.478821e+03 2.048489e+03
1.005141e+03 9.056385e+02
8.057382e+02 7.035637e+02
6.602494e+02 5.565621e+02
5.667492e+02 4.181383e+02
4.765446e+02 3.661609e+02
4.141116e+02 3.019591e+02
3.640995e+02 2.469283e+02
2.954398e+02 2.148065e+02
2.733629e+02 1.854460e+02
2.295465e+02 1.604178e+02
2.174584e+02 1.261932e+02
1.658731e+02 1.143978e+02
1.625549e+02 9.239006e+01
1.278991e+02 8.481835e+01
1.363078e+02 7.439936e+01
1.361841e+02 6.416601e+01
1.028988e+02 5.393104e+01
8.101438e+01 4.404402e+01
9.966805e+01 3.621850e+01
6.691587e+01 3.096361e+01
6.522365e+01 2.428343e+01
5.851954e+01 2.215708e+01
2.843844e+01 1.587498e+01
4.919439e+01 9.817670e+00
3.176065e+01 7.831236e+00
1.657279e+01 5.008799e+00
9.789494e+00 2.034510e+00
1.944227e+00 9.912379e-01
6.607392e-01 3.540084e-01
1.492871e-01 1.019281e-01
3.847437e-02 2.470814e-02
8.812034e-03 6.318464e-03
2.136549e-03 1.382973e-03
4.561345e-04 3.126922e-04
7.951453e-05 5.509552e-05
1.059218e-05 8.328144e-06
1.476124e-06 1.004850e-06
1.494157e-07 1.093372e-07
1.348373e-08 9.823793e-09
1.096923e-09 7.735252e-10
6.703544e-11 5.366019e-11
2.303295e-12 1.591616e-12
2.921752e-13 2.273737e-13
2.319211e-13 1.136868e-13
1.364242e-13 1.136868e-13
1.250555e-13 1.136868e-13
1.307399e-13 1.136868e-13
1.273293e-13 1.136868e-13
1.330136e-13 1.136868e-13
1.421085e-13 1.136868e-13
1.273293e-13 1.136868e-13
1.330136e-13 1.136868e-13
1.159606e-13 1.136868e-13
1.193712e-13 1.136868e-13
1.261924e-13 1.136868e-13
1.409717e-13 1.136868e-13
1.364242e-13 1.136868e-13
1.296030e-13 1.136868e-13
1.398348e-13 1.136868e-13
1.205080e-13 1.136868e-13
1.284661e-13 1.136868e-13
1.296030e-13 1.136868e-13
1.239187e-13 1.136868e-13
1.216449e-13 1.136868e-13
1.284661e-13 1.136868e-13
1.330136e-13 1.136868e-13
1.466560e-13 1.136868e-13
1.250555e-13 1.136868e-13
1.205080e-13 1.136868e-13
1.455192e-13 1.136868e-13
1.421085e-13 1.136868e-13
1.386979e-13 1.136868e-13
1.273293e-13 1.136868e-13
1.409717e-13 1.136868e-13
1.341505e-13 1.136868e-13
1.296030e-13 1.136868e-13
1.273293e-13 1.136868e-13
1.352873e-13 1.136868e-13
1.318767e-13 1.136868e-13
1.364242e-13 1.136868e-13
1.375611e-13 1.136868e-13
1.273293e-13 1.136868e-13
1.466560e-13 1.136868e-13
1.375611e-13 1.136868e-13
1.273293e-13 1.136868e-13
1.421085e-13 1.136868e-13
1.568878e-13 1.136868e-13
1.398348e-13 1.136868e-13
1.227818e-13 1.136868e-13
1.409717e-13 1.136868e-13
1.318767e-13 1.136868e-13
1.352873e-13 1.136868e-13
1.500666e-13 1.136868e-13
1.250555e-13 1.136868e-13
1.216449e-13 1.136868e-13
1.330136e-13 1.136868e-13
1.443823e-13 1.136868e-13
1.193712e-13 1.136868e-13
1.307399e-13 1.136868e-13
1.261924e-13 1.136868e-13
2.484975e+03 2.031357e+03
1.006464e+03 8.831112e+02
8.009742e+02 6.362525e+02
6.607632e+02 5.040240e+02
5.566452e+02 4.328019e+02
4.578339e+02 3.726762e+02
4.014030e+02 2.828468e+02
3.475185e+02 2.477201e+02
3.017652e+02 2.098964e+02
2.606203e+02 1.831139e+02
2.725041e+02 1.496298e+02
2.317625e+02 1.339608e+02
1.961962e+02 1.137455e+02
1.589625e+02 9.471271e+01
1.410174e+02 8.310709e+01
1.316359e+02 7.259986e+01
1.188631e+02 6.320037e+01
9.788560e+01 5.019942e+01
8.569878e+01 3.864361e+01
6.916349e+01 3.478353e+01
7.849076e+01 3.045137e+01
5.832410e+01 2.534447e+01
5.325152e+01 1.996763e+01
4.872442e+01 1.425104e+01
5.410622e+01 1.171165e+01
2.285856e+01 7.131098e+00
1.684778e+01 3.480110e+00
6.925615e+00 2.233934e+00
2.060104e+00 8.693860e-01
4.471120e-01 2.727712e-01
1.013964e-01 7.378235e-02
2.227119e-02 1.666234e-02
3.532076e-03 2.656880e-03
4.878108e-04 3.436526e-04
6.327297e-05 4.590286e-05
4.227341e-06 3.097279e-06
2.553505e-07 1.854077e-07
1.435336e-08 1.064564e-08
5.613072e-10 4.095000e-10
2.196089e-11 1.671197e-11
1.012950e-12 7.958079e-13
2.739853e-13 2.273737e-13
2.250999e-13 1.136868e-13
1.364242e-13 1.136868e-13
1.250555e-13 1.136868e-13
1.352873e-13 1.136868e-13
1.318767e-13 1.136868e-13
1.330136e-13 1.136868e-13
1.307399e-13 1.136868e-13
1.261924e-13 1.136868e-13
1.341505e-13 1.136868e-13
1.307399e-13 1.136868e-13
1.205080e-13 1.136868e-13
1.341505e-13 1.136868e-13
1.284661e-13 1.136868e-13
1.239187e-13 1.136868e-13
1.193712e-13 1.136868e-13
1.227818e-13 1.136868e-13
1.296030e-13 1.136868e-13
1.352873e-13 1.136868e-13
1.216449e-13 1.136868e-13
1.182343e-13 1.136868e-13
1.409717e-13 1.136868e-13
1.307399e-13 1.136868e-13
1.307399e-13 1.136868e-13
1.364242e-13 1.136868e-13
1.296030e-13 1.136868e-13
1.330136e-13 1.136868e-13
1.227818e-13 1.136868e-13
1.227818e-13 1.136868e-13
1.500666e-13 1.136868e-13
1.466560e-13 1.136868e-13
1.193712e-13 1.136868e-13
1.341505e-13 1.136868e-13
1.216449e-13 1.136868e-13
1.409717e-13 1.136868e-13
1.489298e-13 1.136868e-13
1.443823e-13 1.136868e-13
1.227818e-13 1.136868e-13
1.318767e-13 1.136868e-13
1.386979e-13 1.136868e-13
1.409717e-13 1.136868e-13
1.273293e-13 1.136868e-13
1.216449e-13 1.136868e-13
1.330136e-13 1.136868e-13
1.216449e-13 1.136868e-13
1.386979e-13 1.136868e-13
1.330136e-13 1.136868e-13
1.170974e-13 1.136868e-13
1.477929e-13 1.136868e-13
1.409717e-13 1.136868e-13
1.523404e-13 1.136868e-13
1.398348e-13 1.136868e-13
1.227818e-13 1.136868e-13
1.239187e-13 1.136868e-13
1.421085e-13 1.136868e-13
1.307399e-13 1.136868e-13
1.375611e-13 1.136868e-13
1.159606e-13 1.136868e-13
1.296030e-13 1.136868e-13
1.455192e-13 1.136868e-13
2.468429e+03 1.974498e+03
1.013449e+03 8.901180e+02
8.294142e+02 6.956688e+02
6.912091e+02 5.354574e+02
5.627868e+02 4.462150e+02
4.714699e+02 3.466199e+02
4.506973e+02 2.863731e+02
3.630595e+02 2.441324e+02
3.090617e+02 2.062059e+02
2.602720e+02 1.823564e+02
2.342624e+02 1.495826e+02
1.932983e+02 1.271369e+02
1.797736e+02 1.116029e+02
1.483781e+02 9.508324e+01
1.388992e+02 8.083682e+01
1.743348e+02 7.067549e+01
1.271681e+02 5.857663e+01
7.407533e+01 5.219320e+01
6.550931e+01 4.300410e+01
7.617233e+01 3.431572e+01
8.191534e+01 2.996390e+01
6.303799e+01 2.412665e+01
5.506166e+01 1.727054e+01
4.025859e+01 1.317812e+01
2.308256e+01 9.792318e+00
1.687183e+01 5.976805e+00
1.269003e+01 2.869810e+00
5.362756e+00 1.558742e+00
1.201134e+00 6.595322e-01
4.049120e-01 2.052313e-01
7.932983e-02 5.346407e-02
1.978667e-02 1.408303e-02
4.370855e-03 3.232017e-03
7.230468e-04 5.052157e-04
6.460332e-05 5.026907e-05
4.604227e-06 3.714468e-06
2.530262e-07 1.851432e-07
1.199062e-08 9.805717e-09
5.028289e-10 4.137064e-10
1.702119e-11 1.352873e-11
6.548362e-13 4.547474e-13
2.239631e-13 1.136868e-13
1.546141e-13 1.136868e-13
1.409717e-13 1.136868e-13
1.273293e-13 1.136868e-13
1.205080e-13 1.136868e-13
1.239187e-13 1.136868e-13
1.364242e-13 1.136868e-13
1.352873e-13 1.136868e-13
1.284661e-13 1.136868e-13
1.205080e-13 1.136868e-13
1.205080e-13 1.136868e-13
1.364242e-13 1.136868e-13
1.341505e-13 1.136868e-13
1.239187e-13 1.136868e-13
1.398348e-13 1.136868e-13
1.284661e-13 1.136868e-13
1.227818e-13 1.136868e-13
1.466560e-13 1.136868e-13
1.466560e-13 1.136868e-13
1.239187e-13 1.136868e-13
1.261924e-13 1.136868e-13
1.296030e-13 1.136868e-13
1.307399e-13 1.136868e-13
1.398348e-13 1.136868e-13
1.330136e-13 1.136868e-13
1.421085e-13 1.136868e-13
1.193712e-13 1.136868e-13
1.193712e-13 1.136868e-13
1.227818e-13 1.136868e-13
1.205080e-13 1.136868e-13
1.216449e-13 1.136868e-13
1.455192e-13 1.136868e-13
1.330136e-13 1.136868e-13
1.523404e-13 1.136868e-13
1.216449e-13 1.136868e-13
1.227818e-13 1.136868e-13
1.352873e-13 1.136868e-13
1.386979e-13 1.136868e-13
1.227818e-13 1.136868e-13
1.261924e-13 1.136868e-13
1.227818e-13 1.136868e-13
1.421085e-13 1.136868e-13
1.341505e-13 1.136868e-13
1.341505e-13 1.136868e-13
1.307399e-13 1.136868e-13
1.307399e-13 1.136868e-13
1.307399e-13 1.136868e-13
1.250555e-13 1.136868e-13
1.227818e-13 1.136868e-13
1.523404e-13 1.136868e-13
1.409717e-13 1.136868e-13
1.193712e-13 1.136868e-13
1.216449e-13 1.136868e-13
1.352873e-13 1.136868e-13
1.296030e-13 1.136868e-13
1.443823e-13 1.136868e-13
1.284661e-13 1.136868e-13
1.341505e-13 1.136868e-13
1.227818e-13 1.136868e-13
1.239187e-13 1.136868e-13
2.478416e+03 2.011132e+03
9.801343e+02 8.722242e+02
7.830387e+02 6.884795e+02
6.638269e+02 5.446439e+02
5.445292e+02 4.533265e+02
4.580548e+02 3.620396e+02
4.218688e+02 2.801747e+02
3.515626e+02 2.331953e+02
2.837962e+02 1.976997e+02
2.307512e+02 1.639503e+02
2.194027e+02 1.441701e+02
1.863237e+02 1.193360e+02
1.457720e+02 9.996714e+01
1.609181e+02 8.479432e+01
1.327538e+02 7.357450e+01
1.115456e+02 6.045310e+01
9.578573e+01 5.378799e+01
8.879205e+01 4.375952e+01
1.233346e+02 3.944383e+01
9.280327e+01 3.265853e+01
6.284559e+01 2.697009e+01
6.048432e+01 2.017171e+01
5.265490e+01 1.665354e+01
3.648573e+01 1.183479e+01
2.197185e+01 9.073610e+00
2.005586e+01 6.176340e+00
1.607699e+01 3.445334e+00
6.595007e+00 1.736242e+00
1.163470e+00 6.404318e-01
3.639665e-01 2.434274e-01
9.799500e-02 6.790923e-02
2.207565e-02 1.547526e-02
5.075233e-03 3.539643e-03
7.944128e-04 5.206299e-04
1.309247e-04 8.991924e-05
1.995641e-05 1.453850e-05
2.475761e-06 1.883805e-06
2.510501e-07 1.986909e-07
2.035809e-08 1.442788e-08
1.601694e-09 1.119247e-09
8.461143e-11 5.866241e-11
3.052492e-12 2.501110e-12
3.194600e-13 2.273737e-13
2.273737e-13 1.136868e-13
1.432454e-13 1.136868e-13
1.398348e-13 1.136868e-13
1.421085e-13 1.136868e-13
1.398348e-13 1.136868e-13
1.284661e-13 1.136868e-13
1.284661e-13 1.136868e-13
1.205080e-13 1.136868e-13
1.409717e-13 1.136868e-13
1.273293e-13 1.136868e-13
1.307399e-13 1.136868e-13
1.216449e-13 1.136868e-13
1.239187e-13 1.136868e-13
1.227818e-13 1.136868e-13
1.216449e-13 1.136868e-13
1.318767e-13 1.136868e-13
1.205080e-13 1.136868e-13
1.261924e-13 1.136868e-13
1.205080e-13 1.136868e-13
1.284661e-13 1.136868e-13
1.512035e-13 1.136868e-13
1.386979e-13 1.136868e-13
1.296030e-13 1.136868e-13
1.409717e-13 1.136868e-13
1.432454e-13 1.136868e-13
1.318767e-13 1.136868e-13
1.477929e-13 1.136868e-13
1.261924e-13 1.136868e-13
1.318767e-13 1.136868e-13
1.273293e-13 1.136868e-13
1.227818e-13 1.136868e-13
1.330136e-13 1.136868e-13
1.512035e-13 1.136868e-13
1.455192e-13 1.136868e-13
1.341505e-13 1.136868e-13
1.250555e-13 1.136868e-13
1.239187e-13 1.136868e-13
1.170974e-13 1.136868e-13
1.341505e-13 1.136868e-13
1.557510e-13 1.136868e-13
1.386979e-13 1.136868e-13
1.239187e-13 1.136868e-13
1.216449e-13 1.136868e-13
1.409717e-13 1.136868e-13
1.261924e-13 1.136868e-13
1.227818e-13 1.136868e-13
1.296030e-13 1.136868e-13
1.239187e-13 1.136868e-13
1.455192e-13 1.136868e-13
1.318767e-13 1.136868e-13
1.477929e-13 1.136868e-13
1.364242e-13 1.136868e-13
1.182343e-13 1.136868e-13
1.341505e-13 1.136868e-13
1.227818e-13 1.136868e-13
1.330136e-13 1.136868e-13
1.239187e-13 1.136868e-13
1.466560e-13 1.136868e-13
2.475597e+03 1.955027e+03
1.015822e+03 8.894879e+02
7.988829e+02 6.966704e+02
6.637040e+02 5.591150e+02
5.427750e+02 4.273737e+02
4.661346e+02 3.483470e+02
3.873477e+02 2.927905e+02
3.408111e+02 2.558111e+02
2.967404e+02 2.155283e+02
2.637263e+02 1.653971e+02
1.975161e+02 1.406506e+02
1.963681e+02 1.146424e+02
1.705193e+02 9.033795e+01
1.515125e+02 7.873565e+01
1.083927e+02 7.433357e+01
1.148469e+02 6.459756e+01
9.773401e+01 5.565614e+01
7.941648e+01 4.730459e+01
1.107964e+02 3.907474e+01
8.074932e+01 3.427602e+01
6.911318e+01 2.878732e+01
4.931447e+01 2.213700e+01
4.235099e+01 1.861549e+01
2.892225e+01 1.288285e+01
2.395601e+01 8.702627e+00
2.001864e+01 5.164181e+00
1.714094e+01 3.055730e+00
4.786100e+00 1.350156e+00
1.096571e+00 4.273844e-01
1.873376e-01 1.487444e-01
4.513381e-02 2.997398e-02
1.120647e-02 7.283283e-03
2.300025e-03 1.578901e-03
4.046708e-04 3.056723e-04
5.713306e-05 4.111297e-05
8.028534e-06 4.748134e-06
1.169347e-06 8.642685e-07
1.449401e-07 9.625512e-08
1.817102e-08 1.230728e-08
1.813305e-09 1.353442e-09
1.146009e-10 9.049472e-11
5.423999e-12 4.092726e-12
3.649347e-13 3.410605e-13
2.125944e-13 1.136868e-13
1.432454e-13 1.136868e-13
1.432454e-13 1.136868e-13
1.386979e-13 1.136868e-13
1.318767e-13 1.136868e-13
1.216449e-13 1.136868e-13
1.193712e-13 1.136868e-13
1.239187e-13 1.136868e-13
1.227818e-13 1.136868e-13
1.239187e-13 1.136868e-13
1.216449e-13 1.136868e-13
1.398348e-13 1.136868e-13
1.318767e-13 1.136868e-13
1.284661e-13 1.136868e-13
1.216449e-13 1.136868e-13
1.239187e-13 1.136868e-13
1.318767e-13 1.136868e-13
1.421085e-13 1.136868e-13
1.261924e-13 1.136868e-13
1.398348e-13 1.136868e-13
1.330136e-13 1.136868e-13
1.284661e-13 1.136868e-13
1.364242e-13 1.136868e-13
1.273293e-13 1.136868e-13
1.250555e-13 1.136868e-13
1.205080e-13 1.136868e-13
1.364242e-13 1.136868e-13
1.534772e-13 1.136868e-13
1.341505e-13 1.136868e-13
1.421085e-13 1.136868e-13
1.193712e-13 1.136868e-13
1.352873e-13 1.136868e-13
1.182343e-13 1.136868e-13
1.432454e-13 1.136868e-13
1.216449e-13 1.136868e-13
1.261924e-13 1.136868e-13
1.250555e-13 1.136868e-13
1.307399e-13 1.136868e-13
1.250555e-13 1.136868e-13
1.432454e-13 1.136868e-13
1.250555e-13 1.136868e-13
1.216449e-13 1.136868e-13
1.227818e-13 1.136868e-13
1.364242e-13 1.136868e-13
1.512035e-13 1.136868e-13
1.614353e-13 1.136868e-13
1.398348e-13 1.136868e-13
1.250555e-13 1.136868e-13
1.182343e-13 1.136868e-13
1.466560e-13 1.136868e-13
1.341505e-13 1.136868e-13
1.318767e-13 1.136868e-13
1.250555e-13 1.136868e-13
1.489298e-13 1.136868e-13
1.546141e-13 1.136868e-13
1.477929e-13 1.136868e-13
1.261924e-13 1.136868e-13
1.318767e-13 1.136868e-13
2.498008e+03 2.061624e+03
1.006565e+03 8.878094e+02
7.896305e+02 6.856614e+02
6.669937e+02 5.418603e+02
5.636373e+02 4.476444e+02
4.951571e+02 3.573351e+02
3.999121e+02 3.047541e+02
3.345544e+02 2.666358e+02
3.056503e+02 2.077215e+02
2.783640e+02 1.813233e+02
2.442586e+02 1.604926e+02
2.216296e+02 1.389814e+02
1.895954e+02 1.165357e+02
1.744242e+02 1.005507e+02
1.463774e+02 7.870303e+01
1.143726e+02 7.231085e+01
1.059301e+02 6.434778e+01
1.169597e+02 5.582576e+01
9.577295e+01 4.266655e+01
7.315988e+01 3.733916e+01
7.179254e+01 2.953920e+01
6.813703e+01 2.658110e+01
5.236077e+01 2.083967e+01
2.915829e+01 1.676158e+01
2.807090e+01 1.082235e+01
2.907592e+01 8.291714e+00
1.436192e+01 3.994821e+00
1.102539e+01 2.211022e+00
5.578264e+00 1.120663e+00
5.636582e-01 4.133324e-01
1.650204e-01 1.257484e-01
3.802506e-02 2.696984e-02
6.768673e-03 4.532300e-03
1.006306e-03 7.935472e-04
1.168460e-04 8.318661e-05
1.073728e-05 7.975943e-06
9.451021e-07 6.740236e-07
7.770789e-08 5.545076e-08
7.051730e-09 5.708785e-09
5.452614e-10 3.994955e-10
2.256456e-11 1.614353e-11
6.855316e-13 5.684342e-13
2.341949e-13 2.273737e-13
2.330580e-13 1.136868e-13
1.512035e-13 1.136868e-13
1.398348e-13 1.136868e-13
1.352873e-13 1.136868e-13
1.250555e-13 1.136868e-13
1.375611e-13 1.136868e-13
1.216449e-13 1.136868e-13
1.227818e-13 1.136868e-13
1.284661e-13 1.136868e-13
1.375611e-13 1.136868e-13
1.364242e-13 1.136868e-13
1.284661e-13 1.136868e-13
1.239187e-13 1.136868e-13
1.409717e-13 1.136868e-13
1.364242e-13 1.136868e-13
1.193712e-13 1.136868e-13
1.284661e-13 1.136868e-13
1.455192e-13 1.136868e-13
1.296030e-13 1.136868e-13
1.205080e-13 1.136868e-13
1.512035e-13 1.136868e-13
1.239187e-13 1.136868e-13
1.375611e-13 1.136868e-13
1.296030e-13 1.136868e-13
1.432454e-13 1.136868e-13
1.477929e-13 1.136868e-13
1.216449e-13 1.136868e-13
1.330136e-13 1.136868e-13
1.284661e-13 1.136868e-13
1.546141e-13 1.136868e-13
1.273293e-13 1.136868e-13
1.409717e-13 1.136868e-13
1.546141e-13 1.136868e-13
1.364242e-13 1.136868e-13
1.352873e-13 1.136868e-13
1.466560e-13 1.136868e-13
1.227818e-13 1.136868e-13
1.386979e-13 1.136868e-13
1.477929e-13 1.136868e-13
1.136868e-13 1.136868e-13
1.296030e-13 1.136868e-13
1.398348e-13 1.136868e-13
1.284661e-13 1.136868e-13
1.216449e-13 1.136868e-13
1.409717e-13 1.136868e-13
1.489298e-13 1.136868e-13
1.250555e-13 1.136868e-13
1.477929e-13 1.136868e-13
1.273293e-13 1.136868e-13
1.205080e-13 1.136868e-13
1.182343e-13 1.136868e-13
1.443823e-13 1.136868e-13
1.432454e-13 1.136868e-13
1.307399e-13 1.136868e-13
1.489298e-13 1.136868e-13
1.284661e-13 1.136868e-13
1.284661e-13 1.136868e-13
1.250555e-13 1.136868e-13
2.473542e+03 1.996395e+03
1.008240e+03 9.168466e+02
8.026530e+02 6.955130e+02
6.680798e+02 5.409179e+02
5.570991e+02 4.479381e+02
4.959425e+02 3.789622e+02
4.259541e+02 3.214894e+02
3.699955e+02 2.611850e+02
3.197410e+02 2.134664e+02
2.644156e+02 1.691794e+02
2.334165e+02 1.522240e+02
1.996105e+02 1.311844e+02
1.658771e+02 1.065990e+02
1.839927e+02 9.984201e+01
1.513672e+02 8.411821e+01
1.264249e+02 6.555514e+01
1.041568e+02 6.101523e+01
1.089987e+02 5.377477e+01
8.883632e+01 4.134899e+01
7.145733e+01 3.687523e+01
7.468483e+01 3.003779e+01
6.538824e+01 2.277074e+01
4.539210e+01 1.849678e+01
3.452998e+01 1.343966e+01
2.737690e+01 9.278975e+00
2.630837e+01 6.032312e+00
1.356196e+01 3.099177e+00
3.873469e+00 1.557214e+00
8.695242e-01 5.339405e-01
1.844893e-01 1.240293e-01
3.683645e-02 2.836379e-02
5.397552e-03 4.098034e-03
8.651349e-04 5.952365e-04
1.075035e-04 8.372787e-05
1.231338e-05 9.147320e-06
9.316005e-07 7.629063e-07
5.126507e-08 3.675666e-08
1.819667e-09 1.216790e-09
7.653284e-11 6.252776e-11
2.148681e-12 1.705303e-12
2.989964e-13 2.273737e-13
2.057732e-13 1.136868e-13
1.318767e-13 1.136868e-13
1.261924e-13 1.136868e-13
1.227818e-13 1.136868e-13
1.261924e-13 1.136868e-13
1.352873e-13 1.136868e-13
1.261924e-13 1.136868e-13
1.432454e-13 1.136868e-13
1.341505e-13 1.136868e-13
1.284661e-13 1.136868e-13
1.296030e-13 1.136868e-13
1.296030e-13 1.136868e-13
1.318767e-13 1.136868e-13
1.250555e-13 1.136868e-13
1.386979e-13 1.136868e-13
1.227818e-13 1.136868e-13
1.170974e-13 1.136868e-13
1.398348e-13 1.136868e-13
1.330136e-13 1.136868e-13
1.193712e-13 1.136868e-13
1.273293e-13 1.136868e-13
1.239187e-13 1.136868e-13
1.250555e-13 1.136868e-13
1.477929e-13 1.136868e-13
1.409717e-13 1.136868e-13
1.205080e-13 1.136868e-13
1.239187e-13 1.136868e-13
1.205080e-13 1.136868e-13
1.205080e-13 1.136868e-13
1.477929e-13 1.136868e-13
1.250555e-13 1.136868e-13
1.273293e-13 1.136868e-13
1.261924e-13 1.136868e-13
1.307399e-13 1.136868e-13
1.227818e-13 1.136868e-13
1.182343e-13 1.136868e-13
1.330136e-13 1.136868e-13
1.443823e-13 1.136868e-13
1.170974e-13 1.136868e-13
1.284661e-13 1.136868e-13
1.557510e-13 1.136868e-13
1.477929e-13 1.136868e-13
1.534772e-13 1.136868e-13
1.386979e-13 1.136868e-13
1.307399e-13 1.136868e-13
1.216449e-13 1.136868e-13
1.170974e-13 1.136868e-13
1.250555e-13 1.136868e-13
1.500666e-13 1.136868e-13
1.261924e-13 1.136868e-13
1.182343e-13 1.136868e-13
1.466560e-13 1.136868e-13
1.284661e-13 1.136868e-13
1.261924e-13 1.136868e-13
1.261924e-13 1.136868e-13
1.307399e-13 1.136868e-13
1.432454e-13 1.136868e-13
1.239187e-13 1.136868e-13
1.466560e-13 1.136868e-13
1.239187e-13 1.136868e-13
2.490510e+03 2.088252e+03
9.674795e+02 8.361908e+02
7.659718e+02 6.742731e+02
6.373927e+02 5.236998e+02
5.299702e+02 3.901542e+02
4.723559e+02 3.394882e+02
3.933378e+02 2.936899e+02
3.430185e+02 2.465199e+02
2.885329e+02 2.106586e+02
2.655853e+02 1.694180e+02
2.168447e+02 1.498318e+02
1.927163e+02 1.311586e+02
1.493704e+02 1.087072e+02
1.442078e+02 9.222823e+01
1.259468e+02 7.733151e+01
1.215724e+02 6.240812e+01
1.089805e+02 5.583486e+01
8.554252e+01 4.799758e+01
8.722140e+01 4.275474e+01
8.083490e+01 3.394078e+01
8.126180e+01 2.865334e+01
4.530975e+01 2.252947e+01
5.365419e+01 1.758104e+01
3.934385e+01 1.414174e+01
3.411840e+01 8.524140e+00
2.946321e+01 6.224354e+00
1.527829e+01 4.220942e+00
4.223746e+00 1.964440e+00
1.824138e+00 7.851368e-01
3.936781e-01 2.843850e-01
1.157386e-01 8.034962e-02
2.742271e-02 1.614143e-02
6.077091e-03 4.234809e-03
1.197188e-03 9.560521e-04
1.871805e-04 1.333270e-04
2.735960e-05 1.907932e-05
3.799354e-06 2.783425e-06
4.482719e-07 3.346269e-07
4.072424e-08 3.060268e-08
3.304768e-09 2.492015e-09
2.152797e-10 1.336957e-10
1.291596e-11 1.023182e-11
5.616130e-13 3.410605e-13
2.387424e-13 2.273737e-13
2.000888e-13 1.136868e-13
1.296030e-13 1.136868e-13
1.273293e-13 1.136868e-13
1.261924e-13 1.136868e-13
1.170974e-13 1.136868e-13
1.330136e-13 1.136868e-13
1.284661e-13 1.136868e-13
1.239187e-13 1.136868e-13
1.193712e-13 1.136868e-13
1.455192e-13 1.136868e-13
1.330136e-13 1.136868e-13
1.466560e-13 1.136868e-13
1.182343e-13 1.136868e-13
1.409717e-13 1.136868e-13
1.227818e-13 1.136868e-13
1.318767e-13 1.136868e-13
1.273293e-13 1.136868e-13
1.398348e-13 1.136868e-13
1.375611e-13 1.136868e-13
1.398348e-13 1.136868e-13
1.227818e-13 1.136868e-13
1.352873e-13 1.136868e-13
1.318767e-13 1.136868e-13
1.159606e-13 1.136868e-13
1.296030e-13 1.136868e-13
1.307399e-13 1.136868e-13
1.284661e-13 1.136868e-13
1.182343e-13 1.136868e-13
1.239187e-13 1.136868e-13
1.205080e-13 1.136868e-13
1.330136e-13 1.136868e-13
1.330136e-13 1.136868e-13
1.307399e-13 1.136868e-13
1.330136e-13 1.136868e-13
1.375611e-13 1.136868e-13
1.205080e-13 1.136868e-13
1.205080e-13 1.136868e-13
1.375611e-13 1.136868e-13
1.455192e-13 1.136868e-13
1.386979e-13 1.136868e-13
1.284661e-13 1.136868e-13
1.250555e-13 1.136868e-13
1.443823e-13 1.136868e-13
1.250555e-13 1.136868e-13
1.193712e-13 1.136868e-13
1.284661e-13 1.136868e-13
1.227818e-13 1.136868e-13
1.216449e-13 1.136868e-13
1.205080e-13 1.136868e-13
1.375611e-13 1.136868e-13
1.193712e-13 1.136868e-13
1.273293e-13 1.136868e-13
1.352873e-13 1.136868e-13
1.386979e-13 1.136868e-13
1.273293e-13 1.136868e-13
1.239187e-13 1.136868e-13
1.227818e-13 1.136868e-13
2.496055e+03 2.172542e+03
1.020246e+03 9.274554e+02
8.163971e+02 6.940788e+02
6.709162e+02 5.198803e+02
5.655330e+02 4.146931e+02
4.653092e+02 3.596089e+02
3.925918e+02 3.113942e+02
3.563459e+02 2.634530e+02
3.115948e+02 2.225936e+02
2.659639e+02 1.894308e+02
2.812460e+02 1.657175e+02
2.156026e+02 1.281980e+02
1.735662e+02 1.066221e+02
1.912738e+02 8.570096e+01
1.422053e+02 7.998740e+01
1.054459e+02 7.258563e+01
1.069589e+02 5.497175e+01
8.049730e+01 4.658244e+01
7.638082e+01 3.973274e+01
8.747243e+01 3.523362e+01
7.021197e+01 3.094800e+01
5.004207e+01 2.533929e+01
5.256958e+01 2.100082e+01
4.242058e+01 1.543068e+01
2.617832e+01 1.167027e+01
2.430591e+01 6.739997e+00
1.852205e+01 4.558240e+00
1.282990e+01 2.158749e+00
3.945563e+00 8.515699e-01
5.131892e-01 3.275572e-01
1.224755e-01 8.213138e-02
2.105746e-02 1.455827e-02
3.881103e-03 2.832083e-03
5.657667e-04 4.271239e-04
6.042641e-05 4.172843e-05
4.772554e-06 3.595408e-06
2.508696e-07 2.014139e-07
9.449535e-09 7.596327e-09
4.172887e-10 3.245759e-10
1.578996e-11 1.216449e-11
6.434675e-13 4.547474e-13
2.319211e-13 2.273737e-13
2.103206e-13 1.136868e-13
1.341505e-13 1.136868e-13
1.273293e-13 1.136868e-13
1.364242e-13 1.136868e-13
1.216449e-13 1.136868e-13
1.205080e-13 1.136868e-13
1.250555e-13 1.136868e-13
1.352873e-13 1.136868e-13
1.341505e-13 1.136868e-13
1.318767e-13 1.136868e-13
1.170974e-13 1.136868e-13
1.421085e-13 1.136868e-13
1.182343e-13 1.136868e-13
1.296030e-13 1.136868e-13
1.432454e-13 1.136868e-13
1.432454e-13 1.136868e-13
1.159606e-13 1.136868e-13
1.193712e-13 1.136868e-13
1.386979e-13 1.136868e-13
1.386979e-13 1.136868e-13
1.375611e-13 1.136868e-13
1.375611e-13 1.136868e-13
1.375611e-13 1.136868e-13
1.193712e-13 1.136868e-13
1.432454e-13 1.136868e-13
1.239187e-13 1.136868e-13
1.512035e-13 1.136868e-13
1.261924e-13 1.136868e-13
1.398348e-13 1.136868e-13
1.307399e-13 1.136868e-13
1.227818e-13 1.136868e-13
1.239187e-13 1.136868e-13
1.318767e-13 1.136868e-13
1.489298e-13 1.136868e-13
1.489298e-13 1.136868e-13
1.261924e-13 1.136868e-13
1.284661e-13 1.136868e-13
1.250555e-13 1.136868e-13
1.239187e-13 1.136868e-13
1.330136e-13 1.136868e-13
1.182343e-13 1.136868e-13
1.318767e-13 1.136868e-13
1.330136e-13 1.136868e-13
1.341505e-13 1.136868e-13
1.432454e-13 1.136868e-13
1.409717e-13 1.136868e-13
1.261924e-13 1.136868e-13
1.341505e-13 1.136868e-13
1.489298e-13 1.136868e-13
1.296030e-13 1.136868e-13
1.318767e-13 1.136868e-13
1.239187e-13 1.136868e-13
1.432454e-13 1.136868e-13
1.421085e-13 1.136868e-13
1.455192e-13 1.136868e-13
1.284661e-13 1.136868e-13
1.296030e-13 1.136868e-13
1.239187e-13 1.136868e-13
1.409717e-13 1.136868e-13
2.477284e+03 2.202191e+03
1.022726e+03 9.164209e+02
8.253335e+02 7.194666e+02
6.833468e+02 5.926640e+02
5.569289e+02 4.357571e+02
4.898479e+02 3.688893e+02
4.122950e+02 2.978490e+02
3.680599e+02 2.289097e+02
2.930320e+02 1.989665e+02
2.409326e+02 1.749020e+02
2.419322e+02 1.480236e+02
2.070751e+02 1.255700e+02
1.694722e+02 1.114645e+02
1.347334e+02 9.459955e+01
1.411838e+02 8.136685e+01
1.468740e+02 6.751459e+01
1.174882e+02 5.962533e+01
8.648574e+01 5.252874e+01
9.457984e+01 4.220549e+01
8.012489e+01 3.616034e+01
5.737585e+01 2.689888e+01
5.763228e+01 2.232364e+01
3.959311e+01 1.827692e+01
3.969431e+01 1.373942e+01
4.166679e+01 9.092194e+00
2.157346e+01 5.747274e+00
1.019730e+01 3.315295e+00
6.046526e+00 1.665049e+00
9.741232e-01 5.994974e-01
2.708210e-01 1.974932e-01
8.180828e-02 5.716979e-02
2.414923e-02 1.614018e-02
6.171009e-03 4.388961e-03
1.561332e-03 1.117900e-03
3.940600e-04 2.676388e-04
7.730085e-05 5.623194e-05
1.201096e-05 8.119077e-06
1.330675e-06 9.579568e-07
1.099702e-07 7.536153e-08
8.664720e-09 6.727760e-09
5.352092e-10 4.424692e-10
2.470188e-11 1.830358e-11
8.526513e-13 5.684342e-13
2.455636e-13 2.273737e-13
1.853095e-13 1.136868e-13
1.386979e-13 1.136868e-13
1.375611e-13 1.136868e-13
1.250555e-13 1.136868e-13
1.318767e-13 1.136868e-13
1.364242e-13 1.136868e-13
1.261924e-13 1.136868e-13
1.193712e-13 1.136868e-13
1.364242e-13 1.136868e-13
1.261924e-13 1.136868e-13
1.432454e-13 1.136868e-13
1.352873e-13 1.136868e-13
1.398348e-13 1.136868e-13
1.318767e-13 1.136868e-13
1.205080e-13 1.136868e-13
1.170974e-13 1.136868e-13
1.261924e-13 1.136868e-13
1.341505e-13 1.136868e-13
1.273293e-13 1.136868e-13
1.352873e-13 1.136868e-13
1.386979e-13 1.136868e-13
1.296030e-13 1.136868e-13
1.239187e-13 1.136868e-13
1.273293e-13 1.136868e-13
1.307399e-13 1.136868e-13
1.261924e-13 1.136868e-13
1.273293e-13 1.136868e-13
1.352873e-13 1.136868e-13
1.307399e-13 1.136868e-13
1.239187e-13 1.136868e-13
1.261924e-13 1.136868e-13
1.182343e-13 1.136868e-13
1.409717e-13 1.136868e-13
1.318767e-13 1.136868e-13
1.375611e-13 1.136868e-13
1.352873e-13 1.136868e-13
1.193712e-13 1.136868e-13
1.182343e-13 1.136868e-13
1.227818e-13 1.136868e-13
1.318767e-13 1.136868e-13
1.421085e-13 1.136868e-13
1.296030e-13 1.136868e-13
1.421085e-13 1.136868e-13
1.307399e-13 1.136868e-13
1.284661e-13 1.136868e-13
1.455192e-13 1.136868e-13
1.239187e-13 1.136868e-13
1.375611e-13 1.136868e-13
1.421085e-13 1.136868e-13
1.261924e-13 1.136868e-13
1.250555e-13 1.136868e-13
1.193712e-13 1.136868e-13
1.421085e-13 1.136868e-13
1.421085e-13 1.136868e-13
1.193712e-13 1.136868e-13
1.421085e-13 1.136868e-13
1.296030e-13 1.136868e-13
2.503829e+03 2.069226e+03
1.022318e+03 8.786414e+02
8.083529e+02 6.411613e+02
6.739099e+02 5.255454e+02
5.635939e+02 4.414052e+02
4.648437e+02 3.764865e+02
3.951163e+02 2.912718e+02
3.740263e+02 2.414552e+02
2.925189e+02 1.990033e+02
2.640409e+02 1.797640e+02
2.243574e+02 1.401793e+02
1.976743e+02 1.217570e+02
1.961049e+02 1.072339e+02
1.712828e+02 9.889143e+01
1.331466e+02 8.463832e+01
1.320119e+02 7.326841e+01
1.096784e+02 6.072305e+01
1.150600e+02 5.322715e+01
9.239966e+01 4.219726e+01
8.642532e+01 3.644169e+01
9.742617e+01 2.934194e+01
6.120459e+01 2.373793e+01
4.635511e+01 2.116064e+01
2.947146e+01 1.435937e+01
3.643849e+01 1.043855e+01
3.534063e+01 5.953703e+00
1.341493e+01 3.881054e+00
8.766616e+00 1.881898e+00
2.849037e+00 8.971995e-01
4.082750e-01 3.152975e-01
9.538419e-02 6.818480e-02
2.148708e-02 1.656774e-02
4.161589e-03 2.965084e-03
8.535786e-04 5.962853e-04
1.769209e-04 1.326980e-04
3.167940e-05 2.388722e-05
4.324546e-06 2.686792e-06
5.377799e-07 3.909008e-07
6.549675e-08 4.789160e-08
8.333938e-09 6.434561e-09
9.166399e-10 5.246648e-10
7.748781e-11 5.627498e-11
4.331469e-12 3.183231e-12
3.683454e-13 2.273737e-13
2.341949e-13 1.136868e-13
1.477929e-13 1.136868e-13
1.296030e-13 1.136868e-13
1.330136e-13 1.136868e-13
1.227818e-13 1.136868e-13
1.307399e-13 1.136868e-13
1.250555e-13 1.136868e-13
1.239187e-13 1.136868e-13
1.443823e-13 1.136868e-13
1.284661e-13 1.136868e-13
1.193712e-13 1.136868e-13
1.318767e-13 1.136868e-13
1.205080e-13 1.136868e-13
1.216449e-13 1.136868e-13
1.398348e-13 1.136868e-13
1.273293e-13 1.136868e-13
1.227818e-13 1.136868e-13
1.318767e-13 1.136868e-13
1.216449e-13 1.136868e-13
1.193712e-13 1.136868e-13
1.409717e-13 1.136868e-13
1.386979e-13 1.136868e-13
1.159606e-13 1.136868e-13
1.352873e-13 1.136868e-13
1.227818e-13 1.136868e-13
1.193712e-13 1.136868e-13
1.193712e-13 1.136868e-13
1.318767e-13 1.136868e-13
1.239187e-13 1.136868e-13
1.261924e-13 1.136868e-13
1.341505e-13 1.136868e-13
1.216449e-13 1.136868e-13
1.216449e-13 1.136868e-13
1.455192e-13 1.136868e-13
1.512035e-13 1.136868e-13
1.296030e-13 1.136868e-13
1.341505e-13 1.136868e-13
1.398348e-13 1.136868e-13
1.341505e-13 1.136868e-13
1.296030e-13 1.136868e-13
1.182343e-13 1.136868e-13
1.500666e-13 1.136868e-13
1.318767e-13 1.136868e-13
1.318767e-13 1.136868e-13
1.318767e-13 1.136868e-13
1.421085e-13 1.136868e-13
1.489298e-13 1.136868e-13
1.273293e-13 1.136868e-13
1.284661e-13 1.136868e-13
1.375611e-13 1.136868e-13
1.136868e-13 0.000000e+00
1.216449e-13 0.000000e+00
1.102762e-13 0.000000e+00
1.330136e-13 0.000000e+00
1.148237e-13 0.000000e+00
1.148237e-13 0.000000e+00
1.318767e-13 0.000000e+00
2.482158e+03 2.094579e+03
1.008628e+03 9.150148e+02
8.058989e+02 7.072226e+02
6.571328e+02 5.333673e+02
5.585542e+02 4.491519e+02
4.724190e+02 3.437889e+02
3.834538e+02 2.871835e+02
3.360663e+02 2.301598e+02
2.746573e+02 1.933220e+02
2.532527e+02 1.670708e+02
2.181215e+02 1.485204e+02
2.108046e+02 1.187793e+02
1.726653e+02 1.054062e+02
1.346855e+02 8.600569e+01
1.108838e+02 7.803128e+01
1.093026e+02 6.355031e+01
1.050432e+02 5.678974e+01
1.071280e+02 4.812164e+01
9.711104e+01 3.815101e+01
7.099200e+01 3.014515e+01
5.138414e+01 2.859024e+01
7.045784e+01 2.403724e+01
6.314679e+01 1.691932e+01
3.383153e+01 1.147210e+01
2.136682e+01 8.307553e+00
1.858363e+01 4.985088e+00
6.927089e+00 2.563978e+00
5.045314e+00 1.160530e+00
9.908393e-01 4.809437e-01
1.941571e-01 1.340057e-01
3.092339e-02 2.110067e-02
4.416539e-03 3.499404e-03
4.658924e-04 3.014670e-04
5.254658e-05 3.852650e-05
6.571072e-06 4.678955e-06
6.777327e-07 5.244176e-07
5.794289e-08 4.435503e-08
4.394565e-09 3.253490e-09
4.053209e-10 2.970637e-10
3.606942e-11 2.671641e-11
1.572289e-12 1.250555e-12
2.876277e-13 2.273737e-13
2.160050e-13 1.136868e-13
1.443823e-13 1.136868e-13
1.386979e-13 1.136868e-13
1.307399e-13 1.136868e-13
1.227818e-13 1.136868e-13
1.432454e-13 1.136868e-13
1.273293e-13 1.136868e-13
1.296030e-13 1.136868e-13
1.421085e-13 1.136868e-13
1.352873e-13 1.136868e-13
1.341505e-13 1.136868e-13
1.261924e-13 1.136868e-13
1.250555e-13 1.136868e-13
1.330136e-13 1.136868e-13
1.341505e-13 1.136868e-13
1.432454e-13 1.136868e-13
1.284661e-13 1.136868e-13
1.364242e-13 1.136868e-13
1.455192e-13 1.136868e-13
1.375611e-13 1.136868e-13
1.239187e-13 1.136868e-13
1.318767e-13 1.136868e-13
1.409717e-13 1.136868e-13
1.341505e-13 1.136868e-13
1.398348e-13 1.136868e-13
1.273293e-13 1.136868e-13
1.477929e-13 1.136868e-13
1.432454e-13 1.136868e-13
1.432454e-13 1.136868e-13
1.375611e-13 1.136868e-13
1.466560e-13 1.136868e-13
1.477929e-13 1.136868e-13
1.239187e-13 1.136868e-13
1.307399e-13 1.136868e-13
1.466560e-13 1.136868e-13
1.455192e-13 1.136868e-13
1.500666e-13 1.136868e-13
1.330136e-13 1.136868e-13
1.284661e-13 1.136868e-13
1.580247e-13 1.136868e-13
1.421085e-13 1.136868e-13
1.284661e-13 1.136868e-13
1.386979e-13 1.136868e-13
1.512035e-13 1.136868e-13
1.273293e-13 1.136868e-13
1.398348e-13 1.136868e-13
1.421085e-13 1.136868e-13
1.512035e-13 1.136868e-13
1.443823e-13 1.136868e-13
1.421085e-13 1.136868e-13
1.364242e-13 1.136868e-13
1.443823e-13 1.136868e-13
1.352873e-13 1.136868e-13
1.318767e-13 1.136868e-13
1.432454e-13 1.136868e-13
1.318767e-13 1.136868e-13
1.443823e-13 1.136868e-13
1.193712e-13 1.136868e-13
1.364242e-13 1.136868e-13
2.509344e+03 2.026943e+03
1.019946e+03 9.185565e+02
8.093326e+02 6.588866e+02
6.587423e+02 5.318444e+02
5.493663e+02 4.121293e+02
4.716127e+02 3.651127e+02
3.783979e+02 2.972922e+02
3.309957e+02 2.382213e+02
2.863690e+02 2.152380e+02
2.463840e+02 1.724737e+02
2.172030e+02 1.418265e+02
2.005909e+02 1.208795e+02
1.759063e+02 1.058288e+02
1.367142e+02 8.811301e+01
1.490021e+02 7.833733e+01
1.186076e+02 6.863073e+01
1.022182e+02 5.735719e+01
8.852940e+01 4.805694e+01
7.520081e+01 4.073849e+01
7.897506e+01 3.413264e+01
8.289715e+01 2.515238e+01
5.899476e+01 1.951547e+01
3.625715e+01 1.632237e+01
3.406299e+01 1.193563e+01
3.490880e+01 8.445497e+00
1.744521e+01 5.047974e+00
1.186136e+01 2.193458e+00
3.539248e+00 1.026476e+00
8.302942e-01 4.100153e-01
1.789052e-01 1.282935e-01
4.294051e-02 3.064668e-02
7.422049e-03 5.896271e-03
9.286215e-04 7.672461e-04
5.646368e-05 3.679807e-05
2.546621e-06 1.820021e-06
1.140685e-07 8.934217e-08
3.478168e-09 2.809429e-09
9.420091e-11 6.878054e-11
2.146407e-12 1.477929e-12
3.194600e-13 2.273737e-13
2.296474e-13 1.136868e-13
1.512035e-13 1.136868e-13
1.443823e-13 1.136868e-13
1.352873e-13 1.136868e-13
1.364242e-13 1.136868e-13
1.307399e-13 1.136868e-13
1.261924e-13 1.136868e-13
1.170974e-13 1.136868e-13
1.341505e-13 1.136868e-13
1.205080e-13 1.136868e-13
1.216449e-13 1.136868e-13
1.284661e-13 1.136868e-13
1.205080e-13 1.136868e-13
1.307399e-13 1.136868e-13
1.330136e-13 1.136868e-13
1.170974e-13 1.136868e-13
1.261924e-13 1.136868e-13
1.193712e-13 1.136868e-13
1.409717e-13 1.136868e-13
1.216449e-13 1.136868e-13
1.443823e-13 1.136868e-13
1.261924e-13 1.136868e-13
1.227818e-13 1.136868e-13
1.318767e-13 1.136868e-13
1.239187e-13 1.136868e-13
1.296030e-13 1.136868e-13
1.227818e-13 1.136868e-13
1.409717e-13 1.136868e-13
1.455192e-13 1.136868e-13
1.455192e-13 1.136868e-13
1.386979e-13 1.136868e-13
1.205080e-13 1.136868e-13
1.216449e-13 1.136868e-13
1.182343e-13 1.136868e-13
1.477929e-13 1.136868e-13
1.386979e-13 1.136868e-13
1.170974e-13 1.136868e-13
1.432454e-13 1.136868e-13
1.307399e-13 1.136868e-13
1.443823e-13 1.136868e-13
1.296030e-13 1.136868e-13
1.307399e-13 1.136868e-13
1.205080e-13 1.136868e-13
1.330136e-13 1.136868e-13
1.398348e-13 1.136868e-13
1.500666e-13 1.136868e-13
1.284661e-13 1.136868e-13
1.375611e-13 1.136868e-13
1.432454e-13 1.136868e-13
1.443823e-13 1.136868e-13
1.375611e-13 1.136868e-13
1.296030e-13 1.136868e-13
1.375611e-13 1.136868e-13
1.239187e-13 1.136868e-13
1.398348e-13 1.136868e-13
1.239187e-13 1.136868e-13
1.375611e-13 1.136868e-13
1.284661e-13 1.136868e-13
1.443823e-13 1.136868e-13
1.273293e-13 1.136868e-13
1.443823e-13 1.136868e-13
2.478233e+03 1.936269e+03
9.953411e+02 8.796050e+02
8.048547e+02 6.636855e+02
6.637501e+02 5.346105e+02
5.571465e+02 4.381046e+02
4.553297e+02 3.465246e+02
3.743764e+02 2.909472e+02
3.282712e+02 2.339687e+02
2.825300e+02 1.987078e+02
2.334133e+02 1.698876e+02
2.230760e+02 1.345136e+02
1.741057e+02 1.211861e+02
1.579898e+02 1.031176e+02
1.486705e+02 8.300425e+01
1.172738e+02 7.263234e+01
1.154687e+02 6.033535e+01
1.142714e+02 5.227241e+01
1.262997e+02 4.416793e+01
7.301678e+01 4.074649e+01
7.083301e+01 3.225471e+01
4.781379e+01 2.643871e+01
7.166296e+01 2.061978e+01
6.285650e+01 1.699181e+01
4.345996e+01 1.314258e+01
3.157688e+01 8.968494e+00
2.059046e+01 5.631101e+00
1.033668e+01 3.092771e+00
6.017288e+00 1.268800e+00
1.513319e+00 5.335223e-01
2.703643e-01 1.829708e-01
6.610681e-02 4.639616e-02
1.360806e-02 1.095449e-02
2.858896e-03 2.057477e-03
4.617241e-04 3.081279e-04
6.762850e-05 5.153538e-05
9.436260e-06 6.702426e-06
8.487027e-07 5.561217e-07
6.389408e-08 4.695471e-08
5.055651e-09 3.891728e-09
3.439879e-10 2.610250e-10
1.216222e-11 8.299139e-12
4.604317e-13 3.410605e-13
2.273737e-13 1.136868e-13
1.534772e-13 1.136868e-13
1.364242e-13 1.136868e-13
1.296030e-13 1.136868e-13
1.239187e-13 1.136868e-13
1.250555e-13 1.136868e-13
1.284661e-13 1.136868e-13
1.261924e-13 1.136868e-13
1.250555e-13 1.136868e-13
1.182343e-13 1.136868e-13
1.170974e-13 1.136868e-13
1.296030e-13 1.136868e-13
1.330136e-13 1.136868e-13
1.318767e-13 1.136868e-13
1.398348e-13 1.136868e-13
1.216449e-13 1.136868e-13
1.261924e-13 1.136868e-13
1.182343e-13 1.136868e-13
1.477929e-13 1.136868e-13
1.239187e-13 1.136868e-13
1.284661e-13 1.136868e-13
1.318767e-13 1.136868e-13
1.523404e-13 1.136868e-13
1.307399e-13 1.136868e-13
1.205080e-13 1.136868e-13
1.307399e-13 1.136868e-13
1.216449e-13 1.136868e-13
1.352873e-13 1.136868e-13
1.375611e-13 1.136868e-13
1.284661e-13 1.136868e-13
1.341505e-13 1.136868e-13
1.216449e-13 1.136868e-13
1.443823e-13 1.136868e-13
1.352873e-13 1.136868e-13
1.307399e-13 1.136868e-13
1.250555e-13 1.136868e-13
1.216449e-13 1.136868e-13
1.261924e-13 1.136868e-13
1.250555e-13 1.136868e-13
1.261924e-13 1.136868e-13
1.489298e-13 1.136868e-13
1.273293e-13 1.136868e-13
1.341505e-13 1.136868e-13
1.296030e-13 1.136868e-13
1.273293e-13 1.136868e-13
1.216449e-13 1.136868e-13
1.239187e-13 1.136868e-13
1.193712e-13 1.136868e-13
1.227818e-13 1.136868e-13
1.205080e-13 1.136868e-13
1.284661e-13 1.136868e-13
1.307399e-13 1.136868e-13
1.296030e-13 1.136868e-13
1.284661e-13 1.136868e-13
1.534772e-13 1.136868e-13
1.398348e-13 1.136868e-13
1.261924e-13 1.136868e-13
1.273293e-13 1.136868e-13
1.432454e-13 1.136868e-13
