1970.60014270 1767.82137702 1525.42145749 1221.45264204 1366.89032902 1077.40284741 1802.26998122 828.52732725 2159.21093764 1642.17149860 2353.68788277 1720.65332855 857.87666480 2228.64869928 1720.08008533 1284.25975998 929.32918098 1953.59064143 2316.08041791 2012.71138632 2282.06698552 1205.32689647 919.46655624 1593.17676787 1487.41631153 1313.26397579 1205.08453843 2216.62465775 1772.63121676 1018.94673205 
885.80066925 763.38821092 676.20157037 755.93004374 711.46374529 717.14238482 703.56770898 609.62838711 686.15566107 749.20118818 776.07789889 858.64131523 594.86585509 818.59561125 859.24536707 785.38961670 644.64007715 873.07282196 737.74011687 781.68512845 845.38806080 751.24011554 612.14187633 726.60371781 874.72184555 783.83165761 745.89613759 1209.55463667 866.66591335 654.09746060 
544.76599547 607.68671549 508.27286968 543.17979071 560.95056097 599.40991384 507.98071607 522.64832340 520.19415118 533.02191577 597.89331011 542.53938676 496.94260258 551.12321167 568.04224395 562.62162893 515.05223525 650.71650460 518.57628822 564.29954032 533.73725070 517.47321238 514.17566198 530.95792056 499.26550323 559.57966059 507.90146680 588.39240627 564.50515846 518.47457925 
451.81447209 509.35941558 444.98874434 493.26163568 488.62931623 521.83132353 472.22195006 457.44910748 470.24064921 460.25099321 493.88317164 431.66161689 477.58442705 499.93226138 500.38305440 438.87530721 463.32706709 509.55215302 485.70900428 497.56626791 447.42950821 430.31718711 456.35151674 486.35968660 418.26684346 509.26157399 445.20103729 511.30701509 489.32209786 490.70260660 
422.04554011 429.69971018 416.25728639 433.02065502 463.33317573 496.02456528 460.47244488 431.56200965 440.81107334 414.46555392 470.84035092 414.24201698 469.71565239 446.57441625 465.37737712 414.25394548 420.20201564 415.59138976 462.82473841 473.34906146 414.83657458 414.22434358 404.98474649 417.85861454 414.10723835 496.00666571 414.50301753 496.16113529 471.96758519 449.31757410 
412.63044022 414.09929596 414.00424793 414.35240544 414.53497323 494.57842119 414.22276348 414.10253435 414.89512070 413.78476660 414.24732675 414.02145598 469.03072817 414.15907883 460.97496175 413.94493015 415.36653735 413.89904838 422.77756993 436.69199491 414.20771601 413.85187532 399.36040165 413.98034017 413.86578241 494.82607050 413.98931256 464.54638038 463.71395831 414.09820601 
412.30402657 413.77141027 413.74048425 413.80291892 413.68232450 494.13815812 413.70278531 413.79160101 413.78480097 413.69334970 413.69195786 413.87447557 468.54647670 413.78875058 460.50846570 413.71987712 414.57504606 413.70858780 413.76821319 400.00052197 413.86081652 413.67443858 399.12577086 413.73721320 413.78038954 494.39086174 413.84239321 413.91607079 413.90689478 413.67852727 
411.89322349 413.67863240 413.65887841 413.74077024 413.67229546 455.34080791 413.67435395 413.67302304 413.75390788 413.67840357 413.69195786 413.73917969 433.92826124 413.72506616 460.17362726 413.71675623 413.76638039 413.67186794 413.70303484 400.00000000 413.81425310 413.67435395 399.12577084 413.67760843 413.69883486 479.33691117 413.79927748 413.70044473 413.69449480 413.66938926 
410.05566154 413.65733977 413.65733977 413.74012808 413.67229546 413.15822573 413.67435395 413.67229546 413.65733977 413.67435395 413.67435395 413.70332236 413.91216182 413.69427037 415.73556375 413.70946944 413.74409463 413.67186794 413.67841082 400.00000000 413.81419418 413.67435395 399.12577084 413.65733977 413.67572793 420.27131801 413.76362056 413.70044470 413.67676659 413.65733977 
400.07128687 406.11498262 413.65733977 413.65843874 413.67229546 412.01414797 412.80907788 413.67229546 413.65733977 402.43691825 411.21802125 413.70332236 413.65733977 412.87268121 401.78874207 400.12954005 410.37484277 413.65806436 413.67435395 400.00000000 413.67840357 413.67435395 399.12577084 410.21984901 413.66080402 413.65843874 413.74116688 413.67229546 406.80258433 413.65733977 
399.68549068 400.38756329 405.99401480 410.04082904 404.06534903 411.36709696 401.93608589 413.60946504 401.55297494 399.33993518 410.03432315 413.67435395 413.65733977 401.53137972 399.18381405 399.59715948 403.27455133 402.99119550 399.68560761 400.00000000 410.38520734 400.74031825 399.12577084 400.16627407 411.51272377 413.65733977 410.55358678 411.33086679 402.75350954 401.67845937 
399.39856663 399.46615308 399.61483570 399.36979296 399.17346769 399.47564176 399.29222248 399.10733508 399.29895186 399.14214850 410.02934289 413.67435395 410.06668411 399.46232329 399.14214850 399.11094622 399.09335168 401.18589618 399.15202166 400.00000000 410.10763254 399.27200371 399.08705886 399.27200371 410.55151080 410.42264047 408.28519740 410.25920069 399.43067756 400.00000000 
399.26127698 399.28076908 399.16944019 399.17860822 399.12025973 399.16302845 399.09906362 399.10733508 399.27832116 399.14214850 410.02934289 410.08694692 410.03143089 399.05396194 399.14214850 399.04932087 399.07424049 401.18589618 399.13961244 400.00000000 410.10763254 399.14323905 399.08705886 399.23386668 410.14353586 410.08642543 399.14816277 410.10709296 399.17946560 400.00000000 
399.14323905 399.27832116 399.12299708 399.14323905 399.09548775 399.14562150 399.09906362 399.09304535 399.14816277 399.14214850 410.02934289 410.06446899 410.01672711 399.05396194 399.07424049 399.04932087 399.07424049 399.12605439 399.13961244 400.00000000 410.08091877 399.07424049 399.08705886 399.14816277 410.06448832 410.08642543 399.14816277 410.08688930 399.14323905 399.06477464 
399.14323905 399.14816277 399.12299708 399.07737678 399.04475476 399.04136354 399.09906362 399.09304535 399.09335168 399.07302745 399.04136354 399.61158887 410.01672711 399.05396194 399.04136354 399.04932087 399.04136354 399.00795352 399.13961244 400.00000000 399.15256702 399.04136354 399.05868562 399.06166070 410.06446899 410.08582941 399.04136354 399.74042193 399.07424049 399.06477464 
399.04136354 399.06166070 399.05629416 399.07249514 399.02968889 399.04136354 399.00795352 399.09304535 399.07424049 399.04136354 399.04136354 399.15378864 399.16275002 399.05396194 399.04136354 399.04932087 399.04136354 399.00795352 399.13961244 399.05123678 399.11088254 399.04136354 399.04431218 399.06059890 399.14214850 399.04147050 399.04136354 399.04136354 399.04136354 399.06477464 
