50.67936627 6.56220462 18.70532857 12.31746410 7.87856836 7.92849453 113.14942265 19.01735123 19.84946685 11.95598119 10.38144850 6.03248535 5.21432745 5.67882648 71.85798696 11.68046957 7.14080710 229.84365776 5.89465456 25.05175503 7.35470461 24.37976538 7.66083556 8.88007112 4.68265386 47.93819574 6.52596708 9.75907962 7.48432674 7.20358050 
7.34294625 6.56220462 8.17080012 7.15318931 5.75425588 4.32973969 10.49540723 5.97865786 8.38067329 6.55481485 8.15764079 4.36547136 3.03171259 5.67882648 21.94069731 5.81310728 4.74184924 24.41200296 3.31188079 13.57709110 3.32477592 10.48415319 4.35971338 6.46913296 4.68265386 11.73714430 5.79275329 4.35585071 5.29948112 5.29189689 
3.06734666 3.88691754 5.06529645 3.41289467 2.82071964 3.85747663 4.23876644 3.60613467 1.12986869 3.56086572 6.04406328 3.85023405 2.46261561 3.11354408 13.07350276 4.69372564 3.44145982 6.21950745 2.06158425 8.56184291 2.90745349 4.26917383 3.48294274 4.49603633 4.09621315 7.31654480 4.58585146 4.04732198 4.54706853 3.42968716 
2.20570088 3.04216752 4.00029246 2.41800136 1.77416957 3.28927029 1.97150757 2.12549913 1.12986869 2.09767343 4.88713030 2.35212726 2.46261561 2.73998286 9.03645010 3.46589659 3.28194422 3.11562738 1.53683604 6.11930686 2.31065844 2.32295718 1.79881683 3.99341127 2.74242878 5.02111970 3.37235918 3.98953850 2.54068976 2.87065997 
1.05486895 2.00129550 2.73862692 2.26044407 1.66840115 1.93169440 0.91201373 1.31731708 0.97407900 1.77754150 3.88294810 1.84783728 1.83133046 1.82035207 5.91442216 3.07103236 2.17740847 2.90074905 1.46034914 3.78257365 1.79633723 2.03652737 1.60466659 2.01766579 2.00500412 4.17636746 2.27544151 2.23796511 2.32526987 1.73915709 
0.93786068 1.23632538 2.59683743 1.79528950 1.51934976 1.39146869 0.77880783 0.90275140 0.97407900 1.13415289 3.48904768 1.32014001 1.48192950 1.30093427 5.50809799 2.76247795 1.36290769 1.70055284 1.35395931 2.74226839 1.26801890 0.83858265 0.99102626 1.03245729 1.59594106 2.87709080 1.65890454 1.74239918 1.76378879 1.28431409 
0.91299968 1.13610479 1.95807810 1.08198762 1.07079572 1.25038604 0.25339374 0.83078296 0.63235175 0.78101808 2.80210939 1.05479679 0.81348799 0.97792118 3.19805613 1.92339211 1.26361081 1.60048666 1.04151699 2.50794154 0.87201092 0.50218633 0.99102626 1.03245729 1.06708378 2.12720805 1.23601099 0.99695257 1.66346784 0.78268877 
0.68655032 0.74822058 1.28917196 0.86141656 0.89329618 0.90132330 0.17561167 0.60384362 0.40619867 0.57738243 1.44569945 0.31256638 0.71098886 0.97792118 1.33021832 1.82394256 1.25970005 1.30497933 0.87934019 1.82917650 0.80464895 0.49981250 0.78945850 0.82048403 0.96609786 1.19180320 0.65978584 0.55392436 1.15259983 0.69002508 
0.65126244 0.51180175 1.11900467 0.52261952 0.79813142 0.82191319 0.11448865 0.52403920 0.14384962 0.49139457 1.00848171 0.31256638 0.63894861 0.71579874 0.55438986 0.96011489 1.09083939 1.21662049 0.79899754 1.41947282 0.60103577 0.30256161 0.69557775 0.80045166 0.79218085 0.80005363 0.53657474 0.46736192 0.65183486 0.55599026 
0.26394206 0.36630033 0.80849373 0.49204897 0.79199417 0.46320380 0.07404370 0.41139246 0.10419514 0.45205970 0.81459870 0.21253317 0.48033324 0.44404060 0.27500566 0.45000898 0.92342814 1.00538475 0.58681379 0.60371048 0.42293092 0.29557365 0.61408416 0.51495177 0.48447242 0.59872875 0.49388619 0.25235620 0.49713073 0.46170859 
0.20193658 0.35428592 0.45967230 0.25592486 0.48269985 0.27320223 0.06885760 0.31331019 0.05465127 0.44856515 0.55690219 0.19679136 0.37710254 0.38690538 0.21547718 0.27771195 0.39941384 0.64990246 0.21668420 0.40630772 0.39990451 0.16985559 0.52892940 0.37502495 0.40933402 0.59137862 0.47088199 0.18524122 0.35029517 0.40131082 
0.11407900 0.35309195 0.43168061 0.24939107 0.26247642 0.27300014 0.03335894 0.24863260 0.03159270 0.19143884 0.41670260 0.18670570 0.30138494 0.35197954 0.12500946 0.20938113 0.15471400 0.36170117 0.21570606 0.16199397 0.34287563 0.08392756 0.39208083 0.31306378 0.36180571 0.37476128 0.42684412 0.11529495 0.23533775 0.33138593 
0.11091201 0.30488941 0.26046978 0.23641752 0.20266522 0.21984977 0.01974571 0.23603710 0.00987038 0.18355877 0.34245391 0.16787244 0.20997574 0.25567939 0.07361948 0.18403950 0.14333328 0.31860434 0.21539491 0.14906100 0.27560740 0.05617785 0.22826334 0.30699330 0.34438688 0.20623353 0.24729334 0.10950454 0.22988428 0.31078276 
0.09472659 0.22370441 0.09870985 0.23641353 0.18777717 0.10462030 0.00000000 0.22276038 0.00000000 0.18094575 0.19138951 0.14534592 0.17825137 0.20111446 0.06858995 0.17720059 0.09492590 0.24776405 0.21524250 0.00987690 0.20693236 0.00006072 0.22826334 0.30644168 0.25112894 0.15822217 0.21956616 0.07988486 0.21553615 0.24496717 
0.03995561 0.21933059 0.03492103 0.23637903 0.04935223 0.10373905 0.00000000 0.21792792 0.00000000 0.02982752 0.17706366 0.13490455 0.14943824 0.20111446 0.02760572 0.17625182 0.06667965 0.22623807 0.21521110 0.00005238 0.19133647 0.00000000 0.22826334 0.25144686 0.20715811 0.09655943 0.19660103 0.02405634 0.20338918 0.21106454 
0.01977863 0.20867998 0.00000000 0.22252009 0.00000000 0.07968784 0.00000000 0.21157681 0.00000000 0.00000000 0.17033970 0.08366458 0.12824611 0.16748396 0.00038336 0.17601408 0.05993091 0.19051798 0.09138645 0.00000000 0.17892835 0.00000000 0.22752305 0.24649190 0.20403646 0.03561590 0.17337616 0.02112116 0.20338918 0.17754792 
