50.10423457 113.08904594 114.64800241 49.03400365 17.12565627 45.75030468 58.29054515 110.39998805 139.21769319 155.84192878 46.81353637 115.33963007 34.71137890 141.43804764 106.53225833 37.90837123 114.65315950 29.35176063 152.00228730 93.47500428 47.24699346 74.91846603 35.38377182 129.06057754 32.93376916 12.98579788 148.37210788 246.07500129 25.70559426 141.23113238 
29.43593487 108.79652883 114.28252604 26.23235208 16.77426286 20.39346767 57.82241207 110.39998805 139.16512395 141.49829499 36.02952249 113.51578252 18.81229972 141.39087843 90.62085912 37.58200357 106.14562688 21.56987571 152.00184004 93.47500428 37.06257223 23.11048936 33.74563878 126.37963896 32.66327704 12.80251724 88.85854726 243.78853098 19.96359473 132.58945693 
19.68141439 107.09807363 114.14137542 19.22159587 16.71470195 7.10555288 56.97385865 110.39998805 139.12643100 121.71109517 12.28338562 113.41246713 17.47958441 141.35330719 72.52456590 36.62684263 44.73683689 19.24418581 152.00159635 55.40354234 36.40530891 17.88997102 33.13271399 74.93571903 32.59277083 12.79883373 42.81087635 111.40787471 18.64935697 73.22095480 
19.09740364 106.18596470 114.13192599 19.09272580 16.70147048 6.83606417 18.58441948 56.31067668 139.12278446 121.71109517 11.10044323 112.70908988 17.42052281 117.80001730 21.21305362 36.52775014 10.39459443 18.16804407 103.60263819 54.58893976 36.19178072 15.44426618 32.87844803 54.23477788 32.58311664 12.79455911 40.37729672 42.60547839 18.45374919 19.24623794 
19.08914112 106.18596470 114.13188354 19.09230523 16.70014231 6.82289817 17.63531600 15.80349441 81.99976097 57.72237021 11.06286345 112.69965136 17.41047080 25.63633459 18.27259191 36.52283483 10.35875685 18.15682008 17.17683180 29.44880477 34.26226668 13.52089561 32.86988245 54.20026758 32.57322276 12.77122189 39.40608825 15.35779643 18.44979939 6.87553970 
19.08912269 88.64120642 42.44292542 19.09186276 16.70011265 6.81695955 17.59270604 15.58639170 46.71717041 44.97609813 11.06112395 112.69914357 17.40401838 19.93459743 15.34638145 36.52278233 10.35856340 18.15660938 14.33468281 21.21217668 33.57280403 13.02497026 32.86651024 54.18682078 32.56367521 12.76941484 36.07233267 15.35037116 18.44952245 6.63926326 
19.08912223 34.02701086 24.67510866 19.09184464 16.70011213 6.81582568 17.58917761 15.58609807 46.64392768 20.95175289 11.06112359 33.49694179 17.39121566 19.93110143 15.34359689 36.52274451 2.51885247 17.25155764 14.33327130 15.17391162 33.57133049 13.02373341 32.86578482 53.93590422 32.56228154 12.76435940 35.95390352 15.35026871 18.44950943 6.63165323 
19.08912222 33.85293319 2.37386246 19.09182922 16.18124408 6.80517201 15.64847924 15.58609740 46.64389735 15.73260489 11.06037601 14.28878557 17.38157744 19.93096368 15.34355666 36.52273686 0.14972589 16.15753967 14.33105229 14.29251289 23.49389105 13.02371813 32.86573606 47.30001032 32.56226371 12.76421498 35.95375608 15.35026815 18.44937372 6.63154927 
7.05511197 32.43667864 2.26785592 19.09182922 16.16572700 6.80466798 15.64847566 15.19286577 46.64386445 13.43238963 11.06037009 14.28877414 17.38157611 19.93094074 15.34355659 11.76124734 0.14961768 4.20636839 14.32340656 14.28807557 21.53218064 13.02370287 32.86573428 6.63699644 31.22522875 12.76421496 35.95375565 15.35022250 18.44935659 1.24619273 
6.61579732 16.47401930 0.18885451 19.09038151 16.10626501 6.80462776 15.64847565 0.34016392 13.28707157 11.78915756 11.06032900 14.28877410 17.38152934 19.93091764 15.34355658 11.74294317 0.14961500 3.94477596 14.28524581 14.28806442 15.13713706 13.02369900 32.85353365 6.60598596 19.27755642 11.72628841 11.56742594 14.78685042 11.98545172 0.07579297 
6.61418127 16.13669072 0.04757066 9.41694070 16.10626475 6.80460226 15.64847388 0.00162908 9.99219131 11.72670292 11.06032899 7.36882752 0.52116111 19.79221879 15.09430257 11.72548827 0.03034015 0.30600678 14.28004344 14.28512355 15.12059744 0.34057971 24.60415492 6.60598596 14.40323845 11.72626844 9.99269373 14.50808414 10.04353863 0.07569199 
6.61297253 16.11262279 0.02539125 9.41598390 11.27558483 6.60719196 7.67080197 0.00000045 9.99219131 11.72664080 11.06032899 6.60603945 0.01411094 8.64733762 15.09429491 11.72521860 0.03032922 0.00261445 14.27186529 14.27206739 7.30983905 0.20867373 22.41434956 1.51804976 10.52039173 0.34894593 9.99219627 14.48067875 2.90991517 0.00053172 
6.60600006 11.72528823 0.00491993 0.02487294 11.06044517 6.60719120 6.60598856 0.00000000 9.99219131 11.72521861 0.52883953 6.60598596 0.00000147 6.62209321 0.00017821 11.72521860 0.00073712 0.00135951 6.61557718 14.27185169 6.60843894 0.00000877 6.61682513 0.00511326 9.99337250 0.00118342 9.99219134 0.82552405 0.00005603 0.00018579 
0.03958760 9.41660066 0.00003260 0.00140053 0.02213540 6.60647648 6.60598596 0.00000000 0.02267661 0.39399856 0.00452117 0.03151731 0.00000034 6.61180144 0.00000000 11.72521860 0.00001765 0.00000000 6.60598605 13.88516813 6.60598597 0.00000000 0.00000098 0.00000000 9.99219131 0.00002681 6.88027042 0.00000096 0.00000018 0.00000005 
0.00000000 9.41605544 0.00000000 0.00000767 0.00123282 0.02884366 0.00020192 0.00000000 0.00000009 0.00000002 0.00000000 0.01852113 0.00000000 6.60656972 0.00000000 9.57351551 0.00000000 0.00000000 6.60598596 0.11814227 0.00000445 0.00000000 0.00000000 0.00000000 6.60598897 0.00000000 6.61725549 0.00000000 0.00000000 0.00000000 
0.00000000 9.41598390 0.00000000 0.00000000 0.00000000 0.00000003 0.00000000 0.00000000 0.00000000 0.00000000 0.00000000 0.00050554 0.00000000 0.00260418 0.00000000 9.41601652 0.00000000 0.00000000 0.00000434 0.00000000 0.00000000 0.00000000 0.00000000 0.00000000 0.00001257 0.00000000 0.00000040 0.00000000 0.00000000 0.00000000 
