658.33873673 1283.19684509 1298.46837529 1297.98794268 3081.53019331 783.86461778 2017.69071341 874.33542804 1542.29780016 898.00444485 754.87375082 2364.78484644 931.63489115 2610.47329461 1205.33768630 941.39411414 1112.47049635 1732.12947515 1543.69090807 1537.96722229 1627.74086724 1037.19570924 1187.46911640 390.14385410 767.94646274 571.91442799 1838.81358951 1424.70629530 1372.23341128 2191.46309039 
197.65664843 315.05118825 368.84154217 1212.45216934 2614.09868252 262.99199897 1007.01267905 278.96708130 485.36178435 466.17695756 608.46378033 1349.59287830 396.43906074 2154.78133688 813.32182517 516.64935744 186.02972943 350.35527629 435.29153495 1188.35833228 585.55961883 446.30093790 277.78139085 215.28413766 277.76811224 253.97699589 1249.02669879 438.91847007 349.34363160 1130.88122578 
125.15541508 158.89198857 146.22143290 432.90219546 1860.07808935 127.25888714 290.72000752 127.44860213 170.51855880 147.64778579 150.10346299 676.86202658 131.60716272 403.95662619 338.39794692 163.52739174 122.56449970 127.32451132 140.56808462 413.74404113 173.32059279 133.03025185 130.14647346 118.50910611 139.18967395 128.46035777 246.39469915 189.43746510 131.86409606 199.26935881 
109.97332740 110.55797764 111.43710796 187.52985884 618.99135916 111.32408390 111.75557014 109.28251292 111.57050403 111.35473138 113.04123558 124.35132617 110.58010892 138.97109729 123.90124655 110.48254621 109.86759055 110.61819380 110.21671363 128.68856185 112.30745282 114.71641455 110.94429133 109.65546686 110.84968402 111.65201859 112.68393677 113.46878400 111.11605581 111.00750359 
101.03229060 102.01668650 100.20027015 117.52363884 140.16768462 102.18406862 100.41755375 100.16474927 100.81106000 102.73446862 104.88544157 103.22606700 102.02081273 104.86832483 103.61091595 102.02687274 100.36027489 100.42668645 100.87773787 101.16720680 101.81661263 104.70340953 100.23135806 101.34769605 100.40128740 100.81068702 100.76588907 102.36521242 100.15397907 100.26985948 
100.00179847 100.00112691 100.00018582 62.79985838 101.26563488 100.00134190 100.00013143 100.00011543 100.00037197 101.00006848 100.48295857 101.09232284 100.01268807 100.03321545 100.00534340 100.00100829 100.00024635 100.00016410 100.52040345 100.51366770 100.00172789 103.12239282 100.00008112 100.00298110 100.00020751 100.00007063 100.00116751 100.78127828 100.00008943 100.00008975 
100.00000001 100.00000003 100.00000000 33.70185751 100.00000105 100.00000000 100.00000000 100.00000000 100.00000000 100.97224581 100.00003205 101.09222174 100.00000036 100.00000007 100.00000002 100.00000001 100.00000000 100.00000000 100.52039284 100.51359269 100.00000001 103.12232360 100.00000000 100.00000002 100.00000000 100.00000000 100.00000000 100.76277203 100.00000000 100.00000000 
100.00000000 100.00000000 100.00000000 32.76302925 100.00000000 100.00000000 100.00000000 100.00000000 100.00000000 100.00294870 100.00000000 100.00002755 100.00000000 100.00000000 100.00000000 100.00000000 100.00000000 100.00000000 100.52039284 100.00000053 100.00000000 100.00034267 100.00000000 100.00000000 100.00000000 100.00000000 100.00000000 100.00009698 100.00000000 100.00000000 
100.00000000 100.00000000 100.00000000 32.76297182 100.00000000 100.00000000 100.00000000 100.00000000 100.00000000 100.00000000 100.00000000 100.00000000 100.00000000 100.00000000 100.00000000 100.00000000 100.00000000 100.00000000 100.00120511 100.00000000 100.00000000 100.00000000 100.00000000 100.00000000 100.00000000 100.00000000 100.00000000 100.00000000 100.00000000 100.00000000 
100.00000000 100.00000000 100.00000000 32.76297182 100.00000000 100.00000000 100.00000000 100.00000000 100.00000000 100.00000000 100.00000000 100.00000000 100.00000000 100.00000000 100.00000000 100.00000000 100.00000000 83.12685101 74.18466624 100.00000000 100.00000000 100.00000000 100.00000000 100.00000000 100.00000000 100.00000000 100.00000000 90.16298649 100.00000000 100.00000000 
100.00000000 77.43064213 100.00000000 21.50024112 100.00000000 100.00000000 100.00000000 68.02506757 100.00000000 100.00000000 100.00000000 65.25825843 100.00000000 100.00000000 100.00000000 100.00000000 100.00000000 12.35676824 59.37920463 31.98845299 100.00000000 100.00000000 100.00000000 100.00000000 100.00000000 100.00000000 100.00000000 54.04701744 100.00000000 100.00000000 
100.00000000 33.25267429 32.63594504 21.50024112 100.00000000 100.00000000 100.00000000 0.00000000 100.00000000 100.00000000 100.00000000 45.07159264 100.00000000 100.00000000 100.00000000 100.00000000 100.00000000 0.00000000 24.24676235 31.94420362 15.83627652 100.00000000 100.00000000 100.00000000 100.00000000 100.00000000 100.00000000 35.01398913 100.00000000 61.22526179 
100.00000000 15.83627652 20.90357249 21.50024112 100.00000000 100.00000000 100.00000000 0.00000000 100.00000000 70.96548752 100.00000000 28.71561893 36.84688005 100.00000000 100.00000000 100.00000000 100.00000000 0.00000000 24.24676235 21.50024112 0.00000000 100.00000000 100.00000000 36.11753684 100.00000000 25.08237048 100.00000000 24.90845093 100.00000000 0.00000000 
100.00000000 0.00000000 0.00000000 21.50024112 100.00000000 100.00000000 100.00000000 0.00000000 100.00000000 0.00000000 100.00000000 0.00000000 25.01174392 100.00000000 100.00000000 100.00000000 100.00000000 0.00000000 0.00000000 0.00000000 0.00000000 100.00000000 100.00000000 0.00000000 100.00000000 25.08237048 100.00000000 0.00000000 100.00000000 0.00000000 
100.00000000 0.00000000 0.00000000 0.00000000 100.00000000 100.00000000 28.81539242 0.00000000 100.00000000 0.00000000 100.00000000 0.00000000 0.00000000 100.00000000 25.71733212 100.00000000 100.00000000 0.00000000 0.00000000 0.00000000 0.00000000 38.28524491 0.00000000 0.00000000 100.00000000 0.00000000 100.00000000 0.00000000 26.72703256 0.00000000 
63.82562635 0.00000000 0.00000000 0.00000000 0.00000000 0.00000000 0.00000000 0.00000000 20.90357249 0.00000000 0.00000000 0.00000000 0.00000000 100.00000000 0.00000000 100.00000000 0.00000000 0.00000000 0.00000000 0.00000000 0.00000000 0.00000000 0.00000000 0.00000000 0.00000000 0.00000000 0.00000000 0.00000000 0.00000000 0.00000000 
