725.99311610 927.28192054 1061.37729246 826.05114418 1059.38095425 986.13337623 789.36750114 867.06588783 671.87262741 957.13786975 790.97353594 730.12923354 932.13605084 901.34538476 533.56744338 1032.18672548 614.98807764 1015.23140435 822.31891195 1164.86118783 968.52553224 868.48908579 1143.02836511 829.19977319 774.81276070 1058.72342572 838.40297858 760.99182901 960.02711461 1031.49170935 
725.99311610 801.47191205 744.23638997 769.84093535 1059.38095425 986.13337623 638.07951348 765.66455005 671.87262741 812.16050306 790.97353594 730.12923354 684.03833093 901.34538476 495.63936218 784.49044252 614.98807764 608.79859074 616.39592965 948.51922918 788.69516137 868.48908579 370.11867956 829.19977319 682.26606435 876.42494758 788.75718660 560.20481880 570.39364940 759.80841017 
579.12552538 801.47191205 739.22178573 620.48068614 846.54617818 803.75406037 544.24132088 656.18512702 647.24614703 600.80786258 690.27562480 730.12923354 599.25407720 706.85746250 422.84459338 443.80365370 614.98807764 608.79859074 601.06994290 687.21880500 383.68776426 693.58141663 295.49257367 771.52735730 659.27425890 578.95864684 788.75718660 560.20481880 549.99495986 734.45832306 
496.15530508 748.16875836 577.35859197 620.48068614 768.37498449 490.87061197 395.58832001 619.78118668 472.16653249 341.46092851 690.27562480 598.09113840 554.50584854 454.93587451 386.98308493 435.93809369 479.93519967 547.82624827 378.84090699 564.35738157 383.68776426 570.97509228 250.21624025 490.85837857 655.82371811 337.15239144 565.94983178 407.13540519 178.22158161 715.42097008 
378.86162659 329.98520036 452.54052882 237.10825763 375.19006268 205.15206297 335.15920945 327.07887249 404.21820433 290.50337868 674.57802017 504.90029830 349.67375340 319.36804031 332.66851704 435.91712550 266.52871538 338.67552727 274.75148404 462.16968257 307.77702512 363.39436172 185.41444921 330.26433184 572.43753653 292.62453724 231.76684188 296.78698832 21.34182512 623.18602343 
65.33258070 265.40982162 198.43208153 215.83612920 271.08700496 147.14254283 255.94767263 304.79237075 154.74358364 169.32780752 410.76565965 336.52656629 292.94939152 180.85645566 118.28986925 251.85941689 127.45290273 238.54871571 112.64260334 94.03466676 249.76619771 335.02250284 15.29239253 82.87518464 308.75716074 225.68651381 146.24799916 268.68451027 12.39365865 314.92160345 
50.07788192 66.14267082 123.62782129 205.80348445 75.81839301 126.38296985 245.92528282 165.72522855 103.08018925 46.44373901 325.11635271 97.93719745 46.84066671 143.57133012 115.66941302 188.82139377 63.82314070 111.69874235 49.86444244 79.75749892 128.62768875 181.73465900 5.07987400 11.29022468 105.67648739 87.91789584 112.69102455 134.34017463 4.63533028 177.49638940 
47.25593128 23.93190921 119.50052009 141.93899012 38.82009701 120.85255913 96.42422415 128.00038594 2.65364045 30.62722075 81.53932322 52.01973519 3.89975554 16.95823947 40.64048237 133.16179495 45.67109512 110.82201467 3.09400480 51.10472085 50.07108172 58.86722852 1.73941968 6.05644591 28.76887690 34.85267542 9.96156293 8.39589814 1.29812465 143.85861161 
10.21087436 21.28391335 2.95921081 4.35663628 35.10889643 11.17388227 42.83787387 7.72576152 0.94006145 11.07287346 65.64555519 14.65971417 0.61812177 7.84861771 25.61779342 122.47687773 10.16296409 80.83881258 1.72580218 15.08536191 18.04316910 57.40136626 0.54342415 5.35772075 17.57905006 31.74107707 7.67809801 6.20077214 0.94333151 52.26958418 
4.48527824 3.89012089 0.43917527 2.15309955 31.82391631 9.27669580 30.10531219 4.44973145 0.81335036 9.27967840 6.27826920 3.26756780 0.28110794 0.26669443 0.79286941 49.40921965 8.96755941 21.74757746 1.19964102 4.71655355 6.01253385 53.92491669 0.48625722 0.66921916 0.59093880 8.01879901 0.89964754 3.33333585 0.63361581 50.13616601 
4.33257509 0.89541245 0.13012251 0.96575672 2.32696358 9.01092545 9.61555361 1.59553637 0.77594209 8.78219628 0.69616375 2.10722202 0.26791400 0.23566710 0.58436516 34.92833675 8.80369265 12.27817878 1.01392465 2.65342766 5.14470236 50.70061019 0.36665826 0.27647768 0.21574662 0.68263695 0.30859738 1.16683282 0.28454784 48.01103728 
0.93673752 0.83243914 0.02552893 0.28048625 1.80100369 8.85087044 0.28534213 0.97108047 0.72280573 8.75690310 0.44368811 0.57601148 0.25870126 0.10496936 0.55433999 3.47439164 8.67610039 8.85213223 0.74975625 0.67976550 4.89833123 0.21885903 0.35004729 0.24859652 0.19438516 0.53569307 0.10347033 1.03110801 0.25089227 6.08259364 
0.51116241 0.71332187 0.00165314 0.08183555 1.30530967 8.78082990 0.26842557 0.81044272 0.72276046 1.99446389 0.34890975 0.52256002 0.19482395 0.07742006 0.51159916 0.63558823 8.62394898 8.58645941 0.56091314 0.20674528 4.84555596 0.18700742 0.34229626 0.23512328 0.19203308 0.44042878 0.08181475 0.96595291 0.24694629 2.15580299 
0.38767386 0.33707453 0.00164960 0.04087488 0.35471831 8.41188048 0.26842541 0.70173454 0.72276041 0.49231735 0.34427240 0.47580528 0.18154183 0.06446775 0.49049160 0.47234606 8.62394896 8.56374271 0.35038172 0.20668274 4.84554096 0.18048431 0.34229625 0.19894298 0.19202654 0.38107159 0.08181293 0.49883218 0.24694299 0.43555956 
0.34038588 0.33707443 0.00164952 0.00485663 0.19561430 8.41188045 0.26842487 0.65959421 0.72276027 0.49231729 0.34151693 0.47202252 0.18154174 0.05575658 0.49049036 0.46992883 8.62394890 8.55817027 0.31250481 0.20668255 0.35739476 0.17744277 0.34229621 0.18106532 0.19178390 0.37833510 0.08181273 0.49883214 0.24694271 0.35686167 
0.33178885 0.33707402 0.00164939 0.00357185 0.19561392 8.41188036 0.26842402 0.64742394 0.55077740 0.49231718 0.34151691 0.46842527 0.18154148 0.05575591 0.49049024 0.46992869 8.62394877 0.17790238 0.31250437 0.20668213 0.34271037 0.17744260 0.34229616 0.17673537 0.19178356 0.37833461 0.08181239 0.49883200 0.24694219 0.34646758 
