144.47889898 123.35170863 142.38041201 206.28382819 116.52045670 137.53990523 124.57396626 178.04544558 130.72754638 150.94316004 137.79659417 142.61347265 156.43490175 172.86420396 238.32137122 201.60468262 213.81868147 133.18940890 113.28855149 136.66897914 131.52031328 212.64509929 194.69549699 137.15770834 154.98278887 141.09393258 113.13225166 154.66512570 186.85113957 470.42595346 
115.72011080 112.07611138 121.02190675 123.34748836 110.17861369 117.99173898 112.55100481 139.01709627 122.33884412 114.70960003 122.37533114 112.88818869 132.43964931 135.60335959 128.68890264 155.02307721 181.24733783 119.45872272 111.39857699 115.95669673 118.51053219 141.28296727 116.71707128 121.48276196 120.98279588 115.35284000 110.40592931 114.98091434 133.45180420 199.35692530 
109.02066127 105.21850104 110.62970915 114.74029807 106.12914407 114.08287094 105.65950453 132.76992204 112.91326548 74.42503193 108.42997307 106.78928792 109.06333750 126.13784259 119.59744245 117.68802545 110.45695116 110.22871699 104.17538804 108.39115705 110.52595085 84.32317847 109.82390937 114.16486449 111.87334990 108.66925987 107.69318107 108.67179965 108.12539645 122.36460345 
107.66802138 101.40430298 105.30694530 110.98316398 104.90089922 110.22325390 102.49610484 109.80984034 109.00480580 70.25517083 105.51282713 103.65060804 108.86275035 108.50175759 109.59394430 109.94509520 104.89987502 108.57654784 103.64234002 106.94499702 104.73614756 65.33145392 104.67162781 109.25854196 108.35361842 106.44076804 106.33843092 103.57672293 104.47393864 113.83306727 
104.44246679 100.66978224 103.87703854 104.41788659 103.95843811 105.84105298 101.45867138 108.94154256 104.79433325 50.75361466 103.72495907 100.78460973 105.24513159 105.39984574 100.62049950 101.04285862 100.58472400 106.61932721 102.18727982 105.90084786 103.16111456 49.46865243 102.75157469 106.78305687 103.26696315 104.85176627 104.55026269 101.95639551 101.49568497 104.33697737 
103.57413389 100.43340774 103.69312805 103.57983146 102.39578697 104.14966452 100.88616969 105.87708954 101.25800705 19.88504592 103.35817386 100.34741605 103.62836431 105.26217891 100.00008043 100.59557517 100.44954368 105.47414422 101.31170121 103.30083155 102.52297403 46.19565301 102.39908688 104.72919532 102.79825033 104.46125156 102.99338081 101.42727447 101.15014802 104.13430691 
103.53652279 100.39966489 97.12394217 101.65665145 101.47132901 103.33655083 100.81651214 102.54621798 100.37159079 17.88655391 102.59873331 100.29039778 101.98747810 104.63640837 100.00000002 100.59537292 100.44725975 105.08649076 100.80742523 103.25349156 101.70421463 46.14720491 102.22546911 103.50738221 101.43749638 101.77094406 101.53962426 101.28009479 100.69306817 104.13427214 
103.53652278 100.39891009 51.93470823 100.84953861 100.87050835 101.36117814 100.81633914 60.03613916 100.34793155 17.88655281 52.21511010 44.69644024 101.36812318 102.78808612 100.00000000 100.59537054 100.44723487 104.88360822 100.13288572 80.06516007 100.02136823 46.14606267 102.10688984 85.86239130 100.82861306 101.53650741 67.35454758 101.23022799 100.64188921 77.52368227 
100.63215864 39.66865272 50.35480776 75.52659949 96.93609264 55.25906888 30.85916073 53.70238307 87.90230082 17.88655279 39.57383820 27.52755823 87.29983053 102.15110020 100.00000000 100.59537030 46.03760597 102.56470455 56.70502234 63.25091471 90.96050919 46.14606205 93.04451770 81.42145446 100.51385725 85.59480085 34.83322010 40.36495232 100.64188017 50.87381479 
57.11782919 27.53892508 50.35416307 71.44573480 45.17040193 46.88028855 29.91923830 53.66537952 54.71452520 11.56308121 39.20057605 27.52755823 42.81286752 101.90866440 94.76898414 70.80836529 45.46757040 102.27148591 37.80001290 48.22655169 88.60535835 46.14606205 89.09635445 48.65306338 100.30636953 58.77604604 34.80650583 38.55406641 100.53430470 49.40679650 
35.12806229 20.64701961 50.35413850 71.41183502 31.08531528 46.84855815 0.00000000 18.45287415 33.30039685 11.56305743 35.06554528 19.17758306 0.05136895 100.58678382 52.28596960 22.54101356 45.46384084 102.18661231 26.15048270 0.00000317 75.23660118 32.91051373 2.27003023 42.27561707 100.28637688 54.31058188 17.52084924 38.55369770 100.34739128 48.20901758 
35.12553854 20.64701961 48.00010514 16.09487913 26.59803075 46.84843768 0.00000000 0.00000000 11.97333336 11.56305736 24.33645033 0.00000000 0.00000000 100.28637688 22.45656268 22.50313567 45.46189697 101.21047610 15.83464132 0.00000000 19.80691239 26.07377971 0.00000000 11.56306082 100.28637688 25.11671463 11.56306076 11.56307145 100.00000000 48.20766569 
35.12553783 11.56305938 0.00000000 0.00000000 0.00000000 46.84843682 0.00000000 0.00000000 11.56305755 11.56305735 24.33633202 0.00000000 0.00000000 100.28637688 11.56305848 11.56306606 20.00591051 69.15414230 0.00000088 0.00000000 11.56765545 21.30693998 0.00000000 11.56305743 100.28637688 25.11669684 11.56305741 11.56305763 37.27332042 48.20764405 
35.12553782 11.56305736 0.00000000 0.00000000 0.00000000 0.00000000 0.00000000 0.00000000 11.56305736 11.56305735 0.00000000 0.00000000 0.00000000 100.13538519 11.56305735 11.56305736 16.09487913 11.56305748 0.00000000 0.00000000 11.56305755 0.00013206 0.00000000 0.00000000 43.76358300 19.80691242 11.56305735 11.56305736 11.56305736 11.56305930 
11.56305738 0.00000000 0.00000000 0.00000000 0.00000000 0.00000000 0.00000000 0.00000000 11.56305735 11.56305735 0.00000000 0.00000000 0.00000000 100.00000000 0.00000000 11.56305735 0.00000000 11.56305735 0.00000000 0.00000000 11.56305735 0.00000000 0.00000000 0.00000000 0.00000000 0.00000000 11.56305735 11.56305735 11.56305735 0.00035276 
11.56305735 0.00000000 0.00000000 0.00000000 0.00000000 0.00000000 0.00000000 0.00000000 0.00000000 0.00000000 0.00000000 0.00000000 0.00000000 11.56305735 0.00000000 0.00000000 0.00000000 11.56305735 0.00000000 0.00000000 0.00000000 0.00000000 0.00000000 0.00000000 0.00000000 0.00000000 0.00000000 0.00000000 11.56305735 0.00000000 
