9537957416.51128006 5375406775.11408520 13915822878.75493813 11957232179.84189987 9870786703.49426651 21941008950.52756882 17477056316.77535629 13369536937.29475403 17526844081.92994690 14050165692.42439461 10628960481.82390785 11625597609.88744736 11741229361.53266716 7607376515.70746613 22111077654.84692764 6574785502.13931465 7669252828.74818134 9878115100.17625046 13891884074.06900406 9296962553.21872711 6671404263.18025875 14988389480.15930748 18075361039.49083710 3770633621.41510487 20861144093.78341675 9955251979.89444923 12221042242.81903076 11387584034.50420761 6628715457.26847744 10180660913.33417320 
1400657304.11733508 1410791911.80228019 2045372420.75539064 3624663174.76452589 1947188254.73608136 4385736937.70353222 1613130381.30895758 3701567283.92049170 3762185310.67615366 2615762833.64306688 2049449291.75629187 3434547029.75101614 3462882096.13568974 1624901397.25616956 3492899792.62587309 1968720972.34680271 1937306816.07992744 2039846207.62687016 4430715142.36683941 2093976362.02158308 1104989834.80172372 3835894719.36516905 5276179526.58605099 1251326128.85458922 3728327103.44981194 1854108825.86876583 1092190670.10604405 2348213477.43892336 2145430482.01397514 1959538373.31418300 
94393158.13231944 128784304.48191039 188812163.00895372 517366748.59867215 216918889.12048468 363947859.05952013 128819824.44107921 472721353.24551791 191116803.89504829 122919478.89221574 151797105.08308035 403862840.43589652 276629575.19557542 79017480.21018623 200424538.26348042 89524753.83427376 58978299.25499205 164619761.33585152 242300157.09843016 174585553.18626696 194004370.22716939 262814519.31687620 271821278.91559738 111652432.48920512 209847934.82895309 127351630.83182397 94381604.15548775 255239457.14483657 372442464.01487172 236078790.54534468 
3237254.48798052 1491420.42230966 5675304.98283025 6692919.71929936 25220384.37038441 30892617.45166497 4822839.23760415 8469687.75631762 1558330.71228557 1942314.30343737 2406769.72106188 2615238.04035933 5658816.63764019 204856.17616033 1302740.68940089 2009372.78960055 2459824.90030123 2459707.53435183 9508781.68372447 13828218.07076403 9927588.40205361 1702420.57743195 7725702.27720240 5470834.46123743 3140146.67074318 7570973.09013734 1403323.52136586 2626180.07710527 2562012.01469379 10651787.88600424 
91945.08564006 39276.68940506 37372.58676552 211488.54898248 1889920.17893472 216688.95771031 111605.26859917 191618.06082251 7912.72152816 15989.06536686 10171.37456186 3721.83888456 18392.30995550 839.65478737 1360.06849032 40581.15042545 53063.49854565 32603.26896724 124253.27089884 278682.30206718 249567.49446831 4296.34054669 60097.66816516 84925.72806750 108328.56206522 63334.68961854 17080.84441593 16708.90952479 19073.81749389 104199.29105261 
3941.92013772 1285.06907613 179.11856466 1313.34102101 4332.32376070 1410.07843080 324.10961563 211.15065585 18.38568505 324.67056081 88.86978148 670.69999344 582.23462006 89.77664125 61.98304929 72.29516000 136.68628483 2497.21752829 759.44363711 883.41661620 1926.03969745 2074.12789594 137.67725224 643.63662821 474.04139545 291.22756891 99.95521970 269.28005055 1058.68265902 2961.12699426 
0.29412559 0.01585792 0.00327118 0.40742176 0.24371074 0.03215182 0.00758810 0.00199420 0.00063220 0.00816533 0.02678031 0.04181238 0.00375537 0.02593796 0.00572698 0.00309931 0.01845772 0.28312352 0.25870514 0.25256621 0.02369988 0.05549664 0.03327490 0.01576814 0.04885950 0.00791007 0.00923698 0.05190254 0.01757428 0.25172511 
0.00000000 0.00000000 0.00000000 0.00000001 0.00000003 0.00000000 0.00000000 0.00000000 0.00000000 0.00000000 0.00000000 0.00000000 0.00000000 0.00000000 0.00000000 0.00000000 0.00000000 0.00000000 0.00000000 0.00000000 0.00000000 0.00000001 0.00000000 0.00000000 0.00000000 0.00000000 0.00000000 0.00000000 0.00000000 0.00000000 
0.00000000 0.00000000 0.00000000 0.00000000 0.00000000 0.00000000 0.00000000 0.00000000 0.00000000 0.00000000 0.00000000 0.00000000 0.00000000 0.00000000 0.00000000 0.00000000 0.00000000 0.00000000 0.00000000 0.00000000 0.00000000 0.00000000 0.00000000 0.00000000 0.00000000 0.00000000 0.00000000 0.00000000 0.00000000 0.00000000 
0.00000000 0.00000000 0.00000000 0.00000000 0.00000000 0.00000000 0.00000000 0.00000000 0.00000000 0.00000000 0.00000000 0.00000000 0.00000000 0.00000000 0.00000000 0.00000000 0.00000000 0.00000000 0.00000000 0.00000000 0.00000000 0.00000000 0.00000000 0.00000000 0.00000000 0.00000000 0.00000000 0.00000000 0.00000000 0.00000000 
0.00000000 0.00000000 0.00000000 0.00000000 0.00000000 0.00000000 0.00000000 0.00000000 0.00000000 0.00000000 0.00000000 0.00000000 0.00000000 0.00000000 0.00000000 0.00000000 0.00000000 0.00000000 0.00000000 0.00000000 0.00000000 0.00000000 0.00000000 0.00000000 0.00000000 0.00000000 0.00000000 0.00000000 0.00000000 0.00000000 
0.00000000 0.00000000 0.00000000 0.00000000 0.00000000 0.00000000 0.00000000 0.00000000 0.00000000 0.00000000 0.00000000 0.00000000 0.00000000 0.00000000 0.00000000 0.00000000 0.00000000 0.00000000 0.00000000 0.00000000 0.00000000 0.00000000 0.00000000 0.00000000 0.00000000 0.00000000 0.00000000 0.00000000 0.00000000 0.00000000 
0.00000000 0.00000000 0.00000000 0.00000000 0.00000000 0.00000000 0.00000000 0.00000000 0.00000000 0.00000000 0.00000000 0.00000000 0.00000000 0.00000000 0.00000000 0.00000000 0.00000000 0.00000000 0.00000000 0.00000000 0.00000000 0.00000000 0.00000000 0.00000000 0.00000000 0.00000000 0.00000000 0.00000000 0.00000000 0.00000000 
0.00000000 0.00000000 0.00000000 0.00000000 0.00000000 0.00000000 0.00000000 0.00000000 0.00000000 0.00000000 0.00000000 0.00000000 0.00000000 0.00000000 0.00000000 0.00000000 0.00000000 0.00000000 0.00000000 0.00000000 0.00000000 0.00000000 0.00000000 0.00000000 0.00000000 0.00000000 0.00000000 0.00000000 0.00000000 0.00000000 
0.00000000 0.00000000 0.00000000 0.00000000 0.00000000 0.00000000 0.00000000 0.00000000 0.00000000 0.00000000 0.00000000 0.00000000 0.00000000 0.00000000 0.00000000 0.00000000 0.00000000 0.00000000 0.00000000 0.00000000 0.00000000 0.00000000 0.00000000 0.00000000 0.00000000 0.00000000 0.00000000 0.00000000 0.00000000 0.00000000 
0.00000000 0.00000000 0.00000000 0.00000000 0.00000000 0.00000000 0.00000000 0.00000000 0.00000000 0.00000000 0.00000000 0.00000000 0.00000000 0.00000000 0.00000000 0.00000000 0.00000000 0.00000000 0.00000000 0.00000000 0.00000000 0.00000000 0.00000000 0.00000000 0.00000000 0.00000000 0.00000000 0.00000000 0.00000000 0.00000000 
