147463.63407390 10744.79739177 161500.30752512 187534.53070893 185015.84046726 155983.19562215 147401.15793297 10349.14359565 23280.13271984 11432.69539864 248370.32283188 28326.58198752 12474.89057816 8779.04853495 213696.59874998 391465.53088332 1519719.03156025 9335.86826159 22238.68437155 3175.85415711 43780.96654123 152786.03801106 2017.35915584 248219.25016520 25750.83909616 33080.72531534 27602.64585060 129056.06308117 304986.35288354 463733.09672921 
7424.39503400 2476.64974876 59536.86991531 26668.57983183 151140.27564808 39218.19145852 99204.74918328 5708.70369242 4782.08715753 5418.45756441 191662.38442641 3283.81007903 11060.22260277 1754.81151755 8550.53779751 363649.02307172 709218.61094946 6146.71598074 7720.21758802 2100.17204870 25740.28455388 129244.13022436 999.11939311 176292.97493508 22839.79749747 2978.68358604 23717.54281774 58115.54894546 60479.43322189 419090.95403780 
3550.99168516 1315.67934001 28745.47056855 5697.76350949 142632.96722649 5605.50624854 35780.40822817 2452.81512945 3255.08040359 2822.22078346 178461.24653919 2132.37247825 10117.04698634 974.52096785 6574.43124567 295145.61520604 172875.05130187 5087.72957570 4721.65771137 974.01758562 15989.57195628 97824.80443473 891.90972267 51326.23188065 5584.88421819 2458.83290026 18848.12482953 25002.12569353 17897.74401292 254819.91167133 
1514.61889881 1022.15831408 19835.17506290 1644.88687468 7817.28946123 1425.11811245 3176.42959522 1857.20917732 1558.80986952 2822.22078346 51187.55178863 2132.37247825 9886.39675198 866.27082949 3136.43510920 71843.32301230 25390.62579090 4786.33465983 3545.47487452 379.26016234 8043.48397028 93616.82579997 597.14834466 6545.59486674 4924.88492320 2312.37365621 17942.57818038 19972.85892330 13519.54942768 13427.89591307 
1023.30586394 649.35873360 2016.85095579 1266.73565182 4877.36010364 496.84625222 2311.28299949 1635.41807426 1263.21044056 1277.80986043 8002.05632309 1932.95258239 3137.10677582 477.78648742 1900.54067402 1708.74368239 4663.82802692 4489.00953579 2983.59668204 115.79214907 6632.54108008 13791.49930822 489.05186453 1108.32118511 4521.70641594 2073.58047206 17678.32601158 2908.68809094 4695.85997144 2029.95234174 
503.08137119 625.47960374 677.62486344 1035.97950422 758.58990977 195.75525692 574.28594166 1287.60318835 1063.35408315 460.93927847 594.66624264 931.22239477 656.42114503 257.07131945 1671.57697661 698.08071379 2557.59644918 1108.94982396 1413.00712935 109.39640417 1041.52777030 2097.65616391 413.00704064 546.82926149 3614.66505375 1849.78133204 1296.53946597 1028.80750501 1573.70532402 490.75392192 
383.35516682 166.04921346 228.93179397 757.09612155 405.69308616 82.86704408 271.51393198 482.82896366 250.62191795 125.48049118 67.30410463 409.26920471 400.08337198 250.55439546 542.47438178 355.56318731 181.38969493 405.79710115 537.71320096 107.21896259 258.11087689 304.96385096 155.85322891 214.83466327 593.28271937 180.16810820 422.38588827 337.59854948 268.75896192 275.14144150 
99.20945658 145.57778957 105.02524803 192.03159871 35.36287090 18.72609664 63.70765469 60.94354986 128.26795213 81.44280410 34.39306314 160.16067859 171.96866617 216.99926011 101.04694702 211.11710625 16.53953514 132.03587082 222.63845250 58.99999744 108.15798112 116.35657666 142.92943917 157.51992235 316.77305556 66.97501588 117.68678289 87.48156186 99.15637334 182.78262156 
82.73034002 141.59667738 21.22312706 50.17883202 6.58946576 17.83157841 63.70765469 15.60746138 28.42884768 35.37859253 20.13223779 78.07759462 85.34500867 158.65888532 79.06738504 82.51533024 13.67435034 62.57226999 96.75884809 3.06969957 72.29486402 34.92008843 142.75482627 71.09361961 183.22101890 41.60582967 79.14185511 24.51488418 28.50934296 83.77805694 
46.16277877 28.71734619 14.58097920 44.43256484 1.78907472 17.09613774 48.89737261 11.82919995 7.66541521 15.76178555 20.12757921 33.50893952 43.19163825 51.22094837 23.78110062 16.91200141 13.58889141 18.57995150 83.56478909 2.48266109 52.86915475 14.83686446 15.25504117 32.33206187 89.48087386 39.79574962 11.34900509 23.21888653 14.83154615 39.27179575 
20.58585947 27.32070744 14.36603500 12.76446986 1.20311335 11.38126485 6.93040457 11.39814714 1.20558626 13.87602712 16.14774534 12.51617086 40.40949572 51.21445453 2.62687972 1.61944436 13.57921275 14.69181888 32.40119497 2.19807691 28.50189338 12.23904662 14.15793210 1.61957266 47.17630665 1.46292914 7.55434600 13.95738191 11.17296667 38.80003309 
0.63696326 2.40730505 14.36597524 0.41628603 1.20310204 11.38109807 4.48432842 11.38110332 1.20310204 12.44966876 16.14774533 3.32921581 40.21582476 12.48948022 2.61435178 1.61938801 13.57915918 3.51248930 19.01068334 2.19806110 4.41693933 12.17282754 14.15783293 1.61938801 23.95334357 1.41124860 0.89354580 13.57924513 11.17295522 38.80003301 
0.62442897 2.40620408 12.37609044 0.41628597 0.00006129 11.38109807 1.80377863 11.38109807 1.20310204 1.20318864 13.16290272 1.98992018 40.21127802 1.61938802 2.45401769 0.62442904 2.19806152 2.40621327 1.62821170 1.20310207 0.41628605 12.16791488 14.15783226 1.61938801 1.41332400 1.41124503 0.00003644 13.57915917 11.17295508 0.41628708 
0.62442895 2.40620408 12.37605713 0.41628597 0.00000000 11.38109807 1.20310204 11.38109807 0.20814298 1.20310204 2.19806110 0.99498753 1.61944044 1.61938801 0.99495906 0.62442895 1.20310217 2.40620408 1.61938801 1.20310204 0.41628597 0.00000000 13.16287320 1.61938801 1.41124503 1.20313141 0.00000000 2.61434714 0.41729498 0.41628597 
0.62442895 1.41124520 1.20310204 0.41628597 0.00000000 0.20814298 1.20310204 0.41628600 0.20814298 0.20814360 1.20310261 0.00000000 1.61938801 1.61938801 0.00000000 0.62442895 1.20310204 0.41628597 1.61938801 0.20814304 0.41628597 0.00000000 0.20814298 1.20310204 1.20310204 1.20310204 0.00000000 2.19806110 0.41628597 0.41628597 
0.41628597 0.41628597 0.20814298 0.41628597 0.00000000 0.20814298 0.20814298 0.00000000 0.20814298 0.20814298 0.20814298 0.00000000 0.20814298 0.62442895 0.00000000 0.62442895 1.20310204 0.41628597 0.62442895 0.20814298 0.41628597 0.00000000 0.20814298 1.20310204 0.20814298 0.20814299 0.00000000 0.00000000 0.41628597 0.00000049 
