2.19806734 1.62793125 1.78014353 5.20271217 57.18394516 165.52860978 2.66576216 0.58564588 7.22934718 729.86229732 5.54283776 1.04661971 118.89615542 4.40118699 2.12403763 6.20981967 8.76935752 2.95285768 4.04682758 24.84852154 1.55721668 0.61973157 218.49648726 1.56616746 0.89614516 10.19116195 3.78823327 16.75736027 20.15747337 5.37554097 
1.51601156 0.99717845 1.35991914 3.51924311 41.96778260 66.40697166 2.28031481 0.44285417 5.66965353 81.36042480 5.25357613 1.04661971 118.33349379 2.03492806 1.06884235 2.60179716 7.21504455 2.80366872 3.72380932 20.39530769 1.46574624 0.61973157 10.63431289 1.18127840 0.49006449 10.02566226 2.73057012 15.19130087 12.72749530 5.18378644 
1.04146243 0.99717845 1.35991914 2.87396523 40.66623375 21.79105289 1.99836163 0.38620240 5.31157022 63.87019239 5.25357613 0.46810450 3.97821920 2.03492806 0.78380729 2.50697906 6.53232085 1.86940579 3.66191688 14.03620499 1.44914487 0.61973157 8.86863922 0.89415452 0.32333529 9.54169108 2.55381198 3.87666491 11.70982483 5.09459635 
0.94921656 0.99717845 1.01178698 1.30696405 40.18623019 1.92328867 1.52766751 0.37965538 5.14742741 6.80971802 4.52796585 0.46810450 1.32121617 1.34152032 0.72221691 2.48193665 6.42872347 1.59056644 3.42514439 13.33681241 0.83939298 0.59912083 8.84271462 0.83307293 0.32333529 8.73506652 2.26590584 1.65166280 10.82039458 5.07471022 
0.83638381 0.95623358 0.96040426 1.29449641 1.79395448 1.12132449 1.52766751 0.37720730 5.14354184 1.52745747 4.45713645 0.44822021 0.90150017 1.34152032 0.53391722 2.25024468 4.70737536 1.35880038 3.40622469 1.92690271 0.61208295 0.53331335 8.82503492 0.83307293 0.32333529 8.43095993 2.26201773 0.88283552 10.60112004 5.07253486 
0.83576429 0.70100223 0.56935610 1.28846725 1.79395448 0.76743679 1.52766751 0.37710480 5.09739690 0.72502769 1.69298890 0.43219553 0.48224695 1.18143574 0.47553665 1.96940654 2.31760308 0.66147558 3.40231768 1.10430531 0.61200939 0.53331335 0.96866782 0.71011919 0.32333529 0.72053904 2.26169858 0.59380759 3.27818537 3.90269066 
0.83576429 0.70100223 0.51464273 1.28802893 0.73814048 0.27149138 1.31993040 0.37705794 0.87466398 0.28036751 0.96590488 0.39117760 0.32256616 1.18143574 0.46126037 1.96892917 0.63861312 0.66147558 3.40219014 1.02112169 0.61200921 0.51290605 0.66838135 0.43779720 0.32333529 0.66745814 2.26002014 0.42533304 0.92785097 0.57918458 
0.21178600 0.53266348 0.51376231 1.28782908 0.73814048 0.23862801 1.31993040 0.37705743 0.73672959 0.19297665 0.62523683 0.37185062 0.23263944 1.17003727 0.46053551 1.96892853 0.63577496 0.66147558 2.00883846 0.65303226 0.61200920 0.46534717 0.66836807 0.43779720 0.32333529 0.66738442 1.28917247 0.42533304 0.47909567 0.13059626 
0.21142312 0.21034349 0.51373098 1.28782851 0.60257466 0.19345168 1.15837322 0.37705743 0.60816958 0.14980474 0.62513537 0.31583729 0.19918331 0.37751433 0.46049303 1.07217248 0.63367737 0.66147558 0.49490062 0.40901109 0.60099175 0.44494961 0.66836804 0.22180767 0.31123372 0.66738434 0.50579811 0.40275869 0.35893619 0.11191803 
0.19742579 0.21034349 0.50526845 0.49950526 0.32970129 0.16647281 0.59268931 0.37705103 0.39505735 0.13829027 0.62513501 0.28835863 0.19100959 0.37549976 0.45547671 0.59479367 0.55635748 0.66147558 0.45402042 0.40852215 0.60078790 0.44494961 0.26257629 0.22180767 0.31123372 0.53858700 0.06111102 0.34648591 0.24292293 0.11191681 
0.19694033 0.21034349 0.50468427 0.33188554 0.09965841 0.14427145 0.42245589 0.37705073 0.31097979 0.12646103 0.62504970 0.24119809 0.18881464 0.37549678 0.45402981 0.44951293 0.37944287 0.61901981 0.45401934 0.40852215 0.60078409 0.37510750 0.15442922 0.22180767 0.31123372 0.28543798 0.04940293 0.31251292 0.20276168 0.11191679 
0.19688644 0.11819539 0.23584879 0.33150801 0.00022857 0.14093572 0.37251103 0.37705064 0.10926562 0.12019743 0.31948159 0.24119809 0.18881464 0.29286572 0.01004736 0.40903603 0.23356534 0.60621246 0.28850516 0.30839196 0.13029393 0.13959531 0.15442922 0.17852717 0.31123372 0.01032713 0.04940092 0.31085059 0.13676754 0.11161705 
0.18369052 0.06690871 0.13579844 0.23624281 0.00008086 0.13732421 0.36036981 0.29335142 0.06870531 0.05035320 0.31875739 0.23849573 0.18879415 0.28385136 0.00992592 0.29133775 0.19831023 0.34805729 0.10159826 0.25910980 0.06004123 0.08974303 0.01508886 0.06244618 0.19824881 0.01031699 0.01263460 0.30985569 0.13547511 0.11065625 
0.18113237 0.03108654 0.04464535 0.23621805 0.00004852 0.13732421 0.29315902 0.25780366 0.06870531 0.02043333 0.14481132 0.23849573 0.12975706 0.15352952 0.00987264 0.15214053 0.18758159 0.33133564 0.09779784 0.20140317 0.05996736 0.03984835 0.01056381 0.06244618 0.14090239 0.00232173 0.00298059 0.30985569 0.12999335 0.11063493 
0.18113237 0.00675071 0.02403351 0.21275279 0.00004852 0.13712607 0.17405155 0.24887656 0.06870531 0.01016503 0.12931968 0.13439528 0.10301893 0.15352952 0.00987139 0.12446979 0.12398969 0.22632568 0.09779784 0.10611089 0.05992247 0.00995940 0.00001947 0.05358784 0.12393850 0.00007415 0.00000000 0.14094426 0.12999335 0.11063493 
0.18109638 0.00036607 0.01183206 0.05075243 0.00000044 0.13437282 0.15826874 0.19119228 0.03894626 0.00988080 0.10862413 0.02961025 0.10094895 0.14722903 0.00000000 0.12446979 0.12398969 0.15552508 0.07993810 0.10611089 0.05992237 0.00988329 0.00001510 0.00041815 0.12230536 0.00000000 0.00000000 0.11965167 0.12856054 0.11060520 
