1.630307e+10 4.179229e+09
1.273082e+08 5.725950e+07
7.708163e+06 7.126883e+06
2.327312e+06 2.204400e+06
1.440375e+06 1.417225e+06
1.094716e+06 1.083553e+06
6.376373e+05 6.140730e+05
4.740598e+05 4.657784e+05
3.309851e+05 3.267870e+05
3.009871e+05 2.996821e+05
2.839509e+05 2.828306e+05
2.692295e+05 2.681507e+05
2.317641e+05 2.309861e+05
2.231333e+05 2.157685e+05
2.033602e+05 2.028666e+05
1.869482e+05 1.861255e+05
1.705509e+05 1.699866e+05
1.546836e+05 1.535169e+05
1.362756e+05 1.360174e+05
1.271787e+05 1.242912e+05
1.069583e+05 1.064283e+05
1.023360e+05 1.020967e+05
9.881296e+04 9.865123e+04
9.311955e+04 9.262383e+04
8.774170e+04 8.741787e+04
8.087730e+04 8.017525e+04
7.621197e+04 7.606988e+04
7.040954e+04 6.999538e+04
6.480837e+04 6.454912e+04
6.085595e+04 6.069009e+04
5.708489e+04 5.680061e+04
5.399112e+04 5.373111e+04
5.020211e+04 4.929712e+04
4.617068e+04 4.605129e+04
4.388159e+04 4.381818e+04
3.999853e+04 3.986119e+04
3.574198e+04 3.558906e+04
3.346231e+04 3.341055e+04
3.232155e+04 3.231047e+04
3.038603e+04 3.034873e+04
2.919204e+04 2.912395e+04
2.761609e+04 2.757079e+04
2.664215e+04 2.658547e+04
2.598705e+04 2.597031e+04
2.542956e+04 2.540064e+04
2.457516e+04 2.454089e+04
2.351105e+04 2.349865e+04
2.294598e+04 2.293342e+04
2.245907e+04 2.244243e+04
2.211691e+04 2.210018e+04
2.180521e+04 2.179402e+04
2.159579e+04 2.158345e+04
2.134860e+04 2.131524e+04
2.102460e+04 2.100966e+04
2.066611e+04 2.063590e+04
2.032409e+04 2.030633e+04
1.991069e+04 1.986692e+04
1.942990e+04 1.942084e+04
1.917607e+04 1.916589e+04
1.888403e+04 1.886461e+04
1.857729e+04 1.856581e+04
1.836324e+04 1.829267e+04
1.809084e+04 1.808632e+04
1.785088e+04 1.784279e+04
1.775109e+04 1.774672e+04
1.761257e+04 1.760815e+04
1.743413e+04 1.742721e+04
1.715287e+04 1.711738e+04
1.669475e+04 1.668705e+04
1.625835e+04 1.619821e+04
1.586869e+04 1.585064e+04
1.541005e+04 1.538774e+04
1.495498e+04 1.493163e+04
1.432888e+04 1.431065e+04
1.389249e+04 1.388255e+04
1.357484e+04 1.356295e+04
1.337682e+04 1.337285e+04
1.327432e+04 1.327238e+04
1.312360e+04 1.311428e+04
1.299599e+04 1.299317e+04
1.288360e+04 1.286782e+04
1.273958e+04 1.273633e+04
1.265361e+04 1.264700e+04
1.254511e+04 1.254189e+04
1.241449e+04 1.237886e+04
1.224710e+04 1.217586e+04
1.204543e+04 1.204111e+04
1.193182e+04 1.191524e+04
1.174964e+04 1.174233e+04
1.167345e+04 1.167150e+04
1.154093e+04 1.153485e+04
1.134414e+04 1.132708e+04
1.124665e+04 1.124420e+04
1.119906e+04 1.119678e+04
1.115408e+04 1.115314e+04
1.110099e+04 1.109819e+04
1.103850e+04 1.103735e+04
1.099878e+04 1.099734e+04
1.093220e+04 1.093124e+04
1.088999e+04 1.088816e+04
1.086324e+04 1.086268e+04
1.390996e+10 3.746614e+09
1.318175e+08 6.929829e+07
9.532525e+06 6.702941e+06
1.115532e+06 1.087643e+06
5.587890e+05 5.366215e+05
3.567010e+05 3.438733e+05
2.356908e+05 2.289208e+05
1.897473e+05 1.845044e+05
1.486958e+05 1.479031e+05
1.402234e+05 1.397140e+05
1.294557e+05 1.277908e+05
1.185771e+05 1.178166e+05
1.124937e+05 1.087076e+05
9.764569e+04 9.722462e+04
8.430663e+04 8.285938e+04
7.560330e+04 7.544549e+04
7.162774e+04 7.138380e+04
6.695547e+04 6.672349e+04
6.401477e+04 6.391570e+04
6.057030e+04 6.028192e+04
5.633160e+04 5.625816e+04
5.387837e+04 5.378469e+04
5.181724e+04 5.176130e+04
4.998356e+04 4.995258e+04
4.777260e+04 4.763151e+04
4.454415e+04 4.446369e+04
4.143644e+04 4.119818e+04
3.893857e+04 3.880272e+04
3.605512e+04 3.589395e+04
3.296810e+04 3.275367e+04
3.038115e+04 3.032615e+04
2.899170e+04 2.891201e+04
2.792613e+04 2.791192e+04
2.667191e+04 2.663896e+04
2.569798e+04 2.567420e+04
2.496473e+04 2.494607e+04
2.437334e+04 2.436450e+04
2.391478e+04 2.390296e+04
2.341565e+04 2.339482e+04
2.293141e+04 2.292275e+04
2.219855e+04 2.218156e+04
2.133652e+04 2.130532e+04
2.059147e+04 2.057427e+04
1.995844e+04 1.994858e+04
1.950542e+04 1.949890e+04
1.929353e+04 1.928979e+04
1.909618e+04 1.908296e+04
1.883371e+04 1.882085e+04
1.855762e+04 1.855175e+04
1.818600e+04 1.812914e+04
1.767072e+04 1.763332e+04
1.715019e+04 1.713015e+04
1.650586e+04 1.648744e+04
1.607530e+04 1.605746e+04
1.565727e+04 1.564704e+04
1.528084e+04 1.525682e+04
1.490849e+04 1.490196e+04
1.463110e+04 1.457803e+04
1.431936e+04 1.430984e+04
1.409022e+04 1.408230e+04
1.386617e+04 1.385879e+04
1.363714e+04 1.362959e+04
1.324657e+04 1.322390e+04
1.302465e+04 1.301878e+04
1.287022e+04 1.286546e+04
1.272078e+04 1.271140e+04
1.254777e+04 1.252572e+04
1.240721e+04 1.240218e+04
1.230112e+04 1.229857e+04
1.223951e+04 1.223696e+04
1.213973e+04 1.212843e+04
1.199366e+04 1.196934e+04
1.177322e+04 1.176682e+04
1.157182e+04 1.156054e+04
1.144549e+04 1.143318e+04
1.130975e+04 1.130550e+04
1.120577e+04 1.120233e+04
1.111635e+04 1.111412e+04
1.103153e+04 1.102963e+04
1.087721e+04 1.087201e+04
1.067357e+04 1.066900e+04
1.052460e+04 1.051604e+04
1.045434e+04 1.045266e+04
1.038788e+04 1.038461e+04
1.022026e+04 1.021383e+04
1.010749e+04 1.010514e+04
1.004593e+04 1.004335e+04
9.954885e+03 9.952817e+03
9.880940e+03 9.879385e+03
9.815185e+03 9.812455e+03
9.737712e+03 9.731432e+03
9.643288e+03 9.634011e+03
9.543175e+03 9.536872e+03
9.455106e+03 9.451801e+03
9.408082e+03 9.406581e+03
9.360674e+03 9.359184e+03
9.331122e+03 9.330182e+03
9.285954e+03 9.284183e+03
9.234219e+03 9.233581e+03
9.193256e+03 9.190051e+03
9.129241e+03 9.125726e+03
1.474379e+10 3.431885e+09
1.227419e+08 7.163071e+07
6.474641e+06 5.563840e+06
1.704925e+06 1.656322e+06
1.051283e+06 7.926744e+05
4.008651e+05 3.924591e+05
2.817979e+05 2.771367e+05
2.511423e+05 2.500151e+05
1.940488e+05 1.880811e+05
1.713104e+05 1.707493e+05
1.479019e+05 1.470873e+05
1.341358e+05 1.339053e+05
1.169090e+05 1.158019e+05
1.073697e+05 1.072382e+05
1.017746e+05 1.015411e+05
8.817062e+04 8.651925e+04
7.877184e+04 7.845393e+04
7.187795e+04 7.169141e+04
6.761507e+04 6.752949e+04
6.533213e+04 6.527129e+04
6.270250e+04 6.258359e+04
5.972946e+04 5.965492e+04
5.458721e+04 5.439357e+04
5.084801e+04 5.071392e+04
4.696301e+04 4.680127e+04
4.493850e+04 4.488287e+04
4.242403e+04 4.228394e+04
4.066587e+04 4.064005e+04
3.963178e+04 3.959270e+04
3.862834e+04 3.857547e+04
3.772473e+04 3.770410e+04
3.686899e+04 3.685033e+04
3.613180e+04 3.611548e+04
3.521723e+04 3.519051e+04
3.433390e+04 3.431477e+04
3.393519e+04 3.392391e+04
3.366991e+04 3.366623e+04
3.339585e+04 3.338082e+04
3.284751e+04 3.284142e+04
3.255856e+04 3.254373e+04
3.210214e+04 3.208742e+04
3.168608e+04 3.164261e+04
3.126541e+04 3.118801e+04
3.082538e+04 3.081988e+04
3.050734e+04 3.046974e+04
3.002050e+04 2.998668e+04
2.958962e+04 2.957586e+04
2.916654e+04 2.915197e+04
2.844626e+04 2.841846e+04
2.775140e+04 2.772316e+04
2.717659e+04 2.715524e+04
2.683000e+04 2.681614e+04
2.662094e+04 2.661363e+04
2.645608e+04 2.643984e+04
2.613484e+04 2.610988e+04
2.584806e+04 2.582872e+04
2.555851e+04 2.555184e+04
2.528358e+04 2.527289e+04
2.505355e+04 2.504552e+04
2.482251e+04 2.481397e+04
2.455183e+04 2.452791e+04
2.417423e+04 2.415688e+04
2.394169e+04 2.391411e+04
2.368436e+04 2.367722e+04
2.319666e+04 2.317440e+04
2.273669e+04 2.268639e+04
2.227152e+04 2.219280e+04
2.182500e+04 2.179301e+04
2.149704e+04 2.148779e+04
2.119791e+04 2.118224e+04
2.086577e+04 2.085743e+04
2.057906e+04 2.057274e+04
2.036106e+04 2.035384e+04
2.005181e+04 2.004415e+04
1.985248e+04 1.984813e+04
1.963852e+04 1.963123e+04
1.938439e+04 1.937792e+04
1.917730e+04 1.917150e+04
1.895819e+04 1.895549e+04
1.885214e+04 1.884705e+04
1.874243e+04 1.874052e+04
1.867465e+04 1.867162e+04
1.860447e+04 1.860296e+04
1.853389e+04 1.853003e+04
1.843688e+04 1.842621e+04
1.833079e+04 1.832802e+04
1.822962e+04 1.822505e+04
1.813533e+04 1.810744e+04
1.798914e+04 1.796814e+04
1.784912e+04 1.781688e+04
1.766547e+04 1.765514e+04
1.751735e+04 1.751298e+04
1.735714e+04 1.735265e+04
1.720606e+04 1.719785e+04
1.700468e+04 1.699991e+04
1.679934e+04 1.679001e+04
1.654369e+04 1.652915e+04
1.633688e+04 1.632987e+04
1.614247e+04 1.612415e+04
1.590423e+04 1.586856e+04
1.564892e+04 1.563280e+04
1.489415e+10 3.540395e+09
2.828556e+08 1.163528e+08
3.255154e+07 2.545850e+07
3.282000e+06 3.134696e+06
9.680638e+05 9.261552e+05
7.921059e+05 7.861319e+05
5.765987e+05 5.635456e+05
4.130102e+05 4.003058e+05
3.240117e+05 3.194415e+05
2.524979e+05 2.408700e+05
2.169762e+05 2.160770e+05
1.885269e+05 1.801945e+05
1.507748e+05 1.495281e+05
1.361228e+05 1.331045e+05
1.053071e+05 1.046060e+05
9.655887e+04 9.459235e+04
8.592077e+04 8.564229e+04
7.772394e+04 7.729797e+04
7.051825e+04 7.036324e+04
6.151177e+04 5.964214e+04
5.567397e+04 5.559378e+04
5.315966e+04 5.307899e+04
5.112016e+04 5.096681e+04
4.830658e+04 4.825629e+04
4.566546e+04 4.555986e+04
4.333241e+04 4.316666e+04
3.913920e+04 3.898986e+04
3.640555e+04 3.620973e+04
3.468707e+04 3.465259e+04
3.304831e+04 3.297339e+04
3.175568e+04 3.167866e+04
2.996614e+04 2.985090e+04
2.850359e+04 2.846403e+04
2.724206e+04 2.721420e+04
2.595824e+04 2.587897e+04
2.515960e+04 2.514654e+04
2.429803e+04 2.428498e+04
2.362737e+04 2.359808e+04
2.277161e+04 2.272896e+04
2.214260e+04 2.211679e+04
2.087158e+04 2.073256e+04
1.966291e+04 1.957951e+04
1.871160e+04 1.868437e+04
1.790154e+04 1.788345e+04
1.738282e+04 1.736939e+04
1.704950e+04 1.704036e+04
1.680585e+04 1.679700e+04
1.647546e+04 1.644546e+04
1.616552e+04 1.614056e+04
1.598293e+04 1.597845e+04
1.580819e+04 1.579977e+04
1.560785e+04 1.559857e+04
1.543998e+04 1.543199e+04
1.526599e+04 1.525935e+04
1.507011e+04 1.506511e+04
1.493194e+04 1.492900e+04
1.484704e+04 1.484335e+04
1.470321e+04 1.468903e+04
1.446852e+04 1.446285e+04
1.428659e+04 1.428440e+04
1.409909e+04 1.409471e+04
1.393767e+04 1.393049e+04
1.375978e+04 1.375476e+04
1.354493e+04 1.352280e+04
1.337501e+04 1.337017e+04
1.317288e+04 1.313787e+04
1.296843e+04 1.295140e+04
1.270542e+04 1.269018e+04
1.250587e+04 1.249586e+04
1.233786e+04 1.233330e+04
1.221491e+04 1.220964e+04
1.213707e+04 1.213507e+04
1.203317e+04 1.202837e+04
1.195545e+04 1.195278e+04
1.185807e+04 1.185453e+04
1.170592e+04 1.169607e+04
1.156708e+04 1.156131e+04
1.145803e+04 1.144527e+04
1.124271e+04 1.121985e+04
1.106225e+04 1.105680e+04
1.093449e+04 1.092714e+04
1.079646e+04 1.078738e+04
1.072269e+04 1.070793e+04
1.058964e+04 1.058497e+04
1.049616e+04 1.049535e+04
1.045543e+04 1.045428e+04
1.040827e+04 1.040702e+04
1.036494e+04 1.036363e+04
1.033572e+04 1.033481e+04
1.030439e+04 1.030377e+04
1.027950e+04 1.027694e+04
1.024351e+04 1.024311e+04
1.022715e+04 1.022647e+04
1.019958e+04 1.019778e+04
1.016505e+04 1.016446e+04
1.013235e+04 1.013187e+04
1.010321e+04 1.010160e+04
1.005777e+04 1.005528e+04
9.947071e+03 9.942952e+03
9.840295e+03 9.837168e+03
9.778752e+03 9.774471e+03
1.421595e+10 3.849857e+09
1.205715e+08 4.527312e+07
4.132306e+06 3.802579e+06
1.836721e+06 1.790993e+06
1.026290e+06 1.011097e+06
6.921952e+05 6.679527e+05
3.295171e+05 3.123951e+05
2.790815e+05 2.676311e+05
2.326378e+05 2.322307e+05
2.107513e+05 2.079469e+05
1.761934e+05 1.756700e+05
1.594627e+05 1.592706e+05
1.474079e+05 1.436383e+05
1.294182e+05 1.274744e+05
1.101507e+05 1.091602e+05
9.976723e+04 9.933311e+04
8.798887e+04 8.692473e+04
8.107801e+04 8.088876e+04
7.550388e+04 7.536458e+04
6.988404e+04 6.975498e+04
6.670265e+04 6.661934e+04
6.244981e+04 6.208899e+04
5.682852e+04 5.647395e+04
5.195787e+04 5.185154e+04
4.876192e+04 4.868988e+04
4.485768e+04 4.478838e+04
4.212183e+04 4.204607e+04
4.009636e+04 3.996247e+04
3.834113e+04 3.820573e+04
3.666461e+04 3.661605e+04
3.462406e+04 3.445670e+04
3.211799e+04 3.202468e+04
2.916911e+04 2.909842e+04
2.790104e+04 2.780377e+04
2.696576e+04 2.690656e+04
2.579828e+04 2.575696e+04
2.529273e+04 2.528220e+04
2.492123e+04 2.490532e+04
2.437794e+04 2.435362e+04
2.381700e+04 2.379695e+04
2.338261e+04 2.333580e+04
2.306305e+04 2.305433e+04
2.287793e+04 2.287299e+04
2.270406e+04 2.269490e+04
2.248338e+04 2.247466e+04
2.229811e+04 2.229104e+04
2.207087e+04 2.205003e+04
2.168749e+04 2.164923e+04
2.137597e+04 2.135078e+04
2.115463e+04 2.115033e+04
2.100169e+04 2.099760e+04
2.079439e+04 2.079009e+04
2.059616e+04 2.058451e+04
2.032795e+04 2.031387e+04
1.997700e+04 1.992120e+04
1.953128e+04 1.951329e+04
1.910386e+04 1.907671e+04
1.866211e+04 1.864008e+04
1.826709e+04 1.825914e+04
1.794972e+04 1.789679e+04
1.762763e+04 1.761892e+04
1.745677e+04 1.745019e+04
1.724940e+04 1.724014e+04
1.695925e+04 1.695068e+04
1.660289e+04 1.659257e+04
1.631528e+04 1.629183e+04
1.596307e+04 1.595002e+04
1.569419e+04 1.567537e+04
1.551129e+04 1.549974e+04
1.535903e+04 1.535627e+04
1.522866e+04 1.522759e+04
1.510294e+04 1.510073e+04
1.497909e+04 1.497641e+04
1.484866e+04 1.484205e+04
1.465854e+04 1.465005e+04
1.447314e+04 1.444530e+04
1.423700e+04 1.423050e+04
1.384843e+04 1.383007e+04
1.358903e+04 1.358206e+04
1.335732e+04 1.334968e+04
1.314158e+04 1.312978e+04
1.299424e+04 1.299102e+04
1.286766e+04 1.286552e+04
1.276945e+04 1.276661e+04
1.264336e+04 1.263732e+04
1.249700e+04 1.249304e+04
1.242277e+04 1.242057e+04
1.235526e+04 1.235305e+04
1.230510e+04 1.230330e+04
1.225416e+04 1.225141e+04
1.220043e+04 1.219637e+04
1.212077e+04 1.211920e+04
1.206193e+04 1.205695e+04
1.197497e+04 1.197216e+04
1.189913e+04 1.189081e+04
1.182702e+04 1.182332e+04
1.174695e+04 1.174590e+04
1.168661e+04 1.168497e+04
1.161249e+04 1.160892e+04
1.155368e+04 1.155139e+04
1.150535e+04 1.150361e+04
1.634078e+10 3.142407e+09
1.112787e+08 5.015215e+07
6.968321e+06 5.854066e+06
1.777276e+06 1.660321e+06
9.860070e+05 9.113421e+05
6.519758e+05 6.469179e+05
5.023683e+05 4.930822e+05
4.282166e+05 4.106604e+05
3.762478e+05 3.754250e+05
3.209998e+05 3.183589e+05
2.906516e+05 2.897436e+05
2.421631e+05 2.393662e+05
2.130959e+05 2.127807e+05
1.817447e+05 1.799081e+05
1.661926e+05 1.657297e+05
1.489677e+05 1.434942e+05
1.321859e+05 1.318433e+05
1.158893e+05 1.113582e+05
9.409937e+04 9.308139e+04
8.367979e+04 8.009819e+04
6.832494e+04 6.750924e+04
5.663434e+04 5.573062e+04
4.923023e+04 4.900191e+04
4.632936e+04 4.626841e+04
4.436094e+04 4.422448e+04
4.265662e+04 4.259760e+04
3.918423e+04 3.907113e+04
3.755375e+04 3.753793e+04
3.636171e+04 3.630696e+04
3.455272e+04 3.450687e+04
3.184285e+04 3.172713e+04
3.083394e+04 3.080772e+04
3.019386e+04 3.018003e+04
2.943597e+04 2.941737e+04
2.902526e+04 2.901834e+04
2.851756e+04 2.849926e+04
2.804824e+04 2.803296e+04
2.766324e+04 2.763931e+04
2.703955e+04 2.702695e+04
2.578790e+04 2.573217e+04
2.475467e+04 2.473219e+04
2.427049e+04 2.400258e+04
2.320504e+04 2.316571e+04
2.249375e+04 2.247000e+04
2.174022e+04 2.171899e+04
2.110595e+04 2.107580e+04
2.031541e+04 2.029651e+04
1.966186e+04 1.960381e+04
1.874079e+04 1.869777e+04
1.797269e+04 1.796119e+04
1.753771e+04 1.751940e+04
1.716712e+04 1.715106e+04
1.689377e+04 1.688745e+04
1.661219e+04 1.660036e+04
1.634258e+04 1.633312e+04
1.602158e+04 1.601372e+04
1.573494e+04 1.571213e+04
1.545437e+04 1.544737e+04
1.522117e+04 1.521235e+04
1.509907e+04 1.508138e+04
1.486451e+04 1.485568e+04
1.472600e+04 1.472107e+04
1.452301e+04 1.451073e+04
1.428715e+04 1.426706e+04
1.410366e+04 1.409773e+04
1.395578e+04 1.395097e+04
1.386183e+04 1.385694e+04
1.377172e+04 1.376891e+04
1.371436e+04 1.371319e+04
1.365267e+04 1.365068e+04
1.358227e+04 1.357849e+04
1.349089e+04 1.348935e+04
1.340612e+04 1.340108e+04
1.332990e+04 1.332158e+04
1.323346e+04 1.322959e+04
1.317427e+04 1.317035e+04
1.311444e+04 1.310759e+04
1.307226e+04 1.306949e+04
1.303854e+04 1.303598e+04
1.299351e+04 1.299025e+04
1.294635e+04 1.294101e+04
1.289387e+04 1.288722e+04
1.282716e+04 1.282116e+04
1.273342e+04 1.272383e+04
1.258154e+04 1.257692e+04
1.241133e+04 1.239766e+04
1.214502e+04 1.212466e+04
1.198277e+04 1.196888e+04
1.184381e+04 1.183908e+04
1.171067e+04 1.170179e+04
1.164155e+04 1.163837e+04
1.158363e+04 1.158260e+04
1.154700e+04 1.154405e+04
1.150487e+04 1.150167e+04
1.146970e+04 1.146887e+04
1.143357e+04 1.143099e+04
1.140158e+04 1.139868e+04
1.137899e+04 1.137796e+04
1.136007e+04 1.135702e+04
1.132191e+04 1.131897e+04
1.127695e+04 1.127386e+04
1.527918e+10 1.557860e+09
2.271706e+08 9.718558e+07
8.478420e+06 5.710336e+06
5.350940e+05 5.014242e+05
2.346055e+05 2.140936e+05
1.308239e+05 1.271468e+05
1.065590e+05 1.061105e+05
9.184022e+04 9.088544e+04
7.499749e+04 7.429802e+04
6.655690e+04 6.597601e+04
6.105827e+04 6.095609e+04
5.677294e+04 5.661430e+04
5.468204e+04 5.463283e+04
5.229388e+04 5.215029e+04
4.978426e+04 4.969838e+04
4.771608e+04 4.761650e+04
4.632439e+04 4.626853e+04
4.454714e+04 4.452048e+04
4.319660e+04 4.313072e+04
4.150874e+04 4.144485e+04
3.871864e+04 3.862928e+04
3.668318e+04 3.655636e+04
3.496406e+04 3.494557e+04
3.368367e+04 3.364593e+04
3.231009e+04 3.225174e+04
3.048870e+04 3.039202e+04
2.944490e+04 2.942793e+04
2.877990e+04 2.875793e+04
2.798981e+04 2.795474e+04
2.730133e+04 2.728825e+04
2.645832e+04 2.643638e+04
2.576439e+04 2.573822e+04
2.500514e+04 2.494573e+04
2.434480e+04 2.433136e+04
2.352321e+04 2.348880e+04
2.285404e+04 2.282658e+04
2.222446e+04 2.220422e+04
2.159810e+04 2.157145e+04
2.106629e+04 2.105612e+04
2.065801e+04 2.063593e+04
2.014238e+04 2.012894e+04
1.975821e+04 1.974955e+04
1.938134e+04 1.937484e+04
1.914586e+04 1.914179e+04
1.887507e+04 1.887073e+04
1.865552e+04 1.864850e+04
1.840988e+04 1.840497e+04
1.819555e+04 1.819099e+04
1.795127e+04 1.792450e+04
1.777266e+04 1.776606e+04
1.755001e+04 1.751934e+04
1.714556e+04 1.710865e+04
1.655473e+04 1.653609e+04
1.614700e+04 1.610374e+04
1.562025e+04 1.560421e+04
1.518199e+04 1.512522e+04
1.463312e+04 1.460365e+04
1.435670e+04 1.433502e+04
1.412953e+04 1.412193e+04
1.394568e+04 1.391450e+04
1.368037e+04 1.367101e+04
1.352560e+04 1.352167e+04
1.340706e+04 1.340387e+04
1.324383e+04 1.321768e+04
1.297037e+04 1.295496e+04
1.259688e+04 1.256240e+04
1.217100e+04 1.211421e+04
1.174778e+04 1.163839e+04
1.135834e+04 1.124331e+04
1.087402e+04 1.086798e+04
1.067487e+04 1.065915e+04
1.053453e+04 1.052995e+04
1.042426e+04 1.042278e+04
1.033916e+04 1.033582e+04
1.011841e+04 1.010410e+04
9.931210e+03 9.920166e+03
9.754821e+03 9.751231e+03
9.609354e+03 9.605911e+03
9.507578e+03 9.506264e+03
9.462716e+03 9.460824e+03
9.414380e+03 9.413928e+03
9.341267e+03 9.336498e+03
9.199304e+03 9.186568e+03
9.002289e+03 8.998423e+03
8.859216e+03 8.825613e+03
8.657158e+03 8.651998e+03
8.555287e+03 8.551460e+03
8.473798e+03 8.469822e+03
8.402999e+03 8.398097e+03
8.308975e+03 8.307436e+03
8.229212e+03 8.225121e+03
8.134101e+03 8.128627e+03
8.030439e+03 8.027030e+03
7.944309e+03 7.934810e+03
7.882371e+03 7.881426e+03
7.818863e+03 7.812771e+03
7.744419e+03 7.742462e+03
7.702754e+03 7.697633e+03
7.644993e+03 7.643383e+03
7.622921e+03 7.621834e+03
7.591350e+03 7.590330e+03
1.480418e+10 3.809915e+09
1.038581e+08 5.287542e+07
4.803199e+06 4.488617e+06
1.859468e+06 1.789368e+06
8.048705e+05 7.922095e+05
5.731766e+05 5.661179e+05
5.160777e+05 5.035307e+05
4.315459e+05 4.277252e+05
3.383794e+05 3.276158e+05
1.958363e+05 1.914638e+05
1.562507e+05 1.549332e+05
1.423972e+05 1.416243e+05
1.249818e+05 1.248228e+05
1.151634e+05 1.147941e+05
9.743723e+04 9.690146e+04
8.592016e+04 8.560504e+04
8.112581e+04 8.105123e+04
7.697739e+04 7.685047e+04
7.430270e+04 7.418716e+04
7.226083e+04 7.200761e+04
6.956074e+04 6.944728e+04
6.762083e+04 6.748023e+04
6.534520e+04 6.530881e+04
6.379365e+04 6.377915e+04
6.233982e+04 6.228428e+04
5.955016e+04 5.911859e+04
5.563400e+04 5.551786e+04
5.382389e+04 5.377752e+04
5.288368e+04 5.285874e+04
5.185279e+04 5.164661e+04
4.958442e+04 4.928497e+04
4.786530e+04 4.781039e+04
4.607054e+04 4.599644e+04
4.417619e+04 4.405457e+04
4.170682e+04 4.152229e+04
3.799422e+04 3.788878e+04
3.601391e+04 3.576643e+04
3.454005e+04 3.447036e+04
3.346988e+04 3.337003e+04
3.263323e+04 3.261251e+04
3.165429e+04 3.161016e+04
3.049154e+04 3.041188e+04
2.937055e+04 2.931512e+04
2.852877e+04 2.849871e+04
2.795647e+04 2.793492e+04
2.717148e+04 2.713427e+04
2.629963e+04 2.613993e+04
2.556998e+04 2.555452e+04
2.529752e+04 2.528395e+04
2.504918e+04 2.503801e+04
2.469018e+04 2.463261e+04
2.435488e+04 2.433090e+04
2.410293e+04 2.409300e+04
2.389958e+04 2.389404e+04
2.373408e+04 2.372418e+04
2.358515e+04 2.358231e+04
2.341888e+04 2.339039e+04
2.318130e+04 2.316774e+04
2.293165e+04 2.290686e+04
2.264745e+04 2.261748e+04
2.241852e+04 2.241261e+04
2.219132e+04 2.218168e+04
2.195583e+04 2.194765e+04
2.170801e+04 2.169712e+04
2.141565e+04 2.140907e+04
2.121276e+04 2.121008e+04
2.102673e+04 2.101520e+04
2.076620e+04 2.075414e+04
2.047415e+04 2.046113e+04
2.015911e+04 2.015457e+04
1.995556e+04 1.993659e+04
1.971540e+04 1.966067e+04
1.940042e+04 1.939481e+04
1.905437e+04 1.903816e+04
1.875608e+04 1.875069e+04
1.818950e+04 1.817667e+04
1.795533e+04 1.794824e+04
1.782044e+04 1.781374e+04
1.771725e+04 1.771489e+04
1.763385e+04 1.763058e+04
1.755787e+04 1.755365e+04
1.748087e+04 1.747991e+04
1.743037e+04 1.742816e+04
1.737271e+04 1.737156e+04
1.732368e+04 1.731820e+04
1.727414e+04 1.726996e+04
1.721704e+04 1.721402e+04
1.716337e+04 1.716018e+04
1.709537e+04 1.709347e+04
1.697725e+04 1.696591e+04
1.681784e+04 1.681147e+04
1.653062e+04 1.651590e+04
1.619281e+04 1.614385e+04
1.590173e+04 1.581082e+04
1.557400e+04 1.553948e+04
1.523674e+04 1.522497e+04
1.492538e+04 1.491037e+04
1.457351e+04 1.456190e+04
1.436795e+04 1.435823e+04
1.411633e+04 1.410803e+04
1.392424e+04 1.391922e+04
1.375295e+10 3.226370e+09
1.494864e+08 7.021412e+07
1.077315e+07 8.954993e+06
1.933672e+06 1.839621e+06
9.073450e+05 8.689982e+05
6.499721e+05 6.402577e+05
4.567111e+05 4.502390e+05
3.050520e+05 2.995640e+05
2.660891e+05 2.656056e+05
2.371618e+05 2.293214e+05
1.899684e+05 1.811724e+05
1.622916e+05 1.611409e+05
1.499510e+05 1.497152e+05
1.387546e+05 1.382975e+05
1.329978e+05 1.327062e+05
1.260459e+05 1.258988e+05
1.164748e+05 1.159704e+05
1.031922e+05 1.028162e+05
9.675179e+04 9.627604e+04
9.147044e+04 9.118658e+04
8.620569e+04 8.554633e+04
8.131139e+04 8.106019e+04
7.445429e+04 7.426065e+04
7.081489e+04 7.055546e+04
6.616060e+04 6.609255e+04
6.308148e+04 6.289304e+04
6.127882e+04 6.124436e+04
5.928774e+04 5.856100e+04
5.629477e+04 5.620690e+04
5.451983e+04 5.448657e+04
5.253349e+04 5.246751e+04
5.115264e+04 5.104294e+04
4.910808e+04 4.901956e+04
4.706372e+04 4.702698e+04
4.558882e+04 4.557140e+04
4.414181e+04 4.409249e+04
4.326121e+04 4.322146e+04
4.153825e+04 4.143751e+04
4.009452e+04 4.007038e+04
3.888276e+04 3.884637e+04
3.801483e+04 3.799436e+04
3.757653e+04 3.756771e+04
3.717313e+04 3.715279e+04
3.675805e+04 3.673232e+04
3.567264e+04 3.549495e+04
3.448122e+04 3.438351e+04
3.373873e+04 3.371464e+04
3.280929e+04 3.276329e+04
3.204375e+04 3.201979e+04
3.128551e+04 3.122177e+04
3.065820e+04 3.041301e+04
2.978075e+04 2.975399e+04
2.928936e+04 2.924530e+04
2.854793e+04 2.851910e+04
2.784951e+04 2.783632e+04
2.646672e+04 2.624820e+04
2.521840e+04 2.517134e+04
2.454455e+04 2.442380e+04
2.349148e+04 2.329100e+04
2.225757e+04 2.214627e+04
2.123809e+04 2.121230e+04
2.076992e+04 2.076131e+04
2.039798e+04 2.038441e+04
1.974912e+04 1.969861e+04
1.906667e+04 1.905447e+04
1.867076e+04 1.865843e+04
1.827941e+04 1.825380e+04
1.788013e+04 1.787149e+04
1.752180e+04 1.748599e+04
1.725247e+04 1.724736e+04
1.706568e+04 1.705894e+04
1.694232e+04 1.693522e+04
1.670282e+04 1.669069e+04
1.633446e+04 1.630295e+04
1.590090e+04 1.585888e+04
1.553487e+04 1.551602e+04
1.523742e+04 1.522805e+04
1.507308e+04 1.506264e+04
1.483721e+04 1.482910e+04
1.460511e+04 1.459913e+04
1.443227e+04 1.441853e+04
1.426894e+04 1.426221e+04
1.415468e+04 1.415096e+04
1.404999e+04 1.404749e+04
1.396771e+04 1.396525e+04
1.383297e+04 1.382639e+04
1.365606e+04 1.361680e+04
1.345191e+04 1.343706e+04
1.328135e+04 1.327413e+04
1.318556e+04 1.318352e+04
1.309458e+04 1.308633e+04
1.295421e+04 1.294361e+04
1.283823e+04 1.282300e+04
1.270457e+04 1.269695e+04
1.258180e+04 1.257421e+04
1.247296e+04 1.247060e+04
1.238579e+04 1.237734e+04
1.225085e+04 1.224556e+04
1.214804e+04 1.214428e+04
1.206610e+04 1.206051e+04
1.199665e+04 1.199445e+04
1.516899e+10 3.999190e+09
1.388821e+08 6.177479e+07
4.940271e+06 4.585085e+06
2.184506e+06 2.054817e+06
7.445211e+05 6.120655e+05
3.304376e+05 3.153535e+05
2.631103e+05 2.591669e+05
2.102899e+05 2.083264e+05
2.004766e+05 1.998387e+05
1.853520e+05 1.848910e+05
1.687001e+05 1.682563e+05
1.495610e+05 1.479895e+05
1.203122e+05 1.162833e+05
9.381260e+04 8.915138e+04
7.286267e+04 7.096637e+04
5.752478e+04 5.702414e+04
5.018299e+04 4.996827e+04
4.559678e+04 4.529263e+04
4.345440e+04 4.337359e+04
4.215402e+04 4.209980e+04
4.129505e+04 4.123437e+04
4.079002e+04 4.077754e+04
4.047955e+04 4.047376e+04
4.015503e+04 4.014641e+04
3.983136e+04 3.982332e+04
3.948588e+04 3.947742e+04
3.896077e+04 3.891159e+04
3.821014e+04 3.818087e+04
3.742939e+04 3.739726e+04
3.700186e+04 3.699327e+04
3.651345e+04 3.650174e+04
3.574829e+04 3.571799e+04
3.515230e+04 3.512781e+04
3.453560e+04 3.451799e+04
3.413423e+04 3.410737e+04
3.339236e+04 3.336918e+04
3.258777e+04 3.255155e+04
3.181407e+04 3.179306e+04
3.088534e+04 3.083950e+04
3.002421e+04 3.000107e+04
2.959093e+04 2.958212e+04
2.922844e+04 2.921093e+04
2.872029e+04 2.869943e+04
2.834714e+04 2.832314e+04
2.800756e+04 2.799331e+04
2.771810e+04 2.769841e+04
2.750366e+04 2.749941e+04
2.727385e+04 2.726905e+04
2.703153e+04 2.702279e+04
2.671039e+04 2.670056e+04
2.643121e+04 2.642173e+04
2.627253e+04 2.614774e+04
2.584976e+04 2.583939e+04
2.548163e+04 2.538312e+04
2.507128e+04 2.506217e+04
2.489084e+04 2.485863e+04
2.461409e+04 2.460715e+04
2.436549e+04 2.435224e+04
2.404132e+04 2.402929e+04
2.365715e+04 2.364043e+04
2.308905e+04 2.304911e+04
2.234658e+04 2.232854e+04
2.178524e+04 2.177059e+04
2.141378e+04 2.140118e+04
2.092919e+04 2.088834e+04
2.054630e+04 2.051130e+04
2.007921e+04 2.003668e+04
1.961185e+04 1.959338e+04
1.909003e+04 1.906160e+04
1.834946e+04 1.822624e+04
1.763038e+04 1.759035e+04
1.699620e+04 1.696969e+04
1.659774e+04 1.656876e+04
1.623193e+04 1.619536e+04
1.591322e+04 1.590323e+04
1.565659e+04 1.559691e+04
1.516398e+04 1.513753e+04
1.481635e+04 1.481177e+04
1.464881e+04 1.464079e+04
1.448047e+04 1.447570e+04
1.416692e+04 1.414357e+04
1.386619e+04 1.385939e+04
1.353902e+04 1.353148e+04
1.328082e+04 1.327082e+04
1.305437e+04 1.304628e+04
1.295800e+04 1.295529e+04
1.286397e+04 1.286256e+04
1.274809e+04 1.274079e+04
1.262790e+04 1.262243e+04
1.253858e+04 1.253628e+04
1.241194e+04 1.239990e+04
1.232245e+04 1.231973e+04
1.221435e+04 1.220855e+04
1.212756e+04 1.211992e+04
1.203142e+04 1.202538e+04
1.196259e+04 1.195651e+04
1.189659e+04 1.189481e+04
1.183828e+04 1.183719e+04
1.179255e+04 1.179018e+04
1.174705e+04 1.174551e+04
1.170310e+04 1.170222e+04
1.509301e+10 3.998776e+09
1.070794e+08 4.208635e+07
6.244254e+06 5.560331e+06
2.020272e+06 1.857927e+06
1.104727e+06 1.035619e+06
8.355885e+05 7.053919e+05
4.948411e+05 4.872224e+05
4.226735e+05 4.224762e+05
3.806149e+05 3.657271e+05
2.480437e+05 2.395281e+05
1.810368e+05 1.780493e+05
1.663061e+05 1.654783e+05
1.577569e+05 1.576829e+05
1.455892e+05 1.380718e+05
1.241242e+05 1.236222e+05
1.165095e+05 1.160158e+05
1.095127e+05 1.089967e+05
9.186772e+04 9.129092e+04
8.133617e+04 8.093114e+04
7.064530e+04 7.030577e+04
6.635840e+04 6.628894e+04
6.378992e+04 6.372626e+04
6.168192e+04 6.152235e+04
6.031119e+04 6.028418e+04
5.888327e+04 5.881024e+04
5.575135e+04 5.567076e+04
5.254546e+04 5.241660e+04
4.811659e+04 4.790375e+04
4.495655e+04 4.480612e+04
4.325219e+04 4.321081e+04
4.144579e+04 4.138949e+04
3.973168e+04 3.967786e+04
3.695408e+04 3.599816e+04
3.447313e+04 3.416164e+04
3.235816e+04 3.232016e+04
3.103935e+04 3.101862e+04
2.951986e+04 2.942984e+04
2.833552e+04 2.797231e+04
2.607205e+04 2.599059e+04
2.478169e+04 2.472070e+04
2.392091e+04 2.390053e+04
2.324182e+04 2.322250e+04
2.271176e+04 2.269383e+04
2.217037e+04 2.215406e+04
2.161992e+04 2.158530e+04
2.032595e+04 2.028017e+04
1.944207e+04 1.938937e+04
1.896419e+04 1.890470e+04
1.857997e+04 1.857552e+04
1.836137e+04 1.835399e+04
1.797931e+04 1.797073e+04
1.774022e+04 1.773515e+04
1.757845e+04 1.757295e+04
1.741180e+04 1.740732e+04
1.725833e+04 1.725444e+04
1.707556e+04 1.705871e+04
1.669810e+04 1.667014e+04
1.606797e+04 1.602084e+04
1.565181e+04 1.561806e+04
1.483328e+04 1.480770e+04
1.384943e+04 1.382733e+04
1.299920e+04 1.285307e+04
1.239117e+04 1.235922e+04
1.194635e+04 1.193854e+04
1.178617e+04 1.178163e+04
1.167105e+04 1.166880e+04
1.156108e+04 1.155909e+04
1.147609e+04 1.147490e+04
1.140763e+04 1.140633e+04
1.136623e+04 1.136501e+04
1.132895e+04 1.132728e+04
1.127967e+04 1.127552e+04
1.120807e+04 1.120538e+04
1.111723e+04 1.111422e+04
1.105645e+04 1.105529e+04
1.100950e+04 1.100767e+04
1.092623e+04 1.092282e+04
1.078543e+04 1.077634e+04
1.056689e+04 1.056002e+04
1.043960e+04 1.042285e+04
1.024246e+04 1.021854e+04
1.001463e+04 1.000013e+04
9.860183e+03 9.850224e+03
9.680699e+03 9.673879e+03
9.451913e+03 9.438382e+03
9.249209e+03 9.228655e+03
9.107442e+03 9.104658e+03
9.033894e+03 9.031062e+03
8.982983e+03 8.981403e+03
8.925537e+03 8.923921e+03
8.883757e+03 8.882421e+03
8.844913e+03 8.844390e+03
8.816079e+03 8.814930e+03
8.793026e+03 8.790771e+03
8.769715e+03 8.769050e+03
8.753415e+03 8.753091e+03
8.742396e+03 8.742019e+03
8.725404e+03 8.724924e+03
8.710651e+03 8.709956e+03
8.689735e+03 8.689079e+03
8.659717e+03 8.658694e+03
1.433655e+10 4.219455e+09
1.326190e+08 5.274800e+07
1.040969e+07 8.578728e+06
2.104591e+06 2.042913e+06
1.496327e+06 1.485574e+06
1.222452e+06 1.045441e+06
7.587896e+05 7.125090e+05
5.645726e+05 5.539994e+05
4.501414e+05 4.375621e+05
3.397373e+05 3.372095e+05
3.075609e+05 3.003484e+05
2.695086e+05 2.684177e+05
2.186800e+05 2.133815e+05
1.643620e+05 1.616882e+05
1.422700e+05 1.401124e+05
1.133133e+05 1.125327e+05
1.002408e+05 1.000177e+05
8.927849e+04 8.837361e+04
8.001803e+04 7.983553e+04
7.384517e+04 7.381337e+04
7.161316e+04 7.150625e+04
6.931222e+04 6.921538e+04
6.660477e+04 6.652174e+04
6.337078e+04 6.330697e+04
5.825923e+04 5.812616e+04
5.596107e+04 5.548438e+04
5.311997e+04 5.282935e+04
5.051197e+04 5.040912e+04
4.802023e+04 4.670234e+04
4.387731e+04 4.378300e+04
4.096262e+04 4.091649e+04
3.844021e+04 3.839579e+04
3.681417e+04 3.673472e+04
3.588088e+04 3.583128e+04
3.492308e+04 3.489240e+04
3.352873e+04 3.335355e+04
3.232044e+04 3.131258e+04
2.902573e+04 2.890013e+04
2.736388e+04 2.724757e+04
2.591779e+04 2.587522e+04
2.485580e+04 2.478344e+04
2.412140e+04 2.411410e+04
2.384284e+04 2.383796e+04
2.329250e+04 2.327983e+04
2.292721e+04 2.290995e+04
2.250901e+04 2.248899e+04
2.205679e+04 2.202994e+04
2.135044e+04 2.133071e+04
2.065606e+04 2.063206e+04
2.015182e+04 2.013217e+04
1.960503e+04 1.959901e+04
1.943835e+04 1.943684e+04
1.927411e+04 1.926900e+04
1.906002e+04 1.905539e+04
1.861163e+04 1.859694e+04
1.794488e+04 1.787905e+04
1.747430e+04 1.746628e+04
1.701138e+04 1.698570e+04
1.672124e+04 1.671626e+04
1.652133e+04 1.651830e+04
1.627637e+04 1.626743e+04
1.608895e+04 1.608499e+04
1.588727e+04 1.587737e+04
1.575855e+04 1.575690e+04
1.568721e+04 1.568304e+04
1.562627e+04 1.562538e+04
1.558627e+04 1.558134e+04
1.542960e+04 1.542498e+04
1.528555e+04 1.527621e+04
1.508598e+04 1.507531e+04
1.490291e+04 1.489214e+04
1.457451e+04 1.454330e+04
1.428596e+04 1.426328e+04
1.399737e+04 1.395390e+04
1.370274e+04 1.369350e+04
1.339387e+04 1.338675e+04
1.323192e+04 1.322857e+04
1.318765e+04 1.318709e+04
1.312102e+04 1.311672e+04
1.302945e+04 1.302336e+04
1.289443e+04 1.288914e+04
1.275299e+04 1.274881e+04
1.266205e+04 1.266021e+04
1.256657e+04 1.256232e+04
1.243907e+04 1.243345e+04
1.227083e+04 1.226527e+04
1.210298e+04 1.206742e+04
1.187175e+04 1.186624e+04
1.174235e+04 1.170369e+04
1.149842e+04 1.148948e+04
1.126179e+04 1.124659e+04
1.108333e+04 1.107850e+04
1.100803e+04 1.100067e+04
1.086450e+04 1.086140e+04
1.071919e+04 1.071524e+04
1.064093e+04 1.060886e+04
1.050740e+04 1.050387e+04
1.042359e+04 1.042006e+04
1.034282e+04 1.034130e+04
1.026119e+04 1.025680e+04
1.016002e+04 1.012690e+04
1.543544e+10 4.433880e+09
1.450764e+08 9.439246e+07
1.001900e+07 9.089097e+06
2.785850e+06 2.600599e+06
1.548644e+06 1.488865e+06
9.714637e+05 9.496035e+05
6.920777e+05 6.666454e+05
4.447906e+05 3.913270e+05
2.260460e+05 2.228527e+05
1.970013e+05 1.964597e+05
1.828318e+05 1.824747e+05
1.713916e+05 1.711912e+05
1.666877e+05 1.666115e+05
1.608748e+05 1.606928e+05
1.540247e+05 1.538477e+05
1.501423e+05 1.500170e+05
1.456705e+05 1.451177e+05
1.410279e+05 1.409093e+05
1.362828e+05 1.360268e+05
1.302433e+05 1.300126e+05
1.233045e+05 1.208623e+05
1.150665e+05 1.146898e+05
1.080455e+05 1.053880e+05
1.023570e+05 9.689998e+04
9.247008e+04 8.655605e+04
8.174991e+04 8.153586e+04
7.877349e+04 7.872063e+04
7.435524e+04 7.424661e+04
7.051993e+04 7.005076e+04
6.503236e+04 6.483200e+04
5.812495e+04 5.772689e+04
5.209706e+04 5.198412e+04
4.901534e+04 4.893060e+04
4.658768e+04 4.651771e+04
4.507952e+04 4.501792e+04
4.303740e+04 4.293727e+04
4.173148e+04 4.168959e+04
4.069596e+04 4.067002e+04
4.015010e+04 4.014380e+04
3.951072e+04 3.948109e+04
3.828214e+04 3.823678e+04
3.692259e+04 3.689528e+04
3.617697e+04 3.616771e+04
3.541140e+04 3.538676e+04
3.426957e+04 3.422587e+04
3.249977e+04 3.240954e+04
3.145823e+04 3.144793e+04
3.085936e+04 3.084218e+04
3.029111e+04 3.027843e+04
2.950844e+04 2.907529e+04
2.733180e+04 2.725160e+04
2.590085e+04 2.585850e+04
2.499423e+04 2.497051e+04
2.438599e+04 2.436882e+04
2.393743e+04 2.392228e+04
2.345709e+04 2.343608e+04
2.308350e+04 2.307520e+04
2.270430e+04 2.268925e+04
2.230874e+04 2.230457e+04
2.203973e+04 2.197314e+04
2.146792e+04 2.144003e+04
2.108281e+04 2.103135e+04
2.075966e+04 2.071490e+04
2.023856e+04 2.022603e+04
1.975098e+04 1.973697e+04
1.936130e+04 1.935593e+04
1.915098e+04 1.914649e+04
1.896359e+04 1.895042e+04
1.879792e+04 1.879415e+04
1.864848e+04 1.864546e+04
1.847978e+04 1.847625e+04
1.827197e+04 1.826530e+04
1.812131e+04 1.811395e+04
1.789130e+04 1.788599e+04
1.766310e+04 1.765565e+04
1.736827e+04 1.727213e+04
1.651679e+04 1.649775e+04
1.613521e+04 1.610771e+04
1.582786e+04 1.582068e+04
1.563816e+04 1.563346e+04
1.545337e+04 1.544582e+04
1.527100e+04 1.526537e+04
1.511675e+04 1.511492e+04
1.501794e+04 1.501438e+04
1.492075e+04 1.491874e+04
1.481272e+04 1.481014e+04
1.473221e+04 1.472876e+04
1.460083e+04 1.457928e+04
1.436541e+04 1.435919e+04
1.413352e+04 1.412975e+04
1.394468e+04 1.393796e+04
1.378665e+04 1.378147e+04
1.363645e+04 1.363346e+04
1.350519e+04 1.350172e+04
1.336749e+04 1.336256e+04
1.323280e+04 1.322683e+04
1.313235e+04 1.313076e+04
1.297402e+04 1.297053e+04
1.282729e+04 1.282216e+04
1.273872e+04 1.273291e+04
1.263267e+04 1.262984e+04
1.516308e+10 3.375038e+09
8.612525e+07 4.099814e+07
2.824002e+06 2.668797e+06
1.157408e+06 1.035591e+06
7.515468e+05 7.365825e+05
6.173622e+05 6.120033e+05
5.403481e+05 5.223817e+05
4.262672e+05 4.161103e+05
3.895608e+05 3.880892e+05
3.603157e+05 3.592142e+05
3.252712e+05 3.230106e+05
2.989629e+05 2.922126e+05
2.537039e+05 2.488974e+05
2.281583e+05 2.274630e+05
2.203380e+05 2.202404e+05
2.095310e+05 2.091998e+05
1.935180e+05 1.926095e+05
1.802465e+05 1.799381e+05
1.588622e+05 1.583210e+05
1.489512e+05 1.486053e+05
1.381697e+05 1.373640e+05
1.272323e+05 1.268150e+05
1.153785e+05 1.146083e+05
1.105452e+05 1.104390e+05
1.027299e+05 1.019337e+05
9.719071e+04 9.704655e+04
9.249981e+04 9.121129e+04
8.623842e+04 8.575510e+04
7.735443e+04 7.716842e+04
7.445012e+04 7.421556e+04
7.079934e+04 7.056201e+04
6.631184e+04 6.610316e+04
6.265429e+04 6.243631e+04
5.748063e+04 5.735971e+04
5.507978e+04 5.501999e+04
5.299130e+04 5.288872e+04
5.125270e+04 5.119672e+04
4.974666e+04 4.967063e+04
4.889437e+04 4.886617e+04
4.787005e+04 4.775094e+04
4.665944e+04 4.651093e+04
4.461779e+04 4.452702e+04
4.292336e+04 4.276679e+04
4.112314e+04 4.097162e+04
3.999233e+04 3.990458e+04
3.913976e+04 3.912195e+04
3.809295e+04 3.800112e+04
3.729244e+04 3.727620e+04
3.659092e+04 3.657819e+04
3.567340e+04 3.560436e+04
3.459780e+04 3.455605e+04
3.361091e+04 3.358704e+04
3.248256e+04 3.244613e+04
3.163310e+04 3.158981e+04
3.074903e+04 3.072034e+04
2.978108e+04 2.972837e+04
2.839540e+04 2.837229e+04
2.713152e+04 2.710337e+04
2.581221e+04 2.578246e+04
2.500829e+04 2.484322e+04
2.384799e+04 2.378075e+04
2.293097e+04 2.283416e+04
2.217139e+04 2.210933e+04
2.162333e+04 2.155870e+04
2.096684e+04 2.092408e+04
2.054320e+04 2.051687e+04
2.015967e+04 2.014647e+04
1.983045e+04 1.981665e+04
1.950175e+04 1.945605e+04
1.908101e+04 1.906451e+04
1.872257e+04 1.871017e+04
1.843859e+04 1.842815e+04
1.824066e+04 1.822796e+04
1.803300e+04 1.802204e+04
1.769653e+04 1.767568e+04
1.718046e+04 1.716500e+04
1.690964e+04 1.689373e+04
1.676467e+04 1.675759e+04
1.639148e+04 1.637344e+04
1.605704e+04 1.604822e+04
1.581848e+04 1.579386e+04
1.557158e+04 1.556803e+04
1.536078e+04 1.535072e+04
1.519505e+04 1.519197e+04
1.500991e+04 1.498617e+04
1.468099e+04 1.467290e+04
1.440038e+04 1.438714e+04
1.417212e+04 1.416760e+04
1.399178e+04 1.398900e+04
1.386215e+04 1.385499e+04
1.377741e+04 1.377166e+04
1.362937e+04 1.361861e+04
1.348148e+04 1.347875e+04
1.336968e+04 1.336708e+04
1.322097e+04 1.321784e+04
1.310638e+04 1.309090e+04
1.299041e+04 1.298668e+04
1.283968e+04 1.283068e+04
1.268074e+04 1.266713e+04
1.256006e+04 1.233148e+04
1.176810e+04 1.175372e+04
1.386564e+10 3.614923e+09
1.022186e+08 4.175111e+07
2.911496e+06 2.765554e+06
1.576359e+06 1.564076e+06
9.612681e+05 9.432856e+05
8.050486e+05 7.471835e+05
5.623764e+05 5.523350e+05
4.603114e+05 4.583502e+05
4.165204e+05 4.156588e+05
3.782279e+05 3.772336e+05
3.347944e+05 3.323413e+05
3.065691e+05 3.057918e+05
2.492894e+05 2.472973e+05
2.208471e+05 2.198539e+05
2.042604e+05 2.034232e+05
1.902179e+05 1.898146e+05
1.797304e+05 1.789206e+05
1.705513e+05 1.702045e+05
1.593084e+05 1.590559e+05
1.521641e+05 1.513905e+05
1.465552e+05 1.459555e+05
1.409442e+05 1.406545e+05
1.370519e+05 1.368213e+05
1.316561e+05 1.313423e+05
1.235358e+05 1.230975e+05
1.156192e+05 1.143457e+05
1.047020e+05 1.042308e+05
9.367553e+04 9.322027e+04
8.559283e+04 8.493774e+04
8.100113e+04 7.990122e+04
7.736479e+04 7.721982e+04
7.477874e+04 7.421482e+04
6.799724e+04 6.775375e+04
6.283442e+04 6.273201e+04
5.980878e+04 5.965286e+04
5.748183e+04 5.706687e+04
5.550776e+04 5.548749e+04
5.476580e+04 5.474790e+04
5.389429e+04 5.370272e+04
5.189066e+04 5.178811e+04
4.827875e+04 4.795279e+04
4.458897e+04 4.433630e+04
4.093551e+04 4.005843e+04
3.589755e+04 3.506605e+04
3.267673e+04 3.258963e+04
3.090350e+04 3.043740e+04
2.855686e+04 2.840576e+04
2.469330e+04 2.434037e+04
2.262634e+04 2.255955e+04
2.144735e+04 2.136836e+04
2.043302e+04 2.040653e+04
1.936774e+04 1.933755e+04
1.863527e+04 1.861250e+04
1.810407e+04 1.808466e+04
1.751841e+04 1.749963e+04
1.706607e+04 1.705430e+04
1.659637e+04 1.657799e+04
1.619337e+04 1.618038e+04
1.550358e+04 1.546765e+04
1.497983e+04 1.496670e+04
1.450581e+04 1.446127e+04
1.403347e+04 1.400919e+04
1.362107e+04 1.357695e+04
1.335532e+04 1.334847e+04
1.317585e+04 1.317186e+04
1.286317e+04 1.285118e+04
1.256022e+04 1.253743e+04
1.226444e+04 1.225162e+04
1.210629e+04 1.209848e+04
1.191813e+04 1.190585e+04
1.173940e+04 1.173362e+04
1.153471e+04 1.152194e+04
1.131015e+04 1.130542e+04
1.113294e+04 1.112814e+04
1.093162e+04 1.092231e+04
1.064997e+04 1.064214e+04
1.047343e+04 1.046612e+04
1.025818e+04 1.023815e+04
1.002454e+04 1.001704e+04
9.808296e+03 9.798628e+03
9.656334e+03 9.644619e+03
9.536677e+03 9.529607e+03
9.323754e+03 9.318379e+03
9.177699e+03 9.172830e+03
9.072494e+03 9.062992e+03
8.946406e+03 8.943266e+03
8.820839e+03 8.806051e+03
8.697246e+03 8.683102e+03
8.572688e+03 8.565635e+03
8.437257e+03 8.432585e+03
8.352902e+03 8.350049e+03
8.283516e+03 8.273466e+03
8.216963e+03 8.207973e+03
8.170551e+03 8.169682e+03
8.140483e+03 8.139228e+03
8.076075e+03 8.072959e+03
8.012783e+03 7.998131e+03
7.912854e+03 7.911858e+03
7.856096e+03 7.853990e+03
7.800119e+03 7.797558e+03
7.741687e+03 7.734016e+03
1.377190e+10 2.766997e+09
1.197358e+08 4.690781e+07
7.925043e+06 7.361024e+06
3.356007e+06 3.260602e+06
1.495867e+06 1.397434e+06
6.343627e+05 6.160710e+05
3.735907e+05 3.661062e+05
3.345081e+05 3.323226e+05
3.011754e+05 3.000986e+05
2.620596e+05 2.565795e+05
2.301769e+05 2.253672e+05
2.030897e+05 2.025771e+05
1.899232e+05 1.892454e+05
1.771951e+05 1.767277e+05
1.664307e+05 1.662010e+05
1.453945e+05 1.407244e+05
8.530524e+04 8.285473e+04
6.902310e+04 6.782554e+04
5.931283e+04 5.910718e+04
5.148582e+04 5.122219e+04
4.633807e+04 4.598605e+04
4.075160e+04 4.041919e+04
3.693414e+04 3.683948e+04
3.545291e+04 3.502797e+04
3.397663e+04 3.394240e+04
3.271316e+04 3.269729e+04
3.178519e+04 3.176122e+04
3.122923e+04 3.121868e+04
3.093646e+04 3.092898e+04
3.054761e+04 3.053859e+04
3.025678e+04 3.024513e+04
3.001112e+04 3.000761e+04
2.972508e+04 2.970735e+04
2.899857e+04 2.898300e+04
2.837357e+04 2.834687e+04
2.788687e+04 2.787700e+04
2.755083e+04 2.753605e+04
2.717739e+04 2.715741e+04
2.691535e+04 2.690364e+04
2.657488e+04 2.656260e+04
2.565275e+04 2.560050e+04
2.464991e+04 2.462299e+04
2.368500e+04 2.364132e+04
2.285963e+04 2.282346e+04
2.230477e+04 2.229019e+04
2.184246e+04 2.170739e+04
2.120287e+04 2.118186e+04
2.098198e+04 2.096948e+04
2.076285e+04 2.075769e+04
2.045747e+04 2.045097e+04
2.031936e+04 2.031362e+04
2.014379e+04 2.013591e+04
1.997173e+04 1.996235e+04
1.971913e+04 1.971349e+04
1.951495e+04 1.950942e+04
1.935263e+04 1.934622e+04
1.898486e+04 1.891778e+04
1.963453e+04 1.799836e+04
1.700269e+04 1.695111e+04
1.622808e+04 1.620046e+04
1.567870e+04 1.565087e+04
1.504363e+04 1.500967e+04
1.459691e+04 1.457850e+04
1.423914e+04 1.422301e+04
1.390395e+04 1.388945e+04
1.365516e+04 1.364851e+04
1.339098e+04 1.337912e+04
1.312930e+04 1.312168e+04
1.294982e+04 1.291970e+04
1.265770e+04 1.264132e+04
1.242673e+04 1.241751e+04
1.212326e+04 1.198631e+04
1.170634e+04 1.157657e+04
1.138921e+04 1.134831e+04
1.119371e+04 1.118458e+04
1.106397e+04 1.105784e+04
1.092635e+04 1.091638e+04
1.076268e+04 1.075869e+04
1.063939e+04 1.063558e+04
1.051934e+04 1.051535e+04
1.043333e+04 1.043051e+04
1.030029e+04 1.029714e+04
1.018789e+04 1.018606e+04
1.013326e+04 1.013051e+04
1.007444e+04 1.007267e+04
1.002032e+04 1.001669e+04
9.955673e+03 9.952568e+03
9.880752e+03 9.878798e+03
9.803674e+03 9.800997e+03
9.715128e+03 9.701438e+03
9.606963e+03 9.604248e+03
9.485615e+03 9.477650e+03
9.380185e+03 9.377117e+03
9.294869e+03 9.291037e+03
9.222266e+03 9.202557e+03
9.117334e+03 9.114960e+03
9.052824e+03 9.051189e+03
8.987361e+03 8.986232e+03
8.945821e+03 8.944973e+03
8.908852e+03 8.906984e+03
8.881811e+03 8.881295e+03
1.439839e+10 4.469198e+09
1.187422e+08 6.756505e+07
9.019537e+06 8.428237e+06
1.225399e+06 1.205526e+06
8.014134e+05 7.553028e+05
5.821328e+05 4.984562e+05
3.998997e+05 3.922231e+05
3.531126e+05 3.442687e+05
3.155185e+05 3.110452e+05
2.400784e+05 2.364601e+05
2.164674e+05 2.159796e+05
1.946801e+05 1.937919e+05
1.839597e+05 1.837400e+05
1.746595e+05 1.743282e+05
1.594829e+05 1.587394e+05
1.348720e+05 1.338276e+05
1.090410e+05 1.087489e+05
9.992526e+04 9.975757e+04
8.939922e+04 8.803429e+04
8.210258e+04 8.203161e+04
7.800707e+04 7.794018e+04
7.615790e+04 7.612170e+04
7.267325e+04 7.256130e+04
6.925600e+04 6.910500e+04
6.767878e+04 6.763790e+04
6.662116e+04 6.658290e+04
6.472337e+04 6.459693e+04
6.103092e+04 6.092871e+04
5.862241e+04 5.828739e+04
5.497398e+04 5.421174e+04
5.039637e+04 5.015878e+04
4.724832e+04 4.679204e+04
4.324273e+04 4.312219e+04
4.152349e+04 4.145833e+04
4.012492e+04 4.009984e+04
3.945043e+04 3.943941e+04
3.885358e+04 3.882783e+04
3.843662e+04 3.843112e+04
3.798801e+04 3.795518e+04
3.708869e+04 3.706425e+04
3.659901e+04 3.658098e+04
3.606027e+04 3.603076e+04
3.558007e+04 3.556039e+04
3.511895e+04 3.508849e+04
3.453959e+04 3.446752e+04
3.394107e+04 3.392341e+04
3.338032e+04 3.329901e+04
3.294399e+04 3.293240e+04
3.265485e+04 3.263805e+04
3.243388e+04 3.243043e+04
3.220683e+04 3.220195e+04
3.191583e+04 3.190782e+04
3.171425e+04 3.171045e+04
3.151000e+04 3.149942e+04
3.121161e+04 3.119752e+04
3.098626e+04 3.097802e+04
3.085716e+04 3.085252e+04
3.064375e+04 3.063696e+04
3.044463e+04 3.043760e+04
3.031099e+04 3.030839e+04
3.011660e+04 3.008404e+04
2.974030e+04 2.972059e+04
2.933437e+04 2.932277e+04
2.901245e+04 2.900292e+04
2.874258e+04 2.873473e+04
2.849676e+04 2.849166e+04
2.825301e+04 2.824400e+04
2.795503e+04 2.793952e+04
2.765601e+04 2.761754e+04
2.742906e+04 2.741353e+04
2.720771e+04 2.719987e+04
2.697097e+04 2.695309e+04
2.668888e+04 2.667979e+04
2.653040e+04 2.651615e+04
2.634905e+04 2.633329e+04
2.615140e+04 2.614795e+04
2.593324e+04 2.592472e+04
2.565785e+04 2.563046e+04
2.542794e+04 2.540742e+04
2.518989e+04 2.518375e+04
2.495666e+04 2.494751e+04
2.479123e+04 2.478737e+04
2.465466e+04 2.464997e+04
2.449962e+04 2.449410e+04
2.430797e+04 2.430052e+04
2.418001e+04 2.417415e+04
2.405938e+04 2.405750e+04
2.398191e+04 2.397967e+04
2.391818e+04 2.391579e+04
2.387344e+04 2.387233e+04
2.383782e+04 2.383619e+04
2.380772e+04 2.380437e+04
2.375132e+04 2.374946e+04
2.370264e+04 2.369815e+04
2.365149e+04 2.364893e+04
2.358747e+04 2.358479e+04
2.353494e+04 2.353286e+04
2.349011e+04 2.348877e+04
2.344923e+04 2.344821e+04
2.339254e+04 2.338949e+04
2.333580e+04 2.333122e+04
1.491121e+10 4.031401e+09
9.979026e+07 4.050577e+07
4.292891e+06 3.966088e+06
1.326874e+06 1.312103e+06
8.911120e+05 8.744985e+05
7.236162e+05 6.989956e+05
6.511835e+05 6.263977e+05
5.526714e+05 5.419976e+05
5.110977e+05 5.101953e+05
3.847518e+05 3.781561e+05
3.043094e+05 3.021446e+05
2.753435e+05 2.745283e+05
2.433880e+05 2.405064e+05
2.135949e+05 2.130075e+05
1.971767e+05 1.831532e+05
1.293494e+05 1.241200e+05
1.011370e+05 9.996894e+04
9.146292e+04 9.132246e+04
8.634971e+04 8.629971e+04
8.298376e+04 8.285325e+04
7.754615e+04 7.729422e+04
7.042088e+04 6.823533e+04
5.958363e+04 5.698348e+04
4.928056e+04 4.847750e+04
4.115868e+04 4.065121e+04
3.723825e+04 3.713723e+04
3.518931e+04 3.513216e+04
3.228298e+04 3.201411e+04
2.805923e+04 2.787796e+04
2.574034e+04 2.569945e+04
2.492921e+04 2.489620e+04
2.420877e+04 2.416748e+04
2.317156e+04 2.313971e+04
2.235649e+04 2.232817e+04
2.166832e+04 2.164605e+04
2.124657e+04 2.123007e+04
2.095144e+04 2.094427e+04
2.069165e+04 2.068065e+04
2.052752e+04 2.052511e+04
2.038511e+04 2.036409e+04
2.007475e+04 2.005387e+04
1.975127e+04 1.973672e+04
1.937735e+04 1.936861e+04
1.906904e+04 1.905547e+04
1.872358e+04 1.870755e+04
1.834744e+04 1.833023e+04
1.797641e+04 1.797120e+04
1.779015e+04 1.778658e+04
1.762013e+04 1.761243e+04
1.741198e+04 1.740708e+04
1.718441e+04 1.717459e+04
1.702835e+04 1.702308e+04
1.688173e+04 1.687685e+04
1.677560e+04 1.677314e+04
1.664078e+04 1.663845e+04
1.647403e+04 1.647012e+04
1.634254e+04 1.634038e+04
1.612401e+04 1.611324e+04
1.586226e+04 1.584409e+04
1.552458e+04 1.551070e+04
1.512327e+04 1.510780e+04
1.472230e+04 1.471309e+04
1.436593e+04 1.435432e+04
1.406008e+04 1.403902e+04
1.377653e+04 1.375842e+04
1.347190e+04 1.345873e+04
1.311260e+04 1.309666e+04
1.285109e+04 1.283441e+04
1.268126e+04 1.266996e+04
1.256335e+04 1.255909e+04
1.239692e+04 1.238474e+04
1.225119e+04 1.223343e+04
1.210787e+04 1.210275e+04
1.201138e+04 1.200941e+04
1.194069e+04 1.193982e+04
1.183268e+04 1.182084e+04
1.164574e+04 1.163903e+04
1.151920e+04 1.151253e+04
1.144510e+04 1.144244e+04
1.137571e+04 1.137079e+04
1.128011e+04 1.127666e+04
1.118148e+04 1.117695e+04
1.101645e+04 1.100430e+04
1.082022e+04 1.081533e+04
1.064509e+04 1.063902e+04
1.051651e+04 1.050594e+04
1.033670e+04 1.032875e+04
1.018117e+04 1.017692e+04
1.006352e+04 1.005383e+04
9.951729e+03 9.950144e+03
9.876389e+03 9.872870e+03
9.803049e+03 9.792375e+03
9.714557e+03 9.709055e+03
9.662042e+03 9.660540e+03
9.628542e+03 9.627281e+03
9.590247e+03 9.587650e+03
9.541039e+03 9.539245e+03
9.500191e+03 9.498611e+03
9.467055e+03 9.466224e+03
9.413415e+03 9.412425e+03
9.369743e+03 9.367732e+03
1.498603e+10 2.093002e+09
1.267073e+08 3.948670e+07
6.131266e+06 5.486479e+06
1.760586e+06 1.646776e+06
1.152702e+06 1.145647e+06
9.355861e+05 8.946973e+05
7.059764e+05 6.943156e+05
6.387085e+05 6.268485e+05
5.787086e+05 5.770990e+05
5.336509e+05 5.319683e+05
4.778154e+05 4.760571e+05
4.180053e+05 4.133039e+05
3.762535e+05 3.743145e+05
3.435857e+05 3.347247e+05
2.438086e+05 2.362527e+05
2.138908e+05 2.128238e+05
1.846622e+05 1.820156e+05
1.423080e+05 1.415855e+05
1.299419e+05 1.295581e+05
1.208636e+05 1.205761e+05
1.120459e+05 1.082887e+05
1.016901e+05 1.014866e+05
9.753293e+04 9.747323e+04
9.236461e+04 9.222505e+04
8.609326e+04 8.541158e+04
7.931303e+04 7.816005e+04
7.230848e+04 7.037909e+04
6.078133e+04 6.062410e+04
5.738806e+04 5.663226e+04
5.396101e+04 5.389317e+04
5.230025e+04 5.217396e+04
5.047965e+04 5.042845e+04
4.821946e+04 4.814816e+04
4.584171e+04 4.572929e+04
4.374415e+04 4.343558e+04
4.180442e+04 4.176898e+04
3.966360e+04 3.951563e+04
3.749019e+04 3.734903e+04
3.552340e+04 3.546735e+04
3.443714e+04 3.434605e+04
3.335061e+04 3.316630e+04
3.181915e+04 3.176461e+04
3.085279e+04 3.081274e+04
2.973539e+04 2.961256e+04
2.876830e+04 2.873180e+04
2.801782e+04 2.799865e+04
2.755028e+04 2.752442e+04
2.727552e+04 2.727082e+04
2.704907e+04 2.704066e+04
2.673339e+04 2.672592e+04
2.653059e+04 2.652240e+04
2.625101e+04 2.623402e+04
2.586322e+04 2.585334e+04
2.561084e+04 2.560414e+04
2.534762e+04 2.532401e+04
2.504823e+04 2.503381e+04
2.441423e+04 2.434994e+04
2.332077e+04 2.329659e+04
2.258792e+04 2.256051e+04
2.181337e+04 2.177656e+04
2.102526e+04 2.094841e+04
2.031657e+04 2.028358e+04
1.989489e+04 1.988721e+04
1.956493e+04 1.954067e+04
1.924092e+04 1.919376e+04
1.887746e+04 1.886423e+04
1.847227e+04 1.840135e+04
1.793112e+04 1.791990e+04
1.760899e+04 1.750453e+04
1.709985e+04 1.707170e+04
1.671339e+04 1.668593e+04
1.627668e+04 1.627146e+04
1.595211e+04 1.594321e+04
1.559141e+04 1.558430e+04
1.524829e+04 1.521626e+04
1.470678e+04 1.467790e+04
1.439518e+04 1.437629e+04
1.408526e+04 1.407179e+04
1.370008e+04 1.368857e+04
1.323061e+04 1.318887e+04
1.277765e+04 1.257906e+04
1.195743e+04 1.190547e+04
1.147846e+04 1.145290e+04
1.099245e+04 1.097393e+04
1.047952e+04 1.047016e+04
1.022622e+04 1.022316e+04
1.000662e+04 9.965711e+03
9.764831e+03 9.753329e+03
9.586705e+03 9.583568e+03
9.439916e+03 9.435498e+03
9.388002e+03 9.263948e+03
9.010858e+03 9.007244e+03
8.867696e+03 8.861892e+03
8.764961e+03 8.751888e+03
8.695154e+03 8.637441e+03
8.537798e+03 8.530599e+03
8.409657e+03 8.405708e+03
8.232863e+03 8.217962e+03
7.945288e+03 7.921436e+03
7.637097e+03 7.627682e+03
7.531998e+03 7.526232e+03
1.559095e+10 2.218800e+09
1.470900e+08 6.653101e+07
4.963304e+06 4.256047e+06
2.169910e+06 2.136932e+06
9.454127e+05 7.274477e+05
4.991270e+05 4.655258e+05
4.316244e+05 4.226776e+05
3.765244e+05 3.688558e+05
3.141865e+05 3.112875e+05
2.477759e+05 2.463932e+05
2.181176e+05 2.157317e+05
1.957570e+05 1.950528e+05
1.758376e+05 1.731057e+05
1.487519e+05 1.469149e+05
1.347905e+05 1.271422e+05
1.025998e+05 1.018639e+05
9.215299e+04 9.175644e+04
8.736055e+04 8.722805e+04
8.168966e+04 8.125968e+04
7.734411e+04 7.723608e+04
7.522580e+04 7.511239e+04
7.306379e+04 7.292701e+04
7.177153e+04 7.170763e+04
7.006025e+04 6.993636e+04
6.713666e+04 6.703849e+04
6.558733e+04 6.549831e+04
6.387689e+04 6.384413e+04
6.238211e+04 6.233954e+04
6.117552e+04 6.107331e+04
5.946256e+04 5.941638e+04
5.833770e+04 5.830664e+04
5.762941e+04 5.759822e+04
5.677689e+04 5.673258e+04
5.590993e+04 5.587572e+04
5.542921e+04 5.541590e+04
5.487074e+04 5.482722e+04
5.429806e+04 5.422562e+04
5.340624e+04 5.327773e+04
5.145874e+04 5.135570e+04
4.922793e+04 4.880472e+04
4.597840e+04 4.588306e+04
4.437138e+04 4.390744e+04
4.229739e+04 4.206425e+04
3.983754e+04 3.911894e+04
3.636545e+04 3.539146e+04
3.231848e+04 3.217497e+04
3.077306e+04 3.072887e+04
2.950031e+04 2.946478e+04
2.895675e+04 2.894401e+04
2.772969e+04 2.769982e+04
2.666878e+04 2.664690e+04
2.612184e+04 2.608941e+04
2.573710e+04 2.572122e+04
2.542868e+04 2.541047e+04
2.510907e+04 2.509292e+04
2.483024e+04 2.482107e+04
2.452479e+04 2.450657e+04
2.402297e+04 2.400898e+04
2.318603e+04 2.311525e+04
2.261813e+04 2.256707e+04
2.224971e+04 2.223962e+04
2.193533e+04 2.190923e+04
2.166948e+04 2.165935e+04
2.145862e+04 2.145253e+04
2.130011e+04 2.129390e+04
2.108557e+04 2.108165e+04
2.087645e+04 2.085990e+04
2.063582e+04 2.057833e+04
2.032326e+04 2.030338e+04
2.008726e+04 2.008388e+04
1.998856e+04 1.997800e+04
1.984310e+04 1.983688e+04
1.972685e+04 1.972341e+04
1.957109e+04 1.956613e+04
1.937335e+04 1.936442e+04
1.914243e+04 1.913496e+04
1.893883e+04 1.892465e+04
1.877852e+04 1.876668e+04
1.856750e+04 1.855145e+04
1.836108e+04 1.835268e+04
1.816281e+04 1.814173e+04
1.789041e+04 1.788451e+04
1.773247e+04 1.772497e+04
1.764296e+04 1.763449e+04
1.754287e+04 1.753929e+04
1.744959e+04 1.744422e+04
1.727261e+04 1.726192e+04
1.713406e+04 1.712213e+04
1.700721e+04 1.700243e+04
1.685316e+04 1.684010e+04
1.659338e+04 1.658560e+04
1.639235e+04 1.638963e+04
1.625640e+04 1.624248e+04
1.613431e+04 1.613221e+04
1.601733e+04 1.601222e+04
1.589756e+04 1.589125e+04
1.578726e+04 1.578417e+04
1.565316e+04 1.564318e+04
1.550372e+04 1.549803e+04
1.534490e+04 1.531837e+04
1.515127e+04 1.513526e+04
1.482029e+10 3.286935e+09
1.656096e+08 8.286334e+07
2.066599e+07 1.405480e+07
3.445698e+06 3.273185e+06
2.098956e+06 2.076075e+06
1.877870e+06 1.872276e+06
1.555550e+06 1.542422e+06
1.106175e+06 1.083329e+06
9.249567e+05 9.155663e+05
8.361376e+05 8.314146e+05
6.571646e+05 6.098197e+05
5.553701e+05 5.534665e+05
5.092256e+05 4.751606e+05
3.922265e+05 3.802915e+05
3.426021e+05 3.388159e+05
2.945585e+05 2.845846e+05
2.688263e+05 2.613759e+05
2.347524e+05 2.336896e+05
2.241798e+05 2.237304e+05
2.135241e+05 2.112012e+05
2.021208e+05 2.016645e+05
1.865219e+05 1.859366e+05
1.764889e+05 1.750720e+05
1.695441e+05 1.693719e+05
1.591421e+05 1.584738e+05
1.454779e+05 1.444060e+05
1.336470e+05 1.327474e+05
1.282870e+05 1.279216e+05
1.227948e+05 1.225151e+05
1.160981e+05 1.160437e+05
1.138712e+05 1.138528e+05
1.124428e+05 1.122614e+05
1.103664e+05 1.098787e+05
1.067667e+05 1.066090e+05
1.037042e+05 1.035671e+05
9.996085e+04 9.976786e+04
9.437771e+04 9.386210e+04
8.961373e+04 8.926978e+04
8.658243e+04 8.644548e+04
8.444763e+04 8.441254e+04
8.264874e+04 8.261522e+04
8.054310e+04 8.048240e+04
7.820231e+04 7.815836e+04
7.661814e+04 7.641840e+04
7.383876e+04 7.369684e+04
7.143454e+04 7.138925e+04
6.870802e+04 6.865447e+04
6.741633e+04 6.737424e+04
6.661004e+04 6.659520e+04
6.594148e+04 6.591702e+04
6.499288e+04 6.495761e+04
6.446471e+04 6.444703e+04
6.401309e+04 6.400189e+04
6.372932e+04 6.372272e+04
6.354436e+04 6.354120e+04
6.337057e+04 6.335874e+04
6.312942e+04 6.311562e+04
6.290522e+04 6.290115e+04
6.277403e+04 6.277226e+04
6.263558e+04 6.263191e+04
6.250019e+04 6.249665e+04
6.238546e+04 6.238124e+04
6.227632e+04 6.227247e+04
6.214217e+04 6.213912e+04
6.205689e+04 6.205567e+04
6.193904e+04 6.193485e+04
6.184000e+04 6.183634e+04
6.172075e+04 6.171339e+04
6.156643e+04 6.156110e+04
6.137724e+04 6.137293e+04
6.122804e+04 6.122298e+04
6.114215e+04 6.113973e+04
6.104703e+04 6.104416e+04
6.089136e+04 6.088734e+04
6.077392e+04 6.076887e+04
6.062776e+04 6.060197e+04
6.050158e+04 6.050004e+04
6.039787e+04 6.039384e+04
6.033482e+04 6.033095e+04
6.028921e+04 6.028767e+04
6.024149e+04 6.024044e+04
6.021453e+04 6.021386e+04
6.018686e+04 6.018621e+04
6.015039e+04 6.014721e+04
6.009580e+04 6.009429e+04
6.005480e+04 6.005393e+04
6.002913e+04 6.002835e+04
5.998763e+04 5.998535e+04
5.992844e+04 5.992734e+04
5.988550e+04 5.988307e+04
5.985091e+04 5.984866e+04
5.980948e+04 5.980851e+04
5.978535e+04 5.978410e+04
5.976695e+04 5.976653e+04
5.975035e+04 5.974959e+04
5.973858e+04 5.973243e+04
5.972062e+04 5.972007e+04
5.970971e+04 5.970930e+04
5.969630e+04 5.969594e+04
5.968751e+04 5.968729e+04
5.967977e+04 5.967956e+04
1.405739e+10 3.830596e+09
1.100592e+08 3.771507e+07
4.536993e+06 4.286565e+06
2.606148e+06 2.200714e+06
7.443574e+05 7.190004e+05
5.879355e+05 5.819000e+05
4.873062e+05 4.540266e+05
3.445394e+05 3.380976e+05
2.746395e+05 2.740495e+05
2.177263e+05 2.153208e+05
1.904216e+05 1.898010e+05
1.650209e+05 1.639284e+05
1.463017e+05 1.453164e+05
9.808009e+04 9.681428e+04
8.408212e+04 8.378241e+04
7.609566e+04 7.571166e+04
6.953499e+04 6.934118e+04
6.693864e+04 6.690663e+04
6.577327e+04 6.576565e+04
6.465954e+04 6.460435e+04
5.844597e+04 5.812909e+04
5.565690e+04 5.562457e+04
5.271354e+04 5.241185e+04
4.993472e+04 4.976315e+04
4.731025e+04 4.711151e+04
4.513344e+04 4.509588e+04
4.274541e+04 4.240753e+04
4.036304e+04 4.031810e+04
3.901600e+04 3.893114e+04
3.663652e+04 3.651873e+04
3.458945e+04 3.445624e+04
3.312626e+04 3.309857e+04
3.218002e+04 3.215982e+04
3.155283e+04 3.153295e+04
3.113586e+04 3.112241e+04
3.064163e+04 3.060359e+04
2.992295e+04 2.980224e+04
2.874064e+04 2.869872e+04
2.807093e+04 2.803289e+04
2.745764e+04 2.744159e+04
2.700860e+04 2.695329e+04
2.636101e+04 2.633940e+04
2.551671e+04 2.543582e+04
2.482654e+04 2.477525e+04
2.393233e+04 2.390059e+04
2.302103e+04 2.298569e+04
2.220832e+04 2.216229e+04
2.155812e+04 2.154302e+04
2.099449e+04 2.095972e+04
2.031798e+04 2.028235e+04
1.968243e+04 1.967116e+04
1.936507e+04 1.935744e+04
1.913083e+04 1.912240e+04
1.882664e+04 1.882068e+04
1.846622e+04 1.844962e+04
1.803251e+04 1.800290e+04
1.760282e+04 1.752498e+04
1.719081e+04 1.709573e+04
1.660032e+04 1.657987e+04
1.618689e+04 1.618047e+04
1.571253e+04 1.569987e+04
1.512136e+04 1.509853e+04
1.460849e+04 1.418504e+04
1.333343e+04 1.330396e+04
1.272584e+04 1.268884e+04
1.232106e+04 1.225813e+04
1.189171e+04 1.188067e+04
1.161625e+04 1.160562e+04
1.138473e+04 1.137611e+04
1.122896e+04 1.122009e+04
1.105802e+04 1.104860e+04
1.087618e+04 1.086867e+04
1.072164e+04 1.071438e+04
1.054089e+04 1.052038e+04
1.034669e+04 1.034376e+04
1.016589e+04 1.016181e+04
1.008601e+04 1.008449e+04
1.002438e+04 1.002288e+04
9.914665e+03 9.910573e+03
9.792423e+03 9.790281e+03
9.692064e+03 9.687947e+03
9.612091e+03 9.608063e+03
9.488106e+03 9.482620e+03
9.352482e+03 9.334180e+03
9.213956e+03 9.207981e+03
9.100633e+03 9.098963e+03
9.046847e+03 9.045585e+03
8.978190e+03 8.975665e+03
8.908596e+03 8.907187e+03
8.833763e+03 8.829538e+03
8.735926e+03 8.730806e+03
8.594149e+03 8.587994e+03
8.465853e+03 8.459279e+03
8.382806e+03 8.365292e+03
8.277837e+03 8.274168e+03
8.193182e+03 8.189388e+03
8.130594e+03 8.129443e+03
8.080398e+03 8.078181e+03
8.034725e+03 8.034197e+03
8.001288e+03 7.999789e+03
7.969591e+03 7.968366e+03
1.539814e+10 3.949798e+09
1.037440e+08 4.709722e+07
7.334781e+06 6.647564e+06
2.416995e+06 2.330485e+06
1.060967e+06 9.988473e+05
7.983668e+05 7.908158e+05
6.793340e+05 6.780358e+05
6.275877e+05 6.194190e+05
5.214616e+05 4.797431e+05
4.135906e+05 4.095255e+05
3.520947e+05 2.913140e+05
2.367647e+05 2.319427e+05
2.115400e+05 2.068084e+05
1.868660e+05 1.858164e+05
1.429479e+05 1.419756e+05
1.234502e+05 1.228644e+05
1.122536e+05 1.117508e+05
1.042140e+05 1.039799e+05
9.636445e+04 9.598314e+04
8.797257e+04 8.775101e+04
7.714550e+04 7.619962e+04
6.910716e+04 6.596540e+04
5.287707e+04 4.926952e+04
4.192678e+04 4.179820e+04
3.935366e+04 3.928077e+04
3.747065e+04 3.741161e+04
3.521524e+04 3.504275e+04
3.240215e+04 3.213741e+04
2.992057e+04 2.984536e+04
2.799279e+04 2.790238e+04
2.709956e+04 2.708261e+04
2.634425e+04 2.632765e+04
2.595407e+04 2.594451e+04
2.555725e+04 2.549815e+04
2.483285e+04 2.476410e+04
2.421781e+04 2.418113e+04
2.344699e+04 2.341407e+04
2.291657e+04 2.288941e+04
2.257465e+04 2.256642e+04
2.234172e+04 2.233276e+04
2.216364e+04 2.215914e+04
2.189527e+04 2.185967e+04
2.139055e+04 2.132777e+04
2.082706e+04 2.081426e+04
2.062402e+04 2.061872e+04
2.045183e+04 2.044753e+04
2.032899e+04 2.032480e+04
2.012799e+04 2.011644e+04
1.987674e+04 1.985453e+04
1.966026e+04 1.964978e+04
1.947292e+04 1.946369e+04
1.904138e+04 1.901865e+04
1.850010e+04 1.847226e+04
1.827531e+04 1.827076e+04
1.810138e+04 1.809710e+04
1.793441e+04 1.792157e+04
1.776287e+04 1.775603e+04
1.762119e+04 1.759995e+04
1.744634e+04 1.740141e+04
1.719991e+04 1.717304e+04
1.687175e+04 1.685659e+04
1.663548e+04 1.663072e+04
1.643595e+04 1.642269e+04
1.610201e+04 1.608272e+04
1.580603e+04 1.578993e+04
1.546903e+04 1.545728e+04
1.500898e+04 1.499241e+04
1.448512e+04 1.443494e+04
1.408239e+04 1.405758e+04
1.384254e+04 1.382905e+04
1.355422e+04 1.354674e+04
1.331069e+04 1.330060e+04
1.314348e+04 1.313469e+04
1.299200e+04 1.298751e+04
1.290790e+04 1.290219e+04
1.283217e+04 1.282928e+04
1.275826e+04 1.275466e+04
1.270707e+04 1.270588e+04
1.261236e+04 1.260923e+04
1.249673e+04 1.249368e+04
1.235377e+04 1.233956e+04
1.221380e+04 1.219805e+04
1.209239e+04 1.209048e+04
1.200562e+04 1.200084e+04
1.191275e+04 1.190805e+04
1.184437e+04 1.184255e+04
1.178918e+04 1.178630e+04
1.173414e+04 1.173321e+04
1.169871e+04 1.169493e+04
1.165626e+04 1.165133e+04
1.161331e+04 1.160965e+04
1.156146e+04 1.156012e+04
1.152423e+04 1.152299e+04
1.148318e+04 1.148193e+04
1.143196e+04 1.142718e+04
1.138323e+04 1.138014e+04
1.131820e+04 1.131167e+04
1.124834e+04 1.124504e+04
1.112025e+04 1.111760e+04
1.100136e+04 1.099817e+04
1.090122e+04 1.089808e+04
1.433047e+10 3.781021e+09
1.783907e+08 4.987766e+07
6.430242e+06 5.651891e+06
2.218593e+06 2.113790e+06
1.296723e+06 1.088684e+06
8.351244e+05 7.614244e+05
4.459872e+05 4.374448e+05
3.423940e+05 3.410893e+05
2.934863e+05 2.822404e+05
2.496707e+05 2.475868e+05
2.031204e+05 2.015984e+05
1.648877e+05 1.623402e+05
1.507240e+05 1.503184e+05
1.342103e+05 1.319413e+05
1.175225e+05 1.158405e+05
1.027505e+05 1.023781e+05
9.738080e+04 9.722306e+04
9.061875e+04 8.965768e+04
7.974532e+04 7.948480e+04
7.297734e+04 7.260862e+04
6.445826e+04 6.416281e+04
5.791298e+04 5.764219e+04
5.386197e+04 5.375448e+04
5.091994e+04 5.084889e+04
4.891422e+04 4.888932e+04
4.732765e+04 4.722873e+04
4.514238e+04 4.504493e+04
4.163783e+04 4.154974e+04
3.873010e+04 3.862028e+04
3.640630e+04 3.623315e+04
3.457243e+04 3.449251e+04
3.151907e+04 3.147040e+04
2.999407e+04 2.993953e+04
2.888662e+04 2.887671e+04
2.782243e+04 2.773789e+04
2.710150e+04 2.708128e+04
2.661354e+04 2.659990e+04
2.633952e+04 2.632588e+04
2.586911e+04 2.583762e+04
2.474967e+04 2.471898e+04
2.411126e+04 2.404852e+04
2.328063e+04 2.325840e+04
2.238406e+04 2.230993e+04
2.187768e+04 2.186457e+04
2.154924e+04 2.152966e+04
2.107905e+04 2.104725e+04
2.046182e+04 2.041098e+04
1.964937e+04 1.962941e+04
1.877637e+04 1.871591e+04
1.814608e+04 1.803819e+04
1.740016e+04 1.738280e+04
1.688938e+04 1.688133e+04
1.654859e+04 1.653746e+04
1.622301e+04 1.620683e+04
1.589296e+04 1.587143e+04
1.561187e+04 1.560117e+04
1.512723e+04 1.511150e+04
1.489935e+04 1.489375e+04
1.472906e+04 1.472255e+04
1.460874e+04 1.460572e+04
1.448673e+04 1.448480e+04
1.434168e+04 1.433445e+04
1.414893e+04 1.413601e+04
1.397573e+04 1.396660e+04
1.384378e+04 1.383958e+04
1.373161e+04 1.372646e+04
1.365836e+04 1.365623e+04
1.358373e+04 1.358142e+04
1.347054e+04 1.345667e+04
1.329464e+04 1.324510e+04
1.307648e+04 1.303598e+04
1.279681e+04 1.278938e+04
1.261104e+04 1.254551e+04
1.226336e+04 1.223761e+04
1.206616e+04 1.202302e+04
1.186822e+04 1.186470e+04
1.171412e+04 1.170811e+04
1.151853e+04 1.150987e+04
1.134999e+04 1.134655e+04
1.125376e+04 1.125094e+04
1.116367e+04 1.116098e+04
1.100516e+04 1.098175e+04
1.078558e+04 1.077500e+04
1.061684e+04 1.061110e+04
1.048836e+04 1.048423e+04
1.035100e+04 1.033662e+04
1.021254e+04 1.020937e+04
1.011631e+04 1.010943e+04
1.003876e+04 1.003199e+04
9.931012e+03 9.925315e+03
9.809165e+03 9.785665e+03
9.662965e+03 9.658891e+03
9.580170e+03 9.554871e+03
9.437580e+03 9.433661e+03
9.343549e+03 9.340743e+03
9.286809e+03 9.285804e+03
9.219085e+03 9.217415e+03
9.148741e+03 9.145998e+03
9.077824e+03 9.075722e+03
9.017541e+03 9.016239e+03
8.975491e+03 8.974262e+03
1.465414e+10 3.123899e+09
1.360124e+08 6.513256e+07
4.860281e+06 4.486549e+06
1.408218e+06 1.262567e+06
7.697966e+05 7.607030e+05
4.770880e+05 4.596865e+05
3.872753e+05 3.787160e+05
3.466697e+05 3.446468e+05
3.214428e+05 3.101523e+05
2.493118e+05 2.431806e+05
2.192936e+05 2.188429e+05
2.081231e+05 2.077779e+05
1.973176e+05 1.971894e+05
1.741890e+05 1.735537e+05
1.643494e+05 1.640554e+05
1.539372e+05 1.530418e+05
1.431681e+05 1.429271e+05
1.391032e+05 1.389559e+05
1.282890e+05 1.269221e+05
1.147883e+05 1.133802e+05
1.030663e+05 1.028765e+05
9.705378e+04 9.680089e+04
8.606898e+04 8.394094e+04
6.861896e+04 6.816675e+04
6.166140e+04 6.144252e+04
5.806692e+04 5.799935e+04
5.585404e+04 5.580938e+04
5.380368e+04 5.372264e+04
5.167541e+04 5.152358e+04
4.963891e+04 4.958405e+04
4.741828e+04 4.733377e+04
4.573997e+04 4.571412e+04
4.407542e+04 4.401149e+04
4.248187e+04 4.232345e+04
4.086238e+04 4.081067e+04
3.973373e+04 3.970419e+04
3.856050e+04 3.853110e+04
3.786831e+04 3.785532e+04
3.673667e+04 3.671112e+04
3.600164e+04 3.598565e+04
3.492659e+04 3.487149e+04
3.385216e+04 3.381720e+04
3.272994e+04 3.271102e+04
3.165410e+04 3.159660e+04
3.073606e+04 3.071176e+04
3.015662e+04 3.015085e+04
2.963671e+04 2.961223e+04
2.899653e+04 2.893980e+04
2.845171e+04 2.843801e+04
2.800733e+04 2.799386e+04
2.763235e+04 2.762643e+04
2.742833e+04 2.742290e+04
2.718723e+04 2.717676e+04
2.689664e+04 2.688980e+04
2.669817e+04 2.668887e+04
2.631820e+04 2.628559e+04
2.608165e+04 2.607329e+04
2.588849e+04 2.588443e+04
2.562935e+04 2.562562e+04
2.541879e+04 2.541168e+04
2.511775e+04 2.510849e+04
2.483995e+04 2.483025e+04
2.459886e+04 2.459256e+04
2.438781e+04 2.438041e+04
2.414351e+04 2.413787e+04
2.399244e+04 2.398981e+04
2.386220e+04 2.386070e+04
2.354017e+04 2.352124e+04
2.307010e+04 2.305109e+04
2.286571e+04 2.286140e+04
2.269709e+04 2.269046e+04
2.255139e+04 2.254898e+04
2.238569e+04 2.238161e+04
2.223276e+04 2.222965e+04
2.207797e+04 2.207387e+04
2.195133e+04 2.194369e+04
2.180862e+04 2.179850e+04
2.163299e+04 2.159796e+04
2.122455e+04 2.120287e+04
2.079287e+04 2.078121e+04
2.048460e+04 2.047085e+04
2.030355e+04 2.029851e+04
2.018732e+04 2.018105e+04
2.007039e+04 2.006846e+04
1.994800e+04 1.994552e+04
1.987063e+04 1.986862e+04
1.980763e+04 1.980475e+04
1.968110e+04 1.967129e+04
1.951484e+04 1.950497e+04
1.935878e+04 1.935453e+04
1.924746e+04 1.924294e+04
1.907188e+04 1.906417e+04
1.885578e+04 1.884254e+04
1.862943e+04 1.860398e+04
1.840179e+04 1.839349e+04
1.820741e+04 1.820290e+04
1.798257e+04 1.797058e+04
1.782891e+04 1.782302e+04
1.769446e+04 1.769060e+04
1.755403e+04 1.754607e+04
1.742189e+04 1.741889e+04
1.515993e+10 3.250959e+09
1.584759e+08 5.966242e+07
3.426070e+06 2.986079e+06
7.913538e+05 7.668649e+05
5.419131e+05 5.349627e+05
4.098818e+05 3.976172e+05
3.245292e+05 2.915997e+05
2.452372e+05 2.444937e+05
2.315274e+05 2.304731e+05
2.162083e+05 2.140453e+05
1.942407e+05 1.931114e+05
1.726745e+05 1.702521e+05
1.553144e+05 1.550940e+05
1.376781e+05 1.371611e+05
1.270406e+05 1.263644e+05
1.030528e+05 1.021153e+05
9.404080e+04 9.385978e+04
8.813903e+04 8.786941e+04
8.507160e+04 8.499682e+04
8.201125e+04 8.084192e+04
7.584835e+04 7.556283e+04
6.974219e+04 6.944371e+04
6.474127e+04 6.462088e+04
6.212780e+04 6.205897e+04
5.997910e+04 5.992289e+04
5.847713e+04 5.844338e+04
5.692856e+04 5.690256e+04
5.578497e+04 5.570287e+04
5.443337e+04 5.440474e+04
5.328540e+04 5.324703e+04
5.194567e+04 5.164045e+04
5.071479e+04 5.066617e+04
5.002682e+04 5.002087e+04
4.899572e+04 4.895571e+04
4.767014e+04 4.762749e+04
4.538628e+04 4.533411e+04
4.294864e+04 4.282322e+04
4.048468e+04 4.033869e+04
3.809979e+04 3.806018e+04
3.686840e+04 3.677690e+04
3.563572e+04 3.552196e+04
3.454955e+04 3.450359e+04
3.379949e+04 3.372541e+04
3.303643e+04 3.296610e+04
3.196456e+04 3.190418e+04
3.078759e+04 3.019691e+04
2.877594e+04 2.873850e+04
2.804220e+04 2.797897e+04
2.703007e+04 2.698847e+04
2.555548e+04 2.546057e+04
2.390052e+04 2.386575e+04
2.313809e+04 2.307266e+04
2.232116e+04 2.228308e+04
2.165235e+04 2.162366e+04
2.071132e+04 2.061244e+04
1.978453e+04 1.972334e+04
1.911097e+04 1.909950e+04
1.879754e+04 1.879117e+04
1.848075e+04 1.846291e+04
1.816448e+04 1.816189e+04
1.764924e+04 1.763036e+04
1.716211e+04 1.707984e+04
1.682590e+04 1.681812e+04
1.660405e+04 1.659863e+04
1.646017e+04 1.645740e+04
1.638102e+04 1.637962e+04
1.626903e+04 1.626623e+04
1.617487e+04 1.617338e+04
1.608946e+04 1.608060e+04
1.598254e+04 1.597565e+04
1.579720e+04 1.579264e+04
1.559778e+04 1.559085e+04
1.538914e+04 1.538401e+04
1.523969e+04 1.523457e+04
1.511050e+04 1.510604e+04
1.495638e+04 1.495304e+04
1.481527e+04 1.481213e+04
1.467056e+04 1.466192e+04
1.451881e+04 1.451610e+04
1.440141e+04 1.439721e+04
1.423451e+04 1.422845e+04
1.404953e+04 1.404221e+04
1.391462e+04 1.391187e+04
1.379183e+04 1.377482e+04
1.367153e+04 1.364493e+04
1.344336e+04 1.342949e+04
1.320161e+04 1.319065e+04
1.301021e+04 1.300502e+04
1.290396e+04 1.290080e+04
1.279277e+04 1.278864e+04
1.265875e+04 1.265281e+04
1.249310e+04 1.248952e+04
1.230778e+04 1.229904e+04
1.215543e+04 1.215215e+04
1.205935e+04 1.205599e+04
1.195097e+04 1.195003e+04
1.188619e+04 1.188371e+04
1.180094e+04 1.179719e+04
1.170223e+04 1.170043e+04
1.158145e+04 1.157884e+04
1.147769e+04 1.146091e+04
1.482057e+10 3.642918e+09
1.916087e+08 1.045155e+08
1.342671e+07 9.235792e+06
2.412323e+06 2.384970e+06
1.617589e+06 1.344904e+06
9.082376e+05 8.991893e+05
6.621022e+05 6.366545e+05
5.061767e+05 4.988115e+05
2.887504e+05 2.828475e+05
2.327110e+05 2.315569e+05
2.033397e+05 2.016981e+05
1.837425e+05 1.832584e+05
1.574473e+05 1.546845e+05
1.358579e+05 1.352416e+05
1.257634e+05 1.256535e+05
1.164472e+05 1.160068e+05
1.040507e+05 1.028560e+05
8.856644e+04 8.580206e+04
7.482075e+04 7.448640e+04
7.096473e+04 7.089665e+04
6.724700e+04 6.700850e+04
6.402870e+04 6.392975e+04
5.721341e+04 5.694385e+04
5.006598e+04 4.990115e+04
4.410952e+04 4.395995e+04
3.780077e+04 3.725028e+04
3.465913e+04 3.454729e+04
3.234078e+04 3.224092e+04
3.052038e+04 3.050155e+04
2.951072e+04 2.947403e+04
2.719362e+04 2.688645e+04
2.525610e+04 2.515125e+04
2.427173e+04 2.421394e+04
2.307720e+04 2.304940e+04
2.183675e+04 2.180417e+04
2.069131e+04 2.064707e+04
1.950038e+04 1.947619e+04
1.836193e+04 1.831922e+04
1.698226e+04 1.684127e+04
1.601051e+04 1.599229e+04
1.544191e+04 1.542842e+04
1.517342e+04 1.516032e+04
1.495259e+04 1.494846e+04
1.477517e+04 1.477134e+04
1.460730e+04 1.459657e+04
1.449389e+04 1.448797e+04
1.437955e+04 1.437696e+04
1.425250e+04 1.424609e+04
1.408133e+04 1.406112e+04
1.389290e+04 1.386572e+04
1.359023e+04 1.357557e+04
1.335148e+04 1.334340e+04
1.321157e+04 1.320459e+04
1.302189e+04 1.301738e+04
1.284879e+04 1.284374e+04
1.261993e+04 1.261215e+04
1.246137e+04 1.245864e+04
1.238018e+04 1.237700e+04
1.228166e+04 1.227354e+04
1.217323e+04 1.216150e+04
1.203227e+04 1.202458e+04
1.178795e+04 1.173900e+04
1.150974e+04 1.150289e+04
1.136089e+04 1.133189e+04
1.097845e+04 1.095055e+04
1.037318e+04 1.007605e+04
9.734931e+03 9.694897e+03
9.248972e+03 9.232887e+03
9.000563e+03 8.960791e+03
8.645482e+03 8.639774e+03
8.499436e+03 8.496648e+03
8.365638e+03 8.359430e+03
8.260545e+03 8.257997e+03
8.166337e+03 8.163103e+03
8.102119e+03 8.099034e+03
8.024274e+03 8.010252e+03
7.936302e+03 7.931900e+03
7.811037e+03 7.806989e+03
7.735421e+03 7.734238e+03
7.676359e+03 7.672802e+03
7.616372e+03 7.615170e+03
7.576128e+03 7.570550e+03
7.531927e+03 7.530474e+03
7.490418e+03 7.489958e+03
7.474318e+03 7.474038e+03
7.448938e+03 7.445804e+03
7.415862e+03 7.414499e+03
7.340976e+03 7.336203e+03
7.277178e+03 7.272820e+03
7.237298e+03 7.234048e+03
7.201288e+03 7.199683e+03
7.176487e+03 7.168311e+03
7.136863e+03 7.135760e+03
7.103463e+03 7.102370e+03
7.058573e+03 7.057352e+03
7.026882e+03 7.023690e+03
6.999318e+03 6.995572e+03
6.956850e+03 6.956225e+03
6.916285e+03 6.915166e+03
6.878811e+03 6.875102e+03
6.851354e+03 6.845855e+03
1.418352e+10 2.821120e+09
1.185900e+08 6.409012e+07
7.074197e+06 6.098633e+06
1.915834e+06 1.901608e+06
7.899582e+05 7.609157e+05
4.269901e+05 4.213860e+05
3.299744e+05 3.172085e+05
2.428169e+05 2.408607e+05
2.047885e+05 1.882397e+05
1.557299e+05 1.542861e+05
1.405879e+05 1.395318e+05
1.239764e+05 1.233949e+05
1.101597e+05 1.096214e+05
1.029102e+05 1.026289e+05
9.898755e+04 9.878230e+04
9.432665e+04 9.399986e+04
8.977509e+04 8.967109e+04
8.508001e+04 8.463879e+04
8.106860e+04 8.095754e+04
7.798905e+04 7.790555e+04
7.571449e+04 7.567483e+04
7.408784e+04 7.404861e+04
7.261128e+04 7.255298e+04
7.048980e+04 7.039905e+04
6.778845e+04 6.773797e+04
6.567977e+04 6.540463e+04
6.291363e+04 6.257151e+04
5.903335e+04 5.861772e+04
5.015384e+04 4.981930e+04
4.749917e+04 4.744651e+04
4.624023e+04 4.616214e+04
4.493150e+04 4.489947e+04
4.370058e+04 4.367121e+04
4.284573e+04 4.283296e+04
4.200048e+04 4.196614e+04
4.118288e+04 4.114664e+04
4.001538e+04 3.990037e+04
3.851424e+04 3.844976e+04
3.718937e+04 3.714847e+04
3.574737e+04 3.562516e+04
3.413233e+04 3.405906e+04
3.275362e+04 3.270156e+04
3.189006e+04 3.186222e+04
3.102522e+04 3.075698e+04
2.992359e+04 2.986563e+04
2.915763e+04 2.912993e+04
2.859421e+04 2.856413e+04
2.785549e+04 2.783700e+04
2.705414e+04 2.702392e+04
2.642616e+04 2.640090e+04
2.559779e+04 2.554609e+04
2.482550e+04 2.475396e+04
2.413179e+04 2.410684e+04
2.371987e+04 2.370378e+04
2.343565e+04 2.342729e+04
2.326905e+04 2.326027e+04
2.306323e+04 2.305804e+04
2.270408e+04 2.268061e+04
2.237348e+04 2.235563e+04
2.210768e+04 2.209830e+04
2.186142e+04 2.181691e+04
2.160460e+04 2.156688e+04
2.130063e+04 2.124731e+04
2.103353e+04 2.100383e+04
2.081890e+04 2.081287e+04
2.053738e+04 2.052589e+04
2.009661e+04 2.008504e+04
1.977871e+04 1.977270e+04
1.962837e+04 1.962060e+04
1.951039e+04 1.950367e+04
1.937969e+04 1.937649e+04
1.928833e+04 1.928510e+04
1.915741e+04 1.914986e+04
1.903353e+04 1.901921e+04
1.887297e+04 1.886964e+04
1.868165e+04 1.867302e+04
1.849348e+04 1.848760e+04
1.825305e+04 1.820323e+04
1.794622e+04 1.792708e+04
1.770022e+04 1.769297e+04
1.741543e+04 1.737111e+04
1.720540e+04 1.717530e+04
1.701339e+04 1.700591e+04
1.680980e+04 1.680599e+04
1.655477e+04 1.652587e+04
1.624118e+04 1.623298e+04
1.609613e+04 1.608575e+04
1.593114e+04 1.591859e+04
1.578201e+04 1.577655e+04
1.570299e+04 1.569974e+04
1.562716e+04 1.562171e+04
1.557373e+04 1.557314e+04
1.550778e+04 1.550386e+04
1.544700e+04 1.544491e+04
1.537271e+04 1.537153e+04
1.529200e+04 1.528904e+04
1.522168e+04 1.521996e+04
1.514593e+04 1.514306e+04
1.508441e+04 1.508003e+04
1.501849e+04 1.501649e+04
1.493909e+04 1.493815e+04
1.592911e+10 4.522975e+09
1.516887e+08 8.061872e+07
8.362453e+06 7.472570e+06
1.684177e+06 1.554403e+06
1.095954e+06 1.087547e+06
7.265693e+05 7.211285e+05
5.636847e+05 5.595834e+05
4.560733e+05 4.516466e+05
3.978585e+05 3.073519e+05
2.388859e+05 2.239858e+05
2.014528e+05 2.007338e+05
1.811300e+05 1.806141e+05
1.545924e+05 1.540330e+05
1.380939e+05 1.372090e+05
1.273333e+05 1.269741e+05
1.121618e+05 1.111008e+05
1.068719e+05 1.004747e+05
9.118297e+04 9.075579e+04
7.710327e+04 7.674828e+04
6.913041e+04 6.843435e+04
6.542371e+04 6.505094e+04
5.913147e+04 5.892812e+04
5.529936e+04 5.301572e+04
4.890590e+04 4.875286e+04
4.729161e+04 4.726174e+04
4.594453e+04 4.591719e+04
4.521677e+04 4.518981e+04
4.399253e+04 4.393320e+04
4.276892e+04 4.266718e+04
4.175566e+04 4.172165e+04
4.102770e+04 4.097508e+04
4.019558e+04 4.018321e+04
3.888428e+04 3.881850e+04
3.656831e+04 3.636983e+04
3.525805e+04 3.522141e+04
3.419255e+04 3.416270e+04
3.292833e+04 3.291126e+04
3.152388e+04 3.147785e+04
3.015621e+04 3.012022e+04
2.954752e+04 2.953472e+04
2.913420e+04 2.912838e+04
2.880767e+04 2.880150e+04
2.862709e+04 2.861715e+04
2.841667e+04 2.841094e+04
2.803048e+04 2.800894e+04
2.763851e+04 2.762636e+04
2.711167e+04 2.707057e+04
2.671512e+04 2.667474e+04
2.638495e+04 2.635774e+04
2.606137e+04 2.604948e+04
2.560538e+04 2.559456e+04
2.531508e+04 2.530665e+04
2.509168e+04 2.507619e+04
2.486489e+04 2.484742e+04
2.456762e+04 2.454488e+04
2.433881e+04 2.433136e+04
2.410918e+04 2.410160e+04
2.386752e+04 2.386226e+04
2.367406e+04 2.366705e+04
2.353877e+04 2.353597e+04
2.344162e+04 2.343970e+04
2.334614e+04 2.334347e+04
2.324789e+04 2.324674e+04
2.312632e+04 2.311570e+04
2.298466e+04 2.298074e+04
2.281560e+04 2.280817e+04
2.258388e+04 2.257740e+04
2.238846e+04 2.237556e+04
2.226411e+04 2.226158e+04
2.216075e+04 2.215826e+04
2.203943e+04 2.203510e+04
2.191227e+04 2.190812e+04
2.181412e+04 2.181110e+04
2.172397e+04 2.172071e+04
2.164819e+04 2.164584e+04
2.159412e+04 2.159129e+04
2.152753e+04 2.152429e+04
2.144575e+04 2.144143e+04
2.131908e+04 2.131402e+04
2.117737e+04 2.117139e+04
2.105478e+04 2.105110e+04
2.090658e+04 2.090313e+04
2.076789e+04 2.076170e+04
2.062239e+04 2.061574e+04
2.048314e+04 2.047866e+04
2.032519e+04 2.032095e+04
2.013150e+04 2.012468e+04
1.987081e+04 1.984954e+04
1.947802e+04 1.945341e+04
1.915763e+04 1.914802e+04
1.885662e+04 1.884827e+04
1.862995e+04 1.860071e+04
1.814408e+04 1.811737e+04
1.765799e+04 1.764340e+04
1.737863e+04 1.737090e+04
1.720171e+04 1.718802e+04
1.698139e+04 1.697445e+04
1.675746e+04 1.674680e+04
1.649787e+04 1.649047e+04
1.624126e+04 1.623106e+04
1.581132e+04 1.579179e+04
1.427450e+10 4.315434e+09
1.277145e+08 6.414528e+07
1.916174e+07 1.506523e+07
2.252626e+06 2.153348e+06
9.227937e+05 8.587865e+05
5.475166e+05 5.276943e+05
3.441681e+05 3.290351e+05
2.892557e+05 2.784814e+05
2.623714e+05 2.608109e+05
2.486310e+05 2.474765e+05
2.483483e+05 2.079347e+05
1.673038e+05 1.600313e+05
1.405375e+05 1.400618e+05
1.303636e+05 1.295117e+05
1.140969e+05 1.131463e+05
1.011574e+05 1.007356e+05
8.543795e+04 8.467405e+04
7.551771e+04 7.510710e+04
7.092059e+04 7.080398e+04
6.882134e+04 6.878990e+04
6.745963e+04 6.714027e+04
6.545889e+04 6.542749e+04
6.245806e+04 6.232672e+04
6.078578e+04 6.068549e+04
5.942660e+04 5.927094e+04
5.874524e+04 5.874004e+04
5.821153e+04 5.816724e+04
5.733835e+04 5.718021e+04
5.634022e+04 5.630753e+04
5.552895e+04 5.549843e+04
5.453872e+04 5.446431e+04
5.336160e+04 5.328383e+04
5.047241e+04 5.031722e+04
4.769377e+04 4.755539e+04
4.037441e+04 4.002140e+04
3.242976e+04 3.229601e+04
2.990467e+04 2.984949e+04
2.697772e+04 2.688458e+04
2.562980e+04 2.559072e+04
2.441332e+04 2.438470e+04
2.356504e+04 2.353515e+04
2.224210e+04 2.219362e+04
2.092503e+04 2.086348e+04
2.005899e+04 2.003948e+04
1.953303e+04 1.951499e+04
1.886351e+04 1.883255e+04
1.823600e+04 1.822082e+04
1.776063e+04 1.774650e+04
1.743368e+04 1.740894e+04
1.718083e+04 1.717338e+04
1.699862e+04 1.697954e+04
1.682060e+04 1.681595e+04
1.654644e+04 1.651609e+04
1.628835e+04 1.628141e+04
1.607320e+04 1.605161e+04
1.578607e+04 1.577963e+04
1.553614e+04 1.552839e+04
1.525282e+04 1.523868e+04
1.502041e+04 1.501565e+04
1.480183e+04 1.478257e+04
1.436281e+04 1.434330e+04
1.418042e+04 1.417299e+04
1.387856e+04 1.386827e+04
1.362528e+04 1.361699e+04
1.339884e+04 1.339464e+04
1.329453e+04 1.329143e+04
1.319927e+04 1.319258e+04
1.303466e+04 1.303010e+04
1.297507e+04 1.297050e+04
1.290649e+04 1.290444e+04
1.280719e+04 1.280009e+04
1.268124e+04 1.267609e+04
1.255208e+04 1.254661e+04
1.244114e+04 1.243470e+04
1.233551e+04 1.233261e+04
1.227371e+04 1.226706e+04
1.218530e+04 1.217780e+04
1.204878e+04 1.203577e+04
1.192149e+04 1.190903e+04
1.176426e+04 1.175706e+04
1.160688e+04 1.157918e+04
1.136997e+04 1.131424e+04
1.108006e+04 1.105926e+04
1.087963e+04 1.087146e+04
1.072019e+04 1.071354e+04
1.056800e+04 1.056082e+04
1.043777e+04 1.043136e+04
1.032537e+04 1.032185e+04
1.023277e+04 1.023013e+04
1.015697e+04 1.015498e+04
1.009219e+04 1.008541e+04
1.001679e+04 1.001576e+04
9.964064e+03 9.959064e+03
9.917455e+03 9.906398e+03
9.829846e+03 9.821841e+03
9.760928e+03 9.752268e+03
9.698682e+03 9.693074e+03
9.627174e+03 9.624998e+03
9.585106e+03 9.579693e+03
9.539965e+03 9.538241e+03
9.514102e+03 9.509583e+03
