2.170499e+01 2.149592e+01
2.153822e+01 2.139335e+01
2.152046e+01 2.139335e+01
2.151776e+01 2.139335e+01
2.151920e+01 2.139335e+01
2.152009e+01 2.138560e+01
2.150392e+01 2.138560e+01
2.151353e+01 2.136515e+01
2.149089e+01 2.136515e+01
2.149240e+01 2.135810e+01
2.147430e+01 2.132050e+01
2.137189e+01 2.115128e+01
2.135135e+01 2.111377e+01
2.132049e+01 2.110082e+01
2.130826e+01 2.108157e+01
2.132563e+01 2.097824e+01
2.125372e+01 2.097801e+01
2.127500e+01 2.090585e+01
2.120909e+01 2.090585e+01
2.119385e+01 2.089671e+01
2.121391e+01 2.089671e+01
2.118535e+01 2.089550e+01
2.119095e+01 2.085807e+01
2.116150e+01 2.085702e+01
2.113039e+01 2.085702e+01
2.112972e+01 2.085702e+01
2.113500e+01 2.085062e+01
2.105279e+01 2.084384e+01
2.114267e+01 2.081660e+01
2.110852e+01 2.080278e+01
2.109284e+01 2.079963e+01
2.111916e+01 2.076670e+01
2.111465e+01 2.076644e+01
2.102598e+01 2.074353e+01
2.100017e+01 2.073248e+01
2.100525e+01 2.072692e+01
2.102583e+01 2.069062e+01
2.092126e+01 2.066368e+01
2.085212e+01 2.062751e+01
2.078541e+01 2.060094e+01
2.076743e+01 2.057286e+01
2.074030e+01 2.052112e+01
2.070785e+01 2.045490e+01
2.069815e+01 2.040839e+01
2.066257e+01 2.037270e+01
2.056260e+01 2.031813e+01
2.047642e+01 2.023238e+01
2.038998e+01 2.017400e+01
2.034545e+01 2.011647e+01
2.023167e+01 2.007641e+01
2.017102e+01 2.005056e+01
2.009864e+01 2.003431e+01
2.008930e+01 2.001975e+01
2.004579e+01 2.001018e+01
2.002448e+01 2.000493e+01
2.001522e+01 2.000210e+01
2.000120e+01 2.000073e+01
2.000035e+01 2.000025e+01
2.000011e+01 2.000008e+01
2.000003e+01 2.000002e+01
2.000001e+01 2.000001e+01
2.000000e+01 2.000000e+01
2.000000e+01 2.000000e+01
2.000000e+01 2.000000e+01
2.000000e+01 2.000000e+01
2.000000e+01 2.000000e+01
2.000000e+01 2.000000e+01
2.000000e+01 2.000000e+01
2.000000e+01 2.000000e+01
2.000000e+01 2.000000e+01
2.000000e+01 2.000000e+01
2.000000e+01 2.000000e+01
2.000000e+01 2.000000e+01
2.000000e+01 2.000000e+01
2.000000e+01 2.000000e+01
2.000000e+01 2.000000e+01
2.000000e+01 2.000000e+01
2.000000e+01 2.000000e+01
2.000000e+01 2.000000e+01
2.000000e+01 2.000000e+01
2.000000e+01 2.000000e+01
2.000000e+01 2.000000e+01
2.000000e+01 2.000000e+01
2.000000e+01 2.000000e+01
2.000000e+01 2.000000e+01
2.000000e+01 2.000000e+01
2.000000e+01 2.000000e+01
2.000000e+01 2.000000e+01
2.000000e+01 2.000000e+01
2.000000e+01 2.000000e+01
2.000000e+01 2.000000e+01
2.000000e+01 2.000000e+01
2.000000e+01 2.000000e+01
2.000000e+01 2.000000e+01
2.000000e+01 2.000000e+01
2.000000e+01 2.000000e+01
2.000000e+01 2.000000e+01
2.000000e+01 2.000000e+01
2.000000e+01 2.000000e+01
2.000000e+01 2.000000e+01
2.000000e+01 2.000000e+01
2.171871e+01 2.154850e+01
2.153212e+01 2.141455e+01
2.152686e+01 2.141455e+01
2.151071e+01 2.141089e+01
2.139046e+01 2.123101e+01
2.135203e+01 2.115587e+01
2.131963e+01 2.107560e+01
2.130660e+01 2.104236e+01
2.127282e+01 2.103859e+01
2.128627e+01 2.100857e+01
2.124286e+01 2.097773e+01
2.122163e+01 2.096807e+01
2.122780e+01 2.094266e+01
2.121801e+01 2.094266e+01
2.123391e+01 2.090726e+01
2.117609e+01 2.090726e+01
2.120199e+01 2.090285e+01
2.118049e+01 2.088907e+01
2.111640e+01 2.085797e+01
2.116545e+01 2.085797e+01
2.116877e+01 2.083085e+01
2.109187e+01 2.083085e+01
2.107173e+01 2.083085e+01
2.106136e+01 2.083085e+01
2.106900e+01 2.082384e+01
2.110181e+01 2.081541e+01
2.110625e+01 2.077403e+01
2.113278e+01 2.076723e+01
2.110218e+01 2.076723e+01
2.109932e+01 2.076620e+01
2.107815e+01 2.075747e+01
2.103337e+01 2.072025e+01
2.096978e+01 2.068447e+01
2.093823e+01 2.063721e+01
2.090841e+01 2.061495e+01
2.088992e+01 2.058886e+01
2.081796e+01 2.057860e+01
2.083839e+01 2.051992e+01
2.078313e+01 2.049017e+01
2.069337e+01 2.046533e+01
2.062326e+01 2.040426e+01
2.057024e+01 2.033697e+01
2.057276e+01 2.027707e+01
2.049244e+01 2.023754e+01
2.043064e+01 2.020233e+01
2.044037e+01 2.015400e+01
2.035085e+01 2.010861e+01
2.034710e+01 2.007814e+01
2.029131e+01 2.006499e+01
2.021539e+01 2.005195e+01
2.021004e+01 2.004109e+01
2.016035e+01 2.002966e+01
2.016360e+01 2.002566e+01
2.011217e+01 2.001653e+01
2.008659e+01 2.001228e+01
2.010489e+01 2.000687e+01
2.006416e+01 2.000409e+01
2.003894e+01 2.000322e+01
2.003900e+01 2.000197e+01
2.002832e+01 2.000105e+01
2.001768e+01 2.000063e+01
2.001505e+01 2.000044e+01
2.001242e+01 2.000022e+01
2.001018e+01 2.000015e+01
2.000922e+01 2.000008e+01
2.001745e+01 2.000004e+01
2.000312e+01 2.000001e+01
2.000007e+01 2.000000e+01
2.000000e+01 2.000000e+01
2.000000e+01 2.000000e+01
2.000000e+01 2.000000e+01
2.000000e+01 2.000000e+01
2.000000e+01 2.000000e+01
2.000000e+01 2.000000e+01
2.000000e+01 2.000000e+01
2.000000e+01 2.000000e+01
2.000000e+01 2.000000e+01
2.000000e+01 2.000000e+01
2.000000e+01 2.000000e+01
2.000000e+01 2.000000e+01
2.000000e+01 2.000000e+01
2.000000e+01 2.000000e+01
2.000000e+01 2.000000e+01
2.000000e+01 2.000000e+01
2.000000e+01 2.000000e+01
2.000000e+01 2.000000e+01
2.000000e+01 2.000000e+01
2.000000e+01 2.000000e+01
2.000000e+01 2.000000e+01
2.000000e+01 2.000000e+01
2.000000e+01 2.000000e+01
2.000000e+01 2.000000e+01
2.000000e+01 2.000000e+01
2.000000e+01 2.000000e+01
2.000000e+01 2.000000e+01
2.000000e+01 2.000000e+01
2.000000e+01 2.000000e+01
2.000000e+01 2.000000e+01
2.000000e+01 2.000000e+01
2.000000e+01 2.000000e+01
2.000000e+01 2.000000e+01
2.171330e+01 2.155804e+01
2.152640e+01 2.144151e+01
2.151825e+01 2.136485e+01
2.151536e+01 2.136485e+01
2.151032e+01 2.135430e+01
2.150936e+01 2.135430e+01
2.150164e+01 2.135430e+01
2.149981e+01 2.134280e+01
2.149799e+01 2.134280e+01
2.149172e+01 2.134280e+01
2.148077e+01 2.134280e+01
2.148095e+01 2.131372e+01
2.148157e+01 2.131372e+01
2.148057e+01 2.128865e+01
2.144369e+01 2.128865e+01
2.132340e+01 2.118842e+01
2.125631e+01 2.113250e+01
2.122028e+01 2.111402e+01
2.119639e+01 2.103968e+01
2.116762e+01 2.103332e+01
2.114837e+01 2.095141e+01
2.107177e+01 2.086707e+01
2.100728e+01 2.080706e+01
2.095362e+01 2.075447e+01
2.090635e+01 2.071748e+01
2.087647e+01 2.067198e+01
2.085324e+01 2.065902e+01
2.080211e+01 2.064008e+01
2.078835e+01 2.060331e+01
2.076465e+01 2.056959e+01
2.072020e+01 2.054309e+01
2.067651e+01 2.051574e+01
2.068160e+01 2.049024e+01
2.068356e+01 2.048160e+01
2.063278e+01 2.046044e+01
2.062256e+01 2.043736e+01
2.058774e+01 2.041715e+01
2.059008e+01 2.038194e+01
2.054624e+01 2.036935e+01
2.052660e+01 2.034973e+01
2.049146e+01 2.031549e+01
2.047145e+01 2.029232e+01
2.044923e+01 2.027528e+01
2.044310e+01 2.025873e+01
2.042848e+01 2.023177e+01
2.039521e+01 2.022406e+01
2.036569e+01 2.017593e+01
2.032984e+01 2.014180e+01
2.026732e+01 2.013541e+01
2.026564e+01 2.010365e+01
2.022571e+01 2.008883e+01
2.016972e+01 2.007004e+01
2.014975e+01 2.006288e+01
2.010167e+01 2.002775e+01
2.007798e+01 2.001380e+01
2.005217e+01 2.000838e+01
2.002314e+01 2.000526e+01
2.001095e+01 2.000273e+01
2.000146e+01 2.000106e+01
2.000051e+01 2.000038e+01
2.000013e+01 2.000009e+01
2.000003e+01 2.000002e+01
2.000001e+01 2.000000e+01
2.000000e+01 2.000000e+01
2.000000e+01 2.000000e+01
2.000000e+01 2.000000e+01
2.000000e+01 2.000000e+01
2.000000e+01 2.000000e+01
2.000000e+01 2.000000e+01
2.000000e+01 2.000000e+01
2.000000e+01 2.000000e+01
2.000000e+01 2.000000e+01
2.000000e+01 2.000000e+01
2.000000e+01 2.000000e+01
2.000000e+01 2.000000e+01
2.000000e+01 2.000000e+01
2.000000e+01 2.000000e+01
2.000000e+01 2.000000e+01
2.000000e+01 2.000000e+01
2.000000e+01 2.000000e+01
2.000000e+01 2.000000e+01
2.000000e+01 2.000000e+01
2.000000e+01 2.000000e+01
2.000000e+01 2.000000e+01
2.000000e+01 2.000000e+01
2.000000e+01 2.000000e+01
2.000000e+01 2.000000e+01
2.000000e+01 2.000000e+01
2.000000e+01 2.000000e+01
2.000000e+01 2.000000e+01
2.000000e+01 2.000000e+01
2.000000e+01 2.000000e+01
2.000000e+01 2.000000e+01
2.000000e+01 2.000000e+01
2.000000e+01 2.000000e+01
2.000000e+01 2.000000e+01
2.000000e+01 2.000000e+01
2.000000e+01 2.000000e+01
2.000000e+01 2.000000e+01
2.000000e+01 2.000000e+01
2.000000e+01 2.000000e+01
2.171918e+01 2.153799e+01
2.152771e+01 2.134740e+01
2.151797e+01 2.134740e+01
2.150986e+01 2.134740e+01
2.151956e+01 2.134740e+01
2.149730e+01 2.134740e+01
2.139608e+01 2.122763e+01
2.132260e+01 2.115986e+01
2.132266e+01 2.111194e+01
2.129891e+01 2.105647e+01
2.129429e+01 2.100096e+01
2.126536e+01 2.099858e+01
2.123314e+01 2.093440e+01
2.125985e+01 2.093440e+01
2.122176e+01 2.090062e+01
2.118553e+01 2.090062e+01
2.117872e+01 2.088735e+01
2.119986e+01 2.088735e+01
2.114625e+01 2.087973e+01
2.118615e+01 2.087188e+01
2.117828e+01 2.085539e+01
2.117065e+01 2.084160e+01
2.117338e+01 2.082850e+01
2.115656e+01 2.082817e+01
2.114717e+01 2.082033e+01
2.110272e+01 2.077891e+01
2.110092e+01 2.076284e+01
2.109330e+01 2.076284e+01
2.099641e+01 2.072778e+01
2.095778e+01 2.072622e+01
2.096957e+01 2.067931e+01
2.095173e+01 2.061613e+01
2.088885e+01 2.055611e+01
2.083811e+01 2.049731e+01
2.075823e+01 2.046929e+01
2.072452e+01 2.039969e+01
2.064817e+01 2.036738e+01
2.062121e+01 2.032539e+01
2.058886e+01 2.028897e+01
2.057594e+01 2.023294e+01
2.052341e+01 2.020415e+01
2.045489e+01 2.016038e+01
2.037613e+01 2.013068e+01
2.021014e+01 2.008193e+01
2.015419e+01 2.004618e+01
2.008480e+01 2.003027e+01
2.004436e+01 2.002117e+01
2.003046e+01 2.001315e+01
2.001661e+01 2.000524e+01
2.001084e+01 2.000261e+01
2.000863e+01 2.000084e+01
2.000546e+01 2.000034e+01
2.000014e+01 2.000009e+01
2.000003e+01 2.000002e+01
2.000000e+01 2.000000e+01
2.000000e+01 2.000000e+01
2.000000e+01 2.000000e+01
2.000000e+01 2.000000e+01
2.000000e+01 2.000000e+01
2.000000e+01 2.000000e+01
2.000000e+01 2.000000e+01
2.000000e+01 2.000000e+01
2.000000e+01 2.000000e+01
2.000000e+01 2.000000e+01
2.000000e+01 2.000000e+01
2.000000e+01 2.000000e+01
2.000000e+01 2.000000e+01
2.000000e+01 2.000000e+01
2.000000e+01 2.000000e+01
2.000000e+01 2.000000e+01
2.000000e+01 2.000000e+01
2.000000e+01 2.000000e+01
2.000000e+01 2.000000e+01
2.000000e+01 2.000000e+01
2.000000e+01 2.000000e+01
2.000000e+01 2.000000e+01
2.000000e+01 2.000000e+01
2.000000e+01 2.000000e+01
2.000000e+01 2.000000e+01
2.000000e+01 2.000000e+01
2.000000e+01 2.000000e+01
2.000000e+01 2.000000e+01
2.000000e+01 2.000000e+01
2.000000e+01 2.000000e+01
2.000000e+01 2.000000e+01
2.000000e+01 2.000000e+01
2.000000e+01 2.000000e+01
2.000000e+01 2.000000e+01
2.000000e+01 2.000000e+01
2.000000e+01 2.000000e+01
2.000000e+01 2.000000e+01
2.000000e+01 2.000000e+01
2.000000e+01 2.000000e+01
2.000000e+01 2.000000e+01
2.000000e+01 2.000000e+01
2.000000e+01 2.000000e+01
2.000000e+01 2.000000e+01
2.000000e+01 2.000000e+01
2.000000e+01 2.000000e+01
2.000000e+01 2.000000e+01
2.000000e+01 2.000000e+01
2.170980e+01 2.148280e+01
2.153876e+01 2.142112e+01
2.151225e+01 2.140415e+01
2.150247e+01 2.135283e+01
2.149231e+01 2.135283e+01
2.148823e+01 2.135283e+01
2.150216e+01 2.129677e+01
2.149042e+01 2.129677e+01
2.148906e+01 2.129677e+01
2.148900e+01 2.129677e+01
2.149878e+01 2.129677e+01
2.149188e+01 2.129677e+01
2.148664e+01 2.129677e+01
2.146089e+01 2.128067e+01
2.142224e+01 2.127121e+01
2.133313e+01 2.110443e+01
2.136297e+01 2.110443e+01
2.128666e+01 2.106711e+01
2.126713e+01 2.105498e+01
2.127247e+01 2.099038e+01
2.125036e+01 2.094175e+01
2.130910e+01 2.094175e+01
2.123504e+01 2.094175e+01
2.121389e+01 2.092704e+01
2.119749e+01 2.092704e+01
2.118585e+01 2.092704e+01
2.115870e+01 2.092704e+01
2.112777e+01 2.092002e+01
2.115684e+01 2.090278e+01
2.116067e+01 2.089926e+01
2.115883e+01 2.087705e+01
2.116273e+01 2.085064e+01
2.113144e+01 2.083706e+01
2.112129e+01 2.083706e+01
2.117498e+01 2.082538e+01
2.108978e+01 2.080464e+01
2.103919e+01 2.079799e+01
2.104244e+01 2.075023e+01
2.102244e+01 2.073327e+01
2.093871e+01 2.070115e+01
2.080204e+01 2.064569e+01
2.075215e+01 2.057503e+01
2.070487e+01 2.052281e+01
2.069604e+01 2.047184e+01
2.058934e+01 2.037850e+01
2.053950e+01 2.031090e+01
2.045504e+01 2.027899e+01
2.044769e+01 2.019265e+01
2.032736e+01 2.015572e+01
2.026034e+01 2.011904e+01
2.020143e+01 2.008094e+01
2.014957e+01 2.005982e+01
2.009444e+01 2.003822e+01
2.009970e+01 2.002458e+01
2.006791e+01 2.001392e+01
2.003517e+01 2.000804e+01
2.002482e+01 2.000452e+01
2.001397e+01 2.000211e+01
2.000572e+01 2.000080e+01
2.000762e+01 2.000035e+01
2.000567e+01 2.000015e+01
2.000553e+01 2.000005e+01
2.000002e+01 2.000002e+01
2.000001e+01 2.000000e+01
2.000000e+01 2.000000e+01
2.000000e+01 2.000000e+01
2.000000e+01 2.000000e+01
2.000000e+01 2.000000e+01
2.000000e+01 2.000000e+01
2.000000e+01 2.000000e+01
2.000000e+01 2.000000e+01
2.000000e+01 2.000000e+01
2.000000e+01 2.000000e+01
2.000000e+01 2.000000e+01
2.000000e+01 2.000000e+01
2.000000e+01 2.000000e+01
2.000000e+01 2.000000e+01
2.000000e+01 2.000000e+01
2.000000e+01 2.000000e+01
2.000000e+01 2.000000e+01
2.000000e+01 2.000000e+01
2.000000e+01 2.000000e+01
2.000000e+01 2.000000e+01
2.000000e+01 2.000000e+01
2.000000e+01 2.000000e+01
2.000000e+01 2.000000e+01
2.000000e+01 2.000000e+01
2.000000e+01 2.000000e+01
2.000000e+01 2.000000e+01
2.000000e+01 2.000000e+01
2.000000e+01 2.000000e+01
2.000000e+01 2.000000e+01
2.000000e+01 2.000000e+01
2.000000e+01 2.000000e+01
2.000000e+01 2.000000e+01
2.000000e+01 2.000000e+01
2.000000e+01 2.000000e+01
2.000000e+01 2.000000e+01
2.000000e+01 2.000000e+01
2.000000e+01 2.000000e+01
2.000000e+01 2.000000e+01
2.171914e+01 2.153025e+01
2.152700e+01 2.137932e+01
2.151053e+01 2.137932e+01
2.150602e+01 2.137932e+01
2.150126e+01 2.137932e+01
2.149030e+01 2.132279e+01
2.148030e+01 2.132279e+01
2.147851e+01 2.132279e+01
2.147853e+01 2.130319e+01
2.147774e+01 2.130319e+01
2.146630e+01 2.129258e+01
2.137127e+01 2.120110e+01
2.135232e+01 2.113048e+01
2.130775e+01 2.107459e+01
2.129987e+01 2.106966e+01
2.125896e+01 2.104793e+01
2.127469e+01 2.102167e+01
2.124865e+01 2.097946e+01
2.123726e+01 2.097860e+01
2.123384e+01 2.097860e+01
2.122534e+01 2.089292e+01
2.121554e+01 2.089292e+01
2.120210e+01 2.089292e+01
2.120977e+01 2.088895e+01
2.120037e+01 2.087154e+01
2.114474e+01 2.087154e+01
2.114873e+01 2.086334e+01
2.112993e+01 2.082697e+01
2.117142e+01 2.081864e+01
2.108712e+01 2.081864e+01
2.111363e+01 2.080482e+01
2.107111e+01 2.080482e+01
2.108821e+01 2.079603e+01
2.111124e+01 2.079051e+01
2.106879e+01 2.079051e+01
2.105660e+01 2.075887e+01
2.101145e+01 2.075385e+01
2.090855e+01 2.068871e+01
2.094283e+01 2.065079e+01
2.091454e+01 2.059512e+01
2.086723e+01 2.054658e+01
2.079118e+01 2.048502e+01
2.066578e+01 2.042421e+01
2.063723e+01 2.035795e+01
2.053340e+01 2.030820e+01
2.045941e+01 2.027875e+01
2.042782e+01 2.023124e+01
2.041392e+01 2.019905e+01
2.037376e+01 2.015747e+01
2.032977e+01 2.012146e+01
2.032926e+01 2.009389e+01
2.021871e+01 2.007564e+01
2.015856e+01 2.005687e+01
2.015091e+01 2.004108e+01
2.012684e+01 2.002794e+01
2.014563e+01 2.001906e+01
2.011089e+01 2.001464e+01
2.010373e+01 2.001157e+01
2.009891e+01 2.000836e+01
2.011829e+01 2.000583e+01
2.007552e+01 2.000317e+01
2.007622e+01 2.000249e+01
2.006082e+01 2.000177e+01
2.005893e+01 2.000083e+01
2.005295e+01 2.000064e+01
2.003392e+01 2.000046e+01
2.003718e+01 2.000025e+01
2.003277e+01 2.000014e+01
2.000902e+01 2.000007e+01
2.000196e+01 2.000002e+01
2.000001e+01 2.000001e+01
2.000000e+01 2.000000e+01
2.000000e+01 2.000000e+01
2.000000e+01 2.000000e+01
2.000000e+01 2.000000e+01
2.000000e+01 2.000000e+01
2.000000e+01 2.000000e+01
2.000000e+01 2.000000e+01
2.000000e+01 2.000000e+01
2.000000e+01 2.000000e+01
2.000000e+01 2.000000e+01
2.000000e+01 2.000000e+01
2.000000e+01 2.000000e+01
2.000000e+01 2.000000e+01
2.000000e+01 2.000000e+01
2.000000e+01 2.000000e+01
2.000000e+01 2.000000e+01
2.000000e+01 2.000000e+01
2.000000e+01 2.000000e+01
2.000000e+01 2.000000e+01
2.000000e+01 2.000000e+01
2.000000e+01 2.000000e+01
2.000000e+01 2.000000e+01
2.000000e+01 2.000000e+01
2.000000e+01 2.000000e+01
2.000000e+01 2.000000e+01
2.000000e+01 2.000000e+01
2.000000e+01 2.000000e+01
2.000000e+01 2.000000e+01
2.000000e+01 2.000000e+01
2.000000e+01 2.000000e+01
2.171473e+01 2.155516e+01
2.152497e+01 2.141218e+01
2.145831e+01 2.131496e+01
2.136737e+01 2.121128e+01
2.130195e+01 2.113770e+01
2.133492e+01 2.105938e+01
2.131869e+01 2.098805e+01
2.126724e+01 2.098805e+01
2.124095e+01 2.098012e+01
2.129487e+01 2.095872e+01
2.125319e+01 2.093686e+01
2.126106e+01 2.093353e+01
2.123973e+01 2.091738e+01
2.120459e+01 2.089945e+01
2.117132e+01 2.089789e+01
2.119221e+01 2.087333e+01
2.115239e+01 2.087023e+01
2.111466e+01 2.087023e+01
2.118224e+01 2.085582e+01
2.116252e+01 2.084630e+01
2.115184e+01 2.083349e+01
2.114909e+01 2.082126e+01
2.111573e+01 2.080372e+01
2.109821e+01 2.076411e+01
2.098420e+01 2.076411e+01
2.091017e+01 2.072848e+01
2.104691e+01 2.069493e+01
2.101580e+01 2.067601e+01
2.099315e+01 2.065930e+01
2.089852e+01 2.063248e+01
2.082592e+01 2.057685e+01
2.076498e+01 2.048555e+01
2.072652e+01 2.046863e+01
2.066664e+01 2.039292e+01
2.057881e+01 2.037121e+01
2.053477e+01 2.028986e+01
2.047570e+01 2.022555e+01
2.035636e+01 2.017282e+01
2.028498e+01 2.012475e+01
2.024993e+01 2.009186e+01
2.019860e+01 2.007258e+01
2.014594e+01 2.005508e+01
2.011930e+01 2.003416e+01
2.011023e+01 2.002676e+01
2.008333e+01 2.001267e+01
2.005698e+01 2.000836e+01
2.005211e+01 2.000415e+01
2.002374e+01 2.000204e+01
2.001478e+01 2.000074e+01
2.001640e+01 2.000032e+01
2.000867e+01 2.000012e+01
2.000808e+01 2.000004e+01
2.000535e+01 2.000002e+01
2.001066e+01 2.000001e+01
2.000384e+01 2.000000e+01
2.000765e+01 2.000000e+01
2.000007e+01 2.000000e+01
2.000000e+01 2.000000e+01
2.000000e+01 2.000000e+01
2.000000e+01 2.000000e+01
2.000000e+01 2.000000e+01
2.000000e+01 2.000000e+01
2.000000e+01 2.000000e+01
2.000000e+01 2.000000e+01
2.000000e+01 2.000000e+01
2.000000e+01 2.000000e+01
2.000000e+01 2.000000e+01
2.000000e+01 2.000000e+01
2.000000e+01 2.000000e+01
2.000000e+01 2.000000e+01
2.000000e+01 2.000000e+01
2.000000e+01 2.000000e+01
2.000000e+01 2.000000e+01
2.000000e+01 2.000000e+01
2.000000e+01 2.000000e+01
2.000000e+01 2.000000e+01
2.000000e+01 2.000000e+01
2.000000e+01 2.000000e+01
2.000000e+01 2.000000e+01
2.000000e+01 2.000000e+01
2.000000e+01 2.000000e+01
2.000000e+01 2.000000e+01
2.000000e+01 2.000000e+01
2.000000e+01 2.000000e+01
2.000000e+01 2.000000e+01
2.000000e+01 2.000000e+01
2.000000e+01 2.000000e+01
2.000000e+01 2.000000e+01
2.000000e+01 2.000000e+01
2.000000e+01 2.000000e+01
2.000000e+01 2.000000e+01
2.000000e+01 2.000000e+01
2.000000e+01 2.000000e+01
2.000000e+01 2.000000e+01
2.000000e+01 2.000000e+01
2.000000e+01 2.000000e+01
2.000000e+01 2.000000e+01
2.000000e+01 2.000000e+01
2.000000e+01 2.000000e+01
2.000000e+01 2.000000e+01
2.000000e+01 2.000000e+01
2.169665e+01 2.146616e+01
2.153406e+01 2.130752e+01
2.152392e+01 2.130752e+01
2.147815e+01 2.130752e+01
2.137367e+01 2.118914e+01
2.134864e+01 2.113810e+01
2.131668e+01 2.108303e+01
2.129525e+01 2.104936e+01
2.128790e+01 2.104087e+01
2.124417e+01 2.104087e+01
2.126204e+01 2.101207e+01
2.123675e+01 2.099925e+01
2.124988e+01 2.097382e+01
2.126135e+01 2.097382e+01
2.120360e+01 2.096279e+01
2.122678e+01 2.096279e+01
2.121232e+01 2.095148e+01
2.120472e+01 2.094799e+01
2.119169e+01 2.092836e+01
2.121956e+01 2.092546e+01
2.118943e+01 2.091499e+01
2.114177e+01 2.091499e+01
2.118879e+01 2.090624e+01
2.121719e+01 2.087879e+01
2.116613e+01 2.087879e+01
2.115350e+01 2.087879e+01
2.122282e+01 2.087068e+01
2.114477e+01 2.085258e+01
2.115211e+01 2.085258e+01
2.114680e+01 2.084706e+01
2.110197e+01 2.083597e+01
2.115561e+01 2.083259e+01
2.108802e+01 2.083259e+01
2.106337e+01 2.082671e+01
2.105072e+01 2.082160e+01
2.107670e+01 2.081882e+01
2.109540e+01 2.080673e+01
2.114215e+01 2.079778e+01
2.108115e+01 2.079541e+01
2.110754e+01 2.078868e+01
2.110868e+01 2.077305e+01
2.103756e+01 2.075472e+01
2.101149e+01 2.073879e+01
2.101069e+01 2.069460e+01
2.097275e+01 2.063828e+01
2.087072e+01 2.054038e+01
2.072843e+01 2.051196e+01
2.069514e+01 2.047314e+01
2.066922e+01 2.040193e+01
2.056807e+01 2.035037e+01
2.046457e+01 2.029785e+01
2.045226e+01 2.026249e+01
2.038372e+01 2.020164e+01
2.032599e+01 2.016245e+01
2.023958e+01 2.010639e+01
2.016121e+01 2.007789e+01
2.013061e+01 2.004737e+01
2.009117e+01 2.003089e+01
2.009765e+01 2.002114e+01
2.006197e+01 2.001221e+01
2.002708e+01 2.000534e+01
2.002279e+01 2.000341e+01
2.002319e+01 2.000176e+01
2.001900e+01 2.000066e+01
2.000778e+01 2.000031e+01
2.000018e+01 2.000012e+01
2.000006e+01 2.000004e+01
2.000002e+01 2.000001e+01
2.000000e+01 2.000000e+01
2.000000e+01 2.000000e+01
2.000000e+01 2.000000e+01
2.000000e+01 2.000000e+01
2.000000e+01 2.000000e+01
2.000000e+01 2.000000e+01
2.000000e+01 2.000000e+01
2.000000e+01 2.000000e+01
2.000000e+01 2.000000e+01
2.000000e+01 2.000000e+01
2.000000e+01 2.000000e+01
2.000000e+01 2.000000e+01
2.000000e+01 2.000000e+01
2.000000e+01 2.000000e+01
2.000000e+01 2.000000e+01
2.000000e+01 2.000000e+01
2.000000e+01 2.000000e+01
2.000000e+01 2.000000e+01
2.000000e+01 2.000000e+01
2.000000e+01 2.000000e+01
2.000000e+01 2.000000e+01
2.000000e+01 2.000000e+01
2.000000e+01 2.000000e+01
2.000000e+01 2.000000e+01
2.000000e+01 2.000000e+01
2.000000e+01 2.000000e+01
2.000000e+01 2.000000e+01
2.000000e+01 2.000000e+01
2.000000e+01 2.000000e+01
2.000000e+01 2.000000e+01
2.000000e+01 2.000000e+01
2.000000e+01 2.000000e+01
2.000000e+01 2.000000e+01
2.171633e+01 2.151712e+01
2.153215e+01 2.140859e+01
2.151446e+01 2.140859e+01
2.143664e+01 2.123705e+01
2.135520e+01 2.111224e+01
2.132234e+01 2.105821e+01
2.131729e+01 2.101922e+01
2.127607e+01 2.099811e+01
2.125542e+01 2.099811e+01
2.125298e+01 2.098787e+01
2.122291e+01 2.098671e+01
2.120771e+01 2.098671e+01
2.122623e+01 2.098671e+01
2.125980e+01 2.096963e+01
2.123531e+01 2.096778e+01
2.119221e+01 2.094316e+01
2.124930e+01 2.093595e+01
2.121873e+01 2.093595e+01
2.116246e+01 2.093263e+01
2.119166e+01 2.091028e+01
2.123847e+01 2.088375e+01
2.123807e+01 2.086739e+01
2.120705e+01 2.086739e+01
2.114210e+01 2.086739e+01
2.118253e+01 2.086739e+01
2.104981e+01 2.086739e+01
2.112027e+01 2.082672e+01
2.108846e+01 2.082672e+01
2.116097e+01 2.081367e+01
2.109405e+01 2.081367e+01
2.104674e+01 2.081367e+01
2.111128e+01 2.081367e+01
2.096014e+01 2.081367e+01
2.106787e+01 2.080710e+01
2.107398e+01 2.080710e+01
2.105910e+01 2.079832e+01
2.109241e+01 2.073704e+01
2.109291e+01 2.067647e+01
2.102635e+01 2.067581e+01
2.100943e+01 2.065339e+01
2.092940e+01 2.060710e+01
2.085965e+01 2.056859e+01
2.081203e+01 2.052009e+01
2.076140e+01 2.044884e+01
2.069381e+01 2.041521e+01
2.066698e+01 2.037115e+01
2.058050e+01 2.032367e+01
2.049357e+01 2.028839e+01
2.041555e+01 2.024450e+01
2.037494e+01 2.017138e+01
2.030020e+01 2.011078e+01
2.023547e+01 2.007454e+01
2.017770e+01 2.005061e+01
2.013144e+01 2.002775e+01
2.008899e+01 2.001829e+01
2.008325e+01 2.000902e+01
2.003450e+01 2.000477e+01
2.000471e+01 2.000197e+01
2.000080e+01 2.000050e+01
2.000020e+01 2.000011e+01
2.000005e+01 2.000004e+01
2.000001e+01 2.000001e+01
2.000000e+01 2.000000e+01
2.000000e+01 2.000000e+01
2.000000e+01 2.000000e+01
2.000000e+01 2.000000e+01
2.000000e+01 2.000000e+01
2.000000e+01 2.000000e+01
2.000000e+01 2.000000e+01
2.000000e+01 2.000000e+01
2.000000e+01 2.000000e+01
2.000000e+01 2.000000e+01
2.000000e+01 2.000000e+01
2.000000e+01 2.000000e+01
2.000000e+01 2.000000e+01
2.000000e+01 2.000000e+01
2.000000e+01 2.000000e+01
2.000000e+01 2.000000e+01
2.000000e+01 2.000000e+01
2.000000e+01 2.000000e+01
2.000000e+01 2.000000e+01
2.000000e+01 2.000000e+01
2.000000e+01 2.000000e+01
2.000000e+01 2.000000e+01
2.000000e+01 2.000000e+01
2.000000e+01 2.000000e+01
2.000000e+01 2.000000e+01
2.000000e+01 2.000000e+01
2.000000e+01 2.000000e+01
2.000000e+01 2.000000e+01
2.000000e+01 2.000000e+01
2.000000e+01 2.000000e+01
2.000000e+01 2.000000e+01
2.000000e+01 2.000000e+01
2.000000e+01 2.000000e+01
2.000000e+01 2.000000e+01
2.000000e+01 2.000000e+01
2.000000e+01 2.000000e+01
2.000000e+01 2.000000e+01
2.000000e+01 2.000000e+01
2.000000e+01 2.000000e+01
2.170593e+01 2.154924e+01
2.151613e+01 2.139189e+01
2.142478e+01 2.123032e+01
2.137064e+01 2.117679e+01
2.131783e+01 2.111437e+01
2.130995e+01 2.109344e+01
2.129009e+01 2.104923e+01
2.126416e+01 2.100750e+01
2.126702e+01 2.098300e+01
2.125525e+01 2.098300e+01
2.122952e+01 2.096095e+01
2.127242e+01 2.095458e+01
2.120477e+01 2.094622e+01
2.124034e+01 2.091146e+01
2.122761e+01 2.090135e+01
2.125007e+01 2.089294e+01
2.121439e+01 2.087600e+01
2.120057e+01 2.085336e+01
2.117726e+01 2.084119e+01
2.113798e+01 2.083995e+01
2.115985e+01 2.083995e+01
2.109263e+01 2.083995e+01
2.114271e+01 2.081211e+01
2.113745e+01 2.079255e+01
2.109683e+01 2.079255e+01
2.102164e+01 2.076992e+01
2.097836e+01 2.072810e+01
2.091735e+01 2.070542e+01
2.088332e+01 2.066597e+01
2.082924e+01 2.062288e+01
2.078828e+01 2.056844e+01
2.073253e+01 2.052508e+01
2.069547e+01 2.046790e+01
2.055145e+01 2.042259e+01
2.052584e+01 2.035852e+01
2.045183e+01 2.031762e+01
2.038986e+01 2.023662e+01
2.026449e+01 2.017375e+01
2.021126e+01 2.013392e+01
2.018159e+01 2.008704e+01
2.012994e+01 2.005226e+01
2.006360e+01 2.003026e+01
2.006149e+01 2.001688e+01
2.003728e+01 2.000869e+01
2.003000e+01 2.000484e+01
2.001365e+01 2.000212e+01
2.000720e+01 2.000072e+01
2.000437e+01 2.000020e+01
2.000010e+01 2.000008e+01
2.000003e+01 2.000002e+01
2.000001e+01 2.000000e+01
2.000000e+01 2.000000e+01
2.000000e+01 2.000000e+01
2.000000e+01 2.000000e+01
2.000000e+01 2.000000e+01
2.000000e+01 2.000000e+01
2.000000e+01 2.000000e+01
2.000000e+01 2.000000e+01
2.000000e+01 2.000000e+01
2.000000e+01 2.000000e+01
2.000000e+01 2.000000e+01
2.000000e+01 2.000000e+01
2.000000e+01 2.000000e+01
2.000000e+01 2.000000e+01
2.000000e+01 2.000000e+01
2.000000e+01 2.000000e+01
2.000000e+01 2.000000e+01
2.000000e+01 2.000000e+01
2.000000e+01 2.000000e+01
2.000000e+01 2.000000e+01
2.000000e+01 2.000000e+01
2.000000e+01 2.000000e+01
2.000000e+01 2.000000e+01
2.000000e+01 2.000000e+01
2.000000e+01 2.000000e+01
2.000000e+01 2.000000e+01
2.000000e+01 2.000000e+01
2.000000e+01 2.000000e+01
2.000000e+01 2.000000e+01
2.000000e+01 2.000000e+01
2.000000e+01 2.000000e+01
2.000000e+01 2.000000e+01
2.000000e+01 2.000000e+01
2.000000e+01 2.000000e+01
2.000000e+01 2.000000e+01
2.000000e+01 2.000000e+01
2.000000e+01 2.000000e+01
2.000000e+01 2.000000e+01
2.000000e+01 2.000000e+01
2.000000e+01 2.000000e+01
2.000000e+01 2.000000e+01
2.000000e+01 2.000000e+01
2.000000e+01 2.000000e+01
2.000000e+01 2.000000e+01
2.000000e+01 2.000000e+01
2.000000e+01 2.000000e+01
2.000000e+01 2.000000e+01
2.000000e+01 2.000000e+01
2.000000e+01 2.000000e+01
2.000000e+01 2.000000e+01
2.000000e+01 2.000000e+01
2.170839e+01 2.148651e+01
2.152144e+01 2.134125e+01
2.151943e+01 2.134125e+01
2.149797e+01 2.134125e+01
2.150398e+01 2.134125e+01
2.148422e+01 2.130692e+01
2.136499e+01 2.119313e+01
2.130285e+01 2.112325e+01
2.130760e+01 2.107528e+01
2.129549e+01 2.107036e+01
2.127531e+01 2.102052e+01
2.125476e+01 2.099376e+01
2.125839e+01 2.099119e+01
2.123125e+01 2.099093e+01
2.124549e+01 2.099093e+01
2.121135e+01 2.097589e+01
2.121589e+01 2.093065e+01
2.117587e+01 2.093065e+01
2.119421e+01 2.093065e+01
2.116498e+01 2.091955e+01
2.118701e+01 2.090832e+01
2.117736e+01 2.090795e+01
2.115687e+01 2.090795e+01
2.118271e+01 2.089149e+01
2.112956e+01 2.085922e+01
2.112381e+01 2.085922e+01
2.112308e+01 2.083966e+01
2.111986e+01 2.083966e+01
2.108140e+01 2.083966e+01
2.107309e+01 2.083966e+01
2.100080e+01 2.083966e+01
2.108549e+01 2.082521e+01
2.102293e+01 2.076579e+01
2.098525e+01 2.076579e+01
2.106226e+01 2.073430e+01
2.102159e+01 2.071136e+01
2.104320e+01 2.067199e+01
2.095287e+01 2.064817e+01
2.080903e+01 2.059550e+01
2.075031e+01 2.054020e+01
2.072073e+01 2.049495e+01
2.063488e+01 2.044241e+01
2.058429e+01 2.039086e+01
2.052955e+01 2.031369e+01
2.046373e+01 2.024691e+01
2.035731e+01 2.018346e+01
2.028397e+01 2.012033e+01
2.021864e+01 2.008878e+01
2.015564e+01 2.005965e+01
2.014729e+01 2.003390e+01
2.007959e+01 2.001698e+01
2.001023e+01 2.000724e+01
2.000370e+01 2.000237e+01
2.000126e+01 2.000080e+01
2.000040e+01 2.000029e+01
2.000009e+01 2.000006e+01
2.000002e+01 2.000001e+01
2.000000e+01 2.000000e+01
2.000000e+01 2.000000e+01
2.000000e+01 2.000000e+01
2.000000e+01 2.000000e+01
2.000000e+01 2.000000e+01
2.000000e+01 2.000000e+01
2.000000e+01 2.000000e+01
2.000000e+01 2.000000e+01
2.000000e+01 2.000000e+01
2.000000e+01 2.000000e+01
2.000000e+01 2.000000e+01
2.000000e+01 2.000000e+01
2.000000e+01 2.000000e+01
2.000000e+01 2.000000e+01
2.000000e+01 2.000000e+01
2.000000e+01 2.000000e+01
2.000000e+01 2.000000e+01
2.000000e+01 2.000000e+01
2.000000e+01 2.000000e+01
2.000000e+01 2.000000e+01
2.000000e+01 2.000000e+01
2.000000e+01 2.000000e+01
2.000000e+01 2.000000e+01
2.000000e+01 2.000000e+01
2.000000e+01 2.000000e+01
2.000000e+01 2.000000e+01
2.000000e+01 2.000000e+01
2.000000e+01 2.000000e+01
2.000000e+01 2.000000e+01
2.000000e+01 2.000000e+01
2.000000e+01 2.000000e+01
2.000000e+01 2.000000e+01
2.000000e+01 2.000000e+01
2.000000e+01 2.000000e+01
2.000000e+01 2.000000e+01
2.000000e+01 2.000000e+01
2.000000e+01 2.000000e+01
2.000000e+01 2.000000e+01
2.000000e+01 2.000000e+01
2.000000e+01 2.000000e+01
2.000000e+01 2.000000e+01
2.000000e+01 2.000000e+01
2.000000e+01 2.000000e+01
2.000000e+01 2.000000e+01
2.171961e+01 2.156813e+01
2.153887e+01 2.140141e+01
2.152508e+01 2.140141e+01
2.151191e+01 2.140141e+01
2.151294e+01 2.139336e+01
2.150124e+01 2.139336e+01
2.149389e+01 2.138148e+01
2.149652e+01 2.138148e+01
2.149107e+01 2.137046e+01
2.149546e+01 2.137046e+01
2.142483e+01 2.131058e+01
2.135826e+01 2.115912e+01
2.131419e+01 2.106175e+01
2.128416e+01 2.104488e+01
2.127579e+01 2.102536e+01
2.129065e+01 2.102536e+01
2.129861e+01 2.100732e+01
2.125334e+01 2.100038e+01
2.122923e+01 2.099691e+01
2.124647e+01 2.095951e+01
2.122847e+01 2.094736e+01
2.120158e+01 2.093121e+01
2.123265e+01 2.087866e+01
2.118635e+01 2.087866e+01
2.116599e+01 2.086513e+01
2.117129e+01 2.086431e+01
2.113976e+01 2.083376e+01
2.111502e+01 2.083376e+01
2.112944e+01 2.083376e+01
2.107417e+01 2.083376e+01
2.111770e+01 2.081266e+01
2.110201e+01 2.079166e+01
2.112361e+01 2.078998e+01
2.106341e+01 2.078998e+01
2.104738e+01 2.078998e+01
2.096882e+01 2.078998e+01
2.105898e+01 2.074758e+01
2.106424e+01 2.074074e+01
2.105133e+01 2.074074e+01
2.100294e+01 2.074073e+01
2.106884e+01 2.070493e+01
2.100620e+01 2.069655e+01
2.107009e+01 2.068328e+01
2.108955e+01 2.067572e+01
2.104339e+01 2.065540e+01
2.103351e+01 2.065190e+01
2.096307e+01 2.065000e+01
2.087358e+01 2.064635e+01
2.089293e+01 2.063374e+01
2.090017e+01 2.061107e+01
2.081574e+01 2.055440e+01
2.079515e+01 2.051470e+01
2.065856e+01 2.044732e+01
2.055782e+01 2.037702e+01
2.049493e+01 2.031236e+01
2.046983e+01 2.027227e+01
2.035344e+01 2.019701e+01
2.020895e+01 2.014205e+01
2.018000e+01 2.008966e+01
2.010021e+01 2.006258e+01
2.008340e+01 2.004637e+01
2.004637e+01 2.002909e+01
2.003741e+01 2.001786e+01
2.003004e+01 2.001422e+01
2.002372e+01 2.001153e+01
2.001194e+01 2.000975e+01
2.001335e+01 2.000923e+01
2.000902e+01 2.000897e+01
2.000889e+01 2.000887e+01
2.000884e+01 2.000884e+01
2.000883e+01 2.000883e+01
2.000882e+01 2.000882e+01
2.000882e+01 2.000882e+01
2.000882e+01 2.000882e+01
2.000882e+01 2.000882e+01
2.000882e+01 2.000882e+01
2.000882e+01 2.000882e+01
2.000882e+01 2.000882e+01
2.000882e+01 2.000882e+01
2.000882e+01 2.000882e+01
2.000882e+01 2.000882e+01
2.000882e+01 2.000882e+01
2.000882e+01 2.000882e+01
2.000882e+01 2.000882e+01
2.000882e+01 2.000882e+01
2.000882e+01 2.000882e+01
2.000882e+01 2.000882e+01
2.000882e+01 2.000882e+01
2.000882e+01 2.000882e+01
2.000882e+01 2.000882e+01
2.000882e+01 2.000882e+01
2.000882e+01 2.000882e+01
2.000882e+01 2.000882e+01
2.000882e+01 2.000882e+01
2.000882e+01 2.000882e+01
2.000882e+01 2.000882e+01
2.000882e+01 2.000882e+01
2.000882e+01 2.000882e+01
2.000882e+01 2.000882e+01
2.000882e+01 2.000882e+01
2.000882e+01 2.000882e+01
2.169584e+01 2.149963e+01
2.152859e+01 2.144237e+01
2.152291e+01 2.140398e+01
2.150627e+01 2.140398e+01
2.145638e+01 2.129095e+01
2.136806e+01 2.118405e+01
2.131454e+01 2.116291e+01
2.132489e+01 2.107359e+01
2.129598e+01 2.107359e+01
2.128355e+01 2.103378e+01
2.127710e+01 2.102485e+01
2.123660e+01 2.101571e+01
2.126179e+01 2.099177e+01
2.128533e+01 2.099177e+01
2.122717e+01 2.097181e+01
2.124851e+01 2.094621e+01
2.122299e+01 2.094621e+01
2.121173e+01 2.094390e+01
2.121287e+01 2.090850e+01
2.121070e+01 2.090850e+01
2.120751e+01 2.090711e+01
2.115191e+01 2.088283e+01
2.120152e+01 2.088283e+01
2.108462e+01 2.086002e+01
2.106624e+01 2.086002e+01
2.114335e+01 2.081887e+01
2.112847e+01 2.081887e+01
2.111134e+01 2.080000e+01
2.102243e+01 2.080000e+01
2.109996e+01 2.077992e+01
2.113173e+01 2.075253e+01
2.107830e+01 2.072807e+01
2.108948e+01 2.070699e+01
2.099498e+01 2.070118e+01
2.095260e+01 2.067214e+01
2.089005e+01 2.062781e+01
2.083201e+01 2.059270e+01
2.082979e+01 2.054442e+01
2.076099e+01 2.050965e+01
2.075725e+01 2.044938e+01
2.063103e+01 2.042138e+01
2.062375e+01 2.037833e+01
2.056866e+01 2.033209e+01
2.053485e+01 2.028541e+01
2.045346e+01 2.021101e+01
2.037498e+01 2.017104e+01
2.030856e+01 2.012850e+01
2.018312e+01 2.009753e+01
2.012535e+01 2.006296e+01
2.008520e+01 2.003651e+01
2.006339e+01 2.002224e+01
2.006017e+01 2.001325e+01
2.004765e+01 2.000826e+01
2.003022e+01 2.000489e+01
2.003924e+01 2.000287e+01
2.003631e+01 2.000180e+01
2.002514e+01 2.000111e+01
2.001562e+01 2.000066e+01
2.000975e+01 2.000029e+01
2.001115e+01 2.000012e+01
2.001125e+01 2.000005e+01
2.000723e+01 2.000002e+01
2.000519e+01 2.000001e+01
2.000422e+01 2.000000e+01
2.000000e+01 2.000000e+01
2.000000e+01 2.000000e+01
2.000000e+01 2.000000e+01
2.000000e+01 2.000000e+01
2.000000e+01 2.000000e+01
2.000000e+01 2.000000e+01
2.000000e+01 2.000000e+01
2.000000e+01 2.000000e+01
2.000000e+01 2.000000e+01
2.000000e+01 2.000000e+01
2.000000e+01 2.000000e+01
2.000000e+01 2.000000e+01
2.000000e+01 2.000000e+01
2.000000e+01 2.000000e+01
2.000000e+01 2.000000e+01
2.000000e+01 2.000000e+01
2.000000e+01 2.000000e+01
2.000000e+01 2.000000e+01
2.000000e+01 2.000000e+01
2.000000e+01 2.000000e+01
2.000000e+01 2.000000e+01
2.000000e+01 2.000000e+01
2.000000e+01 2.000000e+01
2.000000e+01 2.000000e+01
2.000000e+01 2.000000e+01
2.000000e+01 2.000000e+01
2.000000e+01 2.000000e+01
2.000000e+01 2.000000e+01
2.000000e+01 2.000000e+01
2.000000e+01 2.000000e+01
2.000000e+01 2.000000e+01
2.000000e+01 2.000000e+01
2.000000e+01 2.000000e+01
2.000000e+01 2.000000e+01
2.000000e+01 2.000000e+01
2.000000e+01 2.000000e+01
2.000000e+01 2.000000e+01
2.172341e+01 2.156629e+01
2.152900e+01 2.143440e+01
2.151211e+01 2.143440e+01
2.151702e+01 2.137741e+01
2.149324e+01 2.132112e+01
2.150151e+01 2.132112e+01
2.148713e+01 2.130981e+01
2.148176e+01 2.130981e+01
2.149925e+01 2.129911e+01
2.149403e+01 2.129911e+01
2.141678e+01 2.127324e+01
2.138134e+01 2.113706e+01
2.132480e+01 2.112639e+01
2.129114e+01 2.105732e+01
2.131604e+01 2.103640e+01
2.127158e+01 2.102438e+01
2.123211e+01 2.101859e+01
2.125495e+01 2.098494e+01
2.124524e+01 2.095723e+01
2.128430e+01 2.094169e+01
2.120352e+01 2.094169e+01
2.121830e+01 2.093325e+01
2.119931e+01 2.092534e+01
2.122408e+01 2.091296e+01
2.119897e+01 2.090305e+01
2.115487e+01 2.089021e+01
2.121749e+01 2.086979e+01
2.114103e+01 2.086979e+01
2.111828e+01 2.086979e+01
2.117760e+01 2.084760e+01
2.112150e+01 2.084742e+01
2.107856e+01 2.081649e+01
2.111669e+01 2.080160e+01
2.111079e+01 2.078757e+01
2.113667e+01 2.076996e+01
2.105392e+01 2.076789e+01
2.111350e+01 2.074355e+01
2.101737e+01 2.073572e+01
2.100402e+01 2.068855e+01
2.100923e+01 2.067975e+01
2.098328e+01 2.066111e+01
2.098165e+01 2.060583e+01
2.096490e+01 2.058797e+01
2.094248e+01 2.056788e+01
2.088864e+01 2.053429e+01
2.087554e+01 2.050461e+01
2.080725e+01 2.047051e+01
2.070791e+01 2.043865e+01
2.068662e+01 2.041844e+01
2.064891e+01 2.038633e+01
2.061334e+01 2.034725e+01
2.058907e+01 2.031305e+01
2.050388e+01 2.024230e+01
2.050527e+01 2.022548e+01
2.045611e+01 2.019153e+01
2.042793e+01 2.014092e+01
2.036029e+01 2.009998e+01
2.030690e+01 2.008562e+01
2.025143e+01 2.006428e+01
2.020902e+01 2.004574e+01
2.016567e+01 2.003429e+01
2.009270e+01 2.002609e+01
2.007467e+01 2.001485e+01
2.002425e+01 2.000910e+01
2.001217e+01 2.000376e+01
2.000245e+01 2.000164e+01
2.000078e+01 2.000056e+01
2.000024e+01 2.000017e+01
2.000006e+01 2.000005e+01
2.000002e+01 2.000001e+01
2.000000e+01 2.000000e+01
2.000000e+01 2.000000e+01
2.000000e+01 2.000000e+01
2.000000e+01 2.000000e+01
2.000000e+01 2.000000e+01
2.000000e+01 2.000000e+01
2.000000e+01 2.000000e+01
2.000000e+01 2.000000e+01
2.000000e+01 2.000000e+01
2.000000e+01 2.000000e+01
2.000000e+01 2.000000e+01
2.000000e+01 2.000000e+01
2.000000e+01 2.000000e+01
2.000000e+01 2.000000e+01
2.000000e+01 2.000000e+01
2.000000e+01 2.000000e+01
2.000000e+01 2.000000e+01
2.000000e+01 2.000000e+01
2.000000e+01 2.000000e+01
2.000000e+01 2.000000e+01
2.000000e+01 2.000000e+01
2.000000e+01 2.000000e+01
2.000000e+01 2.000000e+01
2.000000e+01 2.000000e+01
2.000000e+01 2.000000e+01
2.000000e+01 2.000000e+01
2.000000e+01 2.000000e+01
2.000000e+01 2.000000e+01
2.000000e+01 2.000000e+01
2.000000e+01 2.000000e+01
2.000000e+01 2.000000e+01
2.171932e+01 2.148922e+01
2.153633e+01 2.138641e+01
2.150482e+01 2.138641e+01
2.145216e+01 2.128847e+01
2.138267e+01 2.118713e+01
2.133025e+01 2.113305e+01
2.131922e+01 2.110199e+01
2.132376e+01 2.106539e+01
2.127029e+01 2.101178e+01
2.123960e+01 2.101178e+01
2.126327e+01 2.100436e+01
2.125503e+01 2.098217e+01
2.121976e+01 2.098217e+01
2.124052e+01 2.095658e+01
2.122734e+01 2.095618e+01
2.123572e+01 2.093557e+01
2.122177e+01 2.093557e+01
2.116616e+01 2.093557e+01
2.120446e+01 2.092979e+01
2.119412e+01 2.090994e+01
2.116934e+01 2.089304e+01
2.115958e+01 2.087552e+01
2.116522e+01 2.087319e+01
2.118267e+01 2.084420e+01
2.113494e+01 2.082438e+01
2.106232e+01 2.079971e+01
2.106258e+01 2.076821e+01
2.096963e+01 2.072873e+01
2.096668e+01 2.068472e+01
2.090169e+01 2.064595e+01
2.083190e+01 2.056633e+01
2.075166e+01 2.047645e+01
2.071968e+01 2.039987e+01
2.071241e+01 2.039263e+01
2.060203e+01 2.035429e+01
2.054039e+01 2.032115e+01
2.049012e+01 2.024819e+01
2.042186e+01 2.018478e+01
2.032011e+01 2.014202e+01
2.021233e+01 2.009924e+01
2.020353e+01 2.006319e+01
2.013032e+01 2.004423e+01
2.012180e+01 2.002501e+01
2.007273e+01 2.001952e+01
2.005116e+01 2.001125e+01
2.004131e+01 2.000831e+01
2.002238e+01 2.000514e+01
2.001514e+01 2.000260e+01
2.001800e+01 2.000167e+01
2.001155e+01 2.000094e+01
2.001053e+01 2.000050e+01
2.001259e+01 2.000030e+01
2.000858e+01 2.000014e+01
2.000746e+01 2.000005e+01
2.000624e+01 2.000002e+01
2.000165e+01 2.000001e+01
2.000008e+01 2.000000e+01
2.000000e+01 2.000000e+01
2.000000e+01 2.000000e+01
2.000000e+01 2.000000e+01
2.000000e+01 2.000000e+01
2.000000e+01 2.000000e+01
2.000000e+01 2.000000e+01
2.000000e+01 2.000000e+01
2.000000e+01 2.000000e+01
2.000000e+01 2.000000e+01
2.000000e+01 2.000000e+01
2.000000e+01 2.000000e+01
2.000000e+01 2.000000e+01
2.000000e+01 2.000000e+01
2.000000e+01 2.000000e+01
2.000000e+01 2.000000e+01
2.000000e+01 2.000000e+01
2.000000e+01 2.000000e+01
2.000000e+01 2.000000e+01
2.000000e+01 2.000000e+01
2.000000e+01 2.000000e+01
2.000000e+01 2.000000e+01
2.000000e+01 2.000000e+01
2.000000e+01 2.000000e+01
2.000000e+01 2.000000e+01
2.000000e+01 2.000000e+01
2.000000e+01 2.000000e+01
2.000000e+01 2.000000e+01
2.000000e+01 2.000000e+01
2.000000e+01 2.000000e+01
2.000000e+01 2.000000e+01
2.000000e+01 2.000000e+01
2.000000e+01 2.000000e+01
2.000000e+01 2.000000e+01
2.000000e+01 2.000000e+01
2.000000e+01 2.000000e+01
2.000000e+01 2.000000e+01
2.000000e+01 2.000000e+01
2.000000e+01 2.000000e+01
2.000000e+01 2.000000e+01
2.000000e+01 2.000000e+01
2.000000e+01 2.000000e+01
2.000000e+01 2.000000e+01
2.000000e+01 2.000000e+01
2.000000e+01 2.000000e+01
2.170233e+01 2.149895e+01
2.153368e+01 2.140171e+01
2.152951e+01 2.139305e+01
2.151608e+01 2.134154e+01
2.151595e+01 2.134154e+01
2.152288e+01 2.134154e+01
2.149388e+01 2.134154e+01
2.149750e+01 2.134154e+01
2.151086e+01 2.130779e+01
2.148384e+01 2.130779e+01
2.148891e+01 2.130779e+01
2.147300e+01 2.129900e+01
2.146481e+01 2.129900e+01
2.147105e+01 2.129900e+01
2.148701e+01 2.129900e+01
2.147935e+01 2.125373e+01
2.146104e+01 2.125373e+01
2.146058e+01 2.125373e+01
2.144149e+01 2.125373e+01
2.141877e+01 2.123440e+01
2.129948e+01 2.113748e+01
2.130747e+01 2.111936e+01
2.127905e+01 2.106642e+01
2.123680e+01 2.102543e+01
2.125580e+01 2.101626e+01
2.120162e+01 2.100510e+01
2.122515e+01 2.097621e+01
2.124039e+01 2.095821e+01
2.122509e+01 2.095115e+01
2.119395e+01 2.094578e+01
2.122417e+01 2.092924e+01
2.114997e+01 2.092121e+01
2.118441e+01 2.091486e+01
2.118508e+01 2.089704e+01
2.116034e+01 2.088177e+01
2.113404e+01 2.084652e+01
2.109232e+01 2.083813e+01
2.107065e+01 2.083813e+01
2.108589e+01 2.081458e+01
2.110652e+01 2.074502e+01
2.106920e+01 2.073950e+01
2.100672e+01 2.069083e+01
2.096332e+01 2.063643e+01
2.088202e+01 2.055496e+01
2.081688e+01 2.049649e+01
2.075334e+01 2.043176e+01
2.064873e+01 2.038646e+01
2.055985e+01 2.031474e+01
2.057003e+01 2.028310e+01
2.049434e+01 2.024563e+01
2.035271e+01 2.015096e+01
2.025591e+01 2.010520e+01
2.014475e+01 2.006533e+01
2.011234e+01 2.004381e+01
2.008372e+01 2.002267e+01
2.006549e+01 2.001279e+01
2.002428e+01 2.000722e+01
2.000848e+01 2.000244e+01
2.000144e+01 2.000101e+01
2.000055e+01 2.000040e+01
2.000017e+01 2.000012e+01
2.000004e+01 2.000003e+01
2.000001e+01 2.000001e+01
2.000000e+01 2.000000e+01
2.000000e+01 2.000000e+01
2.000000e+01 2.000000e+01
2.000000e+01 2.000000e+01
2.000000e+01 2.000000e+01
2.000000e+01 2.000000e+01
2.000000e+01 2.000000e+01
2.000000e+01 2.000000e+01
2.000000e+01 2.000000e+01
2.000000e+01 2.000000e+01
2.000000e+01 2.000000e+01
2.000000e+01 2.000000e+01
2.000000e+01 2.000000e+01
2.000000e+01 2.000000e+01
2.000000e+01 2.000000e+01
2.000000e+01 2.000000e+01
2.000000e+01 2.000000e+01
2.000000e+01 2.000000e+01
2.000000e+01 2.000000e+01
2.000000e+01 2.000000e+01
2.000000e+01 2.000000e+01
2.000000e+01 2.000000e+01
2.000000e+01 2.000000e+01
2.000000e+01 2.000000e+01
2.000000e+01 2.000000e+01
2.000000e+01 2.000000e+01
2.000000e+01 2.000000e+01
2.000000e+01 2.000000e+01
2.000000e+01 2.000000e+01
2.000000e+01 2.000000e+01
2.000000e+01 2.000000e+01
2.000000e+01 2.000000e+01
2.000000e+01 2.000000e+01
2.000000e+01 2.000000e+01
2.000000e+01 2.000000e+01
2.000000e+01 2.000000e+01
2.000000e+01 2.000000e+01
2.000000e+01 2.000000e+01
2.172510e+01 2.159686e+01
2.153949e+01 2.141062e+01
2.151511e+01 2.137915e+01
2.150833e+01 2.137915e+01
2.150960e+01 2.137915e+01
2.150554e+01 2.137915e+01
2.149284e+01 2.137915e+01
2.149843e+01 2.136996e+01
2.150974e+01 2.136261e+01
2.148637e+01 2.136261e+01
2.149585e+01 2.134684e+01
2.138938e+01 2.122626e+01
2.133487e+01 2.113282e+01
2.134935e+01 2.109847e+01
2.131407e+01 2.103771e+01
2.129794e+01 2.103771e+01
2.126941e+01 2.101835e+01
2.126197e+01 2.099897e+01
2.124265e+01 2.099897e+01
2.126112e+01 2.096456e+01
2.124461e+01 2.095196e+01
2.123521e+01 2.091292e+01
2.119789e+01 2.091292e+01
2.117101e+01 2.091292e+01
2.121045e+01 2.089249e+01
2.118016e+01 2.089249e+01
2.113514e+01 2.088250e+01
2.115123e+01 2.088250e+01
2.118728e+01 2.087637e+01
2.118703e+01 2.086796e+01
2.120459e+01 2.086796e+01
2.119224e+01 2.086635e+01
2.110526e+01 2.085862e+01
2.110507e+01 2.084515e+01
2.106174e+01 2.082596e+01
2.108026e+01 2.080283e+01
2.110491e+01 2.079670e+01
2.107939e+01 2.076555e+01
2.104421e+01 2.075815e+01
2.102414e+01 2.074085e+01
2.097663e+01 2.066401e+01
2.089612e+01 2.062257e+01
2.085550e+01 2.056532e+01
2.079666e+01 2.051063e+01
2.073121e+01 2.046599e+01
2.070478e+01 2.042037e+01
2.062218e+01 2.037200e+01
2.052700e+01 2.031158e+01
2.048842e+01 2.025370e+01
2.037230e+01 2.016808e+01
2.032611e+01 2.012405e+01
2.025501e+01 2.009705e+01
2.016250e+01 2.006824e+01
2.013385e+01 2.004242e+01
2.011319e+01 2.003130e+01
2.007382e+01 2.001937e+01
2.008740e+01 2.001213e+01
2.004275e+01 2.000651e+01
2.002013e+01 2.000264e+01
2.000555e+01 2.000121e+01
2.000231e+01 2.000039e+01
2.000020e+01 2.000013e+01
2.000006e+01 2.000004e+01
2.000002e+01 2.000001e+01
2.000000e+01 2.000000e+01
2.000000e+01 2.000000e+01
2.000000e+01 2.000000e+01
2.000000e+01 2.000000e+01
2.000000e+01 2.000000e+01
2.000000e+01 2.000000e+01
2.000000e+01 2.000000e+01
2.000000e+01 2.000000e+01
2.000000e+01 2.000000e+01
2.000000e+01 2.000000e+01
2.000000e+01 2.000000e+01
2.000000e+01 2.000000e+01
2.000000e+01 2.000000e+01
2.000000e+01 2.000000e+01
2.000000e+01 2.000000e+01
2.000000e+01 2.000000e+01
2.000000e+01 2.000000e+01
2.000000e+01 2.000000e+01
2.000000e+01 2.000000e+01
2.000000e+01 2.000000e+01
2.000000e+01 2.000000e+01
2.000000e+01 2.000000e+01
2.000000e+01 2.000000e+01
2.000000e+01 2.000000e+01
2.000000e+01 2.000000e+01
2.000000e+01 2.000000e+01
2.000000e+01 2.000000e+01
2.000000e+01 2.000000e+01
2.000000e+01 2.000000e+01
2.000000e+01 2.000000e+01
2.000000e+01 2.000000e+01
2.000000e+01 2.000000e+01
2.000000e+01 2.000000e+01
2.000000e+01 2.000000e+01
2.000000e+01 2.000000e+01
2.000000e+01 2.000000e+01
2.000000e+01 2.000000e+01
2.171415e+01 2.154932e+01
2.153469e+01 2.139272e+01
2.151591e+01 2.139272e+01
2.140382e+01 2.121966e+01
2.133857e+01 2.111458e+01
2.130539e+01 2.108077e+01
2.128323e+01 2.099517e+01
2.125150e+01 2.099517e+01
2.121960e+01 2.099517e+01
2.123281e+01 2.093325e+01
2.128450e+01 2.093325e+01
2.123517e+01 2.093325e+01
2.119269e+01 2.092508e+01
2.119317e+01 2.091865e+01
2.116560e+01 2.090965e+01
2.117753e+01 2.090119e+01
2.118671e+01 2.088454e+01
2.116703e+01 2.087032e+01
2.113515e+01 2.087032e+01
2.117690e+01 2.085442e+01
2.104333e+01 2.083521e+01
2.100958e+01 2.082915e+01
2.103410e+01 2.082094e+01
2.105684e+01 2.078068e+01
2.099264e+01 2.076281e+01
2.095471e+01 2.072519e+01
2.091658e+01 2.067352e+01
2.089148e+01 2.063965e+01
2.092126e+01 2.058031e+01
2.090856e+01 2.051495e+01
2.081629e+01 2.047812e+01
2.073050e+01 2.041259e+01
2.063220e+01 2.036638e+01
2.050707e+01 2.029950e+01
2.049868e+01 2.025931e+01
2.044755e+01 2.022905e+01
2.046416e+01 2.019645e+01
2.036132e+01 2.016457e+01
2.029846e+01 2.013345e+01
2.027095e+01 2.010690e+01
2.022607e+01 2.008250e+01
2.023274e+01 2.006416e+01
2.018768e+01 2.004869e+01
2.016449e+01 2.003583e+01
2.011885e+01 2.002894e+01
2.016690e+01 2.002232e+01
2.011410e+01 2.001772e+01
2.009726e+01 2.001467e+01
2.008360e+01 2.001063e+01
2.006482e+01 2.000755e+01
2.007479e+01 2.000409e+01
2.004843e+01 2.000291e+01
2.006037e+01 2.000165e+01
2.001575e+01 2.000088e+01
2.001044e+01 2.000043e+01
2.000950e+01 2.000015e+01
2.001062e+01 2.000005e+01
2.000002e+01 2.000001e+01
2.000001e+01 2.000000e+01
2.000000e+01 2.000000e+01
2.000000e+01 2.000000e+01
2.000000e+01 2.000000e+01
2.000000e+01 2.000000e+01
2.000000e+01 2.000000e+01
2.000000e+01 2.000000e+01
2.000000e+01 2.000000e+01
2.000000e+01 2.000000e+01
2.000000e+01 2.000000e+01
2.000000e+01 2.000000e+01
2.000000e+01 2.000000e+01
2.000000e+01 2.000000e+01
2.000000e+01 2.000000e+01
2.000000e+01 2.000000e+01
2.000000e+01 2.000000e+01
2.000000e+01 2.000000e+01
2.000000e+01 2.000000e+01
2.000000e+01 2.000000e+01
2.000000e+01 2.000000e+01
2.000000e+01 2.000000e+01
2.000000e+01 2.000000e+01
2.000000e+01 2.000000e+01
2.000000e+01 2.000000e+01
2.000000e+01 2.000000e+01
2.000000e+01 2.000000e+01
2.000000e+01 2.000000e+01
2.000000e+01 2.000000e+01
2.000000e+01 2.000000e+01
2.000000e+01 2.000000e+01
2.000000e+01 2.000000e+01
2.000000e+01 2.000000e+01
2.000000e+01 2.000000e+01
2.000000e+01 2.000000e+01
2.000000e+01 2.000000e+01
2.000000e+01 2.000000e+01
2.000000e+01 2.000000e+01
2.000000e+01 2.000000e+01
2.000000e+01 2.000000e+01
2.000000e+01 2.000000e+01
2.000000e+01 2.000000e+01
2.000000e+01 2.000000e+01
2.000000e+01 2.000000e+01
2.170983e+01 2.148302e+01
2.152325e+01 2.143346e+01
2.151659e+01 2.139419e+01
2.151228e+01 2.139419e+01
2.141339e+01 2.125713e+01
2.133944e+01 2.112771e+01
2.131809e+01 2.110270e+01
2.128227e+01 2.100649e+01
2.127576e+01 2.095458e+01
2.126278e+01 2.093548e+01
2.126224e+01 2.093357e+01
2.122730e+01 2.093357e+01
2.119039e+01 2.093357e+01
2.114303e+01 2.093357e+01
2.117167e+01 2.092069e+01
2.113621e+01 2.091317e+01
2.119255e+01 2.091317e+01
2.117970e+01 2.089735e+01
2.119863e+01 2.088630e+01
2.116476e+01 2.086989e+01
2.114592e+01 2.083148e+01
2.107213e+01 2.083148e+01
2.104972e+01 2.080152e+01
2.102244e+01 2.077259e+01
2.103718e+01 2.074432e+01
2.100825e+01 2.072893e+01
2.097339e+01 2.070596e+01
2.089919e+01 2.066609e+01
2.085284e+01 2.058343e+01
2.082145e+01 2.052689e+01
2.071312e+01 2.048100e+01
2.062478e+01 2.040375e+01
2.058637e+01 2.033594e+01
2.051546e+01 2.029584e+01
2.047931e+01 2.026039e+01
2.034942e+01 2.019267e+01
2.029275e+01 2.015151e+01
2.018333e+01 2.007405e+01
2.010851e+01 2.004371e+01
2.006471e+01 2.002280e+01
2.002909e+01 2.000836e+01
2.001209e+01 2.000390e+01
2.000288e+01 2.000140e+01
2.000069e+01 2.000051e+01
2.000017e+01 2.000012e+01
2.000004e+01 2.000002e+01
2.000001e+01 2.000000e+01
2.000000e+01 2.000000e+01
2.000000e+01 2.000000e+01
2.000000e+01 2.000000e+01
2.000000e+01 2.000000e+01
2.000000e+01 2.000000e+01
2.000000e+01 2.000000e+01
2.000000e+01 2.000000e+01
2.000000e+01 2.000000e+01
2.000000e+01 2.000000e+01
2.000000e+01 2.000000e+01
2.000000e+01 2.000000e+01
2.000000e+01 2.000000e+01
2.000000e+01 2.000000e+01
2.000000e+01 2.000000e+01
2.000000e+01 2.000000e+01
2.000000e+01 2.000000e+01
2.000000e+01 2.000000e+01
2.000000e+01 2.000000e+01
2.000000e+01 2.000000e+01
2.000000e+01 2.000000e+01
2.000000e+01 2.000000e+01
2.000000e+01 2.000000e+01
2.000000e+01 2.000000e+01
2.000000e+01 2.000000e+01
2.000000e+01 2.000000e+01
2.000000e+01 2.000000e+01
2.000000e+01 2.000000e+01
2.000000e+01 2.000000e+01
2.000000e+01 2.000000e+01
2.000000e+01 2.000000e+01
2.000000e+01 2.000000e+01
2.000000e+01 2.000000e+01
2.000000e+01 2.000000e+01
2.000000e+01 2.000000e+01
2.000000e+01 2.000000e+01
2.000000e+01 2.000000e+01
2.000000e+01 2.000000e+01
2.000000e+01 2.000000e+01
2.000000e+01 2.000000e+01
2.000000e+01 2.000000e+01
2.000000e+01 2.000000e+01
2.000000e+01 2.000000e+01
2.000000e+01 2.000000e+01
2.000000e+01 2.000000e+01
2.000000e+01 2.000000e+01
2.000000e+01 2.000000e+01
2.000000e+01 2.000000e+01
2.000000e+01 2.000000e+01
2.000000e+01 2.000000e+01
2.000000e+01 2.000000e+01
2.000000e+01 2.000000e+01
2.000000e+01 2.000000e+01
2.000000e+01 2.000000e+01
2.000000e+01 2.000000e+01
2.170919e+01 2.143779e+01
2.152787e+01 2.143761e+01
2.151852e+01 2.139170e+01
2.149411e+01 2.133658e+01
2.138198e+01 2.111874e+01
2.133230e+01 2.106247e+01
2.131764e+01 2.101225e+01
2.131669e+01 2.100334e+01
2.127774e+01 2.097968e+01
2.132177e+01 2.097968e+01
2.125168e+01 2.095558e+01
2.123739e+01 2.095558e+01
2.117783e+01 2.094271e+01
2.116249e+01 2.094271e+01
2.117120e+01 2.091343e+01
2.120683e+01 2.091096e+01
2.117473e+01 2.091096e+01
2.118954e+01 2.089680e+01
2.115750e+01 2.089680e+01
2.117429e+01 2.089680e+01
2.119565e+01 2.088460e+01
2.112137e+01 2.088460e+01
2.109858e+01 2.086432e+01
2.119778e+01 2.084047e+01
2.116368e+01 2.084047e+01
2.105713e+01 2.084047e+01
2.115270e+01 2.081705e+01
2.111306e+01 2.080661e+01
2.109588e+01 2.077406e+01
2.112385e+01 2.075112e+01
2.106772e+01 2.075090e+01
2.102758e+01 2.075090e+01
2.107940e+01 2.074014e+01
2.102540e+01 2.071701e+01
2.099238e+01 2.068288e+01
2.102900e+01 2.066260e+01
2.095122e+01 2.062813e+01
2.091786e+01 2.062014e+01
2.087702e+01 2.057105e+01
2.087944e+01 2.050091e+01
2.084636e+01 2.046862e+01
2.079204e+01 2.039370e+01
2.073428e+01 2.037420e+01
2.057067e+01 2.029348e+01
2.051106e+01 2.023838e+01
2.038729e+01 2.019241e+01
2.035592e+01 2.014177e+01
2.023682e+01 2.010865e+01
2.018438e+01 2.007407e+01
2.012597e+01 2.004453e+01
2.009339e+01 2.002851e+01
2.007578e+01 2.001759e+01
2.005509e+01 2.000983e+01
2.003317e+01 2.000301e+01
2.002102e+01 2.000194e+01
2.002230e+01 2.000077e+01
2.002046e+01 2.000031e+01
2.000433e+01 2.000012e+01
2.000006e+01 2.000005e+01
2.000002e+01 2.000001e+01
2.000000e+01 2.000000e+01
2.000000e+01 2.000000e+01
2.000000e+01 2.000000e+01
2.000000e+01 2.000000e+01
2.000000e+01 2.000000e+01
2.000000e+01 2.000000e+01
2.000000e+01 2.000000e+01
2.000000e+01 2.000000e+01
2.000000e+01 2.000000e+01
2.000000e+01 2.000000e+01
2.000000e+01 2.000000e+01
2.000000e+01 2.000000e+01
2.000000e+01 2.000000e+01
2.000000e+01 2.000000e+01
2.000000e+01 2.000000e+01
2.000000e+01 2.000000e+01
2.000000e+01 2.000000e+01
2.000000e+01 2.000000e+01
2.000000e+01 2.000000e+01
2.000000e+01 2.000000e+01
2.000000e+01 2.000000e+01
2.000000e+01 2.000000e+01
2.000000e+01 2.000000e+01
2.000000e+01 2.000000e+01
2.000000e+01 2.000000e+01
2.000000e+01 2.000000e+01
2.000000e+01 2.000000e+01
2.000000e+01 2.000000e+01
2.000000e+01 2.000000e+01
2.000000e+01 2.000000e+01
2.000000e+01 2.000000e+01
2.000000e+01 2.000000e+01
2.000000e+01 2.000000e+01
2.000000e+01 2.000000e+01
2.000000e+01 2.000000e+01
2.000000e+01 2.000000e+01
2.000000e+01 2.000000e+01
2.000000e+01 2.000000e+01
2.000000e+01 2.000000e+01
2.000000e+01 2.000000e+01
2.000000e+01 2.000000e+01
2.171580e+01 2.154799e+01
2.153442e+01 2.145001e+01
2.152373e+01 2.140203e+01
2.150327e+01 2.138293e+01
2.150483e+01 2.137839e+01
2.137306e+01 2.120227e+01
2.132545e+01 2.111064e+01
2.130118e+01 2.106113e+01
2.127009e+01 2.099604e+01
2.129781e+01 2.099102e+01
2.127742e+01 2.099102e+01
2.124858e+01 2.098135e+01
2.126300e+01 2.094560e+01
2.122408e+01 2.094560e+01
2.118289e+01 2.093505e+01
2.120121e+01 2.091851e+01
2.123320e+01 2.091851e+01
2.118676e+01 2.088554e+01
2.121020e+01 2.086143e+01
2.114060e+01 2.086143e+01
2.114143e+01 2.085691e+01
2.112827e+01 2.085691e+01
2.114601e+01 2.085691e+01
2.109541e+01 2.084310e+01
2.109086e+01 2.082996e+01
2.114098e+01 2.082864e+01
2.114544e+01 2.081005e+01
2.106069e+01 2.081005e+01
2.108684e+01 2.075202e+01
2.102694e+01 2.072015e+01
2.093103e+01 2.070288e+01
2.084381e+01 2.066326e+01
2.083695e+01 2.059336e+01
2.076216e+01 2.053797e+01
2.072648e+01 2.049760e+01
2.068986e+01 2.044851e+01
2.063082e+01 2.043024e+01
2.060312e+01 2.038322e+01
2.059747e+01 2.031494e+01
2.052616e+01 2.025605e+01
2.051280e+01 2.022192e+01
2.042590e+01 2.018778e+01
2.041035e+01 2.017187e+01
2.030717e+01 2.014489e+01
2.026305e+01 2.011839e+01
2.025343e+01 2.009489e+01
2.020967e+01 2.007586e+01
2.022535e+01 2.005949e+01
2.021244e+01 2.005045e+01
2.017532e+01 2.004411e+01
2.016295e+01 2.003371e+01
2.012389e+01 2.001882e+01
2.011854e+01 2.001547e+01
2.009329e+01 2.001223e+01
2.006536e+01 2.000745e+01
2.007464e+01 2.000541e+01
2.005367e+01 2.000318e+01
2.005992e+01 2.000216e+01
2.005450e+01 2.000136e+01
2.004537e+01 2.000079e+01
2.002027e+01 2.000043e+01
2.001194e+01 2.000019e+01
2.000848e+01 2.000006e+01
2.000005e+01 2.000003e+01
2.000001e+01 2.000001e+01
2.000000e+01 2.000000e+01
2.000000e+01 2.000000e+01
2.000000e+01 2.000000e+01
2.000000e+01 2.000000e+01
2.000000e+01 2.000000e+01
2.000000e+01 2.000000e+01
2.000000e+01 2.000000e+01
2.000000e+01 2.000000e+01
2.000000e+01 2.000000e+01
2.000000e+01 2.000000e+01
2.000000e+01 2.000000e+01
2.000000e+01 2.000000e+01
2.000000e+01 2.000000e+01
2.000000e+01 2.000000e+01
2.000000e+01 2.000000e+01
2.000000e+01 2.000000e+01
2.000000e+01 2.000000e+01
2.000000e+01 2.000000e+01
2.000000e+01 2.000000e+01
2.000000e+01 2.000000e+01
2.000000e+01 2.000000e+01
2.000000e+01 2.000000e+01
2.000000e+01 2.000000e+01
2.000000e+01 2.000000e+01
2.000000e+01 2.000000e+01
2.000000e+01 2.000000e+01
2.000000e+01 2.000000e+01
2.000000e+01 2.000000e+01
2.000000e+01 2.000000e+01
2.000000e+01 2.000000e+01
2.000000e+01 2.000000e+01
2.000000e+01 2.000000e+01
2.000000e+01 2.000000e+01
2.000000e+01 2.000000e+01
2.000000e+01 2.000000e+01
2.000000e+01 2.000000e+01
2.171406e+01 2.154167e+01
2.152127e+01 2.139930e+01
2.146937e+01 2.134527e+01
2.137109e+01 2.112059e+01
2.134267e+01 2.104887e+01
2.131150e+01 2.104887e+01
2.128656e+01 2.101175e+01
2.130483e+01 2.094213e+01
2.127109e+01 2.091290e+01
2.126224e+01 2.090039e+01
2.123106e+01 2.088963e+01
2.123406e+01 2.088298e+01
2.116479e+01 2.088298e+01
2.111559e+01 2.088298e+01
2.111721e+01 2.086005e+01
2.108461e+01 2.084683e+01
2.107971e+01 2.082772e+01
2.105232e+01 2.082772e+01
2.105586e+01 2.079198e+01
2.109467e+01 2.076481e+01
2.113360e+01 2.074259e+01
2.100095e+01 2.071900e+01
2.100620e+01 2.070637e+01
2.102959e+01 2.069824e+01
2.099683e+01 2.068438e+01
2.091429e+01 2.065506e+01
2.083786e+01 2.060547e+01
2.083574e+01 2.054540e+01
2.072716e+01 2.046833e+01
2.075277e+01 2.044845e+01
2.072395e+01 2.041037e+01
2.065232e+01 2.035670e+01
2.062360e+01 2.031387e+01
2.057752e+01 2.030013e+01
2.053457e+01 2.026687e+01
2.044925e+01 2.023723e+01
2.049063e+01 2.020652e+01
2.044412e+01 2.017911e+01
2.031341e+01 2.013727e+01
2.031178e+01 2.012514e+01
2.028862e+01 2.010524e+01
2.025363e+01 2.008499e+01
2.020157e+01 2.006318e+01
2.020374e+01 2.005441e+01
2.020261e+01 2.004459e+01
2.017518e+01 2.003491e+01
2.014144e+01 2.002662e+01
2.012716e+01 2.002029e+01
2.010800e+01 2.001473e+01
2.010659e+01 2.001203e+01
2.009163e+01 2.000820e+01
2.007940e+01 2.000702e+01
2.009301e+01 2.000575e+01
2.007719e+01 2.000186e+01
2.004276e+01 2.000094e+01
2.000924e+01 2.000036e+01
2.000024e+01 2.000017e+01
2.000007e+01 2.000005e+01
2.000002e+01 2.000001e+01
2.000000e+01 2.000000e+01
2.000000e+01 2.000000e+01
2.000000e+01 2.000000e+01
2.000000e+01 2.000000e+01
2.000000e+01 2.000000e+01
2.000000e+01 2.000000e+01
2.000000e+01 2.000000e+01
2.000000e+01 2.000000e+01
2.000000e+01 2.000000e+01
2.000000e+01 2.000000e+01
2.000000e+01 2.000000e+01
2.000000e+01 2.000000e+01
2.000000e+01 2.000000e+01
2.000000e+01 2.000000e+01
2.000000e+01 2.000000e+01
2.000000e+01 2.000000e+01
2.000000e+01 2.000000e+01
2.000000e+01 2.000000e+01
2.000000e+01 2.000000e+01
2.000000e+01 2.000000e+01
2.000000e+01 2.000000e+01
2.000000e+01 2.000000e+01
2.000000e+01 2.000000e+01
2.000000e+01 2.000000e+01
2.000000e+01 2.000000e+01
2.000000e+01 2.000000e+01
2.000000e+01 2.000000e+01
2.000000e+01 2.000000e+01
2.000000e+01 2.000000e+01
2.000000e+01 2.000000e+01
2.000000e+01 2.000000e+01
2.000000e+01 2.000000e+01
2.000000e+01 2.000000e+01
2.000000e+01 2.000000e+01
2.000000e+01 2.000000e+01
2.000000e+01 2.000000e+01
2.000000e+01 2.000000e+01
2.000000e+01 2.000000e+01
2.000000e+01 2.000000e+01
2.000000e+01 2.000000e+01
2.000000e+01 2.000000e+01
2.000000e+01 2.000000e+01
2.172413e+01 2.157788e+01
2.152950e+01 2.143106e+01
2.152816e+01 2.140806e+01
2.151039e+01 2.140245e+01
2.150128e+01 2.139787e+01
2.150739e+01 2.131967e+01
2.149582e+01 2.131967e+01
2.149499e+01 2.131967e+01
2.152556e+01 2.131967e+01
2.149959e+01 2.131967e+01
2.138283e+01 2.122389e+01
2.136036e+01 2.115397e+01
2.132675e+01 2.108544e+01
2.128349e+01 2.105606e+01
2.125141e+01 2.104604e+01
2.127079e+01 2.102245e+01
2.126074e+01 2.095368e+01
2.124311e+01 2.095368e+01
2.122170e+01 2.095368e+01
2.119535e+01 2.093078e+01
2.117836e+01 2.093078e+01
2.120751e+01 2.090015e+01
2.113417e+01 2.090015e+01
2.111377e+01 2.086397e+01
2.114308e+01 2.083972e+01
2.116810e+01 2.080928e+01
2.114769e+01 2.080632e+01
2.103749e+01 2.078794e+01
2.105881e+01 2.074828e+01
2.112302e+01 2.069740e+01
2.103607e+01 2.069431e+01
2.100993e+01 2.068703e+01
2.096728e+01 2.065691e+01
2.098466e+01 2.064476e+01
2.092931e+01 2.059238e+01
2.087276e+01 2.054377e+01
2.081558e+01 2.050767e+01
2.079050e+01 2.046149e+01
2.072477e+01 2.040728e+01
2.061873e+01 2.035932e+01
2.055940e+01 2.029573e+01
2.047079e+01 2.023874e+01
2.042830e+01 2.020508e+01
2.041878e+01 2.015797e+01
2.032442e+01 2.011865e+01
2.026459e+01 2.009593e+01
2.020457e+01 2.007376e+01
2.019175e+01 2.005202e+01
2.014271e+01 2.003155e+01
2.013624e+01 2.002218e+01
2.013556e+01 2.001347e+01
2.009025e+01 2.000957e+01
2.007410e+01 2.000590e+01
2.003138e+01 2.000279e+01
2.001832e+01 2.000139e+01
2.001432e+01 2.000062e+01
2.000190e+01 2.000024e+01
2.000011e+01 2.000008e+01
2.000003e+01 2.000002e+01
2.000000e+01 2.000000e+01
2.000000e+01 2.000000e+01
2.000000e+01 2.000000e+01
2.000000e+01 2.000000e+01
2.000000e+01 2.000000e+01
2.000000e+01 2.000000e+01
2.000000e+01 2.000000e+01
2.000000e+01 2.000000e+01
2.000000e+01 2.000000e+01
2.000000e+01 2.000000e+01
2.000000e+01 2.000000e+01
2.000000e+01 2.000000e+01
2.000000e+01 2.000000e+01
2.000000e+01 2.000000e+01
2.000000e+01 2.000000e+01
2.000000e+01 2.000000e+01
2.000000e+01 2.000000e+01
2.000000e+01 2.000000e+01
2.000000e+01 2.000000e+01
2.000000e+01 2.000000e+01
2.000000e+01 2.000000e+01
2.000000e+01 2.000000e+01
2.000000e+01 2.000000e+01
2.000000e+01 2.000000e+01
2.000000e+01 2.000000e+01
2.000000e+01 2.000000e+01
2.000000e+01 2.000000e+01
2.000000e+01 2.000000e+01
2.000000e+01 2.000000e+01
2.000000e+01 2.000000e+01
2.000000e+01 2.000000e+01
2.000000e+01 2.000000e+01
2.000000e+01 2.000000e+01
2.000000e+01 2.000000e+01
2.000000e+01 2.000000e+01
2.000000e+01 2.000000e+01
2.000000e+01 2.000000e+01
2.000000e+01 2.000000e+01
2.000000e+01 2.000000e+01
2.000000e+01 2.000000e+01
2.000000e+01 2.000000e+01
2.000000e+01 2.000000e+01
2.171106e+01 2.153782e+01
2.153230e+01 2.139797e+01
2.153135e+01 2.139349e+01
2.151917e+01 2.139349e+01
2.146132e+01 2.128262e+01
2.136350e+01 2.117064e+01
2.132586e+01 2.106145e+01
2.129126e+01 2.106145e+01
2.130551e+01 2.100676e+01
2.126141e+01 2.100676e+01
2.127606e+01 2.099799e+01
2.126071e+01 2.097281e+01
2.125134e+01 2.094784e+01
2.122973e+01 2.092451e+01
2.118653e+01 2.092228e+01
2.121407e+01 2.091281e+01
2.117932e+01 2.091281e+01
2.118222e+01 2.091226e+01
2.119959e+01 2.090246e+01
2.119532e+01 2.090246e+01
2.113237e+01 2.090110e+01
2.115492e+01 2.087595e+01
2.116342e+01 2.086599e+01
2.118235e+01 2.086575e+01
2.119252e+01 2.086575e+01
2.112353e+01 2.083816e+01
2.111111e+01 2.082744e+01
2.109477e+01 2.082503e+01
2.116122e+01 2.079461e+01
2.103683e+01 2.077595e+01
2.098332e+01 2.073744e+01
2.099330e+01 2.069048e+01
2.101669e+01 2.066139e+01
2.102363e+01 2.065883e+01
2.108951e+01 2.064564e+01
2.100729e+01 2.063724e+01
2.092291e+01 2.057590e+01
2.081339e+01 2.052012e+01
2.077709e+01 2.050942e+01
2.072741e+01 2.047961e+01
2.068387e+01 2.042992e+01
2.078886e+01 2.040584e+01
2.077874e+01 2.037512e+01
2.072276e+01 2.032314e+01
2.060682e+01 2.030896e+01
2.056110e+01 2.028555e+01
2.051123e+01 2.026548e+01
2.042436e+01 2.023447e+01
2.053232e+01 2.020646e+01
2.046999e+01 2.016733e+01
2.036883e+01 2.010237e+01
2.031804e+01 2.009132e+01
2.021161e+01 2.006269e+01
2.020776e+01 2.004963e+01
2.018599e+01 2.003580e+01
2.018724e+01 2.002556e+01
2.010567e+01 2.001561e+01
2.008332e+01 2.000877e+01
2.009911e+01 2.000567e+01
2.008958e+01 2.000319e+01
2.004069e+01 2.000166e+01
2.001702e+01 2.000066e+01
2.000593e+01 2.000028e+01
2.000012e+01 2.000009e+01
2.000004e+01 2.000003e+01
2.000001e+01 2.000001e+01
2.000000e+01 2.000000e+01
2.000000e+01 2.000000e+01
2.000000e+01 2.000000e+01
2.000000e+01 2.000000e+01
2.000000e+01 2.000000e+01
2.000000e+01 2.000000e+01
2.000000e+01 2.000000e+01
2.000000e+01 2.000000e+01
2.000000e+01 2.000000e+01
2.000000e+01 2.000000e+01
2.000000e+01 2.000000e+01
2.000000e+01 2.000000e+01
2.000000e+01 2.000000e+01
2.000000e+01 2.000000e+01
2.000000e+01 2.000000e+01
2.000000e+01 2.000000e+01
2.000000e+01 2.000000e+01
2.000000e+01 2.000000e+01
2.000000e+01 2.000000e+01
2.000000e+01 2.000000e+01
2.000000e+01 2.000000e+01
2.000000e+01 2.000000e+01
2.000000e+01 2.000000e+01
2.000000e+01 2.000000e+01
2.000000e+01 2.000000e+01
2.000000e+01 2.000000e+01
2.000000e+01 2.000000e+01
2.000000e+01 2.000000e+01
2.000000e+01 2.000000e+01
2.000000e+01 2.000000e+01
2.000000e+01 2.000000e+01
2.000000e+01 2.000000e+01
2.000000e+01 2.000000e+01
2.000000e+01 2.000000e+01
2.000000e+01 2.000000e+01
2.172146e+01 2.152835e+01
2.153038e+01 2.140877e+01
2.152404e+01 2.140877e+01
2.151491e+01 2.140877e+01
2.150156e+01 2.134646e+01
2.150156e+01 2.134646e+01
2.150946e+01 2.134646e+01
2.150265e+01 2.134646e+01
2.151285e+01 2.134646e+01
2.147594e+01 2.133884e+01
2.146776e+01 2.129608e+01
2.144750e+01 2.127499e+01
2.144203e+01 2.126138e+01
2.139620e+01 2.124253e+01
2.132733e+01 2.121491e+01
2.131550e+01 2.120371e+01
2.129855e+01 2.120371e+01
2.128771e+01 2.116603e+01
2.128199e+01 2.114236e+01
2.125870e+01 2.113834e+01
2.119064e+01 2.109765e+01
2.117313e+01 2.102370e+01
2.114303e+01 2.102370e+01
2.110488e+01 2.099405e+01
2.098672e+01 2.089130e+01
2.081597e+01 2.078528e+01
2.067169e+01 2.067023e+01
2.059760e+01 2.059656e+01
2.050841e+01 2.050412e+01
2.033097e+01 2.032977e+01
2.031603e+01 2.031570e+01
2.027384e+01 2.027377e+01
2.022847e+01 2.022732e+01
2.020636e+01 2.020616e+01
2.018986e+01 2.018986e+01
2.018705e+01 2.018704e+01
2.018109e+01 2.018109e+01
2.014368e+01 2.014303e+01
2.012959e+01 2.012952e+01
2.012867e+01 2.012867e+01
2.011088e+01 2.011086e+01
2.011027e+01 2.011024e+01
2.010880e+01 2.010880e+01
2.009981e+01 2.009939e+01
2.009693e+01 2.009693e+01
2.008189e+01 2.008035e+01
2.007455e+01 2.007454e+01
2.004448e+01 2.004174e+01
2.002418e+01 2.002411e+01
2.002362e+01 2.002362e+01
2.002152e+01 2.002149e+01
2.002136e+01 2.002136e+01
2.002136e+01 2.002136e+01
2.002136e+01 2.002136e+01
2.002136e+01 2.002136e+01
2.002135e+01 2.002135e+01
2.002130e+01 2.002130e+01
2.002130e+01 2.002130e+01
2.002130e+01 2.002130e+01
2.002130e+01 2.002130e+01
2.002130e+01 2.002130e+01
2.002130e+01 2.002130e+01
2.002130e+01 2.002130e+01
2.002130e+01 2.002130e+01
2.002130e+01 2.002130e+01
2.002130e+01 2.002130e+01
2.002130e+01 2.002130e+01
2.002130e+01 2.002130e+01
2.002130e+01 2.002130e+01
2.002130e+01 2.002130e+01
2.002130e+01 2.002130e+01
2.002130e+01 2.002130e+01
2.002130e+01 2.002130e+01
2.002130e+01 2.002130e+01
2.002130e+01 2.002130e+01
2.002130e+01 2.002130e+01
2.002130e+01 2.002130e+01
2.002130e+01 2.002130e+01
2.002130e+01 2.002130e+01
2.002130e+01 2.002130e+01
2.002130e+01 2.002130e+01
2.002130e+01 2.002130e+01
2.002130e+01 2.002130e+01
2.002130e+01 2.002130e+01
2.002130e+01 2.002130e+01
2.002130e+01 2.002130e+01
2.002130e+01 2.002130e+01
2.002130e+01 2.002130e+01
2.002130e+01 2.002130e+01
2.002130e+01 2.002130e+01
2.002130e+01 2.002130e+01
2.002130e+01 2.002130e+01
2.002130e+01 2.002130e+01
2.002130e+01 2.002130e+01
2.002130e+01 2.002130e+01
2.002130e+01 2.002130e+01
2.002130e+01 2.002130e+01
2.002130e+01 2.002130e+01
2.002130e+01 2.002130e+01
2.002130e+01 2.002130e+01
2.002130e+01 2.002130e+01
2.171778e+01 2.151814e+01
2.151356e+01 2.134863e+01
2.150775e+01 2.134863e+01
2.151020e+01 2.134863e+01
2.149827e+01 2.134863e+01
2.150896e+01 2.134863e+01
2.147797e+01 2.134863e+01
2.140099e+01 2.121498e+01
2.133358e+01 2.113300e+01
2.132182e+01 2.108312e+01
2.128455e+01 2.105689e+01
2.126227e+01 2.100839e+01
2.125403e+01 2.098091e+01
2.125784e+01 2.098091e+01
2.126373e+01 2.093676e+01
2.122632e+01 2.093676e+01
2.115839e+01 2.093676e+01
2.118979e+01 2.093676e+01
2.119121e+01 2.093676e+01
2.119450e+01 2.093033e+01
2.113817e+01 2.090943e+01
2.118897e+01 2.090263e+01
2.119776e+01 2.089126e+01
2.118419e+01 2.088738e+01
2.118201e+01 2.085994e+01
2.109376e+01 2.084827e+01
2.108042e+01 2.080096e+01
2.106580e+01 2.078760e+01
2.103515e+01 2.077246e+01
2.102271e+01 2.073430e+01
2.099702e+01 2.070453e+01
2.086435e+01 2.065098e+01
2.076508e+01 2.056890e+01
2.071644e+01 2.053353e+01
2.064808e+01 2.047339e+01
2.064172e+01 2.042140e+01
2.064795e+01 2.033882e+01
2.054115e+01 2.029054e+01
2.047180e+01 2.022828e+01
2.037092e+01 2.019262e+01
2.037221e+01 2.015964e+01
2.028583e+01 2.012413e+01
2.022664e+01 2.008388e+01
2.018133e+01 2.005652e+01
2.018673e+01 2.004313e+01
2.010801e+01 2.002944e+01
2.010090e+01 2.002077e+01
2.011329e+01 2.001584e+01
2.011001e+01 2.001177e+01
2.006801e+01 2.000888e+01
2.008784e+01 2.000677e+01
2.007202e+01 2.000491e+01
2.006698e+01 2.000344e+01
2.007602e+01 2.000283e+01
2.008334e+01 2.000191e+01
2.005388e+01 2.000141e+01
2.003857e+01 2.000072e+01
2.001972e+01 2.000037e+01
2.001178e+01 2.000017e+01
2.000666e+01 2.000007e+01
2.000004e+01 2.000003e+01
2.000001e+01 2.000001e+01
2.000000e+01 2.000000e+01
2.000000e+01 2.000000e+01
2.000000e+01 2.000000e+01
2.000000e+01 2.000000e+01
2.000000e+01 2.000000e+01
2.000000e+01 2.000000e+01
2.000000e+01 2.000000e+01
2.000000e+01 2.000000e+01
2.000000e+01 2.000000e+01
2.000000e+01 2.000000e+01
2.000000e+01 2.000000e+01
2.000000e+01 2.000000e+01
2.000000e+01 2.000000e+01
2.000000e+01 2.000000e+01
2.000000e+01 2.000000e+01
2.000000e+01 2.000000e+01
2.000000e+01 2.000000e+01
2.000000e+01 2.000000e+01
2.000000e+01 2.000000e+01
2.000000e+01 2.000000e+01
2.000000e+01 2.000000e+01
2.000000e+01 2.000000e+01
2.000000e+01 2.000000e+01
2.000000e+01 2.000000e+01
2.000000e+01 2.000000e+01
2.000000e+01 2.000000e+01
2.000000e+01 2.000000e+01
2.000000e+01 2.000000e+01
2.000000e+01 2.000000e+01
2.000000e+01 2.000000e+01
2.000000e+01 2.000000e+01
2.000000e+01 2.000000e+01
2.000000e+01 2.000000e+01
2.000000e+01 2.000000e+01
2.000000e+01 2.000000e+01
2.000000e+01 2.000000e+01
2.000000e+01 2.000000e+01
2.000000e+01 2.000000e+01
2.000000e+01 2.000000e+01
2.171799e+01 2.142003e+01
2.152933e+01 2.142003e+01
2.145327e+01 2.129514e+01
2.135393e+01 2.116043e+01
2.131585e+01 2.113382e+01
2.131884e+01 2.108782e+01
2.129658e+01 2.106134e+01
2.126941e+01 2.103932e+01
2.125163e+01 2.099069e+01
2.122469e+01 2.099069e+01
2.123834e+01 2.096239e+01
2.121549e+01 2.092280e+01
2.123745e+01 2.092280e+01
2.118269e+01 2.090485e+01
2.118318e+01 2.090463e+01
2.115003e+01 2.089180e+01
2.119432e+01 2.089130e+01
2.116139e+01 2.089026e+01
2.116034e+01 2.086514e+01
2.116665e+01 2.086099e+01
2.115279e+01 2.084144e+01
2.114585e+01 2.083895e+01
2.115218e+01 2.081026e+01
2.116198e+01 2.081026e+01
2.113179e+01 2.081026e+01
2.110370e+01 2.080321e+01
2.108334e+01 2.077586e+01
2.107385e+01 2.074973e+01
2.109787e+01 2.073377e+01
2.101533e+01 2.071582e+01
2.091432e+01 2.065306e+01
2.089396e+01 2.058904e+01
2.089768e+01 2.055874e+01
2.083432e+01 2.051274e+01
2.076025e+01 2.045787e+01
2.067774e+01 2.041502e+01
2.057871e+01 2.037516e+01
2.060515e+01 2.033745e+01
2.062360e+01 2.031148e+01
2.043441e+01 2.025318e+01
2.047254e+01 2.020458e+01
2.029404e+01 2.015152e+01
2.025182e+01 2.010100e+01
2.020128e+01 2.007495e+01
2.014560e+01 2.004879e+01
2.011660e+01 2.003248e+01
2.009693e+01 2.001882e+01
2.008468e+01 2.001200e+01
2.006826e+01 2.001017e+01
2.006425e+01 2.000723e+01
2.008368e+01 2.000511e+01
2.004760e+01 2.000416e+01
2.003242e+01 2.000320e+01
2.001506e+01 2.000126e+01
2.001648e+01 2.000075e+01
2.001602e+01 2.000043e+01
2.000924e+01 2.000016e+01
2.000843e+01 2.000007e+01
2.001181e+01 2.000003e+01
2.000596e+01 2.000001e+01
2.000450e+01 2.000000e+01
2.000186e+01 2.000000e+01
2.000017e+01 2.000000e+01
2.000000e+01 2.000000e+01
2.000000e+01 2.000000e+01
2.000000e+01 2.000000e+01
2.000000e+01 2.000000e+01
2.000000e+01 2.000000e+01
2.000000e+01 2.000000e+01
2.000000e+01 2.000000e+01
2.000000e+01 2.000000e+01
2.000000e+01 2.000000e+01
2.000000e+01 2.000000e+01
2.000000e+01 2.000000e+01
2.000000e+01 2.000000e+01
2.000000e+01 2.000000e+01
2.000000e+01 2.000000e+01
2.000000e+01 2.000000e+01
2.000000e+01 2.000000e+01
2.000000e+01 2.000000e+01
2.000000e+01 2.000000e+01
2.000000e+01 2.000000e+01
2.000000e+01 2.000000e+01
2.000000e+01 2.000000e+01
2.000000e+01 2.000000e+01
2.000000e+01 2.000000e+01
2.000000e+01 2.000000e+01
2.000000e+01 2.000000e+01
2.000000e+01 2.000000e+01
2.000000e+01 2.000000e+01
2.000000e+01 2.000000e+01
2.000000e+01 2.000000e+01
2.000000e+01 2.000000e+01
2.000000e+01 2.000000e+01
2.000000e+01 2.000000e+01
2.000000e+01 2.000000e+01
2.000000e+01 2.000000e+01
2.000000e+01 2.000000e+01
2.000000e+01 2.000000e+01
2.000000e+01 2.000000e+01
2.000000e+01 2.000000e+01
2.170866e+01 2.150178e+01
2.152541e+01 2.141792e+01
2.151878e+01 2.137889e+01
2.151360e+01 2.137889e+01
2.149736e+01 2.136081e+01
2.137157e+01 2.117300e+01
2.134744e+01 2.108315e+01
2.130886e+01 2.107151e+01
2.131088e+01 2.104144e+01
2.130112e+01 2.103050e+01
2.125093e+01 2.101655e+01
2.124005e+01 2.097099e+01
2.121276e+01 2.097099e+01
2.118524e+01 2.097022e+01
2.121708e+01 2.096524e+01
2.124053e+01 2.094503e+01
2.118731e+01 2.091935e+01
2.114523e+01 2.091935e+01
2.115944e+01 2.091935e+01
2.117556e+01 2.088435e+01
2.114983e+01 2.088435e+01
2.113818e+01 2.088071e+01
2.118395e+01 2.086886e+01
2.118961e+01 2.086886e+01
2.112537e+01 2.080040e+01
2.113108e+01 2.080040e+01
2.116995e+01 2.080040e+01
2.109442e+01 2.077550e+01
2.111852e+01 2.077550e+01
2.105024e+01 2.077550e+01
2.094411e+01 2.077550e+01
2.107778e+01 2.076331e+01
2.105811e+01 2.073089e+01
2.107024e+01 2.072453e+01
2.090103e+01 2.072175e+01
2.084301e+01 2.066490e+01
2.085324e+01 2.065300e+01
2.087923e+01 2.064048e+01
2.089054e+01 2.060602e+01
2.089901e+01 2.057923e+01
2.081817e+01 2.054880e+01
2.074773e+01 2.050613e+01
2.062133e+01 2.042467e+01
2.057885e+01 2.036582e+01
2.052105e+01 2.029103e+01
2.035039e+01 2.020765e+01
2.030085e+01 2.014290e+01
2.018786e+01 2.009807e+01
2.017827e+01 2.005714e+01
2.010986e+01 2.003341e+01
2.007518e+01 2.002046e+01
2.006500e+01 2.000929e+01
2.002971e+01 2.000561e+01
2.002032e+01 2.000249e+01
2.000652e+01 2.000088e+01
2.000100e+01 2.000034e+01
2.000023e+01 2.000015e+01
2.000008e+01 2.000006e+01
2.000003e+01 2.000002e+01
2.000001e+01 2.000000e+01
2.000000e+01 2.000000e+01
2.000000e+01 2.000000e+01
2.000000e+01 2.000000e+01
2.000000e+01 2.000000e+01
2.000000e+01 2.000000e+01
2.000000e+01 2.000000e+01
2.000000e+01 2.000000e+01
2.000000e+01 2.000000e+01
2.000000e+01 2.000000e+01
2.000000e+01 2.000000e+01
2.000000e+01 2.000000e+01
2.000000e+01 2.000000e+01
2.000000e+01 2.000000e+01
2.000000e+01 2.000000e+01
2.000000e+01 2.000000e+01
2.000000e+01 2.000000e+01
2.000000e+01 2.000000e+01
2.000000e+01 2.000000e+01
2.000000e+01 2.000000e+01
2.000000e+01 2.000000e+01
2.000000e+01 2.000000e+01
2.000000e+01 2.000000e+01
2.000000e+01 2.000000e+01
2.000000e+01 2.000000e+01
2.000000e+01 2.000000e+01
2.000000e+01 2.000000e+01
2.000000e+01 2.000000e+01
2.000000e+01 2.000000e+01
2.000000e+01 2.000000e+01
2.000000e+01 2.000000e+01
2.000000e+01 2.000000e+01
2.000000e+01 2.000000e+01
2.000000e+01 2.000000e+01
2.000000e+01 2.000000e+01
2.000000e+01 2.000000e+01
2.000000e+01 2.000000e+01
2.000000e+01 2.000000e+01
2.000000e+01 2.000000e+01
2.000000e+01 2.000000e+01
2.000000e+01 2.000000e+01
2.000000e+01 2.000000e+01
2.171920e+01 2.154447e+01
2.153857e+01 2.144591e+01
2.152196e+01 2.132006e+01
2.151202e+01 2.132006e+01
2.143847e+01 2.126318e+01
2.135864e+01 2.118875e+01
2.132263e+01 2.111876e+01
2.129417e+01 2.102538e+01
2.129744e+01 2.102325e+01
2.127285e+01 2.100611e+01
2.125712e+01 2.100611e+01
2.122893e+01 2.097030e+01
2.121781e+01 2.096947e+01
2.122196e+01 2.094522e+01
2.124039e+01 2.093887e+01
2.121017e+01 2.091974e+01
2.119972e+01 2.091711e+01
2.123228e+01 2.090880e+01
2.120856e+01 2.087573e+01
2.117362e+01 2.087573e+01
2.122853e+01 2.086047e+01
2.114074e+01 2.086047e+01
2.116160e+01 2.086031e+01
2.114550e+01 2.083518e+01
2.114372e+01 2.083518e+01
2.101208e+01 2.079945e+01
2.099098e+01 2.078767e+01
2.102699e+01 2.078155e+01
2.109411e+01 2.074624e+01
2.106869e+01 2.074624e+01
2.103511e+01 2.072873e+01
2.102254e+01 2.071586e+01
2.101491e+01 2.066576e+01
2.092453e+01 2.062955e+01
2.088406e+01 2.058239e+01
2.090620e+01 2.055934e+01
2.082663e+01 2.051178e+01
2.078380e+01 2.047503e+01
2.065706e+01 2.045371e+01
2.063666e+01 2.039636e+01
2.062452e+01 2.034131e+01
2.067441e+01 2.031427e+01
2.054951e+01 2.028366e+01
2.047042e+01 2.021260e+01
2.042351e+01 2.018220e+01
2.041397e+01 2.015142e+01
2.033519e+01 2.012682e+01
2.026263e+01 2.010054e+01
2.023092e+01 2.008168e+01
2.024429e+01 2.005675e+01
2.019709e+01 2.004631e+01
2.015199e+01 2.002697e+01
2.012181e+01 2.002211e+01
2.014082e+01 2.001666e+01
2.012228e+01 2.001222e+01
2.012934e+01 2.000890e+01
2.010292e+01 2.000724e+01
2.006628e+01 2.000574e+01
2.008412e+01 2.000362e+01
2.007724e+01 2.000257e+01
2.004953e+01 2.000155e+01
2.006325e+01 2.000101e+01
2.003763e+01 2.000055e+01
2.002916e+01 2.000027e+01
2.002280e+01 2.000014e+01
2.000745e+01 2.000005e+01
2.000002e+01 2.000001e+01
2.000001e+01 2.000000e+01
2.000000e+01 2.000000e+01
2.000000e+01 2.000000e+01
2.000000e+01 2.000000e+01
2.000000e+01 2.000000e+01
2.000000e+01 2.000000e+01
2.000000e+01 2.000000e+01
2.000000e+01 2.000000e+01
2.000000e+01 2.000000e+01
2.000000e+01 2.000000e+01
2.000000e+01 2.000000e+01
2.000000e+01 2.000000e+01
2.000000e+01 2.000000e+01
2.000000e+01 2.000000e+01
2.000000e+01 2.000000e+01
2.000000e+01 2.000000e+01
2.000000e+01 2.000000e+01
2.000000e+01 2.000000e+01
2.000000e+01 2.000000e+01
2.000000e+01 2.000000e+01
2.000000e+01 2.000000e+01
2.000000e+01 2.000000e+01
2.000000e+01 2.000000e+01
2.000000e+01 2.000000e+01
2.000000e+01 2.000000e+01
2.000000e+01 2.000000e+01
2.000000e+01 2.000000e+01
2.000000e+01 2.000000e+01
2.000000e+01 2.000000e+01
2.000000e+01 2.000000e+01
2.000000e+01 2.000000e+01
2.000000e+01 2.000000e+01
2.000000e+01 2.000000e+01
2.000000e+01 2.000000e+01
2.172435e+01 2.153896e+01
2.152632e+01 2.138053e+01
2.150570e+01 2.135562e+01
2.139647e+01 2.125882e+01
2.133310e+01 2.110601e+01
2.131282e+01 2.109568e+01
2.131749e+01 2.102301e+01
2.126964e+01 2.099320e+01
2.126965e+01 2.099320e+01
2.127970e+01 2.099320e+01
2.127660e+01 2.099320e+01
2.125053e+01 2.095134e+01
2.121600e+01 2.095114e+01
2.123014e+01 2.094608e+01
2.122702e+01 2.090475e+01
2.122131e+01 2.090475e+01
2.117858e+01 2.089837e+01
2.120794e+01 2.089837e+01
2.117589e+01 2.086716e+01
2.116644e+01 2.081757e+01
2.117449e+01 2.081757e+01
2.107901e+01 2.077226e+01
2.103692e+01 2.075101e+01
2.098825e+01 2.073327e+01
2.101305e+01 2.068921e+01
2.095098e+01 2.064902e+01
2.088761e+01 2.063577e+01
2.089943e+01 2.059790e+01
2.081134e+01 2.056668e+01
2.078482e+01 2.050670e+01
2.071786e+01 2.045482e+01
2.069646e+01 2.040071e+01
2.062469e+01 2.035042e+01
2.056683e+01 2.030145e+01
2.052085e+01 2.025394e+01
2.049923e+01 2.022927e+01
2.038453e+01 2.017755e+01
2.040370e+01 2.014890e+01
2.028571e+01 2.010964e+01
2.022199e+01 2.009880e+01
2.019360e+01 2.007807e+01
2.018840e+01 2.004700e+01
2.017416e+01 2.003137e+01
2.014317e+01 2.001966e+01
2.012623e+01 2.001652e+01
2.009776e+01 2.001097e+01
2.009322e+01 2.000607e+01
2.007207e+01 2.000473e+01
2.006190e+01 2.000273e+01
2.005238e+01 2.000183e+01
2.002704e+01 2.000107e+01
2.002030e+01 2.000059e+01
2.002234e+01 2.000036e+01
2.003155e+01 2.000020e+01
2.001930e+01 2.000011e+01
2.001602e+01 2.000006e+01
2.002094e+01 2.000003e+01
2.001486e+01 2.000002e+01
2.000639e+01 2.000001e+01
2.000252e+01 2.000000e+01
2.000000e+01 2.000000e+01
2.000000e+01 2.000000e+01
2.000000e+01 2.000000e+01
2.000000e+01 2.000000e+01
2.000000e+01 2.000000e+01
2.000000e+01 2.000000e+01
2.000000e+01 2.000000e+01
2.000000e+01 2.000000e+01
2.000000e+01 2.000000e+01
2.000000e+01 2.000000e+01
2.000000e+01 2.000000e+01
2.000000e+01 2.000000e+01
2.000000e+01 2.000000e+01
2.000000e+01 2.000000e+01
2.000000e+01 2.000000e+01
2.000000e+01 2.000000e+01
2.000000e+01 2.000000e+01
2.000000e+01 2.000000e+01
2.000000e+01 2.000000e+01
2.000000e+01 2.000000e+01
2.000000e+01 2.000000e+01
2.000000e+01 2.000000e+01
2.000000e+01 2.000000e+01
2.000000e+01 2.000000e+01
2.000000e+01 2.000000e+01
2.000000e+01 2.000000e+01
2.000000e+01 2.000000e+01
2.000000e+01 2.000000e+01
2.000000e+01 2.000000e+01
2.000000e+01 2.000000e+01
2.000000e+01 2.000000e+01
2.000000e+01 2.000000e+01
2.000000e+01 2.000000e+01
2.000000e+01 2.000000e+01
2.000000e+01 2.000000e+01
2.000000e+01 2.000000e+01
2.000000e+01 2.000000e+01
2.000000e+01 2.000000e+01
2.000000e+01 2.000000e+01
2.000000e+01 2.000000e+01
2.000000e+01 2.000000e+01
