8.267429e+03 6.023991e+03
6.104073e+01 5.329343e+01
1.940965e+00 1.794799e+00
7.352485e-01 6.941819e-01
7.594139e-02 7.032354e-02
6.385548e-03 5.903544e-03
6.080758e-04 5.803808e-04
3.084857e-05 2.946751e-05
3.147822e-06 2.993858e-06
6.127483e-07 5.939081e-07
5.038314e-08 4.771653e-08
3.965308e-09 3.765308e-09
4.213837e-10 4.021103e-10
5.172296e-11 5.081802e-11
1.436433e-11 1.375611e-11
1.247145e-12 1.136868e-12
4.615686e-13 4.547474e-13
3.626610e-13 3.410605e-13
3.512923e-13 3.410605e-13
3.637979e-13 3.410605e-13
3.660716e-13 3.410605e-13
3.501555e-13 3.410605e-13
3.512923e-13 3.410605e-13
3.444711e-13 3.410605e-13
3.433342e-13 2.273737e-13
2.523848e-13 2.273737e-13
2.444267e-13 2.273737e-13
2.512479e-13 2.273737e-13
2.489742e-13 2.273737e-13
2.341949e-13 2.273737e-13
2.501110e-13 2.273737e-13
2.478373e-13 2.273737e-13
2.330580e-13 2.273737e-13
2.580691e-13 2.273737e-13
2.444267e-13 2.273737e-13
2.421530e-13 2.273737e-13
2.296474e-13 2.273737e-13
2.376055e-13 2.273737e-13
2.387424e-13 2.273737e-13
2.455636e-13 2.273737e-13
2.353318e-13 2.273737e-13
2.467004e-13 2.273737e-13
2.614797e-13 2.273737e-13
2.398792e-13 2.273737e-13
2.557954e-13 2.273737e-13
2.648903e-13 2.273737e-13
2.410161e-13 2.273737e-13
2.296474e-13 2.273737e-13
2.546585e-13 2.273737e-13
2.398792e-13 1.136868e-13
1.864464e-13 1.136868e-13
1.728040e-13 1.136868e-13
1.602984e-13 1.136868e-13
1.477929e-13 1.136868e-13
1.512035e-13 1.136868e-13
1.409717e-13 1.136868e-13
1.318767e-13 1.136868e-13
1.330136e-13 1.136868e-13
1.432454e-13 1.136868e-13
1.239187e-13 1.136868e-13
1.296030e-13 1.136868e-13
1.307399e-13 1.136868e-13
1.205080e-13 1.136868e-13
1.375611e-13 1.136868e-13
1.261924e-13 1.136868e-13
1.364242e-13 1.136868e-13
1.432454e-13 1.136868e-13
1.580247e-13 1.136868e-13
1.227818e-13 1.136868e-13
1.398348e-13 1.136868e-13
1.284661e-13 1.136868e-13
1.489298e-13 1.136868e-13
1.364242e-13 1.136868e-13
1.432454e-13 1.136868e-13
1.341505e-13 1.136868e-13
1.250555e-13 1.136868e-13
1.693934e-13 1.136868e-13
1.330136e-13 1.136868e-13
1.341505e-13 1.136868e-13
1.455192e-13 1.136868e-13
1.534772e-13 1.136868e-13
1.432454e-13 1.136868e-13
1.216449e-13 1.136868e-13
1.307399e-13 1.136868e-13
1.466560e-13 1.136868e-13
1.261924e-13 1.136868e-13
1.477929e-13 1.136868e-13
1.364242e-13 1.136868e-13
1.409717e-13 1.136868e-13
1.261924e-13 1.136868e-13
1.330136e-13 1.136868e-13
1.477929e-13 1.136868e-13
1.307399e-13 1.136868e-13
1.421085e-13 1.136868e-13
1.580247e-13 1.136868e-13
1.409717e-13 1.136868e-13
1.625722e-13 1.136868e-13
1.398348e-13 1.136868e-13
1.307399e-13 1.136868e-13
1.534772e-13 1.136868e-13
1.375611e-13 1.136868e-13
8.314933e+03 6.001557e+03
4.397240e+01 3.620271e+01
1.519092e+00 1.474832e+00
5.844050e-01 5.461695e-01
3.458043e-02 3.089078e-02
2.180594e-03 2.084258e-03
2.078193e-04 1.978385e-04
1.712265e-05 1.605429e-05
1.651109e-06 1.607622e-06
1.300690e-07 1.247778e-07
1.428294e-08 1.363787e-08
1.738226e-09 1.639478e-09
2.364561e-10 2.310117e-10
2.361617e-11 2.307843e-11
3.921059e-12 3.751666e-12
1.014087e-12 9.094947e-13
8.139978e-13 7.958079e-13
6.957634e-13 6.821210e-13
6.991741e-13 6.821210e-13
6.684786e-13 5.684342e-13
5.945822e-13 5.684342e-13
5.798029e-13 5.684342e-13
5.809397e-13 5.684342e-13
5.843503e-13 5.684342e-13
5.775291e-13 5.684342e-13
5.809397e-13 4.547474e-13
4.706635e-13 4.547474e-13
4.695266e-13 4.547474e-13
3.944933e-13 3.410605e-13
3.558398e-13 3.410605e-13
3.615241e-13 3.410605e-13
3.649347e-13 3.410605e-13
3.649347e-13 3.410605e-13
3.706191e-13 3.410605e-13
3.478817e-13 3.410605e-13
3.444711e-13 3.410605e-13
3.512923e-13 3.410605e-13
2.512479e-13 2.273737e-13
2.467004e-13 2.273737e-13
2.455636e-13 2.273737e-13
2.467004e-13 2.273737e-13
2.410161e-13 2.273737e-13
2.410161e-13 2.273737e-13
2.410161e-13 2.273737e-13
2.569323e-13 2.273737e-13
2.410161e-13 2.273737e-13
2.319211e-13 2.273737e-13
2.330580e-13 2.273737e-13
2.444267e-13 2.273737e-13
2.364686e-13 2.273737e-13
2.330580e-13 1.136868e-13
1.682565e-13 1.136868e-13
1.512035e-13 1.136868e-13
1.489298e-13 1.136868e-13
1.421085e-13 1.136868e-13
1.398348e-13 1.136868e-13
1.341505e-13 1.136868e-13
1.421085e-13 1.136868e-13
1.443823e-13 1.136868e-13
1.386979e-13 1.136868e-13
1.421085e-13 1.136868e-13
1.216449e-13 1.136868e-13
1.409717e-13 1.136868e-13
1.386979e-13 1.136868e-13
1.261924e-13 1.136868e-13
1.170974e-13 1.136868e-13
1.455192e-13 1.136868e-13
1.364242e-13 1.136868e-13
1.477929e-13 1.136868e-13
1.296030e-13 1.136868e-13
1.523404e-13 1.136868e-13
1.205080e-13 1.136868e-13
1.307399e-13 1.136868e-13
1.227818e-13 1.136868e-13
1.341505e-13 1.136868e-13
1.455192e-13 1.136868e-13
1.296030e-13 1.136868e-13
1.330136e-13 1.136868e-13
1.296030e-13 1.136868e-13
1.250555e-13 1.136868e-13
1.364242e-13 1.136868e-13
1.477929e-13 1.136868e-13
1.341505e-13 1.136868e-13
1.296030e-13 1.136868e-13
1.261924e-13 1.136868e-13
1.307399e-13 1.136868e-13
1.284661e-13 1.136868e-13
1.159606e-13 1.136868e-13
1.205080e-13 1.136868e-13
1.364242e-13 1.136868e-13
1.261924e-13 1.136868e-13
1.421085e-13 1.136868e-13
1.352873e-13 1.136868e-13
1.216449e-13 1.136868e-13
1.432454e-13 1.136868e-13
1.432454e-13 1.136868e-13
1.341505e-13 1.136868e-13
1.489298e-13 1.136868e-13
1.489298e-13 1.136868e-13
1.841727e-13 1.136868e-13
1.341505e-13 1.136868e-13
8.304158e+03 5.913999e+03
5.046443e+01 4.363069e+01
1.975938e+00 1.862647e+00
6.842280e-01 6.502931e-01
6.912693e-02 6.598680e-02
1.281303e-02 1.176256e-02
9.959716e-04 9.713891e-04
7.330088e-05 6.826703e-05
4.361263e-06 4.108577e-06
3.546015e-07 3.327538e-07
3.298782e-08 3.192781e-08
3.522191e-09 3.405944e-09
2.422985e-10 2.380602e-10
1.363787e-11 1.250555e-11
1.737135e-12 1.705303e-12
1.235776e-12 1.136868e-12
8.196821e-13 7.958079e-13
8.049028e-13 7.958079e-13
7.514700e-13 6.821210e-13
6.878054e-13 6.821210e-13
6.878054e-13 6.821210e-13
7.082690e-13 6.821210e-13
5.809397e-13 5.684342e-13
5.877610e-13 5.684342e-13
5.763923e-13 5.684342e-13
5.843503e-13 5.684342e-13
4.649792e-13 4.547474e-13
4.649792e-13 4.547474e-13
4.627054e-13 4.547474e-13
4.854428e-13 4.547474e-13
4.922640e-13 4.547474e-13
4.695266e-13 4.547474e-13
3.785772e-13 3.410605e-13
3.535661e-13 3.410605e-13
3.535661e-13 3.410605e-13
3.660716e-13 3.410605e-13
3.444711e-13 3.410605e-13
3.490186e-13 3.410605e-13
3.535661e-13 3.410605e-13
3.433342e-13 3.410605e-13
2.467004e-13 2.273737e-13
2.387424e-13 2.273737e-13
2.421530e-13 2.273737e-13
2.319211e-13 2.273737e-13
2.307843e-13 2.273737e-13
2.432898e-13 2.273737e-13
2.478373e-13 2.273737e-13
2.364686e-13 2.273737e-13
2.330580e-13 2.273737e-13
2.364686e-13 2.273737e-13
1.784883e-13 1.136868e-13
1.409717e-13 1.136868e-13
1.364242e-13 1.136868e-13
1.398348e-13 1.136868e-13
1.296030e-13 1.136868e-13
1.296030e-13 1.136868e-13
1.284661e-13 1.136868e-13
1.250555e-13 1.136868e-13
1.216449e-13 1.136868e-13
1.318767e-13 1.136868e-13
1.296030e-13 1.136868e-13
1.523404e-13 1.136868e-13
1.352873e-13 1.136868e-13
1.386979e-13 1.136868e-13
1.307399e-13 1.136868e-13
1.239187e-13 1.136868e-13
1.409717e-13 1.136868e-13
1.386979e-13 1.136868e-13
1.307399e-13 1.136868e-13
1.443823e-13 1.136868e-13
1.284661e-13 1.136868e-13
1.489298e-13 1.136868e-13
1.409717e-13 1.136868e-13
1.227818e-13 1.136868e-13
1.352873e-13 1.136868e-13
1.284661e-13 1.136868e-13
1.375611e-13 1.136868e-13
1.364242e-13 1.136868e-13
1.330136e-13 1.136868e-13
1.421085e-13 1.136868e-13
1.432454e-13 1.136868e-13
1.409717e-13 1.136868e-13
1.364242e-13 1.136868e-13
1.421085e-13 1.136868e-13
1.284661e-13 1.136868e-13
1.318767e-13 1.136868e-13
1.330136e-13 1.136868e-13
1.398348e-13 1.136868e-13
1.341505e-13 1.136868e-13
1.443823e-13 1.136868e-13
1.296030e-13 1.136868e-13
1.421085e-13 1.136868e-13
1.296030e-13 1.136868e-13
1.307399e-13 1.136868e-13
1.500666e-13 1.136868e-13
1.443823e-13 1.136868e-13
1.375611e-13 1.136868e-13
1.296030e-13 1.136868e-13
1.273293e-13 1.136868e-13
1.330136e-13 1.136868e-13
1.409717e-13 1.136868e-13
8.294296e+03 5.627979e+03
4.790369e+01 4.304293e+01
1.839176e+00 1.757873e+00
6.135204e-01 5.716199e-01
4.261345e-02 3.864114e-02
4.820228e-03 4.589463e-03
5.552556e-04 5.339334e-04
4.644610e-05 4.408780e-05
7.141721e-06 6.760912e-06
7.497835e-07 7.224037e-07
5.383243e-08 5.138554e-08
4.076518e-09 3.849095e-09
2.514537e-10 2.339675e-10
1.886747e-11 1.841727e-11
1.787157e-12 1.705303e-12
5.843503e-13 5.684342e-13
4.752110e-13 4.547474e-13
4.729372e-13 4.547474e-13
4.706635e-13 4.547474e-13
4.558842e-13 4.547474e-13
3.615241e-13 3.410605e-13
3.490186e-13 3.410605e-13
3.501555e-13 3.410605e-13
3.569767e-13 3.410605e-13
3.581135e-13 3.410605e-13
3.456080e-13 3.410605e-13
2.410161e-13 2.273737e-13
2.455636e-13 2.273737e-13
2.432898e-13 2.273737e-13
2.501110e-13 2.273737e-13
2.341949e-13 2.273737e-13
2.467004e-13 2.273737e-13
2.376055e-13 2.273737e-13
2.285105e-13 2.273737e-13
2.489742e-13 2.273737e-13
2.421530e-13 2.273737e-13
2.341949e-13 2.273737e-13
1.864464e-13 1.136868e-13
1.739409e-13 1.136868e-13
1.489298e-13 1.136868e-13
1.250555e-13 1.136868e-13
1.239187e-13 1.136868e-13
1.296030e-13 1.136868e-13
1.500666e-13 1.136868e-13
1.375611e-13 1.136868e-13
1.455192e-13 1.136868e-13
1.250555e-13 1.136868e-13
1.182343e-13 1.136868e-13
1.296030e-13 1.136868e-13
1.659828e-13 1.136868e-13
1.534772e-13 1.136868e-13
1.534772e-13 1.136868e-13
1.284661e-13 1.136868e-13
1.455192e-13 1.136868e-13
1.239187e-13 1.136868e-13
1.398348e-13 1.136868e-13
1.455192e-13 1.136868e-13
1.273293e-13 1.136868e-13
1.250555e-13 1.136868e-13
1.273293e-13 1.136868e-13
1.273293e-13 1.136868e-13
1.523404e-13 1.136868e-13
1.307399e-13 1.136868e-13
1.375611e-13 1.136868e-13
1.421085e-13 1.136868e-13
1.239187e-13 1.136868e-13
1.239187e-13 1.136868e-13
1.432454e-13 1.136868e-13
1.205080e-13 1.136868e-13
1.364242e-13 1.136868e-13
1.205080e-13 1.136868e-13
1.421085e-13 1.136868e-13
1.227818e-13 1.136868e-13
1.261924e-13 1.136868e-13
1.477929e-13 1.136868e-13
1.409717e-13 1.136868e-13
1.421085e-13 1.136868e-13
1.250555e-13 1.136868e-13
1.386979e-13 1.136868e-13
1.170974e-13 1.136868e-13
1.273293e-13 1.136868e-13
1.477929e-13 1.136868e-13
1.227818e-13 1.136868e-13
1.568878e-13 1.136868e-13
1.523404e-13 1.136868e-13
1.443823e-13 1.136868e-13
1.523404e-13 1.136868e-13
1.432454e-13 1.136868e-13
1.239187e-13 1.136868e-13
1.352873e-13 1.136868e-13
1.443823e-13 1.136868e-13
1.284661e-13 1.136868e-13
1.341505e-13 1.136868e-13
1.512035e-13 1.136868e-13
1.421085e-13 1.136868e-13
1.261924e-13 1.136868e-13
1.534772e-13 1.136868e-13
1.239187e-13 1.136868e-13
1.466560e-13 1.136868e-13
1.182343e-13 1.136868e-13
1.386979e-13 1.136868e-13
8.396201e+03 6.004418e+03
3.963057e+01 3.435191e+01
1.627438e+00 1.557950e+00
7.624886e-01 7.341671e-01
1.054780e-01 9.803027e-02
1.019253e-02 9.166592e-03
6.512623e-04 6.031803e-04
4.477310e-05 4.296928e-05
5.824601e-06 5.578027e-06
5.771627e-07 5.339281e-07
5.639819e-08 5.444429e-08
3.642136e-09 3.530090e-09
3.046966e-10 2.988827e-10
2.240540e-11 2.091838e-11
3.051355e-12 2.955858e-12
1.070930e-12 1.023182e-12
5.866241e-13 5.684342e-13
4.672529e-13 4.547474e-13
3.558398e-13 3.410605e-13
3.672085e-13 3.410605e-13
3.478817e-13 3.410605e-13
3.501555e-13 3.410605e-13
3.501555e-13 3.410605e-13
3.694822e-13 3.410605e-13
3.444711e-13 3.410605e-13
3.592504e-13 3.410605e-13
3.046807e-13 2.273737e-13
2.410161e-13 2.273737e-13
2.535216e-13 2.273737e-13
2.410161e-13 2.273737e-13
2.478373e-13 2.273737e-13
2.398792e-13 2.273737e-13
2.592060e-13 2.273737e-13
2.307843e-13 2.273737e-13
2.501110e-13 2.273737e-13
2.341949e-13 2.273737e-13
2.421530e-13 2.273737e-13
2.592060e-13 2.273737e-13
2.546585e-13 2.273737e-13
2.569323e-13 2.273737e-13
2.569323e-13 2.273737e-13
2.330580e-13 2.273737e-13
2.432898e-13 1.136868e-13
1.784883e-13 1.136868e-13
1.591616e-13 1.136868e-13
1.637090e-13 1.136868e-13
1.409717e-13 1.136868e-13
1.489298e-13 1.136868e-13
1.227818e-13 1.136868e-13
1.421085e-13 1.136868e-13
1.193712e-13 1.136868e-13
1.398348e-13 1.136868e-13
1.386979e-13 1.136868e-13
1.352873e-13 1.136868e-13
1.330136e-13 1.136868e-13
1.352873e-13 1.136868e-13
1.409717e-13 1.136868e-13
1.409717e-13 1.136868e-13
1.261924e-13 1.136868e-13
1.250555e-13 1.136868e-13
1.307399e-13 1.136868e-13
1.432454e-13 1.136868e-13
1.341505e-13 1.136868e-13
1.341505e-13 1.136868e-13
1.432454e-13 1.136868e-13
1.398348e-13 1.136868e-13
1.352873e-13 1.136868e-13
1.239187e-13 1.136868e-13
1.205080e-13 1.136868e-13
1.443823e-13 1.136868e-13
1.307399e-13 1.136868e-13
1.364242e-13 1.136868e-13
1.193712e-13 1.136868e-13
1.398348e-13 1.136868e-13
1.216449e-13 1.136868e-13
1.443823e-13 1.136868e-13
1.398348e-13 1.136868e-13
1.364242e-13 1.136868e-13
1.352873e-13 1.136868e-13
1.227818e-13 1.136868e-13
1.386979e-13 1.136868e-13
1.216449e-13 1.136868e-13
1.671197e-13 1.136868e-13
1.364242e-13 1.136868e-13
1.375611e-13 1.136868e-13
1.318767e-13 1.136868e-13
1.216449e-13 1.136868e-13
1.443823e-13 1.136868e-13
1.489298e-13 1.136868e-13
1.170974e-13 1.136868e-13
1.239187e-13 1.136868e-13
1.398348e-13 1.136868e-13
1.477929e-13 1.136868e-13
1.341505e-13 1.136868e-13
1.421085e-13 1.136868e-13
1.296030e-13 1.136868e-13
1.614353e-13 1.136868e-13
1.352873e-13 1.136868e-13
1.421085e-13 1.136868e-13
1.534772e-13 1.136868e-13
1.193712e-13 1.136868e-13
8.242540e+03 6.020403e+03
5.370283e+01 4.998314e+01
2.295081e+00 2.167798e+00
9.364484e-01 8.813129e-01
1.562920e-01 1.493685e-01
1.805752e-02 1.648970e-02
2.785432e-03 2.655825e-03
3.241856e-04 2.970171e-04
3.062965e-05 2.911580e-05
2.906024e-06 2.792789e-06
1.844191e-07 1.716999e-07
2.016154e-08 1.970147e-08
2.611347e-09 2.518277e-09
3.641469e-10 3.544756e-10
4.061121e-11 3.979039e-11
5.237553e-12 5.002221e-12
1.251692e-12 1.250555e-12
9.231371e-13 9.094947e-13
5.729817e-13 5.684342e-13
4.854428e-13 4.547474e-13
4.706635e-13 4.547474e-13
4.740741e-13 4.547474e-13
4.718004e-13 3.410605e-13
3.615241e-13 3.410605e-13
3.444711e-13 3.410605e-13
3.603873e-13 3.410605e-13
3.660716e-13 3.410605e-13
3.547029e-13 3.410605e-13
3.353762e-13 2.273737e-13
2.489742e-13 2.273737e-13
2.467004e-13 2.273737e-13
2.489742e-13 2.273737e-13
2.341949e-13 2.273737e-13
2.478373e-13 2.273737e-13
2.432898e-13 2.273737e-13
2.421530e-13 2.273737e-13
2.455636e-13 2.273737e-13
2.455636e-13 2.273737e-13
2.444267e-13 2.273737e-13
2.444267e-13 2.273737e-13
2.376055e-13 2.273737e-13
2.478373e-13 2.273737e-13
2.478373e-13 2.273737e-13
2.353318e-13 2.273737e-13
2.353318e-13 2.273737e-13
2.307843e-13 2.273737e-13
2.387424e-13 2.273737e-13
2.330580e-13 2.273737e-13
2.421530e-13 2.273737e-13
2.353318e-13 2.273737e-13
2.523848e-13 2.273737e-13
2.455636e-13 2.273737e-13
2.341949e-13 2.273737e-13
2.353318e-13 2.273737e-13
2.421530e-13 2.273737e-13
2.364686e-13 2.273737e-13
2.603429e-13 2.273737e-13
2.535216e-13 2.273737e-13
2.683009e-13 2.273737e-13
2.626166e-13 2.273737e-13
2.592060e-13 2.273737e-13
2.273737e-13 2.273737e-13
2.592060e-13 2.273737e-13
2.489742e-13 1.136868e-13
1.921308e-13 1.136868e-13
1.625722e-13 1.136868e-13
1.671197e-13 1.136868e-13
1.386979e-13 1.136868e-13
1.591616e-13 1.136868e-13
1.716671e-13 1.136868e-13
1.591616e-13 1.136868e-13
1.398348e-13 1.136868e-13
1.318767e-13 1.136868e-13
1.159606e-13 1.136868e-13
1.216449e-13 1.136868e-13
1.477929e-13 1.136868e-13
1.477929e-13 1.136868e-13
1.443823e-13 1.136868e-13
1.557510e-13 1.136868e-13
1.239187e-13 1.136868e-13
1.421085e-13 1.136868e-13
1.341505e-13 1.136868e-13
1.512035e-13 1.136868e-13
1.296030e-13 1.136868e-13
1.489298e-13 1.136868e-13
1.432454e-13 1.136868e-13
1.466560e-13 1.136868e-13
1.341505e-13 1.136868e-13
1.261924e-13 1.136868e-13
1.386979e-13 1.136868e-13
1.227818e-13 1.136868e-13
1.330136e-13 1.136868e-13
1.307399e-13 1.136868e-13
1.341505e-13 1.136868e-13
1.546141e-13 1.136868e-13
1.341505e-13 1.136868e-13
1.455192e-13 1.136868e-13
1.500666e-13 1.136868e-13
1.625722e-13 1.136868e-13
1.273293e-13 1.136868e-13
1.341505e-13 1.136868e-13
8.378028e+03 6.523649e+03
4.811336e+01 4.231673e+01
1.802267e+00 1.725923e+00
5.898495e-01 5.535031e-01
3.640596e-02 3.353254e-02
2.188388e-03 2.041376e-03
1.424820e-04 1.345529e-04
2.097560e-05 1.917518e-05
2.274582e-06 2.164453e-06
1.316164e-07 1.245029e-07
1.085339e-08 9.789460e-09
1.193496e-09 1.155058e-09
1.156911e-10 1.111857e-10
2.707793e-11 2.671641e-11
3.443574e-12 3.410605e-12
1.141416e-12 1.136868e-12
8.117240e-13 7.958079e-13
8.105872e-13 7.958079e-13
5.809397e-13 5.684342e-13
5.343281e-13 4.547474e-13
4.729372e-13 4.547474e-13
4.638423e-13 4.547474e-13
4.763479e-13 4.547474e-13
4.581580e-13 4.547474e-13
4.683898e-13 4.547474e-13
4.570211e-13 4.547474e-13
3.797140e-13 3.410605e-13
3.626610e-13 3.410605e-13
3.592504e-13 3.410605e-13
3.433342e-13 3.410605e-13
3.626610e-13 3.410605e-13
3.660716e-13 3.410605e-13
3.478817e-13 3.410605e-13
3.421974e-13 2.273737e-13
2.557954e-13 2.273737e-13
2.478373e-13 2.273737e-13
2.398792e-13 2.273737e-13
2.444267e-13 2.273737e-13
2.376055e-13 2.273737e-13
2.444267e-13 2.273737e-13
2.501110e-13 2.273737e-13
2.421530e-13 2.273737e-13
2.410161e-13 2.273737e-13
2.580691e-13 2.273737e-13
2.455636e-13 2.273737e-13
2.478373e-13 2.273737e-13
2.648903e-13 2.273737e-13
2.580691e-13 2.273737e-13
2.330580e-13 2.273737e-13
2.410161e-13 2.273737e-13
2.467004e-13 2.273737e-13
2.387424e-13 2.273737e-13
2.512479e-13 2.273737e-13
2.330580e-13 2.273737e-13
2.387424e-13 2.273737e-13
2.501110e-13 2.273737e-13
2.296474e-13 2.273737e-13
2.432898e-13 2.273737e-13
2.319211e-13 2.273737e-13
2.160050e-13 1.136868e-13
1.580247e-13 1.136868e-13
1.364242e-13 1.136868e-13
1.341505e-13 1.136868e-13
1.330136e-13 1.136868e-13
1.296030e-13 1.136868e-13
1.239187e-13 1.136868e-13
1.432454e-13 1.136868e-13
1.284661e-13 1.136868e-13
1.432454e-13 1.136868e-13
1.512035e-13 1.136868e-13
1.409717e-13 1.136868e-13
1.409717e-13 1.136868e-13
1.512035e-13 1.136868e-13
1.489298e-13 1.136868e-13
1.261924e-13 1.136868e-13
1.455192e-13 1.136868e-13
1.341505e-13 1.136868e-13
1.455192e-13 1.136868e-13
1.239187e-13 1.136868e-13
1.318767e-13 1.136868e-13
1.364242e-13 1.136868e-13
1.216449e-13 1.136868e-13
1.443823e-13 1.136868e-13
1.386979e-13 1.136868e-13
1.341505e-13 1.136868e-13
1.386979e-13 1.136868e-13
1.284661e-13 1.136868e-13
1.625722e-13 1.136868e-13
1.318767e-13 1.136868e-13
1.489298e-13 1.136868e-13
1.421085e-13 1.136868e-13
1.500666e-13 1.136868e-13
1.341505e-13 1.136868e-13
1.455192e-13 1.136868e-13
1.386979e-13 1.136868e-13
1.500666e-13 1.136868e-13
1.341505e-13 1.136868e-13
1.364242e-13 1.136868e-13
1.421085e-13 1.136868e-13
1.443823e-13 1.136868e-13
1.330136e-13 1.136868e-13
8.356943e+03 5.869569e+03
3.686406e+01 3.296000e+01
1.836927e+00 1.752456e+00
7.641208e-01 7.233588e-01
1.112540e-01 1.050681e-01
1.094192e-02 9.504520e-03
1.037371e-03 9.841201e-04
1.172013e-04 1.110760e-04
8.706876e-06 8.305027e-06
7.632592e-07 6.926955e-07
6.382124e-08 5.926120e-08
6.408422e-09 6.248683e-09
6.294340e-10 6.215259e-10
9.743530e-11 9.424639e-11
7.891003e-12 7.503331e-12
1.087983e-12 1.023182e-12
6.878054e-13 6.821210e-13
6.923528e-13 6.821210e-13
5.752554e-13 5.684342e-13
4.365575e-13 3.410605e-13
3.876721e-13 3.410605e-13
3.649347e-13 3.410605e-13
3.626610e-13 3.410605e-13
3.444711e-13 3.410605e-13
3.637979e-13 3.410605e-13
3.558398e-13 3.410605e-13
3.501555e-13 3.410605e-13
3.490186e-13 3.410605e-13
3.512923e-13 3.410605e-13
2.569323e-13 2.273737e-13
2.523848e-13 2.273737e-13
2.398792e-13 2.273737e-13
2.557954e-13 2.273737e-13
2.307843e-13 2.273737e-13
2.489742e-13 2.273737e-13
2.467004e-13 2.273737e-13
2.364686e-13 2.273737e-13
2.648903e-13 2.273737e-13
2.432898e-13 1.136868e-13
2.091838e-13 1.136868e-13
1.534772e-13 1.136868e-13
1.375611e-13 1.136868e-13
1.614353e-13 1.136868e-13
1.318767e-13 1.136868e-13
1.318767e-13 1.136868e-13
1.421085e-13 1.136868e-13
1.227818e-13 1.136868e-13
1.307399e-13 1.136868e-13
1.250555e-13 1.136868e-13
1.523404e-13 1.136868e-13
1.421085e-13 1.136868e-13
1.239187e-13 1.136868e-13
1.546141e-13 1.136868e-13
1.330136e-13 1.136868e-13
1.227818e-13 1.136868e-13
1.421085e-13 1.136868e-13
1.364242e-13 1.136868e-13
1.466560e-13 1.136868e-13
1.341505e-13 1.136868e-13
1.227818e-13 1.136868e-13
1.216449e-13 1.136868e-13
1.261924e-13 1.136868e-13
1.352873e-13 1.136868e-13
1.261924e-13 1.136868e-13
1.500666e-13 1.136868e-13
1.330136e-13 1.136868e-13
1.239187e-13 1.136868e-13
1.432454e-13 1.136868e-13
1.364242e-13 1.136868e-13
1.477929e-13 1.136868e-13
1.432454e-13 1.136868e-13
1.477929e-13 1.136868e-13
1.386979e-13 1.136868e-13
1.409717e-13 1.136868e-13
1.284661e-13 1.136868e-13
1.398348e-13 1.136868e-13
1.205080e-13 1.136868e-13
1.227818e-13 1.136868e-13
1.307399e-13 1.136868e-13
1.239187e-13 1.136868e-13
1.284661e-13 1.136868e-13
1.466560e-13 1.136868e-13
1.443823e-13 1.136868e-13
1.614353e-13 1.136868e-13
1.523404e-13 1.136868e-13
1.409717e-13 1.136868e-13
1.352873e-13 1.136868e-13
1.432454e-13 1.136868e-13
1.489298e-13 1.136868e-13
1.296030e-13 1.136868e-13
1.375611e-13 1.136868e-13
1.523404e-13 1.136868e-13
1.375611e-13 1.136868e-13
1.261924e-13 1.136868e-13
1.682565e-13 1.136868e-13
1.341505e-13 1.136868e-13
1.352873e-13 1.136868e-13
1.216449e-13 1.136868e-13
1.273293e-13 1.136868e-13
1.296030e-13 1.136868e-13
1.330136e-13 1.136868e-13
8.388895e+03 5.778496e+03
4.331479e+01 3.849654e+01
1.795549e+00 1.710641e+00
6.556175e-01 6.249996e-01
6.968368e-02 6.710270e-02
8.727616e-03 8.479089e-03
8.470708e-04 7.281893e-04
7.201076e-05 6.837166e-05
6.462010e-06 6.206361e-06
5.225204e-07 5.165699e-07
5.126970e-08 4.804906e-08
4.083830e-09 3.831701e-09
3.646721e-10 3.509513e-10
3.603645e-11 3.535661e-11
3.932428e-12 3.751666e-12
1.332410e-12 1.250555e-12
1.033413e-12 1.023182e-12
8.242296e-13 7.958079e-13
8.139978e-13 7.958079e-13
6.923528e-13 6.821210e-13
5.729817e-13 5.684342e-13
5.763923e-13 5.684342e-13
5.832135e-13 5.684342e-13
5.866241e-13 5.684342e-13
5.775291e-13 5.684342e-13
5.798029e-13 5.684342e-13
5.809397e-13 5.684342e-13
4.615686e-13 4.547474e-13
4.752110e-13 4.547474e-13
4.808953e-13 4.547474e-13
4.763479e-13 4.547474e-13
4.115464e-13 3.410605e-13
3.853984e-13 3.410605e-13
3.751666e-13 3.410605e-13
3.603873e-13 3.410605e-13
3.535661e-13 3.410605e-13
3.467449e-13 3.410605e-13
3.467449e-13 3.410605e-13
3.444711e-13 3.410605e-13
3.569767e-13 3.410605e-13
3.501555e-13 3.410605e-13
3.603873e-13 3.410605e-13
2.864908e-13 2.273737e-13
2.762590e-13 2.273737e-13
2.512479e-13 2.273737e-13
2.535216e-13 2.273737e-13
2.341949e-13 2.273737e-13
2.501110e-13 2.273737e-13
2.478373e-13 2.273737e-13
2.580691e-13 2.273737e-13
2.489742e-13 2.273737e-13
2.353318e-13 2.273737e-13
2.421530e-13 2.273737e-13
2.478373e-13 2.273737e-13
2.353318e-13 2.273737e-13
2.432898e-13 2.273737e-13
2.523848e-13 2.273737e-13
2.683009e-13 2.273737e-13
2.762590e-13 2.273737e-13
2.330580e-13 2.273737e-13
2.557954e-13 2.273737e-13
2.410161e-13 2.273737e-13
2.569323e-13 2.273737e-13
2.648903e-13 2.273737e-13
2.455636e-13 2.273737e-13
2.626166e-13 2.273737e-13
2.398792e-13 2.273737e-13
2.410161e-13 2.273737e-13
2.376055e-13 2.273737e-13
2.398792e-13 2.273737e-13
2.603429e-13 2.273737e-13
2.364686e-13 2.273737e-13
2.387424e-13 2.273737e-13
1.909939e-13 1.136868e-13
1.386979e-13 1.136868e-13
1.591616e-13 1.136868e-13
1.500666e-13 1.136868e-13
1.284661e-13 1.136868e-13
1.375611e-13 1.136868e-13
1.296030e-13 1.136868e-13
1.432454e-13 1.136868e-13
1.205080e-13 1.136868e-13
1.375611e-13 1.136868e-13
1.375611e-13 1.136868e-13
1.523404e-13 1.136868e-13
1.205080e-13 1.136868e-13
1.318767e-13 1.136868e-13
1.318767e-13 1.136868e-13
1.352873e-13 1.136868e-13
1.477929e-13 1.136868e-13
1.398348e-13 1.136868e-13
1.409717e-13 1.136868e-13
1.455192e-13 1.136868e-13
1.568878e-13 1.136868e-13
1.307399e-13 1.136868e-13
1.330136e-13 1.136868e-13
1.318767e-13 1.136868e-13
1.159606e-13 1.136868e-13
1.477929e-13 1.136868e-13
1.591616e-13 1.136868e-13
1.364242e-13 1.136868e-13
8.330672e+03 5.967546e+03
3.233818e+01 2.861045e+01
1.490859e+00 1.444292e+00
5.896524e-01 5.485833e-01
6.595546e-02 6.023574e-02
6.960887e-03 6.477000e-03
3.828693e-04 3.587454e-04
6.617991e-05 6.487359e-05
4.405669e-06 4.271464e-06
4.113784e-07 4.038302e-07
5.801435e-08 5.703657e-08
8.439464e-09 8.300276e-09
9.647238e-10 9.532641e-10
1.603360e-10 1.556373e-10
1.215085e-11 1.148237e-11
1.820126e-12 1.705303e-12
1.143690e-12 1.136868e-12
7.094059e-13 6.821210e-13
6.912160e-13 6.821210e-13
6.980372e-13 6.821210e-13
6.980372e-13 6.821210e-13
6.957634e-13 6.821210e-13
7.025847e-13 6.821210e-13
6.969003e-13 6.821210e-13
6.946266e-13 6.821210e-13
5.843503e-13 5.684342e-13
5.832135e-13 5.684342e-13
5.798029e-13 5.684342e-13
5.695711e-13 5.684342e-13
4.649792e-13 4.547474e-13
4.683898e-13 4.547474e-13
4.808953e-13 4.547474e-13
4.797585e-13 4.547474e-13
4.627054e-13 4.547474e-13
4.604317e-13 4.547474e-13
4.797585e-13 4.547474e-13
4.627054e-13 4.547474e-13
4.263256e-13 3.410605e-13
3.672085e-13 3.410605e-13
3.626610e-13 3.410605e-13
3.728928e-13 3.410605e-13
3.592504e-13 3.410605e-13
3.467449e-13 3.410605e-13
3.547029e-13 3.410605e-13
3.774403e-13 3.410605e-13
3.558398e-13 3.410605e-13
3.478817e-13 3.410605e-13
3.558398e-13 3.410605e-13
3.547029e-13 3.410605e-13
3.535661e-13 3.410605e-13
3.637979e-13 3.410605e-13
3.501555e-13 3.410605e-13
3.547029e-13 3.410605e-13
3.808509e-13 3.410605e-13
3.569767e-13 3.410605e-13
3.512923e-13 3.410605e-13
3.535661e-13 3.410605e-13
3.251444e-13 2.273737e-13
2.546585e-13 2.273737e-13
2.478373e-13 2.273737e-13
2.341949e-13 2.273737e-13
2.432898e-13 2.273737e-13
2.637535e-13 2.273737e-13
2.478373e-13 2.273737e-13
2.398792e-13 2.273737e-13
2.376055e-13 2.273737e-13
2.603429e-13 2.273737e-13
2.455636e-13 2.273737e-13
2.467004e-13 2.273737e-13
2.501110e-13 2.273737e-13
2.592060e-13 2.273737e-13
2.546585e-13 2.273737e-13
2.637535e-13 2.273737e-13
2.410161e-13 2.273737e-13
2.330580e-13 2.273737e-13
2.000888e-13 1.136868e-13
1.477929e-13 1.136868e-13
1.546141e-13 1.136868e-13
1.602984e-13 1.136868e-13
1.352873e-13 1.136868e-13
1.523404e-13 1.136868e-13
1.409717e-13 1.136868e-13
1.375611e-13 1.136868e-13
1.330136e-13 1.136868e-13
1.330136e-13 1.136868e-13
1.568878e-13 1.136868e-13
1.284661e-13 1.136868e-13
1.307399e-13 1.136868e-13
1.273293e-13 1.136868e-13
1.205080e-13 1.136868e-13
1.364242e-13 1.136868e-13
1.352873e-13 1.136868e-13
1.568878e-13 1.136868e-13
1.398348e-13 1.136868e-13
1.375611e-13 1.136868e-13
1.364242e-13 1.136868e-13
1.386979e-13 1.136868e-13
1.296030e-13 1.136868e-13
1.523404e-13 1.136868e-13
1.284661e-13 1.136868e-13
1.250555e-13 1.136868e-13
8.330335e+03 6.152366e+03
4.197995e+01 3.705007e+01
1.714761e+00 1.665430e+00
7.111512e-01 6.715489e-01
8.284222e-02 7.598075e-02
9.482279e-03 8.565803e-03
6.050331e-04 5.693298e-04
5.798574e-05 5.533918e-05
3.314709e-06 3.236316e-06
2.237063e-07 2.182385e-07
2.643467e-08 2.597562e-08
2.563147e-09 2.432444e-09
1.165449e-10 1.151648e-10
6.803020e-12 6.366463e-12
1.349463e-12 1.250555e-12
9.197265e-13 9.094947e-13
9.197265e-13 9.094947e-13
9.185896e-13 9.094947e-13
9.197265e-13 9.094947e-13
8.014922e-13 7.958079e-13
8.139978e-13 7.958079e-13
8.151346e-13 7.958079e-13
8.276402e-13 7.958079e-13
8.083134e-13 7.958079e-13
7.207746e-13 6.821210e-13
6.912160e-13 6.821210e-13
6.957634e-13 6.821210e-13
6.878054e-13 6.821210e-13
6.900791e-13 6.821210e-13
6.878054e-13 6.821210e-13
7.071321e-13 6.821210e-13
6.832579e-13 6.821210e-13
5.934453e-13 5.684342e-13
5.911716e-13 5.684342e-13
5.798029e-13 5.684342e-13
5.786660e-13 5.684342e-13
5.786660e-13 5.684342e-13
5.843503e-13 5.684342e-13
5.900347e-13 5.684342e-13
5.559286e-13 4.547474e-13
4.740741e-13 4.547474e-13
4.581580e-13 4.547474e-13
4.706635e-13 4.547474e-13
4.672529e-13 4.547474e-13
4.638423e-13 4.547474e-13
4.899903e-13 4.547474e-13
4.911271e-13 4.547474e-13
3.979039e-13 3.410605e-13
3.649347e-13 3.410605e-13
3.672085e-13 3.410605e-13
3.558398e-13 3.410605e-13
3.615241e-13 3.410605e-13
3.456080e-13 3.410605e-13
3.547029e-13 3.410605e-13
3.547029e-13 3.410605e-13
3.547029e-13 3.410605e-13
3.444711e-13 3.410605e-13
3.501555e-13 3.410605e-13
3.819878e-13 3.410605e-13
3.683454e-13 3.410605e-13
3.751666e-13 3.410605e-13
3.592504e-13 3.410605e-13
3.637979e-13 3.410605e-13
3.308287e-13 2.273737e-13
2.717115e-13 2.273737e-13
2.535216e-13 2.273737e-13
2.637535e-13 2.273737e-13
2.455636e-13 2.273737e-13
2.432898e-13 2.273737e-13
2.569323e-13 2.273737e-13
2.444267e-13 2.273737e-13
2.398792e-13 2.273737e-13
2.432898e-13 2.273737e-13
2.603429e-13 2.273737e-13
2.296474e-13 2.273737e-13
2.580691e-13 2.273737e-13
2.546585e-13 2.273737e-13
2.478373e-13 2.273737e-13
2.478373e-13 1.136868e-13
1.398348e-13 1.136868e-13
1.546141e-13 1.136868e-13
1.500666e-13 1.136868e-13
1.500666e-13 1.136868e-13
1.568878e-13 1.136868e-13
1.512035e-13 1.136868e-13
1.364242e-13 1.136868e-13
1.352873e-13 1.136868e-13
1.341505e-13 1.136868e-13
1.489298e-13 1.136868e-13
1.341505e-13 1.136868e-13
1.546141e-13 1.136868e-13
1.432454e-13 1.136868e-13
1.523404e-13 1.136868e-13
1.239187e-13 1.136868e-13
1.284661e-13 1.136868e-13
1.307399e-13 1.136868e-13
1.500666e-13 1.136868e-13
1.534772e-13 1.136868e-13
1.352873e-13 1.136868e-13
1.466560e-13 1.136868e-13
1.205080e-13 1.136868e-13
8.339351e+03 5.960025e+03
4.668753e+01 3.820738e+01
1.770147e+00 1.659770e+00
5.770048e-01 5.479738e-01
6.551983e-02 6.301149e-02
8.551269e-03 7.989042e-03
8.910298e-04 8.147982e-04
7.046628e-05 6.866681e-05
4.944482e-06 4.703403e-06
4.932543e-07 4.805646e-07
2.903439e-08 2.795207e-08
2.030072e-09 1.933472e-09
1.569458e-10 1.493845e-10
1.668923e-11 1.625722e-11
2.524985e-12 2.387424e-12
1.030003e-12 1.023182e-12
9.083578e-13 7.958079e-13
8.037659e-13 7.958079e-13
8.003553e-13 7.958079e-13
6.889422e-13 6.821210e-13
7.014478e-13 6.821210e-13
6.946266e-13 6.821210e-13
5.729817e-13 5.684342e-13
5.206857e-13 4.547474e-13
4.661160e-13 4.547474e-13
4.592948e-13 4.547474e-13
4.649792e-13 4.547474e-13
4.649792e-13 4.547474e-13
3.637979e-13 3.410605e-13
3.626610e-13 3.410605e-13
3.581135e-13 3.410605e-13
3.615241e-13 3.410605e-13
3.569767e-13 3.410605e-13
3.512923e-13 3.410605e-13
3.672085e-13 3.410605e-13
3.421974e-13 2.273737e-13
2.887646e-13 2.273737e-13
2.580691e-13 2.273737e-13
2.660272e-13 2.273737e-13
2.478373e-13 2.273737e-13
2.523848e-13 2.273737e-13
2.467004e-13 2.273737e-13
2.421530e-13 2.273737e-13
2.455636e-13 2.273737e-13
2.364686e-13 2.273737e-13
2.512479e-13 2.273737e-13
2.580691e-13 2.273737e-13
2.376055e-13 2.273737e-13
2.410161e-13 2.273737e-13
2.614797e-13 2.273737e-13
2.387424e-13 2.273737e-13
2.410161e-13 2.273737e-13
2.398792e-13 2.273737e-13
2.330580e-13 1.136868e-13
2.239631e-13 1.136868e-13
1.750777e-13 1.136868e-13
1.602984e-13 1.136868e-13
1.705303e-13 1.136868e-13
1.432454e-13 1.136868e-13
1.318767e-13 1.136868e-13
1.250555e-13 1.136868e-13
1.273293e-13 1.136868e-13
1.250555e-13 1.136868e-13
1.239187e-13 1.136868e-13
1.296030e-13 1.136868e-13
1.421085e-13 1.136868e-13
1.591616e-13 1.136868e-13
1.557510e-13 1.136868e-13
1.421085e-13 1.136868e-13
1.352873e-13 1.136868e-13
1.330136e-13 1.136868e-13
1.250555e-13 1.136868e-13
1.318767e-13 1.136868e-13
1.296030e-13 1.136868e-13
1.455192e-13 1.136868e-13
1.261924e-13 1.136868e-13
1.352873e-13 1.136868e-13
1.239187e-13 1.136868e-13
1.386979e-13 1.136868e-13
1.432454e-13 1.136868e-13
1.352873e-13 1.136868e-13
1.239187e-13 1.136868e-13
1.477929e-13 1.136868e-13
1.284661e-13 1.136868e-13
1.352873e-13 1.136868e-13
1.261924e-13 1.136868e-13
1.284661e-13 1.136868e-13
1.250555e-13 1.136868e-13
1.216449e-13 1.136868e-13
1.637090e-13 1.136868e-13
1.398348e-13 1.136868e-13
1.261924e-13 1.136868e-13
1.250555e-13 1.136868e-13
1.296030e-13 1.136868e-13
1.375611e-13 1.136868e-13
1.296030e-13 1.136868e-13
1.568878e-13 1.136868e-13
1.330136e-13 1.136868e-13
1.625722e-13 1.136868e-13
1.375611e-13 1.136868e-13
1.477929e-13 1.136868e-13
8.258323e+03 5.770707e+03
4.915969e+01 4.493906e+01
1.803565e+00 1.694070e+00
7.398585e-01 6.789589e-01
1.096204e-01 1.041293e-01
1.763046e-02 1.656544e-02
1.673410e-03 1.535010e-03
2.553632e-04 2.445825e-04
2.754672e-05 2.597532e-05
3.007997e-06 2.878910e-06
1.984689e-07 1.903228e-07
1.459559e-08 1.395279e-08
1.225845e-09 1.129479e-09
1.434546e-10 1.343778e-10
9.804353e-12 9.208634e-12
1.393801e-12 1.250555e-12
8.037659e-13 7.958079e-13
5.752554e-13 5.684342e-13
5.741185e-13 5.684342e-13
5.786660e-13 5.684342e-13
4.808953e-13 4.547474e-13
4.683898e-13 4.547474e-13
4.615686e-13 4.547474e-13
4.627054e-13 4.547474e-13
4.649792e-13 4.547474e-13
3.967671e-13 3.410605e-13
3.603873e-13 3.410605e-13
3.467449e-13 3.410605e-13
3.581135e-13 3.410605e-13
3.524292e-13 3.410605e-13
3.478817e-13 3.410605e-13
3.490186e-13 3.410605e-13
3.490186e-13 3.410605e-13
3.547029e-13 3.410605e-13
3.456080e-13 3.410605e-13
3.387868e-13 2.273737e-13
2.489742e-13 2.273737e-13
2.432898e-13 2.273737e-13
2.523848e-13 2.273737e-13
2.512479e-13 2.273737e-13
2.569323e-13 2.273737e-13
2.592060e-13 2.273737e-13
2.512479e-13 2.273737e-13
2.410161e-13 2.273737e-13
2.455636e-13 2.273737e-13
2.432898e-13 2.273737e-13
2.432898e-13 2.273737e-13
2.398792e-13 2.273737e-13
2.353318e-13 2.273737e-13
2.319211e-13 2.273737e-13
2.376055e-13 2.273737e-13
2.467004e-13 2.273737e-13
2.353318e-13 2.273737e-13
2.580691e-13 2.273737e-13
2.432898e-13 2.273737e-13
2.398792e-13 2.273737e-13
2.330580e-13 2.273737e-13
2.285105e-13 2.273737e-13
2.307843e-13 2.273737e-13
2.444267e-13 2.273737e-13
2.694378e-13 2.273737e-13
2.467004e-13 2.273737e-13
2.103206e-13 1.136868e-13
1.591616e-13 1.136868e-13
1.648459e-13 1.136868e-13
1.898570e-13 1.136868e-13
1.591616e-13 1.136868e-13
1.580247e-13 1.136868e-13
1.614353e-13 1.136868e-13
1.330136e-13 1.136868e-13
1.443823e-13 1.136868e-13
1.296030e-13 1.136868e-13
1.239187e-13 1.136868e-13
1.386979e-13 1.136868e-13
1.250555e-13 1.136868e-13
1.432454e-13 1.136868e-13
1.443823e-13 1.136868e-13
1.398348e-13 1.136868e-13
1.637090e-13 1.136868e-13
1.671197e-13 1.136868e-13
1.273293e-13 1.136868e-13
1.421085e-13 1.136868e-13
1.591616e-13 1.136868e-13
1.546141e-13 1.136868e-13
1.421085e-13 1.136868e-13
1.466560e-13 1.136868e-13
1.261924e-13 1.136868e-13
1.239187e-13 1.136868e-13
1.341505e-13 1.136868e-13
1.364242e-13 1.136868e-13
1.307399e-13 1.136868e-13
1.284661e-13 1.136868e-13
1.330136e-13 1.136868e-13
1.386979e-13 1.136868e-13
1.602984e-13 1.136868e-13
1.534772e-13 1.136868e-13
1.443823e-13 1.136868e-13
1.330136e-13 1.136868e-13
1.307399e-13 1.136868e-13
1.409717e-13 1.136868e-13
1.261924e-13 1.136868e-13
8.371599e+03 5.811953e+03
4.666738e+01 3.962363e+01
1.793449e+00 1.733277e+00
7.389193e-01 6.999688e-01
1.017419e-01 9.775415e-02
1.356168e-02 1.244563e-02
2.098252e-03 1.868561e-03
1.349667e-04 1.277281e-04
1.032900e-05 9.816161e-06
6.383527e-07 5.914027e-07
3.093528e-08 2.969125e-08
1.909916e-09 1.850822e-09
1.779154e-10 1.730314e-10
2.281922e-11 2.239631e-11
3.052492e-12 2.955858e-12
9.924861e-13 9.094947e-13
8.219558e-13 7.958079e-13
8.083134e-13 7.958079e-13
5.729817e-13 5.684342e-13
5.729817e-13 5.684342e-13
5.763923e-13 5.684342e-13
4.672529e-13 4.547474e-13
4.695266e-13 4.547474e-13
4.774847e-13 4.547474e-13
4.672529e-13 4.547474e-13
4.263256e-13 3.410605e-13
3.558398e-13 3.410605e-13
3.456080e-13 3.410605e-13
3.569767e-13 3.410605e-13
3.512923e-13 3.410605e-13
3.319656e-13 2.273737e-13
2.637535e-13 2.273737e-13
2.467004e-13 2.273737e-13
2.432898e-13 2.273737e-13
2.444267e-13 2.273737e-13
2.751221e-13 2.273737e-13
2.489742e-13 2.273737e-13
2.489742e-13 2.273737e-13
2.330580e-13 2.273737e-13
2.353318e-13 2.273737e-13
2.330580e-13 2.273737e-13
2.398792e-13 2.273737e-13
2.057732e-13 1.136868e-13
1.250555e-13 1.136868e-13
1.421085e-13 1.136868e-13
1.307399e-13 1.136868e-13
1.364242e-13 1.136868e-13
1.432454e-13 1.136868e-13
1.261924e-13 1.136868e-13
1.330136e-13 1.136868e-13
1.318767e-13 1.136868e-13
1.375611e-13 1.136868e-13
1.330136e-13 1.136868e-13
1.296030e-13 1.136868e-13
1.352873e-13 1.136868e-13
1.318767e-13 1.136868e-13
1.398348e-13 1.136868e-13
1.182343e-13 1.136868e-13
1.307399e-13 1.136868e-13
1.205080e-13 1.136868e-13
1.386979e-13 1.136868e-13
1.614353e-13 1.136868e-13
1.398348e-13 1.136868e-13
1.261924e-13 1.136868e-13
1.227818e-13 1.136868e-13
1.341505e-13 1.136868e-13
1.284661e-13 1.136868e-13
1.455192e-13 1.136868e-13
1.455192e-13 1.136868e-13
1.443823e-13 1.136868e-13
1.341505e-13 1.136868e-13
1.386979e-13 1.136868e-13
1.273293e-13 1.136868e-13
1.341505e-13 1.136868e-13
1.250555e-13 1.136868e-13
1.352873e-13 1.136868e-13
1.182343e-13 1.136868e-13
1.409717e-13 1.136868e-13
1.284661e-13 1.136868e-13
1.330136e-13 1.136868e-13
1.500666e-13 1.136868e-13
1.227818e-13 1.136868e-13
1.398348e-13 1.136868e-13
1.193712e-13 1.136868e-13
1.341505e-13 1.136868e-13
1.455192e-13 1.136868e-13
1.273293e-13 1.136868e-13
1.352873e-13 1.136868e-13
1.477929e-13 1.136868e-13
1.375611e-13 1.136868e-13
1.307399e-13 1.136868e-13
1.273293e-13 1.136868e-13
1.318767e-13 1.136868e-13
1.250555e-13 1.136868e-13
1.341505e-13 1.136868e-13
1.523404e-13 1.136868e-13
1.364242e-13 1.136868e-13
1.409717e-13 1.136868e-13
1.364242e-13 1.136868e-13
1.546141e-13 1.136868e-13
1.364242e-13 1.136868e-13
8.252331e+03 5.277560e+03
4.835108e+01 4.409275e+01
1.704901e+00 1.651438e+00
6.588151e-01 6.415868e-01
7.723558e-02 7.329951e-02
8.662517e-03 7.995058e-03
8.792403e-04 8.237238e-04
5.668017e-05 5.401374e-05
3.216227e-06 3.027238e-06
2.212581e-07 2.140266e-07
1.466110e-08 1.432795e-08
1.896103e-09 1.808075e-09
1.172839e-10 1.132321e-10
1.385501e-11 1.318767e-11
1.683702e-12 1.591616e-12
8.151346e-13 7.958079e-13
8.060397e-13 7.958079e-13
6.878054e-13 6.821210e-13
5.866241e-13 5.684342e-13
5.752554e-13 4.547474e-13
4.638423e-13 4.547474e-13
4.638423e-13 4.547474e-13
4.581580e-13 4.547474e-13
3.592504e-13 3.410605e-13
3.660716e-13 3.410605e-13
3.683454e-13 3.410605e-13
3.683454e-13 3.410605e-13
3.456080e-13 3.410605e-13
3.683454e-13 3.410605e-13
3.501555e-13 3.410605e-13
2.989964e-13 2.273737e-13
2.455636e-13 2.273737e-13
2.455636e-13 2.273737e-13
2.432898e-13 2.273737e-13
2.353318e-13 2.273737e-13
2.307843e-13 2.273737e-13
2.330580e-13 2.273737e-13
2.398792e-13 2.273737e-13
2.444267e-13 2.273737e-13
2.296474e-13 2.273737e-13
2.330580e-13 2.273737e-13
2.489742e-13 2.273737e-13
2.694378e-13 2.273737e-13
2.353318e-13 2.273737e-13
2.341949e-13 2.273737e-13
2.444267e-13 2.273737e-13
2.353318e-13 2.273737e-13
2.444267e-13 1.136868e-13
2.125944e-13 1.136868e-13
1.796252e-13 1.136868e-13
1.830358e-13 1.136868e-13
1.648459e-13 1.136868e-13
1.716671e-13 1.136868e-13
1.568878e-13 1.136868e-13
1.739409e-13 1.136868e-13
1.466560e-13 1.136868e-13
1.477929e-13 1.136868e-13
1.261924e-13 1.136868e-13
1.557510e-13 1.136868e-13
1.307399e-13 1.136868e-13
1.364242e-13 1.136868e-13
1.205080e-13 1.136868e-13
1.398348e-13 1.136868e-13
1.284661e-13 1.136868e-13
1.261924e-13 1.136868e-13
1.455192e-13 1.136868e-13
1.409717e-13 1.136868e-13
1.330136e-13 1.136868e-13
1.352873e-13 1.136868e-13
1.296030e-13 1.136868e-13
1.352873e-13 1.136868e-13
1.227818e-13 1.136868e-13
1.557510e-13 1.136868e-13
1.227818e-13 1.136868e-13
1.625722e-13 1.136868e-13
1.284661e-13 1.136868e-13
1.307399e-13 1.136868e-13
1.375611e-13 1.136868e-13
1.284661e-13 1.136868e-13
1.443823e-13 1.136868e-13
1.398348e-13 1.136868e-13
1.443823e-13 1.136868e-13
1.250555e-13 1.136868e-13
1.375611e-13 1.136868e-13
1.296030e-13 1.136868e-13
1.602984e-13 1.136868e-13
1.341505e-13 1.136868e-13
1.534772e-13 1.136868e-13
1.307399e-13 1.136868e-13
1.716671e-13 1.136868e-13
1.330136e-13 1.136868e-13
1.216449e-13 1.136868e-13
1.284661e-13 1.136868e-13
1.261924e-13 1.136868e-13
1.364242e-13 1.136868e-13
1.250555e-13 1.136868e-13
1.250555e-13 1.136868e-13
1.284661e-13 1.136868e-13
1.409717e-13 1.136868e-13
1.534772e-13 1.136868e-13
1.375611e-13 1.136868e-13
8.396573e+03 5.578658e+03
4.117172e+01 3.414174e+01
1.350198e+00 1.285551e+00
4.266698e-01 3.979405e-01
2.533958e-02 2.367571e-02
2.301852e-03 2.202555e-03
2.635683e-04 2.475257e-04
2.234198e-05 2.149426e-05
4.578281e-06 4.516356e-06
5.949734e-07 5.646395e-07
5.899257e-08 5.614800e-08
5.922333e-09 5.754600e-09
1.168720e-09 1.142325e-09
1.916510e-10 1.895160e-10
2.806814e-11 2.751221e-11
3.429932e-12 3.183231e-12
9.140422e-13 9.094947e-13
7.969447e-13 7.958079e-13
6.969003e-13 6.821210e-13
6.957634e-13 6.821210e-13
5.798029e-13 5.684342e-13
4.786216e-13 4.547474e-13
4.729372e-13 4.547474e-13
4.740741e-13 4.547474e-13
4.763479e-13 4.547474e-13
4.820322e-13 4.547474e-13
4.638423e-13 4.547474e-13
4.695266e-13 4.547474e-13
4.661160e-13 4.547474e-13
4.706635e-13 4.547474e-13
4.217782e-13 3.410605e-13
3.569767e-13 3.410605e-13
3.524292e-13 3.410605e-13
3.524292e-13 3.410605e-13
3.524292e-13 3.410605e-13
3.660716e-13 3.410605e-13
3.342393e-13 2.273737e-13
2.796696e-13 2.273737e-13
2.421530e-13 2.273737e-13
2.444267e-13 2.273737e-13
2.387424e-13 2.273737e-13
2.296474e-13 2.273737e-13
2.512479e-13 2.273737e-13
2.341949e-13 2.273737e-13
2.512479e-13 2.273737e-13
2.580691e-13 2.273737e-13
2.387424e-13 2.273737e-13
2.569323e-13 2.273737e-13
2.614797e-13 2.273737e-13
2.444267e-13 2.273737e-13
2.398792e-13 2.273737e-13
2.353318e-13 2.273737e-13
2.512479e-13 2.273737e-13
2.398792e-13 2.273737e-13
2.364686e-13 2.273737e-13
2.432898e-13 2.273737e-13
2.398792e-13 2.273737e-13
2.444267e-13 2.273737e-13
2.353318e-13 2.273737e-13
2.557954e-13 2.273737e-13
2.489742e-13 2.273737e-13
2.603429e-13 2.273737e-13
1.409717e-13 1.136868e-13
1.705303e-13 1.136868e-13
1.455192e-13 1.136868e-13
1.477929e-13 1.136868e-13
1.341505e-13 1.136868e-13
1.409717e-13 1.136868e-13
1.239187e-13 1.136868e-13
1.364242e-13 1.136868e-13
1.398348e-13 1.136868e-13
1.352873e-13 1.136868e-13
1.398348e-13 1.136868e-13
1.330136e-13 1.136868e-13
1.443823e-13 1.136868e-13
1.455192e-13 1.136868e-13
1.341505e-13 1.136868e-13
1.443823e-13 1.136868e-13
1.341505e-13 1.136868e-13
1.296030e-13 1.136868e-13
1.318767e-13 1.136868e-13
1.216449e-13 1.136868e-13
1.352873e-13 1.136868e-13
1.443823e-13 1.136868e-13
1.375611e-13 1.136868e-13
1.318767e-13 1.136868e-13
1.239187e-13 1.136868e-13
1.398348e-13 1.136868e-13
1.307399e-13 1.136868e-13
1.432454e-13 1.136868e-13
1.364242e-13 1.136868e-13
1.432454e-13 1.136868e-13
1.534772e-13 1.136868e-13
1.432454e-13 1.136868e-13
1.398348e-13 1.136868e-13
1.591616e-13 1.136868e-13
1.364242e-13 1.136868e-13
1.364242e-13 1.136868e-13
1.534772e-13 1.136868e-13
1.421085e-13 1.136868e-13
1.216449e-13 1.136868e-13
8.206100e+03 6.242851e+03
4.809003e+01 4.347406e+01
1.728557e+00 1.658502e+00
6.142469e-01 5.742316e-01
6.216332e-02 5.930387e-02
1.393960e-02 1.373814e-02
8.424070e-03 8.335590e-03
7.456304e-03 7.452476e-03
7.399966e-03 7.399738e-03
7.396272e-03 7.396266e-03
7.396077e-03 7.396076e-03
7.396046e-03 7.396046e-03
7.396041e-03 7.396041e-03
7.396040e-03 7.396040e-03
7.396040e-03 7.396040e-03
7.396040e-03 7.396040e-03
7.396040e-03 7.396040e-03
7.396040e-03 7.396040e-03
7.396040e-03 7.396040e-03
7.396040e-03 7.396040e-03
7.396040e-03 7.396040e-03
7.396040e-03 7.396040e-03
7.396040e-03 7.396040e-03
7.396040e-03 7.396040e-03
7.396040e-03 7.396040e-03
7.396040e-03 7.396040e-03
7.396040e-03 7.396040e-03
7.396040e-03 7.396040e-03
7.396040e-03 7.396040e-03
7.396040e-03 7.396040e-03
7.396040e-03 7.396040e-03
7.396040e-03 7.396040e-03
7.396040e-03 7.396040e-03
7.396040e-03 7.396040e-03
7.396040e-03 7.396040e-03
7.396040e-03 7.396040e-03
7.396040e-03 7.396040e-03
7.396040e-03 7.396040e-03
7.396040e-03 7.396040e-03
7.396040e-03 7.396040e-03
7.396040e-03 7.396040e-03
7.396040e-03 7.396040e-03
7.396040e-03 7.396040e-03
7.396040e-03 7.396040e-03
7.396040e-03 7.396040e-03
7.396040e-03 7.396040e-03
7.396040e-03 7.396040e-03
7.396040e-03 7.396040e-03
7.396040e-03 7.396040e-03
7.396040e-03 7.396040e-03
7.396040e-03 7.396040e-03
7.396040e-03 7.396040e-03
7.396040e-03 7.396040e-03
7.396040e-03 7.396040e-03
7.396040e-03 7.396040e-03
7.396040e-03 7.396040e-03
7.396040e-03 7.396040e-03
7.396040e-03 7.396040e-03
7.396040e-03 7.396040e-03
7.396040e-03 7.396040e-03
7.396040e-03 7.396040e-03
7.396040e-03 7.396040e-03
7.396040e-03 7.396040e-03
7.396040e-03 7.396040e-03
7.396040e-03 7.396040e-03
7.396040e-03 7.396040e-03
7.396040e-03 7.396040e-03
7.396040e-03 7.396040e-03
7.396040e-03 7.396040e-03
7.396040e-03 7.396040e-03
7.396040e-03 7.396040e-03
7.396040e-03 7.396040e-03
7.396040e-03 7.396040e-03
7.396040e-03 7.396040e-03
7.396040e-03 7.396040e-03
7.396040e-03 7.396040e-03
7.396040e-03 7.396040e-03
7.396040e-03 7.396040e-03
7.396040e-03 7.396040e-03
7.396040e-03 7.396040e-03
7.396040e-03 7.396040e-03
7.396040e-03 7.396040e-03
7.396040e-03 7.396040e-03
7.396040e-03 7.396040e-03
7.396040e-03 7.396040e-03
7.396040e-03 7.396040e-03
7.396040e-03 7.396040e-03
7.396040e-03 7.396040e-03
7.396040e-03 7.396040e-03
7.396040e-03 7.396040e-03
7.396040e-03 7.396040e-03
7.396040e-03 7.396040e-03
7.396040e-03 7.396040e-03
7.396040e-03 7.396040e-03
7.396040e-03 7.396040e-03
7.396040e-03 7.396040e-03
7.396040e-03 7.396040e-03
7.396040e-03 7.396040e-03
7.396040e-03 7.396040e-03
7.396040e-03 7.396040e-03
7.396040e-03 7.396040e-03
8.178812e+03 5.196777e+03
3.457358e+01 3.048759e+01
1.520907e+00 1.447179e+00
5.120434e-01 4.661075e-01
6.069890e-02 5.839223e-02
5.640639e-03 5.298130e-03
4.845921e-04 4.391687e-04
3.460653e-05 3.244429e-05
3.747196e-06 3.603579e-06
2.696979e-07 2.546949e-07
2.306210e-08 2.177524e-08
1.849487e-09 1.785452e-09
1.330102e-10 1.285798e-10
1.653348e-11 1.602984e-11
2.839897e-12 2.728484e-12
1.407443e-12 1.364242e-12
1.286935e-12 1.250555e-12
1.027729e-12 1.023182e-12
1.032276e-12 1.023182e-12
1.045919e-12 1.023182e-12
1.055014e-12 1.023182e-12
1.040235e-12 1.023182e-12
1.040235e-12 1.023182e-12
1.049330e-12 1.023182e-12
1.048193e-12 1.023182e-12
1.033413e-12 1.023182e-12
9.254109e-13 9.094947e-13
8.810730e-13 7.958079e-13
5.695711e-13 5.684342e-13
5.741185e-13 5.684342e-13
4.615686e-13 4.547474e-13
4.774847e-13 4.547474e-13
4.467893e-13 3.410605e-13
3.785772e-13 3.410605e-13
3.512923e-13 3.410605e-13
3.626610e-13 3.410605e-13
3.512923e-13 3.410605e-13
3.535661e-13 3.410605e-13
3.581135e-13 3.410605e-13
3.615241e-13 3.410605e-13
3.080913e-13 2.273737e-13
2.501110e-13 2.273737e-13
2.501110e-13 2.273737e-13
2.455636e-13 2.273737e-13
2.467004e-13 2.273737e-13
2.421530e-13 2.273737e-13
2.478373e-13 2.273737e-13
2.444267e-13 2.273737e-13
2.546585e-13 2.273737e-13
2.398792e-13 2.273737e-13
2.592060e-13 2.273737e-13
2.444267e-13 2.273737e-13
2.501110e-13 2.273737e-13
2.376055e-13 2.273737e-13
2.819434e-13 2.273737e-13
2.546585e-13 2.273737e-13
2.387424e-13 2.273737e-13
2.341949e-13 2.273737e-13
2.512479e-13 2.273737e-13
2.421530e-13 2.273737e-13
2.535216e-13 2.273737e-13
2.205525e-13 1.136868e-13
1.818989e-13 1.136868e-13
1.716671e-13 1.136868e-13
2.137313e-13 1.136868e-13
1.784883e-13 1.136868e-13
1.864464e-13 1.136868e-13
1.864464e-13 1.136868e-13
2.137313e-13 1.136868e-13
1.682565e-13 1.136868e-13
1.841727e-13 1.136868e-13
1.796252e-13 1.136868e-13
1.955414e-13 1.136868e-13
1.580247e-13 1.136868e-13
1.421085e-13 1.136868e-13
1.614353e-13 1.136868e-13
1.648459e-13 1.136868e-13
1.455192e-13 1.136868e-13
1.273293e-13 1.136868e-13
1.534772e-13 1.136868e-13
1.455192e-13 1.136868e-13
1.477929e-13 1.136868e-13
1.205080e-13 1.136868e-13
1.773515e-13 1.136868e-13
1.398348e-13 1.136868e-13
1.512035e-13 1.136868e-13
1.625722e-13 1.136868e-13
1.421085e-13 1.136868e-13
1.500666e-13 1.136868e-13
1.568878e-13 1.136868e-13
1.330136e-13 1.136868e-13
1.398348e-13 1.136868e-13
1.682565e-13 1.136868e-13
1.625722e-13 1.136868e-13
1.421085e-13 1.136868e-13
1.591616e-13 1.136868e-13
1.409717e-13 1.136868e-13
1.500666e-13 1.136868e-13
1.375611e-13 1.136868e-13
1.602984e-13 1.136868e-13
1.443823e-13 1.136868e-13
8.277209e+03 6.211199e+03
5.153568e+01 4.399673e+01
1.733500e+00 1.650153e+00
5.474025e-01 5.264027e-01
4.936032e-02 4.487728e-02
6.816855e-03 6.329610e-03
1.032747e-03 9.974624e-04
1.440689e-04 1.319234e-04
8.994309e-06 8.372882e-06
4.504276e-07 4.281713e-07
3.440221e-08 3.325999e-08
3.676888e-09 3.555328e-09
2.725824e-10 2.547722e-10
4.180833e-11 4.115464e-11
1.329113e-11 1.330136e-11
1.577973e-12 1.477929e-12
9.185896e-13 9.094947e-13
8.105872e-13 7.958079e-13
6.923528e-13 6.821210e-13
5.786660e-13 5.684342e-13
5.786660e-13 5.684342e-13
5.832135e-13 5.684342e-13
5.775291e-13 5.684342e-13
5.456968e-13 4.547474e-13
4.706635e-13 4.547474e-13
4.808953e-13 4.547474e-13
4.615686e-13 3.410605e-13
4.422418e-13 3.410605e-13
3.717560e-13 3.410605e-13
3.728928e-13 3.410605e-13
3.672085e-13 3.410605e-13
3.683454e-13 3.410605e-13
3.615241e-13 3.410605e-13
3.547029e-13 3.410605e-13
3.672085e-13 3.410605e-13
3.535661e-13 3.410605e-13
3.569767e-13 3.410605e-13
3.490186e-13 3.410605e-13
3.569767e-13 3.410605e-13
3.706191e-13 3.410605e-13
3.228706e-13 2.273737e-13
2.467004e-13 2.273737e-13
2.523848e-13 2.273737e-13
2.535216e-13 2.273737e-13
2.694378e-13 2.273737e-13
2.455636e-13 2.273737e-13
2.614797e-13 2.273737e-13
2.478373e-13 2.273737e-13
2.546585e-13 2.273737e-13
2.376055e-13 2.273737e-13
2.444267e-13 2.273737e-13
2.626166e-13 2.273737e-13
2.785328e-13 2.273737e-13
2.307843e-13 2.273737e-13
2.307843e-13 2.273737e-13
2.330580e-13 2.273737e-13
2.444267e-13 2.273737e-13
2.489742e-13 2.273737e-13
2.637535e-13 2.273737e-13
2.307843e-13 2.273737e-13
2.398792e-13 2.273737e-13
2.512479e-13 2.273737e-13
2.387424e-13 2.273737e-13
2.444267e-13 2.273737e-13
2.557954e-13 2.273737e-13
2.387424e-13 2.273737e-13
2.614797e-13 2.273737e-13
2.239631e-13 1.136868e-13
1.568878e-13 1.136868e-13
1.512035e-13 1.136868e-13
1.409717e-13 1.136868e-13
1.443823e-13 1.136868e-13
1.466560e-13 1.136868e-13
1.591616e-13 1.136868e-13
1.546141e-13 1.136868e-13
1.421085e-13 1.136868e-13
1.341505e-13 1.136868e-13
1.296030e-13 1.136868e-13
1.443823e-13 1.136868e-13
1.296030e-13 1.136868e-13
1.261924e-13 1.136868e-13
1.409717e-13 1.136868e-13
1.307399e-13 1.136868e-13
1.318767e-13 1.136868e-13
1.341505e-13 1.136868e-13
1.250555e-13 1.136868e-13
1.386979e-13 1.136868e-13
1.227818e-13 1.136868e-13
1.398348e-13 1.136868e-13
1.386979e-13 1.136868e-13
1.352873e-13 1.136868e-13
1.477929e-13 1.136868e-13
1.432454e-13 1.136868e-13
1.296030e-13 1.136868e-13
1.523404e-13 1.136868e-13
1.239187e-13 1.136868e-13
1.250555e-13 1.136868e-13
1.284661e-13 1.136868e-13
1.352873e-13 1.136868e-13
1.284661e-13 1.136868e-13
1.261924e-13 1.136868e-13
8.360834e+03 5.342494e+03
3.851124e+01 3.466655e+01
1.521442e+00 1.459509e+00
6.339885e-01 6.176177e-01
7.070213e-02 6.653821e-02
5.665314e-03 5.404754e-03
6.710095e-04 6.568839e-04
7.531511e-05 6.995903e-05
8.534464e-06 8.136472e-06
5.422897e-07 5.197669e-07
4.466193e-08 4.421145e-08
6.973380e-09 6.648293e-09
3.536525e-10 3.390142e-10
4.933327e-11 4.820322e-11
6.695018e-12 6.366463e-12
8.162715e-13 7.958079e-13
7.025847e-13 6.821210e-13
5.786660e-13 5.684342e-13
4.604317e-13 4.547474e-13
4.615686e-13 4.547474e-13
4.649792e-13 4.547474e-13
3.615241e-13 3.410605e-13
3.581135e-13 3.410605e-13
3.535661e-13 3.410605e-13
3.581135e-13 3.410605e-13
3.637979e-13 3.410605e-13
3.751666e-13 3.410605e-13
3.694822e-13 3.410605e-13
3.478817e-13 3.410605e-13
3.478817e-13 3.410605e-13
3.592504e-13 3.410605e-13
2.819434e-13 2.273737e-13
2.467004e-13 2.273737e-13
2.489742e-13 2.273737e-13
2.421530e-13 2.273737e-13
2.557954e-13 2.273737e-13
2.535216e-13 2.273737e-13
2.614797e-13 2.273737e-13
2.557954e-13 2.273737e-13
2.455636e-13 2.273737e-13
2.637535e-13 2.273737e-13
2.387424e-13 2.273737e-13
2.467004e-13 2.273737e-13
2.444267e-13 2.273737e-13
2.364686e-13 2.273737e-13
2.410161e-13 2.273737e-13
2.376055e-13 2.273737e-13
2.398792e-13 2.273737e-13
2.387424e-13 2.273737e-13
2.467004e-13 2.273737e-13
2.410161e-13 2.273737e-13
2.341949e-13 2.273737e-13
2.398792e-13 2.273737e-13
2.364686e-13 2.273737e-13
2.376055e-13 2.273737e-13
2.341949e-13 2.273737e-13
2.501110e-13 2.273737e-13
2.307843e-13 2.273737e-13
2.387424e-13 2.273737e-13
2.376055e-13 2.273737e-13
2.535216e-13 2.273737e-13
2.467004e-13 2.273737e-13
2.319211e-13 2.273737e-13
2.410161e-13 2.273737e-13
2.455636e-13 2.273737e-13
2.410161e-13 2.273737e-13
2.569323e-13 2.273737e-13
3.080913e-13 2.273737e-13
2.580691e-13 2.273737e-13
2.080469e-13 1.136868e-13
2.285105e-13 1.136868e-13
2.330580e-13 1.136868e-13
1.557510e-13 1.136868e-13
1.875833e-13 1.136868e-13
1.716671e-13 1.136868e-13
1.830358e-13 1.136868e-13
1.784883e-13 1.136868e-13
1.807621e-13 1.136868e-13
1.625722e-13 1.136868e-13
1.693934e-13 1.136868e-13
1.432454e-13 1.136868e-13
1.830358e-13 1.136868e-13
1.648459e-13 1.136868e-13
1.909939e-13 1.136868e-13
1.648459e-13 1.136868e-13
1.796252e-13 1.136868e-13
1.671197e-13 1.136868e-13
1.602984e-13 1.136868e-13
1.489298e-13 1.136868e-13
1.648459e-13 1.136868e-13
1.716671e-13 1.136868e-13
1.500666e-13 1.136868e-13
1.602984e-13 1.136868e-13
1.602984e-13 1.136868e-13
2.012257e-13 1.136868e-13
1.909939e-13 1.136868e-13
1.705303e-13 1.136868e-13
1.602984e-13 1.136868e-13
1.432454e-13 1.136868e-13
1.648459e-13 1.136868e-13
1.489298e-13 1.136868e-13
8.445397e+03 5.733956e+03
4.199374e+01 3.512359e+01
1.575244e+00 1.491582e+00
4.989442e-01 4.819151e-01
5.880192e-02 5.623601e-02
3.882480e-03 3.628808e-03
2.814739e-04 2.698733e-04
2.686721e-05 2.544464e-05
1.812800e-06 1.685959e-06
1.416663e-07 1.381341e-07
1.030144e-08 1.002093e-08
7.603671e-10 7.275958e-10
8.565507e-11 8.037659e-11
8.608367e-12 7.730705e-12
1.396074e-12 1.364242e-12
1.195986e-12 1.136868e-12
8.071765e-13 7.958079e-13
8.037659e-13 7.958079e-13
6.923528e-13 6.821210e-13
6.764367e-13 5.684342e-13
4.638423e-13 4.547474e-13
3.569767e-13 3.410605e-13
3.524292e-13 3.410605e-13
3.421974e-13 2.273737e-13
2.455636e-13 2.273737e-13
2.432898e-13 2.273737e-13
2.444267e-13 2.273737e-13
2.364686e-13 2.273737e-13
2.648903e-13 2.273737e-13
2.432898e-13 2.273737e-13
2.512479e-13 2.273737e-13
2.330580e-13 2.273737e-13
2.546585e-13 2.273737e-13
2.353318e-13 2.273737e-13
2.398792e-13 2.273737e-13
2.341949e-13 2.273737e-13
2.444267e-13 2.273737e-13
2.364686e-13 2.273737e-13
2.410161e-13 2.273737e-13
2.444267e-13 2.273737e-13
2.341949e-13 1.136868e-13
2.012257e-13 1.136868e-13
1.818989e-13 1.136868e-13
1.659828e-13 1.136868e-13
1.716671e-13 1.136868e-13
1.534772e-13 1.136868e-13
1.648459e-13 1.136868e-13
1.443823e-13 1.136868e-13
1.307399e-13 1.136868e-13
1.602984e-13 1.136868e-13
1.307399e-13 1.136868e-13
1.273293e-13 1.136868e-13
1.273293e-13 1.136868e-13
1.364242e-13 1.136868e-13
1.443823e-13 1.136868e-13
1.489298e-13 1.136868e-13
1.273293e-13 1.136868e-13
1.330136e-13 1.136868e-13
1.512035e-13 1.136868e-13
1.432454e-13 1.136868e-13
1.250555e-13 1.136868e-13
1.500666e-13 1.136868e-13
1.580247e-13 1.136868e-13
1.534772e-13 1.136868e-13
1.432454e-13 1.136868e-13
1.375611e-13 1.136868e-13
1.432454e-13 1.136868e-13
1.273293e-13 1.136868e-13
1.398348e-13 1.136868e-13
1.375611e-13 1.136868e-13
1.557510e-13 1.136868e-13
1.386979e-13 1.136868e-13
1.216449e-13 1.136868e-13
1.659828e-13 1.136868e-13
1.568878e-13 1.136868e-13
1.466560e-13 1.136868e-13
1.466560e-13 1.136868e-13
1.341505e-13 1.136868e-13
1.239187e-13 1.136868e-13
1.500666e-13 1.136868e-13
1.512035e-13 1.136868e-13
1.330136e-13 1.136868e-13
1.398348e-13 1.136868e-13
1.466560e-13 1.136868e-13
1.307399e-13 1.136868e-13
1.386979e-13 1.136868e-13
1.591616e-13 1.136868e-13
1.318767e-13 1.136868e-13
1.557510e-13 1.136868e-13
1.330136e-13 1.136868e-13
1.364242e-13 1.136868e-13
1.546141e-13 1.136868e-13
1.512035e-13 1.136868e-13
1.227818e-13 1.136868e-13
1.307399e-13 1.136868e-13
1.352873e-13 1.136868e-13
1.352873e-13 1.136868e-13
1.330136e-13 1.136868e-13
1.466560e-13 1.136868e-13
1.398348e-13 1.136868e-13
1.330136e-13 1.136868e-13
8.568370e+03 5.456279e+03
3.552190e+01 3.245335e+01
1.675429e+00 1.585944e+00
6.251566e-01 5.699903e-01
5.949463e-02 5.561900e-02
4.441107e-03 4.281398e-03
3.870683e-04 3.704399e-04
2.298380e-05 2.241386e-05
1.427726e-06 1.373602e-06
2.094930e-07 2.048050e-07
1.917314e-08 1.803346e-08
1.681833e-09 1.606168e-09
1.645128e-10 1.565468e-10
1.673016e-11 1.625722e-11
1.919034e-12 1.818989e-12
1.032276e-12 1.023182e-12
1.039098e-12 1.023182e-12
9.367795e-13 9.094947e-13
8.071765e-13 7.958079e-13
7.457857e-13 6.821210e-13
6.912160e-13 6.821210e-13
7.048584e-13 6.821210e-13
5.809397e-13 5.684342e-13
5.979928e-13 5.684342e-13
5.775291e-13 5.684342e-13
5.798029e-13 5.684342e-13
5.911716e-13 5.684342e-13
4.740741e-13 4.547474e-13
4.581580e-13 4.547474e-13
4.627054e-13 4.547474e-13
4.013145e-13 3.410605e-13
3.501555e-13 3.410605e-13
3.558398e-13 3.410605e-13
3.672085e-13 3.410605e-13
3.558398e-13 3.410605e-13
3.524292e-13 3.410605e-13
3.581135e-13 3.410605e-13
3.547029e-13 3.410605e-13
3.637979e-13 3.410605e-13
3.421974e-13 2.273737e-13
3.001333e-13 2.273737e-13
2.489742e-13 2.273737e-13
2.421530e-13 2.273737e-13
2.569323e-13 2.273737e-13
2.421530e-13 2.273737e-13
2.455636e-13 2.273737e-13
2.376055e-13 2.273737e-13
2.387424e-13 2.273737e-13
2.444267e-13 2.273737e-13
2.603429e-13 2.273737e-13
2.557954e-13 2.273737e-13
2.330580e-13 2.273737e-13
2.467004e-13 2.273737e-13
2.353318e-13 2.273737e-13
2.455636e-13 2.273737e-13
2.398792e-13 2.273737e-13
2.592060e-13 2.273737e-13
2.444267e-13 2.273737e-13
2.478373e-13 2.273737e-13
2.557954e-13 2.273737e-13
2.341949e-13 2.273737e-13
2.694378e-13 2.273737e-13
2.592060e-13 2.273737e-13
2.455636e-13 2.273737e-13
2.705747e-13 2.273737e-13
2.137313e-13 1.136868e-13
1.421085e-13 1.136868e-13
1.477929e-13 1.136868e-13
1.432454e-13 1.136868e-13
1.318767e-13 1.136868e-13
1.318767e-13 1.136868e-13
1.261924e-13 1.136868e-13
1.364242e-13 1.136868e-13
1.455192e-13 1.136868e-13
1.261924e-13 1.136868e-13
1.250555e-13 1.136868e-13
1.512035e-13 1.136868e-13
1.375611e-13 1.136868e-13
1.580247e-13 1.136868e-13
1.375611e-13 1.136868e-13
1.614353e-13 1.136868e-13
1.602984e-13 1.136868e-13
1.261924e-13 1.136868e-13
1.568878e-13 1.136868e-13
1.421085e-13 1.136868e-13
1.455192e-13 1.136868e-13
1.409717e-13 1.136868e-13
1.671197e-13 1.136868e-13
1.500666e-13 1.136868e-13
1.421085e-13 1.136868e-13
1.534772e-13 1.136868e-13
1.398348e-13 1.136868e-13
1.205080e-13 1.136868e-13
1.250555e-13 1.136868e-13
1.330136e-13 1.136868e-13
1.443823e-13 1.136868e-13
1.432454e-13 1.136868e-13
1.398348e-13 1.136868e-13
1.239187e-13 1.136868e-13
1.625722e-13 1.136868e-13
1.409717e-13 1.136868e-13
8.266771e+03 6.166641e+03
2.449753e+01 2.019780e+01
1.336432e+00 1.296276e+00
3.415218e-01 3.092677e-01
3.791045e-02 3.636468e-02
5.567173e-03 5.173716e-03
5.561504e-04 5.455338e-04
4.864250e-05 4.745907e-05
3.675916e-06 3.550800e-06
4.080427e-07 3.973123e-07
3.024053e-08 2.916636e-08
3.133007e-09 3.051923e-09
3.358809e-10 3.204832e-10
3.499167e-11 3.296918e-11
3.816467e-12 3.751666e-12
9.424639e-13 9.094947e-13
6.969003e-13 6.821210e-13
5.809397e-13 5.684342e-13
4.729372e-13 4.547474e-13
4.729372e-13 4.547474e-13
4.627054e-13 4.547474e-13
4.695266e-13 4.547474e-13
3.728928e-13 3.410605e-13
3.547029e-13 3.410605e-13
3.592504e-13 3.410605e-13
3.512923e-13 3.410605e-13
3.581135e-13 3.410605e-13
3.456080e-13 3.410605e-13
3.569767e-13 3.410605e-13
3.603873e-13 3.410605e-13
3.490186e-13 3.410605e-13
3.751666e-13 3.410605e-13
2.489742e-13 2.273737e-13
2.580691e-13 2.273737e-13
2.523848e-13 2.273737e-13
2.353318e-13 2.273737e-13
2.512479e-13 2.273737e-13
2.444267e-13 2.273737e-13
2.421530e-13 2.273737e-13
2.410161e-13 2.273737e-13
2.398792e-13 2.273737e-13
2.455636e-13 2.273737e-13
2.501110e-13 2.273737e-13
2.387424e-13 2.273737e-13
2.467004e-13 2.273737e-13
2.569323e-13 2.273737e-13
2.387424e-13 2.273737e-13
2.330580e-13 2.273737e-13
2.205525e-13 1.136868e-13
1.364242e-13 1.136868e-13
1.421085e-13 1.136868e-13
1.352873e-13 1.136868e-13
1.432454e-13 1.136868e-13
1.307399e-13 1.136868e-13
1.318767e-13 1.136868e-13
1.205080e-13 1.136868e-13
1.455192e-13 1.136868e-13
1.318767e-13 1.136868e-13
1.398348e-13 1.136868e-13
1.318767e-13 1.136868e-13
1.523404e-13 1.136868e-13
1.284661e-13 1.136868e-13
1.375611e-13 1.136868e-13
1.318767e-13 1.136868e-13
1.193712e-13 1.136868e-13
1.341505e-13 1.136868e-13
1.250555e-13 1.136868e-13
1.284661e-13 1.136868e-13
1.455192e-13 1.136868e-13
1.386979e-13 1.136868e-13
1.409717e-13 1.136868e-13
1.182343e-13 1.136868e-13
1.386979e-13 1.136868e-13
1.307399e-13 1.136868e-13
1.250555e-13 1.136868e-13
1.500666e-13 1.136868e-13
1.318767e-13 1.136868e-13
1.330136e-13 1.136868e-13
1.625722e-13 1.136868e-13
1.227818e-13 1.136868e-13
1.375611e-13 1.136868e-13
1.216449e-13 1.136868e-13
1.500666e-13 1.136868e-13
1.261924e-13 1.136868e-13
1.580247e-13 1.136868e-13
1.682565e-13 1.136868e-13
1.386979e-13 1.136868e-13
1.489298e-13 1.136868e-13
1.307399e-13 1.136868e-13
1.364242e-13 1.136868e-13
1.261924e-13 1.136868e-13
1.421085e-13 1.136868e-13
1.261924e-13 1.136868e-13
1.261924e-13 1.136868e-13
1.318767e-13 1.136868e-13
1.432454e-13 1.136868e-13
1.341505e-13 1.136868e-13
1.466560e-13 1.136868e-13
1.250555e-13 1.136868e-13
1.216449e-13 1.136868e-13
1.307399e-13 1.136868e-13
8.443477e+03 5.946026e+03
4.208110e+01 3.707666e+01
1.551561e+00 1.500651e+00
6.214469e-01 5.958970e-01
5.129440e-02 4.736390e-02
5.049976e-03 4.743497e-03
7.297394e-04 6.792167e-04
5.027313e-05 4.813103e-05
2.847405e-06 2.709913e-06
3.362751e-07 3.274549e-07
2.403013e-08 2.342381e-08
2.643608e-09 2.552042e-09
3.146283e-10 3.086598e-10
3.075570e-11 2.978595e-11
7.329390e-12 7.162271e-12
1.199396e-12 1.136868e-12
8.174084e-13 7.958079e-13
5.718448e-13 4.547474e-13
4.718004e-13 4.547474e-13
3.512923e-13 3.410605e-13
3.683454e-13 3.410605e-13
3.649347e-13 3.410605e-13
3.831246e-13 3.410605e-13
3.615241e-13 3.410605e-13
3.649347e-13 3.410605e-13
3.694822e-13 3.410605e-13
3.558398e-13 3.410605e-13
3.637979e-13 3.410605e-13
3.603873e-13 3.410605e-13
2.387424e-13 2.273737e-13
2.410161e-13 2.273737e-13
2.432898e-13 2.273737e-13
2.364686e-13 2.273737e-13
2.444267e-13 2.273737e-13
2.478373e-13 2.273737e-13
2.319211e-13 2.273737e-13
2.398792e-13 2.273737e-13
2.432898e-13 2.273737e-13
2.455636e-13 2.273737e-13
2.398792e-13 2.273737e-13
2.421530e-13 2.273737e-13
2.341949e-13 2.273737e-13
2.319211e-13 2.273737e-13
2.330580e-13 2.273737e-13
2.432898e-13 2.273737e-13
2.546585e-13 2.273737e-13
2.546585e-13 2.273737e-13
2.376055e-13 2.273737e-13
2.250999e-13 1.136868e-13
1.921308e-13 1.136868e-13
1.637090e-13 1.136868e-13
2.080469e-13 1.136868e-13
1.477929e-13 1.136868e-13
1.762146e-13 1.136868e-13
1.273293e-13 1.136868e-13
1.273293e-13 1.136868e-13
1.443823e-13 1.136868e-13
1.489298e-13 1.136868e-13
1.489298e-13 1.136868e-13
1.296030e-13 1.136868e-13
1.523404e-13 1.136868e-13
1.216449e-13 1.136868e-13
1.386979e-13 1.136868e-13
1.250555e-13 1.136868e-13
1.330136e-13 1.136868e-13
1.409717e-13 1.136868e-13
1.341505e-13 1.136868e-13
1.318767e-13 1.136868e-13
1.398348e-13 1.136868e-13
1.386979e-13 1.136868e-13
1.296030e-13 1.136868e-13
1.182343e-13 1.136868e-13
1.284661e-13 1.136868e-13
1.318767e-13 1.136868e-13
1.398348e-13 1.136868e-13
1.386979e-13 1.136868e-13
1.546141e-13 1.136868e-13
1.318767e-13 1.136868e-13
1.364242e-13 1.136868e-13
1.466560e-13 1.136868e-13
1.512035e-13 1.136868e-13
1.648459e-13 1.136868e-13
1.466560e-13 1.136868e-13
1.352873e-13 1.136868e-13
1.307399e-13 1.136868e-13
1.489298e-13 1.136868e-13
1.352873e-13 1.136868e-13
1.443823e-13 1.136868e-13
1.352873e-13 1.136868e-13
1.364242e-13 1.136868e-13
1.239187e-13 1.136868e-13
1.466560e-13 1.136868e-13
1.375611e-13 1.136868e-13
1.500666e-13 1.136868e-13
1.455192e-13 1.136868e-13
1.477929e-13 1.136868e-13
1.398348e-13 1.136868e-13
1.386979e-13 1.136868e-13
1.443823e-13 1.136868e-13
1.512035e-13 1.136868e-13
1.386979e-13 1.136868e-13
8.234232e+03 5.839313e+03
3.117341e+01 2.687029e+01
1.445456e+00 1.392091e+00
3.975128e-01 3.627611e-01
2.886272e-02 2.643960e-02
3.197162e-03 3.081110e-03
2.235233e-04 2.120890e-04
1.470632e-05 1.414936e-05
1.057726e-06 9.818900e-07
1.061265e-07 1.035236e-07
1.086085e-08 1.008664e-08
1.403874e-09 1.361514e-09
1.778062e-10 1.748504e-10
2.173692e-11 2.057732e-11
2.561364e-12 2.501110e-12
1.140279e-12 1.023182e-12
6.980372e-13 6.821210e-13
7.071321e-13 6.821210e-13
7.025847e-13 6.821210e-13
6.878054e-13 6.821210e-13
6.866685e-13 6.821210e-13
6.684786e-13 5.684342e-13
5.843503e-13 5.684342e-13
5.809397e-13 5.684342e-13
5.491074e-13 4.547474e-13
4.695266e-13 4.547474e-13
4.672529e-13 4.547474e-13
4.683898e-13 4.547474e-13
4.661160e-13 4.547474e-13
4.661160e-13 4.547474e-13
3.774403e-13 3.410605e-13
3.558398e-13 3.410605e-13
3.683454e-13 3.410605e-13
3.615241e-13 3.410605e-13
3.581135e-13 3.410605e-13
3.751666e-13 3.410605e-13
3.637979e-13 3.410605e-13
3.512923e-13 3.410605e-13
3.467449e-13 3.410605e-13
3.581135e-13 3.410605e-13
3.535661e-13 3.410605e-13
3.558398e-13 3.410605e-13
3.535661e-13 3.410605e-13
3.558398e-13 3.410605e-13
3.444711e-13 3.410605e-13
3.433342e-13 2.273737e-13
2.614797e-13 2.273737e-13
2.467004e-13 2.273737e-13
2.557954e-13 2.273737e-13
2.444267e-13 2.273737e-13
2.432898e-13 2.273737e-13
2.557954e-13 2.273737e-13
2.455636e-13 2.273737e-13
2.398792e-13 2.273737e-13
2.580691e-13 2.273737e-13
2.444267e-13 2.273737e-13
2.455636e-13 2.273737e-13
2.444267e-13 2.273737e-13
2.603429e-13 2.273737e-13
2.364686e-13 2.273737e-13
2.432898e-13 2.273737e-13
2.535216e-13 2.273737e-13
2.444267e-13 2.273737e-13
2.398792e-13 2.273737e-13
2.546585e-13 2.273737e-13
2.762590e-13 2.273737e-13
2.376055e-13 2.273737e-13
2.376055e-13 2.273737e-13
2.421530e-13 2.273737e-13
2.660272e-13 2.273737e-13
2.478373e-13 2.273737e-13
2.614797e-13 2.273737e-13
2.455636e-13 2.273737e-13
2.705747e-13 2.273737e-13
2.353318e-13 2.273737e-13
1.807621e-13 1.136868e-13
1.580247e-13 1.136868e-13
1.477929e-13 1.136868e-13
1.534772e-13 1.136868e-13
1.512035e-13 1.136868e-13
1.455192e-13 1.136868e-13
1.364242e-13 1.136868e-13
1.352873e-13 1.136868e-13
1.432454e-13 1.136868e-13
1.477929e-13 1.136868e-13
1.318767e-13 1.136868e-13
1.307399e-13 1.136868e-13
1.216449e-13 1.136868e-13
1.227818e-13 1.136868e-13
1.455192e-13 1.136868e-13
1.580247e-13 1.136868e-13
1.307399e-13 1.136868e-13
1.250555e-13 1.136868e-13
1.386979e-13 1.136868e-13
1.523404e-13 1.136868e-13
1.432454e-13 1.136868e-13
1.261924e-13 1.136868e-13
1.409717e-13 1.136868e-13
1.421085e-13 1.136868e-13
1.512035e-13 1.136868e-13
1.409717e-13 1.136868e-13
8.167477e+03 5.378202e+03
5.215153e+01 4.533855e+01
2.050072e+00 1.976129e+00
8.358024e-01 7.894957e-01
1.132900e-01 1.080501e-01
2.063705e-02 1.902024e-02
1.423949e-03 1.391761e-03
1.088211e-04 1.049319e-04
1.173435e-05 1.153495e-05
1.363604e-06 1.303825e-06
2.846580e-07 2.815218e-07
2.155061e-08 2.038041e-08
1.550862e-09 1.481112e-09
1.443493e-10 1.404032e-10
1.743729e-11 1.671197e-11
2.528395e-12 2.387424e-12
1.449507e-12 1.364242e-12
1.158469e-12 1.136868e-12
9.174528e-13 9.094947e-13
9.265477e-13 9.094947e-13
7.014478e-13 6.821210e-13
6.969003e-13 6.821210e-13
7.059953e-13 6.821210e-13
6.969003e-13 6.821210e-13
7.037215e-13 6.821210e-13
7.059953e-13 6.821210e-13
6.923528e-13 6.821210e-13
6.855316e-13 6.821210e-13
5.798029e-13 5.684342e-13
4.649792e-13 4.547474e-13
4.592948e-13 4.547474e-13
4.592948e-13 4.547474e-13
4.911271e-13 4.547474e-13
4.695266e-13 4.547474e-13
4.558842e-13 4.547474e-13
4.433787e-13 3.410605e-13
3.683454e-13 3.410605e-13
3.581135e-13 3.410605e-13
3.683454e-13 3.410605e-13
3.512923e-13 3.410605e-13
3.683454e-13 3.410605e-13
3.740297e-13 3.410605e-13
3.456080e-13 3.410605e-13
3.774403e-13 3.410605e-13
3.547029e-13 3.410605e-13
3.535661e-13 3.410605e-13
2.489742e-13 2.273737e-13
2.489742e-13 2.273737e-13
2.398792e-13 2.273737e-13
2.455636e-13 2.273737e-13
2.307843e-13 2.273737e-13
2.523848e-13 2.273737e-13
2.341949e-13 2.273737e-13
2.478373e-13 2.273737e-13
2.614797e-13 2.273737e-13
2.398792e-13 2.273737e-13
2.387424e-13 2.273737e-13
2.444267e-13 2.273737e-13
2.478373e-13 2.273737e-13
2.171419e-13 1.136868e-13
1.648459e-13 1.136868e-13
1.648459e-13 1.136868e-13
1.398348e-13 1.136868e-13
1.352873e-13 1.136868e-13
1.307399e-13 1.136868e-13
1.341505e-13 1.136868e-13
1.398348e-13 1.136868e-13
1.421085e-13 1.136868e-13
1.216449e-13 1.136868e-13
1.239187e-13 1.136868e-13
1.261924e-13 1.136868e-13
1.307399e-13 1.136868e-13
1.341505e-13 1.136868e-13
1.330136e-13 1.136868e-13
1.318767e-13 1.136868e-13
1.307399e-13 1.136868e-13
1.296030e-13 1.136868e-13
1.284661e-13 1.136868e-13
1.318767e-13 1.136868e-13
1.227818e-13 1.136868e-13
1.273293e-13 1.136868e-13
1.318767e-13 1.136868e-13
1.307399e-13 1.136868e-13
1.318767e-13 1.136868e-13
1.239187e-13 1.136868e-13
1.352873e-13 1.136868e-13
1.341505e-13 1.136868e-13
1.307399e-13 1.136868e-13
1.341505e-13 1.136868e-13
1.386979e-13 1.136868e-13
1.352873e-13 1.136868e-13
1.637090e-13 1.136868e-13
1.284661e-13 1.136868e-13
1.330136e-13 1.136868e-13
1.261924e-13 1.136868e-13
1.500666e-13 1.136868e-13
1.330136e-13 1.136868e-13
1.386979e-13 1.136868e-13
1.489298e-13 1.136868e-13
1.296030e-13 1.136868e-13
1.284661e-13 1.136868e-13
8.370470e+03 5.709425e+03
5.862584e+01 5.053809e+01
2.072857e+00 1.927743e+00
8.370841e-01 7.636905e-01
1.303659e-01 1.223129e-01
2.108850e-02 1.986573e-02
1.110834e-02 1.102782e-02
1.001556e-02 1.000641e-02
9.867849e-03 9.867109e-03
9.858316e-03 9.858265e-03
9.857397e-03 9.857395e-03
9.857297e-03 9.857296e-03
9.857286e-03 9.857286e-03
9.857285e-03 9.857285e-03
9.857285e-03 9.857285e-03
9.857285e-03 9.857285e-03
9.857285e-03 9.857285e-03
9.857285e-03 9.857285e-03
9.857285e-03 9.857285e-03
9.857285e-03 9.857285e-03
9.857285e-03 9.857285e-03
9.857285e-03 9.857285e-03
9.857285e-03 9.857285e-03
9.857285e-03 9.857285e-03
9.857285e-03 9.857285e-03
9.857285e-03 9.857285e-03
9.857285e-03 9.857285e-03
9.857285e-03 9.857285e-03
9.857285e-03 9.857285e-03
9.857285e-03 9.857285e-03
9.857285e-03 9.857285e-03
9.857285e-03 9.857285e-03
9.857285e-03 9.857285e-03
9.857285e-03 9.857285e-03
9.857285e-03 9.857285e-03
9.857285e-03 9.857285e-03
9.857285e-03 9.857285e-03
9.857285e-03 9.857285e-03
9.857285e-03 9.857285e-03
9.857285e-03 9.857285e-03
9.857285e-03 9.857285e-03
9.857285e-03 9.857285e-03
9.857285e-03 9.857285e-03
9.857285e-03 9.857285e-03
9.857285e-03 9.857285e-03
9.857285e-03 9.857285e-03
9.857285e-03 9.857285e-03
9.857285e-03 9.857285e-03
9.857285e-03 9.857285e-03
9.857285e-03 9.857285e-03
9.857285e-03 9.857285e-03
9.857285e-03 9.857285e-03
9.857285e-03 9.857285e-03
9.857285e-03 9.857285e-03
9.857285e-03 9.857285e-03
9.857285e-03 9.857285e-03
9.857285e-03 9.857285e-03
9.857285e-03 9.857285e-03
9.857285e-03 9.857285e-03
9.857285e-03 9.857285e-03
9.857285e-03 9.857285e-03
9.857285e-03 9.857285e-03
9.857285e-03 9.857285e-03
9.857285e-03 9.857285e-03
9.857285e-03 9.857285e-03
9.857285e-03 9.857285e-03
9.857285e-03 9.857285e-03
9.857285e-03 9.857285e-03
9.857285e-03 9.857285e-03
9.857285e-03 9.857285e-03
9.857285e-03 9.857285e-03
9.857285e-03 9.857285e-03
9.857285e-03 9.857285e-03
9.857285e-03 9.857285e-03
9.857285e-03 9.857285e-03
9.857285e-03 9.857285e-03
9.857285e-03 9.857285e-03
9.857285e-03 9.857285e-03
9.857285e-03 9.857285e-03
9.857285e-03 9.857285e-03
9.857285e-03 9.857285e-03
9.857285e-03 9.857285e-03
9.857285e-03 9.857285e-03
9.857285e-03 9.857285e-03
9.857285e-03 9.857285e-03
9.857285e-03 9.857285e-03
9.857285e-03 9.857285e-03
9.857285e-03 9.857285e-03
9.857285e-03 9.857285e-03
9.857285e-03 9.857285e-03
9.857285e-03 9.857285e-03
9.857285e-03 9.857285e-03
9.857285e-03 9.857285e-03
9.857285e-03 9.857285e-03
9.857285e-03 9.857285e-03
9.857285e-03 9.857285e-03
9.857285e-03 9.857285e-03
9.857285e-03 9.857285e-03
9.857285e-03 9.857285e-03
9.857285e-03 9.857285e-03
9.857285e-03 9.857285e-03
8.434085e+03 5.948555e+03
4.628758e+01 4.191758e+01
1.718225e+00 1.658669e+00
5.102564e-01 4.433458e-01
4.857024e-02 4.402773e-02
6.579000e-03 6.269760e-03
3.039522e-04 2.810742e-04
2.844177e-05 2.699939e-05
1.731307e-06 1.624804e-06
2.034266e-07 1.974615e-07
2.141960e-08 2.009335e-08
3.418679e-09 3.337504e-09
3.649302e-10 3.606146e-10
3.886839e-11 3.819878e-11
6.143637e-12 6.025402e-12
8.071765e-13 7.958079e-13
6.025402e-13 5.684342e-13
5.866241e-13 5.684342e-13
4.649792e-13 4.547474e-13
4.661160e-13 4.547474e-13
4.683898e-13 4.547474e-13
3.592504e-13 3.410605e-13
3.660716e-13 3.410605e-13
3.512923e-13 3.410605e-13
3.490186e-13 3.410605e-13
3.478817e-13 3.410605e-13
2.467004e-13 2.273737e-13
2.614797e-13 2.273737e-13
2.387424e-13 2.273737e-13
2.455636e-13 2.273737e-13
2.660272e-13 2.273737e-13
2.512479e-13 2.273737e-13
2.387424e-13 2.273737e-13
2.637535e-13 2.273737e-13
2.785328e-13 2.273737e-13
2.455636e-13 2.273737e-13
2.341949e-13 2.273737e-13
2.353318e-13 2.273737e-13
2.376055e-13 2.273737e-13
2.398792e-13 2.273737e-13
2.512479e-13 2.273737e-13
2.080469e-13 1.136868e-13
1.557510e-13 1.136868e-13
1.728040e-13 1.136868e-13
1.466560e-13 1.136868e-13
1.352873e-13 1.136868e-13
1.455192e-13 1.136868e-13
1.409717e-13 1.136868e-13
1.489298e-13 1.136868e-13
1.409717e-13 1.136868e-13
1.739409e-13 1.136868e-13
1.455192e-13 1.136868e-13
1.250555e-13 1.136868e-13
1.398348e-13 1.136868e-13
1.307399e-13 1.136868e-13
1.296030e-13 1.136868e-13
1.341505e-13 1.136868e-13
1.273293e-13 1.136868e-13
1.318767e-13 1.136868e-13
1.398348e-13 1.136868e-13
1.250555e-13 1.136868e-13
1.330136e-13 1.136868e-13
1.443823e-13 1.136868e-13
1.455192e-13 1.136868e-13
1.330136e-13 1.136868e-13
1.625722e-13 1.136868e-13
1.443823e-13 1.136868e-13
1.352873e-13 1.136868e-13
1.261924e-13 1.136868e-13
1.398348e-13 1.136868e-13
1.330136e-13 1.136868e-13
1.580247e-13 1.136868e-13
1.500666e-13 1.136868e-13
1.534772e-13 1.136868e-13
1.205080e-13 1.136868e-13
1.477929e-13 1.136868e-13
1.296030e-13 1.136868e-13
1.489298e-13 1.136868e-13
1.500666e-13 1.136868e-13
1.307399e-13 1.136868e-13
1.296030e-13 1.136868e-13
1.273293e-13 1.136868e-13
1.580247e-13 1.136868e-13
1.398348e-13 1.136868e-13
1.455192e-13 1.136868e-13
1.250555e-13 1.136868e-13
1.432454e-13 1.136868e-13
1.284661e-13 1.136868e-13
1.284661e-13 1.136868e-13
1.409717e-13 1.136868e-13
1.580247e-13 1.136868e-13
1.500666e-13 1.136868e-13
1.546141e-13 1.136868e-13
1.591616e-13 1.136868e-13
1.534772e-13 1.136868e-13
1.330136e-13 1.136868e-13
1.205080e-13 1.136868e-13
1.421085e-13 1.136868e-13
1.296030e-13 1.136868e-13
1.421085e-13 1.136868e-13
1.466560e-13 1.136868e-13
8.457555e+03 5.166574e+03
3.661390e+01 3.259274e+01
1.732304e+00 1.673238e+00
6.547286e-01 6.155469e-01
7.765598e-02 7.210591e-02
3.588358e-03 3.258175e-03
3.184048e-04 3.108521e-04
3.929974e-05 3.738192e-05
3.672161e-06 3.487681e-06
3.688365e-07 3.501466e-07
4.178430e-08 4.063520e-08
4.008342e-09 3.869445e-09
4.975675e-10 4.712319e-10
7.039489e-11 6.696155e-11
5.484253e-12 5.343281e-12
1.257376e-12 1.136868e-12
9.151790e-13 9.094947e-13
9.163159e-13 9.094947e-13
8.230927e-13 7.958079e-13
6.912160e-13 6.821210e-13
5.866241e-13 5.684342e-13
5.775291e-13 5.684342e-13
5.741185e-13 5.684342e-13
4.911271e-13 4.547474e-13
4.797585e-13 4.547474e-13
4.740741e-13 4.547474e-13
4.683898e-13 4.547474e-13
4.615686e-13 4.547474e-13
3.774403e-13 3.410605e-13
3.467449e-13 3.410605e-13
3.524292e-13 3.410605e-13
3.615241e-13 3.410605e-13
3.535661e-13 3.410605e-13
3.456080e-13 3.410605e-13
3.547029e-13 3.410605e-13
3.615241e-13 3.410605e-13
3.512923e-13 3.410605e-13
3.467449e-13 3.410605e-13
3.592504e-13 3.410605e-13
3.592504e-13 3.410605e-13
3.126388e-13 2.273737e-13
2.796696e-13 2.273737e-13
2.353318e-13 2.273737e-13
2.501110e-13 2.273737e-13
2.387424e-13 2.273737e-13
2.557954e-13 2.273737e-13
2.376055e-13 2.273737e-13
2.410161e-13 2.273737e-13
2.467004e-13 2.273737e-13
2.444267e-13 2.273737e-13
2.410161e-13 2.273737e-13
2.535216e-13 2.273737e-13
2.319211e-13 2.273737e-13
2.569323e-13 2.273737e-13
2.421530e-13 2.273737e-13
2.364686e-13 2.273737e-13
2.444267e-13 2.273737e-13
2.376055e-13 2.273737e-13
2.455636e-13 2.273737e-13
2.353318e-13 2.273737e-13
2.478373e-13 1.136868e-13
1.671197e-13 1.136868e-13
1.557510e-13 1.136868e-13
1.830358e-13 1.136868e-13
1.784883e-13 1.136868e-13
1.352873e-13 1.136868e-13
1.728040e-13 1.136868e-13
1.432454e-13 1.136868e-13
1.557510e-13 1.136868e-13
1.375611e-13 1.136868e-13
1.421085e-13 1.136868e-13
1.409717e-13 1.136868e-13
1.318767e-13 1.136868e-13
1.591616e-13 1.136868e-13
1.307399e-13 1.136868e-13
1.375611e-13 1.136868e-13
1.250555e-13 1.136868e-13
1.296030e-13 1.136868e-13
1.421085e-13 1.136868e-13
1.500666e-13 1.136868e-13
1.432454e-13 1.136868e-13
1.637090e-13 1.136868e-13
1.534772e-13 1.136868e-13
1.637090e-13 1.136868e-13
1.489298e-13 1.136868e-13
1.398348e-13 1.136868e-13
1.546141e-13 1.136868e-13
1.386979e-13 1.136868e-13
1.477929e-13 1.136868e-13
1.330136e-13 1.136868e-13
1.705303e-13 1.136868e-13
1.364242e-13 1.136868e-13
1.307399e-13 1.136868e-13
1.671197e-13 1.136868e-13
1.523404e-13 1.136868e-13
1.784883e-13 1.136868e-13
1.443823e-13 1.136868e-13
1.364242e-13 1.136868e-13
1.318767e-13 1.136868e-13
1.557510e-13 1.136868e-13
1.364242e-13 1.136868e-13
8.581933e+03 4.939782e+03
4.295506e+01 3.847474e+01
1.696820e+00 1.582808e+00
7.040471e-01 6.561034e-01
8.412836e-02 7.600792e-02
9.376108e-03 8.715966e-03
9.670864e-04 9.245758e-04
9.182010e-05 8.877339e-05
6.831603e-06 6.427444e-06
3.811439e-07 3.547134e-07
5.375384e-08 4.884009e-08
3.880119e-09 3.709488e-09
5.026413e-10 4.818048e-10
5.403876e-11 5.172751e-11
5.055654e-12 4.888534e-12
1.258513e-12 1.250555e-12
1.141416e-12 1.136868e-12
9.220003e-13 9.094947e-13
8.083134e-13 7.958079e-13
6.241407e-13 5.684342e-13
4.752110e-13 4.547474e-13
4.638423e-13 4.547474e-13
4.661160e-13 4.547474e-13
4.695266e-13 4.547474e-13
4.638423e-13 4.547474e-13
4.786216e-13 4.547474e-13
3.535661e-13 3.410605e-13
3.478817e-13 3.410605e-13
3.592504e-13 3.410605e-13
2.887646e-13 2.273737e-13
2.648903e-13 2.273737e-13
2.535216e-13 2.273737e-13
2.512479e-13 2.273737e-13
2.592060e-13 2.273737e-13
2.410161e-13 2.273737e-13
2.489742e-13 2.273737e-13
2.376055e-13 2.273737e-13
2.603429e-13 2.273737e-13
2.467004e-13 2.273737e-13
2.557954e-13 2.273737e-13
2.467004e-13 2.273737e-13
2.489742e-13 2.273737e-13
2.398792e-13 2.273737e-13
2.592060e-13 2.273737e-13
2.512479e-13 2.273737e-13
2.387424e-13 2.273737e-13
2.398792e-13 2.273737e-13
2.626166e-13 2.273737e-13
2.694378e-13 2.273737e-13
2.398792e-13 2.273737e-13
2.660272e-13 2.273737e-13
2.341949e-13 2.273737e-13
2.489742e-13 2.273737e-13
2.853540e-13 2.273737e-13
2.705747e-13 2.273737e-13
2.410161e-13 2.273737e-13
2.023626e-13 1.136868e-13
1.716671e-13 1.136868e-13
1.352873e-13 1.136868e-13
1.296030e-13 1.136868e-13
1.500666e-13 1.136868e-13
1.489298e-13 1.136868e-13
1.398348e-13 1.136868e-13
1.409717e-13 1.136868e-13
1.352873e-13 1.136868e-13
1.330136e-13 1.136868e-13
1.375611e-13 1.136868e-13
1.580247e-13 1.136868e-13
1.534772e-13 1.136868e-13
1.409717e-13 1.136868e-13
1.432454e-13 1.136868e-13
1.477929e-13 1.136868e-13
1.523404e-13 1.136868e-13
1.284661e-13 1.136868e-13
1.261924e-13 1.136868e-13
1.352873e-13 1.136868e-13
1.386979e-13 1.136868e-13
1.261924e-13 1.136868e-13
1.296030e-13 1.136868e-13
1.284661e-13 1.136868e-13
1.352873e-13 1.136868e-13
1.455192e-13 1.136868e-13
1.227818e-13 1.136868e-13
1.409717e-13 1.136868e-13
1.296030e-13 1.136868e-13
1.307399e-13 1.136868e-13
1.261924e-13 1.136868e-13
1.318767e-13 1.136868e-13
1.375611e-13 1.136868e-13
1.386979e-13 1.136868e-13
1.352873e-13 1.136868e-13
1.352873e-13 1.136868e-13
1.307399e-13 1.136868e-13
1.443823e-13 1.136868e-13
1.205080e-13 1.136868e-13
1.250555e-13 1.136868e-13
1.239187e-13 1.136868e-13
1.273293e-13 1.136868e-13
1.523404e-13 1.136868e-13
1.330136e-13 1.136868e-13
1.307399e-13 1.136868e-13
