6.744816e+05 2.762791e+05
1.511092e+04 9.519523e+03
1.576830e+03 1.206823e+03
6.590601e+02 6.339078e+02
4.990275e+02 4.883472e+02
4.148172e+02 4.085015e+02
3.352226e+02 3.278659e+02
2.746207e+02 2.720415e+02
2.618615e+02 2.613128e+02
2.580671e+02 2.578619e+02
2.554474e+02 2.550354e+02
2.465392e+02 2.454929e+02
2.301090e+02 2.283660e+02
2.086082e+02 2.071265e+02
1.977166e+02 1.971425e+02
1.947014e+02 1.945094e+02
1.931963e+02 1.931055e+02
1.920791e+02 1.919785e+02
1.906219e+02 1.904959e+02
1.892623e+02 1.891362e+02
1.881308e+02 1.880614e+02
1.867236e+02 1.865509e+02
1.838741e+02 1.837361e+02
1.827205e+02 1.826577e+02
1.819774e+02 1.819386e+02
1.813706e+02 1.813249e+02
1.809192e+02 1.808921e+02
1.806433e+02 1.806246e+02
1.804261e+02 1.804142e+02
1.803305e+02 1.803238e+02
1.802735e+02 1.802700e+02
1.802217e+02 1.802172e+02
1.801414e+02 1.801340e+02
1.800704e+02 1.800642e+02
1.800019e+02 1.799924e+02
1.799367e+02 1.799296e+02
1.798724e+02 1.798684e+02
1.797983e+02 1.797889e+02
1.796341e+02 1.796200e+02
1.795012e+02 1.794913e+02
1.794196e+02 1.794138e+02
1.793451e+02 1.793376e+02
1.791436e+02 1.791126e+02
1.786011e+02 1.785634e+02
1.783344e+02 1.783127e+02
1.780301e+02 1.780030e+02
1.775517e+02 1.775031e+02
1.770714e+02 1.770300e+02
1.767095e+02 1.766813e+02
1.763570e+02 1.763253e+02
1.760548e+02 1.760293e+02
1.757192e+02 1.756900e+02
1.753498e+02 1.753146e+02
1.750503e+02 1.750293e+02
1.747350e+02 1.747120e+02
1.743431e+02 1.742998e+02
1.737928e+02 1.737433e+02
1.732783e+02 1.732301e+02
1.726240e+02 1.725765e+02
1.721463e+02 1.721075e+02
1.716717e+02 1.716242e+02
1.709069e+02 1.708517e+02
1.700275e+02 1.699569e+02
1.692598e+02 1.691834e+02
1.686660e+02 1.686054e+02
1.679306e+02 1.678548e+02
1.666752e+02 1.664397e+02
1.445170e+02 1.397339e+02
1.184679e+02 1.167469e+02
1.087507e+02 1.082307e+02
1.033563e+02 1.030551e+02
1.018712e+02 1.018097e+02
1.013394e+02 1.013120e+02
1.011477e+02 1.011372e+02
1.007491e+02 1.006406e+02
9.968422e+01 9.964517e+01
9.943574e+01 9.942676e+01
9.933813e+01 9.933283e+01
9.927868e+01 9.927412e+01
9.913612e+01 9.910742e+01
9.865991e+01 9.860696e+01
9.837246e+01 9.835463e+01
9.824241e+01 9.823428e+01
9.813211e+01 9.812003e+01
9.799149e+01 9.797405e+01
9.778200e+01 9.775243e+01
9.750260e+01 9.748034e+01
9.725905e+01 9.723818e+01
9.693412e+01 9.688625e+01
9.641447e+01 9.635656e+01
9.591875e+01 9.587976e+01
9.559555e+01 9.557245e+01
9.539477e+01 9.537862e+01
9.521920e+01 9.520485e+01
9.504856e+01 9.503299e+01
9.480827e+01 9.478428e+01
9.455208e+01 9.452964e+01
9.423439e+01 9.419991e+01
9.393081e+01 9.390354e+01
9.359575e+01 9.356874e+01
9.334016e+01 9.331708e+01
6.738396e+05 2.797985e+05
1.331900e+04 7.620358e+03
1.288754e+03 1.048464e+03
5.665017e+02 5.481573e+02
4.461831e+02 4.331403e+02
3.568666e+02 3.480020e+02
2.889925e+02 2.832852e+02
2.605431e+02 2.594724e+02
2.530443e+02 2.527568e+02
2.499734e+02 2.497939e+02
2.468520e+02 2.464870e+02
2.424756e+02 2.420603e+02
2.383340e+02 2.379475e+02
2.298221e+02 2.280493e+02
2.117214e+02 2.105093e+02
2.025339e+02 2.021325e+02
1.971386e+02 1.968268e+02
1.940395e+02 1.937165e+02
1.912873e+02 1.911255e+02
1.888581e+02 1.886216e+02
1.870572e+02 1.869501e+02
1.861744e+02 1.861172e+02
1.855402e+02 1.854874e+02
1.848889e+02 1.848432e+02
1.839365e+02 1.838308e+02
1.828311e+02 1.827579e+02
1.821412e+02 1.820889e+02
1.816480e+02 1.816230e+02
1.812100e+02 1.811740e+02
1.803808e+02 1.803014e+02
1.797291e+02 1.796610e+02
1.790714e+02 1.790142e+02
1.785149e+02 1.784838e+02
1.781188e+02 1.780811e+02
1.774359e+02 1.773714e+02
1.767868e+02 1.767366e+02
1.763233e+02 1.762938e+02
1.760449e+02 1.760278e+02
1.758511e+02 1.758282e+02
1.755572e+02 1.755350e+02
1.752505e+02 1.752119e+02
1.748301e+02 1.747864e+02
1.744040e+02 1.743663e+02
1.739897e+02 1.739531e+02
1.735116e+02 1.734851e+02
1.730459e+02 1.730025e+02
1.725627e+02 1.725225e+02
1.717911e+02 1.717096e+02
1.708540e+02 1.707642e+02
1.697071e+02 1.695498e+02
1.687156e+02 1.686402e+02
1.676722e+02 1.675667e+02
1.653686e+02 1.647412e+02
1.206826e+02 1.175275e+02
1.071202e+02 1.066224e+02
1.030649e+02 1.028816e+02
1.015160e+02 1.014261e+02
1.006143e+02 1.005834e+02
1.003397e+02 1.003240e+02
1.002226e+02 1.002159e+02
1.001324e+02 1.001240e+02
9.998028e+01 9.995752e+01
9.976906e+01 9.974835e+01
9.949502e+01 9.947074e+01
9.908128e+01 9.905905e+01
9.882531e+01 9.881077e+01
9.865359e+01 9.863558e+01
9.841641e+01 9.839380e+01
9.814208e+01 9.811732e+01
9.788408e+01 9.786046e+01
9.761484e+01 9.759060e+01
9.732502e+01 9.729916e+01
9.688981e+01 9.685247e+01
9.649241e+01 9.646708e+01
9.617815e+01 9.614930e+01
9.583321e+01 9.579712e+01
9.545551e+01 9.542973e+01
9.523553e+01 9.521848e+01
9.512762e+01 9.511990e+01
9.503311e+01 9.502501e+01
9.495326e+01 9.494655e+01
9.487908e+01 9.487309e+01
9.477650e+01 9.476748e+01
9.466113e+01 9.464827e+01
9.445004e+01 9.442930e+01
9.410836e+01 9.407651e+01
9.375667e+01 9.373494e+01
9.338622e+01 9.334552e+01
9.305292e+01 9.302657e+01
9.275021e+01 9.272329e+01
9.208054e+01 9.199373e+01
9.148162e+01 9.143214e+01
9.121192e+01 9.119330e+01
9.106461e+01 9.105330e+01
9.091592e+01 9.090034e+01
9.065278e+01 9.061935e+01
9.031260e+01 9.029312e+01
8.992115e+01 8.987334e+01
8.935841e+01 8.930940e+01
8.850186e+01 8.840861e+01
8.763397e+01 8.756945e+01
6.637553e+05 3.112452e+05
1.211776e+04 6.860065e+03
1.187798e+03 9.787844e+02
5.559632e+02 5.289487e+02
4.135290e+02 4.036402e+02
3.168131e+02 3.109922e+02
2.736905e+02 2.722429e+02
2.663804e+02 2.660135e+02
2.633329e+02 2.631015e+02
2.587207e+02 2.582649e+02
2.531459e+02 2.528020e+02
2.504104e+02 2.502556e+02
2.492121e+02 2.491228e+02
2.483789e+02 2.483225e+02
2.472571e+02 2.471003e+02
2.443121e+02 2.438577e+02
2.293002e+02 2.270259e+02
2.079841e+02 2.065764e+02
2.015891e+02 2.013050e+02
1.957438e+02 1.941980e+02
1.820696e+02 1.815699e+02
1.793837e+02 1.793033e+02
1.785489e+02 1.784994e+02
1.777881e+02 1.777119e+02
1.771486e+02 1.771147e+02
1.766696e+02 1.766310e+02
1.762904e+02 1.762677e+02
1.759715e+02 1.759435e+02
1.755827e+02 1.755490e+02
1.751580e+02 1.751269e+02
1.746345e+02 1.745952e+02
1.739714e+02 1.739015e+02
1.729436e+02 1.728611e+02
1.719379e+02 1.718515e+02
1.711000e+02 1.710333e+02
1.704011e+02 1.703595e+02
1.699870e+02 1.699489e+02
1.695915e+02 1.695645e+02
1.692154e+02 1.691592e+02
1.678229e+02 1.676622e+02
1.661660e+02 1.660334e+02
1.607957e+02 1.589606e+02
1.249692e+02 1.221491e+02
1.068003e+02 1.059467e+02
1.021364e+02 1.019048e+02
9.997484e+01 9.986657e+01
9.905904e+01 9.900552e+01
9.826887e+01 9.819805e+01
9.767772e+01 9.762056e+01
9.701768e+01 9.694898e+01
9.645730e+01 9.642717e+01
9.619677e+01 9.618042e+01
9.597481e+01 9.595597e+01
9.563406e+01 9.559371e+01
9.495834e+01 9.489379e+01
9.411343e+01 9.404295e+01
9.363918e+01 9.361395e+01
9.331353e+01 9.328655e+01
9.315222e+01 9.314248e+01
9.301363e+01 9.300004e+01
9.286181e+01 9.284732e+01
9.270050e+01 9.269006e+01
9.250951e+01 9.249080e+01
9.221610e+01 9.218155e+01
9.168716e+01 9.163433e+01
9.124464e+01 9.120675e+01
9.096861e+01 9.094678e+01
9.073138e+01 9.071355e+01
9.059976e+01 9.058892e+01
9.049986e+01 9.049373e+01
9.038936e+01 9.037938e+01
9.017306e+01 9.014793e+01
8.987673e+01 8.985297e+01
8.949714e+01 8.944750e+01
8.905800e+01 8.901570e+01
8.862510e+01 8.860074e+01
8.837262e+01 8.834902e+01
8.811780e+01 8.809604e+01
8.782434e+01 8.779268e+01
8.734608e+01 8.729271e+01
8.674688e+01 8.669271e+01
8.618313e+01 8.614234e+01
8.563904e+01 8.559486e+01
8.528918e+01 8.527021e+01
8.504370e+01 8.501601e+01
8.469106e+01 8.465494e+01
8.433882e+01 8.431128e+01
8.408632e+01 8.406406e+01
8.381118e+01 8.378974e+01
8.361028e+01 8.359595e+01
8.341480e+01 8.339477e+01
8.310262e+01 8.307637e+01
8.282838e+01 8.280077e+01
8.258037e+01 8.256288e+01
8.235178e+01 8.233040e+01
8.188285e+01 8.183268e+01
8.127802e+01 8.121823e+01
8.077750e+01 8.074388e+01
8.045784e+01 8.043783e+01
8.033128e+01 8.032365e+01
8.027213e+01 8.026843e+01
6.701190e+05 3.078461e+05
1.411368e+04 9.273981e+03
1.428288e+03 1.158193e+03
6.399799e+02 6.201179e+02
4.682158e+02 4.529021e+02
3.628148e+02 3.574495e+02
3.089088e+02 3.058109e+02
2.797725e+02 2.772915e+02
2.584702e+02 2.576154e+02
2.520340e+02 2.512755e+02
2.326343e+02 2.296920e+02
2.113940e+02 2.104049e+02
2.045665e+02 2.043231e+02
2.025258e+02 2.024618e+02
2.020784e+02 2.020564e+02
2.018770e+02 2.018623e+02
2.017101e+02 2.016833e+02
2.008710e+02 2.007366e+02
1.831587e+02 1.793463e+02
1.541506e+02 1.522800e+02
1.415262e+02 1.408344e+02
1.371335e+02 1.369584e+02
1.361084e+02 1.360729e+02
1.358500e+02 1.358397e+02
1.357736e+02 1.357687e+02
1.356722e+02 1.356527e+02
1.352133e+02 1.351515e+02
1.333289e+02 1.329215e+02
1.291019e+02 1.288233e+02
1.261043e+02 1.259827e+02
1.247866e+02 1.246408e+02
1.230068e+02 1.228238e+02
1.211531e+02 1.210108e+02
1.197787e+02 1.196860e+02
1.190581e+02 1.190101e+02
1.186282e+02 1.185853e+02
1.182683e+02 1.182388e+02
1.179811e+02 1.179617e+02
1.177869e+02 1.177714e+02
1.176046e+02 1.175910e+02
1.174604e+02 1.174491e+02
1.173505e+02 1.173407e+02
1.172548e+02 1.172468e+02
1.171671e+02 1.171602e+02
1.171022e+02 1.170980e+02
1.170122e+02 1.169984e+02
1.168072e+02 1.167949e+02
1.167051e+02 1.166977e+02
1.165877e+02 1.165749e+02
1.164006e+02 1.163903e+02
1.163163e+02 1.163120e+02
1.162737e+02 1.162706e+02
1.162461e+02 1.162447e+02
1.162312e+02 1.162304e+02
1.162224e+02 1.162216e+02
1.162138e+02 1.162130e+02
1.162063e+02 1.162056e+02
1.161998e+02 1.161987e+02
1.161741e+02 1.161677e+02
1.160437e+02 1.160313e+02
1.159277e+02 1.159176e+02
1.157956e+02 1.157853e+02
1.156927e+02 1.156876e+02
1.155997e+02 1.155902e+02
1.154881e+02 1.154722e+02
1.153640e+02 1.153509e+02
1.150997e+02 1.150553e+02
1.140201e+02 1.138978e+02
1.130494e+02 1.129995e+02
1.126846e+02 1.126621e+02
1.124898e+02 1.124798e+02
1.124253e+02 1.124231e+02
1.124084e+02 1.124077e+02
1.123813e+02 1.123731e+02
1.098379e+02 1.095036e+02
1.083939e+02 1.083263e+02
1.079931e+02 1.079649e+02
1.077330e+02 1.077197e+02
1.075879e+02 1.075795e+02
1.074753e+02 1.074660e+02
1.073273e+02 1.072785e+02
1.068903e+02 1.068609e+02
1.066128e+02 1.065999e+02
1.064921e+02 1.064852e+02
1.064306e+02 1.064262e+02
1.063380e+02 1.063275e+02
1.062529e+02 1.062460e+02
1.061607e+02 1.061495e+02
1.059924e+02 1.059698e+02
1.057054e+02 1.056672e+02
1.053301e+02 1.052870e+02
1.048034e+02 1.047554e+02
1.042690e+02 1.042313e+02
1.038754e+02 1.038537e+02
1.036005e+02 1.035820e+02
1.031439e+02 1.030927e+02
1.025754e+02 1.025249e+02
1.021138e+02 1.020894e+02
1.018749e+02 1.018553e+02
1.015947e+02 1.015716e+02
1.013553e+02 1.013319e+02
6.761909e+05 2.293010e+05
1.243119e+04 7.192953e+03
1.276631e+03 1.015380e+03
5.161593e+02 4.894028e+02
3.912489e+02 3.819677e+02
3.221829e+02 3.163657e+02
2.816980e+02 2.782200e+02
2.560939e+02 2.548430e+02
2.476193e+02 2.472840e+02
2.454563e+02 2.453715e+02
2.439274e+02 2.437838e+02
2.415439e+02 2.413641e+02
2.394762e+02 2.393089e+02
2.377344e+02 2.376195e+02
2.365440e+02 2.364492e+02
2.354444e+02 2.353455e+02
2.344442e+02 2.343670e+02
2.336330e+02 2.335434e+02
2.325093e+02 2.324125e+02
2.315615e+02 2.314764e+02
2.302631e+02 2.301084e+02
2.286668e+02 2.285349e+02
2.266161e+02 2.263443e+02
2.150472e+02 2.133478e+02
1.959010e+02 1.942942e+02
1.823981e+02 1.815147e+02
1.764688e+02 1.762140e+02
1.743989e+02 1.742905e+02
1.734256e+02 1.733805e+02
1.726178e+02 1.724985e+02
1.670910e+02 1.665681e+02
1.640606e+02 1.639472e+02
1.631666e+02 1.631300e+02
1.627853e+02 1.627599e+02
1.625080e+02 1.624833e+02
1.621964e+02 1.621709e+02
1.617311e+02 1.616861e+02
1.611518e+02 1.611052e+02
1.605631e+02 1.605008e+02
1.595243e+02 1.594266e+02
1.585837e+02 1.585052e+02
1.578906e+02 1.578429e+02
1.573011e+02 1.572582e+02
1.568122e+02 1.567780e+02
1.564151e+02 1.563782e+02
1.560025e+02 1.559750e+02
1.556239e+02 1.556030e+02
1.553835e+02 1.553706e+02
1.551932e+02 1.551738e+02
1.549508e+02 1.549212e+02
1.542504e+02 1.541069e+02
1.513470e+02 1.507627e+02
1.275552e+02 1.239286e+02
1.043636e+02 1.029882e+02
9.264472e+01 9.219561e+01
8.934343e+01 8.918325e+01
8.780320e+01 8.772385e+01
8.729350e+01 8.726426e+01
8.710006e+01 8.708755e+01
8.696159e+01 8.694947e+01
8.682170e+01 8.680981e+01
8.671624e+01 8.670960e+01
8.665935e+01 8.665500e+01
8.662019e+01 8.661613e+01
8.651630e+01 8.648841e+01
8.608039e+01 8.603673e+01
8.581100e+01 8.580128e+01
8.572976e+01 8.572619e+01
8.570497e+01 8.570357e+01
8.568713e+01 8.568574e+01
8.565557e+01 8.565134e+01
8.561479e+01 8.561192e+01
8.557147e+01 8.556660e+01
8.537272e+01 8.534473e+01
8.502557e+01 8.499453e+01
8.483583e+01 8.482668e+01
8.474702e+01 8.474285e+01
8.469010e+01 8.468506e+01
8.463788e+01 8.463444e+01
8.458300e+01 8.456950e+01
8.410434e+01 8.405297e+01
8.381757e+01 8.380281e+01
8.372394e+01 8.371903e+01
8.368092e+01 8.367803e+01
8.363582e+01 8.363154e+01
8.345914e+01 8.341454e+01
8.299393e+01 8.297521e+01
8.282821e+01 8.281932e+01
8.273780e+01 8.273372e+01
8.268299e+01 8.267945e+01
8.263602e+01 8.262982e+01
8.228934e+01 8.224778e+01
8.193343e+01 8.191581e+01
8.176716e+01 8.175979e+01
8.173029e+01 8.172817e+01
8.170132e+01 8.169817e+01
8.165803e+01 8.165437e+01
8.161709e+01 8.161361e+01
8.142247e+01 8.136502e+01
8.101895e+01 8.099039e+01
8.080550e+01 8.079591e+01
6.753977e+05 1.719634e+05
1.296638e+04 7.088279e+03
1.251346e+03 9.894598e+02
5.431788e+02 5.176874e+02
4.172547e+02 4.066689e+02
3.184117e+02 3.098197e+02
2.534892e+02 2.506652e+02
2.287974e+02 2.269364e+02
2.043922e+02 2.024431e+02
1.885772e+02 1.880249e+02
1.856699e+02 1.855593e+02
1.849004e+02 1.848532e+02
1.844968e+02 1.844682e+02
1.840819e+02 1.840321e+02
1.834445e+02 1.833776e+02
1.828125e+02 1.827734e+02
1.822355e+02 1.821716e+02
1.813940e+02 1.813277e+02
1.801769e+02 1.800783e+02
1.789087e+02 1.787887e+02
1.771950e+02 1.770392e+02
1.761730e+02 1.761265e+02
1.751266e+02 1.750128e+02
1.727329e+02 1.722324e+02
1.431552e+02 1.379789e+02
1.178093e+02 1.168839e+02
1.106292e+02 1.102333e+02
1.080595e+02 1.079754e+02
1.073635e+02 1.073210e+02
1.068637e+02 1.068357e+02
1.066164e+02 1.066043e+02
1.064955e+02 1.064877e+02
1.064280e+02 1.064248e+02
1.063885e+02 1.063860e+02
1.063355e+02 1.063281e+02
1.062021e+02 1.061888e+02
1.060570e+02 1.060461e+02
1.059712e+02 1.059675e+02
1.059329e+02 1.059301e+02
1.059076e+02 1.059059e+02
1.058782e+02 1.058757e+02
1.058583e+02 1.058574e+02
1.058314e+02 1.058276e+02
1.057503e+02 1.057444e+02
1.056942e+02 1.056897e+02
1.055667e+02 1.055484e+02
1.053133e+02 1.052894e+02
1.049948e+02 1.049590e+02
1.044465e+02 1.043913e+02
1.039933e+02 1.039488e+02
1.035437e+02 1.035048e+02
1.031827e+02 1.031552e+02
1.029173e+02 1.028976e+02
1.027421e+02 1.027289e+02
1.025143e+02 1.024918e+02
1.021776e+02 1.021481e+02
1.018261e+02 1.017982e+02
1.014476e+02 1.014141e+02
1.009720e+02 1.009365e+02
1.005103e+02 1.004690e+02
9.994655e+01 9.988242e+01
9.938224e+01 9.934026e+01
9.898507e+01 9.896780e+01
9.881956e+01 9.880780e+01
9.866211e+01 9.865010e+01
9.854746e+01 9.853795e+01
9.842500e+01 9.841342e+01
9.827964e+01 9.826489e+01
9.800826e+01 9.796310e+01
9.743044e+01 9.734560e+01
9.690041e+01 9.687158e+01
9.666216e+01 9.664817e+01
9.647502e+01 9.646383e+01
9.630532e+01 9.628819e+01
9.616693e+01 9.615460e+01
9.598481e+01 9.596693e+01
9.572972e+01 9.570457e+01
9.551697e+01 9.550472e+01
9.525428e+01 9.522844e+01
9.491531e+01 9.488826e+01
9.461824e+01 9.459826e+01
9.429940e+01 9.424578e+01
9.368498e+01 9.363018e+01
9.312756e+01 9.308572e+01
9.268058e+01 9.264645e+01
9.242473e+01 9.240310e+01
9.216756e+01 9.215109e+01
9.187207e+01 9.183980e+01
9.136589e+01 9.130836e+01
9.088548e+01 9.083337e+01
9.036048e+01 9.030833e+01
9.002559e+01 8.999785e+01
8.976091e+01 8.974266e+01
8.948627e+01 8.946806e+01
8.922166e+01 8.919443e+01
8.889987e+01 8.887122e+01
8.850820e+01 8.846952e+01
8.810763e+01 8.807584e+01
8.766142e+01 8.762980e+01
8.729627e+01 8.726616e+01
8.680953e+01 8.675075e+01
6.922157e+05 3.259272e+05
1.422466e+04 8.968656e+03
1.358128e+03 1.110107e+03
5.540216e+02 5.291919e+02
4.252661e+02 4.173901e+02
3.732209e+02 3.712484e+02
3.595335e+02 3.589576e+02
3.445446e+02 3.414351e+02
3.124712e+02 3.099251e+02
2.842781e+02 2.820071e+02
2.675214e+02 2.666341e+02
2.600942e+02 2.595132e+02
2.512491e+02 2.504465e+02
2.399489e+02 2.384637e+02
2.172823e+02 2.159085e+02
2.092082e+02 2.088877e+02
2.061023e+02 2.058363e+02
2.042907e+02 2.041684e+02
2.032420e+02 2.031770e+02
2.027839e+02 2.027608e+02
2.026009e+02 2.025886e+02
2.024559e+02 2.024448e+02
2.021840e+02 2.021455e+02
2.017558e+02 2.017010e+02
2.010723e+02 2.010269e+02
2.007406e+02 2.007285e+02
2.006365e+02 2.006317e+02
2.005934e+02 2.005915e+02
2.005761e+02 2.005748e+02
2.005668e+02 2.005665e+02
2.005627e+02 2.005624e+02
2.005601e+02 2.005600e+02
2.005592e+02 2.005591e+02
2.005586e+02 2.005586e+02
2.005584e+02 2.005584e+02
2.005583e+02 2.005583e+02
2.005583e+02 2.005583e+02
2.005583e+02 2.005583e+02
2.005583e+02 2.005583e+02
2.005583e+02 2.005583e+02
2.005583e+02 2.005583e+02
2.005583e+02 2.005583e+02
2.005583e+02 2.005583e+02
2.005583e+02 2.005583e+02
2.005583e+02 2.005583e+02
2.005583e+02 2.005583e+02
2.005583e+02 2.005583e+02
2.005583e+02 2.005583e+02
2.005583e+02 2.005583e+02
2.005583e+02 2.005583e+02
2.005583e+02 2.005583e+02
2.005583e+02 2.005583e+02
2.005583e+02 2.005583e+02
2.005583e+02 2.005583e+02
2.005583e+02 2.005583e+02
2.005583e+02 2.005583e+02
2.005583e+02 2.005583e+02
2.005583e+02 2.005583e+02
2.005583e+02 2.005583e+02
2.005583e+02 2.005583e+02
2.005583e+02 2.005583e+02
2.005583e+02 2.005583e+02
2.005583e+02 2.005583e+02
2.005583e+02 2.005583e+02
2.005583e+02 2.005583e+02
2.005583e+02 2.005583e+02
2.005583e+02 2.005583e+02
2.005583e+02 2.005583e+02
2.005583e+02 2.005583e+02
2.005583e+02 2.005583e+02
2.005583e+02 2.005583e+02
2.005583e+02 2.005583e+02
2.005583e+02 2.005583e+02
2.005583e+02 2.005583e+02
2.005583e+02 2.005583e+02
2.005583e+02 2.005583e+02
2.005583e+02 2.005583e+02
2.005583e+02 2.005583e+02
2.005583e+02 2.005583e+02
2.005583e+02 2.005583e+02
2.005583e+02 2.005583e+02
2.005583e+02 2.005583e+02
2.483050e+02 2.005583e+02
2.140465e+02 2.005583e+02
2.033105e+02 2.005583e+02
2.005583e+02 2.005583e+02
2.005583e+02 2.005583e+02
2.005583e+02 2.005583e+02
2.005583e+02 2.005583e+02
2.005583e+02 2.005583e+02
2.005583e+02 2.005583e+02
2.005583e+02 2.005583e+02
2.005583e+02 2.005583e+02
2.005583e+02 2.005583e+02
2.005583e+02 2.005583e+02
2.005583e+02 2.005583e+02
2.005583e+02 2.005583e+02
2.005583e+02 2.005583e+02
2.005583e+02 2.005583e+02
2.005583e+02 2.005583e+02
2.005583e+02 2.005583e+02
6.575733e+05 1.908236e+05
1.280607e+04 8.264734e+03
1.294608e+03 1.025697e+03
6.055927e+02 5.885207e+02
4.781122e+02 4.704535e+02
4.166027e+02 4.130133e+02
3.946727e+02 3.919091e+02
3.578839e+02 3.552003e+02
3.293492e+02 3.269241e+02
3.063555e+02 3.051364e+02
2.997788e+02 2.995630e+02
2.984056e+02 2.983010e+02
2.970928e+02 2.969822e+02
2.897795e+02 2.872846e+02
2.616258e+02 2.602144e+02
2.514362e+02 2.510198e+02
2.484863e+02 2.483381e+02
2.472797e+02 2.471560e+02
2.458204e+02 2.457347e+02
2.451636e+02 2.451169e+02
2.445234e+02 2.444691e+02
2.437747e+02 2.437208e+02
2.429628e+02 2.428725e+02
2.419780e+02 2.418517e+02
2.407643e+02 2.406833e+02
2.398598e+02 2.397863e+02
2.382842e+02 2.380839e+02
2.362549e+02 2.360750e+02
2.349325e+02 2.348506e+02
2.341752e+02 2.341219e+02
2.336242e+02 2.335697e+02
2.329471e+02 2.328755e+02
2.320845e+02 2.320263e+02
2.297272e+02 2.290695e+02
2.043981e+02 2.015291e+02
1.686816e+02 1.659962e+02
1.527196e+02 1.521079e+02
1.495357e+02 1.494182e+02
1.485952e+02 1.485049e+02
1.477654e+02 1.477251e+02
1.464777e+02 1.462708e+02
1.455211e+02 1.454746e+02
1.450921e+02 1.450623e+02
1.448374e+02 1.448194e+02
1.446077e+02 1.445912e+02
1.443529e+02 1.443301e+02
1.441472e+02 1.441369e+02
1.439660e+02 1.439458e+02
1.437600e+02 1.437404e+02
1.435556e+02 1.435412e+02
1.434158e+02 1.434074e+02
1.433539e+02 1.433501e+02
1.433221e+02 1.433193e+02
1.432964e+02 1.432943e+02
1.432680e+02 1.432645e+02
1.430945e+02 1.430312e+02
1.426285e+02 1.425867e+02
1.420937e+02 1.420244e+02
1.406731e+02 1.404644e+02
1.362139e+02 1.353102e+02
1.276238e+02 1.268540e+02
1.212612e+02 1.208136e+02
1.154916e+02 1.149987e+02
1.120432e+02 1.117337e+02
1.100036e+02 1.098946e+02
1.086818e+02 1.086027e+02
1.080974e+02 1.080691e+02
1.078555e+02 1.078379e+02
1.076756e+02 1.076632e+02
1.074917e+02 1.074743e+02
1.072307e+02 1.072006e+02
1.068858e+02 1.068506e+02
1.065798e+02 1.065589e+02
1.062512e+02 1.062195e+02
1.059705e+02 1.059424e+02
1.053058e+02 1.052674e+02
1.049998e+02 1.049853e+02
1.049255e+02 1.049228e+02
1.048937e+02 1.048911e+02
1.048383e+02 1.048283e+02
1.044126e+02 1.043516e+02
1.039258e+02 1.038832e+02
1.035859e+02 1.035613e+02
1.034214e+02 1.034139e+02
1.033414e+02 1.033333e+02
1.032279e+02 1.032132e+02
1.027709e+02 1.026884e+02
1.020902e+02 1.020533e+02
1.018349e+02 1.018223e+02
1.017337e+02 1.017284e+02
1.016694e+02 1.016659e+02
1.016313e+02 1.016284e+02
1.016095e+02 1.016082e+02
1.015984e+02 1.015979e+02
1.015928e+02 1.015925e+02
1.015845e+02 1.015832e+02
1.015665e+02 1.015646e+02
1.015198e+02 1.015127e+02
1.013341e+02 1.012958e+02
1.009450e+02 1.008995e+02
1.004693e+02 1.004085e+02
6.810696e+05 2.512305e+05
1.409386e+04 8.973664e+03
1.266641e+03 9.217244e+02
5.338176e+02 5.083609e+02
4.110658e+02 4.006968e+02
3.573253e+02 3.526700e+02
3.208043e+02 3.185802e+02
3.044334e+02 3.027276e+02
2.850953e+02 2.838321e+02
2.727041e+02 2.716319e+02
2.680664e+02 2.678984e+02
2.658494e+02 2.656587e+02
2.634945e+02 2.632819e+02
2.615278e+02 2.613691e+02
2.603749e+02 2.603025e+02
2.592738e+02 2.591721e+02
2.578515e+02 2.577317e+02
2.569346e+02 2.568450e+02
2.556731e+02 2.555866e+02
2.545064e+02 2.543750e+02
2.528907e+02 2.527154e+02
2.504874e+02 2.502720e+02
2.489777e+02 2.489210e+02
2.484148e+02 2.483842e+02
2.479240e+02 2.478971e+02
2.474202e+02 2.473712e+02
2.466644e+02 2.466095e+02
2.460399e+02 2.459841e+02
2.453889e+02 2.453463e+02
2.449437e+02 2.449073e+02
2.445010e+02 2.444635e+02
2.438320e+02 2.437540e+02
2.432005e+02 2.431431e+02
2.425980e+02 2.425625e+02
2.422224e+02 2.421908e+02
2.419015e+02 2.418658e+02
2.414198e+02 2.413869e+02
2.407768e+02 2.407264e+02
2.403378e+02 2.403082e+02
2.400613e+02 2.400357e+02
2.398612e+02 2.398457e+02
2.397238e+02 2.397106e+02
2.394982e+02 2.394868e+02
2.393566e+02 2.393385e+02
2.389800e+02 2.389118e+02
2.380120e+02 2.379091e+02
2.367192e+02 2.365721e+02
2.354834e+02 2.353581e+02
2.345981e+02 2.345450e+02
2.336710e+02 2.335950e+02
2.327359e+02 2.326642e+02
2.316073e+02 2.315051e+02
2.303876e+02 2.302184e+02
2.282448e+02 2.280120e+02
2.244647e+02 2.242326e+02
2.216705e+02 2.214674e+02
2.186137e+02 2.183735e+02
2.163503e+02 2.161704e+02
2.143724e+02 2.141832e+02
2.129131e+02 2.128136e+02
2.118158e+02 2.116946e+02
2.108777e+02 2.107996e+02
2.101405e+02 2.100817e+02
2.097212e+02 2.096835e+02
2.085310e+02 2.080246e+02
1.823220e+02 1.789809e+02
1.555064e+02 1.542859e+02
1.480006e+02 1.477236e+02
1.452551e+02 1.451064e+02
1.439625e+02 1.438809e+02
1.429047e+02 1.428489e+02
1.424371e+02 1.424079e+02
1.421472e+02 1.421272e+02
1.420133e+02 1.420041e+02
1.418935e+02 1.418829e+02
1.418021e+02 1.417959e+02
1.417192e+02 1.417131e+02
1.416627e+02 1.416590e+02
1.416190e+02 1.416159e+02
1.415754e+02 1.415682e+02
1.414511e+02 1.414280e+02
1.410254e+02 1.409896e+02
1.408033e+02 1.407940e+02
1.407112e+02 1.407050e+02
1.406365e+02 1.406327e+02
1.406012e+02 1.405987e+02
1.405702e+02 1.405671e+02
1.405334e+02 1.405303e+02
1.404857e+02 1.404791e+02
1.402864e+02 1.402489e+02
1.397770e+02 1.397263e+02
1.392874e+02 1.392632e+02
1.390550e+02 1.390409e+02
1.388901e+02 1.388783e+02
1.387972e+02 1.387926e+02
1.387633e+02 1.387623e+02
1.387543e+02 1.387539e+02
1.387501e+02 1.387499e+02
1.387476e+02 1.387475e+02
1.387459e+02 1.387458e+02
1.387447e+02 1.387446e+02
6.829929e+05 2.601502e+05
1.231770e+04 7.193652e+03
1.256590e+03 1.013183e+03
4.793148e+02 4.547369e+02
3.500734e+02 3.447519e+02
2.978239e+02 2.942538e+02
2.710495e+02 2.692911e+02
2.632507e+02 2.627241e+02
2.597912e+02 2.594923e+02
2.569234e+02 2.566622e+02
2.549825e+02 2.548837e+02
2.538897e+02 2.538310e+02
2.532216e+02 2.531676e+02
2.527345e+02 2.526923e+02
2.520624e+02 2.519715e+02
2.485876e+02 2.480662e+02
2.288420e+02 2.268402e+02
2.105763e+02 2.096563e+02
2.021487e+02 2.014562e+02
1.892359e+02 1.888359e+02
1.872354e+02 1.871757e+02
1.868082e+02 1.867880e+02
1.864213e+02 1.863801e+02
1.861853e+02 1.861699e+02
1.859752e+02 1.859448e+02
1.856154e+02 1.855868e+02
1.851226e+02 1.850567e+02
1.845834e+02 1.845364e+02
1.837002e+02 1.835730e+02
1.805327e+02 1.798852e+02
1.585679e+02 1.563283e+02
1.364083e+02 1.353539e+02
1.265771e+02 1.260274e+02
1.227998e+02 1.225785e+02
1.207849e+02 1.206592e+02
1.196782e+02 1.196141e+02
1.190519e+02 1.190083e+02
1.185235e+02 1.184901e+02
1.181540e+02 1.181214e+02
1.177795e+02 1.177406e+02
1.173780e+02 1.173388e+02
1.170501e+02 1.170257e+02
1.166695e+02 1.166412e+02
1.162268e+02 1.161705e+02
1.154981e+02 1.154122e+02
1.148663e+02 1.148372e+02
1.146333e+02 1.146208e+02
1.145334e+02 1.145256e+02
1.144371e+02 1.144290e+02
1.142730e+02 1.142359e+02
1.132716e+02 1.131734e+02
1.122965e+02 1.122032e+02
1.111257e+02 1.110043e+02
1.097652e+02 1.096749e+02
1.086578e+02 1.085402e+02
1.066138e+02 1.065056e+02
1.058022e+02 1.057577e+02
1.053987e+02 1.053774e+02
1.052528e+02 1.052464e+02
1.051999e+02 1.051971e+02
1.051778e+02 1.051764e+02
1.051663e+02 1.051657e+02
1.051568e+02 1.051557e+02
1.051469e+02 1.051462e+02
1.051355e+02 1.051340e+02
1.051096e+02 1.051044e+02
1.049818e+02 1.049623e+02
1.047411e+02 1.047220e+02
1.045445e+02 1.045350e+02
1.044326e+02 1.044230e+02
1.043892e+02 1.043861e+02
1.043530e+02 1.043506e+02
1.042810e+02 1.042630e+02
1.038986e+02 1.038686e+02
1.036780e+02 1.036667e+02
1.035373e+02 1.035253e+02
1.033744e+02 1.033653e+02
1.032980e+02 1.032911e+02
1.031955e+02 1.031832e+02
1.030535e+02 1.030348e+02
1.028165e+02 1.027918e+02
1.024977e+02 1.024682e+02
1.021187e+02 1.020580e+02
1.014588e+02 1.013915e+02
1.009619e+02 1.009251e+02
1.006517e+02 1.006303e+02
1.003700e+02 1.003411e+02
1.001695e+02 1.001516e+02
9.998851e+01 9.997202e+01
9.972507e+01 9.969669e+01
9.927139e+01 9.922884e+01
9.867435e+01 9.862755e+01
9.801442e+01 9.796427e+01
9.752518e+01 9.749279e+01
9.718490e+01 9.715853e+01
9.692661e+01 9.690616e+01
9.669935e+01 9.668038e+01
9.633408e+01 9.628293e+01
9.567664e+01 9.564371e+01
9.532304e+01 9.529380e+01
9.512295e+01 9.511375e+01
6.861483e+05 2.674701e+05
1.289331e+04 7.210757e+03
1.306844e+03 1.061993e+03
5.714861e+02 5.526480e+02
4.780074e+02 4.730506e+02
4.384459e+02 4.339663e+02
3.970196e+02 3.949334e+02
3.668285e+02 3.638158e+02
3.203809e+02 3.167703e+02
2.833573e+02 2.808142e+02
2.602065e+02 2.592756e+02
2.546665e+02 2.543537e+02
2.532884e+02 2.532117e+02
2.523026e+02 2.521867e+02
2.514491e+02 2.514029e+02
2.505961e+02 2.505083e+02
2.460474e+02 2.452902e+02
2.202021e+02 2.132100e+02
1.898720e+02 1.886187e+02
1.826076e+02 1.823298e+02
1.808009e+02 1.806960e+02
1.802367e+02 1.802116e+02
1.800180e+02 1.799967e+02
1.798269e+02 1.798101e+02
1.795888e+02 1.795612e+02
1.792441e+02 1.792077e+02
1.788814e+02 1.788451e+02
1.782202e+02 1.781456e+02
1.772859e+02 1.772215e+02
1.767079e+02 1.766746e+02
1.763394e+02 1.763136e+02
1.760639e+02 1.760398e+02
1.756867e+02 1.756349e+02
1.748519e+02 1.747740e+02
1.739249e+02 1.738415e+02
1.732111e+02 1.731585e+02
1.728980e+02 1.728796e+02
1.727364e+02 1.727270e+02
1.726054e+02 1.725958e+02
1.724716e+02 1.724574e+02
1.721611e+02 1.720755e+02
1.703853e+02 1.700617e+02
1.574903e+02 1.558101e+02
1.451520e+02 1.445838e+02
1.398894e+02 1.396380e+02
1.373012e+02 1.370910e+02
1.357168e+02 1.356185e+02
1.346174e+02 1.345290e+02
1.340310e+02 1.339962e+02
1.336809e+02 1.336615e+02
1.335521e+02 1.335457e+02
1.334933e+02 1.334909e+02
1.334649e+02 1.334628e+02
1.334473e+02 1.334460e+02
1.334024e+02 1.333932e+02
1.332430e+02 1.332234e+02
1.330861e+02 1.330745e+02
1.329815e+02 1.329760e+02
1.329331e+02 1.329311e+02
1.329140e+02 1.329132e+02
1.329066e+02 1.329060e+02
1.329013e+02 1.329009e+02
1.328977e+02 1.328975e+02
1.328953e+02 1.328952e+02
1.328940e+02 1.328939e+02
1.328932e+02 1.328932e+02
1.328927e+02 1.328926e+02
1.328922e+02 1.328922e+02
1.328918e+02 1.328917e+02
1.328914e+02 1.328914e+02
1.328904e+02 1.328902e+02
1.326924e+02 1.326532e+02
1.325406e+02 1.325350e+02
1.325050e+02 1.325031e+02
1.324706e+02 1.324657e+02
1.320066e+02 1.319635e+02
1.317469e+02 1.317351e+02
1.316599e+02 1.316546e+02
1.316206e+02 1.316186e+02
1.315978e+02 1.315963e+02
1.315815e+02 1.315803e+02
1.315720e+02 1.315712e+02
1.314551e+02 1.314169e+02
1.310756e+02 1.310482e+02
1.309412e+02 1.309357e+02
1.308957e+02 1.308931e+02
1.308652e+02 1.308630e+02
1.308442e+02 1.308431e+02
1.308290e+02 1.308270e+02
1.304815e+02 1.304383e+02
1.301948e+02 1.301790e+02
1.301011e+02 1.300979e+02
1.300611e+02 1.300578e+02
1.300257e+02 1.300232e+02
1.299900e+02 1.299815e+02
1.296779e+02 1.296255e+02
1.293369e+02 1.293129e+02
1.292077e+02 1.292024e+02
1.291535e+02 1.291505e+02
1.291131e+02 1.291082e+02
1.290619e+02 1.290559e+02
6.638937e+05 2.916607e+05
1.234405e+04 7.589005e+03
1.306289e+03 1.053263e+03
5.954174e+02 5.739141e+02
4.772054e+02 4.706050e+02
4.137708e+02 4.076749e+02
3.604918e+02 3.565941e+02
3.236778e+02 3.176279e+02
2.612358e+02 2.572938e+02
2.404514e+02 2.393769e+02
2.179544e+02 2.132706e+02
1.853935e+02 1.840547e+02
1.769615e+02 1.766837e+02
1.753173e+02 1.752586e+02
1.748376e+02 1.748115e+02
1.746372e+02 1.746203e+02
1.744703e+02 1.744573e+02
1.742839e+02 1.742692e+02
1.739799e+02 1.739456e+02
1.735548e+02 1.734954e+02
1.730204e+02 1.729783e+02
1.723422e+02 1.722886e+02
1.716919e+02 1.716135e+02
1.705701e+02 1.704925e+02
1.696409e+02 1.695875e+02
1.691110e+02 1.690713e+02
1.687013e+02 1.686779e+02
1.682958e+02 1.682650e+02
1.677401e+02 1.676579e+02
1.458868e+02 1.391668e+02
1.115909e+02 1.104502e+02
1.038375e+02 1.034518e+02
1.010241e+02 1.008958e+02
1.001336e+02 1.000809e+02
9.972267e+01 9.970410e+01
9.945275e+01 9.942446e+01
9.905300e+01 9.902914e+01
9.882600e+01 9.880677e+01
9.852580e+01 9.850432e+01
9.823085e+01 9.820582e+01
9.786798e+01 9.782843e+01
9.746851e+01 9.742746e+01
9.680403e+01 9.673276e+01
9.601712e+01 9.596313e+01
9.523187e+01 9.516218e+01
9.445391e+01 9.436513e+01
9.378709e+01 9.374353e+01
9.312248e+01 9.307009e+01
9.251345e+01 9.246000e+01
9.208022e+01 9.204012e+01
9.161522e+01 9.157605e+01
9.106498e+01 9.100125e+01
9.059777e+01 9.055339e+01
9.024873e+01 9.022459e+01
8.996264e+01 8.992899e+01
8.952571e+01 8.948051e+01
8.903745e+01 8.900323e+01
8.869769e+01 8.866233e+01
8.835055e+01 8.831964e+01
8.794328e+01 8.790339e+01
8.745875e+01 8.742165e+01
8.683359e+01 8.678429e+01
8.633384e+01 8.630277e+01
8.597344e+01 8.594608e+01
8.560051e+01 8.558234e+01
8.539534e+01 8.538399e+01
8.532885e+01 8.532538e+01
8.528980e+01 8.528584e+01
8.523756e+01 8.523189e+01
8.508711e+01 8.506198e+01
8.478866e+01 8.476349e+01
8.456004e+01 8.453451e+01
8.440824e+01 8.439982e+01
8.431211e+01 8.430710e+01
8.426971e+01 8.426774e+01
8.424193e+01 8.423983e+01
8.421023e+01 8.420684e+01
8.415726e+01 8.415026e+01
8.395815e+01 8.391867e+01
8.351259e+01 8.347837e+01
8.325329e+01 8.323882e+01
8.316303e+01 8.315852e+01
8.312156e+01 8.311974e+01
8.309410e+01 8.309124e+01
8.305876e+01 8.305496e+01
8.301722e+01 8.301443e+01
8.295098e+01 8.294460e+01
8.285212e+01 8.284163e+01
8.259906e+01 8.256072e+01
8.224317e+01 8.221502e+01
8.205413e+01 8.204171e+01
8.196314e+01 8.195632e+01
8.190367e+01 8.189798e+01
8.184520e+01 8.184044e+01
8.172487e+01 8.170873e+01
8.146888e+01 8.142784e+01
8.097516e+01 8.092397e+01
8.037899e+01 8.032427e+01
7.993230e+01 7.990507e+01
7.964310e+01 7.962143e+01
7.935118e+01 7.932734e+01
6.598014e+05 2.764526e+05
1.381592e+04 7.975860e+03
1.379325e+03 1.064559e+03
5.718562e+02 5.446132e+02
4.337072e+02 4.270470e+02
3.810159e+02 3.773094e+02
3.512472e+02 3.496994e+02
3.250017e+02 3.215620e+02
3.017594e+02 3.003519e+02
2.827562e+02 2.806588e+02
2.608662e+02 2.598777e+02
2.514232e+02 2.507046e+02
2.352100e+02 2.325634e+02
2.066260e+02 2.052103e+02
1.803782e+02 1.779855e+02
1.709190e+02 1.705137e+02
1.678457e+02 1.676793e+02
1.558815e+02 1.546435e+02
1.490323e+02 1.488512e+02
1.479348e+02 1.478651e+02
1.470594e+02 1.469877e+02
1.461955e+02 1.461546e+02
1.457477e+02 1.457038e+02
1.452522e+02 1.451848e+02
1.445318e+02 1.444549e+02
1.439395e+02 1.438934e+02
1.435780e+02 1.435622e+02
1.434789e+02 1.434756e+02
1.434507e+02 1.434495e+02
1.434404e+02 1.434399e+02
1.434352e+02 1.434348e+02
1.434305e+02 1.434302e+02
1.434286e+02 1.434284e+02
1.434277e+02 1.434276e+02
1.434272e+02 1.434271e+02
1.434267e+02 1.434266e+02
1.434249e+02 1.434242e+02
1.433811e+02 1.433735e+02
1.432623e+02 1.432493e+02
1.431778e+02 1.431708e+02
1.431199e+02 1.431161e+02
1.430899e+02 1.430882e+02
1.430760e+02 1.430752e+02
1.430612e+02 1.430599e+02
1.430458e+02 1.430446e+02
1.430357e+02 1.430350e+02
1.430307e+02 1.430305e+02
1.430281e+02 1.430279e+02
1.430257e+02 1.430255e+02
1.428459e+02 1.428131e+02
1.426612e+02 1.426487e+02
1.425414e+02 1.425349e+02
1.424877e+02 1.424850e+02
1.424590e+02 1.424571e+02
1.424339e+02 1.424326e+02
1.424162e+02 1.424146e+02
1.424014e+02 1.423998e+02
1.422081e+02 1.421762e+02
1.418710e+02 1.418513e+02
1.417352e+02 1.417270e+02
1.416487e+02 1.416423e+02
1.415718e+02 1.415610e+02
1.408213e+02 1.407195e+02
1.388412e+02 1.386716e+02
1.380073e+02 1.379479e+02
1.373444e+02 1.373110e+02
1.370078e+02 1.369523e+02
1.362391e+02 1.361742e+02
1.358547e+02 1.358392e+02
1.357479e+02 1.357438e+02
1.357097e+02 1.357060e+02
1.356523e+02 1.356443e+02
1.355513e+02 1.355316e+02
1.350337e+02 1.349732e+02
1.347154e+02 1.346949e+02
1.346174e+02 1.346122e+02
1.345792e+02 1.345763e+02
1.345313e+02 1.345282e+02
1.344924e+02 1.344871e+02
1.342578e+02 1.342031e+02
1.337898e+02 1.337561e+02
1.336108e+02 1.336036e+02
1.335623e+02 1.335599e+02
1.335423e+02 1.335407e+02
1.335201e+02 1.335183e+02
1.335015e+02 1.334996e+02
1.334797e+02 1.334770e+02
1.332533e+02 1.332237e+02
1.330207e+02 1.330033e+02
1.329342e+02 1.329314e+02
1.329140e+02 1.329131e+02
1.329053e+02 1.329048e+02
1.329009e+02 1.329006e+02
1.328976e+02 1.328973e+02
1.328945e+02 1.328942e+02
1.328931e+02 1.328929e+02
1.328922e+02 1.328922e+02
1.328919e+02 1.328918e+02
1.328917e+02 1.328917e+02
1.328916e+02 1.328916e+02
1.328916e+02 1.328916e+02
6.943841e+05 2.716313e+05
1.166916e+04 6.356815e+03
1.208457e+03 8.879276e+02
5.739861e+02 5.533624e+02
4.442403e+02 4.379520e+02
3.820452e+02 3.777228e+02
3.289872e+02 3.235740e+02
2.870047e+02 2.853937e+02
2.752526e+02 2.747394e+02
2.690210e+02 2.681739e+02
2.472522e+02 2.455787e+02
2.353535e+02 2.345655e+02
2.288418e+02 2.284716e+02
2.248578e+02 2.246823e+02
2.232382e+02 2.230376e+02
2.148495e+02 2.135633e+02
1.924958e+02 1.908018e+02
1.828710e+02 1.825654e+02
1.807384e+02 1.806493e+02
1.726029e+02 1.699885e+02
1.592956e+02 1.587660e+02
1.557524e+02 1.555255e+02
1.518352e+02 1.514110e+02
1.482289e+02 1.479881e+02
1.462828e+02 1.461768e+02
1.456214e+02 1.455880e+02
1.453432e+02 1.453294e+02
1.451774e+02 1.451633e+02
1.449353e+02 1.449029e+02
1.444447e+02 1.444207e+02
1.441721e+02 1.441540e+02
1.440007e+02 1.439893e+02
1.438652e+02 1.438506e+02
1.437257e+02 1.437181e+02
1.436594e+02 1.436560e+02
1.436297e+02 1.436285e+02
1.436162e+02 1.436150e+02
1.436044e+02 1.436035e+02
1.435971e+02 1.435966e+02
1.435921e+02 1.435918e+02
1.435895e+02 1.435894e+02
1.435886e+02 1.435885e+02
1.435881e+02 1.435881e+02
1.435879e+02 1.435878e+02
1.435878e+02 1.435877e+02
1.435877e+02 1.435877e+02
1.435877e+02 1.435877e+02
1.435877e+02 1.435877e+02
1.435877e+02 1.435877e+02
1.435877e+02 1.435877e+02
1.435877e+02 1.435877e+02
1.435877e+02 1.435877e+02
1.435877e+02 1.435877e+02
1.435877e+02 1.435877e+02
1.435877e+02 1.435877e+02
1.435877e+02 1.435877e+02
1.435877e+02 1.435877e+02
1.435877e+02 1.435877e+02
1.435877e+02 1.435877e+02
1.435877e+02 1.435877e+02
1.435877e+02 1.435877e+02
1.435877e+02 1.435877e+02
1.435877e+02 1.435877e+02
1.435877e+02 1.435877e+02
1.435877e+02 1.435877e+02
1.435877e+02 1.435877e+02
1.435877e+02 1.435877e+02
1.435877e+02 1.435877e+02
1.435877e+02 1.435877e+02
1.435877e+02 1.435877e+02
1.435877e+02 1.435877e+02
1.435877e+02 1.435877e+02
1.435877e+02 1.435877e+02
1.435877e+02 1.435877e+02
1.435877e+02 1.435877e+02
1.435877e+02 1.435877e+02
1.435877e+02 1.435877e+02
1.435877e+02 1.435877e+02
1.435877e+02 1.435877e+02
1.435877e+02 1.435877e+02
1.435877e+02 1.435877e+02
1.435877e+02 1.435877e+02
1.435877e+02 1.435877e+02
1.435877e+02 1.435877e+02
1.435877e+02 1.435877e+02
1.435877e+02 1.435877e+02
1.435877e+02 1.435877e+02
1.435877e+02 1.435877e+02
1.435877e+02 1.435877e+02
1.435877e+02 1.435877e+02
1.435877e+02 1.435877e+02
1.435877e+02 1.435877e+02
1.435877e+02 1.435877e+02
1.435877e+02 1.435877e+02
1.435877e+02 1.435877e+02
1.435877e+02 1.435877e+02
1.435877e+02 1.435877e+02
1.435877e+02 1.435877e+02
1.435877e+02 1.435877e+02
1.435877e+02 1.435877e+02
1.435877e+02 1.435877e+02
6.727590e+05 2.758187e+05
1.302860e+04 8.492135e+03
1.183982e+03 9.127349e+02
5.293250e+02 5.136625e+02
4.213110e+02 4.124972e+02
3.555345e+02 3.510562e+02
3.199410e+02 3.180317e+02
3.109752e+02 3.106128e+02
3.090710e+02 3.089974e+02
3.077429e+02 3.076162e+02
3.057118e+02 3.055160e+02
3.029569e+02 3.024926e+02
2.833228e+02 2.813103e+02
2.603154e+02 2.591390e+02
2.544914e+02 2.542296e+02
2.527858e+02 2.527054e+02
2.514598e+02 2.512373e+02
2.334475e+02 2.310615e+02
2.110013e+02 2.097162e+02
1.941995e+02 1.926899e+02
1.878401e+02 1.876141e+02
1.857487e+02 1.855232e+02
1.822994e+02 1.819416e+02
1.715841e+02 1.703378e+02
1.524706e+02 1.513768e+02
1.465731e+02 1.463520e+02
1.451756e+02 1.451221e+02
1.446062e+02 1.445770e+02
1.443622e+02 1.443433e+02
1.441202e+02 1.441003e+02
1.438490e+02 1.438289e+02
1.436158e+02 1.436034e+02
1.434928e+02 1.434855e+02
1.434539e+02 1.434516e+02
1.434394e+02 1.434388e+02
1.434346e+02 1.434343e+02
1.434312e+02 1.434308e+02
1.434260e+02 1.434256e+02
1.434170e+02 1.434149e+02
1.433725e+02 1.433658e+02
1.432799e+02 1.432706e+02
1.431574e+02 1.431500e+02
1.430884e+02 1.430854e+02
1.430656e+02 1.430638e+02
1.430483e+02 1.430471e+02
1.430392e+02 1.430385e+02
1.430347e+02 1.430345e+02
1.430324e+02 1.430322e+02
1.430308e+02 1.430307e+02
1.430295e+02 1.430293e+02
1.430276e+02 1.430273e+02
1.426599e+02 1.426336e+02
1.425491e+02 1.425416e+02
1.424856e+02 1.424824e+02
1.424499e+02 1.424479e+02
1.424319e+02 1.424309e+02
1.424144e+02 1.424126e+02
1.423816e+02 1.423687e+02
1.420771e+02 1.420480e+02
1.418309e+02 1.418195e+02
1.417132e+02 1.417068e+02
1.416391e+02 1.416332e+02
1.415413e+02 1.415241e+02
1.410826e+02 1.410271e+02
1.402928e+02 1.402214e+02
1.388006e+02 1.386889e+02
1.377877e+02 1.377393e+02
1.374470e+02 1.374293e+02
1.373132e+02 1.372998e+02
1.370312e+02 1.369572e+02
1.362475e+02 1.361799e+02
1.358948e+02 1.358789e+02
1.357838e+02 1.357784e+02
1.357283e+02 1.357235e+02
1.356628e+02 1.356573e+02
1.354753e+02 1.354379e+02
1.349765e+02 1.349342e+02
1.347235e+02 1.347114e+02
1.346300e+02 1.346256e+02
1.345826e+02 1.345790e+02
1.345350e+02 1.345314e+02
1.344914e+02 1.344868e+02
1.341620e+02 1.341121e+02
1.337333e+02 1.337134e+02
1.335841e+02 1.335780e+02
1.335311e+02 1.335281e+02
1.335036e+02 1.335007e+02
1.334788e+02 1.334766e+02
1.333979e+02 1.333795e+02
1.331176e+02 1.330972e+02
1.329775e+02 1.329708e+02
1.329300e+02 1.329280e+02
1.329078e+02 1.329067e+02
1.328990e+02 1.328987e+02
1.328956e+02 1.328954e+02
1.328941e+02 1.328941e+02
1.328934e+02 1.328933e+02
1.328927e+02 1.328926e+02
1.328922e+02 1.328921e+02
1.328918e+02 1.328918e+02
1.328916e+02 1.328916e+02
6.843795e+05 2.761184e+05
1.314449e+04 7.957970e+03
1.391970e+03 1.075269e+03
5.825238e+02 5.600636e+02
4.439744e+02 4.348955e+02
3.547729e+02 3.486820e+02
2.968584e+02 2.922126e+02
2.598343e+02 2.587280e+02
2.529915e+02 2.527412e+02
2.511918e+02 2.510703e+02
2.497472e+02 2.496306e+02
2.487778e+02 2.486826e+02
2.480449e+02 2.479944e+02
2.475607e+02 2.475233e+02
2.470752e+02 2.470196e+02
2.462114e+02 2.461236e+02
2.452659e+02 2.451809e+02
2.445452e+02 2.444980e+02
2.441051e+02 2.440747e+02
2.437700e+02 2.437483e+02
2.434397e+02 2.434086e+02
2.430137e+02 2.429820e+02
2.426440e+02 2.426166e+02
2.423748e+02 2.423555e+02
2.421263e+02 2.420969e+02
2.400087e+02 2.394551e+02
2.287269e+02 2.274966e+02
2.079059e+02 2.063203e+02
1.977852e+02 1.974005e+02
1.948060e+02 1.946489e+02
1.927050e+02 1.925097e+02
1.899175e+02 1.896451e+02
1.857928e+02 1.853295e+02
1.805944e+02 1.801114e+02
1.757633e+02 1.754351e+02
1.729737e+02 1.727448e+02
1.700172e+02 1.697030e+02
1.640729e+02 1.628871e+02
1.370314e+02 1.344717e+02
1.157649e+02 1.147032e+02
1.061064e+02 1.055872e+02
1.018853e+02 1.016988e+02
1.002859e+02 1.001991e+02
9.919239e+01 9.908430e+01
9.787213e+01 9.780516e+01
9.730486e+01 9.726658e+01
9.700445e+01 9.697788e+01
9.678570e+01 9.676758e+01
9.655563e+01 9.652756e+01
9.608413e+01 9.604305e+01
9.555552e+01 9.551573e+01
9.508024e+01 9.503648e+01
9.473341e+01 9.471753e+01
9.449452e+01 9.446955e+01
9.390266e+01 9.377047e+01
9.293370e+01 9.287912e+01
9.252339e+01 9.250260e+01
9.219406e+01 9.216673e+01
9.188877e+01 9.186434e+01
9.152043e+01 9.149119e+01
9.103119e+01 9.098486e+01
9.045123e+01 9.041158e+01
8.999764e+01 8.996548e+01
8.974395e+01 8.972952e+01
8.956800e+01 8.955387e+01
8.943961e+01 8.942842e+01
8.929266e+01 8.928132e+01
8.916913e+01 8.915873e+01
8.900941e+01 8.899223e+01
8.880091e+01 8.878407e+01
8.860859e+01 8.859585e+01
8.845301e+01 8.844038e+01
8.832094e+01 8.831123e+01
8.824215e+01 8.823723e+01
8.816542e+01 8.815702e+01
8.809035e+01 8.808252e+01
8.802965e+01 8.802516e+01
8.797819e+01 8.797278e+01
8.791177e+01 8.790360e+01
8.785403e+01 8.784962e+01
8.781286e+01 8.780974e+01
8.776693e+01 8.775802e+01
8.749492e+01 8.745336e+01
8.713545e+01 8.710580e+01
8.697183e+01 8.696070e+01
8.687120e+01 8.686443e+01
8.676652e+01 8.675743e+01
8.668445e+01 8.667711e+01
8.658650e+01 8.657715e+01
8.644098e+01 8.642162e+01
8.619790e+01 8.617080e+01
8.566876e+01 8.559389e+01
8.497874e+01 8.493467e+01
8.448980e+01 8.446142e+01
8.415480e+01 8.413064e+01
8.384348e+01 8.381664e+01
8.355787e+01 8.353427e+01
8.325468e+01 8.322876e+01
8.287242e+01 8.283734e+01
8.247272e+01 8.243543e+01
8.221498e+01 8.219039e+01
6.560387e+05 3.180320e+05
1.192747e+04 7.775556e+03
1.302263e+03 1.074460e+03
5.855291e+02 5.660410e+02
4.772606e+02 4.672185e+02
3.822845e+02 3.750187e+02
3.251957e+02 3.222301e+02
3.020406e+02 3.010664e+02
2.975876e+02 2.973814e+02
2.958539e+02 2.957737e+02
2.949729e+02 2.948922e+02
2.930123e+02 2.925867e+02
2.813805e+02 2.797692e+02
2.582547e+02 2.566744e+02
2.471812e+02 2.466713e+02
2.433962e+02 2.431462e+02
2.412354e+02 2.411535e+02
2.399821e+02 2.397917e+02
2.388838e+02 2.388218e+02
2.379124e+02 2.378131e+02
2.366106e+02 2.364807e+02
2.145598e+02 2.068016e+02
1.764467e+02 1.745544e+02
1.686587e+02 1.683860e+02
1.670315e+02 1.669797e+02
1.664771e+02 1.664489e+02
1.661621e+02 1.661397e+02
1.659120e+02 1.658863e+02
1.653833e+02 1.653184e+02
1.643738e+02 1.642642e+02
1.614497e+02 1.603121e+02
1.394794e+02 1.373867e+02
1.151744e+02 1.132495e+02
1.046154e+02 1.038879e+02
9.933745e+01 9.909756e+01
9.633909e+01 9.620774e+01
9.536287e+01 9.532040e+01
9.494255e+01 9.490192e+01
9.456304e+01 9.454230e+01
9.432677e+01 9.431366e+01
9.419065e+01 9.418026e+01
9.404048e+01 9.402818e+01
9.389110e+01 9.387626e+01
9.351031e+01 9.345913e+01
9.293433e+01 9.288129e+01
9.263529e+01 9.262045e+01
9.250690e+01 9.249718e+01
9.244236e+01 9.243899e+01
9.238621e+01 9.238188e+01
9.232411e+01 9.231899e+01
9.227441e+01 9.227090e+01
9.222334e+01 9.221846e+01
9.213577e+01 9.211864e+01
9.185971e+01 9.180871e+01
9.143048e+01 9.140303e+01
9.113481e+01 9.111648e+01
9.096722e+01 9.095365e+01
9.088111e+01 9.087480e+01
9.081202e+01 9.080566e+01
9.072840e+01 9.071976e+01
9.053477e+01 9.051197e+01
9.012992e+01 9.010004e+01
8.988694e+01 8.986414e+01
8.976382e+01 8.975868e+01
8.971250e+01 8.970851e+01
8.966718e+01 8.966392e+01
8.958228e+01 8.956315e+01
8.924416e+01 8.919849e+01
8.894206e+01 8.892670e+01
8.879611e+01 8.878702e+01
8.872472e+01 8.872093e+01
8.868825e+01 8.868609e+01
8.866280e+01 8.866015e+01
8.861949e+01 8.861357e+01
8.838109e+01 8.834313e+01
8.801434e+01 8.797506e+01
8.780179e+01 8.779187e+01
8.770632e+01 8.770105e+01
8.764365e+01 8.763662e+01
8.756345e+01 8.755730e+01
8.746307e+01 8.745107e+01
8.732409e+01 8.731075e+01
8.716535e+01 8.715252e+01
8.687131e+01 8.683301e+01
8.647001e+01 8.643239e+01
8.592522e+01 8.587744e+01
8.541969e+01 8.537780e+01
8.501102e+01 8.498678e+01
8.476574e+01 8.473409e+01
8.456122e+01 8.454594e+01
8.438084e+01 8.436535e+01
8.411292e+01 8.407875e+01
8.369045e+01 8.364809e+01
8.340161e+01 8.338491e+01
8.311788e+01 8.309086e+01
8.275721e+01 8.273127e+01
8.246929e+01 8.244208e+01
8.219441e+01 8.216115e+01
8.195940e+01 8.194487e+01
8.174425e+01 8.171491e+01
8.142303e+01 8.139001e+01
6.674779e+05 2.805514e+05
1.298171e+04 6.502766e+03
1.213029e+03 9.497288e+02
5.421415e+02 5.181722e+02
4.034980e+02 3.955058e+02
3.475554e+02 3.428168e+02
3.162973e+02 3.141545e+02
2.951948e+02 2.929496e+02
2.723900e+02 2.707742e+02
2.630339e+02 2.627435e+02
2.595586e+02 2.593668e+02
2.560345e+02 2.557309e+02
2.532805e+02 2.531234e+02
2.518894e+02 2.518329e+02
2.511201e+02 2.510548e+02
2.505760e+02 2.505343e+02
2.502383e+02 2.502167e+02
2.500228e+02 2.500058e+02
2.498221e+02 2.498083e+02
2.496114e+02 2.495918e+02
2.489799e+02 2.488890e+02
2.476266e+02 2.474882e+02
2.464515e+02 2.463565e+02
2.452339e+02 2.450979e+02
2.433952e+02 2.431365e+02
2.398736e+02 2.395635e+02
2.352638e+02 2.346983e+02
2.278721e+02 2.269303e+02
2.145547e+02 2.133092e+02
2.054042e+02 2.049190e+02
2.013139e+02 2.010781e+02
1.996332e+02 1.995571e+02
1.985996e+02 1.985175e+02
1.972259e+02 1.970662e+02
1.959646e+02 1.958989e+02
1.954726e+02 1.954521e+02
1.952540e+02 1.952384e+02
1.948338e+02 1.947845e+02
1.936693e+02 1.934984e+02
1.922476e+02 1.921262e+02
1.909901e+02 1.908701e+02
1.888252e+02 1.886711e+02
1.876973e+02 1.876499e+02
1.873773e+02 1.873646e+02
1.872335e+02 1.872172e+02
1.869827e+02 1.869455e+02
1.865571e+02 1.865132e+02
1.860498e+02 1.860049e+02
1.855658e+02 1.855127e+02
1.847843e+02 1.846863e+02
1.836193e+02 1.835143e+02
1.826164e+02 1.825466e+02
1.820531e+02 1.820177e+02
1.817366e+02 1.817144e+02
1.815256e+02 1.815043e+02
1.811519e+02 1.811170e+02
1.806927e+02 1.806536e+02
1.798126e+02 1.797132e+02
1.791081e+02 1.790662e+02
1.784644e+02 1.784091e+02
1.777923e+02 1.777284e+02
1.768309e+02 1.767016e+02
1.757155e+02 1.756587e+02
1.751971e+02 1.751661e+02
1.749229e+02 1.748937e+02
1.747398e+02 1.747268e+02
1.745516e+02 1.745304e+02
1.740561e+02 1.739735e+02
1.731770e+02 1.730835e+02
1.721558e+02 1.719940e+02
1.700442e+02 1.699035e+02
1.689820e+02 1.689383e+02
1.678315e+02 1.675714e+02
1.635677e+02 1.633152e+02
1.616661e+02 1.616034e+02
1.610869e+02 1.610586e+02
1.608912e+02 1.608833e+02
1.607805e+02 1.607709e+02
1.606310e+02 1.606127e+02
1.602912e+02 1.602512e+02
1.598120e+02 1.597741e+02
1.592811e+02 1.592127e+02
1.584292e+02 1.583595e+02
1.579752e+02 1.579476e+02
1.575104e+02 1.574734e+02
1.570412e+02 1.570070e+02
1.567338e+02 1.567144e+02
1.565062e+02 1.564883e+02
1.562870e+02 1.562661e+02
1.561000e+02 1.560854e+02
1.557219e+02 1.556531e+02
1.547011e+02 1.546384e+02
1.541467e+02 1.541001e+02
1.536471e+02 1.536122e+02
1.531043e+02 1.530515e+02
1.525609e+02 1.525052e+02
1.521942e+02 1.521684e+02
1.517963e+02 1.517584e+02
1.513412e+02 1.512826e+02
1.508601e+02 1.508109e+02
1.503567e+02 1.503148e+02
6.560543e+05 2.757252e+05
1.115279e+04 6.629898e+03
1.119623e+03 9.048934e+02
5.328434e+02 5.113412e+02
4.094722e+02 3.996851e+02
3.000125e+02 2.913617e+02
2.194811e+02 2.143780e+02
1.838713e+02 1.815408e+02
1.588712e+02 1.573448e+02
1.494360e+02 1.488952e+02
1.466619e+02 1.464875e+02
1.456776e+02 1.456211e+02
1.449991e+02 1.449539e+02
1.443375e+02 1.442968e+02
1.437435e+02 1.436920e+02
1.430256e+02 1.429780e+02
1.425244e+02 1.424948e+02
1.422915e+02 1.422800e+02
1.421824e+02 1.421723e+02
1.420092e+02 1.419849e+02
1.417789e+02 1.417642e+02
1.416657e+02 1.416588e+02
1.415972e+02 1.415913e+02
1.411372e+02 1.410519e+02
1.405106e+02 1.404515e+02
1.387096e+02 1.385340e+02
1.375707e+02 1.375290e+02
1.373345e+02 1.373279e+02
1.372077e+02 1.371830e+02
1.366136e+02 1.365353e+02
1.359893e+02 1.359579e+02
1.357570e+02 1.357443e+02
1.356623e+02 1.356556e+02
1.355684e+02 1.355530e+02
1.351216e+02 1.350478e+02
1.347047e+02 1.346868e+02
1.345938e+02 1.345883e+02
1.345325e+02 1.345266e+02
1.344811e+02 1.344757e+02
1.341063e+02 1.340464e+02
1.337354e+02 1.337163e+02
1.336042e+02 1.335950e+02
1.335596e+02 1.335569e+02
1.335177e+02 1.335152e+02
1.334852e+02 1.334818e+02
1.334022e+02 1.333879e+02
1.331621e+02 1.331377e+02
1.330042e+02 1.329951e+02
1.329326e+02 1.329297e+02
1.329141e+02 1.329133e+02
1.329043e+02 1.329034e+02
1.328984e+02 1.328981e+02
1.328891e+02 1.328866e+02
1.326529e+02 1.326156e+02
1.325206e+02 1.325134e+02
1.323746e+02 1.323380e+02
1.319202e+02 1.318843e+02
1.317258e+02 1.317151e+02
1.316583e+02 1.316557e+02
1.316296e+02 1.316274e+02
1.316120e+02 1.316107e+02
1.315962e+02 1.315950e+02
1.315846e+02 1.315840e+02
1.315762e+02 1.315757e+02
1.315685e+02 1.315678e+02
1.313208e+02 1.312716e+02
1.310362e+02 1.310196e+02
1.309236e+02 1.309173e+02
1.308631e+02 1.308593e+02
1.308359e+02 1.308338e+02
1.306860e+02 1.306460e+02
1.302784e+02 1.302555e+02
1.301412e+02 1.301341e+02
1.300793e+02 1.300772e+02
1.300508e+02 1.300485e+02
1.300294e+02 1.300277e+02
1.300022e+02 1.299998e+02
1.299004e+02 1.298713e+02
1.295723e+02 1.295496e+02
1.293375e+02 1.293214e+02
1.292265e+02 1.292216e+02
1.291729e+02 1.291693e+02
1.291299e+02 1.291247e+02
1.290749e+02 1.290683e+02
1.288629e+02 1.288012e+02
1.281266e+02 1.280696e+02
1.276732e+02 1.276324e+02
1.272059e+02 1.271635e+02
1.268151e+02 1.267955e+02
1.266424e+02 1.266343e+02
1.265568e+02 1.265504e+02
1.264666e+02 1.264572e+02
1.263697e+02 1.263612e+02
1.262708e+02 1.262601e+02
1.261652e+02 1.261571e+02
1.260875e+02 1.260823e+02
1.260467e+02 1.260443e+02
1.260292e+02 1.260283e+02
1.260201e+02 1.260195e+02
1.260131e+02 1.260125e+02
1.260065e+02 1.260059e+02
6.913463e+05 2.515393e+05
1.285511e+04 7.702478e+03
1.205478e+03 1.001364e+03
5.622100e+02 5.444111e+02
3.975503e+02 3.822232e+02
3.170961e+02 3.134970e+02
2.943068e+02 2.921047e+02
2.570308e+02 2.532667e+02
2.256565e+02 2.229344e+02
2.124882e+02 2.120282e+02
2.095651e+02 2.094719e+02
2.088399e+02 2.087903e+02
2.082829e+02 2.082419e+02
2.077816e+02 2.077410e+02
2.074114e+02 2.073937e+02
2.072276e+02 2.072182e+02
2.070894e+02 2.070802e+02
2.068570e+02 2.068115e+02
2.058707e+02 2.056970e+02
1.957911e+02 1.938403e+02
1.785120e+02 1.772170e+02
1.700488e+02 1.695674e+02
1.672571e+02 1.671321e+02
1.663583e+02 1.663213e+02
1.660463e+02 1.660268e+02
1.656986e+02 1.656408e+02
1.579099e+02 1.556173e+02
1.467836e+02 1.461651e+02
1.442625e+02 1.441974e+02
1.438630e+02 1.438476e+02
1.437051e+02 1.436941e+02
1.435737e+02 1.435661e+02
1.435022e+02 1.434967e+02
1.434571e+02 1.434548e+02
1.434309e+02 1.434287e+02
1.434182e+02 1.434177e+02
1.434126e+02 1.434123e+02
1.434090e+02 1.434087e+02
1.434059e+02 1.434056e+02
1.434013e+02 1.434008e+02
1.433972e+02 1.433970e+02
1.433955e+02 1.433954e+02
1.433947e+02 1.433947e+02
1.433943e+02 1.433943e+02
1.433938e+02 1.433938e+02
1.433936e+02 1.433935e+02
1.433934e+02 1.433934e+02
1.433933e+02 1.433933e+02
1.433932e+02 1.433932e+02
1.433932e+02 1.433932e+02
1.433932e+02 1.433932e+02
1.433932e+02 1.433932e+02
1.433932e+02 1.433932e+02
1.433932e+02 1.433932e+02
1.433932e+02 1.433932e+02
1.433932e+02 1.433932e+02
1.433932e+02 1.433932e+02
1.433932e+02 1.433932e+02
1.433932e+02 1.433932e+02
1.433932e+02 1.433932e+02
1.433932e+02 1.433932e+02
1.433932e+02 1.433932e+02
1.433932e+02 1.433932e+02
1.433932e+02 1.433932e+02
1.433932e+02 1.433932e+02
1.433932e+02 1.433932e+02
1.433932e+02 1.433932e+02
1.433932e+02 1.433932e+02
1.433932e+02 1.433932e+02
1.433932e+02 1.433932e+02
1.433932e+02 1.433932e+02
1.433932e+02 1.433932e+02
1.433932e+02 1.433932e+02
1.433932e+02 1.433932e+02
1.433932e+02 1.433932e+02
1.433932e+02 1.433932e+02
1.433932e+02 1.433932e+02
1.433932e+02 1.433932e+02
1.433932e+02 1.433932e+02
1.433932e+02 1.433932e+02
1.433932e+02 1.433932e+02
1.433932e+02 1.433932e+02
1.433932e+02 1.433932e+02
1.433932e+02 1.433932e+02
1.433932e+02 1.433932e+02
1.433932e+02 1.433932e+02
1.433932e+02 1.433932e+02
1.433932e+02 1.433932e+02
1.433932e+02 1.433932e+02
1.433932e+02 1.433932e+02
1.433932e+02 1.433932e+02
1.433932e+02 1.433932e+02
1.433932e+02 1.433932e+02
1.433932e+02 1.433932e+02
1.433932e+02 1.433932e+02
1.433932e+02 1.433932e+02
1.433932e+02 1.433932e+02
1.433932e+02 1.433932e+02
1.433932e+02 1.433932e+02
1.433932e+02 1.433932e+02
1.433932e+02 1.433932e+02
6.700468e+05 2.262279e+05
1.410487e+04 5.861068e+03
1.260365e+03 1.003284e+03
5.454136e+02 5.247647e+02
4.343534e+02 4.284220e+02
4.000349e+02 3.981547e+02
3.785160e+02 3.762522e+02
3.466442e+02 3.441357e+02
3.106679e+02 3.077389e+02
2.879853e+02 2.865159e+02
2.756230e+02 2.747791e+02
2.671935e+02 2.666031e+02
2.580156e+02 2.567147e+02
2.325520e+02 2.306017e+02
2.184164e+02 2.176916e+02
2.125027e+02 2.121120e+02
2.082426e+02 2.078481e+02
2.037715e+02 2.034535e+02
1.996581e+02 1.994073e+02
1.956025e+02 1.952103e+02
1.905852e+02 1.901811e+02
1.879276e+02 1.877835e+02
1.866567e+02 1.865907e+02
1.861332e+02 1.861054e+02
1.857866e+02 1.857477e+02
1.850017e+02 1.848948e+02
1.835531e+02 1.834566e+02
1.823759e+02 1.822677e+02
1.814404e+02 1.813612e+02
1.806489e+02 1.805807e+02
1.800851e+02 1.800601e+02
1.798307e+02 1.798180e+02
1.796856e+02 1.796754e+02
1.795781e+02 1.795706e+02
1.794948e+02 1.794896e+02
1.794392e+02 1.794368e+02
1.794164e+02 1.794144e+02
1.793903e+02 1.793878e+02
1.793001e+02 1.792812e+02
1.789501e+02 1.788847e+02
1.781189e+02 1.780605e+02
1.776617e+02 1.776326e+02
1.772806e+02 1.772427e+02
1.765086e+02 1.763962e+02
1.753940e+02 1.752801e+02
1.745216e+02 1.744739e+02
1.739893e+02 1.739381e+02
1.735286e+02 1.734880e+02
1.732186e+02 1.731954e+02
1.729144e+02 1.728790e+02
1.725599e+02 1.725174e+02
1.720379e+02 1.719819e+02
1.715990e+02 1.715652e+02
1.712546e+02 1.712126e+02
1.708442e+02 1.708103e+02
1.704331e+02 1.704039e+02
1.699910e+02 1.699562e+02
1.695567e+02 1.695106e+02
1.690523e+02 1.690018e+02
1.683274e+02 1.682269e+02
1.613784e+02 1.602793e+02
1.482028e+02 1.462766e+02
1.254716e+02 1.239081e+02
1.142153e+02 1.136641e+02
1.095735e+02 1.093045e+02
1.078495e+02 1.077534e+02
1.070189e+02 1.069679e+02
1.062360e+02 1.061730e+02
1.052304e+02 1.051421e+02
1.044951e+02 1.044299e+02
1.038669e+02 1.038085e+02
1.034157e+02 1.033948e+02
1.032438e+02 1.032352e+02
1.031415e+02 1.031342e+02
1.030533e+02 1.030443e+02
1.029361e+02 1.029237e+02
1.027320e+02 1.027117e+02
1.024217e+02 1.023927e+02
1.021201e+02 1.020966e+02
1.017758e+02 1.017556e+02
1.014676e+02 1.014324e+02
1.011433e+02 1.011163e+02
1.009097e+02 1.008900e+02
1.007644e+02 1.007541e+02
1.006302e+02 1.006204e+02
1.005295e+02 1.005209e+02
1.004463e+02 1.004383e+02
1.003614e+02 1.003540e+02
1.002938e+02 1.002862e+02
1.002472e+02 1.002429e+02
1.002091e+02 1.002067e+02
1.001807e+02 1.001784e+02
1.001409e+02 1.001369e+02
1.000931e+02 1.000889e+02
1.000324e+02 1.000266e+02
9.997561e+01 9.996867e+01
9.986394e+01 9.984517e+01
9.940308e+01 9.932410e+01
9.863393e+01 9.856173e+01
9.777667e+01 9.771468e+01
9.694423e+01 9.688020e+01
6.588664e+05 2.757657e+05
1.330685e+04 8.140431e+03
1.354252e+03 1.113097e+03
5.984064e+02 5.759579e+02
3.951400e+02 3.774090e+02
2.786207e+02 2.709552e+02
2.242606e+02 2.222658e+02
2.053166e+02 2.037547e+02
1.750740e+02 1.714198e+02
1.540591e+02 1.531257e+02
1.484805e+02 1.482759e+02
1.471614e+02 1.471009e+02
1.466612e+02 1.466283e+02
1.462187e+02 1.461877e+02
1.458234e+02 1.457827e+02
1.453650e+02 1.453266e+02
1.448689e+02 1.448341e+02
1.445204e+02 1.444987e+02
1.442371e+02 1.442169e+02
1.439199e+02 1.438944e+02
1.436937e+02 1.436811e+02
1.435964e+02 1.435917e+02
1.435590e+02 1.435570e+02
1.435420e+02 1.435404e+02
1.435301e+02 1.435292e+02
1.435161e+02 1.435149e+02
1.435021e+02 1.435008e+02
1.434885e+02 1.434877e+02
1.434804e+02 1.434799e+02
1.434758e+02 1.434756e+02
1.434727e+02 1.434725e+02
1.434710e+02 1.434709e+02
1.434705e+02 1.434704e+02
1.434703e+02 1.434703e+02
1.434702e+02 1.434702e+02
1.434702e+02 1.434702e+02
1.434702e+02 1.434701e+02
1.434701e+02 1.434701e+02
1.434701e+02 1.434701e+02
1.434701e+02 1.434701e+02
1.434701e+02 1.434701e+02
1.434701e+02 1.434701e+02
1.434701e+02 1.434701e+02
1.434701e+02 1.434701e+02
1.434701e+02 1.434701e+02
1.434701e+02 1.434701e+02
1.434701e+02 1.434701e+02
1.434701e+02 1.434701e+02
1.434701e+02 1.434701e+02
1.434701e+02 1.434701e+02
1.434701e+02 1.434701e+02
1.434701e+02 1.434701e+02
1.434701e+02 1.434701e+02
1.434701e+02 1.434701e+02
1.434701e+02 1.434701e+02
1.434701e+02 1.434701e+02
1.434701e+02 1.434701e+02
1.434701e+02 1.434701e+02
1.434701e+02 1.434701e+02
1.434701e+02 1.434701e+02
1.434701e+02 1.434701e+02
1.434701e+02 1.434701e+02
1.434701e+02 1.434701e+02
1.434701e+02 1.434701e+02
1.434701e+02 1.434701e+02
1.434701e+02 1.434701e+02
1.434701e+02 1.434701e+02
1.434701e+02 1.434701e+02
1.434701e+02 1.434701e+02
1.434701e+02 1.434701e+02
1.434701e+02 1.434701e+02
1.434701e+02 1.434701e+02
1.434701e+02 1.434701e+02
1.434701e+02 1.434701e+02
1.434701e+02 1.434701e+02
1.434701e+02 1.434701e+02
1.434701e+02 1.434701e+02
1.434701e+02 1.434701e+02
1.434701e+02 1.434701e+02
1.434701e+02 1.434701e+02
1.434701e+02 1.434701e+02
1.434701e+02 1.434701e+02
1.434701e+02 1.434701e+02
1.434701e+02 1.434701e+02
1.434701e+02 1.434701e+02
1.434701e+02 1.434701e+02
1.434701e+02 1.434701e+02
1.434701e+02 1.434701e+02
1.434701e+02 1.434701e+02
1.434701e+02 1.434701e+02
1.434701e+02 1.434701e+02
1.434701e+02 1.434701e+02
1.434701e+02 1.434701e+02
1.434701e+02 1.434701e+02
1.434701e+02 1.434701e+02
1.434701e+02 1.434701e+02
1.434701e+02 1.434701e+02
1.434701e+02 1.434701e+02
1.434701e+02 1.434701e+02
1.434701e+02 1.434701e+02
1.434701e+02 1.434701e+02
6.747991e+05 2.834388e+05
1.222324e+04 6.611938e+03
1.287540e+03 1.082182e+03
6.035931e+02 5.854432e+02
4.856494e+02 4.789476e+02
4.312867e+02 4.276175e+02
4.117960e+02 4.108720e+02
3.962039e+02 3.945773e+02
3.747058e+02 3.721258e+02
3.451411e+02 3.432210e+02
3.311196e+02 3.306329e+02
3.270981e+02 3.269044e+02
3.243585e+02 3.241219e+02
3.218742e+02 3.216982e+02
3.194669e+02 3.192574e+02
3.160821e+02 3.157818e+02
3.136531e+02 3.134247e+02
3.100801e+02 3.096026e+02
3.002841e+02 2.991392e+02
2.884583e+02 2.874842e+02
2.827275e+02 2.823844e+02
2.800623e+02 2.799217e+02
2.784915e+02 2.783738e+02
2.772727e+02 2.772096e+02
2.762298e+02 2.761192e+02
2.749893e+02 2.748906e+02
2.738571e+02 2.737222e+02
2.723566e+02 2.722174e+02
2.705431e+02 2.704209e+02
2.697505e+02 2.697160e+02
2.694047e+02 2.693703e+02
2.690779e+02 2.690525e+02
2.688253e+02 2.688078e+02
2.685449e+02 2.685161e+02
2.680066e+02 2.679191e+02
2.663052e+02 2.660678e+02
2.585427e+02 2.572631e+02
2.489764e+02 2.486128e+02
2.461264e+02 2.460136e+02
2.448159e+02 2.447224e+02
2.437849e+02 2.436999e+02
2.407875e+02 2.403581e+02
2.377498e+02 2.376572e+02
2.368275e+02 2.367737e+02
2.364432e+02 2.364142e+02
2.362016e+02 2.361850e+02
2.358937e+02 2.358440e+02
2.354670e+02 2.354287e+02
2.349925e+02 2.349598e+02
2.345890e+02 2.345532e+02
2.340601e+02 2.340158e+02
2.335019e+02 2.334504e+02
2.327636e+02 2.326732e+02
2.316448e+02 2.315432e+02
2.304303e+02 2.303311e+02
2.287457e+02 2.284435e+02
2.020708e+02 1.983280e+02
1.754405e+02 1.735405e+02
1.663966e+02 1.659415e+02
1.631790e+02 1.630780e+02
1.623541e+02 1.623238e+02
1.620752e+02 1.620619e+02
1.619156e+02 1.619026e+02
1.618044e+02 1.617972e+02
1.617183e+02 1.617128e+02
1.616848e+02 1.616826e+02
1.616540e+02 1.616511e+02
1.616233e+02 1.616208e+02
1.615765e+02 1.615701e+02
1.614598e+02 1.614418e+02
1.612583e+02 1.612408e+02
1.610276e+02 1.610063e+02
1.608625e+02 1.608537e+02
1.608065e+02 1.608030e+02
1.607684e+02 1.607658e+02
1.607354e+02 1.607331e+02
1.607064e+02 1.607032e+02
1.606828e+02 1.606811e+02
1.606641e+02 1.606621e+02
1.605791e+02 1.605594e+02
1.601667e+02 1.601337e+02
1.599275e+02 1.599122e+02
1.597956e+02 1.597872e+02
1.597388e+02 1.597368e+02
1.597066e+02 1.597037e+02
1.596752e+02 1.596731e+02
1.596295e+02 1.596208e+02
1.593001e+02 1.592574e+02
1.589550e+02 1.589219e+02
1.586978e+02 1.586807e+02
1.585075e+02 1.584969e+02
1.582435e+02 1.582002e+02
1.576789e+02 1.576246e+02
1.571310e+02 1.570940e+02
1.568943e+02 1.568786e+02
1.567069e+02 1.566893e+02
1.563297e+02 1.562710e+02
1.558471e+02 1.558042e+02
1.555757e+02 1.555625e+02
1.554628e+02 1.554552e+02
1.553127e+02 1.552838e+02
6.736689e+05 2.529366e+05
1.331511e+04 7.430900e+03
1.284915e+03 1.042700e+03
5.155666e+02 4.916454e+02
3.755870e+02 3.675693e+02
3.257570e+02 3.232010e+02
2.983045e+02 2.953499e+02
2.691118e+02 2.669747e+02
2.588119e+02 2.584959e+02
2.563071e+02 2.561564e+02
2.550093e+02 2.549245e+02
2.540979e+02 2.540189e+02
2.531502e+02 2.530778e+02
2.524964e+02 2.524442e+02
2.521043e+02 2.520819e+02
2.517661e+02 2.517343e+02
2.513294e+02 2.512751e+02
2.503429e+02 2.502404e+02
2.492144e+02 2.491028e+02
2.481052e+02 2.480253e+02
2.472680e+02 2.471862e+02
2.464935e+02 2.464343e+02
2.456410e+02 2.455691e+02
2.441003e+02 2.438679e+02
2.322874e+02 2.298477e+02
1.989929e+02 1.958339e+02
1.817733e+02 1.808840e+02
1.763798e+02 1.761620e+02
1.748481e+02 1.747829e+02
1.741634e+02 1.741035e+02
1.736743e+02 1.736369e+02
1.731531e+02 1.731234e+02
1.727570e+02 1.727299e+02
1.721896e+02 1.721292e+02
1.717166e+02 1.716864e+02
1.713886e+02 1.713590e+02
1.710795e+02 1.710572e+02
1.707900e+02 1.707553e+02
1.703933e+02 1.703595e+02
1.698677e+02 1.697991e+02
1.691292e+02 1.690469e+02
1.681231e+02 1.680366e+02
1.672553e+02 1.671962e+02
1.666589e+02 1.666005e+02
1.660415e+02 1.659811e+02
1.652804e+02 1.652085e+02
1.643669e+02 1.642814e+02
1.634024e+02 1.633519e+02
1.625471e+02 1.624619e+02
1.616551e+02 1.615893e+02
1.609774e+02 1.609167e+02
1.603865e+02 1.603191e+02
1.594707e+02 1.593658e+02
1.582029e+02 1.581168e+02
1.572823e+02 1.572378e+02
1.567527e+02 1.567065e+02
1.561530e+02 1.560905e+02
1.556319e+02 1.555864e+02
1.550571e+02 1.550204e+02
1.547364e+02 1.547091e+02
1.544403e+02 1.544087e+02
1.540423e+02 1.539915e+02
1.536044e+02 1.535604e+02
1.529922e+02 1.529238e+02
1.519851e+02 1.518246e+02
1.452958e+02 1.439918e+02
1.158818e+02 1.120175e+02
9.461915e+01 9.348262e+01
8.769613e+01 8.737230e+01
8.581152e+01 8.572834e+01
8.526905e+01 8.525042e+01
8.511735e+01 8.510843e+01
8.504369e+01 8.503863e+01
8.498885e+01 8.498475e+01
8.493963e+01 8.493405e+01
8.468040e+01 8.463524e+01
8.440748e+01 8.439476e+01
8.425523e+01 8.424312e+01
8.402520e+01 8.400276e+01
8.342799e+01 8.337810e+01
8.294201e+01 8.291093e+01
8.261361e+01 8.259422e+01
8.231895e+01 8.229059e+01
8.188274e+01 8.184406e+01
8.134316e+01 8.129946e+01
8.095822e+01 8.093554e+01
8.071576e+01 8.069014e+01
8.042161e+01 8.039712e+01
8.016233e+01 8.013622e+01
7.988093e+01 7.986270e+01
7.956940e+01 7.954443e+01
7.917083e+01 7.911925e+01
7.871770e+01 7.867700e+01
7.821191e+01 7.816967e+01
7.778026e+01 7.775385e+01
7.746873e+01 7.744704e+01
7.715902e+01 7.713508e+01
7.679838e+01 7.676443e+01
7.636380e+01 7.631655e+01
7.584151e+01 7.580419e+01
7.549667e+01 7.547182e+01
6.752516e+05 3.081017e+05
1.130303e+04 6.630777e+03
1.071194e+03 9.032266e+02
5.229608e+02 5.071086e+02
3.991671e+02 3.867842e+02
3.209744e+02 3.168295e+02
2.922243e+02 2.906948e+02
2.651628e+02 2.625398e+02
2.532574e+02 2.525710e+02
2.467404e+02 2.460111e+02
2.285381e+02 2.272481e+02
2.187182e+02 2.180835e+02
2.132344e+02 2.127647e+02
1.927799e+02 1.903158e+02
1.809869e+02 1.806424e+02
1.786473e+02 1.785594e+02
1.779056e+02 1.778725e+02
1.776081e+02 1.775827e+02
1.772714e+02 1.772314e+02
1.765576e+02 1.764652e+02
1.759643e+02 1.759172e+02
1.754522e+02 1.754088e+02
1.749593e+02 1.749106e+02
1.743226e+02 1.742660e+02
1.733671e+02 1.732319e+02
1.718614e+02 1.717522e+02
1.709077e+02 1.708540e+02
1.701469e+02 1.700904e+02
1.693973e+02 1.693426e+02
1.688576e+02 1.688067e+02
1.683901e+02 1.683350e+02
1.678894e+02 1.678352e+02
1.664034e+02 1.659536e+02
1.452645e+02 1.420563e+02
1.194420e+02 1.179278e+02
1.067500e+02 1.060205e+02
1.025784e+02 1.024138e+02
1.012484e+02 1.011901e+02
1.007326e+02 1.006935e+02
1.003189e+02 1.002882e+02
1.000137e+02 9.999663e+01
9.979342e+01 9.977942e+01
9.966034e+01 9.965450e+01
9.960553e+01 9.960194e+01
9.957279e+01 9.956996e+01
9.954919e+01 9.954745e+01
9.950272e+01 9.949384e+01
9.920769e+01 9.918549e+01
9.910860e+01 9.910083e+01
9.899789e+01 9.898504e+01
9.879507e+01 9.876859e+01
9.847165e+01 9.842040e+01
9.793683e+01 9.788746e+01
9.744973e+01 9.740190e+01
9.679209e+01 9.674061e+01
9.625222e+01 9.620652e+01
9.585799e+01 9.583513e+01
9.558188e+01 9.555660e+01
9.533212e+01 9.530758e+01
9.508979e+01 9.507078e+01
9.484578e+01 9.480844e+01
9.444171e+01 9.439380e+01
9.388785e+01 9.383648e+01
9.328224e+01 9.322502e+01
9.249698e+01 9.241211e+01
9.199178e+01 9.196399e+01
9.166701e+01 9.164264e+01
9.141078e+01 9.139292e+01
9.122409e+01 9.121652e+01
9.113495e+01 9.112693e+01
9.103868e+01 9.102763e+01
9.091810e+01 9.090611e+01
9.075978e+01 9.074626e+01
9.053381e+01 9.049537e+01
9.024040e+01 9.018991e+01
8.977998e+01 8.973667e+01
8.944868e+01 8.942386e+01
8.916522e+01 8.913919e+01
8.895781e+01 8.894500e+01
8.885625e+01 8.884921e+01
8.879749e+01 8.879406e+01
8.874862e+01 8.874494e+01
8.870060e+01 8.869527e+01
8.866272e+01 8.865999e+01
8.862691e+01 8.862397e+01
8.854076e+01 8.851356e+01
8.806823e+01 8.803019e+01
8.783185e+01 8.782018e+01
8.773101e+01 8.772514e+01
8.767828e+01 8.767509e+01
8.764779e+01 8.764420e+01
8.761916e+01 8.761759e+01
8.759955e+01 8.759829e+01
8.752463e+01 8.749444e+01
8.710755e+01 8.705108e+01
8.682160e+01 8.680645e+01
8.669468e+01 8.668926e+01
8.664874e+01 8.664586e+01
8.659519e+01 8.658921e+01
8.653293e+01 8.652593e+01
8.642342e+01 8.640419e+01
7.118170e+05 2.745270e+05
1.249757e+04 6.736894e+03
1.213126e+03 9.446415e+02
5.710021e+02 5.520588e+02
4.349792e+02 4.276255e+02
3.764172e+02 3.704594e+02
3.276782e+02 3.245983e+02
3.029435e+02 3.019105e+02
2.975025e+02 2.973252e+02
2.959370e+02 2.958473e+02
2.953472e+02 2.952976e+02
2.948554e+02 2.947854e+02
2.939122e+02 2.938071e+02
2.925355e+02 2.923874e+02
2.911065e+02 2.910135e+02
2.900463e+02 2.899806e+02
2.891877e+02 2.891055e+02
2.884120e+02 2.883454e+02
2.874794e+02 2.873662e+02
2.862082e+02 2.860760e+02
2.823851e+02 2.810186e+02
2.462961e+02 2.431992e+02
2.257675e+02 2.249461e+02
2.189363e+02 2.186700e+02
2.163789e+02 2.161313e+02
2.145059e+02 2.144195e+02
2.136335e+02 2.135751e+02
2.119614e+02 2.114919e+02
1.820032e+02 1.787674e+02
1.420651e+02 1.384951e+02
1.078690e+02 1.059664e+02
8.914943e+01 8.834306e+01
8.423600e+01 8.403368e+01
8.279347e+01 8.271616e+01
8.197079e+01 8.193425e+01
8.171461e+01 8.169978e+01
8.150493e+01 8.147540e+01
8.111597e+01 8.108200e+01
8.059465e+01 8.053781e+01
8.012946e+01 8.010293e+01
7.990219e+01 7.989079e+01
7.965824e+01 7.963875e+01
7.939643e+01 7.937120e+01
7.898090e+01 7.893959e+01
7.841263e+01 7.837867e+01
7.791151e+01 7.786763e+01
7.742767e+01 7.739009e+01
7.699076e+01 7.695684e+01
7.658085e+01 7.653592e+01
7.618516e+01 7.615428e+01
7.575580e+01 7.570748e+01
7.529156e+01 7.525388e+01
7.472021e+01 7.463573e+01
7.415227e+01 7.412014e+01
7.367926e+01 7.362938e+01
7.320296e+01 7.316292e+01
7.283557e+01 7.279618e+01
7.243578e+01 7.239808e+01
7.214005e+01 7.210931e+01
7.178579e+01 7.175120e+01
7.143829e+01 7.140078e+01
7.109591e+01 7.107245e+01
7.081071e+01 7.077866e+01
7.048675e+01 7.045797e+01
7.010201e+01 7.005012e+01
6.965432e+01 6.961784e+01
6.926803e+01 6.924430e+01
6.894121e+01 6.891255e+01
6.852517e+01 6.849597e+01
6.813402e+01 6.809369e+01
6.766801e+01 6.762291e+01
6.700297e+01 6.695813e+01
6.571323e+01 6.556012e+01
5.032710e+01 4.729286e+01
1.448281e+01 1.239672e+01
5.372203e+00 5.116624e+00
2.347136e+00 2.168348e+00
7.608792e-01 6.979290e-01
3.026931e-01 2.843518e-01
1.910287e-01 1.873714e-01
1.641264e-01 1.630250e-01
1.567204e-01 1.563368e-01
1.527534e-01 1.525205e-01
1.500490e-01 1.498275e-01
1.465084e-01 1.460578e-01
1.398364e-01 1.389159e-01
1.294516e-01 1.283660e-01
1.117308e-01 1.092083e-01
8.878656e-02 8.669670e-02
7.000435e-02 6.821130e-02
5.399514e-02 5.223182e-02
3.630787e-02 3.477531e-02
2.317391e-02 2.217014e-02
1.586541e-02 1.548928e-02
1.123465e-02 1.084158e-02
6.887224e-03 6.584758e-03
4.728083e-03 4.558020e-03
3.456629e-03 3.339269e-03
2.465846e-03 2.393693e-03
1.997743e-03 1.954249e-03
1.633932e-03 1.608138e-03
6.576826e+05 2.963254e+05
1.370580e+04 6.987657e+03
1.254387e+03 1.019031e+03
6.243160e+02 6.084470e+02
5.283977e+02 5.126591e+02
4.279859e+02 4.216263e+02
3.836018e+02 3.811192e+02
3.553504e+02 3.527563e+02
3.064457e+02 3.007362e+02
2.629735e+02 2.588138e+02
2.350799e+02 2.341193e+02
2.291357e+02 2.288847e+02
2.276247e+02 2.275507e+02
2.270511e+02 2.270274e+02
2.267664e+02 2.267414e+02
2.265174e+02 2.264973e+02
2.261753e+02 2.261449e+02
2.249552e+02 2.247413e+02
2.200732e+02 2.195745e+02
1.831459e+02 1.772685e+02
1.326391e+02 1.291826e+02
1.091882e+02 1.081145e+02
9.962056e+01 9.920322e+01
9.597744e+01 9.582771e+01
9.461235e+01 9.455052e+01
9.423151e+01 9.421217e+01
9.401993e+01 9.399784e+01
9.363024e+01 9.357288e+01
9.324132e+01 9.321663e+01
9.296699e+01 9.294031e+01
9.267472e+01 9.263793e+01
9.218259e+01 9.213498e+01
9.160936e+01 9.156510e+01
9.111903e+01 9.108554e+01
9.059903e+01 9.056201e+01
9.009594e+01 9.003637e+01
8.957126e+01 8.953967e+01
8.922546e+01 8.920581e+01
8.892493e+01 8.890391e+01
8.853260e+01 8.850190e+01
8.823272e+01 8.820819e+01
8.780444e+01 8.775223e+01
8.726741e+01 8.719682e+01
8.675947e+01 8.672655e+01
8.623920e+01 8.617201e+01
8.579495e+01 8.576019e+01
8.540157e+01 8.536725e+01
8.506584e+01 8.503097e+01
8.439928e+01 8.433717e+01
8.395820e+01 8.392027e+01
8.354563e+01 8.351176e+01
8.315762e+01 8.313652e+01
8.290024e+01 8.287606e+01
8.239795e+01 8.234706e+01
8.192418e+01 8.189622e+01
8.152724e+01 8.149736e+01
8.107728e+01 8.103881e+01
8.059884e+01 8.056988e+01
8.016611e+01 8.013087e+01
7.955548e+01 7.946448e+01
7.879129e+01 7.873798e+01
7.832959e+01 7.829273e+01
7.795009e+01 7.791699e+01
7.754159e+01 7.751306e+01
7.714622e+01 7.711153e+01
7.676345e+01 7.672888e+01
7.614308e+01 7.608828e+01
7.534499e+01 7.522642e+01
7.235006e+01 7.121671e+01
3.811005e+01 3.581449e+01
2.067660e+01 1.973790e+01
1.222779e+01 1.182160e+01
9.214228e+00 9.089784e+00
8.419059e+00 8.391347e+00
8.199124e+00 8.186625e+00
8.097707e+00 8.092019e+00
8.031486e+00 8.025853e+00
7.939368e+00 7.928270e+00
7.755495e+00 7.733531e+00
7.493989e+00 7.475478e+00
7.259064e+00 7.237508e+00
7.070480e+00 7.056002e+00
6.877325e+00 6.862911e+00
6.671659e+00 6.651861e+00
6.414373e+00 6.394328e+00
6.130999e+00 6.111748e+00
5.849044e+00 5.824674e+00
5.625944e+00 5.606756e+00
5.413997e+00 5.388698e+00
5.196480e+00 5.180071e+00
4.999101e+00 4.984558e+00
4.838745e+00 4.825251e+00
4.693696e+00 4.679789e+00
4.578794e+00 4.565668e+00
4.447900e+00 4.437319e+00
4.340018e+00 4.332004e+00
4.258393e+00 4.251621e+00
4.197725e+00 4.192546e+00
4.148878e+00 4.145002e+00
4.111260e+00 4.109048e+00
4.082386e+00 4.079910e+00
6.572243e+05 2.692476e+05
1.175778e+04 7.333272e+03
1.111511e+03 9.064592e+02
5.231783e+02 5.033673e+02
3.890406e+02 3.790474e+02
3.242179e+02 3.209001e+02
3.048426e+02 3.031929e+02
2.725435e+02 2.695450e+02
2.589064e+02 2.582889e+02
2.554490e+02 2.552627e+02
2.535898e+02 2.533685e+02
2.510387e+02 2.508232e+02
2.465569e+02 2.456603e+02
2.310821e+02 2.295899e+02
2.156946e+02 2.147724e+02
2.069844e+02 2.065948e+02
2.025559e+02 2.023348e+02
2.007355e+02 2.006394e+02
1.996698e+02 1.995594e+02
1.980841e+02 1.979192e+02
1.944001e+02 1.939793e+02
1.894124e+02 1.888166e+02
1.862821e+02 1.861218e+02
1.843555e+02 1.842059e+02
1.826770e+02 1.825619e+02
1.813101e+02 1.812285e+02
1.804474e+02 1.803807e+02
1.798438e+02 1.798112e+02
1.794686e+02 1.794487e+02
1.792994e+02 1.792891e+02
1.791822e+02 1.791709e+02
1.790123e+02 1.789916e+02
1.785509e+02 1.784788e+02
1.683344e+02 1.650465e+02
1.354835e+02 1.334602e+02
1.217453e+02 1.211774e+02
1.180877e+02 1.179899e+02
1.171780e+02 1.171413e+02
1.169381e+02 1.169241e+02
1.167949e+02 1.167834e+02
1.166813e+02 1.166690e+02
1.165607e+02 1.165524e+02
1.164545e+02 1.164470e+02
1.163798e+02 1.163743e+02
1.163362e+02 1.163326e+02
1.163066e+02 1.163039e+02
1.162784e+02 1.162759e+02
1.161441e+02 1.161093e+02
1.155939e+02 1.155635e+02
1.153348e+02 1.153104e+02
1.151614e+02 1.151516e+02
1.150943e+02 1.150903e+02
1.150552e+02 1.150535e+02
1.150382e+02 1.150375e+02
1.150327e+02 1.150324e+02
1.150303e+02 1.150301e+02
1.148870e+02 1.148264e+02
1.145293e+02 1.145022e+02
1.143833e+02 1.143750e+02
1.143120e+02 1.143073e+02
1.142819e+02 1.142805e+02
1.142717e+02 1.142713e+02
1.142678e+02 1.142676e+02
1.142664e+02 1.142663e+02
1.142657e+02 1.142657e+02
1.142651e+02 1.142650e+02
1.142644e+02 1.142644e+02
1.142639e+02 1.142639e+02
1.142629e+02 1.142627e+02
1.140597e+02 1.139991e+02
1.137931e+02 1.137771e+02
1.136189e+02 1.135978e+02
1.132599e+02 1.132197e+02
1.127032e+02 1.126505e+02
1.122386e+02 1.121972e+02
1.116896e+02 1.116358e+02
1.107508e+02 1.106781e+02
1.098308e+02 1.097572e+02
1.088981e+02 1.088395e+02
1.084121e+02 1.083820e+02
1.081983e+02 1.081850e+02
1.080061e+02 1.079932e+02
1.078497e+02 1.078394e+02
1.077451e+02 1.077358e+02
1.076755e+02 1.076716e+02
1.076398e+02 1.076374e+02
1.076155e+02 1.076139e+02
1.075992e+02 1.075983e+02
1.075911e+02 1.075906e+02
1.075863e+02 1.075860e+02
1.075837e+02 1.075836e+02
1.075823e+02 1.075822e+02
1.075813e+02 1.075812e+02
1.075773e+02 1.075761e+02
1.074632e+02 1.074487e+02
1.073660e+02 1.073569e+02
1.072029e+02 1.071839e+02
1.069935e+02 1.069775e+02
1.066354e+02 1.066047e+02
1.062938e+02 1.062718e+02
1.058225e+02 1.057619e+02
6.526127e+05 2.576601e+05
1.308178e+04 6.862661e+03
1.300063e+03 1.055388e+03
5.786007e+02 5.543748e+02
4.227643e+02 4.085122e+02
3.609056e+02 3.588795e+02
3.435157e+02 3.418110e+02
3.161715e+02 3.143871e+02
3.028972e+02 3.018800e+02
2.764760e+02 2.738525e+02
2.596410e+02 2.589960e+02
2.551541e+02 2.549844e+02
2.534521e+02 2.533327e+02
2.524863e+02 2.524149e+02
2.517994e+02 2.517533e+02
2.512034e+02 2.511423e+02
2.499627e+02 2.498180e+02
2.473614e+02 2.470060e+02
2.450343e+02 2.449321e+02
2.440613e+02 2.440030e+02
2.433355e+02 2.432728e+02
2.423361e+02 2.422496e+02
2.413850e+02 2.412769e+02
2.397224e+02 2.395409e+02
2.377320e+02 2.375285e+02
2.297640e+02 2.267945e+02
1.899973e+02 1.877777e+02
1.736947e+02 1.732081e+02
1.705296e+02 1.704240e+02
1.694031e+02 1.693537e+02
1.689358e+02 1.689014e+02
1.686422e+02 1.686200e+02
1.684071e+02 1.683863e+02
1.680200e+02 1.679704e+02
1.671712e+02 1.670780e+02
1.664049e+02 1.663588e+02
1.659299e+02 1.658996e+02
1.656561e+02 1.656386e+02
1.654116e+02 1.653866e+02
1.650479e+02 1.650073e+02
1.644886e+02 1.644375e+02
1.638538e+02 1.637989e+02
1.631340e+02 1.630715e+02
1.622492e+02 1.621646e+02
1.614856e+02 1.614340e+02
1.608047e+02 1.607094e+02
1.595801e+02 1.594957e+02
1.588340e+02 1.587771e+02
1.582495e+02 1.582045e+02
1.575282e+02 1.574652e+02
1.566225e+02 1.565119e+02
1.498162e+02 1.477780e+02
1.145921e+02 1.115352e+02
9.678989e+01 9.595892e+01
9.172635e+01 9.153287e+01
8.964318e+01 8.954677e+01
8.885524e+01 8.880842e+01
8.846849e+01 8.843871e+01
8.819760e+01 8.818409e+01
8.797725e+01 8.795435e+01
8.775156e+01 8.773354e+01
8.737955e+01 8.734063e+01
8.704070e+01 8.701554e+01
8.678515e+01 8.675512e+01
8.639625e+01 8.635619e+01
8.604906e+01 8.602724e+01
8.573281e+01 8.570854e+01
8.544285e+01 8.541025e+01
8.511662e+01 8.509431e+01
8.488723e+01 8.487077e+01
8.473783e+01 8.472936e+01
8.464602e+01 8.463774e+01
8.453184e+01 8.451688e+01
8.427741e+01 8.425425e+01
8.398343e+01 8.396263e+01
8.374664e+01 8.373244e+01
8.363448e+01 8.362704e+01
8.356536e+01 8.355802e+01
8.348820e+01 8.348003e+01
8.327853e+01 8.325714e+01
8.316552e+01 8.315793e+01
8.305044e+01 8.303690e+01
8.260738e+01 8.253603e+01
8.203929e+01 8.198776e+01
8.168344e+01 8.165993e+01
8.146320e+01 8.144486e+01
8.123942e+01 8.121776e+01
8.083666e+01 8.079753e+01
8.030142e+01 8.025930e+01
7.994236e+01 7.991203e+01
7.955173e+01 7.952154e+01
7.922850e+01 7.921168e+01
7.898981e+01 7.897406e+01
7.875923e+01 7.873571e+01
7.842232e+01 7.838580e+01
7.795345e+01 7.790018e+01
7.739534e+01 7.735131e+01
7.689568e+01 7.685505e+01
7.643325e+01 7.639685e+01
7.616617e+01 7.614508e+01
7.584956e+01 7.582195e+01
6.703460e+05 2.368179e+05
1.154177e+04 6.402419e+03
1.128575e+03 9.350702e+02
5.419716e+02 5.160137e+02
4.326639e+02 4.251015e+02
3.733850e+02 3.706931e+02
3.458203e+02 3.421851e+02
2.893455e+02 2.859961e+02
2.553017e+02 2.518665e+02
2.179562e+02 2.156497e+02
1.999425e+02 1.990999e+02
1.938941e+02 1.936581e+02
1.923080e+02 1.922524e+02
1.917663e+02 1.917226e+02
1.912337e+02 1.911844e+02
1.906770e+02 1.906335e+02
1.900622e+02 1.899957e+02
1.893427e+02 1.892808e+02
1.886347e+02 1.885710e+02
1.879581e+02 1.878819e+02
1.871997e+02 1.871489e+02
1.865213e+02 1.864577e+02
1.860339e+02 1.859964e+02
1.854920e+02 1.854435e+02
1.849793e+02 1.849274e+02
1.844058e+02 1.843462e+02
1.837924e+02 1.837397e+02
1.831634e+02 1.831030e+02
1.825712e+02 1.825215e+02
1.818978e+02 1.818503e+02
1.812585e+02 1.811997e+02
1.805737e+02 1.805045e+02
1.797665e+02 1.796897e+02
1.789318e+02 1.788798e+02
1.783066e+02 1.782451e+02
1.776318e+02 1.775566e+02
1.767680e+02 1.766549e+02
1.754851e+02 1.753765e+02
1.741628e+02 1.740564e+02
1.728947e+02 1.728243e+02
1.720112e+02 1.719432e+02
1.711734e+02 1.711086e+02
1.705059e+02 1.704486e+02
1.697228e+02 1.696429e+02
1.687874e+02 1.686570e+02
1.672899e+02 1.671425e+02
1.659111e+02 1.657843e+02
1.646810e+02 1.645595e+02
1.636287e+02 1.635558e+02
1.628041e+02 1.627235e+02
1.616550e+02 1.615431e+02
1.598580e+02 1.595674e+02
1.408889e+02 1.378456e+02
1.104834e+02 1.083296e+02
9.933271e+01 9.896741e+01
9.502122e+01 9.485045e+01
9.373362e+01 9.367130e+01
9.323595e+01 9.320630e+01
9.301748e+01 9.300189e+01
9.286321e+01 9.284870e+01
9.271046e+01 9.269274e+01
9.248508e+01 9.246548e+01
9.218797e+01 9.215843e+01
9.178022e+01 9.174352e+01
9.132152e+01 9.128367e+01
9.076910e+01 9.072407e+01
9.039567e+01 9.036675e+01
9.014089e+01 9.012344e+01
8.987051e+01 8.983668e+01
8.947096e+01 8.943329e+01
8.907594e+01 8.903569e+01
8.858230e+01 8.852565e+01
8.803863e+01 8.798346e+01
8.760879e+01 8.757978e+01
8.729785e+01 8.727277e+01
8.702852e+01 8.701061e+01
8.688980e+01 8.688175e+01
8.681147e+01 8.680590e+01
8.674384e+01 8.673960e+01
8.668470e+01 8.667927e+01
8.660899e+01 8.660228e+01
8.650440e+01 8.648872e+01
8.624818e+01 8.621908e+01
8.591746e+01 8.587330e+01
8.558932e+01 8.557225e+01
8.543162e+01 8.541817e+01
8.532773e+01 8.532182e+01
8.527395e+01 8.526956e+01
8.521784e+01 8.521324e+01
8.517070e+01 8.516683e+01
8.511134e+01 8.510602e+01
8.493149e+01 8.490849e+01
8.454385e+01 8.450209e+01
8.428823e+01 8.427360e+01
8.416378e+01 8.415832e+01
8.411709e+01 8.411481e+01
8.408342e+01 8.408081e+01
8.404786e+01 8.404465e+01
8.401860e+01 8.401690e+01
8.399437e+01 8.399098e+01
8.390764e+01 8.386996e+01
