1.488045e+10 1.743199e+09
5.256612e+09 9.345705e+08
2.420617e+09 6.105423e+08
1.548717e+09 3.316928e+08
1.003529e+09 2.641170e+08
6.512696e+08 1.137493e+08
3.720886e+08 9.414091e+07
1.983899e+08 5.478365e+07
1.084639e+08 3.501810e+07
6.190368e+07 2.045855e+07
3.590273e+07 1.202620e+07
2.157558e+07 6.997936e+06
1.317709e+07 4.698757e+06
7.475544e+06 2.932253e+06
4.627140e+06 1.875568e+06
2.640374e+06 1.025080e+06
1.645952e+06 6.857307e+05
9.616566e+05 4.088159e+05
5.763441e+05 2.453534e+05
3.771332e+05 1.621159e+05
2.318406e+05 1.034683e+05
1.477720e+05 6.534779e+04
9.589409e+04 5.014706e+04
6.046573e+04 3.419897e+04
4.323572e+04 2.812361e+04
3.166006e+04 2.063259e+04
2.365744e+04 1.715829e+04
1.933826e+04 1.447171e+04
1.647322e+04 1.308333e+04
1.452851e+04 1.089467e+04
1.341506e+04 1.089467e+04
1.238030e+04 7.996938e+03
1.157634e+04 7.996938e+03
1.088169e+04 7.996938e+03
1.033763e+04 7.996938e+03
9.786497e+03 7.658055e+03
9.226721e+03 6.672072e+03
8.767424e+03 6.672072e+03
8.355664e+03 6.139121e+03
7.881255e+03 5.923423e+03
7.375887e+03 5.290080e+03
6.859540e+03 4.957674e+03
6.267381e+03 4.778400e+03
5.724509e+03 4.306523e+03
5.055249e+03 3.574898e+03
4.400192e+03 3.386260e+03
3.872395e+03 3.077860e+03
3.462998e+03 2.922067e+03
3.159814e+03 2.739160e+03
2.879386e+03 2.598285e+03
2.650083e+03 2.474552e+03
2.466279e+03 2.346090e+03
2.335957e+03 2.272135e+03
2.250313e+03 2.218789e+03
2.194338e+03 2.171068e+03
2.158523e+03 2.142370e+03
2.133654e+03 2.125002e+03
2.120042e+03 2.114497e+03
2.105728e+03 2.100744e+03
2.097604e+03 2.094495e+03
2.092293e+03 2.090052e+03
2.088147e+03 2.086914e+03
2.085022e+03 2.084090e+03
2.083162e+03 2.082609e+03
2.081513e+03 2.080953e+03
2.080210e+03 2.079826e+03
2.078936e+03 2.078524e+03
2.077862e+03 2.077542e+03
2.077169e+03 2.076955e+03
2.076573e+03 2.076377e+03
2.076179e+03 2.076069e+03
2.075858e+03 2.075766e+03
2.075591e+03 2.075525e+03
2.075399e+03 2.075354e+03
2.075268e+03 2.075238e+03
2.075169e+03 2.075149e+03
2.075085e+03 2.075065e+03
2.074987e+03 2.074964e+03
2.074898e+03 2.074879e+03
2.074812e+03 2.074791e+03
2.074742e+03 2.074730e+03
2.074679e+03 2.074665e+03
2.074616e+03 2.074607e+03
2.074566e+03 2.074555e+03
2.074516e+03 2.074508e+03
2.074469e+03 2.074463e+03
2.074421e+03 2.074416e+03
2.074387e+03 2.074382e+03
2.074355e+03 2.074350e+03
2.074324e+03 2.074322e+03
2.074292e+03 2.074288e+03
2.074264e+03 2.074261e+03
2.074240e+03 2.074238e+03
2.074219e+03 2.074217e+03
2.074203e+03 2.074201e+03
2.074185e+03 2.074184e+03
2.074175e+03 2.074174e+03
2.074168e+03 2.074168e+03
2.074163e+03 2.074163e+03
2.074158e+03 2.074158e+03
2.074157e+03 2.074157e+03
1.465458e+10 2.599563e+09
5.153415e+09 1.138027e+09
2.497805e+09 4.634825e+08
1.610364e+09 2.284919e+08
1.019702e+09 2.214869e+08
6.612444e+08 1.766763e+08
3.852867e+08 6.289639e+07
2.022897e+08 6.281668e+07
1.094729e+08 3.767238e+07
6.229375e+07 1.278512e+07
3.602155e+07 1.097247e+07
2.145796e+07 6.519414e+06
1.276893e+07 5.057047e+06
7.176185e+06 2.771214e+06
4.523455e+06 1.698910e+06
2.652347e+06 1.293772e+06
1.652939e+06 6.416573e+05
9.663141e+05 4.325923e+05
5.747319e+05 2.829368e+05
3.765712e+05 1.489341e+05
2.269486e+05 1.016670e+05
1.403399e+05 6.825622e+04
9.037036e+04 4.769004e+04
5.522959e+04 2.952024e+04
3.828724e+04 2.103058e+04
2.809999e+04 1.944433e+04
2.122931e+04 1.446406e+04
1.774454e+04 1.230466e+04
1.534061e+04 1.203564e+04
1.385618e+04 1.042887e+04
1.291329e+04 9.700389e+03
1.207633e+04 8.551138e+03
1.150629e+04 8.551138e+03
1.089432e+04 8.322502e+03
1.041192e+04 8.047351e+03
9.981045e+03 7.504777e+03
9.513106e+03 6.570022e+03
9.116244e+03 6.570022e+03
8.764119e+03 6.570022e+03
8.406749e+03 6.018843e+03
8.063372e+03 5.768947e+03
7.783940e+03 5.592441e+03
7.466217e+03 5.592441e+03
7.149043e+03 5.345750e+03
6.767244e+03 5.067727e+03
6.363438e+03 4.712579e+03
5.925160e+03 3.902165e+03
5.382345e+03 3.899447e+03
4.774911e+03 3.232790e+03
4.054450e+03 2.886358e+03
3.317771e+03 2.173064e+03
2.479517e+03 1.806205e+03
1.875227e+03 1.623012e+03
1.552384e+03 1.449223e+03
1.406701e+03 1.364072e+03
1.327015e+03 1.301195e+03
1.272523e+03 1.252860e+03
1.234191e+03 1.214471e+03
1.198906e+03 1.183459e+03
1.165690e+03 1.153193e+03
1.144944e+03 1.136428e+03
1.128961e+03 1.123108e+03
1.115334e+03 1.111841e+03
1.106548e+03 1.103272e+03
1.098463e+03 1.095799e+03
1.093492e+03 1.091936e+03
1.089458e+03 1.088246e+03
1.086811e+03 1.086181e+03
1.084835e+03 1.084293e+03
1.083237e+03 1.082779e+03
1.081881e+03 1.081498e+03
1.080919e+03 1.080634e+03
1.080187e+03 1.079996e+03
1.079604e+03 1.079478e+03
1.079090e+03 1.078907e+03
1.078642e+03 1.078551e+03
1.078327e+03 1.078267e+03
1.078087e+03 1.078038e+03
1.077896e+03 1.077857e+03
1.077645e+03 1.077585e+03
1.077416e+03 1.077375e+03
1.077256e+03 1.077218e+03
1.077107e+03 1.077084e+03
1.076990e+03 1.076968e+03
1.076882e+03 1.076868e+03
1.076804e+03 1.076794e+03
1.076748e+03 1.076739e+03
1.076703e+03 1.076698e+03
1.076660e+03 1.076655e+03
1.076621e+03 1.076618e+03
1.076591e+03 1.076586e+03
1.076550e+03 1.076544e+03
1.076517e+03 1.076515e+03
1.076500e+03 1.076499e+03
1.076469e+03 1.076467e+03
1.076443e+03 1.076441e+03
1.076418e+03 1.076417e+03
1.076396e+03 1.076396e+03
1.076375e+03 1.076375e+03
1.076363e+03 1.076363e+03
1.076358e+03 1.076358e+03
1.490024e+10 2.510322e+09
5.066712e+09 1.023847e+09
2.363122e+09 6.442982e+08
1.529438e+09 3.132957e+08
9.909457e+08 2.726347e+08
6.237815e+08 1.398504e+08
3.543642e+08 1.033678e+08
1.899235e+08 4.941223e+07
1.050810e+08 3.206317e+07
6.073996e+07 1.560064e+07
3.600733e+07 1.105179e+07
2.174674e+07 7.668830e+06
1.287775e+07 5.272073e+06
7.293276e+06 2.103518e+06
4.506818e+06 1.670423e+06
2.684688e+06 1.196734e+06
1.739031e+06 7.983958e+05
1.010334e+06 3.983703e+05
5.797801e+05 2.743555e+05
3.675703e+05 1.579143e+05
2.264156e+05 1.150887e+05
1.440100e+05 7.073096e+04
9.243544e+04 4.751220e+04
5.760201e+04 3.261076e+04
3.953288e+04 2.238213e+04
2.854593e+04 1.825089e+04
2.135459e+04 1.462454e+04
1.780551e+04 1.314330e+04
1.549079e+04 1.192918e+04
1.409022e+04 1.115994e+04
1.324899e+04 9.790613e+03
1.260332e+04 9.790613e+03
1.208012e+04 9.617637e+03
1.160942e+04 9.123023e+03
1.128548e+04 9.111410e+03
1.103225e+04 8.720773e+03
1.075405e+04 8.380322e+03
1.053054e+04 8.380322e+03
1.033652e+04 8.199754e+03
1.013410e+04 8.199754e+03
9.940445e+03 8.002856e+03
9.769971e+03 8.002856e+03
9.594184e+03 7.961265e+03
9.427477e+03 7.515700e+03
9.258074e+03 7.184473e+03
9.073917e+03 7.097118e+03
8.867566e+03 6.857143e+03
8.643834e+03 6.672345e+03
8.419594e+03 6.672345e+03
8.171029e+03 6.460713e+03
7.832902e+03 5.436042e+03
7.129841e+03 5.297976e+03
6.032725e+03 4.516414e+03
4.872130e+03 3.837468e+03
4.063137e+03 3.641200e+03
3.654939e+03 3.442356e+03
3.444681e+03 3.346883e+03
3.342343e+03 3.279672e+03
3.233420e+03 3.190850e+03
3.151016e+03 3.120751e+03
3.105307e+03 3.089076e+03
3.068463e+03 3.054724e+03
3.037683e+03 3.028848e+03
3.021240e+03 3.015753e+03
3.008081e+03 3.002779e+03
2.995595e+03 2.991106e+03
2.986191e+03 2.983274e+03
2.978214e+03 2.975909e+03
2.972764e+03 2.971130e+03
2.969277e+03 2.968090e+03
2.966039e+03 2.965089e+03
2.962955e+03 2.962264e+03
2.960868e+03 2.960283e+03
2.959139e+03 2.958608e+03
2.957746e+03 2.957429e+03
2.956715e+03 2.956458e+03
2.955977e+03 2.955821e+03
2.955347e+03 2.955179e+03
2.954882e+03 2.954791e+03
2.954511e+03 2.954437e+03
2.954143e+03 2.954089e+03
2.953910e+03 2.953871e+03
2.953698e+03 2.953645e+03
2.953481e+03 2.953449e+03
2.953303e+03 2.953278e+03
2.953164e+03 2.953141e+03
2.953004e+03 2.952986e+03
2.952871e+03 2.952853e+03
2.952748e+03 2.952729e+03
2.952638e+03 2.952628e+03
2.952562e+03 2.952553e+03
2.952515e+03 2.952511e+03
2.952476e+03 2.952473e+03
2.952437e+03 2.952435e+03
2.952407e+03 2.952405e+03
2.952370e+03 2.952367e+03
2.952348e+03 2.952347e+03
2.952323e+03 2.952322e+03
2.952293e+03 2.952292e+03
2.952268e+03 2.952267e+03
2.952251e+03 2.952251e+03
1.479742e+10 1.962678e+09
5.166500e+09 8.627656e+08
2.364393e+09 4.448274e+08
1.482687e+09 3.538164e+08
9.626669e+08 2.243814e+08
6.121678e+08 1.692217e+08
3.483145e+08 9.121686e+07
1.861980e+08 5.532653e+07
1.020684e+08 3.235302e+07
5.707076e+07 1.882237e+07
3.292154e+07 7.723130e+06
1.961843e+07 5.344179e+06
1.224612e+07 4.418113e+06
6.983544e+06 2.412461e+06
4.307714e+06 1.616168e+06
2.397166e+06 8.564577e+05
1.473298e+06 6.784528e+05
8.555344e+05 3.634734e+05
5.036307e+05 2.236940e+05
3.244248e+05 1.296105e+05
1.967098e+05 7.488263e+04
1.229030e+05 6.250180e+04
7.769338e+04 3.405612e+04
4.973214e+04 2.518074e+04
3.473704e+04 2.065188e+04
2.612229e+04 1.737391e+04
2.036946e+04 1.475492e+04
1.739923e+04 1.308666e+04
1.520128e+04 1.178198e+04
1.381891e+04 1.091943e+04
1.299845e+04 1.012761e+04
1.226178e+04 9.566771e+03
1.171448e+04 9.158404e+03
1.117635e+04 8.934945e+03
1.080836e+04 8.521267e+03
1.043457e+04 8.329712e+03
1.006461e+04 7.597446e+03
9.746964e+03 7.372515e+03
9.446923e+03 6.569775e+03
9.178278e+03 6.569775e+03
8.928443e+03 6.569775e+03
8.674877e+03 6.569775e+03
8.441345e+03 6.491419e+03
8.223274e+03 6.451754e+03
8.016620e+03 6.330693e+03
7.797433e+03 6.330693e+03
7.587527e+03 6.178031e+03
7.325226e+03 5.888156e+03
7.063248e+03 5.340613e+03
6.726209e+03 5.112961e+03
6.281627e+03 4.558507e+03
5.422544e+03 3.884889e+03
4.286857e+03 3.252596e+03
3.346545e+03 2.898429e+03
2.894109e+03 2.660135e+03
2.639793e+03 2.550225e+03
2.493709e+03 2.446300e+03
2.405938e+03 2.372479e+03
2.343616e+03 2.311619e+03
2.292394e+03 2.273785e+03
2.252918e+03 2.238039e+03
2.217110e+03 2.204975e+03
2.188793e+03 2.179085e+03
2.170508e+03 2.164707e+03
2.156568e+03 2.151651e+03
2.145803e+03 2.141724e+03
2.139141e+03 2.137073e+03
2.134742e+03 2.133506e+03
2.131566e+03 2.130365e+03
2.127690e+03 2.126517e+03
2.124579e+03 2.123580e+03
2.122138e+03 2.121459e+03
2.120355e+03 2.119904e+03
2.118934e+03 2.118567e+03
2.117895e+03 2.117616e+03
2.116728e+03 2.116447e+03
2.115558e+03 2.115297e+03
2.114674e+03 2.114515e+03
2.113904e+03 2.113754e+03
2.113329e+03 2.113234e+03
2.112877e+03 2.112801e+03
2.112503e+03 2.112431e+03
2.112153e+03 2.112094e+03
2.111842e+03 2.111795e+03
2.111629e+03 2.111594e+03
2.111422e+03 2.111394e+03
2.111221e+03 2.111197e+03
2.111046e+03 2.111026e+03
2.110896e+03 2.110869e+03
2.110749e+03 2.110739e+03
2.110654e+03 2.110646e+03
2.110589e+03 2.110585e+03
2.110540e+03 2.110535e+03
2.110480e+03 2.110477e+03
2.110445e+03 2.110443e+03
2.110414e+03 2.110413e+03
2.110374e+03 2.110373e+03
2.110330e+03 2.110328e+03
2.110274e+03 2.110272e+03
2.110230e+03 2.110230e+03
2.110221e+03 2.110221e+03
1.463103e+10 1.866061e+09
5.077239e+09 8.869213e+08
2.359358e+09 4.922442e+08
1.494720e+09 2.874672e+08
9.642732e+08 2.420871e+08
6.152208e+08 1.860248e+08
3.482306e+08 8.356815e+07
1.847089e+08 5.232759e+07
1.010966e+08 2.850670e+07
5.745974e+07 1.315855e+07
3.387689e+07 1.077008e+07
1.997519e+07 5.967681e+06
1.215566e+07 4.100698e+06
6.916346e+06 1.915036e+06
4.363223e+06 1.773293e+06
2.515685e+06 1.023443e+06
1.585131e+06 7.320260e+05
9.392897e+05 3.265666e+05
5.482883e+05 2.530173e+05
3.510481e+05 1.691820e+05
2.179128e+05 1.055622e+05
1.376565e+05 7.226816e+04
8.876357e+04 5.210889e+04
5.603709e+04 2.902410e+04
3.926355e+04 2.571401e+04
2.936936e+04 1.993270e+04
2.217343e+04 1.623492e+04
1.827653e+04 1.390044e+04
1.560047e+04 1.193398e+04
1.390373e+04 9.666064e+03
1.289662e+04 9.666064e+03
1.207942e+04 8.886749e+03
1.147375e+04 8.635605e+03
1.090594e+04 8.173014e+03
1.052382e+04 8.169366e+03
1.015020e+04 7.979827e+03
9.810348e+03 7.720518e+03
9.500336e+03 7.191032e+03
9.195498e+03 6.952544e+03
8.872198e+03 6.260686e+03
8.528222e+03 6.239101e+03
8.213243e+03 5.997322e+03
7.839409e+03 5.558502e+03
7.536895e+03 5.506939e+03
7.140461e+03 5.506939e+03
6.749416e+03 4.949682e+03
6.392156e+03 4.617390e+03
5.995057e+03 4.407599e+03
5.653358e+03 4.376010e+03
5.296936e+03 4.109349e+03
4.998224e+03 3.797460e+03
4.607943e+03 3.418695e+03
4.187853e+03 2.933376e+03
3.728461e+03 2.773715e+03
3.257198e+03 2.562130e+03
2.755077e+03 2.417470e+03
2.406914e+03 2.277572e+03
2.226513e+03 2.168719e+03
2.127437e+03 2.100256e+03
2.072899e+03 2.055484e+03
2.040649e+03 2.029316e+03
2.018353e+03 2.011747e+03
2.003989e+03 1.999518e+03
1.994576e+03 1.991335e+03
1.986792e+03 1.984206e+03
1.980170e+03 1.977530e+03
1.975322e+03 1.973895e+03
1.971921e+03 1.971070e+03
1.969491e+03 1.968822e+03
1.967286e+03 1.966463e+03
1.965562e+03 1.965095e+03
1.964382e+03 1.964129e+03
1.963488e+03 1.963260e+03
1.962761e+03 1.962588e+03
1.962227e+03 1.962040e+03
1.961729e+03 1.961656e+03
1.961468e+03 1.961405e+03
1.961145e+03 1.961070e+03
1.960933e+03 1.960882e+03
1.960748e+03 1.960720e+03
1.960622e+03 1.960602e+03
1.960540e+03 1.960527e+03
1.960474e+03 1.960456e+03
1.960393e+03 1.960381e+03
1.960331e+03 1.960323e+03
1.960279e+03 1.960274e+03
1.960244e+03 1.960239e+03
1.960208e+03 1.960204e+03
1.960184e+03 1.960182e+03
1.960168e+03 1.960165e+03
1.960146e+03 1.960143e+03
1.960122e+03 1.960120e+03
1.960103e+03 1.960102e+03
1.960079e+03 1.960077e+03
1.960058e+03 1.960056e+03
1.960042e+03 1.960041e+03
1.960027e+03 1.960026e+03
1.960013e+03 1.960013e+03
1.960000e+03 1.959999e+03
1.959980e+03 1.959980e+03
1.959971e+03 1.959971e+03
1.471248e+10 1.744742e+09
5.120959e+09 9.924571e+08
2.340010e+09 3.272416e+08
1.482094e+09 3.272416e+08
9.694119e+08 2.718605e+08
6.034551e+08 1.377439e+08
3.271497e+08 1.112443e+08
1.742317e+08 5.518439e+07
9.696825e+07 2.442955e+07
5.590125e+07 1.648972e+07
3.264509e+07 1.150050e+07
1.948572e+07 6.600381e+06
1.178532e+07 3.373080e+06
6.639206e+06 2.790614e+06
4.156165e+06 1.736375e+06
2.398145e+06 1.050412e+06
1.542863e+06 7.118702e+05
8.973724e+05 3.706727e+05
5.257004e+05 2.139520e+05
3.379432e+05 1.471485e+05
2.099485e+05 7.488697e+04
1.329775e+05 5.831259e+04
8.607689e+04 4.975045e+04
5.506946e+04 3.149955e+04
3.858036e+04 2.486565e+04
2.865993e+04 1.793760e+04
2.183649e+04 1.532992e+04
1.798326e+04 1.378037e+04
1.528500e+04 1.173249e+04
1.361690e+04 9.922596e+03
1.257193e+04 9.784579e+03
1.160645e+04 8.226795e+03
1.085715e+04 8.226795e+03
1.015352e+04 7.576008e+03
9.595260e+03 6.350075e+03
9.125911e+03 6.350075e+03
8.718502e+03 6.350075e+03
8.280978e+03 5.899047e+03
7.772740e+03 5.497275e+03
7.228759e+03 5.357139e+03
6.681301e+03 4.341676e+03
6.058475e+03 4.129176e+03
5.414972e+03 3.994350e+03
4.823961e+03 3.670660e+03
4.239067e+03 3.181990e+03
3.774190e+03 2.986201e+03
3.336541e+03 2.694412e+03
2.964357e+03 2.573763e+03
2.664101e+03 2.288674e+03
2.358736e+03 2.140232e+03
2.147235e+03 2.023012e+03
1.997148e+03 1.932024e+03
1.908668e+03 1.876642e+03
1.853975e+03 1.835027e+03
1.825814e+03 1.815729e+03
1.805701e+03 1.795871e+03
1.789085e+03 1.783450e+03
1.779554e+03 1.775955e+03
1.770647e+03 1.766741e+03
1.764801e+03 1.762731e+03
1.760932e+03 1.759304e+03
1.757518e+03 1.755900e+03
1.754781e+03 1.753800e+03
1.752749e+03 1.752020e+03
1.751177e+03 1.750710e+03
1.750157e+03 1.749824e+03
1.749283e+03 1.748978e+03
1.748597e+03 1.748406e+03
1.748079e+03 1.747870e+03
1.747666e+03 1.747553e+03
1.747319e+03 1.747221e+03
1.746960e+03 1.746854e+03
1.746707e+03 1.746653e+03
1.746485e+03 1.746431e+03
1.746288e+03 1.746239e+03
1.746143e+03 1.746109e+03
1.746029e+03 1.745996e+03
1.745947e+03 1.745931e+03
1.745880e+03 1.745868e+03
1.745827e+03 1.745819e+03
1.745793e+03 1.745787e+03
1.745761e+03 1.745755e+03
1.745738e+03 1.745734e+03
1.745716e+03 1.745713e+03
1.745700e+03 1.745698e+03
1.745686e+03 1.745683e+03
1.745671e+03 1.745669e+03
1.745659e+03 1.745658e+03
1.745643e+03 1.745640e+03
1.745630e+03 1.745628e+03
1.745618e+03 1.745616e+03
1.745602e+03 1.745601e+03
1.745591e+03 1.745590e+03
1.745583e+03 1.745583e+03
1.745576e+03 1.745575e+03
1.745568e+03 1.745567e+03
1.745562e+03 1.745561e+03
1.745557e+03 1.745556e+03
1.745554e+03 1.745554e+03
1.745551e+03 1.745551e+03
1.745550e+03 1.745550e+03
1.494479e+10 2.221236e+09
5.334714e+09 1.319505e+09
2.443116e+09 5.351146e+08
1.565150e+09 5.223546e+08
1.018303e+09 2.165276e+08
6.386829e+08 1.777798e+08
3.643331e+08 8.909949e+07
1.924970e+08 5.581630e+07
1.055152e+08 3.448779e+07
6.049877e+07 1.883572e+07
3.526149e+07 9.103064e+06
2.110910e+07 7.550900e+06
1.289814e+07 4.940634e+06
7.319416e+06 2.925438e+06
4.485818e+06 1.599516e+06
2.562840e+06 1.089102e+06
1.658090e+06 6.721530e+05
9.639099e+05 4.238635e+05
5.636795e+05 2.244631e+05
3.574572e+05 1.526520e+05
2.099783e+05 8.936744e+04
1.283264e+05 5.499876e+04
8.224109e+04 4.382915e+04
5.163771e+04 3.070478e+04
3.646618e+04 2.084566e+04
2.724807e+04 1.773895e+04
2.053696e+04 1.440199e+04
1.726060e+04 1.289872e+04
1.481694e+04 1.087387e+04
1.343223e+04 1.004346e+04
1.253439e+04 9.498064e+03
1.174434e+04 9.223459e+03
1.114775e+04 8.466204e+03
1.063260e+04 8.265112e+03
1.028773e+04 7.913808e+03
1.002136e+04 7.913808e+03
9.720559e+03 7.491446e+03
9.451149e+03 7.341231e+03
9.217152e+03 6.948459e+03
9.018808e+03 6.913566e+03
8.820247e+03 6.649604e+03
8.612923e+03 6.649604e+03
8.376495e+03 5.752348e+03
8.137429e+03 5.752348e+03
7.830379e+03 5.752348e+03
7.474222e+03 5.460847e+03
7.117596e+03 5.331151e+03
6.715036e+03 5.020232e+03
6.308114e+03 4.366390e+03
5.816911e+03 4.322877e+03
5.229883e+03 3.859877e+03
4.329084e+03 3.057953e+03
3.292961e+03 2.630384e+03
2.551922e+03 2.257689e+03
2.193177e+03 2.051213e+03
2.011741e+03 1.950859e+03
1.904075e+03 1.868556e+03
1.835358e+03 1.806859e+03
1.789861e+03 1.769280e+03
1.756743e+03 1.745068e+03
1.737643e+03 1.729411e+03
1.718651e+03 1.712047e+03
1.704718e+03 1.698946e+03
1.691781e+03 1.687375e+03
1.682278e+03 1.678677e+03
1.676003e+03 1.674093e+03
1.671338e+03 1.670298e+03
1.668606e+03 1.667863e+03
1.666085e+03 1.665190e+03
1.663751e+03 1.663157e+03
1.661894e+03 1.661311e+03
1.660444e+03 1.660095e+03
1.659444e+03 1.659139e+03
1.658600e+03 1.658356e+03
1.658040e+03 1.657879e+03
1.657529e+03 1.657416e+03
1.657093e+03 1.656994e+03
1.656807e+03 1.656758e+03
1.656597e+03 1.656555e+03
1.656440e+03 1.656411e+03
1.656310e+03 1.656285e+03
1.656198e+03 1.656183e+03
1.656121e+03 1.656111e+03
1.656064e+03 1.656055e+03
1.656016e+03 1.656006e+03
1.655945e+03 1.655936e+03
1.655889e+03 1.655879e+03
1.655829e+03 1.655822e+03
1.655769e+03 1.655761e+03
1.655722e+03 1.655717e+03
1.655660e+03 1.655651e+03
1.655603e+03 1.655597e+03
1.655558e+03 1.655553e+03
1.655513e+03 1.655510e+03
1.655474e+03 1.655472e+03
1.655445e+03 1.655444e+03
1.655427e+03 1.655426e+03
1.655407e+03 1.655407e+03
1.655387e+03 1.655387e+03
1.655367e+03 1.655367e+03
1.655362e+03 1.655362e+03
1.456597e+10 1.883200e+09
5.176163e+09 1.151331e+09
2.355868e+09 5.245006e+08
1.522147e+09 4.289989e+08
9.491768e+08 2.750162e+08
5.793719e+08 1.959578e+08
3.180805e+08 9.791979e+07
1.710366e+08 3.703780e+07
9.316636e+07 2.758054e+07
5.391998e+07 1.541610e+07
3.183603e+07 1.081555e+07
1.889038e+07 5.246590e+06
1.146974e+07 4.260254e+06
6.504735e+06 2.287268e+06
3.956153e+06 1.141873e+06
2.290748e+06 9.539245e+05
1.458293e+06 6.212493e+05
8.646664e+05 3.967039e+05
5.040451e+05 1.932973e+05
3.221068e+05 1.522968e+05
1.960156e+05 8.120937e+04
1.234932e+05 5.593577e+04
8.014497e+04 4.243892e+04
5.107403e+04 2.875527e+04
3.611681e+04 2.153246e+04
2.682024e+04 1.808990e+04
2.056821e+04 1.484984e+04
1.726781e+04 1.227163e+04
1.489640e+04 1.051780e+04
1.332050e+04 1.051780e+04
1.241061e+04 9.845635e+03
1.157896e+04 8.860772e+03
1.098020e+04 8.221665e+03
1.039263e+04 7.264853e+03
9.915620e+03 7.264853e+03
9.483332e+03 7.264853e+03
9.097317e+03 6.813491e+03
8.724516e+03 6.813491e+03
8.312873e+03 6.251215e+03
7.912729e+03 5.966370e+03
7.492172e+03 5.414185e+03
7.087876e+03 5.244765e+03
6.582927e+03 5.012378e+03
6.119879e+03 4.592112e+03
5.661844e+03 4.500269e+03
5.175886e+03 3.921361e+03
4.711670e+03 3.515449e+03
4.187683e+03 3.396675e+03
3.592031e+03 3.002841e+03
3.102103e+03 2.787443e+03
2.807984e+03 2.605408e+03
2.603777e+03 2.454251e+03
2.440653e+03 2.354953e+03
2.340681e+03 2.307043e+03
2.287144e+03 2.269047e+03
2.246703e+03 2.231794e+03
2.213265e+03 2.199804e+03
2.192591e+03 2.181773e+03
2.176901e+03 2.170965e+03
2.164364e+03 2.160408e+03
2.156388e+03 2.153415e+03
2.151114e+03 2.149342e+03
2.147718e+03 2.146697e+03
2.145222e+03 2.144352e+03
2.143143e+03 2.142480e+03
2.141783e+03 2.141319e+03
2.140861e+03 2.140569e+03
2.140252e+03 2.140060e+03
2.139701e+03 2.139498e+03
2.139255e+03 2.139132e+03
2.138880e+03 2.138775e+03
2.138577e+03 2.138501e+03
2.138391e+03 2.138342e+03
2.138197e+03 2.138152e+03
2.138051e+03 2.138013e+03
2.137922e+03 2.137889e+03
2.137832e+03 2.137815e+03
2.137754e+03 2.137738e+03
2.137703e+03 2.137694e+03
2.137669e+03 2.137661e+03
2.137635e+03 2.137629e+03
2.137615e+03 2.137612e+03
2.137601e+03 2.137599e+03
2.137589e+03 2.137587e+03
2.137578e+03 2.137577e+03
2.137569e+03 2.137567e+03
2.137560e+03 2.137559e+03
2.137555e+03 2.137554e+03
2.137549e+03 2.137548e+03
2.137542e+03 2.137542e+03
2.137538e+03 2.137537e+03
2.137535e+03 2.137534e+03
2.137532e+03 2.137532e+03
2.137531e+03 2.137531e+03
2.137530e+03 2.137530e+03
2.137529e+03 2.137529e+03
2.137528e+03 2.137528e+03
2.137527e+03 2.137527e+03
2.137527e+03 2.137527e+03
2.137526e+03 2.137526e+03
2.137526e+03 2.137526e+03
1.477050e+10 2.859141e+09
5.213843e+09 1.111189e+09
2.454002e+09 6.417547e+08
1.558058e+09 3.671222e+08
9.993403e+08 2.809009e+08
6.357287e+08 1.813890e+08
3.584520e+08 7.631515e+07
1.919129e+08 4.968450e+07
1.051677e+08 3.310738e+07
5.955309e+07 2.068408e+07
3.541443e+07 1.011602e+07
2.113188e+07 6.932064e+06
1.274972e+07 5.341292e+06
7.211730e+06 3.117062e+06
4.523107e+06 1.766097e+06
2.609524e+06 1.140086e+06
1.623814e+06 6.444785e+05
9.506958e+05 4.241595e+05
5.546238e+05 2.052852e+05
3.536358e+05 1.561394e+05
2.132866e+05 1.019027e+05
1.323697e+05 6.725778e+04
8.470743e+04 4.434295e+04
5.346246e+04 2.904512e+04
3.732533e+04 2.356090e+04
2.753262e+04 1.699469e+04
2.091766e+04 1.481773e+04
1.771418e+04 1.259517e+04
1.546590e+04 1.136290e+04
1.400543e+04 1.080227e+04
1.311804e+04 1.030228e+04
1.235794e+04 9.896824e+03
1.178830e+04 8.791260e+03
1.126892e+04 8.791260e+03
1.090793e+04 8.664572e+03
1.056930e+04 7.916014e+03
1.026643e+04 7.916014e+03
9.975812e+03 7.706984e+03
9.721338e+03 7.702639e+03
9.471676e+03 7.499229e+03
9.234536e+03 6.617778e+03
9.048867e+03 6.617778e+03
8.807766e+03 6.617778e+03
8.590792e+03 6.329082e+03
8.342256e+03 6.157405e+03
8.108328e+03 6.009260e+03
7.809423e+03 6.009260e+03
7.490363e+03 5.765501e+03
7.208643e+03 5.519835e+03
6.848085e+03 5.161266e+03
6.419448e+03 5.025494e+03
5.865957e+03 4.510185e+03
5.125771e+03 3.876772e+03
4.209188e+03 3.544711e+03
3.569613e+03 3.210146e+03
3.184407e+03 3.037994e+03
2.983154e+03 2.923400e+03
2.895115e+03 2.866640e+03
2.840867e+03 2.819923e+03
2.796806e+03 2.781551e+03
2.767378e+03 2.755679e+03
2.739650e+03 2.727801e+03
2.716115e+03 2.707346e+03
2.696763e+03 2.688770e+03
2.678278e+03 2.672433e+03
2.664405e+03 2.659375e+03
2.653823e+03 2.651411e+03
2.647462e+03 2.645737e+03
2.643442e+03 2.642243e+03
2.640155e+03 2.639292e+03
2.637410e+03 2.636614e+03
2.634897e+03 2.634274e+03
2.633424e+03 2.633044e+03
2.632317e+03 2.632031e+03
2.631429e+03 2.631173e+03
2.630638e+03 2.630454e+03
2.630015e+03 2.629909e+03
2.629565e+03 2.629468e+03
2.629149e+03 2.629064e+03
2.628857e+03 2.628804e+03
2.628673e+03 2.628638e+03
2.628467e+03 2.628428e+03
2.628234e+03 2.628188e+03
2.628043e+03 2.627999e+03
2.627845e+03 2.627818e+03
2.627700e+03 2.627675e+03
2.627574e+03 2.627556e+03
2.627492e+03 2.627484e+03
2.627416e+03 2.627406e+03
2.627353e+03 2.627346e+03
2.627288e+03 2.627282e+03
2.627238e+03 2.627235e+03
2.627208e+03 2.627207e+03
2.627180e+03 2.627177e+03
2.627122e+03 2.627119e+03
2.627058e+03 2.627054e+03
2.626984e+03 2.626982e+03
2.626918e+03 2.626917e+03
2.626865e+03 2.626864e+03
2.626815e+03 2.626815e+03
2.626799e+03 2.626799e+03
1.483975e+10 2.042765e+09
5.222250e+09 1.029059e+09
2.459369e+09 4.446474e+08
1.580227e+09 4.446474e+08
1.011943e+09 3.364326e+08
6.423400e+08 1.823650e+08
3.690102e+08 1.066768e+08
1.995265e+08 6.401145e+07
1.094369e+08 3.609116e+07
6.070815e+07 2.018334e+07
3.519652e+07 1.023836e+07
2.032372e+07 6.850682e+06
1.202926e+07 4.879502e+06
6.753743e+06 2.702278e+06
4.144001e+06 1.544707e+06
2.424096e+06 9.284288e+05
1.511834e+06 5.299828e+05
8.795119e+05 3.088351e+05
5.133035e+05 1.993734e+05
3.250757e+05 1.323696e+05
1.956727e+05 9.679468e+04
1.229185e+05 5.007422e+04
7.942555e+04 3.786678e+04
5.044506e+04 2.936733e+04
3.548400e+04 2.101836e+04
2.663452e+04 1.739449e+04
2.062295e+04 1.449677e+04
1.732824e+04 1.201042e+04
1.508900e+04 1.163645e+04
1.347839e+04 9.654949e+03
1.237290e+04 9.042940e+03
1.151159e+04 8.807899e+03
1.087889e+04 8.507145e+03
1.028110e+04 7.811536e+03
9.823346e+03 6.754615e+03
9.452603e+03 6.754615e+03
9.063164e+03 6.754615e+03
8.723592e+03 6.560997e+03
8.399461e+03 6.253210e+03
8.084910e+03 6.021955e+03
7.797404e+03 5.930084e+03
7.529445e+03 5.361485e+03
7.199959e+03 5.361485e+03
6.895662e+03 5.361485e+03
6.507227e+03 4.285283e+03
6.080685e+03 3.875094e+03
5.652511e+03 3.875094e+03
5.154627e+03 3.483636e+03
4.743684e+03 3.483636e+03
4.364514e+03 3.348900e+03
4.006412e+03 3.096813e+03
3.587295e+03 2.613434e+03
3.198694e+03 2.457122e+03
2.886664e+03 2.278768e+03
2.563127e+03 2.121099e+03
2.287921e+03 2.016494e+03
2.064339e+03 1.922976e+03
1.919104e+03 1.840383e+03
1.807146e+03 1.769629e+03
1.728702e+03 1.701038e+03
1.671678e+03 1.649112e+03
1.633232e+03 1.623194e+03
1.608389e+03 1.599487e+03
1.587493e+03 1.580673e+03
1.569264e+03 1.563238e+03
1.556149e+03 1.552443e+03
1.546195e+03 1.542792e+03
1.538024e+03 1.535315e+03
1.530837e+03 1.528359e+03
1.524136e+03 1.521290e+03
1.518834e+03 1.517410e+03
1.514694e+03 1.513650e+03
1.511989e+03 1.511331e+03
1.509749e+03 1.509268e+03
1.507922e+03 1.507433e+03
1.506442e+03 1.506164e+03
1.505370e+03 1.505095e+03
1.504287e+03 1.504083e+03
1.503575e+03 1.503402e+03
1.502985e+03 1.502848e+03
1.502486e+03 1.502394e+03
1.502169e+03 1.502124e+03
1.501944e+03 1.501909e+03
1.501760e+03 1.501730e+03
1.501621e+03 1.501598e+03
1.501475e+03 1.501450e+03
1.501289e+03 1.501264e+03
1.501155e+03 1.501135e+03
1.501049e+03 1.501037e+03
1.500958e+03 1.500948e+03
1.500855e+03 1.500837e+03
1.500756e+03 1.500751e+03
1.500705e+03 1.500702e+03
1.500649e+03 1.500647e+03
1.500622e+03 1.500619e+03
1.500596e+03 1.500594e+03
1.500559e+03 1.500557e+03
1.500531e+03 1.500530e+03
1.500501e+03 1.500501e+03
1.500484e+03 1.500484e+03
1.500477e+03 1.500477e+03
1.499207e+10 2.621847e+09
5.256567e+09 1.142639e+09
2.417844e+09 5.582730e+08
1.544773e+09 2.031995e+08
1.016074e+09 2.031995e+08
6.595288e+08 1.711685e+08
3.713506e+08 8.817529e+07
1.956001e+08 4.953234e+07
1.075388e+08 3.218048e+07
6.151673e+07 1.636087e+07
3.616137e+07 1.078665e+07
2.176136e+07 6.562545e+06
1.280422e+07 4.974630e+06
7.108573e+06 3.047816e+06
4.374765e+06 1.990956e+06
2.536585e+06 8.898133e+05
1.625395e+06 6.502961e+05
9.636233e+05 4.145846e+05
5.797782e+05 2.681896e+05
3.810730e+05 1.691141e+05
2.355593e+05 1.082312e+05
1.477314e+05 7.758031e+04
9.383707e+04 4.971885e+04
5.843537e+04 3.165712e+04
4.134779e+04 2.520579e+04
3.019388e+04 1.997615e+04
2.227244e+04 1.665234e+04
1.804050e+04 1.286501e+04
1.509177e+04 1.144818e+04
1.346755e+04 1.018875e+04
1.255043e+04 9.498533e+03
1.173844e+04 9.026555e+03
1.111330e+04 8.434676e+03
1.052692e+04 7.237642e+03
1.009409e+04 7.237642e+03
9.705628e+03 7.237642e+03
9.329208e+03 7.237642e+03
9.006582e+03 7.094425e+03
8.712737e+03 6.573519e+03
8.452035e+03 6.431205e+03
8.192911e+03 6.318951e+03
7.975979e+03 6.318951e+03
7.668888e+03 5.864359e+03
7.411423e+03 5.727391e+03
7.121696e+03 5.547835e+03
6.830086e+03 4.958564e+03
6.453114e+03 4.597886e+03
5.983216e+03 4.378352e+03
5.520895e+03 3.830736e+03
5.012133e+03 3.679705e+03
4.556781e+03 3.345741e+03
4.023174e+03 2.951997e+03
3.493934e+03 2.746745e+03
3.047666e+03 2.449163e+03
2.638680e+03 2.195141e+03
2.304591e+03 1.992566e+03
2.023134e+03 1.880298e+03
1.861063e+03 1.794788e+03
1.768637e+03 1.740442e+03
1.709783e+03 1.691029e+03
1.672042e+03 1.659285e+03
1.647872e+03 1.640334e+03
1.629097e+03 1.623258e+03
1.617406e+03 1.612810e+03
1.603523e+03 1.597985e+03
1.591695e+03 1.588657e+03
1.583362e+03 1.580827e+03
1.577536e+03 1.575872e+03
1.573846e+03 1.572850e+03
1.571650e+03 1.571009e+03
1.569689e+03 1.569093e+03
1.568112e+03 1.567733e+03
1.567219e+03 1.566936e+03
1.566510e+03 1.566383e+03
1.566060e+03 1.565908e+03
1.565658e+03 1.565549e+03
1.565301e+03 1.565222e+03
1.564970e+03 1.564916e+03
1.564739e+03 1.564690e+03
1.564548e+03 1.564500e+03
1.564344e+03 1.564301e+03
1.564177e+03 1.564150e+03
1.564043e+03 1.564017e+03
1.563964e+03 1.563951e+03
1.563885e+03 1.563872e+03
1.563816e+03 1.563802e+03
1.563741e+03 1.563727e+03
1.563680e+03 1.563671e+03
1.563623e+03 1.563615e+03
1.563568e+03 1.563562e+03
1.563512e+03 1.563507e+03
1.563475e+03 1.563472e+03
1.563456e+03 1.563455e+03
1.563444e+03 1.563443e+03
1.563434e+03 1.563434e+03
1.563425e+03 1.563425e+03
1.563417e+03 1.563417e+03
1.563409e+03 1.563409e+03
1.563400e+03 1.563400e+03
1.563392e+03 1.563392e+03
1.563389e+03 1.563389e+03
1.501131e+10 2.429970e+09
5.243941e+09 7.607550e+08
2.413421e+09 5.803188e+08
1.541436e+09 2.681586e+08
9.920629e+08 2.681586e+08
6.501264e+08 1.958027e+08
3.740199e+08 1.079170e+08
2.000550e+08 6.132706e+07
1.092239e+08 2.037393e+07
6.249228e+07 1.295201e+07
3.680675e+07 1.258257e+07
2.216523e+07 7.922479e+06
1.332674e+07 5.162761e+06
7.472417e+06 2.813426e+06
4.674842e+06 2.026877e+06
2.714201e+06 1.094128e+06
1.736362e+06 7.747910e+05
1.020669e+06 4.277896e+05
5.902939e+05 2.421786e+05
3.735608e+05 1.682796e+05
2.310739e+05 9.466078e+04
1.430009e+05 6.927904e+04
9.011146e+04 4.230017e+04
5.702066e+04 3.466432e+04
3.973845e+04 2.488073e+04
2.848281e+04 1.822500e+04
2.136267e+04 1.477916e+04
1.789456e+04 1.315375e+04
1.560548e+04 1.150656e+04
1.404657e+04 1.115794e+04
1.307049e+04 9.532716e+03
1.222320e+04 9.201528e+03
1.153052e+04 9.201528e+03
1.087532e+04 8.277219e+03
1.041820e+04 7.761370e+03
1.000065e+04 7.394019e+03
9.565713e+03 7.394019e+03
9.135995e+03 6.941547e+03
8.765312e+03 6.797961e+03
8.406456e+03 6.436673e+03
8.070320e+03 5.885088e+03
7.663198e+03 5.229256e+03
7.134055e+03 5.229256e+03
6.565287e+03 4.976252e+03
5.895761e+03 4.411626e+03
5.215719e+03 4.039314e+03
4.585473e+03 3.553901e+03
4.008283e+03 3.176526e+03
3.654034e+03 3.067756e+03
3.395292e+03 2.877617e+03
3.133375e+03 2.640787e+03
2.861871e+03 2.499475e+03
2.614054e+03 2.373250e+03
2.431204e+03 2.316339e+03
2.310512e+03 2.246834e+03
2.214677e+03 2.177105e+03
2.155900e+03 2.136234e+03
2.119337e+03 2.105882e+03
2.093135e+03 2.082226e+03
2.071006e+03 2.064491e+03
2.057555e+03 2.051820e+03
2.048146e+03 2.044208e+03
2.041172e+03 2.038593e+03
2.035820e+03 2.033976e+03
2.031361e+03 2.029916e+03
2.027626e+03 2.026218e+03
2.024975e+03 2.024178e+03
2.022104e+03 2.021167e+03
2.019737e+03 2.018974e+03
2.017689e+03 2.017154e+03
2.016138e+03 2.015732e+03
2.014840e+03 2.014474e+03
2.014027e+03 2.013840e+03
2.013380e+03 2.013171e+03
2.012687e+03 2.012497e+03
2.012054e+03 2.011874e+03
2.011455e+03 2.011341e+03
2.011016e+03 2.010922e+03
2.010629e+03 2.010497e+03
2.010265e+03 2.010202e+03
2.010005e+03 2.009939e+03
2.009702e+03 2.009648e+03
2.009489e+03 2.009443e+03
2.009285e+03 2.009244e+03
2.009071e+03 2.009037e+03
2.008927e+03 2.008910e+03
2.008843e+03 2.008832e+03
2.008780e+03 2.008773e+03
2.008726e+03 2.008721e+03
2.008684e+03 2.008680e+03
2.008644e+03 2.008638e+03
2.008611e+03 2.008608e+03
2.008572e+03 2.008566e+03
2.008529e+03 2.008527e+03
2.008490e+03 2.008487e+03
2.008458e+03 2.008456e+03
2.008420e+03 2.008419e+03
2.008388e+03 2.008388e+03
2.008359e+03 2.008359e+03
2.008342e+03 2.008341e+03
2.008330e+03 2.008330e+03
1.457828e+10 2.320652e+09
5.090336e+09 1.107789e+09
2.333547e+09 5.911525e+08
1.491366e+09 3.556837e+08
9.539139e+08 2.562990e+08
5.808087e+08 1.362220e+08
3.202960e+08 9.764247e+07
1.717448e+08 5.222444e+07
9.556635e+07 2.171108e+07
5.445016e+07 1.308385e+07
3.187824e+07 1.263854e+07
1.912472e+07 6.545298e+06
1.150337e+07 4.725547e+06
6.441406e+06 2.495999e+06
4.007189e+06 1.401311e+06
2.340127e+06 8.625088e+05
1.471438e+06 5.175764e+05
8.680920e+05 3.538761e+05
5.157034e+05 2.012500e+05
3.311834e+05 1.519609e+05
2.030608e+05 9.825255e+04
1.258940e+05 6.072494e+04
8.070478e+04 4.153508e+04
5.138717e+04 2.794935e+04
3.637884e+04 2.104774e+04
2.702195e+04 1.773558e+04
2.075723e+04 1.408667e+04
1.736385e+04 1.170611e+04
1.507585e+04 1.109267e+04
1.355305e+04 1.042901e+04
1.264489e+04 9.531618e+03
1.188317e+04 8.959310e+03
1.121026e+04 8.177452e+03
1.063826e+04 8.017807e+03
1.016733e+04 7.351273e+03
9.731675e+03 7.351273e+03
9.273288e+03 7.033616e+03
8.883590e+03 6.396156e+03
8.504177e+03 5.845188e+03
8.163388e+03 5.602124e+03
7.830879e+03 5.602124e+03
7.519428e+03 5.459977e+03
7.189208e+03 5.337377e+03
6.863100e+03 5.187331e+03
6.527594e+03 4.952618e+03
6.134026e+03 4.637653e+03
5.689213e+03 4.094353e+03
5.125445e+03 3.719245e+03
4.500321e+03 3.220606e+03
3.861201e+03 2.732227e+03
3.104224e+03 2.485307e+03
2.483170e+03 2.150713e+03
2.164748e+03 2.037464e+03
2.001689e+03 1.915791e+03
1.872878e+03 1.821533e+03
1.794872e+03 1.766753e+03
1.741735e+03 1.720178e+03
1.703394e+03 1.688891e+03
1.678570e+03 1.669065e+03
1.656083e+03 1.649181e+03
1.644465e+03 1.640397e+03
1.634080e+03 1.630086e+03
1.626938e+03 1.624218e+03
1.622672e+03 1.621011e+03
1.617894e+03 1.616497e+03
1.614786e+03 1.613849e+03
1.612663e+03 1.612087e+03
1.610624e+03 1.609545e+03
1.608658e+03 1.608094e+03
1.607381e+03 1.606974e+03
1.606298e+03 1.605913e+03
1.605271e+03 1.604992e+03
1.604533e+03 1.604377e+03
1.603919e+03 1.603709e+03
1.603440e+03 1.603319e+03
1.603115e+03 1.603024e+03
1.602846e+03 1.602787e+03
1.602617e+03 1.602568e+03
1.602417e+03 1.602375e+03
1.602198e+03 1.602159e+03
1.602010e+03 1.601982e+03
1.601892e+03 1.601872e+03
1.601807e+03 1.601786e+03
1.601717e+03 1.601698e+03
1.601652e+03 1.601639e+03
1.601583e+03 1.601572e+03
1.601521e+03 1.601514e+03
1.601443e+03 1.601430e+03
1.601371e+03 1.601365e+03
1.601324e+03 1.601320e+03
1.601278e+03 1.601274e+03
1.601247e+03 1.601245e+03
1.601225e+03 1.601223e+03
1.601201e+03 1.601200e+03
1.601185e+03 1.601184e+03
1.601167e+03 1.601167e+03
1.601152e+03 1.601151e+03
1.601139e+03 1.601139e+03
1.601131e+03 1.601131e+03
1.601125e+03 1.601125e+03
1.601123e+03 1.601123e+03
1.512277e+10 3.088743e+09
5.220986e+09 1.025212e+09
2.433360e+09 2.118307e+08
1.539946e+09 2.118307e+08
9.732189e+08 2.118307e+08
6.124890e+08 1.505756e+08
3.421707e+08 9.569313e+07
1.835254e+08 6.837511e+07
1.021063e+08 2.751891e+07
5.804048e+07 1.912871e+07
3.399784e+07 1.079269e+07
2.019440e+07 6.299745e+06
1.215292e+07 4.766777e+06
6.794765e+06 2.709475e+06
4.203612e+06 1.387873e+06
2.459644e+06 1.079299e+06
1.557251e+06 6.154201e+05
8.990317e+05 4.030523e+05
5.299224e+05 2.453179e+05
3.396589e+05 1.374277e+05
2.087333e+05 9.090638e+04
1.324357e+05 6.716058e+04
8.471509e+04 4.940806e+04
5.411562e+04 3.112049e+04
3.833777e+04 2.592317e+04
2.855049e+04 1.975774e+04
2.169515e+04 1.596269e+04
1.809409e+04 1.235635e+04
1.561682e+04 1.144518e+04
1.410494e+04 1.080838e+04
1.316050e+04 9.307139e+03
1.236390e+04 9.307139e+03
1.178671e+04 8.764540e+03
1.126704e+04 8.412627e+03
1.085632e+04 8.412627e+03
1.048636e+04 8.308321e+03
1.012508e+04 8.083029e+03
9.785029e+03 7.798778e+03
9.490012e+03 7.050740e+03
9.207439e+03 7.050740e+03
8.957686e+03 7.050740e+03
8.697858e+03 6.810601e+03
8.406183e+03 6.653547e+03
8.152696e+03 6.382591e+03
7.824490e+03 5.595207e+03
7.502710e+03 5.595207e+03
7.120661e+03 5.555741e+03
6.656176e+03 4.895779e+03
6.285011e+03 4.674553e+03
5.859379e+03 4.233590e+03
5.459578e+03 4.127327e+03
4.975541e+03 3.396587e+03
4.483452e+03 3.324678e+03
4.002209e+03 2.811392e+03
3.531315e+03 2.782151e+03
3.111869e+03 2.569487e+03
2.820845e+03 2.463614e+03
2.635207e+03 2.406297e+03
2.495522e+03 2.343630e+03
2.381959e+03 2.288985e+03
2.287540e+03 2.222670e+03
2.217819e+03 2.184347e+03
2.152979e+03 2.130299e+03
2.097487e+03 2.076346e+03
2.046997e+03 2.033056e+03
2.011924e+03 2.000681e+03
1.989697e+03 1.982032e+03
1.974454e+03 1.970705e+03
1.962472e+03 1.958473e+03
1.954168e+03 1.952021e+03
1.948695e+03 1.947212e+03
1.942235e+03 1.940332e+03
1.935959e+03 1.934036e+03
1.931360e+03 1.930211e+03
1.928365e+03 1.927738e+03
1.925838e+03 1.924899e+03
1.923257e+03 1.922653e+03
1.920784e+03 1.920197e+03
1.919046e+03 1.918723e+03
1.917549e+03 1.917266e+03
1.916547e+03 1.916363e+03
1.915687e+03 1.915490e+03
1.914959e+03 1.914832e+03
1.914251e+03 1.914143e+03
1.913772e+03 1.913715e+03
1.913348e+03 1.913293e+03
1.912970e+03 1.912918e+03
1.912629e+03 1.912586e+03
1.912337e+03 1.912309e+03
1.912056e+03 1.912029e+03
1.911818e+03 1.911798e+03
1.911596e+03 1.911580e+03
1.911392e+03 1.911377e+03
1.911256e+03 1.911246e+03
1.911137e+03 1.911129e+03
1.911022e+03 1.911017e+03
1.910940e+03 1.910936e+03
1.910876e+03 1.910874e+03
1.910811e+03 1.910810e+03
1.910749e+03 1.910749e+03
1.910735e+03 1.910735e+03
1.484442e+10 2.047263e+09
5.250780e+09 8.182842e+08
2.423040e+09 6.915537e+08
1.571438e+09 4.098262e+08
1.007184e+09 2.714738e+08
6.380397e+08 1.959109e+08
3.604594e+08 9.603036e+07
1.930654e+08 5.897093e+07
1.043603e+08 2.911250e+07
6.023688e+07 1.913323e+07
3.477286e+07 1.143016e+07
2.063513e+07 6.419679e+06
1.264116e+07 4.366539e+06
7.200067e+06 2.840056e+06
4.483200e+06 1.660040e+06
2.607605e+06 1.123940e+06
1.649665e+06 6.813125e+05
9.782090e+05 4.219640e+05
5.788347e+05 2.250914e+05
3.709161e+05 1.676862e+05
2.238295e+05 9.906450e+04
1.376841e+05 5.995048e+04
8.888887e+04 4.653153e+04
5.544609e+04 3.336827e+04
3.788960e+04 2.386448e+04
2.745960e+04 1.647919e+04
2.055630e+04 1.361048e+04
1.711202e+04 1.271874e+04
1.471397e+04 1.041423e+04
1.309523e+04 9.586040e+03
1.211034e+04 9.252573e+03
1.125205e+04 8.092951e+03
1.061109e+04 7.944005e+03
1.002707e+04 6.917176e+03
9.614785e+03 6.917176e+03
9.263532e+03 6.917176e+03
8.926453e+03 6.917176e+03
8.613755e+03 6.600849e+03
8.319900e+03 5.953905e+03
8.055489e+03 5.953905e+03
7.808354e+03 5.933984e+03
7.551922e+03 5.767067e+03
7.284074e+03 5.388953e+03
7.042801e+03 5.083146e+03
6.738634e+03 4.936543e+03
6.394206e+03 4.390417e+03
6.028954e+03 4.169915e+03
5.579999e+03 4.086302e+03
5.155314e+03 3.979395e+03
4.667841e+03 3.705823e+03
4.171664e+03 3.260600e+03
3.619155e+03 2.889183e+03
3.147174e+03 2.697507e+03
2.768921e+03 2.500292e+03
2.497073e+03 2.333984e+03
2.321049e+03 2.249079e+03
2.215374e+03 2.178064e+03
2.154403e+03 2.133482e+03
2.109632e+03 2.091987e+03
2.073110e+03 2.061147e+03
2.051419e+03 2.043326e+03
2.036366e+03 2.030793e+03
2.024405e+03 2.020757e+03
2.015579e+03 2.011888e+03
2.007759e+03 2.005446e+03
2.003413e+03 2.001887e+03
1.998507e+03 1.996733e+03
1.992823e+03 1.990850e+03
1.987798e+03 1.986498e+03
1.983955e+03 1.982850e+03
1.980486e+03 1.979553e+03
1.977975e+03 1.977320e+03
1.976102e+03 1.975587e+03
1.974397e+03 1.974047e+03
1.973446e+03 1.973240e+03
1.972788e+03 1.972653e+03
1.972393e+03 1.972307e+03
1.972067e+03 1.971987e+03
1.971696e+03 1.971610e+03
1.971393e+03 1.971331e+03
1.971104e+03 1.971038e+03
1.970923e+03 1.970898e+03
1.970791e+03 1.970766e+03
1.970669e+03 1.970653e+03
1.970587e+03 1.970574e+03
1.970496e+03 1.970483e+03
1.970433e+03 1.970425e+03
1.970360e+03 1.970349e+03
1.970266e+03 1.970251e+03
1.970170e+03 1.970159e+03
1.970090e+03 1.970083e+03
1.970038e+03 1.970034e+03
1.969999e+03 1.969995e+03
1.969940e+03 1.969936e+03
1.969889e+03 1.969885e+03
1.969834e+03 1.969830e+03
1.969763e+03 1.969759e+03
1.969660e+03 1.969657e+03
1.969592e+03 1.969591e+03
1.969531e+03 1.969531e+03
1.969519e+03 1.969519e+03
1.474799e+10 2.302305e+09
5.217125e+09 1.000009e+09
2.481571e+09 5.811328e+08
1.581315e+09 3.712647e+08
1.002846e+09 2.734974e+08
6.540408e+08 1.723548e+08
3.889055e+08 1.153558e+08
2.047176e+08 5.959054e+07
1.130849e+08 3.324058e+07
6.381760e+07 1.990759e+07
3.751409e+07 1.324099e+07
2.249135e+07 8.267967e+06
1.364567e+07 4.910578e+06
7.863407e+06 3.507001e+06
4.997221e+06 2.278873e+06
2.997396e+06 1.298853e+06
1.929030e+06 7.588242e+05
1.148225e+06 5.431527e+05
6.564249e+05 3.188690e+05
4.138002e+05 2.097290e+05
2.482330e+05 1.187785e+05
1.571578e+05 8.491564e+04
9.792022e+04 4.070575e+04
6.069882e+04 3.357711e+04
4.126052e+04 2.619184e+04
2.989298e+04 1.664104e+04
2.207993e+04 1.495651e+04
1.812835e+04 1.327897e+04
1.559573e+04 1.195512e+04
1.396060e+04 1.105018e+04
1.299318e+04 1.062478e+04
1.220366e+04 9.462135e+03
1.156554e+04 9.391166e+03
1.096616e+04 8.896323e+03
1.053379e+04 8.223717e+03
1.015200e+04 8.223717e+03
9.705002e+03 7.533232e+03
9.335284e+03 6.849798e+03
8.978068e+03 6.849798e+03
8.622537e+03 6.834097e+03
8.243868e+03 6.388294e+03
7.854656e+03 5.678395e+03
7.332528e+03 5.644806e+03
6.706103e+03 5.076633e+03
5.875268e+03 4.557005e+03
4.956856e+03 4.120780e+03
4.248534e+03 3.560192e+03
3.756853e+03 3.311829e+03
3.485249e+03 3.240554e+03
3.245588e+03 3.115162e+03
3.084554e+03 3.010102e+03
2.975947e+03 2.925724e+03
2.916520e+03 2.889035e+03
2.866568e+03 2.844448e+03
2.833445e+03 2.821274e+03
2.812582e+03 2.803931e+03
2.798375e+03 2.793008e+03
2.789488e+03 2.786155e+03
2.782352e+03 2.779438e+03
2.775815e+03 2.773679e+03
2.772252e+03 2.770908e+03
2.768831e+03 2.767600e+03
2.765819e+03 2.764805e+03
2.763867e+03 2.763199e+03
2.762431e+03 2.761917e+03
2.761203e+03 2.760762e+03
2.760006e+03 2.759562e+03
2.759024e+03 2.758732e+03
2.758162e+03 2.757821e+03
2.757383e+03 2.757137e+03
2.756688e+03 2.756507e+03
2.756086e+03 2.755931e+03
2.755680e+03 2.755564e+03
2.755440e+03 2.755396e+03
2.755288e+03 2.755231e+03
2.755131e+03 2.755094e+03
2.755024e+03 2.754993e+03
2.754928e+03 2.754913e+03
2.754867e+03 2.754849e+03
2.754807e+03 2.754796e+03
2.754762e+03 2.754756e+03
2.754726e+03 2.754716e+03
2.754677e+03 2.754671e+03
2.754643e+03 2.754637e+03
2.754612e+03 2.754607e+03
2.754576e+03 2.754570e+03
2.754538e+03 2.754534e+03
2.754512e+03 2.754508e+03
2.754490e+03 2.754487e+03
2.754472e+03 2.754469e+03
2.754458e+03 2.754457e+03
2.754443e+03 2.754442e+03
2.754435e+03 2.754434e+03
2.754426e+03 2.754425e+03
2.754417e+03 2.754417e+03
2.754409e+03 2.754408e+03
2.754400e+03 2.754399e+03
2.754382e+03 2.754381e+03
2.754365e+03 2.754364e+03
2.754353e+03 2.754353e+03
2.754349e+03 2.754349e+03
1.482531e+10 1.967099e+09
5.256092e+09 1.009693e+09
2.399190e+09 6.422122e+08
1.515497e+09 3.421626e+08
9.892534e+08 2.407868e+08
6.391620e+08 1.862330e+08
3.579737e+08 9.203149e+07
1.900126e+08 4.795838e+07
1.026689e+08 3.294812e+07
5.775448e+07 1.803133e+07
3.361626e+07 8.830341e+06
1.965647e+07 5.073919e+06
1.170860e+07 4.718517e+06
6.682426e+06 2.421753e+06
4.141101e+06 1.745205e+06
2.396541e+06 9.647281e+05
1.513240e+06 5.904110e+05
8.663972e+05 3.668126e+05
5.021711e+05 2.008964e+05
3.195503e+05 1.511025e+05
1.930828e+05 7.011115e+04
1.225447e+05 5.850090e+04
7.940315e+04 3.882955e+04
5.118540e+04 2.731026e+04
3.599974e+04 2.128626e+04
2.676974e+04 1.782906e+04
2.058566e+04 1.384457e+04
1.744543e+04 1.308985e+04
1.539307e+04 1.210383e+04
1.407609e+04 1.110923e+04
1.327975e+04 9.557416e+03
1.262827e+04 9.557416e+03
1.214020e+04 9.315170e+03
1.166887e+04 8.893365e+03
1.130400e+04 8.672041e+03
1.098505e+04 8.421406e+03
1.067281e+04 7.965508e+03
1.039213e+04 7.965508e+03
1.011815e+04 7.930182e+03
9.884802e+03 7.278998e+03
9.654022e+03 7.278998e+03
9.423384e+03 7.278998e+03
9.200671e+03 7.278998e+03
8.996358e+03 7.212663e+03
8.767581e+03 6.013055e+03
8.557301e+03 6.013055e+03
8.306540e+03 6.013055e+03
8.050424e+03 6.013055e+03
7.800983e+03 6.013055e+03
7.450525e+03 5.905184e+03
7.105005e+03 5.323369e+03
6.522810e+03 4.867363e+03
5.867571e+03 4.096035e+03
5.169710e+03 3.955593e+03
4.515170e+03 3.624711e+03
3.827071e+03 3.261582e+03
3.302988e+03 3.028701e+03
2.998134e+03 2.903856e+03
2.854619e+03 2.799256e+03
2.766894e+03 2.742368e+03
2.721777e+03 2.704482e+03
2.686543e+03 2.674568e+03
2.653613e+03 2.641007e+03
2.628745e+03 2.617448e+03
2.609163e+03 2.602613e+03
2.594245e+03 2.589966e+03
2.585471e+03 2.582527e+03
2.578334e+03 2.576201e+03
2.573699e+03 2.572366e+03
2.569312e+03 2.567849e+03
2.566082e+03 2.565249e+03
2.563978e+03 2.563527e+03
2.562572e+03 2.562240e+03
2.561334e+03 2.560988e+03
2.560471e+03 2.560225e+03
2.559663e+03 2.559436e+03
2.558901e+03 2.558636e+03
2.557958e+03 2.557739e+03
2.557268e+03 2.557121e+03
2.556639e+03 2.556531e+03
2.556174e+03 2.556106e+03
2.555888e+03 2.555848e+03
2.555668e+03 2.555635e+03
2.555480e+03 2.555447e+03
2.555294e+03 2.555269e+03
2.555145e+03 2.555118e+03
2.554950e+03 2.554930e+03
2.554832e+03 2.554814e+03
2.554717e+03 2.554705e+03
2.554620e+03 2.554609e+03
2.554529e+03 2.554519e+03
2.554436e+03 2.554429e+03
2.554359e+03 2.554350e+03
2.554279e+03 2.554275e+03
2.554218e+03 2.554212e+03
2.554125e+03 2.554120e+03
2.554049e+03 2.554047e+03
2.554000e+03 2.554000e+03
2.553973e+03 2.553973e+03
2.553964e+03 2.553964e+03
2.553962e+03 2.553962e+03
1.471190e+10 2.100097e+09
5.118617e+09 9.632710e+08
2.387682e+09 5.554540e+08
1.510098e+09 2.719110e+08
9.952445e+08 2.327511e+08
6.344647e+08 1.500058e+08
3.690819e+08 1.079059e+08
1.957565e+08 6.271779e+07
1.085789e+08 2.967214e+07
6.140068e+07 2.084705e+07
3.606888e+07 1.191092e+07
2.175410e+07 4.588282e+06
1.307168e+07 4.588282e+06
7.384261e+06 2.865600e+06
4.617525e+06 2.024426e+06
2.724500e+06 1.050006e+06
1.766493e+06 7.553458e+05
1.036023e+06 5.083983e+05
6.078833e+05 2.583161e+05
3.793825e+05 1.693126e+05
2.310288e+05 1.181884e+05
1.448188e+05 7.641237e+04
9.205811e+04 4.352386e+04
5.665750e+04 3.286678e+04
3.973688e+04 2.361399e+04
2.925984e+04 1.967410e+04
2.206939e+04 1.577478e+04
1.826559e+04 1.410340e+04
1.569467e+04 1.201865e+04
1.410147e+04 1.123002e+04
1.314940e+04 1.051551e+04
1.238868e+04 8.981000e+03
1.179991e+04 8.981000e+03
1.127452e+04 8.521202e+03
1.087009e+04 7.620086e+03
1.050406e+04 7.620086e+03
1.012260e+04 7.215563e+03
9.778534e+03 7.215563e+03
9.422488e+03 7.134671e+03
9.067376e+03 6.577767e+03
8.744300e+03 6.453211e+03
8.368714e+03 6.262798e+03
7.959026e+03 6.181116e+03
7.560753e+03 5.614715e+03
7.111328e+03 5.368183e+03
6.638779e+03 5.267738e+03
6.079863e+03 4.389583e+03
5.479720e+03 4.328515e+03
4.991396e+03 4.026481e+03
4.549784e+03 3.582526e+03
4.120609e+03 3.095482e+03
3.675052e+03 2.864621e+03
3.178482e+03 2.676582e+03
2.755454e+03 2.509197e+03
2.528538e+03 2.427042e+03
2.388724e+03 2.329084e+03
2.294767e+03 2.260085e+03
2.222023e+03 2.192201e+03
2.171232e+03 2.156236e+03
2.138043e+03 2.126476e+03
2.108214e+03 2.096574e+03
2.085486e+03 2.076990e+03
2.069539e+03 2.064559e+03
2.058331e+03 2.053726e+03
2.046673e+03 2.043498e+03
2.040147e+03 2.038333e+03
2.035598e+03 2.034151e+03
2.031296e+03 2.030227e+03
2.028266e+03 2.027461e+03
2.025471e+03 2.024256e+03
2.022522e+03 2.021711e+03
2.020329e+03 2.019611e+03
2.018374e+03 2.017692e+03
2.016149e+03 2.015553e+03
2.013962e+03 2.013390e+03
2.011712e+03 2.011053e+03
2.009921e+03 2.009447e+03
2.008354e+03 2.008004e+03
2.007164e+03 2.006969e+03
2.006387e+03 2.006211e+03
2.005805e+03 2.005683e+03
2.005231e+03 2.005113e+03
2.004638e+03 2.004543e+03
2.004158e+03 2.004081e+03
2.003641e+03 2.003564e+03
2.003232e+03 2.003184e+03
2.002985e+03 2.002950e+03
2.002752e+03 2.002728e+03
2.002549e+03 2.002527e+03
2.002383e+03 2.002364e+03
2.002254e+03 2.002244e+03
2.002153e+03 2.002142e+03
2.002046e+03 2.002036e+03
2.001949e+03 2.001943e+03
2.001861e+03 2.001858e+03
2.001789e+03 2.001784e+03
2.001697e+03 2.001693e+03
2.001582e+03 2.001579e+03
2.001493e+03 2.001493e+03
2.001458e+03 2.001457e+03
2.001433e+03 2.001433e+03
1.434532e+10 2.331758e+09
4.999639e+09 1.017846e+09
2.357177e+09 4.538145e+08
1.484926e+09 2.950051e+08
9.618814e+08 2.806005e+08
6.290788e+08 2.110996e+08
3.620230e+08 1.070380e+08
1.943211e+08 5.997428e+07
1.091054e+08 2.894201e+07
6.217533e+07 1.828015e+07
3.620907e+07 1.098670e+07
2.159204e+07 7.381178e+06
1.326046e+07 4.195063e+06
7.518149e+06 2.735539e+06
4.541843e+06 1.554804e+06
2.577244e+06 9.440294e+05
1.616973e+06 5.669279e+05
9.470843e+05 3.728420e+05
5.583956e+05 2.481542e+05
3.667296e+05 1.718472e+05
2.225527e+05 1.067266e+05
1.399322e+05 6.431743e+04
8.895578e+04 4.297617e+04
5.518796e+04 3.030736e+04
3.856056e+04 2.403346e+04
2.790167e+04 1.901532e+04
2.120168e+04 1.455732e+04
1.780082e+04 1.338444e+04
1.536251e+04 1.136801e+04
1.393718e+04 1.036582e+04
1.310629e+04 1.036582e+04
1.228512e+04 9.959317e+03
1.165785e+04 9.306116e+03
1.109773e+04 7.986360e+03
1.067881e+04 7.986360e+03
1.029078e+04 7.986360e+03
9.885658e+03 7.711607e+03
9.510924e+03 7.388554e+03
9.170090e+03 7.388554e+03
8.837274e+03 7.123959e+03
8.518856e+03 6.539875e+03
8.178793e+03 6.349392e+03
7.774810e+03 6.143434e+03
7.358150e+03 5.724050e+03
6.917606e+03 5.488048e+03
6.470484e+03 4.990096e+03
6.060830e+03 4.804163e+03
5.655300e+03 4.546853e+03
5.332272e+03 4.259203e+03
4.927408e+03 3.995917e+03
4.456443e+03 3.843775e+03
3.971599e+03 3.530774e+03
3.639894e+03 3.379410e+03
3.445608e+03 3.230757e+03
3.322351e+03 3.151574e+03
3.179584e+03 3.055040e+03
3.037734e+03 2.978167e+03
2.959962e+03 2.928212e+03
2.912330e+03 2.894984e+03
2.880864e+03 2.870732e+03
2.857689e+03 2.849089e+03
2.839188e+03 2.833340e+03
2.827657e+03 2.823977e+03
2.820724e+03 2.818247e+03
2.815797e+03 2.814429e+03
2.812350e+03 2.811138e+03
2.809931e+03 2.809167e+03
2.807881e+03 2.807319e+03
2.806536e+03 2.806142e+03
2.805300e+03 2.804951e+03
2.804329e+03 2.804091e+03
2.803453e+03 2.803223e+03
2.802689e+03 2.802493e+03
2.801824e+03 2.801593e+03
2.801207e+03 2.801032e+03
2.800758e+03 2.800664e+03
2.800447e+03 2.800382e+03
2.800166e+03 2.800100e+03
2.799917e+03 2.799855e+03
2.799700e+03 2.799663e+03
2.799574e+03 2.799552e+03
2.799473e+03 2.799456e+03
2.799375e+03 2.799358e+03
2.799300e+03 2.799290e+03
2.799243e+03 2.799235e+03
2.799185e+03 2.799175e+03
2.799113e+03 2.799101e+03
2.799017e+03 2.799006e+03
2.798932e+03 2.798923e+03
2.798862e+03 2.798856e+03
2.798828e+03 2.798825e+03
2.798787e+03 2.798784e+03
2.798748e+03 2.798745e+03
2.798724e+03 2.798721e+03
2.798688e+03 2.798685e+03
2.798651e+03 2.798649e+03
2.798614e+03 2.798613e+03
2.798573e+03 2.798572e+03
2.798533e+03 2.798532e+03
2.798510e+03 2.798510e+03
2.798503e+03 2.798503e+03
1.495247e+10 1.339907e+09
5.219687e+09 9.946838e+08
2.376513e+09 5.141569e+08
1.508148e+09 4.182337e+08
9.791639e+08 1.820653e+08
6.401582e+08 1.620493e+08
3.621227e+08 9.345033e+07
1.911861e+08 5.666995e+07
1.039541e+08 2.471659e+07
5.873884e+07 1.759237e+07
3.392092e+07 6.982852e+06
1.966395e+07 4.996134e+06
1.186819e+07 3.429660e+06
6.757114e+06 2.474397e+06
4.193570e+06 1.745846e+06
2.421995e+06 1.001395e+06
1.542942e+06 7.505310e+05
9.336776e+05 3.791844e+05
5.651187e+05 2.218368e+05
3.644728e+05 1.686379e+05
2.190628e+05 1.021144e+05
1.380046e+05 6.450113e+04
8.794062e+04 4.578536e+04
5.611173e+04 2.962298e+04
3.923363e+04 2.341321e+04
2.893507e+04 1.678780e+04
2.166839e+04 1.505356e+04
1.796733e+04 1.253039e+04
1.542319e+04 1.186673e+04
1.394913e+04 1.143343e+04
1.310050e+04 9.689877e+03
1.244867e+04 9.689877e+03
1.197830e+04 9.344111e+03
1.158615e+04 9.344111e+03
1.130914e+04 9.019286e+03
1.106649e+04 8.993625e+03
1.080591e+04 8.583743e+03
1.057847e+04 8.412077e+03
1.031395e+04 8.249096e+03
1.008506e+04 8.095581e+03
9.885345e+03 7.791030e+03
9.680073e+03 7.596925e+03
9.436768e+03 7.532304e+03
9.204830e+03 7.435682e+03
8.960203e+03 7.004027e+03
8.734134e+03 6.787402e+03
8.507032e+03 6.329736e+03
8.248669e+03 6.322543e+03
8.001564e+03 6.281819e+03
7.726049e+03 5.742014e+03
7.414259e+03 5.742014e+03
6.884127e+03 5.047736e+03
6.237478e+03 4.704884e+03
5.365811e+03 4.053251e+03
4.404110e+03 3.546475e+03
3.717249e+03 3.423972e+03
3.348301e+03 3.234119e+03
3.191703e+03 3.141296e+03
3.098938e+03 3.069908e+03
3.043652e+03 3.024906e+03
3.010844e+03 2.996682e+03
2.978881e+03 2.966610e+03
2.955010e+03 2.945746e+03
2.935246e+03 2.927858e+03
2.916148e+03 2.909377e+03
2.898194e+03 2.891824e+03
2.884275e+03 2.880271e+03
2.873798e+03 2.870419e+03
2.865551e+03 2.862752e+03
2.858768e+03 2.856791e+03
2.854927e+03 2.854042e+03
2.851946e+03 2.850846e+03
2.849759e+03 2.849182e+03
2.847715e+03 2.847131e+03
2.846069e+03 2.845663e+03
2.844223e+03 2.843750e+03
2.842887e+03 2.842527e+03
2.841926e+03 2.841734e+03
2.841203e+03 2.841078e+03
2.840610e+03 2.840505e+03
2.840170e+03 2.840085e+03
2.839742e+03 2.839671e+03
2.839366e+03 2.839328e+03
2.839102e+03 2.839054e+03
2.838854e+03 2.838810e+03
2.838593e+03 2.838552e+03
2.838356e+03 2.838318e+03
2.838152e+03 2.838121e+03
2.837963e+03 2.837938e+03
2.837793e+03 2.837777e+03
2.837663e+03 2.837649e+03
2.837494e+03 2.837480e+03
2.837375e+03 2.837363e+03
2.837290e+03 2.837283e+03
2.837205e+03 2.837200e+03
2.837137e+03 2.837135e+03
2.837099e+03 2.837099e+03
2.837074e+03 2.837074e+03
2.837052e+03 2.837052e+03
2.837031e+03 2.837030e+03
2.837021e+03 2.837021e+03
1.456689e+10 2.052861e+09
5.298935e+09 1.149316e+09
2.485639e+09 5.040805e+08
1.548704e+09 3.163104e+08
9.857535e+08 2.562711e+08
6.254877e+08 1.455473e+08
3.521882e+08 9.089783e+07
1.883396e+08 6.108879e+07
1.003587e+08 2.471345e+07
5.694026e+07 1.989498e+07
3.320440e+07 1.151132e+07
1.995694e+07 6.908499e+06
1.217415e+07 5.167570e+06
7.067749e+06 2.512669e+06
4.542701e+06 1.410228e+06
2.596046e+06 1.177671e+06
1.655528e+06 6.939895e+05
9.936040e+05 4.680849e+05
6.067858e+05 2.737166e+05
3.945467e+05 1.928940e+05
2.445396e+05 1.074264e+05
1.505316e+05 7.402979e+04
9.408457e+04 4.784770e+04
5.688416e+04 3.190710e+04
3.832121e+04 2.004587e+04
2.811290e+04 1.873050e+04
2.133311e+04 1.567968e+04
1.791742e+04 1.283463e+04
1.569582e+04 1.123196e+04
1.421879e+04 1.036566e+04
1.332214e+04 1.024217e+04
1.253570e+04 9.688524e+03
1.196625e+04 8.566590e+03
1.139906e+04 8.566590e+03
1.096348e+04 8.405018e+03
1.059045e+04 8.405018e+03
1.026560e+04 8.368185e+03
9.924950e+03 7.812633e+03
9.593694e+03 7.633392e+03
9.242255e+03 6.620608e+03
8.920046e+03 6.620608e+03
8.546028e+03 6.376810e+03
8.066821e+03 6.025615e+03
7.584688e+03 5.251779e+03
6.948414e+03 4.938758e+03
6.236299e+03 4.708014e+03
5.546648e+03 3.777663e+03
4.766751e+03 3.427914e+03
4.180521e+03 3.037072e+03
3.612874e+03 3.037072e+03
3.240127e+03 2.843266e+03
2.967220e+03 2.634499e+03
2.761833e+03 2.552373e+03
2.604194e+03 2.468932e+03
2.492745e+03 2.410690e+03
2.400846e+03 2.351435e+03
2.332343e+03 2.305970e+03
2.294751e+03 2.280389e+03
2.267984e+03 2.256532e+03
2.246160e+03 2.239464e+03
2.229944e+03 2.223891e+03
2.217738e+03 2.213813e+03
2.208537e+03 2.205694e+03
2.201967e+03 2.199929e+03
2.197339e+03 2.195988e+03
2.194309e+03 2.193328e+03
2.191511e+03 2.190411e+03
2.188963e+03 2.188250e+03
2.187175e+03 2.186643e+03
2.185848e+03 2.185388e+03
2.184411e+03 2.183999e+03
2.183400e+03 2.183139e+03
2.182655e+03 2.182414e+03
2.181910e+03 2.181747e+03
2.181390e+03 2.181259e+03
2.180992e+03 2.180905e+03
2.180687e+03 2.180604e+03
2.180416e+03 2.180349e+03
2.180183e+03 2.180135e+03
2.180022e+03 2.179992e+03
2.179861e+03 2.179821e+03
2.179709e+03 2.179684e+03
2.179621e+03 2.179611e+03
2.179556e+03 2.179546e+03
2.179514e+03 2.179507e+03
2.179468e+03 2.179459e+03
2.179418e+03 2.179406e+03
2.179348e+03 2.179339e+03
2.179300e+03 2.179295e+03
2.179263e+03 2.179259e+03
2.179230e+03 2.179227e+03
2.179208e+03 2.179207e+03
2.179196e+03 2.179195e+03
2.179185e+03 2.179184e+03
2.179174e+03 2.179173e+03
2.179158e+03 2.179157e+03
2.179141e+03 2.179141e+03
2.179128e+03 2.179128e+03
2.179117e+03 2.179117e+03
2.179111e+03 2.179111e+03
2.179109e+03 2.179109e+03
1.440891e+10 2.139015e+09
5.085726e+09 1.010267e+09
2.395355e+09 3.587954e+08
1.531300e+09 3.165801e+08
9.882271e+08 2.981075e+08
6.331510e+08 2.135091e+08
3.406889e+08 8.638272e+07
1.790728e+08 5.148476e+07
1.009885e+08 3.072847e+07
5.861956e+07 1.589339e+07
3.375171e+07 1.088436e+07
1.972980e+07 5.981211e+06
1.220114e+07 4.131996e+06
6.870295e+06 2.674835e+06
4.352381e+06 1.498900e+06
2.497115e+06 1.002942e+06
1.551189e+06 4.672437e+05
9.095010e+05 3.790887e+05
5.499970e+05 2.325397e+05
3.524409e+05 1.229800e+05
2.109173e+05 1.072070e+05
1.327151e+05 6.401386e+04
8.700064e+04 4.079369e+04
5.338528e+04 3.117059e+04
3.733392e+04 2.237179e+04
2.805179e+04 1.846405e+04
2.151276e+04 1.509180e+04
1.804612e+04 1.266059e+04
1.554278e+04 1.139965e+04
1.398115e+04 1.096440e+04
1.299173e+04 9.940301e+03
1.209343e+04 8.901921e+03
1.137745e+04 8.181067e+03
1.077114e+04 8.165539e+03
1.028263e+04 7.936970e+03
9.876832e+03 7.096080e+03
9.442773e+03 7.009059e+03
9.001951e+03 6.890126e+03
8.592782e+03 6.456939e+03
8.196725e+03 6.324150e+03
7.814765e+03 6.049919e+03
7.424218e+03 5.620200e+03
6.971498e+03 5.070108e+03
6.535106e+03 4.820353e+03
5.999823e+03 4.169930e+03
5.422363e+03 3.833562e+03
4.861004e+03 3.535489e+03
4.249005e+03 3.097579e+03
3.723911e+03 2.740379e+03
3.269698e+03 2.510194e+03
2.873003e+03 2.262510e+03
2.387044e+03 2.020858e+03
2.006758e+03 1.839837e+03
1.805116e+03 1.734067e+03
1.689477e+03 1.648766e+03
1.625944e+03 1.600894e+03
1.584109e+03 1.569285e+03
1.554718e+03 1.543890e+03
1.530412e+03 1.518900e+03
1.506996e+03 1.497717e+03
1.489033e+03 1.482355e+03
1.476105e+03 1.471041e+03
1.466321e+03 1.462802e+03
1.458335e+03 1.456086e+03
1.452186e+03 1.450313e+03
1.448189e+03 1.447067e+03
1.446238e+03 1.445671e+03
1.444763e+03 1.444378e+03
1.443349e+03 1.442854e+03
1.442176e+03 1.441715e+03
1.440924e+03 1.440616e+03
1.440103e+03 1.439856e+03
1.439365e+03 1.439164e+03
1.438746e+03 1.438554e+03
1.438225e+03 1.438106e+03
1.437823e+03 1.437738e+03
1.437552e+03 1.437484e+03
1.437346e+03 1.437300e+03
1.437150e+03 1.437101e+03
1.436931e+03 1.436889e+03
1.436796e+03 1.436767e+03
1.436677e+03 1.436656e+03
1.436585e+03 1.436567e+03
1.436504e+03 1.436491e+03
1.436445e+03 1.436439e+03
1.436401e+03 1.436396e+03
1.436368e+03 1.436363e+03
1.436321e+03 1.436316e+03
1.436291e+03 1.436287e+03
1.436268e+03 1.436265e+03
1.436240e+03 1.436237e+03
1.436217e+03 1.436214e+03
1.436188e+03 1.436187e+03
1.436170e+03 1.436167e+03
1.436149e+03 1.436147e+03
1.436129e+03 1.436129e+03
1.436112e+03 1.436111e+03
1.436091e+03 1.436091e+03
1.436069e+03 1.436068e+03
1.436054e+03 1.436054e+03
1.436050e+03 1.436050e+03
1.480515e+10 2.880731e+09
5.292306e+09 8.341182e+08
2.418248e+09 5.221795e+08
1.516719e+09 3.904816e+08
9.745900e+08 2.619340e+08
6.001247e+08 1.450389e+08
3.271505e+08 8.676960e+07
1.758085e+08 5.161494e+07
9.695315e+07 3.331384e+07
5.608388e+07 1.746456e+07
3.237374e+07 1.102867e+07
1.913260e+07 6.617908e+06
1.147140e+07 4.448745e+06
6.541427e+06 2.446841e+06
3.974621e+06 1.581182e+06
2.265308e+06 1.033226e+06
1.438742e+06 5.902107e+05
8.213145e+05 3.795054e+05
4.888568e+05 2.506104e+05
3.175570e+05 1.327968e+05
1.932890e+05 8.570027e+04
1.213731e+05 5.934044e+04
7.790847e+04 4.135483e+04
4.829886e+04 2.880714e+04
3.415499e+04 2.234577e+04
2.560911e+04 1.737825e+04
2.000249e+04 1.506543e+04
1.723227e+04 1.200520e+04
1.521848e+04 1.200520e+04
1.393809e+04 1.076738e+04
1.315014e+04 9.959946e+03
1.246961e+04 9.848600e+03
1.191635e+04 9.163044e+03
1.142576e+04 8.960331e+03
1.101893e+04 8.736289e+03
1.064714e+04 8.361032e+03
1.025788e+04 8.233584e+03
9.950229e+03 7.567081e+03
9.701908e+03 7.567081e+03
9.435806e+03 7.567081e+03
9.213257e+03 7.210951e+03
8.934299e+03 6.986356e+03
8.648216e+03 6.382629e+03
8.424079e+03 6.382629e+03
8.135936e+03 6.262372e+03
7.810497e+03 5.741372e+03
7.447744e+03 5.741372e+03
6.959679e+03 5.381506e+03
6.508269e+03 4.927651e+03
5.903941e+03 4.346086e+03
5.212576e+03 3.735347e+03
4.492781e+03 3.345385e+03
3.856373e+03 2.973996e+03
3.349906e+03 2.845408e+03
2.951663e+03 2.629904e+03
2.639783e+03 2.476992e+03
2.417989e+03 2.329135e+03
2.293849e+03 2.253386e+03
2.221802e+03 2.198287e+03
2.169538e+03 2.148070e+03
2.135006e+03 2.122933e+03
2.112505e+03 2.104887e+03
2.098902e+03 2.095303e+03
2.089938e+03 2.086670e+03
2.081300e+03 2.078104e+03
2.074907e+03 2.072471e+03
2.069285e+03 2.067678e+03
2.065539e+03 2.064410e+03
2.062669e+03 2.061831e+03
2.060455e+03 2.059871e+03
2.058901e+03 2.058497e+03
2.057350e+03 2.056891e+03
2.056041e+03 2.055682e+03
2.054869e+03 2.054576e+03
2.053741e+03 2.053502e+03
2.052673e+03 2.052350e+03
2.051790e+03 2.051607e+03
2.051091e+03 2.050908e+03
2.050449e+03 2.050313e+03
2.049891e+03 2.049788e+03
2.049361e+03 2.049290e+03
2.048970e+03 2.048901e+03
2.048620e+03 2.048550e+03
2.048398e+03 2.048362e+03
2.048216e+03 2.048190e+03
2.048029e+03 2.048011e+03
2.047910e+03 2.047892e+03
2.047782e+03 2.047767e+03
2.047695e+03 2.047688e+03
2.047629e+03 2.047622e+03
2.047535e+03 2.047527e+03
2.047444e+03 2.047437e+03
2.047383e+03 2.047379e+03
2.047323e+03 2.047319e+03
2.047259e+03 2.047256e+03
2.047205e+03 2.047204e+03
2.047168e+03 2.047167e+03
2.047118e+03 2.047116e+03
2.047064e+03 2.047063e+03
2.047027e+03 2.047027e+03
2.047019e+03 2.047019e+03
1.508523e+10 2.654526e+09
5.263001e+09 1.083361e+09
2.428263e+09 6.095640e+08
1.544188e+09 2.874436e+08
1.000635e+09 2.459379e+08
6.479709e+08 1.759930e+08
3.702173e+08 8.940047e+07
1.995232e+08 6.197761e+07
1.080715e+08 2.883456e+07
6.075821e+07 2.091966e+07
3.599558e+07 1.174596e+07
2.133428e+07 8.369475e+06
1.306116e+07 4.560214e+06
7.320522e+06 3.041173e+06
4.584800e+06 1.787573e+06
2.688355e+06 1.308092e+06
1.685032e+06 6.864188e+05
9.690622e+05 3.921215e+05
5.663683e+05 2.344017e+05
3.583317e+05 1.538806e+05
2.152782e+05 9.934158e+04
1.308449e+05 6.922169e+04
8.370007e+04 3.660347e+04
5.309135e+04 2.833753e+04
3.710713e+04 2.066173e+04
2.757610e+04 1.648823e+04
2.125831e+04 1.563504e+04
1.780782e+04 1.279322e+04
1.516934e+04 1.075635e+04
1.357562e+04 1.033817e+04
1.256276e+04 9.558604e+03
1.166418e+04 9.138327e+03
1.094444e+04 8.385390e+03
1.024103e+04 7.251318e+03
9.699440e+03 6.356137e+03
9.152677e+03 6.303139e+03
8.600420e+03 6.303139e+03
8.058815e+03 5.328786e+03
7.518045e+03 5.328786e+03
6.977065e+03 5.264457e+03
6.468869e+03 4.757502e+03
6.003549e+03 4.103179e+03
5.508744e+03 3.820131e+03
5.071084e+03 3.443065e+03
4.529264e+03 3.210760e+03
3.951239e+03 2.755172e+03
3.329649e+03 2.565527e+03
2.636434e+03 2.164813e+03
2.236077e+03 2.005238e+03
1.985842e+03 1.849490e+03
1.834333e+03 1.751429e+03
1.721220e+03 1.663359e+03
1.651009e+03 1.625766e+03
1.611438e+03 1.597196e+03
1.586348e+03 1.577159e+03
1.569731e+03 1.563058e+03
1.558541e+03 1.554704e+03
1.551134e+03 1.547185e+03
1.541975e+03 1.538293e+03
1.533969e+03 1.530494e+03
1.527923e+03 1.525222e+03
1.523020e+03 1.521132e+03
1.519602e+03 1.518419e+03
1.517457e+03 1.516747e+03
1.515950e+03 1.515456e+03
1.514879e+03 1.514524e+03
1.514128e+03 1.513900e+03
1.513567e+03 1.513397e+03
1.513221e+03 1.513141e+03
1.512989e+03 1.512894e+03
1.512709e+03 1.512613e+03
1.512452e+03 1.512394e+03
1.512284e+03 1.512230e+03
1.512115e+03 1.512069e+03
1.511984e+03 1.511946e+03
1.511851e+03 1.511818e+03
1.511754e+03 1.511732e+03
1.511683e+03 1.511665e+03
1.511622e+03 1.511607e+03
1.511575e+03 1.511565e+03
1.511536e+03 1.511529e+03
1.511494e+03 1.511488e+03
1.511466e+03 1.511460e+03
1.511439e+03 1.511434e+03
1.511418e+03 1.511415e+03
1.511394e+03 1.511390e+03
1.511381e+03 1.511379e+03
1.511371e+03 1.511369e+03
1.511360e+03 1.511359e+03
1.511351e+03 1.511350e+03
1.511345e+03 1.511344e+03
1.511340e+03 1.511340e+03
1.511336e+03 1.511335e+03
1.511331e+03 1.511331e+03
1.511326e+03 1.511326e+03
1.511323e+03 1.511323e+03
1.511319e+03 1.511318e+03
1.511316e+03 1.511316e+03
1.511313e+03 1.511313e+03
1.511311e+03 1.511311e+03
1.511311e+03 1.511311e+03
1.486920e+10 2.513607e+09
5.049043e+09 1.059241e+09
2.368224e+09 6.381806e+08
1.510203e+09 4.244662e+08
9.819371e+08 2.038714e+08
6.379774e+08 2.038714e+08
3.665650e+08 6.602712e+07
1.963741e+08 4.434528e+07
1.048861e+08 3.009350e+07
5.932694e+07 1.394693e+07
3.423845e+07 9.979902e+06
2.035191e+07 7.267383e+06
1.203966e+07 4.541162e+06
6.870344e+06 2.940375e+06
4.241270e+06 1.757989e+06
2.389097e+06 8.511787e+05
1.531364e+06 5.650854e+05
9.044255e+05 3.999349e+05
5.359754e+05 2.359662e+05
3.449218e+05 1.459426e+05
2.115261e+05 1.017677e+05
1.313800e+05 6.356608e+04
8.386623e+04 4.137662e+04
5.220333e+04 3.061952e+04
3.622548e+04 2.232315e+04
2.645642e+04 1.655588e+04
2.029903e+04 1.499879e+04
1.715180e+04 1.190352e+04
1.485473e+04 1.133456e+04
1.350436e+04 1.053257e+04
1.272471e+04 1.029500e+04
1.204862e+04 9.376486e+03
1.156114e+04 8.816155e+03
1.106289e+04 8.816155e+03
1.072102e+04 8.550261e+03
1.045700e+04 8.226730e+03
1.019696e+04 8.226730e+03
9.945934e+03 7.503477e+03
9.734460e+03 7.503477e+03
9.537907e+03 7.481279e+03
9.363839e+03 7.481279e+03
9.199403e+03 7.481279e+03
9.016678e+03 6.976422e+03
8.869915e+03 6.976422e+03
8.709698e+03 6.818095e+03
8.548987e+03 6.812263e+03
8.371247e+03 6.755177e+03
8.150158e+03 6.204446e+03
7.944189e+03 6.096995e+03
7.710941e+03 5.798929e+03
7.458502e+03 5.275890e+03
7.031862e+03 5.275890e+03
6.463547e+03 4.625968e+03
5.894003e+03 4.033336e+03
5.300139e+03 3.758285e+03
4.549615e+03 3.271227e+03
3.525469e+03 2.864468e+03
2.843704e+03 2.573718e+03
2.514431e+03 2.423415e+03
2.340163e+03 2.284104e+03
2.257574e+03 2.229934e+03
2.205496e+03 2.190829e+03
2.166523e+03 2.150611e+03
2.129660e+03 2.114592e+03
2.093048e+03 2.083904e+03
2.067111e+03 2.057869e+03
2.050785e+03 2.045692e+03
2.039771e+03 2.036637e+03
2.031666e+03 2.029392e+03
2.026126e+03 2.024487e+03
2.020747e+03 2.019209e+03
2.015120e+03 2.012858e+03
2.010678e+03 2.009688e+03
2.007691e+03 2.006881e+03
2.005340e+03 2.004674e+03
2.003111e+03 2.002421e+03
2.000415e+03 1.999869e+03
1.998440e+03 1.997970e+03
1.996447e+03 1.995982e+03
1.994503e+03 1.994161e+03
1.992847e+03 1.992583e+03
1.991895e+03 1.991710e+03
1.991162e+03 1.991053e+03
1.990358e+03 1.990218e+03
1.989800e+03 1.989700e+03
1.989250e+03 1.989175e+03
1.988858e+03 1.988822e+03
1.988535e+03 1.988450e+03
1.988196e+03 1.988170e+03
1.988008e+03 1.987989e+03
1.987835e+03 1.987818e+03
1.987680e+03 1.987669e+03
1.987595e+03 1.987586e+03
1.987504e+03 1.987497e+03
1.987414e+03 1.987410e+03
1.987337e+03 1.987333e+03
1.987260e+03 1.987258e+03
1.987147e+03 1.987146e+03
1.987076e+03 1.987076e+03
1.987023e+03 1.987022e+03
1.987008e+03 1.987008e+03
1.472308e+10 1.949172e+09
5.142804e+09 8.700985e+08
2.368988e+09 5.096553e+08
1.505064e+09 3.132644e+08
9.771997e+08 2.443221e+08
6.273201e+08 1.973450e+08
3.517358e+08 1.124463e+08
1.893558e+08 5.844064e+07
1.020454e+08 3.303078e+07
5.834209e+07 1.868330e+07
3.360973e+07 1.137082e+07
1.994491e+07 7.390202e+06
1.220367e+07 3.599498e+06
6.888587e+06 2.291072e+06
4.206104e+06 1.638348e+06
2.371183e+06 9.271131e+05
1.493493e+06 6.575477e+05
8.802165e+05 3.884645e+05
5.263541e+05 1.883969e+05
3.345428e+05 1.452198e+05
2.078049e+05 9.712464e+04
1.297974e+05 6.315191e+04
8.412503e+04 4.792707e+04
5.322707e+04 3.060216e+04
3.740485e+04 2.114602e+04
2.736194e+04 1.862226e+04
2.104276e+04 1.608132e+04
1.762318e+04 1.285601e+04
1.534057e+04 1.160988e+04
1.399488e+04 1.069700e+04
1.315693e+04 1.004779e+04
1.242907e+04 9.736847e+03
1.186452e+04 9.510245e+03
1.133097e+04 8.966709e+03
1.092828e+04 8.530231e+03
1.059189e+04 8.530231e+03
1.025009e+04 8.273530e+03
9.970552e+03 7.955419e+03
9.671927e+03 7.387135e+03
9.418602e+03 7.306055e+03
9.141507e+03 6.915835e+03
8.912784e+03 6.915835e+03
8.642163e+03 6.915835e+03
8.396343e+03 6.552552e+03
8.138565e+03 6.292344e+03
7.862693e+03 5.802008e+03
7.604635e+03 5.802008e+03
7.326802e+03 5.340685e+03
7.049273e+03 5.340685e+03
6.714102e+03 4.508753e+03
6.358695e+03 4.508753e+03
5.670095e+03 3.841386e+03
4.677184e+03 3.324858e+03
3.602126e+03 2.839366e+03
2.908514e+03 2.559596e+03
2.540607e+03 2.414272e+03
2.385657e+03 2.346163e+03
2.318377e+03 2.290377e+03
2.266968e+03 2.246253e+03
2.229664e+03 2.216104e+03
2.207404e+03 2.198306e+03
2.189228e+03 2.182318e+03
2.173611e+03 2.168518e+03
2.161758e+03 2.157611e+03
2.150677e+03 2.146846e+03
2.141195e+03 2.138055e+03
2.134663e+03 2.132532e+03
2.129385e+03 2.127836e+03
2.125617e+03 2.124721e+03
2.123284e+03 2.122557e+03
2.120925e+03 2.120219e+03
2.119110e+03 2.118635e+03
2.117903e+03 2.117653e+03
2.116926e+03 2.116682e+03
2.116207e+03 2.115981e+03
2.115499e+03 2.115350e+03
2.115013e+03 2.114895e+03
2.114430e+03 2.114293e+03
2.113969e+03 2.113894e+03
2.113684e+03 2.113636e+03
2.113459e+03 2.113423e+03
2.113239e+03 2.113191e+03
2.113033e+03 2.112993e+03
2.112867e+03 2.112836e+03
2.112772e+03 2.112762e+03
2.112660e+03 2.112641e+03
2.112536e+03 2.112522e+03
2.112430e+03 2.112414e+03
2.112328e+03 2.112319e+03
2.112231e+03 2.112220e+03
2.112142e+03 2.112137e+03
2.112084e+03 2.112080e+03
2.112041e+03 2.112036e+03
2.112003e+03 2.112001e+03
2.111976e+03 2.111974e+03
2.111951e+03 2.111950e+03
2.111925e+03 2.111924e+03
2.111898e+03 2.111897e+03
2.111870e+03 2.111870e+03
2.111849e+03 2.111848e+03
2.111835e+03 2.111835e+03
1.510293e+10 1.965264e+09
5.272036e+09 1.128644e+09
2.443682e+09 5.297393e+08
1.534221e+09 3.774472e+08
9.581413e+08 2.514287e+08
6.011166e+08 1.794236e+08
3.442816e+08 8.644366e+07
1.899609e+08 6.256439e+07
1.020932e+08 2.894654e+07
5.730482e+07 1.309437e+07
3.360480e+07 1.195249e+07
2.027620e+07 7.348074e+06
1.256511e+07 4.454997e+06
7.247699e+06 2.268132e+06
4.468031e+06 1.987914e+06
2.610992e+06 1.027956e+06
1.656600e+06 6.960502e+05
9.906569e+05 4.552445e+05
5.994603e+05 2.801962e+05
3.920471e+05 1.860273e+05
2.431820e+05 1.017303e+05
1.510350e+05 6.642892e+04
9.724540e+04 4.994509e+04
6.163823e+04 3.729543e+04
4.345903e+04 2.751301e+04
3.191396e+04 2.205752e+04
2.372236e+04 1.743200e+04
1.870728e+04 1.321327e+04
1.572959e+04 1.208952e+04
1.403369e+04 1.087822e+04
1.297439e+04 1.047581e+04
1.217859e+04 9.551564e+03
1.160341e+04 8.998203e+03
1.109272e+04 8.504506e+03
1.071829e+04 8.342208e+03
1.038536e+04 8.342208e+03
1.002965e+04 8.007266e+03
9.698429e+03 7.439167e+03
9.362423e+03 6.932383e+03
9.005912e+03 6.851790e+03
8.640310e+03 6.273133e+03
8.240883e+03 6.125727e+03
7.738267e+03 5.803215e+03
7.191779e+03 5.131236e+03
6.497330e+03 4.954756e+03
5.671785e+03 4.542210e+03
4.884311e+03 4.079784e+03
4.278479e+03 3.642770e+03
3.865111e+03 3.404252e+03
3.529265e+03 3.151335e+03
3.243159e+03 3.007800e+03
2.987576e+03 2.855633e+03
2.809585e+03 2.732382e+03
2.698571e+03 2.659052e+03
2.629789e+03 2.602889e+03
2.587669e+03 2.573433e+03
2.561022e+03 2.551403e+03
2.542960e+03 2.535909e+03
2.529827e+03 2.524893e+03
2.520322e+03 2.517599e+03
2.515316e+03 2.513354e+03
2.510786e+03 2.509284e+03
2.507529e+03 2.506630e+03
2.505642e+03 2.504992e+03
2.503811e+03 2.503066e+03
2.502089e+03 2.501556e+03
2.501050e+03 2.500727e+03
2.500367e+03 2.500192e+03
2.499835e+03 2.499684e+03
2.499516e+03 2.499432e+03
2.499322e+03 2.499271e+03
2.499154e+03 2.499102e+03
2.498990e+03 2.498948e+03
2.498889e+03 2.498863e+03
2.498803e+03 2.498782e+03
2.498717e+03 2.498696e+03
2.498652e+03 2.498640e+03
2.498601e+03 2.498586e+03
2.498540e+03 2.498525e+03
2.498481e+03 2.498468e+03
2.498413e+03 2.498395e+03
2.498335e+03 2.498320e+03
2.498283e+03 2.498276e+03
2.498249e+03 2.498244e+03
2.498228e+03 2.498225e+03
2.498207e+03 2.498205e+03
2.498193e+03 2.498190e+03
2.498181e+03 2.498180e+03
2.498167e+03 2.498165e+03
2.498158e+03 2.498157e+03
2.498149e+03 2.498148e+03
2.498144e+03 2.498144e+03
2.498141e+03 2.498140e+03
2.498138e+03 2.498138e+03
2.498136e+03 2.498136e+03
2.498134e+03 2.498134e+03
2.498132e+03 2.498131e+03
2.498127e+03 2.498127e+03
2.498123e+03 2.498123e+03
2.498120e+03 2.498120e+03
2.498119e+03 2.498119e+03
1.476844e+10 1.557302e+09
5.142627e+09 9.373099e+08
2.357261e+09 3.835467e+08
1.492339e+09 3.427165e+08
9.529458e+08 2.271938e+08
6.058727e+08 9.670031e+07
3.466650e+08 7.343561e+07
1.847567e+08 4.214076e+07
1.021901e+08 1.995626e+07
5.835478e+07 1.792652e+07
3.506961e+07 1.067577e+07
2.081220e+07 6.817713e+06
1.299567e+07 5.489438e+06
7.283228e+06 2.700718e+06
4.580116e+06 1.550792e+06
2.586497e+06 1.082789e+06
1.613656e+06 6.669806e+05
9.571119e+05 4.106621e+05
5.645033e+05 2.481126e+05
3.633029e+05 1.522148e+05
2.245196e+05 1.017397e+05
1.400654e+05 7.012681e+04
9.043766e+04 4.749884e+04
5.746502e+04 3.217142e+04
4.067887e+04 2.606068e+04
2.942055e+04 1.923776e+04
2.189223e+04 1.585740e+04
1.828480e+04 1.323268e+04
1.588764e+04 1.116585e+04
1.441798e+04 1.116585e+04
1.355163e+04 1.070914e+04
1.283342e+04 9.777771e+03
1.229609e+04 9.777771e+03
1.174022e+04 9.226959e+03
1.133218e+04 8.666447e+03
1.101580e+04 8.666447e+03
1.068083e+04 7.936549e+03
1.040508e+04 7.936549e+03
1.011507e+04 7.644158e+03
9.868731e+03 7.644158e+03
9.632602e+03 7.644158e+03
9.404239e+03 7.644158e+03
9.129487e+03 6.434054e+03
8.891837e+03 6.434054e+03
8.585438e+03 6.293247e+03
8.234150e+03 6.267872e+03
7.846960e+03 5.628511e+03
7.355716e+03 5.228023e+03
6.839406e+03 4.874818e+03
6.209916e+03 4.558918e+03
5.444391e+03 3.662752e+03
4.408001e+03 3.050428e+03
3.466536e+03 2.589838e+03
2.705281e+03 2.326337e+03
2.277044e+03 2.089772e+03
2.075940e+03 2.008416e+03
1.970619e+03 1.937613e+03
1.913310e+03 1.893243e+03
1.867867e+03 1.851712e+03
1.832642e+03 1.820298e+03
1.809138e+03 1.800240e+03
1.787071e+03 1.779212e+03
1.770625e+03 1.763144e+03
1.756234e+03 1.750587e+03
1.744130e+03 1.739982e+03
1.733246e+03 1.730060e+03
1.725299e+03 1.722737e+03
1.719094e+03 1.717144e+03
1.713145e+03 1.711157e+03
1.709720e+03 1.708935e+03
1.707063e+03 1.706198e+03
1.704709e+03 1.704009e+03
1.702757e+03 1.702331e+03
1.701177e+03 1.700827e+03
1.700209e+03 1.699999e+03
1.699485e+03 1.699314e+03
1.698908e+03 1.698777e+03
1.698428e+03 1.698295e+03
1.697841e+03 1.697706e+03
1.697382e+03 1.697291e+03
1.696996e+03 1.696928e+03
1.696652e+03 1.696560e+03
1.696287e+03 1.696230e+03
1.695941e+03 1.695885e+03
1.695635e+03 1.695591e+03
1.695286e+03 1.695239e+03
1.695051e+03 1.695022e+03
1.694832e+03 1.694801e+03
1.694638e+03 1.694614e+03
1.694487e+03 1.694472e+03
1.694341e+03 1.694321e+03
1.694204e+03 1.694189e+03
1.694090e+03 1.694079e+03
1.693997e+03 1.693990e+03
1.693923e+03 1.693919e+03
1.693846e+03 1.693843e+03
1.693767e+03 1.693765e+03
1.693690e+03 1.693689e+03
1.693637e+03 1.693636e+03
1.693618e+03 1.693618e+03
1.693613e+03 1.693613e+03
1.496589e+10 2.472039e+09
5.119004e+09 8.094164e+08
2.398238e+09 4.982547e+08
1.562523e+09 4.175966e+08
9.814927e+08 2.834665e+08
6.180184e+08 1.260424e+08
3.427848e+08 5.652364e+07
1.860375e+08 4.391057e+07
1.016725e+08 3.196638e+07
5.828787e+07 1.943718e+07
3.393549e+07 9.910462e+06
2.011647e+07 7.844863e+06
1.223455e+07 4.321332e+06
6.909167e+06 2.799116e+06
4.431901e+06 1.576671e+06
2.542480e+06 9.900805e+05
1.609815e+06 6.516308e+05
9.517655e+05 4.361154e+05
5.772093e+05 2.448458e+05
3.789588e+05 1.467192e+05
2.315935e+05 1.119998e+05
1.412308e+05 5.891511e+04
9.011092e+04 4.119046e+04
5.679963e+04 3.274917e+04
3.940904e+04 2.356133e+04
2.904639e+04 1.825124e+04
2.199845e+04 1.586164e+04
1.845756e+04 1.400515e+04
1.591015e+04 1.150280e+04
1.433838e+04 1.042859e+04
1.343490e+04 1.042859e+04
1.265096e+04 9.727038e+03
1.204204e+04 9.412310e+03
1.148966e+04 8.567271e+03
1.107828e+04 8.567271e+03
1.072354e+04 8.447147e+03
1.031567e+04 7.950393e+03
9.890916e+03 7.563971e+03
9.509886e+03 7.031816e+03
9.107953e+03 6.920895e+03
8.678190e+03 6.594764e+03
8.255124e+03 6.345050e+03
7.849263e+03 6.160125e+03
7.504352e+03 5.776088e+03
7.161658e+03 5.772724e+03
6.827852e+03 5.474381e+03
6.493049e+03 4.719904e+03
6.098805e+03 4.719904e+03
5.713059e+03 4.626666e+03
5.211846e+03 4.014390e+03
4.629218e+03 3.780407e+03
4.036454e+03 3.409920e+03
3.552997e+03 3.160815e+03
3.226176e+03 3.029253e+03
3.015007e+03 2.922203e+03
2.882241e+03 2.828205e+03
2.779441e+03 2.745289e+03
2.722637e+03 2.700095e+03
2.685618e+03 2.672037e+03
2.658128e+03 2.647743e+03
2.633220e+03 2.619561e+03
2.611625e+03 2.603642e+03
2.595210e+03 2.589352e+03
2.583516e+03 2.579761e+03
2.572678e+03 2.568835e+03
2.563073e+03 2.559736e+03
2.555656e+03 2.552909e+03
2.549507e+03 2.547322e+03
2.544200e+03 2.542199e+03
2.538867e+03 2.537091e+03
2.535357e+03 2.534468e+03
2.533107e+03 2.532614e+03
2.531038e+03 2.530501e+03
2.529383e+03 2.528945e+03
2.527854e+03 2.527497e+03
2.526303e+03 2.525892e+03
2.525012e+03 2.524783e+03
2.524079e+03 2.523872e+03
2.523422e+03 2.523314e+03
2.523035e+03 2.522953e+03
2.522674e+03 2.522601e+03
2.522398e+03 2.522358e+03
2.522202e+03 2.522167e+03
2.522008e+03 2.521969e+03
2.521812e+03 2.521780e+03
2.521643e+03 2.521618e+03
2.521464e+03 2.521443e+03
2.521337e+03 2.521326e+03
2.521257e+03 2.521249e+03
2.521197e+03 2.521191e+03
2.521159e+03 2.521153e+03
2.521118e+03 2.521115e+03
2.521083e+03 2.521081e+03
2.521055e+03 2.521054e+03
2.521033e+03 2.521032e+03
2.521007e+03 2.521006e+03
2.520991e+03 2.520991e+03
2.520965e+03 2.520964e+03
2.520945e+03 2.520945e+03
2.520932e+03 2.520932e+03
2.520929e+03 2.520929e+03
1.463149e+10 2.272632e+09
5.155924e+09 9.312504e+08
2.452703e+09 6.323636e+08
1.570144e+09 3.537277e+08
9.821646e+08 2.012137e+08
6.088434e+08 1.705168e+08
3.348460e+08 8.279026e+07
1.837871e+08 6.168518e+07
1.040980e+08 3.524682e+07
6.049276e+07 1.514929e+07
3.565474e+07 9.258233e+06
2.089841e+07 6.794770e+06
1.259292e+07 4.934706e+06
7.098772e+06 2.518509e+06
4.394282e+06 1.905346e+06
2.541268e+06 1.016930e+06
1.638713e+06 7.653901e+05
9.846743e+05 4.171508e+05
5.959155e+05 2.655426e+05
3.860927e+05 1.726130e+05
2.370646e+05 9.855737e+04
1.481285e+05 6.974708e+04
9.376006e+04 4.677633e+04
5.849193e+04 3.008169e+04
4.085929e+04 2.403467e+04
2.989127e+04 1.889652e+04
2.260209e+04 1.657259e+04
1.864022e+04 1.281568e+04
1.578786e+04 1.154650e+04
1.406555e+04 1.012907e+04
1.302290e+04 1.006381e+04
1.213266e+04 9.435560e+03
1.141371e+04 8.745150e+03
1.079534e+04 8.745150e+03
1.030884e+04 7.680860e+03
9.906541e+03 7.680860e+03
9.522951e+03 6.773005e+03
9.184754e+03 6.773005e+03
8.860418e+03 6.773005e+03
8.560504e+03 6.594438e+03
8.262769e+03 6.160561e+03
8.012098e+03 6.160561e+03
7.730566e+03 5.744737e+03
7.495752e+03 5.744737e+03
7.236966e+03 5.593896e+03
6.952652e+03 5.230312e+03
6.641288e+03 5.129553e+03
6.243233e+03 4.655121e+03
5.846460e+03 4.341481e+03
5.354006e+03 4.106631e+03
4.872332e+03 3.806342e+03
4.170769e+03 3.407066e+03
3.512420e+03 3.112883e+03
3.121919e+03 2.918337e+03
2.924124e+03 2.798859e+03
2.786340e+03 2.726057e+03
2.687477e+03 2.659850e+03
2.630172e+03 2.601174e+03
2.583788e+03 2.569898e+03
2.549590e+03 2.537018e+03
2.526698e+03 2.517480e+03
2.502832e+03 2.495118e+03
2.480754e+03 2.473028e+03
2.464701e+03 2.458974e+03
2.452524e+03 2.449266e+03
2.445112e+03 2.442879e+03
2.439452e+03 2.437549e+03
2.435337e+03 2.434248e+03
2.432211e+03 2.431271e+03
2.429670e+03 2.428973e+03
2.427790e+03 2.427297e+03
2.426357e+03 2.426008e+03
2.425280e+03 2.424962e+03
2.424226e+03 2.423984e+03
2.423537e+03 2.423348e+03
2.422902e+03 2.422757e+03
2.422444e+03 2.422341e+03
2.422108e+03 2.422052e+03
2.421808e+03 2.421742e+03
2.421575e+03 2.421525e+03
2.421346e+03 2.421301e+03
2.421173e+03 2.421145e+03
2.421024e+03 2.420999e+03
2.420950e+03 2.420938e+03
2.420894e+03 2.420885e+03
2.420850e+03 2.420845e+03
2.420816e+03 2.420810e+03
2.420789e+03 2.420785e+03
2.420761e+03 2.420758e+03
2.420739e+03 2.420737e+03
2.420724e+03 2.420722e+03
2.420710e+03 2.420709e+03
2.420694e+03 2.420693e+03
2.420680e+03 2.420679e+03
2.420673e+03 2.420672e+03
2.420665e+03 2.420665e+03
2.420661e+03 2.420661e+03
2.420656e+03 2.420656e+03
2.420652e+03 2.420652e+03
2.420649e+03 2.420649e+03
2.420648e+03 2.420648e+03
