2.063636e+10 6.991354e+09
1.045267e+10 4.247531e+09
4.282266e+09 1.528946e+09
2.029755e+09 7.771223e+08
8.112434e+08 2.885959e+08
3.354329e+08 1.188653e+08
1.495177e+08 4.343467e+07
6.767965e+07 2.283480e+07
3.031236e+07 1.021665e+07
1.360365e+07 3.315460e+06
6.293540e+06 2.317245e+06
2.992384e+06 1.028852e+06
1.494348e+06 6.728316e+05
7.012699e+05 2.826640e+05
3.911517e+05 2.027527e+05
2.182969e+05 1.247692e+05
1.431276e+05 9.103624e+04
9.381534e+04 6.313090e+04
6.239996e+04 4.303762e+04
4.245245e+04 3.020337e+04
3.064740e+04 2.443511e+04
2.432416e+04 1.999977e+04
1.844606e+04 1.479023e+04
1.288473e+04 9.793176e+03
1.014297e+04 8.308578e+03
8.144797e+03 6.962892e+03
6.505898e+03 5.638616e+03
5.528749e+03 4.958764e+03
4.747715e+03 4.342509e+03
4.154583e+03 3.895891e+03
3.795833e+03 3.594744e+03
3.463587e+03 3.293763e+03
3.169843e+03 3.025743e+03
2.917535e+03 2.821665e+03
2.788449e+03 2.734487e+03
2.689534e+03 2.637596e+03
2.587594e+03 2.542155e+03
2.493400e+03 2.451856e+03
2.404242e+03 2.352341e+03
2.299024e+03 2.257614e+03
2.224444e+03 2.180751e+03
2.144715e+03 2.108609e+03
2.047129e+03 2.001035e+03
1.965705e+03 1.939128e+03
1.899409e+03 1.872199e+03
1.823673e+03 1.798621e+03
1.767455e+03 1.743540e+03
1.719412e+03 1.704114e+03
1.680168e+03 1.664738e+03
1.633142e+03 1.615519e+03
1.588135e+03 1.573157e+03
1.545565e+03 1.524412e+03
1.485132e+03 1.448634e+03
1.429952e+03 1.404343e+03
1.361960e+03 1.329781e+03
1.267234e+03 1.224030e+03
1.185235e+03 1.155387e+03
1.121897e+03 1.096088e+03
1.066584e+03 1.041263e+03
1.003777e+03 9.817510e+02
9.594474e+02 9.438844e+02
9.280398e+02 9.205401e+02
9.112148e+02 9.065028e+02
8.992649e+02 8.956997e+02
8.912097e+02 8.887744e+02
8.827042e+02 8.797325e+02
8.739028e+02 8.706152e+02
8.650729e+02 8.626571e+02
8.599252e+02 8.579988e+02
8.539568e+02 8.522344e+02
8.465536e+02 8.439943e+02
8.362780e+02 8.327547e+02
8.212328e+02 8.161944e+02
8.027465e+02 7.987912e+02
7.924492e+02 7.893864e+02
7.842248e+02 7.819491e+02
7.768303e+02 7.750732e+02
7.712597e+02 7.702382e+02
7.673744e+02 7.666816e+02
7.648763e+02 7.642946e+02
7.625407e+02 7.619785e+02
7.605131e+02 7.601566e+02
7.590866e+02 7.588665e+02
7.584142e+02 7.583031e+02
7.580354e+02 7.579673e+02
7.577640e+02 7.577148e+02
7.574048e+02 7.573284e+02
7.571776e+02 7.571593e+02
7.570055e+02 7.569478e+02
7.554166e+02 7.551818e+02
7.540566e+02 7.539659e+02
7.529567e+02 7.528833e+02
7.521254e+02 7.520635e+02
7.508742e+02 7.507056e+02
7.486739e+02 7.484336e+02
7.458972e+02 7.457789e+02
7.449861e+02 7.449601e+02
7.446126e+02 7.446066e+02
7.444634e+02 7.444618e+02
7.436078e+02 7.435990e+02
2.000000e+02 2.000000e+02
2.063775e+10 6.530157e+09
1.012030e+10 3.620852e+09
4.079735e+09 1.262959e+09
1.842213e+09 6.680671e+08
7.043386e+08 2.745001e+08
2.809568e+08 7.507311e+07
1.235105e+08 3.807978e+07
5.662471e+07 2.126613e+07
2.602689e+07 1.029549e+07
1.192796e+07 4.751129e+06
5.639172e+06 2.180371e+06
2.697321e+06 9.921615e+05
1.316652e+06 5.751341e+05
6.298569e+05 2.404468e+05
3.503103e+05 1.435933e+05
1.973594e+05 1.092940e+05
1.333761e+05 8.500542e+04
9.103090e+04 6.487671e+04
6.468776e+04 4.711701e+04
4.677041e+04 3.185587e+04
2.888258e+04 2.008299e+04
2.013164e+04 1.516845e+04
1.539224e+04 1.143044e+04
1.062276e+04 7.854062e+03
7.303203e+03 5.703306e+03
5.675136e+03 4.613080e+03
4.546167e+03 3.820710e+03
3.840556e+03 3.413590e+03
3.282615e+03 2.999110e+03
2.985473e+03 2.815432e+03
2.828599e+03 2.727082e+03
2.670961e+03 2.590687e+03
2.521700e+03 2.452877e+03
2.403532e+03 2.356093e+03
2.308175e+03 2.265135e+03
2.221221e+03 2.172244e+03
2.111790e+03 2.068489e+03
2.014223e+03 1.970831e+03
1.911988e+03 1.871786e+03
1.812220e+03 1.768525e+03
1.702108e+03 1.659894e+03
1.613612e+03 1.570128e+03
1.523983e+03 1.495446e+03
1.475879e+03 1.454938e+03
1.430506e+03 1.414013e+03
1.392799e+03 1.376496e+03
1.353459e+03 1.339498e+03
1.305697e+03 1.284074e+03
1.262793e+03 1.246409e+03
1.217570e+03 1.203288e+03
1.173132e+03 1.160364e+03
1.132056e+03 1.109392e+03
1.093220e+03 1.073302e+03
1.056815e+03 1.036947e+03
1.009518e+03 9.845828e+02
9.522615e+02 9.271114e+02
9.099678e+02 8.928293e+02
8.786483e+02 8.680098e+02
8.460973e+02 8.350058e+02
8.197307e+02 8.100983e+02
8.025980e+02 7.966483e+02
7.903764e+02 7.863745e+02
7.804821e+02 7.775060e+02
7.726085e+02 7.690257e+02
7.621992e+02 7.588803e+02
7.542763e+02 7.517231e+02
7.490983e+02 7.469407e+02
7.447113e+02 7.430822e+02
7.406262e+02 7.393889e+02
7.374602e+02 7.365091e+02
7.343275e+02 7.332288e+02
7.308922e+02 7.300139e+02
7.282203e+02 7.273889e+02
7.258492e+02 7.252186e+02
7.245681e+02 7.241438e+02
7.234100e+02 7.231153e+02
7.224274e+02 7.221456e+02
7.215027e+02 7.212820e+02
7.208712e+02 7.207368e+02
7.204348e+02 7.203252e+02
7.199741e+02 7.198840e+02
7.195009e+02 7.193832e+02
7.191148e+02 7.190542e+02
7.188745e+02 7.188318e+02
7.187224e+02 7.186950e+02
7.185113e+02 7.184672e+02
7.181938e+02 7.181589e+02
7.178571e+02 7.178143e+02
7.176682e+02 7.176474e+02
7.175198e+02 7.174985e+02
7.173500e+02 7.173183e+02
7.171785e+02 7.171654e+02
7.170697e+02 7.170622e+02
7.170198e+02 7.170150e+02
7.169746e+02 7.169677e+02
7.168599e+02 7.168560e+02
7.167952e+02 7.167933e+02
7.167709e+02 7.167701e+02
7.167582e+02 7.167581e+02
7.167233e+02 7.167226e+02
2.000000e+02 2.000000e+02
2.043635e+10 6.256222e+09
9.974315e+09 3.603274e+09
3.850839e+09 1.403129e+09
1.716611e+09 5.376629e+08
6.567025e+08 2.217545e+08
2.729474e+08 1.019690e+08
1.207872e+08 3.867422e+07
5.502291e+07 1.862701e+07
2.537064e+07 7.761607e+06
1.169890e+07 3.541693e+06
5.384421e+06 2.039992e+06
2.628348e+06 1.111254e+06
1.285407e+06 4.411747e+05
5.865238e+05 2.218519e+05
3.264846e+05 1.523690e+05
1.838541e+05 1.052619e+05
1.224296e+05 7.472841e+04
8.405960e+04 6.034044e+04
6.151015e+04 4.681096e+04
4.756252e+04 3.672399e+04
3.265911e+04 2.403171e+04
2.257918e+04 1.621206e+04
1.644669e+04 1.216309e+04
1.140400e+04 8.816609e+03
8.425493e+03 6.567790e+03
6.684818e+03 5.528459e+03
5.331484e+03 4.616939e+03
4.561203e+03 4.110293e+03
3.999225e+03 3.679798e+03
3.590812e+03 3.316911e+03
3.316563e+03 3.152521e+03
3.073540e+03 2.946410e+03
2.855204e+03 2.733556e+03
2.672335e+03 2.584512e+03
2.542964e+03 2.483724e+03
2.417997e+03 2.357988e+03
2.292142e+03 2.243612e+03
2.186455e+03 2.137192e+03
2.093911e+03 2.052492e+03
1.995576e+03 1.954732e+03
1.889328e+03 1.845616e+03
1.782865e+03 1.739622e+03
1.667466e+03 1.627090e+03
1.573776e+03 1.536371e+03
1.485053e+03 1.459244e+03
1.426149e+03 1.405599e+03
1.381708e+03 1.365014e+03
1.342295e+03 1.330424e+03
1.313302e+03 1.301529e+03
1.283490e+03 1.273893e+03
1.250057e+03 1.237619e+03
1.214944e+03 1.195551e+03
1.173138e+03 1.155188e+03
1.128379e+03 1.101240e+03
1.069164e+03 1.045152e+03
1.024788e+03 1.006180e+03
9.932863e+02 9.829774e+02
9.775426e+02 9.721017e+02
9.662216e+02 9.625976e+02
9.585994e+02 9.561457e+02
9.524236e+02 9.494857e+02
9.449717e+02 9.423868e+02
9.370801e+02 9.339708e+02
9.297143e+02 9.270578e+02
9.155255e+02 8.985028e+02
8.505500e+02 8.282480e+02
8.174378e+02 8.075599e+02
7.964926e+02 7.920624e+02
7.876518e+02 7.857972e+02
7.837761e+02 7.828962e+02
7.806922e+02 7.796151e+02
7.783204e+02 7.775069e+02
7.763088e+02 7.755677e+02
7.736515e+02 7.728523e+02
7.700145e+02 7.685360e+02
7.633935e+02 7.619589e+02
7.578128e+02 7.566267e+02
7.540631e+02 7.532282e+02
7.507946e+02 7.499933e+02
7.479828e+02 7.474849e+02
7.459326e+02 7.454044e+02
7.434052e+02 7.429055e+02
7.412587e+02 7.407216e+02
7.396708e+02 7.394410e+02
7.387796e+02 7.385647e+02
7.380466e+02 7.379223e+02
7.373871e+02 7.372910e+02
7.366888e+02 7.365799e+02
7.359814e+02 7.359007e+02
7.351164e+02 7.349950e+02
7.343516e+02 7.343061e+02
7.339670e+02 7.339301e+02
7.337667e+02 7.337549e+02
7.336886e+02 7.336808e+02
7.336234e+02 7.336163e+02
7.334934e+02 7.334805e+02
7.333855e+02 7.333773e+02
7.329008e+02 7.328769e+02
7.318093e+02 7.317845e+02
7.310676e+02 7.310649e+02
2.000000e+02 2.000000e+02
2.058262e+10 5.846692e+09
9.890653e+09 3.532364e+09
3.955173e+09 1.374999e+09
1.756346e+09 6.548193e+08
6.627886e+08 2.607290e+08
2.771734e+08 1.118440e+08
1.227893e+08 4.741822e+07
5.639512e+07 2.204758e+07
2.636146e+07 7.935066e+06
1.217655e+07 4.529214e+06
5.659566e+06 1.851860e+06
2.694541e+06 1.076315e+06
1.370049e+06 5.623759e+05
6.513400e+05 2.882103e+05
3.677906e+05 1.634232e+05
2.118545e+05 1.243280e+05
1.415630e+05 8.367691e+04
9.324477e+04 5.902773e+04
6.366730e+04 4.483035e+04
4.572193e+04 3.442444e+04
3.146366e+04 2.415202e+04
2.315164e+04 1.819530e+04
1.751578e+04 1.341778e+04
1.204136e+04 9.350016e+03
9.273679e+03 7.076183e+03
7.215134e+03 5.787819e+03
5.392079e+03 4.469690e+03
4.411656e+03 3.707921e+03
3.726792e+03 3.390426e+03
3.369688e+03 3.171820e+03
3.150455e+03 3.007492e+03
2.922448e+03 2.800147e+03
2.757169e+03 2.671731e+03
2.624504e+03 2.557219e+03
2.517443e+03 2.443168e+03
2.398372e+03 2.339540e+03
2.264875e+03 2.197291e+03
2.123291e+03 2.048901e+03
1.955226e+03 1.891223e+03
1.824387e+03 1.770227e+03
1.687790e+03 1.634408e+03
1.597241e+03 1.561581e+03
1.526209e+03 1.501028e+03
1.475361e+03 1.453560e+03
1.417351e+03 1.398169e+03
1.376000e+03 1.355430e+03
1.333920e+03 1.318371e+03
1.289991e+03 1.276873e+03
1.257707e+03 1.244687e+03
1.226092e+03 1.214118e+03
1.192592e+03 1.183528e+03
1.169568e+03 1.156545e+03
1.143899e+03 1.130766e+03
1.115435e+03 1.101730e+03
1.087373e+03 1.076669e+03
1.063173e+03 1.050368e+03
1.041638e+03 1.033809e+03
1.028393e+03 1.023544e+03
1.019313e+03 1.015796e+03
1.012923e+03 1.010891e+03
1.008283e+03 1.006552e+03
1.003635e+03 1.001818e+03
9.979399e+02 9.958777e+02
9.917994e+02 9.895450e+02
9.859386e+02 9.840329e+02
9.822889e+02 9.810324e+02
9.779700e+02 9.766530e+02
9.729477e+02 9.706880e+02
9.606322e+02 9.523655e+02
9.106305e+02 8.850923e+02
8.528949e+02 8.357557e+02
8.120240e+02 8.044287e+02
7.918737e+02 7.873814e+02
7.782460e+02 7.757475e+02
7.714060e+02 7.699596e+02
7.677502e+02 7.671234e+02
7.661021e+02 7.657406e+02
7.645108e+02 7.642339e+02
7.638179e+02 7.636535e+02
7.634594e+02 7.633770e+02
7.631550e+02 7.630784e+02
7.628547e+02 7.627906e+02
7.626053e+02 7.625487e+02
7.621594e+02 7.620808e+02
7.618956e+02 7.618640e+02
7.617511e+02 7.617215e+02
7.616123e+02 7.615967e+02
7.614409e+02 7.614024e+02
7.612025e+02 7.611786e+02
7.610478e+02 7.610366e+02
7.608922e+02 7.608767e+02
7.607329e+02 7.607168e+02
7.606419e+02 7.606336e+02
7.605838e+02 7.605805e+02
7.605332e+02 7.605306e+02
7.605013e+02 7.604998e+02
7.604795e+02 7.604784e+02
7.604555e+02 7.604545e+02
7.604382e+02 7.604378e+02
7.603957e+02 7.603955e+02
2.000000e+02 2.000000e+02
2.090750e+10 5.615058e+09
1.015946e+10 3.233149e+09
4.066825e+09 1.707776e+09
1.813403e+09 6.046053e+08
7.130250e+08 2.916030e+08
2.900050e+08 9.670960e+07
1.257037e+08 4.836127e+07
5.553334e+07 1.476370e+07
2.535286e+07 1.060896e+07
1.160917e+07 3.997731e+06
5.481328e+06 1.974997e+06
2.682707e+06 1.106698e+06
1.311259e+06 5.951302e+05
6.001999e+05 2.433349e+05
3.356064e+05 1.470491e+05
1.874950e+05 1.042128e+05
1.211505e+05 7.330511e+04
7.988507e+04 5.061799e+04
5.620878e+04 4.131805e+04
4.234741e+04 3.197356e+04
3.016469e+04 2.234501e+04
2.167113e+04 1.718466e+04
1.637656e+04 1.303618e+04
1.180833e+04 9.780448e+03
8.794514e+03 7.002626e+03
6.845940e+03 5.618799e+03
5.245049e+03 4.563429e+03
4.336166e+03 3.725655e+03
3.640736e+03 3.275243e+03
3.150579e+03 2.913833e+03
2.917516e+03 2.765439e+03
2.740005e+03 2.637519e+03
2.615190e+03 2.547759e+03
2.502192e+03 2.449922e+03
2.382566e+03 2.321067e+03
2.271616e+03 2.216262e+03
2.135884e+03 2.079931e+03
2.021887e+03 1.969075e+03
1.924596e+03 1.891492e+03
1.857570e+03 1.828315e+03
1.797391e+03 1.769595e+03
1.736458e+03 1.715069e+03
1.689707e+03 1.672843e+03
1.656946e+03 1.642228e+03
1.624412e+03 1.610096e+03
1.591826e+03 1.579462e+03
1.557913e+03 1.544977e+03
1.517164e+03 1.503690e+03
1.477951e+03 1.465335e+03
1.446197e+03 1.434191e+03
1.415727e+03 1.405671e+03
1.385961e+03 1.369186e+03
1.349864e+03 1.326875e+03
1.311692e+03 1.293025e+03
1.279391e+03 1.265499e+03
1.251774e+03 1.240595e+03
1.226938e+03 1.218217e+03
1.209740e+03 1.201823e+03
1.193040e+03 1.184496e+03
1.175781e+03 1.169508e+03
1.158772e+03 1.147888e+03
1.133287e+03 1.121016e+03
1.101156e+03 1.082762e+03
1.063399e+03 1.047021e+03
1.025637e+03 1.016289e+03
9.995217e+02 9.914412e+02
9.783856e+02 9.718772e+02
9.605556e+02 9.554816e+02
9.486626e+02 9.451638e+02
9.384921e+02 9.361390e+02
9.295547e+02 9.264437e+02
8.917210e+02 8.625689e+02
8.304160e+02 8.142267e+02
7.918434e+02 7.859608e+02
7.746927e+02 7.693518e+02
7.611206e+02 7.589279e+02
7.494760e+02 7.467216e+02
7.386478e+02 7.367762e+02
7.319607e+02 7.310693e+02
7.280244e+02 7.273262e+02
7.250179e+02 7.244702e+02
7.234008e+02 7.230590e+02
7.219822e+02 7.217268e+02
7.211968e+02 7.210732e+02
7.206102e+02 7.205394e+02
7.203377e+02 7.202975e+02
7.201746e+02 7.201478e+02
7.199718e+02 7.199186e+02
7.195977e+02 7.195731e+02
7.194948e+02 7.194827e+02
7.194415e+02 7.194345e+02
7.191783e+02 7.191519e+02
7.190962e+02 7.190911e+02
7.190403e+02 7.190366e+02
7.190081e+02 7.190069e+02
7.189970e+02 7.189962e+02
7.189702e+02 7.189685e+02
7.188595e+02 7.188547e+02
7.186860e+02 7.186839e+02
7.185911e+02 7.185901e+02
2.000000e+02 2.000000e+02
2.062566e+10 6.674299e+09
9.982799e+09 3.600459e+09
3.957662e+09 1.421604e+09
1.817364e+09 7.032077e+08
7.009846e+08 2.595245e+08
2.843012e+08 1.078861e+08
1.268966e+08 4.538482e+07
5.576843e+07 2.049260e+07
2.534478e+07 9.176465e+06
1.162388e+07 4.681687e+06
5.626826e+06 1.989970e+06
2.708803e+06 9.368743e+05
1.380595e+06 5.393937e+05
6.580435e+05 2.899626e+05
3.736769e+05 1.517626e+05
2.083497e+05 1.242285e+05
1.396899e+05 7.880017e+04
9.285332e+04 6.490568e+04
6.659244e+04 4.941508e+04
5.209076e+04 4.002014e+04
3.958840e+04 3.136024e+04
2.909270e+04 2.097749e+04
2.033071e+04 1.454179e+04
1.348000e+04 1.020416e+04
1.020635e+04 7.624979e+03
7.541548e+03 5.857083e+03
5.469467e+03 4.483958e+03
4.423892e+03 3.908952e+03
3.752896e+03 3.387290e+03
3.222236e+03 2.942204e+03
2.867645e+03 2.655909e+03
2.607576e+03 2.455916e+03
2.420835e+03 2.313183e+03
2.235464e+03 2.154631e+03
2.087158e+03 2.011496e+03
1.947326e+03 1.870413e+03
1.809637e+03 1.744850e+03
1.678217e+03 1.618184e+03
1.543607e+03 1.487314e+03
1.439967e+03 1.398647e+03
1.369162e+03 1.338728e+03
1.314462e+03 1.293353e+03
1.266273e+03 1.248225e+03
1.234031e+03 1.221678e+03
1.207977e+03 1.197344e+03
1.180670e+03 1.169846e+03
1.151405e+03 1.137747e+03
1.115186e+03 1.102264e+03
1.082344e+03 1.069134e+03
1.046905e+03 1.034499e+03
1.011748e+03 1.001129e+03
9.644317e+02 9.386562e+02
9.259966e+02 9.052573e+02
8.936815e+02 8.817530e+02
8.726721e+02 8.643881e+02
8.574764e+02 8.520599e+02
8.447241e+02 8.399580e+02
8.357626e+02 8.308202e+02
8.247119e+02 8.196202e+02
8.155813e+02 8.115325e+02
8.067087e+02 8.035803e+02
7.984350e+02 7.955149e+02
7.885056e+02 7.841535e+02
7.780028e+02 7.738472e+02
7.590872e+02 7.519855e+02
7.434246e+02 7.383449e+02
7.325818e+02 7.301116e+02
7.273339e+02 7.262271e+02
7.250462e+02 7.244382e+02
7.237187e+02 7.232855e+02
7.229489e+02 7.226714e+02
7.223772e+02 7.221489e+02
7.215689e+02 7.212599e+02
7.202559e+02 7.199003e+02
7.191987e+02 7.188998e+02
7.182855e+02 7.180718e+02
7.177471e+02 7.175994e+02
7.172917e+02 7.171505e+02
7.166117e+02 7.164400e+02
7.159236e+02 7.157981e+02
7.154133e+02 7.153299e+02
7.150770e+02 7.150037e+02
7.147897e+02 7.147425e+02
7.145867e+02 7.145572e+02
7.142852e+02 7.142168e+02
7.140407e+02 7.140147e+02
7.139209e+02 7.139118e+02
7.138576e+02 7.138480e+02
7.137793e+02 7.137710e+02
7.137233e+02 7.137167e+02
7.136829e+02 7.136790e+02
7.136590e+02 7.136556e+02
7.136306e+02 7.136265e+02
7.136047e+02 7.136033e+02
7.135807e+02 7.135794e+02
7.135678e+02 7.135667e+02
7.135531e+02 7.135526e+02
7.135432e+02 7.135431e+02
7.135368e+02 7.135366e+02
7.135320e+02 7.135318e+02
2.000000e+02 2.000000e+02
2.063003e+10 6.822213e+09
9.997894e+09 3.693741e+09
3.983005e+09 1.730171e+09
1.807709e+09 5.760354e+08
6.901916e+08 2.117204e+08
2.845992e+08 9.963642e+07
1.267889e+08 4.752879e+07
5.587958e+07 2.145335e+07
2.528813e+07 9.873892e+06
1.180790e+07 4.473924e+06
5.429952e+06 1.782689e+06
2.588302e+06 9.157697e+05
1.298046e+06 5.537136e+05
6.203638e+05 2.790207e+05
3.470792e+05 1.682984e+05
1.939146e+05 9.775962e+04
1.307539e+05 8.626879e+04
8.918402e+04 6.279910e+04
6.461213e+04 4.860015e+04
4.888857e+04 3.720398e+04
3.480017e+04 2.710273e+04
2.494691e+04 1.765132e+04
1.723611e+04 1.293219e+04
1.156816e+04 8.835901e+03
8.495203e+03 6.754106e+03
6.413805e+03 5.166484e+03
4.904945e+03 4.198192e+03
4.072538e+03 3.581093e+03
3.527092e+03 3.265909e+03
3.221547e+03 3.047382e+03
3.053850e+03 2.940715e+03
2.911004e+03 2.808521e+03
2.776090e+03 2.700077e+03
2.652878e+03 2.595393e+03
2.553639e+03 2.502998e+03
2.452121e+03 2.392521e+03
2.312075e+03 2.245481e+03
2.166699e+03 2.108433e+03
2.018341e+03 1.958583e+03
1.897987e+03 1.849539e+03
1.820017e+03 1.784839e+03
1.759513e+03 1.731171e+03
1.688072e+03 1.660726e+03
1.626862e+03 1.597356e+03
1.540620e+03 1.506107e+03
1.433665e+03 1.390129e+03
1.310179e+03 1.269649e+03
1.203012e+03 1.174561e+03
1.144784e+03 1.127522e+03
1.098239e+03 1.083472e+03
1.065663e+03 1.055073e+03
1.028678e+03 1.015172e+03
9.977776e+02 9.795074e+02
9.462019e+02 9.181186e+02
9.040522e+02 8.880060e+02
8.824063e+02 8.736985e+02
8.695491e+02 8.665382e+02
8.631104e+02 8.609699e+02
8.561018e+02 8.528080e+02
8.480320e+02 8.446423e+02
8.416894e+02 8.393447e+02
8.366080e+02 8.347442e+02
8.324649e+02 8.308950e+02
8.282020e+02 8.262955e+02
8.206582e+02 8.176454e+02
8.119506e+02 8.092103e+02
8.036027e+02 8.007421e+02
7.944587e+02 7.918226e+02
7.873102e+02 7.855360e+02
7.809495e+02 7.793381e+02
7.759285e+02 7.746612e+02
7.723778e+02 7.714517e+02
7.699656e+02 7.694145e+02
7.681050e+02 7.674691e+02
7.658723e+02 7.649493e+02
7.610816e+02 7.596495e+02
7.554060e+02 7.539918e+02
7.504734e+02 7.492923e+02
7.462501e+02 7.454609e+02
7.432766e+02 7.428118e+02
7.409927e+02 7.404931e+02
7.392216e+02 7.388838e+02
7.380545e+02 7.378314e+02
7.374025e+02 7.372928e+02
7.370997e+02 7.370394e+02
7.368630e+02 7.368186e+02
7.366708e+02 7.366347e+02
7.361613e+02 7.360745e+02
7.357033e+02 7.356725e+02
7.352549e+02 7.351101e+02
7.346463e+02 7.346167e+02
7.344949e+02 7.344851e+02
7.344322e+02 7.344274e+02
7.343872e+02 7.343830e+02
7.342838e+02 7.342698e+02
7.341322e+02 7.341294e+02
7.341006e+02 7.340993e+02
7.340292e+02 7.340262e+02
7.338627e+02 7.338607e+02
7.338210e+02 7.338206e+02
2.000000e+02 2.000000e+02
2.052516e+10 6.597404e+09
1.001581e+10 3.313294e+09
4.006381e+09 1.678040e+09
1.816275e+09 4.484881e+08
7.057545e+08 2.764257e+08
3.033094e+08 1.061062e+08
1.373579e+08 5.224372e+07
6.191469e+07 2.129202e+07
2.786159e+07 8.880617e+06
1.283670e+07 5.041545e+06
6.027619e+06 2.266600e+06
2.860264e+06 1.239398e+06
1.406545e+06 5.798082e+05
6.429168e+05 2.156705e+05
3.599021e+05 1.690205e+05
1.941334e+05 1.005035e+05
1.275999e+05 8.112132e+04
8.602805e+04 5.976201e+04
6.021618e+04 4.187125e+04
4.348781e+04 2.978372e+04
3.023877e+04 2.174173e+04
2.271101e+04 1.792328e+04
1.787246e+04 1.456367e+04
1.302243e+04 9.682647e+03
9.912455e+03 8.038797e+03
7.643857e+03 6.216783e+03
5.673736e+03 4.663484e+03
4.489525e+03 3.783909e+03
3.691837e+03 3.275966e+03
3.266850e+03 3.021159e+03
3.035570e+03 2.879373e+03
2.846321e+03 2.748145e+03
2.691367e+03 2.593477e+03
2.510511e+03 2.409853e+03
2.359293e+03 2.273185e+03
2.177831e+03 2.086099e+03
1.975064e+03 1.893700e+03
1.792533e+03 1.701500e+03
1.644971e+03 1.595681e+03
1.555289e+03 1.521174e+03
1.492102e+03 1.467122e+03
1.436504e+03 1.409632e+03
1.393415e+03 1.374287e+03
1.362414e+03 1.344596e+03
1.316038e+03 1.299746e+03
1.267907e+03 1.245152e+03
1.206921e+03 1.180653e+03
1.123302e+03 1.098396e+03
1.063487e+03 1.044937e+03
1.020008e+03 1.005211e+03
9.779558e+02 9.633257e+02
9.375041e+02 9.181552e+02
8.993865e+02 8.782493e+02
8.549616e+02 8.369012e+02
8.272211e+02 8.179058e+02
8.089933e+02 8.024792e+02
7.945340e+02 7.902818e+02
7.868506e+02 7.835945e+02
7.796195e+02 7.764409e+02
7.708633e+02 7.673718e+02
7.636946e+02 7.610943e+02
7.577809e+02 7.555221e+02
7.511698e+02 7.481234e+02
7.436281e+02 7.396790e+02
7.370255e+02 7.349220e+02
7.331511e+02 7.317664e+02
7.296544e+02 7.286667e+02
7.266861e+02 7.255587e+02
7.233442e+02 7.223704e+02
7.205249e+02 7.197211e+02
7.181274e+02 7.173083e+02
7.162475e+02 7.156380e+02
7.150762e+02 7.147443e+02
7.140476e+02 7.136657e+02
7.132808e+02 7.130853e+02
7.127256e+02 7.125949e+02
7.119834e+02 7.117630e+02
7.111379e+02 7.109637e+02
7.101271e+02 7.098719e+02
7.090176e+02 7.088063e+02
7.075560e+02 7.073499e+02
7.066655e+02 7.065063e+02
7.055693e+02 7.053272e+02
7.047530e+02 7.046236e+02
7.042543e+02 7.041876e+02
7.039739e+02 7.039304e+02
7.037941e+02 7.037753e+02
7.037077e+02 7.036907e+02
7.036388e+02 7.036300e+02
7.035920e+02 7.035873e+02
7.035652e+02 7.035599e+02
7.034914e+02 7.034855e+02
7.034670e+02 7.034658e+02
7.034573e+02 7.034566e+02
7.034510e+02 7.034505e+02
7.034439e+02 7.034433e+02
7.033629e+02 7.033613e+02
7.033467e+02 7.033463e+02
7.033389e+02 7.033389e+02
7.033371e+02 7.033371e+02
2.000000e+02 2.000000e+02
2.046891e+10 6.060151e+09
1.015822e+10 4.225023e+09
4.171849e+09 1.505862e+09
1.905383e+09 6.717953e+08
7.434744e+08 2.541768e+08
3.081065e+08 1.029471e+08
1.353353e+08 3.985795e+07
6.035080e+07 1.990489e+07
2.715958e+07 9.590391e+06
1.247500e+07 5.420636e+06
5.823713e+06 2.173542e+06
2.821785e+06 7.998781e+05
1.390901e+06 6.179947e+05
6.444170e+05 2.789801e+05
3.546231e+05 1.738001e+05
1.970381e+05 1.080017e+05
1.282196e+05 7.636922e+04
8.573467e+04 5.831058e+04
6.044783e+04 4.581619e+04
4.628497e+04 3.478711e+04
3.384626e+04 2.640059e+04
2.444702e+04 1.840642e+04
1.742214e+04 1.375534e+04
1.270265e+04 1.026867e+04
9.510471e+03 7.401139e+03
7.028678e+03 5.510679e+03
5.355724e+03 4.266919e+03
4.303149e+03 3.753753e+03
3.543227e+03 3.181143e+03
3.147301e+03 2.942493e+03
2.922750e+03 2.763410e+03
2.759558e+03 2.661330e+03
2.630388e+03 2.557485e+03
2.480845e+03 2.408652e+03
2.371544e+03 2.313903e+03
2.279051e+03 2.234038e+03
2.177423e+03 2.120025e+03
2.077618e+03 2.033222e+03
1.979278e+03 1.937688e+03
1.897447e+03 1.869567e+03
1.839797e+03 1.816451e+03
1.798252e+03 1.784536e+03
1.772527e+03 1.761304e+03
1.749433e+03 1.738567e+03
1.726110e+03 1.714273e+03
1.692096e+03 1.679898e+03
1.660157e+03 1.650921e+03
1.634128e+03 1.624578e+03
1.605248e+03 1.591798e+03
1.567503e+03 1.556882e+03
1.532701e+03 1.520954e+03
1.500125e+03 1.483513e+03
1.459820e+03 1.435886e+03
1.401008e+03 1.371160e+03
1.349772e+03 1.318312e+03
1.290141e+03 1.261315e+03
1.236231e+03 1.212526e+03
1.186980e+03 1.162071e+03
1.135217e+03 1.106266e+03
1.080690e+03 1.060984e+03
1.041325e+03 1.028071e+03
1.016555e+03 1.007704e+03
9.968952e+02 9.916810e+02
9.871806e+02 9.843367e+02
9.786997e+02 9.761684e+02
9.681981e+02 9.625088e+02
9.214590e+02 8.935239e+02
8.760466e+02 8.654608e+02
8.542429e+02 8.483994e+02
8.442827e+02 8.422350e+02
8.377385e+02 8.359428e+02
8.306705e+02 8.282620e+02
8.218210e+02 8.176803e+02
8.044674e+02 7.993188e+02
7.929883e+02 7.907758e+02
7.871671e+02 7.860499e+02
7.838428e+02 7.829476e+02
7.802170e+02 7.791751e+02
7.750483e+02 7.736767e+02
7.630647e+02 7.608160e+02
7.533419e+02 7.517545e+02
7.451614e+02 7.433708e+02
7.387772e+02 7.374799e+02
7.319192e+02 7.306216e+02
7.275761e+02 7.269142e+02
7.234410e+02 7.227935e+02
7.209637e+02 7.207365e+02
7.198010e+02 7.196566e+02
7.189992e+02 7.189057e+02
7.186113e+02 7.185611e+02
7.184155e+02 7.183920e+02
7.181695e+02 7.181570e+02
7.180149e+02 7.180037e+02
7.178699e+02 7.178648e+02
7.178415e+02 7.178392e+02
7.178178e+02 7.178168e+02
7.177837e+02 7.177828e+02
7.177322e+02 7.177311e+02
7.176981e+02 7.176978e+02
7.176829e+02 7.176828e+02
2.000000e+02 2.000000e+02
2.065413e+10 6.071629e+09
9.813643e+09 3.726048e+09
4.003574e+09 1.457805e+09
1.841213e+09 7.431592e+08
7.336936e+08 2.696864e+08
3.152658e+08 1.242846e+08
1.442836e+08 4.733143e+07
6.654419e+07 2.950375e+07
3.081579e+07 1.202788e+07
1.386474e+07 5.314993e+06
6.422465e+06 2.105045e+06
3.065198e+06 1.000524e+06
1.506911e+06 5.616717e+05
6.896699e+05 2.729828e+05
3.889652e+05 1.521184e+05
2.163266e+05 1.156821e+05
1.423273e+05 8.740832e+04
9.675406e+04 5.804269e+04
6.947933e+04 5.167489e+04
5.131536e+04 3.635654e+04
3.298144e+04 2.310552e+04
2.279277e+04 1.633591e+04
1.638089e+04 1.209591e+04
1.122675e+04 8.830149e+03
8.461237e+03 6.753525e+03
6.618115e+03 5.429543e+03
5.062523e+03 4.250820e+03
4.207071e+03 3.652342e+03
3.634928e+03 3.338810e+03
3.281434e+03 3.067854e+03
3.043753e+03 2.856105e+03
2.804596e+03 2.679014e+03
2.612081e+03 2.516651e+03
2.450738e+03 2.372357e+03
2.321686e+03 2.251345e+03
2.170818e+03 2.097721e+03
2.029826e+03 1.964892e+03
1.889846e+03 1.835003e+03
1.784765e+03 1.744474e+03
1.694026e+03 1.656402e+03
1.611528e+03 1.580425e+03
1.556275e+03 1.527931e+03
1.515577e+03 1.499452e+03
1.485658e+03 1.472916e+03
1.450375e+03 1.436544e+03
1.415467e+03 1.402264e+03
1.376957e+03 1.362383e+03
1.336186e+03 1.320678e+03
1.292651e+03 1.277162e+03
1.237370e+03 1.220963e+03
1.198747e+03 1.187447e+03
1.168231e+03 1.155881e+03
1.141092e+03 1.126905e+03
1.113334e+03 1.102157e+03
1.091355e+03 1.083859e+03
1.074928e+03 1.067937e+03
1.061629e+03 1.057241e+03
1.051136e+03 1.047062e+03
1.042411e+03 1.039238e+03
1.036177e+03 1.034560e+03
1.031483e+03 1.029766e+03
1.024894e+03 1.021173e+03
1.008024e+03 9.993737e+02
9.599056e+02 9.292738e+02
9.047937e+02 8.873341e+02
8.708243e+02 8.628454e+02
8.516668e+02 8.459031e+02
8.387464e+02 8.350817e+02
8.256251e+02 8.210852e+02
8.108003e+02 8.047716e+02
7.965967e+02 7.929196e+02
7.889848e+02 7.875931e+02
7.851799e+02 7.842621e+02
7.819850e+02 7.812624e+02
7.798723e+02 7.793642e+02
7.776502e+02 7.768856e+02
7.757883e+02 7.754065e+02
7.742249e+02 7.737817e+02
7.728637e+02 7.724506e+02
7.718594e+02 7.716619e+02
7.710913e+02 7.709421e+02
7.706204e+02 7.705205e+02
7.703588e+02 7.703138e+02
7.702059e+02 7.701540e+02
7.700408e+02 7.700049e+02
7.698802e+02 7.698532e+02
7.697709e+02 7.697554e+02
7.696977e+02 7.696863e+02
7.695763e+02 7.695561e+02
7.694460e+02 7.694348e+02
7.693839e+02 7.693782e+02
7.693540e+02 7.693507e+02
7.693259e+02 7.693231e+02
7.692876e+02 7.692853e+02
7.692511e+02 7.692475e+02
7.691671e+02 7.691628e+02
7.690756e+02 7.690689e+02
7.689812e+02 7.689767e+02
7.688202e+02 7.688177e+02
7.687533e+02 7.687531e+02
2.000000e+02 2.000000e+02
2.058409e+10 6.877460e+09
1.008373e+10 4.148612e+09
4.112226e+09 1.359491e+09
1.892984e+09 6.665158e+08
7.258396e+08 2.274744e+08
2.933919e+08 1.076365e+08
1.339910e+08 5.403914e+07
6.064762e+07 1.718772e+07
2.684640e+07 9.308102e+06
1.227791e+07 4.435605e+06
5.749384e+06 1.538479e+06
2.708470e+06 1.127220e+06
1.334218e+06 4.650269e+05
6.208217e+05 2.137678e+05
3.622091e+05 1.755818e+05
2.060251e+05 1.117222e+05
1.390093e+05 8.487728e+04
9.454370e+04 6.535242e+04
6.812708e+04 4.973941e+04
5.141479e+04 3.783717e+04
3.571321e+04 2.736308e+04
2.576087e+04 1.982788e+04
2.032070e+04 1.679919e+04
1.615902e+04 1.377690e+04
1.196305e+04 9.585339e+03
9.020720e+03 7.495206e+03
6.854497e+03 5.528476e+03
5.319919e+03 4.403812e+03
4.153066e+03 3.577907e+03
3.394322e+03 3.018843e+03
3.042633e+03 2.789725e+03
2.745954e+03 2.587656e+03
2.527173e+03 2.399797e+03
2.307354e+03 2.185917e+03
2.086034e+03 1.976791e+03
1.926063e+03 1.840232e+03
1.775202e+03 1.700626e+03
1.650985e+03 1.594110e+03
1.552927e+03 1.508363e+03
1.458923e+03 1.414273e+03
1.371282e+03 1.339725e+03
1.310171e+03 1.284998e+03
1.255593e+03 1.235870e+03
1.223481e+03 1.210950e+03
1.186648e+03 1.169071e+03
1.146989e+03 1.130774e+03
1.114501e+03 1.102958e+03
1.087310e+03 1.078616e+03
1.065408e+03 1.055862e+03
1.044823e+03 1.037173e+03
1.026840e+03 1.021227e+03
1.012854e+03 1.006916e+03
9.981754e+02 9.886863e+02
9.785448e+02 9.680767e+02
9.530114e+02 9.419635e+02
9.294718e+02 9.188068e+02
9.090372e+02 9.011829e+02
8.946964e+02 8.885950e+02
8.809200e+02 8.746170e+02
8.620637e+02 8.506848e+02
8.346683e+02 8.238726e+02
8.034032e+02 7.906035e+02
7.813109e+02 7.755697e+02
7.713993e+02 7.684526e+02
7.654710e+02 7.638153e+02
7.622786e+02 7.611261e+02
7.587375e+02 7.568448e+02
7.547399e+02 7.536177e+02
7.523047e+02 7.516186e+02
7.501678e+02 7.495215e+02
7.475903e+02 7.466692e+02
7.443393e+02 7.429791e+02
7.401273e+02 7.387906e+02
7.362060e+02 7.353263e+02
7.337477e+02 7.332241e+02
7.321678e+02 7.317761e+02
7.304436e+02 7.299629e+02
7.280438e+02 7.272514e+02
7.254227e+02 7.247635e+02
7.232695e+02 7.228342e+02
7.212307e+02 7.208646e+02
7.198807e+02 7.196394e+02
7.190514e+02 7.189090e+02
7.181539e+02 7.179850e+02
7.175681e+02 7.174974e+02
7.171074e+02 7.170461e+02
7.168339e+02 7.167854e+02
7.165932e+02 7.165694e+02
7.164246e+02 7.164030e+02
7.162745e+02 7.162335e+02
7.159116e+02 7.158773e+02
7.157675e+02 7.157532e+02
7.157009e+02 7.156979e+02
7.156666e+02 7.156638e+02
7.156401e+02 7.156391e+02
7.156280e+02 7.156275e+02
7.156160e+02 7.156157e+02
7.156064e+02 7.156057e+02
7.155974e+02 7.155973e+02
7.155941e+02 7.155941e+02
2.000000e+02 2.000000e+02
2.084148e+10 8.345394e+09
1.017586e+10 3.680820e+09
4.050535e+09 1.458984e+09
1.822709e+09 6.186739e+08
6.940312e+08 2.784653e+08
2.905113e+08 8.292700e+07
1.303056e+08 3.800908e+07
5.989344e+07 2.192000e+07
2.752247e+07 1.166662e+07
1.264627e+07 5.013007e+06
5.979554e+06 1.776813e+06
2.897973e+06 1.134237e+06
1.447534e+06 5.287982e+05
7.005104e+05 2.716402e+05
3.925911e+05 1.478415e+05
2.208714e+05 1.180312e+05
1.434982e+05 8.481508e+04
9.460879e+04 6.056338e+04
6.644246e+04 4.707225e+04
5.020651e+04 3.697228e+04
3.571810e+04 2.793731e+04
2.662173e+04 2.127630e+04
1.947879e+04 1.490786e+04
1.308725e+04 9.413996e+03
9.168236e+03 7.075291e+03
6.960373e+03 5.572720e+03
5.407350e+03 4.607740e+03
4.422193e+03 3.844556e+03
3.639721e+03 3.265779e+03
3.177546e+03 2.925200e+03
2.903572e+03 2.719215e+03
2.640084e+03 2.494209e+03
2.397850e+03 2.269314e+03
2.135838e+03 2.022891e+03
1.951883e+03 1.833018e+03
1.744286e+03 1.636880e+03
1.578186e+03 1.513560e+03
1.467399e+03 1.417291e+03
1.391723e+03 1.363950e+03
1.329858e+03 1.301357e+03
1.266295e+03 1.239461e+03
1.203801e+03 1.178984e+03
1.146544e+03 1.124707e+03
1.106468e+03 1.087647e+03
1.054953e+03 1.033560e+03
1.001746e+03 9.790102e+02
9.460910e+02 9.269648e+02
8.932974e+02 8.782045e+02
8.605135e+02 8.507081e+02
8.410613e+02 8.350363e+02
8.254182e+02 8.198726e+02
8.161159e+02 8.118713e+02
8.077413e+02 8.034420e+02
7.990901e+02 7.944808e+02
7.879103e+02 7.802740e+02
7.756265e+02 7.684368e+02
7.640815e+02 7.591054e+02
7.558174e+02 7.522165e+02
7.498878e+02 7.469565e+02
7.457044e+02 7.441012e+02
7.423992e+02 7.409540e+02
7.398586e+02 7.386443e+02
7.373391e+02 7.361142e+02
7.356473e+02 7.349230e+02
7.343566e+02 7.339465e+02
7.331384e+02 7.327548e+02
7.323221e+02 7.320694e+02
7.315867e+02 7.313829e+02
7.309877e+02 7.306797e+02
7.303086e+02 7.300920e+02
7.297353e+02 7.295266e+02
7.289446e+02 7.286678e+02
7.279516e+02 7.275798e+02
7.264289e+02 7.260629e+02
7.244235e+02 7.237926e+02
7.218581e+02 7.211152e+02
7.200450e+02 7.197685e+02
7.189301e+02 7.187133e+02
7.176635e+02 7.173682e+02
7.160788e+02 7.157537e+02
7.146473e+02 7.143792e+02
7.132565e+02 7.130550e+02
7.120859e+02 7.118020e+02
7.107903e+02 7.105513e+02
7.095402e+02 7.093416e+02
7.086914e+02 7.085793e+02
7.083234e+02 7.082793e+02
7.081056e+02 7.080719e+02
7.079605e+02 7.079411e+02
7.077604e+02 7.077369e+02
7.074336e+02 7.074073e+02
7.073147e+02 7.073028e+02
7.072420e+02 7.072376e+02
7.072042e+02 7.072022e+02
7.071877e+02 7.071869e+02
7.071777e+02 7.071772e+02
7.071728e+02 7.071727e+02
7.071706e+02 7.071705e+02
7.071683e+02 7.071682e+02
7.071675e+02 7.071675e+02
2.000000e+02 2.000000e+02
2.065074e+10 5.887270e+09
1.020817e+10 3.594902e+09
4.056337e+09 1.564708e+09
1.798889e+09 5.604222e+08
6.752590e+08 2.404834e+08
2.783016e+08 9.173788e+07
1.244609e+08 4.141970e+07
5.549424e+07 2.223755e+07
2.493868e+07 7.497229e+06
1.130810e+07 3.285867e+06
5.152528e+06 1.500850e+06
2.436317e+06 9.175654e+05
1.164892e+06 4.673718e+05
5.372057e+05 2.316084e+05
3.017204e+05 1.625268e+05
1.778593e+05 9.466091e+04
1.212776e+05 7.978831e+04
8.327148e+04 5.811294e+04
5.787898e+04 4.043247e+04
4.031823e+04 2.839242e+04
2.706044e+04 1.876384e+04
1.906249e+04 1.350230e+04
1.328270e+04 9.663617e+03
9.356839e+03 6.647603e+03
7.086499e+03 5.678820e+03
5.551273e+03 4.520764e+03
4.457723e+03 3.812048e+03
3.849627e+03 3.471793e+03
3.430798e+03 3.179525e+03
3.157183e+03 3.020557e+03
2.967359e+03 2.820158e+03
2.798164e+03 2.698645e+03
2.660451e+03 2.563635e+03
2.528257e+03 2.468057e+03
2.416300e+03 2.356435e+03
2.297557e+03 2.244637e+03
2.193915e+03 2.150982e+03
2.122479e+03 2.085048e+03
2.027662e+03 1.984891e+03
1.918132e+03 1.868396e+03
1.808567e+03 1.759924e+03
1.728155e+03 1.690947e+03
1.660923e+03 1.637134e+03
1.610888e+03 1.583568e+03
1.552542e+03 1.526652e+03
1.494517e+03 1.474175e+03
1.440145e+03 1.422327e+03
1.375236e+03 1.349564e+03
1.319512e+03 1.298722e+03
1.275681e+03 1.263970e+03
1.239529e+03 1.225867e+03
1.211870e+03 1.199799e+03
1.188369e+03 1.173714e+03
1.155086e+03 1.136358e+03
1.121003e+03 1.103998e+03
1.087705e+03 1.073357e+03
1.055745e+03 1.041111e+03
1.035114e+03 1.027368e+03
1.017703e+03 1.012485e+03
1.004231e+03 9.990045e+02
9.941281e+02 9.894032e+02
9.659100e+02 9.510520e+02
9.328864e+02 9.184814e+02
9.099624e+02 9.039158e+02
8.960477e+02 8.920082e+02
8.858714e+02 8.822955e+02
8.711559e+02 8.648494e+02
8.404759e+02 8.304397e+02
8.221931e+02 8.179559e+02
8.118069e+02 8.095004e+02
8.061214e+02 8.046101e+02
8.028723e+02 8.018461e+02
8.007349e+02 8.001053e+02
7.990830e+02 7.986329e+02
7.981942e+02 7.979562e+02
7.974851e+02 7.972451e+02
7.967164e+02 7.965022e+02
7.956014e+02 7.952179e+02
7.934121e+02 7.927904e+02
7.892384e+02 7.878156e+02
7.809281e+02 7.791641e+02
7.716113e+02 7.699135e+02
7.621942e+02 7.602146e+02
7.511516e+02 7.498898e+02
7.453290e+02 7.445141e+02
7.421198e+02 7.418439e+02
7.401595e+02 7.398502e+02
7.385109e+02 7.383087e+02
7.377901e+02 7.377223e+02
7.375271e+02 7.374982e+02
7.372868e+02 7.372612e+02
7.370440e+02 7.370263e+02
7.369258e+02 7.369111e+02
7.368144e+02 7.368069e+02
7.366685e+02 7.366618e+02
7.365517e+02 7.365476e+02
7.364893e+02 7.364874e+02
7.364371e+02 7.364341e+02
7.363942e+02 7.363934e+02
7.363391e+02 7.363388e+02
2.000000e+02 2.000000e+02
2.076787e+10 5.945018e+09
1.001995e+10 4.034215e+09
4.083318e+09 1.147071e+09
1.917534e+09 6.451039e+08
7.645547e+08 2.001068e+08
3.213431e+08 9.740468e+07
1.416873e+08 4.531753e+07
6.427643e+07 2.274169e+07
3.036735e+07 1.348528e+07
1.398734e+07 5.621732e+06
6.516348e+06 2.191393e+06
3.078999e+06 1.079332e+06
1.461770e+06 4.826438e+05
6.589471e+05 2.754801e+05
3.494751e+05 1.674072e+05
1.877431e+05 1.011365e+05
1.223228e+05 8.076847e+04
8.261238e+04 5.592175e+04
5.907675e+04 4.188132e+04
4.383232e+04 3.227886e+04
2.902912e+04 2.088871e+04
1.944922e+04 1.364249e+04
1.420699e+04 1.031314e+04
9.850927e+03 7.332104e+03
6.979102e+03 5.227006e+03
5.402756e+03 4.373395e+03
4.430572e+03 3.873887e+03
3.902587e+03 3.573837e+03
3.507272e+03 3.292566e+03
3.234855e+03 3.082678e+03
3.041560e+03 2.908849e+03
2.874875e+03 2.798682e+03
2.761250e+03 2.686227e+03
2.648473e+03 2.592124e+03
2.568044e+03 2.516746e+03
2.473873e+03 2.428694e+03
2.364332e+03 2.318663e+03
2.259765e+03 2.213016e+03
2.153844e+03 2.103354e+03
2.031706e+03 1.977762e+03
1.899041e+03 1.842893e+03
1.786788e+03 1.733378e+03
1.656321e+03 1.606523e+03
1.556975e+03 1.511874e+03
1.466667e+03 1.440041e+03
1.409154e+03 1.384866e+03
1.366323e+03 1.353545e+03
1.328398e+03 1.313244e+03
1.289161e+03 1.273823e+03
1.239257e+03 1.216661e+03
1.164354e+03 1.140041e+03
1.082191e+03 1.039002e+03
1.016956e+03 9.800230e+02
9.408981e+02 9.044536e+02
8.954302e+02 8.799410e+02
8.656540e+02 8.559870e+02
8.442335e+02 8.370930e+02
8.277319e+02 8.200988e+02
8.128344e+02 8.065802e+02
8.010431e+02 7.976211e+02
7.944953e+02 7.921629e+02
7.886064e+02 7.866999e+02
7.836341e+02 7.820407e+02
7.799241e+02 7.784056e+02
7.762143e+02 7.752264e+02
7.743602e+02 7.735802e+02
7.726371e+02 7.721643e+02
7.713243e+02 7.707916e+02
7.702356e+02 7.698190e+02
7.692239e+02 7.688786e+02
7.682286e+02 7.678058e+02
7.670600e+02 7.667161e+02
7.659110e+02 7.655073e+02
7.647680e+02 7.644651e+02
7.637979e+02 7.635793e+02
7.626892e+02 7.623707e+02
7.613626e+02 7.610511e+02
7.595117e+02 7.590188e+02
7.573052e+02 7.567787e+02
7.542667e+02 7.536421e+02
7.522048e+02 7.519407e+02
7.509586e+02 7.507133e+02
7.500451e+02 7.499114e+02
7.494949e+02 7.494188e+02
7.491641e+02 7.491060e+02
7.488983e+02 7.488673e+02
7.487181e+02 7.486896e+02
7.483609e+02 7.482838e+02
7.476896e+02 7.476005e+02
7.471342e+02 7.470642e+02
7.464286e+02 7.463425e+02
7.450196e+02 7.449019e+02
7.435622e+02 7.434733e+02
7.426551e+02 7.425963e+02
7.420376e+02 7.420243e+02
7.418076e+02 7.417983e+02
7.417011e+02 7.416980e+02
7.416401e+02 7.416392e+02
7.415781e+02 7.415732e+02
7.404313e+02 7.404276e+02
2.000000e+02 2.000000e+02
2.035482e+10 7.256789e+09
9.967335e+09 3.378239e+09
3.903660e+09 1.511646e+09
1.802799e+09 6.908991e+08
7.107150e+08 2.817423e+08
2.959996e+08 7.980277e+07
1.326202e+08 5.640283e+07
6.139085e+07 2.468518e+07
2.810546e+07 1.055196e+07
1.260447e+07 5.368519e+06
5.893084e+06 2.009800e+06
2.800176e+06 1.146168e+06
1.385793e+06 5.722277e+05
6.551805e+05 2.854614e+05
3.664257e+05 1.812304e+05
1.983423e+05 1.093989e+05
1.308637e+05 7.594040e+04
8.740850e+04 5.905768e+04
6.259082e+04 4.572554e+04
4.810832e+04 3.491542e+04
3.526518e+04 2.687916e+04
2.629217e+04 2.121999e+04
2.016847e+04 1.578622e+04
1.426244e+04 1.106189e+04
1.082428e+04 8.728613e+03
8.551753e+03 7.167813e+03
6.437839e+03 5.468587e+03
5.259804e+03 4.618312e+03
4.449477e+03 3.913097e+03
3.633151e+03 3.290133e+03
3.206648e+03 2.951337e+03
2.901130e+03 2.735450e+03
2.692670e+03 2.560081e+03
2.462528e+03 2.352464e+03
2.279140e+03 2.181468e+03
2.119549e+03 2.048846e+03
1.970710e+03 1.900214e+03
1.794466e+03 1.709997e+03
1.652318e+03 1.588339e+03
1.534493e+03 1.491200e+03
1.450235e+03 1.413545e+03
1.389878e+03 1.364469e+03
1.336675e+03 1.315937e+03
1.297176e+03 1.281770e+03
1.261989e+03 1.247326e+03
1.234102e+03 1.224370e+03
1.212217e+03 1.204429e+03
1.190569e+03 1.182738e+03
1.170292e+03 1.162421e+03
1.144224e+03 1.134407e+03
1.109925e+03 1.096359e+03
1.071992e+03 1.052455e+03
1.033059e+03 1.008718e+03
9.974786e+02 9.760953e+02
9.650306e+02 9.461888e+02
9.319795e+02 9.169127e+02
8.994774e+02 8.783224e+02
8.531821e+02 8.325495e+02
8.193561e+02 8.057845e+02
7.944290e+02 7.875147e+02
7.826937e+02 7.781302e+02
7.748908e+02 7.723105e+02
7.697046e+02 7.682289e+02
7.669022e+02 7.658511e+02
7.649281e+02 7.642357e+02
7.633180e+02 7.627714e+02
7.619213e+02 7.614484e+02
7.606049e+02 7.601618e+02
7.596167e+02 7.592199e+02
7.584093e+02 7.578610e+02
7.561811e+02 7.555278e+02
7.547239e+02 7.543866e+02
7.536073e+02 7.533294e+02
7.525452e+02 7.522450e+02
7.518092e+02 7.515154e+02
7.511357e+02 7.509574e+02
7.506245e+02 7.504473e+02
7.498819e+02 7.496621e+02
7.482192e+02 7.476133e+02
7.449489e+02 7.441082e+02
7.425633e+02 7.422174e+02
7.407467e+02 7.404394e+02
7.392050e+02 7.389153e+02
7.380949e+02 7.378477e+02
7.369931e+02 7.368134e+02
7.359575e+02 7.358199e+02
7.347304e+02 7.345313e+02
7.333737e+02 7.331741e+02
7.317177e+02 7.315294e+02
7.305532e+02 7.304319e+02
7.292345e+02 7.291269e+02
7.282076e+02 7.281573e+02
7.278213e+02 7.277803e+02
7.273643e+02 7.273207e+02
7.269747e+02 7.269599e+02
7.266037e+02 7.265946e+02
7.265184e+02 7.265163e+02
7.264817e+02 7.264810e+02
7.264466e+02 7.264449e+02
7.262320e+02 7.262301e+02
2.000000e+02 2.000000e+02
2.070551e+10 6.696228e+09
1.005459e+10 3.426326e+09
4.043627e+09 1.490135e+09
1.893447e+09 6.297100e+08
7.263216e+08 2.801117e+08
2.996296e+08 1.145412e+08
1.342323e+08 4.938567e+07
6.239780e+07 2.586956e+07
2.848483e+07 1.147719e+07
1.319861e+07 5.063817e+06
6.236215e+06 2.529178e+06
3.045434e+06 1.061605e+06
1.550975e+06 5.183976e+05
7.363159e+05 3.168258e+05
4.159963e+05 2.017866e+05
2.284414e+05 1.152985e+05
1.449715e+05 8.584846e+04
9.460471e+04 5.955438e+04
6.442423e+04 4.574568e+04
4.756624e+04 3.506402e+04
3.332993e+04 2.420934e+04
2.395580e+04 1.770103e+04
1.783253e+04 1.348675e+04
1.332715e+04 1.070165e+04
1.067676e+04 8.896651e+03
8.477320e+03 6.974039e+03
6.292277e+03 5.165955e+03
4.836198e+03 4.059673e+03
3.764742e+03 3.228838e+03
3.130096e+03 2.773365e+03
2.802906e+03 2.624821e+03
2.550915e+03 2.404471e+03
2.361180e+03 2.262761e+03
2.199520e+03 2.115448e+03
2.060432e+03 1.993269e+03
1.951984e+03 1.878040e+03
1.817451e+03 1.751247e+03
1.709778e+03 1.655227e+03
1.605572e+03 1.558326e+03
1.501047e+03 1.461172e+03
1.394393e+03 1.355646e+03
1.308012e+03 1.271885e+03
1.213707e+03 1.169739e+03
1.108460e+03 1.067658e+03
1.027949e+03 9.944317e+02
9.670692e+02 9.457612e+02
9.178500e+02 9.010662e+02
8.835730e+02 8.730502e+02
8.633198e+02 8.558991e+02
8.449735e+02 8.390534e+02
8.291247e+02 8.240993e+02
8.170015e+02 8.106018e+02
8.055509e+02 8.007338e+02
7.954392e+02 7.897755e+02
7.856319e+02 7.813449e+02
7.791165e+02 7.764210e+02
7.724938e+02 7.697949e+02
7.660710e+02 7.630309e+02
7.607971e+02 7.589247e+02
7.570517e+02 7.556696e+02
7.543199e+02 7.532808e+02
7.522391e+02 7.515215e+02
7.502439e+02 7.495859e+02
7.487459e+02 7.480982e+02
7.468908e+02 7.462630e+02
7.454732e+02 7.449595e+02
7.445162e+02 7.441981e+02
7.437363e+02 7.434906e+02
7.433065e+02 7.431319e+02
7.430105e+02 7.428834e+02
7.427587e+02 7.426395e+02
7.424770e+02 7.423905e+02
7.422587e+02 7.421770e+02
7.419405e+02 7.418570e+02
7.416399e+02 7.415247e+02
7.412742e+02 7.411663e+02
7.409525e+02 7.408800e+02
7.407237e+02 7.406668e+02
7.405524e+02 7.405144e+02
7.403812e+02 7.403384e+02
7.401679e+02 7.401139e+02
7.399403e+02 7.398987e+02
7.397508e+02 7.397075e+02
7.394634e+02 7.394039e+02
7.387121e+02 7.386051e+02
7.377114e+02 7.375502e+02
7.361185e+02 7.359537e+02
7.352942e+02 7.352290e+02
7.348551e+02 7.348158e+02
7.345548e+02 7.345228e+02
7.343789e+02 7.343555e+02
7.341834e+02 7.341655e+02
7.340493e+02 7.340403e+02
7.339777e+02 7.339723e+02
7.339347e+02 7.339309e+02
7.339098e+02 7.339086e+02
7.338917e+02 7.338910e+02
7.338790e+02 7.338787e+02
7.337977e+02 7.337947e+02
7.337219e+02 7.337218e+02
2.000000e+02 2.000000e+02
2.054527e+10 7.601865e+09
1.020626e+10 3.682949e+09
4.123132e+09 1.314483e+09
1.894154e+09 6.273020e+08
7.060159e+08 2.628776e+08
2.994029e+08 1.112002e+08
1.343777e+08 5.152460e+07
6.045574e+07 2.509977e+07
2.842896e+07 9.247252e+06
1.284085e+07 5.282484e+06
5.709145e+06 1.955301e+06
2.710679e+06 8.770353e+05
1.327649e+06 5.081018e+05
6.266961e+05 2.981278e+05
3.520336e+05 1.772722e+05
1.961580e+05 1.055379e+05
1.308501e+05 8.444765e+04
9.006902e+04 6.438878e+04
6.524282e+04 4.682878e+04
4.856697e+04 3.595019e+04
3.298192e+04 2.499086e+04
2.382113e+04 1.822361e+04
1.798908e+04 1.401858e+04
1.284582e+04 9.921706e+03
8.974262e+03 6.558247e+03
6.566959e+03 5.017928e+03
5.064882e+03 4.310887e+03
4.204271e+03 3.704430e+03
3.536543e+03 3.228697e+03
3.141201e+03 2.921296e+03
2.919515e+03 2.788041e+03
2.703334e+03 2.587292e+03
2.538091e+03 2.449385e+03
2.359313e+03 2.267001e+03
2.212285e+03 2.119574e+03
2.048994e+03 1.965262e+03
1.865377e+03 1.782612e+03
1.697794e+03 1.628359e+03
1.584085e+03 1.543008e+03
1.514986e+03 1.486774e+03
1.465986e+03 1.447225e+03
1.434612e+03 1.421633e+03
1.399231e+03 1.380942e+03
1.352536e+03 1.332608e+03
1.307471e+03 1.293404e+03
1.278458e+03 1.265043e+03
1.252690e+03 1.244097e+03
1.224825e+03 1.213475e+03
1.198413e+03 1.189371e+03
1.171768e+03 1.164992e+03
1.153858e+03 1.146580e+03
1.133584e+03 1.123695e+03
1.112608e+03 1.101831e+03
1.092381e+03 1.083626e+03
1.072837e+03 1.064722e+03
1.055738e+03 1.048075e+03
1.038432e+03 1.031079e+03
1.024575e+03 1.019144e+03
1.014120e+03 1.009411e+03
1.005560e+03 1.003140e+03
1.000668e+03 9.988135e+02
9.960912e+02 9.941196e+02
9.886616e+02 9.858366e+02
9.800441e+02 9.758153e+02
9.646225e+02 9.582042e+02
9.455394e+02 9.381700e+02
9.261950e+02 9.190246e+02
9.068848e+02 9.006327e+02
8.805792e+02 8.703467e+02
8.535562e+02 8.450457e+02
8.222350e+02 8.138637e+02
7.892568e+02 7.794248e+02
7.591107e+02 7.512708e+02
7.363988e+02 7.316313e+02
7.255656e+02 7.238605e+02
7.197667e+02 7.183454e+02
7.157935e+02 7.149653e+02
7.135747e+02 7.131510e+02
7.125330e+02 7.122943e+02
7.117937e+02 7.116012e+02
7.111430e+02 7.109622e+02
7.105504e+02 7.104409e+02
7.101127e+02 7.100504e+02
7.099039e+02 7.098577e+02
7.097672e+02 7.097422e+02
7.095898e+02 7.095560e+02
7.094551e+02 7.094360e+02
7.093745e+02 7.093633e+02
7.093275e+02 7.093217e+02
7.092947e+02 7.092885e+02
7.092645e+02 7.092622e+02
7.092446e+02 7.092434e+02
7.092279e+02 7.092264e+02
7.092070e+02 7.092050e+02
7.091750e+02 7.091717e+02
7.091195e+02 7.091144e+02
7.090779e+02 7.090773e+02
7.090710e+02 7.090708e+02
7.090645e+02 7.090644e+02
7.090604e+02 7.090603e+02
2.000000e+02 2.000000e+02
2.074287e+10 7.164626e+09
1.018015e+10 4.179369e+09
4.095440e+09 1.424540e+09
1.906864e+09 6.776607e+08
7.368518e+08 2.716851e+08
3.068424e+08 9.673721e+07
1.360778e+08 4.603437e+07
6.033331e+07 2.051871e+07
2.801016e+07 1.116130e+07
1.282495e+07 4.498273e+06
5.998113e+06 2.306890e+06
2.893413e+06 1.147641e+06
1.428243e+06 6.230327e+05
6.611243e+05 2.724466e+05
3.560289e+05 1.594341e+05
1.949161e+05 1.056726e+05
1.263837e+05 8.426363e+04
8.519962e+04 5.691300e+04
5.955604e+04 4.199848e+04
4.268264e+04 3.107118e+04
2.916585e+04 2.169681e+04
2.205788e+04 1.776770e+04
1.735746e+04 1.403615e+04
1.254253e+04 9.974683e+03
8.949067e+03 6.890960e+03
6.643061e+03 5.354957e+03
5.015130e+03 4.281063e+03
4.101125e+03 3.579193e+03
3.451493e+03 3.161092e+03
3.017992e+03 2.837097e+03
2.747164e+03 2.595145e+03
2.531257e+03 2.387630e+03
2.367909e+03 2.275650e+03
2.231548e+03 2.168373e+03
2.135290e+03 2.086721e+03
2.049620e+03 2.005595e+03
1.948061e+03 1.891420e+03
1.833661e+03 1.776987e+03
1.711382e+03 1.660673e+03
1.586294e+03 1.534449e+03
1.485890e+03 1.448580e+03
1.412506e+03 1.386296e+03
1.358599e+03 1.334117e+03
1.314272e+03 1.295908e+03
1.269365e+03 1.253337e+03
1.228900e+03 1.213746e+03
1.186543e+03 1.170273e+03
1.141031e+03 1.128904e+03
1.109205e+03 1.097339e+03
1.076804e+03 1.065748e+03
1.052985e+03 1.044632e+03
1.038340e+03 1.032061e+03
1.027265e+03 1.021148e+03
1.017252e+03 1.011982e+03
1.008447e+03 1.004472e+03
1.000506e+03 9.967925e+02
9.925516e+02 9.897537e+02
9.833875e+02 9.784172e+02
9.639052e+02 9.478721e+02
9.053776e+02 8.720808e+02
8.526991e+02 8.347453e+02
8.197363e+02 8.091811e+02
7.988971e+02 7.939527e+02
7.898286e+02 7.871332e+02
7.841957e+02 7.827892e+02
7.810645e+02 7.801083e+02
7.783121e+02 7.772822e+02
7.759292e+02 7.753649e+02
7.745340e+02 7.740911e+02
7.736360e+02 7.733060e+02
7.729615e+02 7.727195e+02
7.723828e+02 7.722062e+02
7.718934e+02 7.717406e+02
7.714250e+02 7.713013e+02
7.710940e+02 7.710029e+02
7.708676e+02 7.708139e+02
7.706780e+02 7.706266e+02
7.704753e+02 7.704128e+02
7.702852e+02 7.702376e+02
7.701117e+02 7.700788e+02
7.700153e+02 7.699970e+02
7.699494e+02 7.699366e+02
7.698544e+02 7.698256e+02
7.697211e+02 7.697005e+02
7.695467e+02 7.695193e+02
7.694502e+02 7.694410e+02
7.694183e+02 7.694146e+02
7.694031e+02 7.694006e+02
7.693903e+02 7.693879e+02
7.693789e+02 7.693775e+02
7.693692e+02 7.693682e+02
7.693595e+02 7.693584e+02
7.693446e+02 7.693428e+02
7.693109e+02 7.693097e+02
7.692968e+02 7.692961e+02
7.692534e+02 7.692517e+02
7.692431e+02 7.692429e+02
7.692387e+02 7.692385e+02
7.692344e+02 7.692342e+02
7.692239e+02 7.692235e+02
2.000000e+02 2.000000e+02
2.065104e+10 8.060688e+09
1.012852e+10 3.381103e+09
3.925807e+09 1.474677e+09
1.769752e+09 7.849056e+08
6.641125e+08 2.269290e+08
2.699439e+08 9.933602e+07
1.221107e+08 4.850546e+07
5.603871e+07 1.994551e+07
2.464428e+07 8.051562e+06
1.128880e+07 4.667056e+06
5.381259e+06 1.988729e+06
2.620256e+06 9.721814e+05
1.342870e+06 6.129360e+05
6.607532e+05 2.986408e+05
3.930945e+05 1.796041e+05
2.255256e+05 1.351576e+05
1.461620e+05 9.585230e+04
9.564474e+04 7.013704e+04
6.667203e+04 5.147674e+04
4.801547e+04 3.552227e+04
3.312917e+04 2.590701e+04
2.484253e+04 1.888165e+04
1.787955e+04 1.287475e+04
1.161355e+04 8.774913e+03
8.449802e+03 6.585636e+03
6.617314e+03 5.536163e+03
5.352120e+03 4.672265e+03
4.608893e+03 4.077764e+03
3.909988e+03 3.594585e+03
3.445843e+03 3.225858e+03
3.159021e+03 2.926361e+03
2.807611e+03 2.633654e+03
2.510522e+03 2.349515e+03
2.260818e+03 2.158672e+03
2.147317e+03 2.065007e+03
2.054997e+03 2.004015e+03
1.952406e+03 1.904149e+03
1.853126e+03 1.814718e+03
1.765515e+03 1.724890e+03
1.678119e+03 1.635984e+03
1.578073e+03 1.536822e+03
1.482363e+03 1.440797e+03
1.384220e+03 1.352019e+03
1.319914e+03 1.290907e+03
1.270448e+03 1.254040e+03
1.235729e+03 1.220918e+03
1.205866e+03 1.194905e+03
1.177189e+03 1.168225e+03
1.148728e+03 1.136397e+03
1.109185e+03 1.096260e+03
1.066382e+03 1.052358e+03
1.028516e+03 1.007996e+03
9.776170e+02 9.479774e+02
9.213411e+02 8.963200e+02
8.789066e+02 8.617983e+02
8.516421e+02 8.417431e+02
8.311150e+02 8.234064e+02
8.151201e+02 8.079402e+02
7.988610e+02 7.922927e+02
7.860006e+02 7.820812e+02
7.758023e+02 7.708757e+02
7.662124e+02 7.626359e+02
7.586738e+02 7.566113e+02
7.546513e+02 7.533591e+02
7.521837e+02 7.516325e+02
7.509626e+02 7.505341e+02
7.499839e+02 7.495717e+02
7.493194e+02 7.490691e+02
7.488034e+02 7.486410e+02
7.484619e+02 7.483083e+02
7.481069e+02 7.479701e+02
7.476088e+02 7.474069e+02
7.468378e+02 7.465700e+02
7.457048e+02 7.453465e+02
7.447547e+02 7.444694e+02
7.438689e+02 7.436386e+02
7.430720e+02 7.428571e+02
7.421123e+02 7.417991e+02
7.409101e+02 7.406563e+02
7.401062e+02 7.399332e+02
7.395463e+02 7.394510e+02
7.392003e+02 7.391527e+02
7.389823e+02 7.389487e+02
7.388117e+02 7.387758e+02
7.386360e+02 7.386104e+02
7.383789e+02 7.383324e+02
7.379622e+02 7.378886e+02
7.367082e+02 7.365289e+02
7.347449e+02 7.345686e+02
7.336171e+02 7.335249e+02
7.328795e+02 7.328069e+02
7.322496e+02 7.321607e+02
7.314992e+02 7.314322e+02
7.301161e+02 7.299703e+02
7.290593e+02 7.289963e+02
7.285530e+02 7.285366e+02
7.282149e+02 7.281945e+02
7.280338e+02 7.280308e+02
7.279392e+02 7.279352e+02
7.278736e+02 7.278736e+02
2.000000e+02 2.000000e+02
2.073609e+10 5.608573e+09
1.002809e+10 3.082457e+09
3.916504e+09 1.279532e+09
1.798195e+09 4.446200e+08
6.701770e+08 2.153382e+08
2.743074e+08 1.069161e+08
1.242953e+08 5.231465e+07
5.493422e+07 1.852325e+07
2.435930e+07 8.190399e+06
1.095314e+07 3.941527e+06
5.066001e+06 1.821980e+06
2.354154e+06 9.338769e+05
1.181407e+06 4.950579e+05
5.692500e+05 2.450334e+05
3.187526e+05 1.420263e+05
1.844111e+05 1.049063e+05
1.251842e+05 8.532014e+04
8.693055e+04 6.192647e+04
6.230641e+04 4.583167e+04
4.715329e+04 3.623784e+04
3.303894e+04 2.375933e+04
2.295396e+04 1.698964e+04
1.645075e+04 1.203628e+04
1.149445e+04 8.434666e+03
8.431775e+03 6.496607e+03
6.496096e+03 5.262305e+03
4.948419e+03 4.085481e+03
3.981706e+03 3.360479e+03
3.385640e+03 3.127865e+03
2.998377e+03 2.779354e+03
2.750570e+03 2.554622e+03
2.598315e+03 2.507505e+03
2.480955e+03 2.419686e+03
2.366936e+03 2.301093e+03
2.275828e+03 2.227266e+03
2.189184e+03 2.145189e+03
2.097652e+03 2.046694e+03
1.983208e+03 1.928109e+03
1.868649e+03 1.809275e+03
1.728625e+03 1.670131e+03
1.618035e+03 1.576585e+03
1.519350e+03 1.471037e+03
1.429534e+03 1.400871e+03
1.381075e+03 1.363344e+03
1.342850e+03 1.326375e+03
1.306548e+03 1.293565e+03
1.275075e+03 1.262608e+03
1.244903e+03 1.231341e+03
1.214923e+03 1.202401e+03
1.183280e+03 1.173200e+03
1.153500e+03 1.143640e+03
1.129951e+03 1.117767e+03
1.105042e+03 1.088588e+03
1.078740e+03 1.063163e+03
1.052467e+03 1.039134e+03
1.028731e+03 1.017895e+03
9.987114e+02 9.869560e+02
9.765071e+02 9.655214e+02
9.571890e+02 9.506838e+02
9.443715e+02 9.395932e+02
9.335916e+02 9.294921e+02
9.258928e+02 9.233011e+02
9.209247e+02 9.195778e+02
9.182727e+02 9.173409e+02
9.161140e+02 9.155258e+02
9.146084e+02 9.140920e+02
9.135432e+02 9.131617e+02
9.124135e+02 9.121028e+02
9.114743e+02 9.111520e+02
9.102160e+02 9.097507e+02
9.086549e+02 9.078882e+02
9.062937e+02 9.054287e+02
9.032245e+02 9.022863e+02
9.005088e+02 8.999485e+02
8.990010e+02 8.986923e+02
8.979860e+02 8.977934e+02
8.973405e+02 8.972075e+02
8.968541e+02 8.967278e+02
8.963808e+02 8.962614e+02
8.955919e+02 8.952715e+02
8.945722e+02 8.944361e+02
8.941023e+02 8.940258e+02
8.934369e+02 8.932274e+02
8.915613e+02 8.911373e+02
8.886304e+02 8.882332e+02
8.867277e+02 8.865181e+02
8.853247e+02 8.851800e+02
8.847982e+02 8.847293e+02
8.844109e+02 8.843588e+02
8.841412e+02 8.841050e+02
8.837472e+02 8.837017e+02
8.834637e+02 8.834418e+02
8.832554e+02 8.831881e+02
8.827262e+02 8.826980e+02
8.825175e+02 8.825030e+02
8.824155e+02 8.824130e+02
8.823797e+02 8.823772e+02
8.822982e+02 8.822916e+02
8.821293e+02 8.820837e+02
8.670501e+02 8.670381e+02
2.000000e+02 2.000000e+02
2.049795e+10 6.502594e+09
1.018544e+10 4.516464e+09
4.125568e+09 1.766654e+09
1.843001e+09 5.041811e+08
6.808246e+08 2.658593e+08
2.807895e+08 1.074627e+08
1.272250e+08 4.045397e+07
5.901796e+07 2.042518e+07
2.665393e+07 9.023564e+06
1.221576e+07 4.828014e+06
5.625233e+06 2.132929e+06
2.639438e+06 9.184017e+05
1.301992e+06 5.045334e+05
6.141631e+05 2.653611e+05
3.451761e+05 1.587618e+05
1.968674e+05 9.973258e+04
1.326492e+05 8.524663e+04
9.041063e+04 6.550634e+04
6.548394e+04 4.777392e+04
4.783476e+04 3.580032e+04
3.256471e+04 2.476122e+04
2.418044e+04 1.837532e+04
1.767836e+04 1.393299e+04
1.202075e+04 9.095885e+03
9.215364e+03 7.433810e+03
7.471957e+03 6.282318e+03
5.984144e+03 5.175708e+03
5.057817e+03 4.521338e+03
4.174618e+03 3.680386e+03
3.469895e+03 3.179016e+03
3.144798e+03 2.962039e+03
2.937928e+03 2.823032e+03
2.803835e+03 2.728036e+03
2.678922e+03 2.617285e+03
2.568788e+03 2.508262e+03
2.455773e+03 2.393146e+03
2.334378e+03 2.286720e+03
2.227003e+03 2.171976e+03
2.116948e+03 2.063536e+03
2.015942e+03 1.957910e+03
1.911897e+03 1.865337e+03
1.796876e+03 1.750234e+03
1.697060e+03 1.652187e+03
1.586336e+03 1.547301e+03
1.503297e+03 1.467907e+03
1.411856e+03 1.374987e+03
1.326415e+03 1.289833e+03
1.246674e+03 1.223338e+03
1.202012e+03 1.188056e+03
1.167429e+03 1.155006e+03
1.139077e+03 1.129759e+03
1.122797e+03 1.115415e+03
1.108917e+03 1.103746e+03
1.096541e+03 1.088598e+03
1.078286e+03 1.068437e+03
1.054854e+03 1.040424e+03
1.002195e+03 9.712627e+02
9.350142e+02 9.031951e+02
8.828409e+02 8.662951e+02
8.500344e+02 8.387876e+02
8.302147e+02 8.227491e+02
8.171781e+02 8.117756e+02
8.081949e+02 8.060014e+02
8.036120e+02 8.017804e+02
7.995433e+02 7.984040e+02
7.968805e+02 7.959365e+02
7.949725e+02 7.943667e+02
7.931825e+02 7.926745e+02
7.919313e+02 7.913911e+02
7.910341e+02 7.907494e+02
7.904233e+02 7.902108e+02
7.899046e+02 7.896760e+02
7.893132e+02 7.890654e+02
7.886691e+02 7.884471e+02
7.880427e+02 7.878598e+02
7.874132e+02 7.872263e+02
7.865771e+02 7.863151e+02
7.855429e+02 7.852571e+02
7.835262e+02 7.829820e+02
7.813419e+02 7.809371e+02
7.799416e+02 7.797024e+02
7.790677e+02 7.789018e+02
7.784005e+02 7.782665e+02
7.774922e+02 7.772935e+02
7.767344e+02 7.766284e+02
7.760086e+02 7.758747e+02
7.754764e+02 7.754280e+02
7.751878e+02 7.751461e+02
7.747808e+02 7.747242e+02
7.740997e+02 7.740170e+02
7.734787e+02 7.734324e+02
7.731867e+02 7.731734e+02
7.730600e+02 7.730368e+02
7.728790e+02 7.728667e+02
7.725238e+02 7.724805e+02
7.722053e+02 7.721959e+02
7.720782e+02 7.720741e+02
7.720133e+02 7.720113e+02
7.719929e+02 7.719910e+02
7.714516e+02 7.714495e+02
2.000000e+02 2.000000e+02
2.029348e+10 6.883604e+09
1.005791e+10 3.919922e+09
3.999664e+09 1.494927e+09
1.795834e+09 7.371969e+08
6.715441e+08 2.761041e+08
2.817808e+08 8.995548e+07
1.251715e+08 4.499010e+07
5.539222e+07 1.810169e+07
2.523994e+07 9.435035e+06
1.159547e+07 3.572781e+06
5.472356e+06 2.105744e+06
2.740889e+06 1.141569e+06
1.402470e+06 5.153606e+05
6.746425e+05 2.695028e+05
3.766541e+05 1.740499e+05
2.029433e+05 9.893037e+04
1.296724e+05 8.205837e+04
8.734343e+04 5.822820e+04
6.340632e+04 4.941759e+04
4.894598e+04 3.717388e+04
3.327585e+04 2.288685e+04
2.230043e+04 1.585712e+04
1.626148e+04 1.179799e+04
1.104375e+04 7.799986e+03
7.812729e+03 5.642053e+03
5.656604e+03 4.402899e+03
4.196931e+03 3.549236e+03
3.557700e+03 3.150193e+03
3.186152e+03 2.982529e+03
2.958311e+03 2.837498e+03
2.823679e+03 2.719586e+03
2.700202e+03 2.633806e+03
2.604837e+03 2.552879e+03
2.477770e+03 2.425166e+03
2.386841e+03 2.334188e+03
2.285449e+03 2.235593e+03
2.176373e+03 2.117285e+03
2.061096e+03 2.017325e+03
1.959540e+03 1.914712e+03
1.841668e+03 1.789786e+03
1.727382e+03 1.678689e+03
1.629390e+03 1.589507e+03
1.544958e+03 1.514886e+03
1.477950e+03 1.449824e+03
1.418859e+03 1.394884e+03
1.363217e+03 1.341720e+03
1.320907e+03 1.304531e+03
1.282324e+03 1.270130e+03
1.252969e+03 1.242313e+03
1.225096e+03 1.212021e+03
1.195184e+03 1.185858e+03
1.169262e+03 1.157077e+03
1.142906e+03 1.126468e+03
1.108310e+03 1.093754e+03
1.072138e+03 1.058468e+03
1.046626e+03 1.034345e+03
1.026425e+03 1.018196e+03
1.010137e+03 1.003534e+03
9.954270e+02 9.897263e+02
9.824546e+02 9.776685e+02
9.652848e+02 9.566295e+02
9.426739e+02 9.331852e+02
9.177805e+02 9.094206e+02
8.998184e+02 8.950187e+02
8.676525e+02 8.456022e+02
8.123549e+02 7.920908e+02
7.773301e+02 7.688416e+02
7.601450e+02 7.567546e+02
7.530324e+02 7.517060e+02
7.494115e+02 7.485208e+02
7.474566e+02 7.469629e+02
7.460447e+02 7.456591e+02
7.444974e+02 7.439058e+02
7.426673e+02 7.422253e+02
7.412253e+02 7.408664e+02
7.397852e+02 7.394326e+02
7.384931e+02 7.381546e+02
7.370666e+02 7.366889e+02
7.359610e+02 7.356998e+02
7.348556e+02 7.345575e+02
7.328663e+02 7.323801e+02
7.304799e+02 7.300350e+02
7.280484e+02 7.276293e+02
7.260869e+02 7.258226e+02
7.249380e+02 7.247692e+02
7.239485e+02 7.238306e+02
7.228307e+02 7.226496e+02
7.214112e+02 7.212766e+02
7.201397e+02 7.199611e+02
7.192118e+02 7.190817e+02
7.183414e+02 7.182367e+02
7.176821e+02 7.176356e+02
7.171743e+02 7.171474e+02
7.166255e+02 7.165319e+02
7.156840e+02 7.156324e+02
7.152170e+02 7.152003e+02
7.149310e+02 7.149214e+02
7.147300e+02 7.147131e+02
7.135275e+02 7.135145e+02
7.129813e+02 7.129798e+02
2.000000e+02 2.000000e+02
2.068787e+10 6.636316e+09
1.020850e+10 3.982495e+09
4.166945e+09 1.293939e+09
1.932286e+09 6.623486e+08
7.294386e+08 2.450114e+08
2.846438e+08 9.318048e+07
1.242352e+08 3.653896e+07
5.499620e+07 1.913233e+07
2.514744e+07 7.678812e+06
1.161039e+07 4.077117e+06
5.495874e+06 2.031024e+06
2.655887e+06 1.066174e+06
1.320910e+06 5.639883e+05
6.240272e+05 2.711840e+05
3.517591e+05 1.728582e+05
2.004540e+05 1.051803e+05
1.331186e+05 8.357623e+04
9.067136e+04 6.487746e+04
6.627445e+04 4.736283e+04
5.012343e+04 3.574102e+04
3.492654e+04 2.499781e+04
2.581052e+04 1.927504e+04
1.858877e+04 1.410638e+04
1.239629e+04 9.209293e+03
9.372378e+03 7.672936e+03
7.543017e+03 6.500512e+03
6.176532e+03 5.480548e+03
5.296464e+03 4.565094e+03
4.533259e+03 4.050228e+03
3.834369e+03 3.461395e+03
3.423169e+03 3.187194e+03
3.156670e+03 2.998348e+03
2.968997e+03 2.859017e+03
2.768420e+03 2.683696e+03
2.624081e+03 2.526364e+03
2.477910e+03 2.396627e+03
2.321255e+03 2.225137e+03
2.146307e+03 2.077804e+03
1.988884e+03 1.925434e+03
1.884012e+03 1.848955e+03
1.827824e+03 1.803395e+03
1.792829e+03 1.776296e+03
1.756837e+03 1.740557e+03
1.719805e+03 1.703879e+03
1.678215e+03 1.661497e+03
1.639423e+03 1.626453e+03
1.600034e+03 1.583732e+03
1.571660e+03 1.564428e+03
1.554520e+03 1.547948e+03
1.540120e+03 1.534722e+03
1.526035e+03 1.521879e+03
1.513230e+03 1.505544e+03
1.497927e+03 1.489401e+03
1.477017e+03 1.466900e+03
1.445345e+03 1.427928e+03
1.402710e+03 1.374525e+03
1.342590e+03 1.310601e+03
1.266704e+03 1.225148e+03
1.161588e+03 1.124224e+03
1.087362e+03 1.060148e+03
1.031955e+03 1.010791e+03
9.847450e+02 9.721660e+02
9.482824e+02 9.380717e+02
9.210739e+02 9.116362e+02
8.978215e+02 8.907822e+02
8.675852e+02 8.548418e+02
8.367726e+02 8.293367e+02
8.190903e+02 8.148467e+02
8.097714e+02 8.074850e+02
8.049650e+02 8.035557e+02
8.024655e+02 8.018731e+02
8.013692e+02 8.010692e+02
8.007277e+02 8.005565e+02
8.002470e+02 8.001222e+02
7.999456e+02 7.998498e+02
7.996883e+02 7.996253e+02
7.994949e+02 7.994252e+02
7.992719e+02 7.992076e+02
7.990655e+02 7.990078e+02
7.988238e+02 7.987780e+02
7.985377e+02 7.984788e+02
7.983293e+02 7.983018e+02
7.982276e+02 7.982108e+02
7.981734e+02 7.981633e+02
7.981354e+02 7.981287e+02
7.981093e+02 7.981026e+02
7.980685e+02 7.980556e+02
7.979681e+02 7.979502e+02
7.978392e+02 7.978191e+02
7.976908e+02 7.976658e+02
7.975097e+02 7.974867e+02
7.974045e+02 7.973982e+02
7.973645e+02 7.973620e+02
7.973343e+02 7.973305e+02
7.972233e+02 7.972179e+02
7.971590e+02 7.971566e+02
7.971361e+02 7.971348e+02
7.970807e+02 7.970795e+02
7.970598e+02 7.970593e+02
7.954305e+02 7.954186e+02
2.000000e+02 2.000000e+02
2.096781e+10 7.259852e+09
1.022228e+10 3.079656e+09
3.937010e+09 1.603493e+09
1.768044e+09 6.113443e+08
6.927962e+08 2.207479e+08
2.887422e+08 1.101257e+08
1.280109e+08 3.613079e+07
5.897074e+07 2.008837e+07
2.693926e+07 1.103727e+07
1.239197e+07 3.616420e+06
5.729263e+06 2.162043e+06
2.796350e+06 8.603140e+05
1.424973e+06 4.200795e+05
6.747598e+05 3.060085e+05
3.687119e+05 1.591770e+05
2.108809e+05 1.111066e+05
1.407357e+05 8.419048e+04
9.396677e+04 6.274703e+04
6.679410e+04 4.825131e+04
4.950440e+04 3.593714e+04
3.294040e+04 2.363296e+04
2.384889e+04 1.816378e+04
1.670864e+04 1.226502e+04
1.085376e+04 7.471707e+03
7.890331e+03 5.976495e+03
6.059198e+03 5.000928e+03
4.663958e+03 3.919701e+03
3.850657e+03 3.385192e+03
3.255184e+03 2.950921e+03
2.886033e+03 2.670136e+03
2.660041e+03 2.505777e+03
2.435709e+03 2.286527e+03
2.221107e+03 2.115061e+03
2.032172e+03 1.949250e+03
1.888138e+03 1.808978e+03
1.796161e+03 1.743878e+03
1.710441e+03 1.671068e+03
1.629723e+03 1.589158e+03
1.558852e+03 1.523064e+03
1.498182e+03 1.467377e+03
1.436871e+03 1.407146e+03
1.363483e+03 1.334295e+03
1.288552e+03 1.254781e+03
1.229481e+03 1.207574e+03
1.179012e+03 1.158991e+03
1.136218e+03 1.122291e+03
1.101565e+03 1.089041e+03
1.071553e+03 1.058571e+03
1.041904e+03 1.031115e+03
1.017178e+03 1.010522e+03
1.000253e+03 9.939526e+02
9.865875e+02 9.805256e+02
9.697936e+02 9.593257e+02
9.300548e+02 9.040149e+02
8.829091e+02 8.617503e+02
8.543259e+02 8.440050e+02
8.356991e+02 8.300451e+02
8.267005e+02 8.235077e+02
8.216162e+02 8.198129e+02
8.180592e+02 8.169931e+02
8.161136e+02 8.153826e+02
8.141631e+02 8.135712e+02
8.122602e+02 8.113728e+02
8.097488e+02 8.087110e+02
8.053240e+02 8.028906e+02
7.949748e+02 7.889527e+02
7.724785e+02 7.630846e+02
7.508422e+02 7.443333e+02
7.398897e+02 7.379740e+02
7.344213e+02 7.333566e+02
7.318236e+02 7.311660e+02
7.302846e+02 7.299914e+02
7.295973e+02 7.293979e+02
7.290269e+02 7.288565e+02
7.286944e+02 7.285913e+02
7.284049e+02 7.283354e+02
7.282529e+02 7.282094e+02
7.281328e+02 7.280981e+02
7.279506e+02 7.278832e+02
7.276808e+02 7.276176e+02
7.275466e+02 7.275219e+02
7.274645e+02 7.274494e+02
7.273970e+02 7.273835e+02
7.273390e+02 7.273270e+02
7.272795e+02 7.272675e+02
7.272027e+02 7.271866e+02
7.270728e+02 7.270336e+02
7.264827e+02 7.264210e+02
7.259406e+02 7.258432e+02
7.249656e+02 7.248736e+02
7.240100e+02 7.239481e+02
7.230361e+02 7.229680e+02
7.226090e+02 7.225865e+02
7.224399e+02 7.224264e+02
7.222707e+02 7.222615e+02
7.220757e+02 7.220649e+02
7.204382e+02 7.203874e+02
7.196401e+02 7.196295e+02
7.193988e+02 7.193980e+02
7.193659e+02 7.193657e+02
2.000000e+02 2.000000e+02
2.055287e+10 7.191110e+09
1.008798e+10 4.352739e+09
4.165748e+09 1.619257e+09
1.934002e+09 6.483940e+08
7.547005e+08 2.969478e+08
3.146290e+08 1.220796e+08
1.403437e+08 4.639386e+07
6.340343e+07 2.333459e+07
2.893816e+07 1.077149e+07
1.322049e+07 4.997354e+06
6.190850e+06 2.633726e+06
2.973773e+06 1.090600e+06
1.470370e+06 5.822605e+05
6.956073e+05 2.319181e+05
3.820184e+05 1.775884e+05
2.037423e+05 1.021667e+05
1.286835e+05 7.301351e+04
8.421995e+04 5.224542e+04
5.904788e+04 4.149972e+04
4.405933e+04 3.065089e+04
3.122332e+04 2.155022e+04
2.260286e+04 1.618629e+04
1.703895e+04 1.301138e+04
1.150697e+04 8.529092e+03
8.344544e+03 6.377234e+03
6.442928e+03 5.067129e+03
4.942179e+03 3.926577e+03
4.014896e+03 3.470119e+03
3.367456e+03 3.011494e+03
3.013524e+03 2.807726e+03
2.797005e+03 2.636386e+03
2.559421e+03 2.427307e+03
2.364175e+03 2.254447e+03
2.192580e+03 2.103701e+03
2.045728e+03 1.968536e+03
1.903022e+03 1.824038e+03
1.774057e+03 1.714215e+03
1.676182e+03 1.637323e+03
1.590853e+03 1.552486e+03
1.488595e+03 1.436134e+03
1.363077e+03 1.305453e+03
1.257673e+03 1.220105e+03
1.174068e+03 1.138662e+03
1.105511e+03 1.083208e+03
1.062029e+03 1.048523e+03
1.034011e+03 1.024188e+03
1.018567e+03 1.011789e+03
1.005484e+03 1.000525e+03
9.967911e+02 9.918349e+02
9.857095e+02 9.822259e+02
9.775461e+02 9.739200e+02
9.675494e+02 9.623532e+02
9.561832e+02 9.504202e+02
9.412088e+02 9.343623e+02
9.226650e+02 9.127443e+02
9.023421e+02 8.946466e+02
8.846444e+02 8.772360e+02
8.679981e+02 8.613204e+02
8.537644e+02 8.480275e+02
8.328673e+02 8.248264e+02
8.152220e+02 8.081605e+02
8.031465e+02 7.994308e+02
7.945182e+02 7.917565e+02
7.896470e+02 7.877418e+02
7.862751e+02 7.849974e+02
7.844235e+02 7.836458e+02
7.828644e+02 7.822983e+02
7.814315e+02 7.809428e+02
7.802690e+02 7.797627e+02
7.790521e+02 7.787464e+02
7.780334e+02 7.775981e+02
7.767833e+02 7.762400e+02
7.753341e+02 7.749642e+02
7.740135e+02 7.735886e+02
7.730768e+02 7.728626e+02
7.726056e+02 7.724721e+02
7.723231e+02 7.722204e+02
7.721070e+02 7.720573e+02
7.719573e+02 7.719268e+02
7.718354e+02 7.718125e+02
7.716906e+02 7.716454e+02
7.714596e+02 7.713833e+02
7.709620e+02 7.708921e+02
7.707817e+02 7.707605e+02
7.706834e+02 7.706703e+02
7.706094e+02 7.706000e+02
7.705603e+02 7.705543e+02
7.705358e+02 7.705323e+02
7.705180e+02 7.705160e+02
7.705081e+02 7.705067e+02
7.704983e+02 7.704969e+02
7.704892e+02 7.704882e+02
7.704837e+02 7.704834e+02
7.704809e+02 7.704807e+02
7.704799e+02 7.704798e+02
7.704754e+02 7.704748e+02
7.704719e+02 7.704719e+02
7.704709e+02 7.704709e+02
7.704703e+02 7.704702e+02
7.704680e+02 7.704680e+02
2.000000e+02 2.000000e+02
2.069806e+10 7.206572e+09
1.034529e+10 3.913429e+09
4.196822e+09 1.858113e+09
1.980059e+09 7.115087e+08
7.629045e+08 2.681482e+08
3.210445e+08 1.235525e+08
1.390645e+08 5.204934e+07
6.287301e+07 2.587026e+07
2.853389e+07 8.550971e+06
1.283868e+07 4.459266e+06
5.930739e+06 2.145274e+06
2.845549e+06 9.562042e+05
1.380996e+06 5.124611e+05
6.334187e+05 2.923023e+05
3.467993e+05 1.679490e+05
1.887314e+05 9.325282e+04
1.186983e+05 6.420992e+04
7.701559e+04 5.219372e+04
5.439490e+04 3.975203e+04
4.152906e+04 3.026397e+04
3.132616e+04 2.456259e+04
2.425989e+04 1.959811e+04
1.814304e+04 1.411172e+04
1.207322e+04 9.729785e+03
9.519319e+03 7.835452e+03
7.629331e+03 6.452336e+03
5.743554e+03 4.694354e+03
4.652004e+03 3.865101e+03
3.889468e+03 3.423055e+03
3.404256e+03 3.075625e+03
3.059214e+03 2.810821e+03
2.706717e+03 2.569001e+03
2.504124e+03 2.396469e+03
2.357988e+03 2.298114e+03
2.277235e+03 2.233694e+03
2.207445e+03 2.162769e+03
2.129307e+03 2.094360e+03
2.062456e+03 2.035859e+03
2.002045e+03 1.969221e+03
1.947606e+03 1.920075e+03
1.898930e+03 1.879934e+03
1.858733e+03 1.842131e+03
1.814930e+03 1.801236e+03
1.784098e+03 1.772273e+03
1.749982e+03 1.737420e+03
1.718473e+03 1.705597e+03
1.692248e+03 1.686176e+03
1.676614e+03 1.671760e+03
1.661979e+03 1.655259e+03
1.644316e+03 1.638878e+03
1.629941e+03 1.624773e+03
1.613587e+03 1.607094e+03
1.599490e+03 1.591458e+03
1.583271e+03 1.576142e+03
1.563261e+03 1.551632e+03
1.530348e+03 1.511746e+03
1.485010e+03 1.460369e+03
1.426960e+03 1.401769e+03
1.377579e+03 1.359823e+03
1.332083e+03 1.315493e+03
1.289585e+03 1.271168e+03
1.250202e+03 1.237027e+03
1.217274e+03 1.204149e+03
1.190888e+03 1.180541e+03
1.164780e+03 1.157043e+03
1.139521e+03 1.130980e+03
1.113382e+03 1.104647e+03
1.082790e+03 1.071500e+03
1.046228e+03 1.034859e+03
1.011595e+03 1.001721e+03
9.814486e+02 9.745446e+02
9.585648e+02 9.541777e+02
9.458959e+02 9.432897e+02
9.357391e+02 9.333365e+02
9.271732e+02 9.251037e+02
9.206390e+02 9.192626e+02
9.159863e+02 9.150115e+02
9.115462e+02 9.100027e+02
9.070940e+02 9.060226e+02
9.024998e+02 9.009822e+02
8.791761e+02 8.714632e+02
8.206850e+02 8.105153e+02
7.753441e+02 7.711151e+02
7.625623e+02 7.611185e+02
7.593680e+02 7.590482e+02
7.580366e+02 7.578609e+02
7.569251e+02 7.566981e+02
7.535206e+02 7.530363e+02
7.503714e+02 7.499472e+02
7.469975e+02 7.467006e+02
7.454594e+02 7.453292e+02
7.440289e+02 7.439440e+02
7.435447e+02 7.435190e+02
7.431806e+02 7.431543e+02
7.429000e+02 7.428734e+02
7.423698e+02 7.423276e+02
7.407193e+02 7.406743e+02
7.404156e+02 7.404078e+02
7.402049e+02 7.401993e+02
7.377568e+02 7.377490e+02
2.000000e+02 2.000000e+02
2.054929e+10 5.873423e+09
1.020756e+10 3.961572e+09
4.110554e+09 1.634784e+09
1.914772e+09 6.039053e+08
7.777293e+08 2.550778e+08
3.273091e+08 1.238438e+08
1.438979e+08 5.403787e+07
6.460381e+07 2.554804e+07
2.990211e+07 1.155965e+07
1.388114e+07 5.505975e+06
6.497746e+06 2.542236e+06
3.145812e+06 1.085445e+06
1.582002e+06 5.791960e+05
7.303583e+05 3.073830e+05
3.987890e+05 1.804402e+05
2.146337e+05 1.059534e+05
1.376316e+05 8.248303e+04
9.127396e+04 5.509083e+04
6.551202e+04 4.722962e+04
5.071281e+04 3.728445e+04
3.545426e+04 2.653095e+04
2.376737e+04 1.683114e+04
1.662287e+04 1.263235e+04
1.149203e+04 8.881103e+03
8.805202e+03 7.160511e+03
6.598724e+03 4.944276e+03
4.801843e+03 4.013704e+03
4.070442e+03 3.643874e+03
3.559672e+03 3.278193e+03
3.180096e+03 2.948595e+03
2.937721e+03 2.806863e+03
2.754595e+03 2.651659e+03
2.572657e+03 2.467129e+03
2.406235e+03 2.335885e+03
2.281661e+03 2.217415e+03
2.170667e+03 2.118126e+03
2.076076e+03 2.032386e+03
1.977470e+03 1.933500e+03
1.856273e+03 1.803900e+03
1.727285e+03 1.666525e+03
1.628523e+03 1.589781e+03
1.549679e+03 1.514860e+03
1.494059e+03 1.476296e+03
1.463814e+03 1.447391e+03
1.429623e+03 1.415449e+03
1.397934e+03 1.386265e+03
1.364806e+03 1.349610e+03
1.332794e+03 1.322399e+03
1.305898e+03 1.293889e+03
1.270754e+03 1.259922e+03
1.237167e+03 1.226962e+03
1.205004e+03 1.186899e+03
1.172567e+03 1.155901e+03
1.128350e+03 1.104833e+03
1.090210e+03 1.075024e+03
1.063585e+03 1.054278e+03
1.043229e+03 1.037490e+03
1.032308e+03 1.027880e+03
1.024488e+03 1.021448e+03
1.017296e+03 1.014193e+03
9.988806e+02 9.848817e+02
9.716010e+02 9.593613e+02
9.500705e+02 9.427055e+02
9.362639e+02 9.321944e+02
9.269258e+02 9.241262e+02
9.205419e+02 9.182998e+02
9.155337e+02 9.142246e+02
9.118076e+02 9.103890e+02
9.080849e+02 9.070656e+02
9.041529e+02 9.030191e+02
9.010379e+02 9.002697e+02
8.980040e+02 8.968746e+02
8.938100e+02 8.924712e+02
8.896857e+02 8.887421e+02
8.868410e+02 8.859893e+02
8.824054e+02 8.810892e+02
8.740204e+02 8.711435e+02
8.592347e+02 8.555590e+02
8.431664e+02 8.394356e+02
8.265646e+02 8.230275e+02
8.159746e+02 8.140930e+02
8.103867e+02 8.096775e+02
8.060207e+02 8.051237e+02
8.021185e+02 8.015959e+02
7.995229e+02 7.991945e+02
7.982627e+02 7.981154e+02
7.975535e+02 7.974564e+02
7.965383e+02 7.963023e+02
7.884904e+02 7.825405e+02
7.297664e+02 7.267739e+02
7.178168e+02 7.171935e+02
7.140731e+02 7.138601e+02
7.123788e+02 7.123218e+02
7.117825e+02 7.117473e+02
7.114741e+02 7.114577e+02
7.113614e+02 7.113573e+02
7.112979e+02 7.112958e+02
7.112060e+02 7.112043e+02
7.111549e+02 7.111537e+02
7.110972e+02 7.110810e+02
2.000000e+02 2.000000e+02
2.085747e+10 5.953976e+09
1.004248e+10 3.771631e+09
4.079122e+09 1.059086e+09
1.903909e+09 6.558390e+08
7.208894e+08 2.669317e+08
2.971240e+08 9.306714e+07
1.311461e+08 4.606859e+07
5.810119e+07 2.303184e+07
2.555944e+07 9.924700e+06
1.160424e+07 4.554366e+06
5.488303e+06 2.286269e+06
2.686232e+06 9.928099e+05
1.352240e+06 5.175955e+05
6.445544e+05 2.634739e+05
3.638311e+05 1.579636e+05
2.051353e+05 9.784638e+04
1.363999e+05 7.673746e+04
8.999261e+04 5.485990e+04
6.432957e+04 4.591275e+04
4.964994e+04 3.883493e+04
3.669082e+04 2.831776e+04
2.745066e+04 2.100865e+04
2.123174e+04 1.763450e+04
1.640048e+04 1.366083e+04
1.273743e+04 1.072440e+04
1.004109e+04 8.542113e+03
7.976302e+03 6.745709e+03
6.654945e+03 5.738408e+03
5.264188e+03 4.562806e+03
4.346489e+03 3.946897e+03
3.889540e+03 3.615459e+03
3.497567e+03 3.296462e+03
3.166338e+03 3.006501e+03
2.867208e+03 2.751774e+03
2.674962e+03 2.567898e+03
2.490597e+03 2.405052e+03
2.343356e+03 2.275439e+03
2.223740e+03 2.165719e+03
2.079866e+03 2.011861e+03
1.926013e+03 1.868283e+03
1.796905e+03 1.751453e+03
1.696076e+03 1.644485e+03
1.610380e+03 1.580395e+03
1.554975e+03 1.535898e+03
1.510373e+03 1.490777e+03
1.452190e+03 1.425630e+03
1.387427e+03 1.366560e+03
1.336834e+03 1.321229e+03
1.301165e+03 1.290088e+03
1.265304e+03 1.253978e+03
1.236579e+03 1.226986e+03
1.208551e+03 1.194985e+03
1.178351e+03 1.160906e+03
1.141752e+03 1.122756e+03
1.082935e+03 1.044715e+03
1.012852e+03 9.783849e+02
9.448962e+02 9.204196e+02
8.981450e+02 8.790230e+02
8.696594e+02 8.610522e+02
8.505830e+02 8.451769e+02
8.391393e+02 8.345107e+02
8.253105e+02 8.195023e+02
8.117032e+02 8.065013e+02
8.013575e+02 7.982006e+02
7.953566e+02 7.936651e+02
7.917775e+02 7.904287e+02
7.881019e+02 7.865150e+02
7.842450e+02 7.829767e+02
7.810463e+02 7.799696e+02
7.787023e+02 7.779298e+02
7.760233e+02 7.751453e+02
7.732133e+02 7.724803e+02
7.713130e+02 7.708090e+02
7.702010e+02 7.699332e+02
7.696594e+02 7.694864e+02
7.692293e+02 7.691143e+02
7.688986e+02 7.688144e+02
7.686306e+02 7.685625e+02
7.683534e+02 7.682723e+02
7.680519e+02 7.679805e+02
7.675724e+02 7.674461e+02
7.670419e+02 7.669531e+02
7.667604e+02 7.667176e+02
7.663894e+02 7.663364e+02
7.661271e+02 7.660891e+02
7.658539e+02 7.658133e+02
7.653525e+02 7.652781e+02
7.649765e+02 7.649442e+02
7.647760e+02 7.647491e+02
7.645633e+02 7.645307e+02
7.644098e+02 7.643997e+02
7.643423e+02 7.643359e+02
7.642939e+02 7.642892e+02
7.642625e+02 7.642603e+02
7.641540e+02 7.641441e+02
7.638002e+02 7.637738e+02
7.633651e+02 7.633519e+02
7.631778e+02 7.631725e+02
7.630359e+02 7.630328e+02
7.629250e+02 7.629240e+02
2.000000e+02 2.000000e+02
2.076739e+10 6.652185e+09
1.002655e+10 3.848305e+09
3.877717e+09 1.512929e+09
1.713518e+09 4.547382e+08
6.338140e+08 2.530162e+08
2.590012e+08 1.084773e+08
1.154459e+08 4.703979e+07
5.283032e+07 1.912060e+07
2.345371e+07 7.605247e+06
1.077763e+07 4.712159e+06
5.121073e+06 1.741833e+06
2.465213e+06 8.880428e+05
1.206550e+06 5.002491e+05
5.906516e+05 2.021874e+05
3.343731e+05 1.592334e+05
1.941333e+05 1.054992e+05
1.338434e+05 8.158138e+04
9.201045e+04 6.149834e+04
6.210921e+04 4.155637e+04
4.329663e+04 3.189394e+04
2.971352e+04 2.270358e+04
2.235919e+04 1.744789e+04
1.660165e+04 1.279710e+04
1.123283e+04 8.620384e+03
8.176946e+03 6.295736e+03
6.327804e+03 5.186258e+03
4.937424e+03 4.173399e+03
4.092528e+03 3.537220e+03
3.497667e+03 3.137086e+03
3.156391e+03 2.986370e+03
2.942293e+03 2.809252e+03
2.771352e+03 2.674369e+03
2.631441e+03 2.552559e+03
2.482787e+03 2.416210e+03
2.371580e+03 2.309857e+03
2.251692e+03 2.187830e+03
2.082973e+03 1.998181e+03
1.918208e+03 1.846262e+03
1.790000e+03 1.740845e+03
1.699759e+03 1.660983e+03
1.633580e+03 1.599201e+03
1.565571e+03 1.538311e+03
1.497442e+03 1.472458e+03
1.435044e+03 1.406386e+03
1.378548e+03 1.360023e+03
1.339478e+03 1.324157e+03
1.309009e+03 1.293567e+03
1.277213e+03 1.262501e+03
1.248929e+03 1.238025e+03
1.212813e+03 1.203707e+03
1.180655e+03 1.167192e+03
1.149800e+03 1.134755e+03
1.119662e+03 1.099321e+03
1.076137e+03 1.052035e+03
1.032937e+03 1.014531e+03
1.001154e+03 9.862376e+02
9.754020e+02 9.685661e+02
9.603109e+02 9.539570e+02
9.464310e+02 9.412933e+02
9.336009e+02 9.297346e+02
9.230545e+02 9.177192e+02
8.942748e+02 8.721746e+02
8.275990e+02 7.993118e+02
7.763446e+02 7.595926e+02
7.478165e+02 7.410479e+02
7.308902e+02 7.266182e+02
7.213339e+02 7.189911e+02
7.167301e+02 7.158308e+02
7.141036e+02 7.133280e+02
7.127344e+02 7.124185e+02
7.117763e+02 7.115482e+02
7.112529e+02 7.111135e+02
7.108335e+02 7.107058e+02
7.105078e+02 7.103622e+02
7.101980e+02 7.101032e+02
7.099833e+02 7.099104e+02
7.097890e+02 7.097317e+02
7.094966e+02 7.093931e+02
7.089440e+02 7.085967e+02
7.081716e+02 7.080439e+02
7.077626e+02 7.076904e+02
7.075038e+02 7.074439e+02
7.070375e+02 7.069582e+02
7.066293e+02 7.065574e+02
7.063587e+02 7.063057e+02
7.062082e+02 7.061960e+02
7.061454e+02 7.061355e+02
7.060864e+02 7.060780e+02
7.060509e+02 7.060450e+02
7.059414e+02 7.059154e+02
7.058045e+02 7.057949e+02
7.057273e+02 7.057218e+02
7.056929e+02 7.056903e+02
7.056658e+02 7.056641e+02
7.056515e+02 7.056509e+02
7.056447e+02 7.056443e+02
7.056359e+02 7.056355e+02
7.056205e+02 7.056199e+02
7.055658e+02 7.055648e+02
7.055386e+02 7.055385e+02
2.000000e+02 2.000000e+02
2.045216e+10 7.131256e+09
1.031414e+10 3.825571e+09
4.085391e+09 1.204770e+09
1.838853e+09 5.621965e+08
6.941940e+08 2.452585e+08
2.943568e+08 1.098951e+08
1.311257e+08 4.614246e+07
5.916293e+07 2.273336e+07
2.744027e+07 9.786079e+06
1.291855e+07 4.499505e+06
6.114775e+06 2.268684e+06
2.925200e+06 9.727870e+05
1.465849e+06 6.553185e+05
6.996220e+05 2.804666e+05
3.897802e+05 1.840821e+05
2.137463e+05 1.085726e+05
1.369511e+05 8.626045e+04
9.138208e+04 6.321666e+04
6.371485e+04 4.511477e+04
4.580970e+04 3.248443e+04
3.056446e+04 2.142798e+04
2.182235e+04 1.692333e+04
1.552601e+04 1.170971e+04
1.142024e+04 9.440234e+03
9.046656e+03 7.430107e+03
7.045743e+03 5.757587e+03
5.123034e+03 4.179247e+03
4.005669e+03 3.402429e+03
3.238171e+03 2.838869e+03
2.835840e+03 2.627337e+03
2.630286e+03 2.480232e+03
2.459929e+03 2.356827e+03
2.318803e+03 2.240525e+03
2.136548e+03 2.036939e+03
1.940975e+03 1.840083e+03
1.774743e+03 1.682778e+03
1.601166e+03 1.531852e+03
1.468078e+03 1.396370e+03
1.354158e+03 1.299009e+03
1.286082e+03 1.247659e+03
1.227843e+03 1.194776e+03
1.152148e+03 1.111743e+03
1.060842e+03 1.017989e+03
9.877437e+02 9.546368e+02
9.205243e+02 8.973681e+02
8.727053e+02 8.552204e+02
8.401647e+02 8.281588e+02
8.106401e+02 8.023549e+02
7.915063e+02 7.849774e+02
7.751585e+02 7.703101e+02
7.634309e+02 7.603726e+02
7.575661e+02 7.548372e+02
7.514643e+02 7.484371e+02
7.467279e+02 7.446054e+02
7.420857e+02 7.404412e+02
7.387019e+02 7.370401e+02
7.356744e+02 7.344268e+02
7.333465e+02 7.320147e+02
7.305067e+02 7.291104e+02
7.279862e+02 7.267936e+02
7.255240e+02 7.242226e+02
7.236360e+02 7.229644e+02
7.222936e+02 7.217593e+02
7.213851e+02 7.210906e+02
7.207262e+02 7.204836e+02
7.203246e+02 7.201413e+02
7.199341e+02 7.197803e+02
7.195641e+02 7.194061e+02
7.192181e+02 7.190986e+02
7.189297e+02 7.188191e+02
7.186757e+02 7.185612e+02
7.183591e+02 7.182285e+02
7.178948e+02 7.177121e+02
7.167162e+02 7.163580e+02
7.159737e+02 7.158105e+02
7.154981e+02 7.154156e+02
7.152866e+02 7.152295e+02
7.151522e+02 7.151163e+02
7.150830e+02 7.150657e+02
7.150360e+02 7.150229e+02
7.149822e+02 7.149619e+02
7.149252e+02 7.149135e+02
7.148830e+02 7.148738e+02
7.148317e+02 7.148226e+02
7.147906e+02 7.147821e+02
7.147377e+02 7.147272e+02
7.146929e+02 7.146854e+02
7.146539e+02 7.146470e+02
7.146116e+02 7.146069e+02
7.145729e+02 7.145688e+02
7.145368e+02 7.145303e+02
7.144857e+02 7.144830e+02
7.144664e+02 7.144647e+02
7.144583e+02 7.144578e+02
7.144542e+02 7.144537e+02
7.144506e+02 7.144505e+02
7.144489e+02 7.144488e+02
7.144472e+02 7.144471e+02
7.144460e+02 7.144460e+02
7.144318e+02 7.144316e+02
2.000000e+02 2.000000e+02
