1.845433e+01 1.305333e+01
1.300905e+01 9.726430e+00
9.143481e+00 6.917956e+00
7.005411e+00 5.329699e+00
5.326386e+00 4.351856e+00
4.166900e+00 3.221455e+00
3.016743e+00 1.158382e+00
1.925850e+00 9.348364e-01
1.656386e+00 7.191951e-01
1.527867e+00 7.191951e-01
1.445338e+00 7.191951e-01
1.389809e+00 7.191951e-01
1.350436e+00 7.191951e-01
1.307061e+00 6.717196e-01
1.270938e+00 6.482182e-01
1.241787e+00 6.482182e-01
1.218310e+00 6.482182e-01
1.193042e+00 6.482182e-01
1.170154e+00 6.482182e-01
1.152457e+00 6.482182e-01
1.134238e+00 6.482182e-01
1.120367e+00 6.119291e-01
1.109920e+00 6.119291e-01
1.094452e+00 6.119291e-01
1.081236e+00 6.119291e-01
1.068653e+00 6.119291e-01
1.054590e+00 6.115314e-01
1.043515e+00 6.115314e-01
1.029995e+00 5.848181e-01
1.019564e+00 5.848181e-01
1.011386e+00 5.848181e-01
1.002674e+00 5.848181e-01
9.944725e-01 5.848181e-01
9.850013e-01 5.848181e-01
9.768634e-01 5.848181e-01
9.703461e-01 5.848181e-01
9.626390e-01 5.848181e-01
9.535861e-01 4.722642e-01
9.453525e-01 4.722642e-01
9.382352e-01 4.722642e-01
9.326449e-01 4.722642e-01
9.269292e-01 4.722642e-01
9.203322e-01 4.722642e-01
9.148278e-01 4.722642e-01
9.086333e-01 4.722642e-01
9.009275e-01 4.722642e-01
8.955547e-01 4.722642e-01
8.893713e-01 4.722642e-01
8.832954e-01 4.722642e-01
8.769051e-01 4.722642e-01
8.705786e-01 4.722642e-01
8.657186e-01 4.722642e-01
8.604819e-01 4.722642e-01
8.554817e-01 4.722642e-01
8.488106e-01 4.722642e-01
8.431260e-01 4.722642e-01
8.355022e-01 4.722642e-01
8.281981e-01 4.722642e-01
8.212653e-01 4.722642e-01
8.125224e-01 4.722642e-01
7.970373e-01 4.722642e-01
7.686553e-01 4.722642e-01
7.446953e-01 4.722642e-01
7.276885e-01 4.722642e-01
7.102854e-01 4.722642e-01
6.977352e-01 4.722642e-01
6.873644e-01 4.508010e-01
6.743519e-01 4.508010e-01
6.617314e-01 4.274891e-01
6.486114e-01 4.060533e-01
6.326705e-01 4.060533e-01
6.209445e-01 4.060533e-01
6.064696e-01 4.060533e-01
5.935591e-01 4.060533e-01
5.812932e-01 3.444944e-01
5.716110e-01 3.444944e-01
5.617336e-01 3.444944e-01
5.497455e-01 3.444944e-01
5.397573e-01 3.444944e-01
5.317562e-01 3.444944e-01
5.252838e-01 3.444944e-01
5.171332e-01 3.444944e-01
5.090830e-01 3.444944e-01
5.002996e-01 3.444944e-01
4.936010e-01 3.444944e-01
4.862134e-01 3.444944e-01
4.792881e-01 3.444944e-01
4.726116e-01 3.444944e-01
4.657138e-01 3.444944e-01
4.588452e-01 3.444944e-01
4.522874e-01 3.444944e-01
4.450048e-01 3.444944e-01
4.384084e-01 3.444944e-01
4.317934e-01 3.444944e-01
4.228054e-01 3.444944e-01
4.149328e-01 3.444944e-01
4.067453e-01 3.444944e-01
3.985692e-01 3.444944e-01
3.854107e-01 3.290393e-01
3.696123e-01 3.147517e-01
3.252126e-01 3.147517e-01
1.850332e+01 1.265361e+01
1.290793e+01 9.477594e+00
9.103608e+00 6.917171e+00
6.947906e+00 5.280892e+00
5.265333e+00 4.164591e+00
4.094022e+00 3.087471e+00
2.926343e+00 1.242331e+00
1.930615e+00 8.425554e-01
1.685840e+00 8.425554e-01
1.561078e+00 8.306684e-01
1.483005e+00 7.962540e-01
1.429363e+00 7.962540e-01
1.383157e+00 7.400196e-01
1.346515e+00 6.778744e-01
1.320247e+00 6.778744e-01
1.285671e+00 6.778744e-01
1.264652e+00 6.778744e-01
1.239466e+00 6.778744e-01
1.220541e+00 6.778744e-01
1.203324e+00 6.778744e-01
1.185517e+00 6.732407e-01
1.169511e+00 6.131214e-01
1.152523e+00 6.131214e-01
1.136373e+00 6.131214e-01
1.122470e+00 6.131214e-01
1.110026e+00 6.131214e-01
1.094952e+00 6.131214e-01
1.083523e+00 6.131214e-01
1.072056e+00 6.131214e-01
1.059902e+00 6.131214e-01
1.050782e+00 6.131214e-01
1.042396e+00 5.345284e-01
1.035183e+00 5.345284e-01
1.027653e+00 5.345284e-01
1.017419e+00 5.345284e-01
1.010335e+00 5.345284e-01
1.002524e+00 5.345284e-01
9.954895e-01 5.345284e-01
9.886817e-01 5.345284e-01
9.812532e-01 5.345284e-01
9.748759e-01 5.345284e-01
9.670944e-01 5.345284e-01
9.589463e-01 5.345284e-01
9.529596e-01 5.345284e-01
9.470000e-01 5.345284e-01
9.407982e-01 5.345284e-01
9.342532e-01 5.345284e-01
9.257693e-01 5.345284e-01
9.203360e-01 5.345284e-01
9.138366e-01 5.345284e-01
9.080587e-01 5.345284e-01
9.023065e-01 5.345284e-01
8.972155e-01 5.345284e-01
8.910288e-01 5.323357e-01
8.843937e-01 5.323357e-01
8.785406e-01 5.323357e-01
8.725735e-01 5.323357e-01
8.670630e-01 5.323357e-01
8.600746e-01 5.323357e-01
8.524959e-01 5.323357e-01
8.460451e-01 4.859661e-01
8.371800e-01 4.859661e-01
8.262207e-01 4.859661e-01
8.068286e-01 4.859661e-01
7.811588e-01 4.859661e-01
7.590927e-01 4.859661e-01
7.386925e-01 4.859661e-01
7.221857e-01 4.859661e-01
7.062965e-01 4.417707e-01
6.914241e-01 4.417707e-01
6.807515e-01 4.417707e-01
6.697273e-01 4.417707e-01
6.568414e-01 4.417707e-01
6.398901e-01 4.353411e-01
6.261880e-01 4.190307e-01
6.133500e-01 4.001201e-01
6.024422e-01 4.001201e-01
5.912974e-01 3.987269e-01
5.770780e-01 3.987269e-01
5.669006e-01 3.716195e-01
5.580682e-01 3.716195e-01
5.484417e-01 3.716195e-01
5.394448e-01 3.716195e-01
5.312778e-01 3.716195e-01
5.214676e-01 3.716195e-01
5.124940e-01 3.716195e-01
5.057276e-01 3.716195e-01
4.968962e-01 3.716195e-01
4.893371e-01 3.507975e-01
4.805965e-01 3.507975e-01
4.734294e-01 3.507975e-01
4.663806e-01 3.507975e-01
4.590980e-01 3.507975e-01
4.517203e-01 3.507975e-01
4.434238e-01 3.507975e-01
4.341023e-01 3.507975e-01
4.247983e-01 3.507975e-01
4.126327e-01 3.507975e-01
3.966159e-01 3.507975e-01
3.827670e-01 3.507975e-01
3.492753e-01 3.274892e-01
1.848410e+01 1.347973e+01
1.292503e+01 9.515591e+00
9.058087e+00 6.681081e+00
6.931006e+00 5.570116e+00
5.286248e+00 4.115783e+00
4.113151e+00 2.669698e+00
2.934676e+00 1.013665e+00
1.915916e+00 8.078503e-01
1.662648e+00 7.961623e-01
1.550805e+00 7.961623e-01
1.473858e+00 7.288317e-01
1.415123e+00 7.288317e-01
1.368101e+00 7.288317e-01
1.325484e+00 7.288317e-01
1.295194e+00 6.597176e-01
1.265258e+00 6.597176e-01
1.243123e+00 6.597176e-01
1.220516e+00 6.597176e-01
1.201889e+00 6.597176e-01
1.186914e+00 6.597176e-01
1.169490e+00 6.597176e-01
1.153038e+00 6.597176e-01
1.137895e+00 6.225236e-01
1.121876e+00 6.225236e-01
1.109406e+00 6.225236e-01
1.097990e+00 6.101859e-01
1.085688e+00 6.101859e-01
1.072075e+00 6.101859e-01
1.059517e+00 6.101859e-01
1.049457e+00 6.101859e-01
1.040773e+00 6.101859e-01
1.031165e+00 6.101859e-01
1.021850e+00 6.101859e-01
1.013593e+00 6.101859e-01
1.006688e+00 6.101859e-01
9.976148e-01 6.101859e-01
9.906092e-01 6.101859e-01
9.816976e-01 6.101859e-01
9.740180e-01 6.101859e-01
9.658588e-01 6.076418e-01
9.577056e-01 6.076418e-01
9.500198e-01 5.261543e-01
9.420766e-01 5.261543e-01
9.341580e-01 5.261543e-01
9.262828e-01 4.562463e-01
9.197977e-01 4.562463e-01
9.125873e-01 4.562463e-01
9.053635e-01 4.562463e-01
8.987803e-01 4.562463e-01
8.911897e-01 4.562463e-01
8.836168e-01 4.562463e-01
8.712691e-01 4.562463e-01
8.485163e-01 4.562463e-01
8.233792e-01 4.562463e-01
8.001239e-01 3.986355e-01
7.802590e-01 3.986355e-01
7.633072e-01 3.986355e-01
7.504232e-01 3.986355e-01
7.384161e-01 3.986355e-01
7.263069e-01 3.986355e-01
7.151891e-01 3.986355e-01
7.052952e-01 3.986355e-01
6.943713e-01 3.986355e-01
6.879716e-01 3.986355e-01
6.784302e-01 3.986355e-01
6.707705e-01 3.986355e-01
6.627932e-01 3.986355e-01
6.544306e-01 3.986355e-01
6.454390e-01 3.986355e-01
6.361201e-01 3.986355e-01
6.279362e-01 3.986355e-01
6.194403e-01 3.986355e-01
6.106127e-01 3.986355e-01
6.003974e-01 3.981371e-01
5.909267e-01 3.964024e-01
5.806476e-01 3.964024e-01
5.733239e-01 3.958384e-01
5.644422e-01 3.958384e-01
5.542009e-01 3.771662e-01
5.468792e-01 3.771662e-01
5.386620e-01 3.771662e-01
5.310831e-01 3.697310e-01
5.244114e-01 3.478962e-01
5.167268e-01 3.478962e-01
5.099204e-01 3.478962e-01
5.037467e-01 3.478962e-01
4.969702e-01 3.478962e-01
4.909857e-01 3.478962e-01
4.841990e-01 3.478962e-01
4.768729e-01 3.478962e-01
4.702994e-01 3.478962e-01
4.630445e-01 3.478962e-01
4.560302e-01 3.448658e-01
4.470626e-01 3.448658e-01
4.395890e-01 3.448658e-01
4.311426e-01 3.448658e-01
4.223196e-01 3.448658e-01
4.114187e-01 3.448658e-01
4.004221e-01 3.448658e-01
3.808918e-01 3.448658e-01
3.499065e-01 3.448658e-01
1.841526e+01 1.331335e+01
1.284776e+01 9.217509e+00
9.002495e+00 6.594663e+00
6.918503e+00 5.389465e+00
5.274750e+00 4.276264e+00
4.150942e+00 2.895747e+00
2.993006e+00 1.133327e+00
1.916258e+00 8.917423e-01
1.652293e+00 7.228308e-01
1.525122e+00 6.047303e-01
1.453787e+00 6.047303e-01
1.398402e+00 6.047303e-01
1.354617e+00 6.047303e-01
1.308185e+00 6.047303e-01
1.277572e+00 6.047303e-01
1.250283e+00 6.047303e-01
1.229531e+00 6.047303e-01
1.208949e+00 6.047303e-01
1.188605e+00 6.047303e-01
1.172143e+00 6.047303e-01
1.155454e+00 6.047303e-01
1.139605e+00 6.047303e-01
1.125373e+00 5.710936e-01
1.108106e+00 5.710936e-01
1.096443e+00 5.710936e-01
1.087263e+00 5.710936e-01
1.075372e+00 5.710936e-01
1.066938e+00 5.710936e-01
1.054896e+00 5.710936e-01
1.045741e+00 5.710936e-01
1.036360e+00 5.710936e-01
1.026612e+00 5.710936e-01
1.016144e+00 5.710936e-01
1.006120e+00 5.710936e-01
9.976752e-01 5.710936e-01
9.888252e-01 5.710936e-01
9.799656e-01 5.710936e-01
9.720388e-01 5.710936e-01
9.652528e-01 5.710936e-01
9.560633e-01 5.406735e-01
9.489304e-01 5.406735e-01
9.423575e-01 5.406735e-01
9.353264e-01 5.406735e-01
9.291180e-01 5.406735e-01
9.223252e-01 5.406735e-01
9.149543e-01 5.406735e-01
9.096483e-01 5.406735e-01
9.031920e-01 5.406735e-01
8.968799e-01 5.406735e-01
8.898745e-01 5.406735e-01
8.816294e-01 5.327996e-01
8.707870e-01 5.327996e-01
8.630427e-01 5.327996e-01
8.549181e-01 5.327996e-01
8.324658e-01 5.209874e-01
8.123455e-01 5.209874e-01
7.927424e-01 5.019542e-01
7.704390e-01 4.489498e-01
7.525567e-01 4.489498e-01
7.352098e-01 4.489498e-01
7.223766e-01 4.489498e-01
7.109014e-01 4.388195e-01
6.978328e-01 4.388195e-01
6.853572e-01 4.388195e-01
6.744392e-01 4.388195e-01
6.658505e-01 4.388195e-01
6.577761e-01 4.388195e-01
6.469531e-01 4.388195e-01
6.364020e-01 4.388195e-01
6.271682e-01 4.388195e-01
6.190324e-01 4.388195e-01
6.096286e-01 4.314354e-01
6.025634e-01 4.314354e-01
5.938175e-01 4.314354e-01
5.832789e-01 3.950617e-01
5.758408e-01 3.950617e-01
5.656573e-01 3.950617e-01
5.581565e-01 3.950617e-01
5.493320e-01 3.805028e-01
5.407458e-01 3.805028e-01
5.331086e-01 3.805028e-01
5.254990e-01 3.805028e-01
5.188277e-01 3.805028e-01
5.111188e-01 3.659791e-01
5.054018e-01 3.659791e-01
4.997339e-01 3.659791e-01
4.937053e-01 3.659791e-01
4.876139e-01 3.659791e-01
4.820912e-01 3.659791e-01
4.760866e-01 3.659791e-01
4.708208e-01 3.659791e-01
4.638680e-01 3.659791e-01
4.564167e-01 3.659791e-01
4.502283e-01 3.659791e-01
4.433648e-01 3.659791e-01
4.357198e-01 3.629397e-01
4.275783e-01 3.629397e-01
4.183639e-01 3.520988e-01
4.044970e-01 3.520988e-01
3.841170e-01 3.493871e-01
3.504599e-01 3.452344e-01
1.838212e+01 1.298694e+01
1.285600e+01 8.648342e+00
9.060558e+00 7.062358e+00
6.986812e+00 5.441331e+00
5.266596e+00 4.104844e+00
4.109058e+00 2.271622e+00
2.980834e+00 1.052543e+00
1.926680e+00 8.947501e-01
1.674242e+00 6.858868e-01
1.545244e+00 6.858868e-01
1.464893e+00 6.858868e-01
1.408325e+00 6.858868e-01
1.365971e+00 6.858868e-01
1.322786e+00 6.858868e-01
1.294033e+00 6.858868e-01
1.263263e+00 6.612476e-01
1.241083e+00 6.554496e-01
1.218346e+00 6.554496e-01
1.195463e+00 6.554496e-01
1.179200e+00 5.653377e-01
1.162246e+00 5.653377e-01
1.146516e+00 5.653377e-01
1.130348e+00 5.653377e-01
1.115267e+00 5.653377e-01
1.102507e+00 5.653377e-01
1.093242e+00 5.653377e-01
1.081745e+00 5.653377e-01
1.072084e+00 5.653377e-01
1.059465e+00 5.253136e-01
1.048571e+00 5.253136e-01
1.041354e+00 5.253136e-01
1.033740e+00 5.253136e-01
1.025020e+00 5.253136e-01
1.014999e+00 5.253136e-01
1.006583e+00 5.253136e-01
1.000765e+00 5.253136e-01
9.932941e-01 5.253136e-01
9.842686e-01 5.253136e-01
9.754867e-01 5.253136e-01
9.693010e-01 5.253136e-01
9.631715e-01 5.253136e-01
9.571740e-01 5.253136e-01
9.512542e-01 5.253136e-01
9.437434e-01 5.253136e-01
9.372389e-01 5.253136e-01
9.313744e-01 5.253136e-01
9.241328e-01 5.253136e-01
9.157480e-01 5.253136e-01
9.084139e-01 5.253136e-01
9.035507e-01 5.253136e-01
8.982088e-01 5.253136e-01
8.906579e-01 5.253136e-01
8.849793e-01 5.253136e-01
8.792014e-01 5.253136e-01
8.663576e-01 5.253136e-01
8.536265e-01 5.253136e-01
8.421291e-01 5.253136e-01
8.210024e-01 5.253136e-01
7.955488e-01 5.203883e-01
7.702114e-01 5.142760e-01
7.524196e-01 4.902665e-01
7.380379e-01 4.902665e-01
7.231989e-01 4.734545e-01
7.106765e-01 4.734545e-01
6.968854e-01 4.734545e-01
6.847316e-01 4.734545e-01
6.743447e-01 4.284384e-01
6.638209e-01 4.275075e-01
6.538211e-01 4.275075e-01
6.428313e-01 4.275075e-01
6.327786e-01 4.275075e-01
6.226349e-01 4.148423e-01
6.119748e-01 4.148423e-01
6.031917e-01 3.909227e-01
5.945125e-01 3.698436e-01
5.842049e-01 3.698436e-01
5.754238e-01 3.698436e-01
5.657560e-01 3.698436e-01
5.554557e-01 3.698436e-01
5.483535e-01 3.698436e-01
5.417136e-01 3.698436e-01
5.330608e-01 3.698436e-01
5.268450e-01 3.698436e-01
5.192563e-01 3.677722e-01
5.120433e-01 3.677722e-01
5.055866e-01 3.677722e-01
4.995994e-01 3.589891e-01
4.935110e-01 3.589891e-01
4.869192e-01 3.304847e-01
4.809248e-01 3.304847e-01
4.749419e-01 3.304847e-01
4.687143e-01 3.304847e-01
4.626858e-01 3.304847e-01
4.566807e-01 3.304847e-01
4.502542e-01 3.304847e-01
4.425966e-01 3.304847e-01
4.322740e-01 3.304847e-01
4.214245e-01 3.304847e-01
4.083859e-01 3.304847e-01
3.904214e-01 3.304847e-01
3.432657e-01 3.052202e-01
1.849292e+01 1.348854e+01
1.302456e+01 9.346597e+00
9.117274e+00 6.972351e+00
7.012304e+00 5.282957e+00
5.340919e+00 4.079240e+00
4.172713e+00 3.020293e+00
3.094518e+00 7.544893e-01
1.940362e+00 7.544893e-01
1.644633e+00 7.078545e-01
1.525294e+00 7.078545e-01
1.445619e+00 7.078545e-01
1.389018e+00 6.645910e-01
1.340021e+00 5.720515e-01
1.296271e+00 5.720515e-01
1.265413e+00 5.720515e-01
1.234729e+00 5.720515e-01
1.212843e+00 5.720515e-01
1.188784e+00 5.720515e-01
1.167606e+00 5.720515e-01
1.151420e+00 5.720515e-01
1.133488e+00 5.720515e-01
1.120352e+00 5.720515e-01
1.106467e+00 5.720515e-01
1.090325e+00 5.720515e-01
1.079456e+00 5.082435e-01
1.067565e+00 5.082435e-01
1.053541e+00 5.060275e-01
1.042035e+00 5.060275e-01
1.031075e+00 5.060275e-01
1.020087e+00 5.060275e-01
1.011553e+00 5.060275e-01
1.002346e+00 5.060275e-01
9.931096e-01 5.060275e-01
9.847928e-01 5.060275e-01
9.772859e-01 5.060275e-01
9.695512e-01 5.060275e-01
9.616706e-01 5.060275e-01
9.541932e-01 5.060275e-01
9.458252e-01 5.060275e-01
9.394602e-01 5.060275e-01
9.324606e-01 5.060275e-01
9.253981e-01 5.060275e-01
9.190017e-01 5.060275e-01
9.118847e-01 5.060275e-01
9.049451e-01 5.060275e-01
8.991462e-01 5.060275e-01
8.938495e-01 5.060275e-01
8.871949e-01 5.060275e-01
8.806019e-01 5.060275e-01
8.735958e-01 5.060275e-01
8.663759e-01 5.060275e-01
8.614454e-01 5.060275e-01
8.568301e-01 5.060275e-01
8.516845e-01 5.060275e-01
8.447652e-01 5.060275e-01
8.403518e-01 5.060275e-01
8.340797e-01 5.060275e-01
8.288772e-01 5.060275e-01
8.233873e-01 5.060275e-01
8.161181e-01 5.060275e-01
8.109924e-01 4.622374e-01
8.045567e-01 4.622374e-01
7.854991e-01 4.437217e-01
7.578122e-01 4.437217e-01
7.329701e-01 4.437217e-01
7.148639e-01 4.437217e-01
6.975836e-01 4.437217e-01
6.797712e-01 4.201187e-01
6.653542e-01 4.201187e-01
6.509826e-01 4.201187e-01
6.415662e-01 4.201187e-01
6.263807e-01 4.201187e-01
6.104525e-01 4.161102e-01
5.963420e-01 4.161102e-01
5.830761e-01 4.161102e-01
5.710343e-01 3.779526e-01
5.598744e-01 3.779526e-01
5.480624e-01 3.779526e-01
5.385043e-01 3.779526e-01
5.311516e-01 3.779526e-01
5.227270e-01 3.779526e-01
5.143970e-01 3.640834e-01
5.072556e-01 3.640834e-01
5.003411e-01 3.640834e-01
4.931180e-01 3.640834e-01
4.861913e-01 3.536679e-01
4.776650e-01 3.536679e-01
4.706386e-01 3.536679e-01
4.635823e-01 3.536679e-01
4.565450e-01 3.536679e-01
4.498211e-01 3.371343e-01
4.426906e-01 3.371343e-01
4.353712e-01 3.371343e-01
4.282385e-01 3.246853e-01
4.210595e-01 3.246853e-01
4.129444e-01 3.246853e-01
4.036953e-01 3.246853e-01
3.945608e-01 3.246853e-01
3.792458e-01 2.987485e-01
3.607908e-01 2.987485e-01
3.285074e-01 2.987485e-01
1.838273e+01 1.369403e+01
1.292262e+01 9.758193e+00
9.055667e+00 6.830100e+00
6.926261e+00 5.329938e+00
5.265040e+00 4.260396e+00
4.091856e+00 3.031487e+00
2.936087e+00 9.279231e-01
1.931343e+00 8.405009e-01
1.676258e+00 8.369458e-01
1.552298e+00 8.176307e-01
1.484969e+00 7.379140e-01
1.422517e+00 7.379140e-01
1.377099e+00 7.379140e-01
1.335096e+00 7.379140e-01
1.302192e+00 7.379140e-01
1.272196e+00 7.379140e-01
1.249573e+00 7.273435e-01
1.225217e+00 7.273435e-01
1.202724e+00 6.542801e-01
1.182844e+00 6.542801e-01
1.163880e+00 6.118717e-01
1.146731e+00 6.118717e-01
1.132489e+00 6.118717e-01
1.115855e+00 6.118717e-01
1.103367e+00 6.118717e-01
1.092387e+00 6.118717e-01
1.079009e+00 6.118717e-01
1.068376e+00 6.118717e-01
1.056055e+00 6.100274e-01
1.043068e+00 6.100274e-01
1.033931e+00 6.100274e-01
1.024210e+00 6.100274e-01
1.014699e+00 6.100274e-01
1.004418e+00 5.602738e-01
9.947840e-01 5.602738e-01
9.836910e-01 5.602738e-01
9.749897e-01 5.602738e-01
9.671072e-01 5.602738e-01
9.586220e-01 5.602738e-01
9.494315e-01 5.025840e-01
9.418462e-01 5.025840e-01
9.355882e-01 5.025840e-01
9.271983e-01 4.891442e-01
9.212182e-01 4.891442e-01
9.136268e-01 4.891442e-01
9.065364e-01 4.891442e-01
8.989251e-01 4.891442e-01
8.928749e-01 4.891442e-01
8.874950e-01 4.891442e-01
8.796671e-01 4.730443e-01
8.731271e-01 4.730443e-01
8.687528e-01 4.730443e-01
8.631450e-01 4.730443e-01
8.575716e-01 4.730443e-01
8.507107e-01 4.730443e-01
8.441539e-01 4.730443e-01
8.349994e-01 4.730443e-01
8.255680e-01 4.730443e-01
8.153962e-01 4.730443e-01
7.989448e-01 4.730443e-01
7.782116e-01 4.645393e-01
7.537838e-01 4.559595e-01
7.371148e-01 4.121728e-01
7.254866e-01 4.121728e-01
7.111738e-01 3.924775e-01
6.986320e-01 3.924775e-01
6.820514e-01 3.867930e-01
6.719236e-01 3.867930e-01
6.609984e-01 3.867930e-01
6.501886e-01 3.867930e-01
6.391879e-01 3.866040e-01
6.296035e-01 3.866040e-01
6.188418e-01 3.866040e-01
6.062803e-01 3.866040e-01
5.943311e-01 3.866040e-01
5.877489e-01 3.866040e-01
5.770371e-01 3.767084e-01
5.660926e-01 3.767084e-01
5.579975e-01 3.767084e-01
5.497437e-01 3.767084e-01
5.415096e-01 3.767084e-01
5.331920e-01 3.672556e-01
5.243806e-01 3.672556e-01
5.162483e-01 3.672556e-01
5.091714e-01 3.508079e-01
5.028514e-01 3.508079e-01
4.945042e-01 3.508079e-01
4.872021e-01 3.508079e-01
4.800314e-01 3.508079e-01
4.736163e-01 3.508079e-01
4.673222e-01 3.508079e-01
4.600716e-01 3.508079e-01
4.551315e-01 3.508079e-01
4.484729e-01 3.508079e-01
4.417305e-01 3.508079e-01
4.331768e-01 3.508079e-01
4.234752e-01 3.447703e-01
4.135482e-01 3.447703e-01
3.994449e-01 3.424957e-01
3.794151e-01 3.291524e-01
3.398595e-01 3.137165e-01
1.850579e+01 1.368233e+01
1.297908e+01 9.477446e+00
9.157474e+00 7.001578e+00
7.060915e+00 5.297660e+00
5.404041e+00 4.345850e+00
4.231719e+00 3.232886e+00
3.112257e+00 1.058705e+00
1.967064e+00 9.584448e-01
1.677673e+00 7.895608e-01
1.556354e+00 7.895608e-01
1.467463e+00 6.768405e-01
1.410228e+00 6.768405e-01
1.365760e+00 6.701581e-01
1.323312e+00 6.701581e-01
1.294509e+00 6.701581e-01
1.263971e+00 6.701581e-01
1.243290e+00 6.701581e-01
1.220345e+00 6.701581e-01
1.197659e+00 6.000010e-01
1.181850e+00 6.000010e-01
1.165340e+00 5.723873e-01
1.143955e+00 5.723873e-01
1.128374e+00 5.723873e-01
1.112408e+00 5.723873e-01
1.098007e+00 5.723873e-01
1.085219e+00 5.723873e-01
1.072279e+00 5.723873e-01
1.063690e+00 5.723873e-01
1.051175e+00 5.723873e-01
1.040407e+00 5.723873e-01
1.032158e+00 5.723873e-01
1.023387e+00 5.723873e-01
1.014849e+00 5.723873e-01
1.006015e+00 5.723873e-01
9.973334e-01 5.723873e-01
9.872327e-01 5.723873e-01
9.792208e-01 5.723873e-01
9.713360e-01 5.723873e-01
9.629723e-01 5.723873e-01
9.553587e-01 5.723873e-01
9.487315e-01 5.723873e-01
9.432860e-01 5.723873e-01
9.354287e-01 5.723873e-01
9.276772e-01 4.562987e-01
9.215201e-01 4.562987e-01
9.155511e-01 4.562987e-01
9.090610e-01 4.562987e-01
9.022192e-01 4.562987e-01
8.969575e-01 4.562987e-01
8.897843e-01 4.562987e-01
8.838390e-01 4.562987e-01
8.789058e-01 4.562987e-01
8.733594e-01 4.562987e-01
8.675218e-01 4.562987e-01
8.603570e-01 4.562987e-01
8.470607e-01 4.562987e-01
8.365307e-01 4.562987e-01
8.294567e-01 4.562987e-01
8.050980e-01 4.562987e-01
7.843530e-01 4.562987e-01
7.674125e-01 4.562987e-01
7.499755e-01 4.562987e-01
7.350459e-01 4.562987e-01
7.222336e-01 4.562987e-01
7.103695e-01 4.562987e-01
7.013711e-01 4.477104e-01
6.906396e-01 4.477104e-01
6.774403e-01 4.379651e-01
6.691821e-01 4.119997e-01
6.596999e-01 4.119997e-01
6.477647e-01 4.119997e-01
6.395896e-01 4.119997e-01
6.317369e-01 4.061672e-01
6.184469e-01 4.061672e-01
6.092428e-01 4.061672e-01
5.976940e-01 4.061672e-01
5.844641e-01 3.894772e-01
5.746263e-01 3.894772e-01
5.651748e-01 3.730041e-01
5.557781e-01 3.730041e-01
5.466604e-01 3.730041e-01
5.381633e-01 3.730041e-01
5.295180e-01 3.730041e-01
5.223228e-01 3.730041e-01
5.150443e-01 3.730041e-01
5.078963e-01 3.730041e-01
5.009575e-01 3.730041e-01
4.946335e-01 3.425621e-01
4.886583e-01 3.425621e-01
4.813227e-01 3.425621e-01
4.753699e-01 3.425621e-01
4.678652e-01 3.425621e-01
4.612579e-01 3.425621e-01
4.541327e-01 3.425621e-01
4.453770e-01 3.425621e-01
4.374763e-01 3.425621e-01
4.286560e-01 3.425621e-01
4.167193e-01 3.425621e-01
4.030647e-01 3.425621e-01
3.840699e-01 3.294141e-01
3.450822e-01 3.156991e-01
1.846176e+01 1.273791e+01
1.297785e+01 9.701153e+00
9.056159e+00 7.050501e+00
6.949958e+00 5.562077e+00
5.300154e+00 4.200400e+00
4.143068e+00 2.987726e+00
2.999648e+00 9.475112e-01
1.912752e+00 8.791644e-01
1.658156e+00 7.184530e-01
1.539275e+00 7.184530e-01
1.460685e+00 7.184530e-01
1.409240e+00 7.184530e-01
1.361520e+00 7.184530e-01
1.319089e+00 7.184530e-01
1.287513e+00 7.184530e-01
1.255566e+00 6.347955e-01
1.232596e+00 6.347955e-01
1.212232e+00 6.347955e-01
1.192347e+00 6.347955e-01
1.176801e+00 6.347955e-01
1.161616e+00 6.347955e-01
1.145339e+00 6.347955e-01
1.129636e+00 6.347955e-01
1.113703e+00 4.934067e-01
1.098657e+00 4.934067e-01
1.087357e+00 4.934067e-01
1.075939e+00 4.934067e-01
1.065758e+00 4.934067e-01
1.053991e+00 4.934067e-01
1.042009e+00 4.934067e-01
1.032931e+00 4.934067e-01
1.025610e+00 4.934067e-01
1.016607e+00 4.934067e-01
1.008131e+00 4.934067e-01
9.991065e-01 4.934067e-01
9.907286e-01 4.934067e-01
9.818320e-01 4.934067e-01
9.725619e-01 4.934067e-01
9.646215e-01 4.934067e-01
9.571044e-01 4.934067e-01
9.508782e-01 4.934067e-01
9.435301e-01 4.934067e-01
9.361412e-01 4.934067e-01
9.303097e-01 4.934067e-01
9.248392e-01 4.934067e-01
9.187774e-01 4.934067e-01
9.128577e-01 4.934067e-01
9.060234e-01 4.934067e-01
8.996284e-01 4.934067e-01
8.936027e-01 4.934067e-01
8.880472e-01 4.934067e-01
8.838055e-01 4.934067e-01
8.781213e-01 4.934067e-01
8.719075e-01 4.934067e-01
8.674911e-01 4.934067e-01
8.618883e-01 4.934067e-01
8.566351e-01 4.934067e-01
8.506271e-01 4.934067e-01
8.339967e-01 4.837774e-01
8.084149e-01 4.720787e-01
7.837927e-01 4.692056e-01
7.645141e-01 4.692056e-01
7.444917e-01 4.692056e-01
7.294963e-01 4.692056e-01
7.141061e-01 4.044932e-01
7.032189e-01 4.044932e-01
6.929275e-01 4.044932e-01
6.814179e-01 4.044932e-01
6.681519e-01 4.044932e-01
6.545386e-01 4.027086e-01
6.411926e-01 4.027086e-01
6.241001e-01 4.027086e-01
6.142745e-01 4.027086e-01
6.019290e-01 4.027086e-01
5.897123e-01 4.027086e-01
5.800991e-01 3.956941e-01
5.726648e-01 3.894689e-01
5.652354e-01 3.894689e-01
5.547279e-01 3.894689e-01
5.445288e-01 3.894689e-01
5.359992e-01 3.894689e-01
5.276093e-01 3.894689e-01
5.204279e-01 3.306055e-01
5.138539e-01 3.306055e-01
5.062773e-01 3.306055e-01
4.996602e-01 3.306055e-01
4.919083e-01 3.306055e-01
4.868136e-01 3.306055e-01
4.795509e-01 3.306055e-01
4.734618e-01 3.306055e-01
4.665468e-01 3.306055e-01
4.600788e-01 3.306055e-01
4.535334e-01 3.306055e-01
4.462443e-01 3.306055e-01
4.371037e-01 3.306055e-01
4.288708e-01 3.306055e-01
4.195734e-01 3.306055e-01
4.097034e-01 3.306055e-01
3.972952e-01 3.306055e-01
3.813270e-01 3.306055e-01
3.385466e-01 3.187595e-01
1.848965e+01 1.281628e+01
1.299433e+01 9.959683e+00
9.124205e+00 6.897276e+00
6.989570e+00 5.538359e+00
5.316183e+00 4.247663e+00
4.153518e+00 3.028476e+00
3.026119e+00 9.528976e-01
1.944883e+00 9.326586e-01
1.675791e+00 7.053572e-01
1.543927e+00 7.053572e-01
1.463548e+00 7.053572e-01
1.410020e+00 7.053572e-01
1.368690e+00 7.053572e-01
1.326489e+00 5.995971e-01
1.290524e+00 5.995971e-01
1.256023e+00 5.995971e-01
1.233078e+00 5.995971e-01
1.211269e+00 5.995971e-01
1.187707e+00 5.995971e-01
1.169231e+00 5.995971e-01
1.150896e+00 5.995971e-01
1.134888e+00 5.995971e-01
1.118207e+00 5.995971e-01
1.102708e+00 5.995971e-01
1.091557e+00 5.995971e-01
1.080566e+00 5.995971e-01
1.068442e+00 5.995971e-01
1.055829e+00 5.995971e-01
1.045617e+00 5.995971e-01
1.033794e+00 5.995971e-01
1.025479e+00 5.818263e-01
1.017770e+00 5.818263e-01
1.008630e+00 5.818263e-01
9.990771e-01 5.818263e-01
9.918950e-01 5.818263e-01
9.850936e-01 5.818263e-01
9.773592e-01 5.818263e-01
9.692759e-01 5.818263e-01
9.625597e-01 5.818263e-01
9.520671e-01 5.759791e-01
9.457414e-01 5.759791e-01
9.383949e-01 4.984398e-01
9.312568e-01 4.984398e-01
9.251635e-01 4.984398e-01
9.182422e-01 4.984398e-01
9.110403e-01 4.984398e-01
9.054415e-01 4.984398e-01
9.003408e-01 4.984398e-01
8.942890e-01 4.984398e-01
8.872070e-01 4.984398e-01
8.823165e-01 4.984398e-01
8.776440e-01 4.984398e-01
8.735188e-01 4.984398e-01
8.667639e-01 4.984398e-01
8.605889e-01 4.984398e-01
8.533686e-01 4.984398e-01
8.444967e-01 4.984398e-01
8.382781e-01 4.984398e-01
8.193181e-01 4.984398e-01
8.011744e-01 4.984398e-01
7.768926e-01 4.732442e-01
7.539869e-01 4.732442e-01
7.373939e-01 4.732442e-01
7.212339e-01 4.732442e-01
7.033881e-01 4.226262e-01
6.882807e-01 4.226262e-01
6.757221e-01 4.226262e-01
6.632638e-01 4.226262e-01
6.523203e-01 4.226262e-01
6.446415e-01 4.226262e-01
6.366733e-01 4.226262e-01
6.282590e-01 4.061088e-01
6.211746e-01 4.061088e-01
6.101274e-01 4.061088e-01
5.994962e-01 3.964857e-01
5.879418e-01 3.935689e-01
5.761276e-01 3.935689e-01
5.651268e-01 3.644064e-01
5.553646e-01 3.644064e-01
5.470926e-01 3.644064e-01
5.376209e-01 3.644064e-01
5.296312e-01 3.644064e-01
5.205440e-01 3.551722e-01
5.107857e-01 3.551722e-01
5.046314e-01 3.551722e-01
4.972588e-01 3.551722e-01
4.912425e-01 3.551722e-01
4.846480e-01 3.551722e-01
4.780100e-01 3.551722e-01
4.726481e-01 3.551722e-01
4.660967e-01 3.551722e-01
4.599651e-01 3.551722e-01
4.533037e-01 3.551722e-01
4.475405e-01 3.551722e-01
4.402103e-01 3.551722e-01
4.328580e-01 3.551722e-01
4.227099e-01 3.551722e-01
4.123319e-01 3.551722e-01
3.981044e-01 3.521814e-01
3.807121e-01 3.415652e-01
3.479862e-01 3.376326e-01
1.854434e+01 1.280713e+01
1.296822e+01 9.348875e+00
9.010543e+00 7.115814e+00
6.921478e+00 5.535445e+00
5.295157e+00 4.182422e+00
4.142087e+00 3.154107e+00
3.016369e+00 1.158246e+00
1.922128e+00 8.904325e-01
1.665575e+00 8.042859e-01
1.541621e+00 8.042859e-01
1.464120e+00 6.411531e-01
1.406991e+00 6.411531e-01
1.366690e+00 6.411531e-01
1.325805e+00 6.411531e-01
1.296060e+00 6.411531e-01
1.268600e+00 6.411531e-01
1.245442e+00 6.411531e-01
1.219480e+00 6.411531e-01
1.198373e+00 6.411531e-01
1.179376e+00 6.411531e-01
1.160458e+00 5.312328e-01
1.147101e+00 5.312328e-01
1.133305e+00 5.312328e-01
1.118058e+00 5.312328e-01
1.108299e+00 5.312328e-01
1.096130e+00 5.312328e-01
1.083675e+00 5.312328e-01
1.072261e+00 5.219728e-01
1.060276e+00 5.219728e-01
1.050977e+00 5.219728e-01
1.039152e+00 5.219728e-01
1.028667e+00 5.219728e-01
1.018326e+00 5.219728e-01
1.008502e+00 4.463071e-01
1.000323e+00 4.463071e-01
9.928611e-01 4.463071e-01
9.827051e-01 4.463071e-01
9.756217e-01 4.463071e-01
9.679161e-01 4.463071e-01
9.603871e-01 4.463071e-01
9.536302e-01 4.463071e-01
9.470116e-01 4.463071e-01
9.386356e-01 4.463071e-01
9.321972e-01 4.463071e-01
9.254855e-01 4.463071e-01
9.188974e-01 4.463071e-01
9.118397e-01 4.463071e-01
9.057036e-01 4.463071e-01
8.996550e-01 4.463071e-01
8.922954e-01 4.463071e-01
8.866100e-01 4.463071e-01
8.815575e-01 4.463071e-01
8.763240e-01 4.463071e-01
8.712888e-01 4.463071e-01
8.652974e-01 4.463071e-01
8.562114e-01 4.463071e-01
8.427698e-01 4.463071e-01
8.313060e-01 4.463071e-01
8.165790e-01 4.463071e-01
7.982063e-01 4.463071e-01
7.768671e-01 3.900192e-01
7.585716e-01 3.900192e-01
7.413830e-01 3.900192e-01
7.293435e-01 3.900192e-01
7.166892e-01 3.900192e-01
7.051160e-01 3.900192e-01
6.935159e-01 3.900192e-01
6.836819e-01 3.900192e-01
6.714979e-01 3.900192e-01
6.622584e-01 3.900192e-01
6.504057e-01 3.900192e-01
6.419779e-01 3.900192e-01
6.332370e-01 3.900192e-01
6.204718e-01 3.900192e-01
6.081009e-01 3.900192e-01
5.985157e-01 3.900192e-01
5.887312e-01 3.900192e-01
5.783850e-01 3.900192e-01
5.679176e-01 3.900192e-01
5.594574e-01 3.900192e-01
5.510363e-01 3.900192e-01
5.425545e-01 3.900192e-01
5.355616e-01 3.900192e-01
5.299317e-01 3.900192e-01
5.223489e-01 3.845048e-01
5.154710e-01 3.845048e-01
5.082167e-01 3.845048e-01
5.021693e-01 3.845048e-01
4.953744e-01 3.845048e-01
4.895026e-01 3.845048e-01
4.831287e-01 3.845048e-01
4.759741e-01 3.845048e-01
4.699850e-01 3.845048e-01
4.622381e-01 3.845048e-01
4.551713e-01 3.845048e-01
4.469536e-01 3.845048e-01
4.379889e-01 3.845048e-01
4.268306e-01 3.845048e-01
4.137864e-01 3.814645e-01
4.000547e-01 3.649605e-01
3.788621e-01 3.649605e-01
1.849277e+01 1.348651e+01
1.296584e+01 8.727790e+00
8.986405e+00 7.028248e+00
6.936081e+00 5.613534e+00
5.287704e+00 4.341973e+00
4.112004e+00 2.839798e+00
2.966269e+00 1.108510e+00
1.911815e+00 8.913766e-01
1.660868e+00 7.942491e-01
1.540130e+00 7.942491e-01
1.464940e+00 7.942491e-01
1.410675e+00 7.605251e-01
1.368155e+00 7.605251e-01
1.323140e+00 6.763566e-01
1.292388e+00 6.763566e-01
1.265313e+00 6.763566e-01
1.238839e+00 6.523336e-01
1.216825e+00 6.523336e-01
1.194851e+00 6.523336e-01
1.177625e+00 6.523336e-01
1.158389e+00 6.523336e-01
1.143596e+00 6.523336e-01
1.130296e+00 6.523336e-01
1.113948e+00 6.057456e-01
1.103057e+00 6.057456e-01
1.092216e+00 6.057456e-01
1.080253e+00 6.057456e-01
1.071050e+00 6.057456e-01
1.060164e+00 6.057456e-01
1.049774e+00 6.057456e-01
1.041438e+00 5.966875e-01
1.031725e+00 5.966875e-01
1.022741e+00 5.966875e-01
1.010420e+00 5.701342e-01
1.002705e+00 5.701342e-01
9.943070e-01 5.701342e-01
9.858786e-01 5.701342e-01
9.770337e-01 5.701342e-01
9.697983e-01 5.701342e-01
9.627422e-01 5.701342e-01
9.555940e-01 5.701342e-01
9.496954e-01 5.701342e-01
9.424329e-01 5.701342e-01
9.369174e-01 5.701342e-01
9.296723e-01 5.701342e-01
9.234643e-01 5.701342e-01
9.159110e-01 5.701342e-01
9.083934e-01 5.300760e-01
9.012609e-01 5.300760e-01
8.957502e-01 5.140088e-01
8.894900e-01 5.140088e-01
8.815518e-01 5.140088e-01
8.746316e-01 5.140088e-01
8.665623e-01 5.140088e-01
8.540248e-01 5.140088e-01
8.406543e-01 5.140088e-01
8.279449e-01 5.140088e-01
8.152161e-01 5.140088e-01
7.942669e-01 5.054943e-01
7.701830e-01 5.051031e-01
7.522532e-01 5.051031e-01
7.358271e-01 5.012203e-01
7.226062e-01 5.012203e-01
7.092606e-01 4.976602e-01
6.983057e-01 4.976602e-01
6.867218e-01 4.672515e-01
6.777912e-01 4.672515e-01
6.682736e-01 3.900793e-01
6.583375e-01 3.900793e-01
6.501556e-01 3.900793e-01
6.411711e-01 3.788961e-01
6.303439e-01 3.788961e-01
6.211520e-01 3.788961e-01
6.089293e-01 3.788961e-01
5.972753e-01 3.788961e-01
5.874086e-01 3.788961e-01
5.759633e-01 3.788961e-01
5.671025e-01 3.788961e-01
5.571218e-01 3.788961e-01
5.483110e-01 3.788961e-01
5.402624e-01 3.788961e-01
5.317753e-01 3.788961e-01
5.249489e-01 3.788961e-01
5.180617e-01 3.788961e-01
5.114111e-01 3.788961e-01
5.054123e-01 3.788961e-01
4.989747e-01 3.788961e-01
4.918367e-01 3.788961e-01
4.858577e-01 3.788961e-01
4.808869e-01 3.788961e-01
4.741378e-01 3.788961e-01
4.671266e-01 3.788961e-01
4.598280e-01 3.652731e-01
4.521132e-01 3.618173e-01
4.445791e-01 3.618173e-01
4.362449e-01 3.608271e-01
4.269180e-01 3.608271e-01
4.156990e-01 3.575184e-01
3.995674e-01 3.567422e-01
3.783708e-01 3.567422e-01
3.512848e-01 3.419772e-01
1.846053e+01 1.331333e+01
1.299146e+01 9.548744e+00
9.109323e+00 7.129994e+00
6.977100e+00 5.567646e+00
5.326652e+00 3.999450e+00
4.164979e+00 2.316789e+00
3.005607e+00 1.304732e+00
1.907917e+00 8.042680e-01
1.652645e+00 7.492396e-01
1.523244e+00 7.492396e-01
1.451389e+00 7.272891e-01
1.394731e+00 6.559767e-01
1.348110e+00 6.559767e-01
1.306865e+00 6.559767e-01
1.276506e+00 6.559767e-01
1.245213e+00 6.559767e-01
1.223339e+00 6.559767e-01
1.200290e+00 6.559767e-01
1.181915e+00 6.559767e-01
1.166167e+00 6.559767e-01
1.145637e+00 6.559767e-01
1.129131e+00 6.559767e-01
1.111271e+00 5.582872e-01
1.095511e+00 5.582872e-01
1.083323e+00 5.582872e-01
1.071461e+00 5.582872e-01
1.057924e+00 5.582872e-01
1.044798e+00 5.582872e-01
1.034930e+00 5.057962e-01
1.027414e+00 5.057962e-01
1.016679e+00 5.057962e-01
1.006813e+00 5.057962e-01
9.966363e-01 5.057962e-01
9.880153e-01 5.057962e-01
9.785717e-01 5.057962e-01
9.714005e-01 5.057962e-01
9.638972e-01 5.057962e-01
9.553364e-01 5.057962e-01
9.490785e-01 5.057962e-01
9.402963e-01 5.057962e-01
9.334993e-01 5.057962e-01
9.261065e-01 4.875851e-01
9.201302e-01 4.875851e-01
9.136716e-01 4.875851e-01
9.077606e-01 4.875851e-01
9.022971e-01 4.875851e-01
8.962292e-01 4.875851e-01
8.902867e-01 4.875851e-01
8.838971e-01 4.875851e-01
8.775581e-01 4.875851e-01
8.708222e-01 4.875851e-01
8.654617e-01 4.875851e-01
8.613066e-01 4.875851e-01
8.555632e-01 4.875851e-01
8.498174e-01 4.875851e-01
8.444479e-01 4.875851e-01
8.395235e-01 4.875851e-01
8.337062e-01 4.466262e-01
8.279156e-01 4.466262e-01
8.222536e-01 4.466262e-01
8.181124e-01 4.466262e-01
8.106305e-01 4.466262e-01
7.971360e-01 4.416120e-01
7.828053e-01 4.416120e-01
7.537919e-01 4.416120e-01
7.323839e-01 4.416120e-01
7.180814e-01 4.416120e-01
7.017366e-01 4.119606e-01
6.850748e-01 4.119606e-01
6.726435e-01 4.119606e-01
6.551987e-01 4.119606e-01
6.395900e-01 4.119606e-01
6.272051e-01 4.119606e-01
6.134912e-01 4.090271e-01
6.007970e-01 4.090271e-01
5.861098e-01 3.938936e-01
5.731148e-01 3.861927e-01
5.616297e-01 3.861927e-01
5.523189e-01 3.861927e-01
5.414265e-01 3.861927e-01
5.332581e-01 3.861927e-01
5.248454e-01 3.441585e-01
5.170147e-01 3.441585e-01
5.091094e-01 3.441585e-01
4.999736e-01 3.441585e-01
4.915474e-01 3.441585e-01
4.825983e-01 3.441585e-01
4.763911e-01 3.441585e-01
4.700364e-01 3.441585e-01
4.628655e-01 3.441585e-01
4.567775e-01 3.441585e-01
4.483263e-01 3.441585e-01
4.421173e-01 3.389721e-01
4.345024e-01 3.389721e-01
4.264546e-01 3.389721e-01
4.184757e-01 3.389721e-01
4.098444e-01 3.389721e-01
3.986320e-01 3.338080e-01
3.856784e-01 3.307453e-01
3.688989e-01 3.307453e-01
3.354906e-01 3.307453e-01
1.848507e+01 1.298842e+01
1.289759e+01 9.651448e+00
8.983534e+00 6.650609e+00
6.903212e+00 5.090865e+00
5.283540e+00 4.268430e+00
4.111035e+00 3.181061e+00
2.982097e+00 1.087599e+00
1.948329e+00 8.710845e-01
1.667726e+00 6.523079e-01
1.552406e+00 6.072071e-01
1.474603e+00 6.072071e-01
1.413415e+00 6.072071e-01
1.369666e+00 6.072071e-01
1.329755e+00 6.072071e-01
1.302137e+00 6.072071e-01
1.268703e+00 6.072071e-01
1.244226e+00 5.883172e-01
1.219780e+00 5.883172e-01
1.196708e+00 5.883172e-01
1.182795e+00 5.883172e-01
1.163078e+00 5.883172e-01
1.144912e+00 5.883172e-01
1.128315e+00 5.883172e-01
1.112064e+00 5.883172e-01
1.099083e+00 5.883172e-01
1.087315e+00 5.883172e-01
1.075054e+00 5.883172e-01
1.064826e+00 5.883172e-01
1.053073e+00 5.883172e-01
1.041256e+00 5.883172e-01
1.033854e+00 4.895820e-01
1.024663e+00 4.895820e-01
1.016364e+00 4.895820e-01
1.006378e+00 4.895820e-01
9.992547e-01 4.895820e-01
9.898179e-01 4.895820e-01
9.821635e-01 4.895820e-01
9.743834e-01 4.895820e-01
9.673027e-01 4.895820e-01
9.610927e-01 4.895820e-01
9.531607e-01 4.895820e-01
9.470923e-01 4.895820e-01
9.392545e-01 4.895820e-01
9.327725e-01 4.895820e-01
9.248285e-01 4.895820e-01
9.180390e-01 4.895820e-01
9.128000e-01 4.895820e-01
9.059175e-01 4.895820e-01
8.992411e-01 4.895820e-01
8.928416e-01 4.895820e-01
8.868041e-01 4.895820e-01
8.803553e-01 4.895820e-01
8.744397e-01 4.895820e-01
8.690578e-01 4.895820e-01
8.617458e-01 4.895820e-01
8.571139e-01 4.895820e-01
8.508903e-01 4.895820e-01
8.455023e-01 4.895820e-01
8.295507e-01 4.895820e-01
8.174122e-01 4.895820e-01
8.050677e-01 4.895820e-01
7.865857e-01 4.835918e-01
7.714225e-01 4.776599e-01
7.544990e-01 4.776599e-01
7.335929e-01 4.776599e-01
7.162930e-01 4.776599e-01
7.009425e-01 4.776599e-01
6.882970e-01 4.418985e-01
6.747416e-01 4.167217e-01
6.637760e-01 4.167217e-01
6.544504e-01 4.167217e-01
6.437222e-01 4.167217e-01
6.346064e-01 4.167217e-01
6.234893e-01 4.167217e-01
6.111644e-01 4.167217e-01
5.995775e-01 4.167217e-01
5.891907e-01 4.066996e-01
5.798211e-01 4.066996e-01
5.706607e-01 4.066996e-01
5.611546e-01 4.066996e-01
5.517930e-01 4.066996e-01
5.417885e-01 3.945489e-01
5.336101e-01 3.945489e-01
5.245862e-01 3.945489e-01
5.181594e-01 3.945489e-01
5.105969e-01 3.945489e-01
5.049989e-01 3.945489e-01
4.986807e-01 3.945489e-01
4.927865e-01 3.945489e-01
4.856567e-01 3.945489e-01
4.780769e-01 3.945489e-01
4.715485e-01 3.945489e-01
4.645830e-01 3.826154e-01
4.578577e-01 3.826154e-01
4.504385e-01 3.826154e-01
4.425039e-01 3.826154e-01
4.349927e-01 3.826154e-01
4.255132e-01 3.603918e-01
4.145478e-01 3.603918e-01
3.962191e-01 3.603918e-01
3.668238e-01 3.603918e-01
1.844594e+01 1.306020e+01
1.293980e+01 9.666313e+00
9.071624e+00 6.694960e+00
6.921421e+00 5.401955e+00
5.263011e+00 4.021738e+00
4.106208e+00 2.932025e+00
2.923759e+00 8.172102e-01
1.914258e+00 8.172102e-01
1.655959e+00 8.172102e-01
1.541220e+00 7.935146e-01
1.465223e+00 7.935146e-01
1.403314e+00 7.935146e-01
1.359484e+00 7.935146e-01
1.314546e+00 6.907779e-01
1.287027e+00 6.907779e-01
1.257112e+00 6.907779e-01
1.235524e+00 6.907779e-01
1.212309e+00 6.287665e-01
1.194307e+00 6.287665e-01
1.179042e+00 6.287665e-01
1.160644e+00 6.111308e-01
1.146667e+00 5.946122e-01
1.132452e+00 5.946122e-01
1.117184e+00 5.946122e-01
1.105375e+00 5.946122e-01
1.091606e+00 5.946122e-01
1.079377e+00 5.946122e-01
1.070756e+00 5.946122e-01
1.060679e+00 5.946122e-01
1.050498e+00 5.946122e-01
1.041211e+00 5.946122e-01
1.030793e+00 5.946122e-01
1.024341e+00 5.946122e-01
1.014236e+00 5.021608e-01
1.005288e+00 5.021608e-01
9.977794e-01 5.021608e-01
9.902080e-01 5.021608e-01
9.818411e-01 5.021608e-01
9.726839e-01 5.021608e-01
9.661771e-01 5.021608e-01
9.592667e-01 5.021608e-01
9.516146e-01 5.021608e-01
9.433389e-01 5.021608e-01
9.370367e-01 5.021608e-01
9.308780e-01 5.021608e-01
9.234754e-01 5.021608e-01
9.165207e-01 5.021608e-01
9.095364e-01 5.021608e-01
9.035561e-01 5.021608e-01
8.967850e-01 5.021608e-01
8.924239e-01 5.021608e-01
8.873286e-01 5.021608e-01
8.827461e-01 5.021608e-01
8.766107e-01 5.021608e-01
8.694417e-01 4.998218e-01
8.590477e-01 4.998218e-01
8.373626e-01 4.998218e-01
8.207237e-01 4.998218e-01
8.054816e-01 4.689475e-01
7.904864e-01 4.689475e-01
7.723579e-01 4.689475e-01
7.521548e-01 4.689475e-01
7.343020e-01 4.689475e-01
7.198693e-01 4.689475e-01
7.042654e-01 4.689475e-01
6.914468e-01 4.689475e-01
6.801331e-01 4.689475e-01
6.696954e-01 4.650630e-01
6.590543e-01 4.627814e-01
6.465237e-01 4.627814e-01
6.353989e-01 4.627814e-01
6.240361e-01 4.195679e-01
6.130000e-01 4.195679e-01
6.046305e-01 4.195679e-01
5.939815e-01 4.195679e-01
5.829198e-01 4.026116e-01
5.749196e-01 4.026116e-01
5.660442e-01 3.984949e-01
5.581287e-01 3.984949e-01
5.500605e-01 3.984949e-01
5.421978e-01 3.984949e-01
5.340968e-01 3.984949e-01
5.263815e-01 3.882643e-01
5.175654e-01 3.882643e-01
5.110900e-01 3.882643e-01
5.038612e-01 3.882643e-01
4.979926e-01 3.507302e-01
4.923787e-01 3.507302e-01
4.868487e-01 3.507302e-01
4.808892e-01 3.507302e-01
4.739720e-01 3.507302e-01
4.673955e-01 3.507302e-01
4.607460e-01 3.507302e-01
4.541838e-01 3.507302e-01
4.464153e-01 3.507302e-01
4.388127e-01 3.507302e-01
4.299022e-01 3.507302e-01
4.203190e-01 3.507302e-01
4.099604e-01 3.507302e-01
3.941516e-01 3.443308e-01
3.579920e-01 3.443308e-01
1.851467e+01 1.222670e+01
1.290811e+01 9.454577e+00
8.969198e+00 6.821757e+00
6.902789e+00 5.211802e+00
5.227830e+00 4.150651e+00
4.091813e+00 3.050030e+00
2.956782e+00 1.072243e+00
1.906658e+00 8.202278e-01
1.654731e+00 8.045714e-01
1.532989e+00 8.045714e-01
1.457196e+00 6.347981e-01
1.402630e+00 6.347981e-01
1.354888e+00 6.347981e-01
1.309023e+00 6.347981e-01
1.278150e+00 6.347981e-01
1.249706e+00 6.347981e-01
1.225839e+00 6.347981e-01
1.198502e+00 5.355311e-01
1.176483e+00 5.355311e-01
1.160217e+00 5.355311e-01
1.141464e+00 5.355311e-01
1.124593e+00 5.355311e-01
1.109528e+00 5.355311e-01
1.094878e+00 5.355311e-01
1.081135e+00 5.355311e-01
1.067749e+00 5.355311e-01
1.053167e+00 5.355311e-01
1.043606e+00 5.355311e-01
1.033304e+00 5.355311e-01
1.022094e+00 5.355311e-01
1.014000e+00 5.355311e-01
1.005478e+00 5.355311e-01
9.968027e-01 5.355311e-01
9.868928e-01 5.355311e-01
9.781363e-01 5.355311e-01
9.709585e-01 5.355311e-01
9.625070e-01 5.355311e-01
9.541072e-01 5.355311e-01
9.468860e-01 5.355311e-01
9.399702e-01 5.355311e-01
9.333016e-01 5.355311e-01
9.273965e-01 5.355311e-01
9.198570e-01 5.355311e-01
9.141037e-01 5.355311e-01
9.074045e-01 5.355311e-01
9.009930e-01 5.355311e-01
8.929443e-01 5.355311e-01
8.864200e-01 5.355311e-01
8.806970e-01 5.355311e-01
8.744840e-01 5.355311e-01
8.671618e-01 5.349265e-01
8.622747e-01 5.349265e-01
8.573997e-01 5.349265e-01
8.448348e-01 5.315846e-01
8.352175e-01 4.949560e-01
8.239363e-01 4.949560e-01
8.068240e-01 4.949560e-01
7.923340e-01 4.752354e-01
7.707449e-01 4.644453e-01
7.484470e-01 4.644453e-01
7.305500e-01 4.644453e-01
7.167475e-01 4.644453e-01
7.022885e-01 4.644453e-01
6.892450e-01 4.641165e-01
6.754731e-01 4.591643e-01
6.643953e-01 4.591643e-01
6.547952e-01 4.591643e-01
6.461290e-01 4.459998e-01
6.361367e-01 4.459998e-01
6.269189e-01 4.358336e-01
6.189804e-01 4.010484e-01
6.104152e-01 3.909013e-01
6.009443e-01 3.909013e-01
5.870432e-01 3.909013e-01
5.803844e-01 3.672393e-01
5.705043e-01 3.672393e-01
5.627778e-01 3.672393e-01
5.536272e-01 3.672393e-01
5.423914e-01 3.672393e-01
5.344845e-01 3.672393e-01
5.262762e-01 3.626329e-01
5.180947e-01 3.626329e-01
5.106471e-01 3.571455e-01
5.050565e-01 3.571455e-01
4.977520e-01 3.571455e-01
4.917458e-01 3.571455e-01
4.853374e-01 3.571455e-01
4.780602e-01 3.571455e-01
4.710518e-01 3.571455e-01
4.638588e-01 3.538738e-01
4.561982e-01 3.538738e-01
4.489085e-01 3.538738e-01
4.402121e-01 3.538738e-01
4.334381e-01 3.538738e-01
4.263302e-01 3.538738e-01
4.186659e-01 3.538738e-01
4.104761e-01 3.520173e-01
4.020094e-01 3.511126e-01
3.923131e-01 3.511126e-01
3.763746e-01 3.273357e-01
3.259335e-01 2.874688e-01
1.846763e+01 1.343340e+01
1.286828e+01 9.310599e+00
8.997854e+00 7.039144e+00
6.869230e+00 5.074751e+00
5.227223e+00 4.184822e+00
4.099799e+00 2.880885e+00
2.984419e+00 1.114641e+00
1.917483e+00 7.772296e-01
1.653745e+00 7.322906e-01
1.534351e+00 7.322906e-01
1.452436e+00 7.322906e-01
1.392498e+00 7.322906e-01
1.350748e+00 7.322906e-01
1.305259e+00 7.074326e-01
1.275206e+00 6.717323e-01
1.242116e+00 6.477487e-01
1.219040e+00 6.477487e-01
1.193797e+00 6.477487e-01
1.172785e+00 6.477487e-01
1.156322e+00 6.477487e-01
1.136175e+00 6.103256e-01
1.121093e+00 6.103256e-01
1.106603e+00 5.553457e-01
1.087289e+00 5.553457e-01
1.073779e+00 5.553457e-01
1.061536e+00 5.553457e-01
1.048010e+00 5.553457e-01
1.037100e+00 5.553457e-01
1.024558e+00 5.553457e-01
1.015821e+00 5.553457e-01
1.006081e+00 5.553457e-01
9.972356e-01 5.553457e-01
9.865184e-01 5.553457e-01
9.767138e-01 5.553457e-01
9.689285e-01 5.553457e-01
9.603185e-01 5.553457e-01
9.515086e-01 4.286522e-01
9.445685e-01 4.286522e-01
9.377491e-01 4.286522e-01
9.314663e-01 4.286522e-01
9.244983e-01 4.286522e-01
9.181624e-01 4.286522e-01
9.111034e-01 4.286522e-01
9.030186e-01 4.286522e-01
8.963036e-01 4.286522e-01
8.905538e-01 4.286522e-01
8.839210e-01 4.286522e-01
8.763665e-01 4.286522e-01
8.697515e-01 4.286522e-01
8.628686e-01 4.286522e-01
8.567888e-01 4.286522e-01
8.464886e-01 4.286522e-01
8.383037e-01 4.286522e-01
8.265236e-01 4.286522e-01
8.127690e-01 4.286522e-01
7.937996e-01 4.286522e-01
7.740534e-01 4.286522e-01
7.505653e-01 4.051009e-01
7.309339e-01 4.051009e-01
7.129096e-01 4.051009e-01
6.985475e-01 4.051009e-01
6.870358e-01 4.051009e-01
6.774664e-01 4.051009e-01
6.637186e-01 4.051009e-01
6.528484e-01 4.051009e-01
6.437129e-01 4.051009e-01
6.327324e-01 4.051009e-01
6.189510e-01 4.051009e-01
6.081316e-01 4.051009e-01
5.999421e-01 4.051009e-01
5.922491e-01 4.051009e-01
5.822091e-01 3.871987e-01
5.741362e-01 3.871987e-01
5.647882e-01 3.871987e-01
5.548486e-01 3.871987e-01
5.473292e-01 3.871987e-01
5.383887e-01 3.871987e-01
5.290046e-01 3.848384e-01
5.221349e-01 3.848384e-01
5.156537e-01 3.848384e-01
5.088698e-01 3.848384e-01
5.027904e-01 3.848384e-01
4.976123e-01 3.594945e-01
4.913191e-01 3.594945e-01
4.843787e-01 3.594945e-01
4.788364e-01 3.594945e-01
4.728812e-01 3.594945e-01
4.666759e-01 3.594945e-01
4.602612e-01 3.594945e-01
4.540983e-01 3.594945e-01
4.475637e-01 3.594945e-01
4.400814e-01 3.594945e-01
4.333510e-01 3.594945e-01
4.277591e-01 3.594945e-01
4.219312e-01 3.594945e-01
4.160775e-01 3.427061e-01
4.083761e-01 3.427061e-01
3.984484e-01 3.427061e-01
3.882395e-01 3.346176e-01
3.732456e-01 3.219414e-01
3.359176e-01 3.219414e-01
1.848660e+01 1.297778e+01
1.285366e+01 8.858476e+00
8.996983e+00 6.971047e+00
6.918254e+00 5.368424e+00
5.277203e+00 4.050500e+00
4.130593e+00 2.828666e+00
2.966788e+00 1.113039e+00
1.900862e+00 8.695452e-01
1.641191e+00 7.868851e-01
1.517733e+00 6.634358e-01
1.445176e+00 6.634358e-01
1.394898e+00 6.634358e-01
1.350759e+00 6.634358e-01
1.309415e+00 6.157821e-01
1.277331e+00 6.157821e-01
1.242248e+00 5.975378e-01
1.219521e+00 5.975378e-01
1.196227e+00 5.975378e-01
1.176079e+00 5.975378e-01
1.160386e+00 5.975378e-01
1.142723e+00 5.975378e-01
1.123875e+00 5.975378e-01
1.108541e+00 5.704712e-01
1.092024e+00 5.704712e-01
1.079304e+00 5.704712e-01
1.066067e+00 5.704712e-01
1.053151e+00 5.704712e-01
1.042336e+00 5.667333e-01
1.033034e+00 5.667333e-01
1.022784e+00 5.667333e-01
1.012590e+00 5.667333e-01
1.005438e+00 5.667333e-01
9.963395e-01 5.667333e-01
9.863550e-01 5.667333e-01
9.786255e-01 5.667333e-01
9.702337e-01 5.393380e-01
9.615189e-01 5.393380e-01
9.524889e-01 5.393380e-01
9.442347e-01 5.393380e-01
9.371266e-01 5.393380e-01
9.311532e-01 5.393380e-01
9.245496e-01 5.279176e-01
9.180857e-01 5.279176e-01
9.094497e-01 5.279176e-01
9.016551e-01 5.279176e-01
8.955207e-01 5.279176e-01
8.892150e-01 5.279176e-01
8.804431e-01 5.279176e-01
8.745839e-01 5.279176e-01
8.676249e-01 5.279176e-01
8.622569e-01 5.279176e-01
8.574561e-01 5.279176e-01
8.513946e-01 5.279176e-01
8.466393e-01 5.279176e-01
8.400147e-01 5.279176e-01
8.351017e-01 5.279176e-01
8.292356e-01 5.279176e-01
8.240092e-01 5.279176e-01
8.178857e-01 5.279176e-01
8.107141e-01 5.279176e-01
8.025331e-01 4.776260e-01
7.862581e-01 4.205970e-01
7.702998e-01 4.205970e-01
7.566762e-01 4.205970e-01
7.333528e-01 4.205970e-01
7.091945e-01 3.678369e-01
6.897455e-01 3.678369e-01
6.742757e-01 3.678369e-01
6.624962e-01 3.678369e-01
6.486692e-01 3.678369e-01
6.340110e-01 3.678369e-01
6.216568e-01 3.678369e-01
6.090300e-01 3.678369e-01
5.971537e-01 3.678369e-01
5.864798e-01 3.678369e-01
5.764488e-01 3.678369e-01
5.640136e-01 3.678369e-01
5.578763e-01 3.678369e-01
5.455442e-01 3.652696e-01
5.365087e-01 3.652696e-01
5.273867e-01 3.652696e-01
5.174429e-01 3.652696e-01
5.092560e-01 3.652696e-01
5.009918e-01 3.652696e-01
4.918048e-01 3.652696e-01
4.832639e-01 3.652696e-01
4.745887e-01 3.552919e-01
4.680561e-01 3.171576e-01
4.610937e-01 3.171576e-01
4.534305e-01 3.171576e-01
4.467795e-01 3.171576e-01
4.391963e-01 3.171576e-01
4.322148e-01 3.171576e-01
4.248511e-01 3.171576e-01
4.168945e-01 3.171576e-01
4.081586e-01 3.171576e-01
4.007815e-01 3.171576e-01
3.887360e-01 3.171576e-01
3.775647e-01 3.171576e-01
3.643070e-01 3.171576e-01
3.370867e-01 3.171576e-01
1.849317e+01 1.308164e+01
1.291457e+01 9.619367e+00
9.088671e+00 7.094049e+00
7.024305e+00 5.578359e+00
5.337594e+00 4.280671e+00
4.157328e+00 2.960324e+00
2.979986e+00 1.258373e+00
1.914032e+00 7.371615e-01
1.656813e+00 7.371615e-01
1.541766e+00 7.358381e-01
1.470511e+00 7.358381e-01
1.407749e+00 7.358381e-01
1.358814e+00 6.527300e-01
1.316335e+00 6.527300e-01
1.286941e+00 6.527300e-01
1.254104e+00 6.527300e-01
1.231583e+00 6.433885e-01
1.207509e+00 6.433885e-01
1.188070e+00 6.118625e-01
1.171536e+00 6.118625e-01
1.153317e+00 6.118625e-01
1.134439e+00 6.118625e-01
1.117697e+00 6.118625e-01
1.101839e+00 5.591409e-01
1.090797e+00 5.591409e-01
1.079248e+00 5.591409e-01
1.065965e+00 5.591409e-01
1.055083e+00 4.802154e-01
1.040444e+00 4.802154e-01
1.029069e+00 4.802154e-01
1.019534e+00 4.802154e-01
1.008220e+00 4.802154e-01
9.996616e-01 4.802154e-01
9.889778e-01 4.802154e-01
9.815817e-01 4.802154e-01
9.727130e-01 4.802154e-01
9.659618e-01 4.802154e-01
9.578421e-01 4.802154e-01
9.489506e-01 4.802154e-01
9.423963e-01 4.802154e-01
9.352531e-01 4.802154e-01
9.282808e-01 4.802154e-01
9.196674e-01 4.802154e-01
9.136621e-01 4.802154e-01
9.062653e-01 4.802154e-01
8.991521e-01 4.802154e-01
8.912267e-01 4.802154e-01
8.850366e-01 4.802154e-01
8.793332e-01 4.802154e-01
8.720611e-01 4.802154e-01
8.676867e-01 4.802154e-01
8.617319e-01 4.802154e-01
8.562603e-01 4.802154e-01
8.508948e-01 4.802154e-01
8.442575e-01 4.802154e-01
8.367891e-01 4.802154e-01
8.267122e-01 4.802154e-01
8.192734e-01 4.802154e-01
8.092822e-01 4.802154e-01
8.020647e-01 4.802154e-01
7.841468e-01 4.802154e-01
7.621621e-01 4.802154e-01
7.415220e-01 4.802154e-01
7.259872e-01 4.802154e-01
7.103775e-01 4.455293e-01
6.967858e-01 4.455293e-01
6.834634e-01 4.455293e-01
6.725295e-01 4.455293e-01
6.613457e-01 3.965390e-01
6.507686e-01 3.965390e-01
6.404688e-01 3.965390e-01
6.297097e-01 3.682179e-01
6.183963e-01 3.682179e-01
6.088446e-01 3.682179e-01
5.981681e-01 3.682179e-01
5.893195e-01 3.682179e-01
5.823874e-01 3.682179e-01
5.720603e-01 3.682179e-01
5.625251e-01 3.682179e-01
5.498774e-01 3.682179e-01
5.414281e-01 3.682179e-01
5.312615e-01 3.682179e-01
5.230359e-01 3.682179e-01
5.159414e-01 3.682179e-01
5.093279e-01 3.682179e-01
5.037179e-01 3.682179e-01
4.973204e-01 3.620705e-01
4.906656e-01 3.471039e-01
4.834864e-01 3.471039e-01
4.771025e-01 3.471039e-01
4.691833e-01 3.471039e-01
4.618644e-01 3.471039e-01
4.544414e-01 3.471039e-01
4.474182e-01 3.471039e-01
4.390034e-01 3.471039e-01
4.304633e-01 3.430813e-01
4.197399e-01 3.110548e-01
4.096940e-01 3.110548e-01
3.970870e-01 3.110548e-01
3.783688e-01 3.110548e-01
3.390813e-01 3.110548e-01
1.844779e+01 1.343979e+01
1.286670e+01 9.527583e+00
8.956292e+00 6.589797e+00
6.877912e+00 5.213275e+00
5.235850e+00 4.092286e+00
4.083697e+00 3.003785e+00
2.925678e+00 9.620513e-01
1.902871e+00 9.088331e-01
1.645995e+00 6.905671e-01
1.529733e+00 6.698070e-01
1.457000e+00 6.698070e-01
1.390911e+00 6.545607e-01
1.346087e+00 6.545607e-01
1.306343e+00 6.545607e-01
1.278945e+00 6.545607e-01
1.246066e+00 6.545607e-01
1.222857e+00 6.545607e-01
1.199531e+00 6.545607e-01
1.178258e+00 6.545607e-01
1.159351e+00 6.545607e-01
1.140414e+00 6.545607e-01
1.128397e+00 6.545607e-01
1.114878e+00 6.035665e-01
1.099390e+00 5.681833e-01
1.087066e+00 5.681833e-01
1.072433e+00 5.681833e-01
1.059122e+00 5.681833e-01
1.047198e+00 5.681833e-01
1.036291e+00 5.681833e-01
1.024039e+00 5.681833e-01
1.014232e+00 5.681833e-01
1.005628e+00 5.681833e-01
9.977279e-01 5.681833e-01
9.883918e-01 5.681833e-01
9.805182e-01 5.681833e-01
9.730401e-01 5.681833e-01
9.653240e-01 5.681833e-01
9.590684e-01 5.681833e-01
9.506896e-01 5.681833e-01
9.442937e-01 5.681833e-01
9.358881e-01 5.681833e-01
9.290307e-01 5.681219e-01
9.224186e-01 5.681219e-01
9.163582e-01 5.681219e-01
9.097652e-01 5.681219e-01
9.031622e-01 5.680884e-01
8.971412e-01 5.680884e-01
8.914289e-01 5.680884e-01
8.846111e-01 5.197453e-01
8.790688e-01 5.197453e-01
8.733936e-01 5.197453e-01
8.683110e-01 5.197453e-01
8.622802e-01 5.197453e-01
8.572717e-01 5.197453e-01
8.512671e-01 5.197453e-01
8.463648e-01 5.197453e-01
8.412549e-01 5.197453e-01
8.360416e-01 5.197453e-01
8.295716e-01 5.197453e-01
8.249185e-01 5.197453e-01
8.202686e-01 5.197453e-01
8.148179e-01 5.197453e-01
7.992223e-01 4.817385e-01
7.855158e-01 4.817385e-01
7.616913e-01 4.817385e-01
7.368340e-01 4.508581e-01
7.141421e-01 4.349677e-01
6.995465e-01 4.349677e-01
6.824574e-01 4.349677e-01
6.692794e-01 4.327501e-01
6.567227e-01 4.327501e-01
6.458786e-01 4.327501e-01
6.313255e-01 4.289785e-01
6.149133e-01 4.097005e-01
6.043101e-01 4.097005e-01
5.917197e-01 4.097005e-01
5.776896e-01 3.466148e-01
5.653598e-01 3.466148e-01
5.543354e-01 3.466148e-01
5.440556e-01 3.466148e-01
5.336784e-01 3.466148e-01
5.246632e-01 3.466148e-01
5.163719e-01 3.466148e-01
5.077889e-01 3.466148e-01
4.987743e-01 3.373649e-01
4.918762e-01 3.373649e-01
4.833990e-01 3.373649e-01
4.766542e-01 3.373649e-01
4.705338e-01 3.373649e-01
4.639996e-01 3.373649e-01
4.566941e-01 3.229147e-01
4.486330e-01 3.229147e-01
4.417116e-01 3.229147e-01
4.344253e-01 3.229147e-01
4.260760e-01 3.229147e-01
4.178978e-01 3.229147e-01
4.077569e-01 3.229147e-01
3.966337e-01 3.229147e-01
3.834570e-01 3.229147e-01
3.698336e-01 3.229147e-01
3.346708e-01 3.229147e-01
1.842411e+01 1.257958e+01
1.287024e+01 9.124285e+00
8.900118e+00 6.812133e+00
6.846040e+00 5.380721e+00
5.222211e+00 3.955109e+00
4.060510e+00 2.985998e+00
2.896456e+00 1.335998e+00
1.909248e+00 7.973403e-01
1.654049e+00 7.973403e-01
1.539534e+00 7.797090e-01
1.466516e+00 7.797090e-01
1.411908e+00 7.797090e-01
1.368348e+00 7.448313e-01
1.325623e+00 6.136506e-01
1.299001e+00 6.136506e-01
1.271128e+00 6.136506e-01
1.249107e+00 6.136506e-01
1.225538e+00 6.136506e-01
1.204457e+00 6.136506e-01
1.190887e+00 6.136506e-01
1.173780e+00 6.136506e-01
1.157001e+00 6.136506e-01
1.140910e+00 6.136506e-01
1.123858e+00 6.136506e-01
1.112771e+00 6.136506e-01
1.098758e+00 6.060337e-01
1.087018e+00 6.060337e-01
1.077278e+00 6.060337e-01
1.065829e+00 6.060337e-01
1.055760e+00 6.060337e-01
1.047636e+00 6.060337e-01
1.037105e+00 6.060337e-01
1.026254e+00 6.060337e-01
1.017135e+00 4.623068e-01
1.008511e+00 4.623068e-01
9.987799e-01 4.623068e-01
9.905939e-01 4.623068e-01
9.815769e-01 4.623068e-01
9.734679e-01 4.623068e-01
9.672615e-01 4.623068e-01
9.611950e-01 4.623068e-01
9.532720e-01 4.623068e-01
9.462928e-01 4.623068e-01
9.405431e-01 4.623068e-01
9.333785e-01 4.623068e-01
9.242111e-01 4.623068e-01
9.170803e-01 4.623068e-01
9.105891e-01 4.623068e-01
9.056687e-01 4.623068e-01
8.985364e-01 4.623068e-01
8.916299e-01 4.623068e-01
8.856249e-01 4.623068e-01
8.792913e-01 4.623068e-01
8.735276e-01 4.623068e-01
8.676607e-01 4.623068e-01
8.627864e-01 4.623068e-01
8.574378e-01 4.623068e-01
8.515813e-01 4.623068e-01
8.399110e-01 4.623068e-01
8.179184e-01 4.623068e-01
8.028579e-01 4.623068e-01
7.904264e-01 4.623068e-01
7.823960e-01 4.623068e-01
7.667794e-01 4.623068e-01
7.484975e-01 4.623068e-01
7.294339e-01 4.623068e-01
7.151789e-01 4.623068e-01
7.020360e-01 4.623068e-01
6.917373e-01 4.623068e-01
6.794749e-01 4.428710e-01
6.699548e-01 4.052431e-01
6.565504e-01 4.052431e-01
6.448741e-01 4.052431e-01
6.341680e-01 4.052431e-01
6.195375e-01 4.052431e-01
6.061091e-01 4.052431e-01
5.939054e-01 4.052431e-01
5.834445e-01 4.052431e-01
5.714935e-01 4.052431e-01
5.610142e-01 4.052431e-01
5.520286e-01 3.976476e-01
5.418778e-01 3.976476e-01
5.342597e-01 3.976476e-01
5.251886e-01 3.976476e-01
5.184806e-01 3.976476e-01
5.123255e-01 3.976476e-01
5.057936e-01 3.866218e-01
4.967060e-01 3.866218e-01
4.897992e-01 3.866218e-01
4.829786e-01 3.866218e-01
4.746172e-01 3.825093e-01
4.673953e-01 3.825093e-01
4.601298e-01 3.720733e-01
4.519896e-01 3.720733e-01
4.440932e-01 3.542593e-01
4.346249e-01 3.542593e-01
4.248631e-01 3.542593e-01
4.152673e-01 3.542593e-01
4.040645e-01 3.542593e-01
3.883244e-01 3.542593e-01
3.629107e-01 3.542593e-01
1.855310e+01 1.214579e+01
1.304707e+01 9.359064e+00
9.229547e+00 7.029038e+00
7.069985e+00 5.647462e+00
5.394561e+00 4.344899e+00
4.204999e+00 2.952286e+00
3.099378e+00 1.230917e+00
1.955396e+00 9.281493e-01
1.669049e+00 8.991432e-01
1.543253e+00 8.467346e-01
1.467781e+00 7.679740e-01
1.410898e+00 6.728490e-01
1.365658e+00 6.728490e-01
1.323034e+00 6.728490e-01
1.289393e+00 6.728490e-01
1.256479e+00 6.728490e-01
1.233779e+00 6.728490e-01
1.212809e+00 5.937213e-01
1.192568e+00 5.937213e-01
1.173130e+00 5.937213e-01
1.154724e+00 5.937213e-01
1.137280e+00 5.937213e-01
1.123223e+00 5.937213e-01
1.108533e+00 5.759185e-01
1.097642e+00 5.759185e-01
1.085309e+00 5.759185e-01
1.072308e+00 5.759185e-01
1.061532e+00 5.759185e-01
1.049790e+00 5.759185e-01
1.038345e+00 5.613883e-01
1.028197e+00 5.587670e-01
1.018543e+00 5.587670e-01
1.009383e+00 5.587670e-01
9.987468e-01 5.587670e-01
9.898678e-01 5.587670e-01
9.830984e-01 5.587670e-01
9.763084e-01 5.587670e-01
9.683395e-01 5.587670e-01
9.585282e-01 5.587670e-01
9.500268e-01 5.587670e-01
9.440286e-01 5.587670e-01
9.374444e-01 5.587670e-01
9.302518e-01 5.587670e-01
9.230916e-01 5.587670e-01
9.149615e-01 5.587670e-01
9.089445e-01 5.587670e-01
9.030746e-01 5.587670e-01
8.965801e-01 5.587670e-01
8.911463e-01 5.587670e-01
8.834946e-01 5.587670e-01
8.774155e-01 5.587670e-01
8.716566e-01 5.587670e-01
8.657073e-01 5.587670e-01
8.604271e-01 5.587670e-01
8.551168e-01 5.391758e-01
8.496885e-01 5.391758e-01
8.455747e-01 5.391758e-01
8.410901e-01 5.391758e-01
8.365796e-01 5.391758e-01
8.320044e-01 5.391758e-01
8.261287e-01 5.391758e-01
8.134771e-01 5.391758e-01
7.870663e-01 4.380363e-01
7.578055e-01 4.380363e-01
7.347520e-01 4.380363e-01
7.192758e-01 4.380363e-01
6.998067e-01 4.380363e-01
6.817874e-01 4.380363e-01
6.673361e-01 4.380363e-01
6.552648e-01 4.366489e-01
6.445633e-01 4.366489e-01
6.318760e-01 4.366489e-01
6.174971e-01 4.211460e-01
6.080317e-01 4.211460e-01
5.958886e-01 4.211460e-01
5.821034e-01 3.799343e-01
5.703473e-01 3.799343e-01
5.612196e-01 3.799343e-01
5.507698e-01 3.799343e-01
5.420763e-01 3.799343e-01
5.329880e-01 3.799343e-01
5.245280e-01 3.799343e-01
5.174332e-01 3.799343e-01
5.103572e-01 3.799343e-01
5.041504e-01 3.799343e-01
4.970039e-01 3.799343e-01
4.890576e-01 3.799343e-01
4.818548e-01 3.799343e-01
4.747315e-01 3.792590e-01
4.681738e-01 3.792590e-01
4.609999e-01 3.792590e-01
4.527180e-01 3.559266e-01
4.461730e-01 3.559266e-01
4.357346e-01 3.441980e-01
4.280869e-01 3.441980e-01
4.205048e-01 3.441980e-01
4.121191e-01 3.441980e-01
4.017873e-01 3.441980e-01
3.901694e-01 3.308181e-01
3.732380e-01 3.308181e-01
3.464921e-01 3.308181e-01
1.846504e+01 1.301114e+01
1.288445e+01 9.871657e+00
8.982145e+00 6.747976e+00
6.902908e+00 5.107957e+00
5.284608e+00 4.073520e+00
4.129414e+00 2.976715e+00
2.985057e+00 1.053906e+00
1.934580e+00 8.230443e-01
1.662060e+00 7.858876e-01
1.536534e+00 7.858876e-01
1.453439e+00 7.647629e-01
1.399046e+00 7.647629e-01
1.356560e+00 7.647629e-01
1.315896e+00 7.237417e-01
1.286383e+00 6.671986e-01
1.252328e+00 6.671986e-01
1.228833e+00 6.671986e-01
1.206524e+00 6.261658e-01
1.183431e+00 6.261658e-01
1.167405e+00 6.261658e-01
1.149801e+00 6.162256e-01
1.134366e+00 6.118970e-01
1.117819e+00 6.118970e-01
1.104941e+00 6.118970e-01
1.091121e+00 6.118970e-01
1.080232e+00 6.118970e-01
1.066718e+00 6.070472e-01
1.056287e+00 6.070472e-01
1.045262e+00 6.070472e-01
1.036783e+00 6.070472e-01
1.027478e+00 6.070472e-01
1.018065e+00 6.070472e-01
1.009101e+00 6.070472e-01
9.984124e-01 6.070472e-01
9.885982e-01 5.378140e-01
9.801623e-01 5.378140e-01
9.704500e-01 5.378140e-01
9.611398e-01 5.378140e-01
9.535689e-01 5.378140e-01
9.462469e-01 5.378140e-01
9.381352e-01 5.378140e-01
9.311677e-01 5.378140e-01
9.229864e-01 5.378140e-01
9.161276e-01 5.378140e-01
9.085345e-01 5.378140e-01
9.008041e-01 5.378140e-01
8.943905e-01 5.378140e-01
8.881865e-01 5.378140e-01
8.832456e-01 5.378140e-01
8.774801e-01 5.378140e-01
8.712508e-01 5.378140e-01
8.660272e-01 5.378140e-01
8.611608e-01 5.378140e-01
8.553679e-01 5.378140e-01
8.499148e-01 5.242258e-01
8.441669e-01 5.242258e-01
8.388879e-01 5.242258e-01
8.341433e-01 5.242258e-01
8.294452e-01 5.242258e-01
8.238475e-01 5.242258e-01
8.190204e-01 5.242258e-01
8.145426e-01 5.242258e-01
8.087356e-01 5.242258e-01
8.039277e-01 5.242258e-01
7.991326e-01 5.242258e-01
7.941565e-01 5.242258e-01
7.877386e-01 5.242258e-01
7.818535e-01 5.242258e-01
7.765725e-01 5.242258e-01
7.701943e-01 5.242258e-01
7.534831e-01 4.782530e-01
7.380719e-01 4.721992e-01
7.213795e-01 4.721161e-01
6.912215e-01 4.721161e-01
6.718927e-01 4.340876e-01
6.513569e-01 4.135129e-01
6.319503e-01 3.998741e-01
6.151355e-01 3.431324e-01
5.972092e-01 3.431324e-01
5.827381e-01 3.431324e-01
5.669412e-01 3.431324e-01
5.570811e-01 3.431324e-01
5.411458e-01 3.431324e-01
5.280425e-01 3.431324e-01
5.155245e-01 3.431324e-01
5.035354e-01 3.431324e-01
4.918584e-01 2.740256e-01
4.816837e-01 2.740256e-01
4.715820e-01 2.740256e-01
4.615551e-01 2.740256e-01
4.521174e-01 2.740256e-01
4.429186e-01 2.740256e-01
4.338422e-01 2.740256e-01
4.233214e-01 2.740256e-01
4.136016e-01 2.740256e-01
4.036962e-01 2.740256e-01
3.923192e-01 2.740256e-01
3.790173e-01 2.740256e-01
3.671769e-01 2.740256e-01
3.484729e-01 2.740256e-01
3.043653e-01 2.740256e-01
1.845972e+01 1.288613e+01
1.293574e+01 9.086788e+00
8.971579e+00 6.640789e+00
6.884654e+00 5.452871e+00
5.236894e+00 4.007729e+00
4.109713e+00 2.959018e+00
2.950425e+00 1.134281e+00
1.908107e+00 7.396100e-01
1.660294e+00 7.396100e-01
1.548968e+00 7.396100e-01
1.463879e+00 7.396100e-01
1.399860e+00 7.396100e-01
1.351744e+00 7.396100e-01
1.312626e+00 7.396100e-01
1.282925e+00 7.396100e-01
1.254494e+00 7.313640e-01
1.230392e+00 7.313640e-01
1.206243e+00 7.313640e-01
1.186442e+00 6.956771e-01
1.171965e+00 6.956771e-01
1.153593e+00 6.554244e-01
1.138960e+00 6.554244e-01
1.122657e+00 6.495405e-01
1.107934e+00 6.495405e-01
1.094927e+00 6.458423e-01
1.084015e+00 6.458423e-01
1.070822e+00 6.456912e-01
1.059057e+00 6.379324e-01
1.047900e+00 6.379324e-01
1.035886e+00 6.158733e-01
1.026429e+00 6.005543e-01
1.016497e+00 6.005543e-01
1.006990e+00 6.005543e-01
9.973555e-01 6.005543e-01
9.889919e-01 6.005543e-01
9.797793e-01 4.908730e-01
9.703645e-01 4.908730e-01
9.609255e-01 4.908730e-01
9.519585e-01 4.908730e-01
9.454148e-01 4.908730e-01
9.372394e-01 4.908730e-01
9.317397e-01 4.908730e-01
9.254681e-01 4.908730e-01
9.178490e-01 4.908730e-01
9.122229e-01 4.908730e-01
9.050801e-01 4.908730e-01
8.990129e-01 4.908730e-01
8.924162e-01 4.908730e-01
8.875321e-01 4.908730e-01
8.818236e-01 4.908730e-01
8.740106e-01 4.908730e-01
8.691873e-01 4.908730e-01
8.640483e-01 4.908730e-01
8.594190e-01 4.908730e-01
8.532261e-01 4.564088e-01
8.479616e-01 4.564088e-01
8.412312e-01 4.564088e-01
8.354340e-01 4.564088e-01
8.304319e-01 4.564088e-01
8.245175e-01 4.564088e-01
8.206196e-01 4.564088e-01
8.145690e-01 4.564088e-01
8.094722e-01 4.564088e-01
8.019188e-01 4.564088e-01
7.947622e-01 4.564088e-01
7.833023e-01 4.564088e-01
7.594432e-01 4.564088e-01
7.383700e-01 4.412160e-01
7.144025e-01 4.412160e-01
6.956593e-01 4.412160e-01
6.786796e-01 4.277454e-01
6.625540e-01 4.077120e-01
6.518024e-01 4.077120e-01
6.346902e-01 3.921492e-01
6.219890e-01 3.921492e-01
6.097196e-01 3.921492e-01
5.959645e-01 3.921492e-01
5.834192e-01 3.921492e-01
5.727411e-01 3.921492e-01
5.629208e-01 3.642977e-01
5.512507e-01 3.516544e-01
5.375386e-01 3.471703e-01
5.261501e-01 3.471703e-01
5.153934e-01 3.471703e-01
5.062318e-01 3.471703e-01
4.950531e-01 3.471703e-01
4.854774e-01 3.471703e-01
4.767519e-01 3.471703e-01
4.687509e-01 3.471703e-01
4.611155e-01 3.471703e-01
4.535749e-01 3.471703e-01
4.443379e-01 3.471703e-01
4.361632e-01 3.392392e-01
4.293025e-01 3.392392e-01
4.219071e-01 3.374953e-01
4.120115e-01 3.374953e-01
4.027607e-01 3.161253e-01
3.919271e-01 3.161253e-01
3.779168e-01 3.161253e-01
3.571126e-01 3.161253e-01
3.272574e-01 3.161253e-01
1.844765e+01 1.345270e+01
1.293430e+01 9.603938e+00
9.069056e+00 6.519212e+00
6.953082e+00 5.133932e+00
5.313708e+00 4.141485e+00
4.179966e+00 3.185110e+00
3.108140e+00 1.165750e+00
1.940470e+00 6.610409e-01
1.644114e+00 6.610409e-01
1.522675e+00 6.610409e-01
1.436511e+00 6.445946e-01
1.379651e+00 6.445946e-01
1.332752e+00 6.445946e-01
1.289334e+00 6.373024e-01
1.260376e+00 6.174047e-01
1.230132e+00 6.174047e-01
1.207595e+00 6.174047e-01
1.183312e+00 6.174047e-01
1.159494e+00 6.174047e-01
1.141638e+00 6.174047e-01
1.121544e+00 6.136507e-01
1.105540e+00 6.136507e-01
1.091074e+00 5.768285e-01
1.074971e+00 5.768285e-01
1.063347e+00 5.768285e-01
1.053792e+00 5.768285e-01
1.041430e+00 5.768285e-01
1.031602e+00 5.768285e-01
1.021444e+00 5.768285e-01
1.010334e+00 5.768285e-01
1.001164e+00 5.768285e-01
9.908800e-01 5.768285e-01
9.816806e-01 5.768285e-01
9.724529e-01 5.768285e-01
9.658005e-01 5.768285e-01
9.590682e-01 5.768285e-01
9.513986e-01 5.666278e-01
9.416174e-01 5.666278e-01
9.343462e-01 5.666278e-01
9.267906e-01 5.666278e-01
9.211993e-01 5.666278e-01
9.157314e-01 5.666278e-01
9.105287e-01 5.666278e-01
9.047826e-01 5.666278e-01
8.980817e-01 5.666278e-01
8.907892e-01 5.602598e-01
8.839832e-01 5.602598e-01
8.781227e-01 5.602598e-01
8.722047e-01 5.580680e-01
8.660909e-01 5.580680e-01
8.593881e-01 5.580680e-01
8.546541e-01 5.580680e-01
8.495252e-01 5.176639e-01
8.454927e-01 5.176639e-01
8.402354e-01 5.176639e-01
8.334699e-01 5.079275e-01
8.277101e-01 5.079275e-01
8.223742e-01 5.079275e-01
8.118996e-01 5.079275e-01
7.993729e-01 5.079275e-01
7.786610e-01 5.079275e-01
7.529935e-01 4.775609e-01
7.298430e-01 4.172267e-01
7.159898e-01 4.172267e-01
7.006173e-01 4.172267e-01
6.889794e-01 4.172267e-01
6.768239e-01 4.172267e-01
6.654819e-01 4.172267e-01
6.554440e-01 3.961533e-01
6.476047e-01 3.961533e-01
6.375644e-01 3.961533e-01
6.228852e-01 3.961533e-01
6.120024e-01 3.961533e-01
6.046181e-01 3.961533e-01
5.953625e-01 3.961533e-01
5.844367e-01 3.961533e-01
5.748378e-01 3.961533e-01
5.634705e-01 3.961533e-01
5.541341e-01 3.961533e-01
5.429987e-01 3.961533e-01
5.357437e-01 3.961533e-01
5.263990e-01 3.961533e-01
5.191390e-01 3.961533e-01
5.126976e-01 3.729791e-01
5.058820e-01 3.729791e-01
4.988424e-01 3.729791e-01
4.916818e-01 3.729791e-01
4.855589e-01 3.729791e-01
4.788147e-01 3.693083e-01
4.711143e-01 3.693083e-01
4.637021e-01 3.693083e-01
4.550965e-01 3.693083e-01
4.487516e-01 3.693083e-01
4.422793e-01 3.693083e-01
4.353083e-01 3.409126e-01
4.269607e-01 3.409126e-01
4.194515e-01 3.409126e-01
4.096789e-01 3.409126e-01
3.970440e-01 3.409126e-01
3.803853e-01 3.409126e-01
3.585665e-01 3.409126e-01
1.849185e+01 1.329183e+01
1.290079e+01 9.793498e+00
9.007441e+00 6.935086e+00
6.928319e+00 5.406873e+00
5.287301e+00 4.077096e+00
4.158749e+00 3.199879e+00
3.062082e+00 1.392533e+00
1.939736e+00 8.758744e-01
1.666773e+00 7.885201e-01
1.548501e+00 7.678691e-01
1.470324e+00 7.166269e-01
1.410358e+00 6.719750e-01
1.366719e+00 6.719750e-01
1.325220e+00 6.719750e-01
1.295594e+00 6.719750e-01
1.266826e+00 6.567335e-01
1.240492e+00 6.343421e-01
1.217651e+00 6.076973e-01
1.194451e+00 6.076973e-01
1.176220e+00 6.076973e-01
1.161143e+00 6.076973e-01
1.143946e+00 5.967121e-01
1.127795e+00 5.967121e-01
1.111092e+00 5.967121e-01
1.096385e+00 5.967121e-01
1.084533e+00 5.967121e-01
1.071371e+00 5.316451e-01
1.060976e+00 5.316451e-01
1.049241e+00 5.316451e-01
1.039756e+00 5.316451e-01
1.031135e+00 5.316451e-01
1.021363e+00 5.316451e-01
1.010541e+00 5.316451e-01
1.000032e+00 5.316451e-01
9.906133e-01 5.316451e-01
9.818615e-01 5.316451e-01
9.735077e-01 5.316451e-01
9.651609e-01 5.316451e-01
9.560469e-01 5.316451e-01
9.479231e-01 5.316451e-01
9.395587e-01 5.316451e-01
9.329036e-01 5.316451e-01
9.266768e-01 5.316451e-01
9.198791e-01 5.316451e-01
9.127824e-01 5.316451e-01
9.062432e-01 5.316451e-01
9.005025e-01 5.316451e-01
8.939412e-01 5.316451e-01
8.880545e-01 5.229148e-01
8.815438e-01 5.229148e-01
8.745713e-01 5.229148e-01
8.681813e-01 5.229148e-01
8.633106e-01 5.229148e-01
8.573898e-01 5.229148e-01
8.511110e-01 5.229148e-01
8.459221e-01 5.229148e-01
8.396412e-01 5.229148e-01
8.342670e-01 5.229148e-01
8.246068e-01 4.677181e-01
8.056618e-01 4.677181e-01
7.883755e-01 4.677181e-01
7.661187e-01 4.677181e-01
7.453702e-01 4.677181e-01
7.260331e-01 4.677181e-01
7.072761e-01 4.677181e-01
6.926420e-01 4.112855e-01
6.810494e-01 4.112855e-01
6.691108e-01 4.112855e-01
6.575096e-01 4.112855e-01
6.469787e-01 4.112855e-01
6.363254e-01 4.112855e-01
6.196842e-01 4.112855e-01
6.085504e-01 4.112855e-01
5.962626e-01 3.907353e-01
5.853288e-01 3.907353e-01
5.712357e-01 3.907353e-01
5.603666e-01 3.079126e-01
5.505106e-01 3.079126e-01
5.409209e-01 3.079126e-01
5.327707e-01 3.079126e-01
5.230586e-01 3.079126e-01
5.155592e-01 3.079126e-01
5.068541e-01 3.079126e-01
4.998281e-01 3.079126e-01
4.936393e-01 3.079126e-01
4.866859e-01 3.079126e-01
4.809705e-01 3.079126e-01
4.749981e-01 3.079126e-01
4.681023e-01 3.079126e-01
4.616586e-01 3.079126e-01
4.547727e-01 3.079126e-01
4.469289e-01 3.079126e-01
4.384630e-01 3.079126e-01
4.311372e-01 3.079126e-01
4.246107e-01 3.079126e-01
4.170856e-01 3.079126e-01
4.102130e-01 3.079126e-01
4.013848e-01 3.079126e-01
3.881776e-01 3.079126e-01
3.676889e-01 3.079126e-01
3.181827e-01 2.911994e-01
1.848027e+01 1.237269e+01
1.302883e+01 8.977749e+00
9.172649e+00 7.034729e+00
7.008871e+00 5.713885e+00
5.309661e+00 4.037664e+00
4.123404e+00 2.843675e+00
3.001242e+00 9.796377e-01
1.932919e+00 7.888883e-01
1.657934e+00 6.580221e-01
1.540079e+00 6.580221e-01
1.464271e+00 6.580221e-01
1.399584e+00 6.580221e-01
1.354527e+00 6.580221e-01
1.311724e+00 6.580221e-01
1.277089e+00 6.580221e-01
1.248917e+00 6.580221e-01
1.228748e+00 6.580221e-01
1.204603e+00 6.580221e-01
1.186587e+00 6.391305e-01
1.172602e+00 6.391305e-01
1.153424e+00 6.391305e-01
1.133869e+00 6.391305e-01
1.119299e+00 6.391305e-01
1.104002e+00 5.769833e-01
1.090868e+00 5.769833e-01
1.077271e+00 5.769833e-01
1.064760e+00 5.769833e-01
1.056982e+00 5.769833e-01
1.043383e+00 5.675237e-01
1.031713e+00 5.675237e-01
1.018483e+00 5.675237e-01
1.007692e+00 5.675237e-01
9.980876e-01 5.675237e-01
9.884807e-01 5.675237e-01
9.788142e-01 5.675237e-01
9.694573e-01 5.675237e-01
9.619634e-01 5.675237e-01
9.548428e-01 5.675237e-01
9.464991e-01 5.675237e-01
9.387193e-01 4.819322e-01
9.322984e-01 4.819322e-01
9.257876e-01 4.819322e-01
9.189187e-01 4.819322e-01
9.110440e-01 4.819322e-01
9.014219e-01 4.819322e-01
8.955694e-01 4.819322e-01
8.889234e-01 4.819322e-01
8.817740e-01 4.819322e-01
8.747693e-01 4.819322e-01
8.678587e-01 4.819322e-01
8.614164e-01 4.819322e-01
8.558810e-01 4.819322e-01
8.507709e-01 4.819322e-01
8.458875e-01 4.819322e-01
8.388532e-01 4.819322e-01
8.307855e-01 4.819322e-01
8.160663e-01 4.819322e-01
8.058819e-01 4.819322e-01
7.898127e-01 4.819322e-01
7.718928e-01 4.618804e-01
7.593486e-01 4.618804e-01
7.384215e-01 4.618804e-01
7.139705e-01 4.618804e-01
6.954402e-01 4.356502e-01
6.783999e-01 4.196855e-01
6.663466e-01 3.874078e-01
6.555186e-01 3.874078e-01
6.453233e-01 3.874078e-01
6.362908e-01 3.874078e-01
6.250199e-01 3.874078e-01
6.145669e-01 3.874078e-01
6.048110e-01 3.874078e-01
5.947102e-01 3.867528e-01
5.840139e-01 3.867528e-01
5.738522e-01 3.867528e-01
5.628946e-01 3.867528e-01
5.530787e-01 3.867528e-01
5.450700e-01 3.867528e-01
5.367335e-01 3.860703e-01
5.275261e-01 3.860703e-01
5.197057e-01 3.860703e-01
5.130033e-01 3.817832e-01
5.061721e-01 3.817832e-01
4.999566e-01 3.817832e-01
4.942320e-01 3.817832e-01
4.877423e-01 3.817832e-01
4.832399e-01 3.817832e-01
4.772954e-01 3.817832e-01
4.710612e-01 3.817832e-01
4.651676e-01 3.623398e-01
4.587692e-01 3.623398e-01
4.519039e-01 3.623398e-01
4.447067e-01 3.473128e-01
4.379576e-01 3.473128e-01
4.311965e-01 3.473128e-01
4.231283e-01 3.473128e-01
4.148221e-01 3.473128e-01
4.060047e-01 3.473128e-01
3.942572e-01 3.473128e-01
3.764208e-01 3.409330e-01
3.371807e-01 3.254059e-01
1.844919e+01 1.354325e+01
1.282608e+01 8.485592e+00
8.870723e+00 6.837722e+00
6.825076e+00 5.146110e+00
5.241815e+00 4.159987e+00
4.108534e+00 2.958497e+00
2.970572e+00 1.164821e+00
1.891227e+00 8.850692e-01
1.642107e+00 8.389194e-01
1.527094e+00 8.120206e-01
1.449250e+00 5.775972e-01
1.402582e+00 5.775972e-01
1.359078e+00 5.775972e-01
1.316354e+00 5.775972e-01
1.284835e+00 5.775972e-01
1.253367e+00 5.775972e-01
1.231316e+00 5.775972e-01
1.204646e+00 5.775972e-01
1.184212e+00 5.775972e-01
1.169058e+00 5.775972e-01
1.148335e+00 5.775972e-01
1.131212e+00 5.775972e-01
1.116044e+00 5.775972e-01
1.099835e+00 5.775972e-01
1.088434e+00 5.775972e-01
1.077264e+00 5.775972e-01
1.065684e+00 5.775972e-01
1.054410e+00 5.775972e-01
1.044081e+00 5.775972e-01
1.034466e+00 5.621555e-01
1.024654e+00 5.621555e-01
1.014115e+00 5.621555e-01
1.004479e+00 5.621555e-01
9.962429e-01 5.621555e-01
9.885428e-01 5.621555e-01
9.812675e-01 5.621555e-01
9.730092e-01 5.621555e-01
9.654642e-01 5.621555e-01
9.582433e-01 5.621555e-01
9.516894e-01 5.621555e-01
9.447996e-01 5.621555e-01
9.379538e-01 5.621555e-01
9.294258e-01 5.441609e-01
9.244336e-01 5.441609e-01
9.188561e-01 5.441609e-01
9.113693e-01 5.441609e-01
9.042196e-01 5.441609e-01
8.973282e-01 5.441609e-01
8.914471e-01 5.441609e-01
8.849798e-01 5.441609e-01
8.787969e-01 5.441609e-01
8.725160e-01 5.441609e-01
8.656858e-01 5.441609e-01
8.541834e-01 5.366897e-01
8.349172e-01 4.776547e-01
8.073740e-01 4.776547e-01
7.830083e-01 4.776547e-01
7.650920e-01 4.490482e-01
7.484731e-01 4.490482e-01
7.314184e-01 4.490482e-01
7.196860e-01 4.490482e-01
7.052692e-01 4.490482e-01
6.911014e-01 4.275491e-01
6.810863e-01 4.275491e-01
6.708485e-01 4.275491e-01
6.627692e-01 4.275491e-01
6.552554e-01 4.275491e-01
6.463518e-01 4.275491e-01
6.368958e-01 4.275491e-01
6.262916e-01 4.275491e-01
6.181650e-01 4.275491e-01
6.055763e-01 4.159279e-01
5.968621e-01 4.133429e-01
5.902126e-01 4.133429e-01
5.834996e-01 4.133429e-01
5.753745e-01 4.133429e-01
5.653981e-01 4.126593e-01
5.555254e-01 4.126593e-01
5.482745e-01 3.795217e-01
5.410954e-01 3.740957e-01
5.339756e-01 3.740957e-01
5.263464e-01 3.740957e-01
5.196611e-01 3.740957e-01
5.131490e-01 3.740957e-01
5.074992e-01 3.740957e-01
5.011516e-01 3.740957e-01
4.943470e-01 3.727919e-01
4.880014e-01 3.727919e-01
4.815834e-01 3.644670e-01
4.751949e-01 3.644670e-01
4.685167e-01 3.644670e-01
4.619012e-01 3.644670e-01
4.553814e-01 3.592406e-01
4.491875e-01 3.592406e-01
4.423214e-01 3.592406e-01
4.347035e-01 3.488869e-01
4.250161e-01 3.488869e-01
4.143654e-01 3.396470e-01
3.993001e-01 3.396470e-01
3.763879e-01 2.842043e-01
3.267042e-01 2.842043e-01
1.841000e+01 1.293009e+01
1.290933e+01 9.130052e+00
9.036615e+00 6.710746e+00
6.979235e+00 5.514025e+00
5.344008e+00 4.194587e+00
4.149875e+00 2.847776e+00
2.993162e+00 1.144209e+00
1.931559e+00 8.046148e-01
1.672947e+00 8.046148e-01
1.549270e+00 7.715936e-01
1.469942e+00 7.715936e-01
1.408725e+00 6.497393e-01
1.360830e+00 6.497393e-01
1.319884e+00 6.497393e-01
1.290062e+00 6.497393e-01
1.258946e+00 6.497393e-01
1.236290e+00 6.497393e-01
1.210885e+00 6.497393e-01
1.187659e+00 5.963181e-01
1.173587e+00 5.963181e-01
1.154459e+00 5.963181e-01
1.138526e+00 5.963181e-01
1.122591e+00 5.963181e-01
1.109679e+00 5.963181e-01
1.096992e+00 5.887947e-01
1.084782e+00 5.887947e-01
1.069882e+00 5.887947e-01
1.061386e+00 5.808159e-01
1.049068e+00 5.808159e-01
1.037745e+00 5.808159e-01
1.028461e+00 5.662370e-01
1.019916e+00 5.662370e-01
1.010188e+00 5.662370e-01
9.992932e-01 5.662370e-01
9.901412e-01 5.662370e-01
9.826556e-01 5.240327e-01
9.736009e-01 5.240327e-01
9.650533e-01 5.240327e-01
9.570320e-01 5.240327e-01
9.492055e-01 5.240327e-01
9.394307e-01 5.240327e-01
9.304463e-01 5.240327e-01
9.234222e-01 5.240327e-01
9.166165e-01 5.240327e-01
9.092307e-01 5.240327e-01
9.020839e-01 5.240327e-01
8.951980e-01 5.240327e-01
8.882859e-01 5.240327e-01
8.820552e-01 5.240327e-01
8.769605e-01 5.240327e-01
8.699205e-01 5.240327e-01
8.646293e-01 5.240327e-01
8.589612e-01 5.240327e-01
8.516331e-01 5.240327e-01
8.441004e-01 5.240327e-01
8.302328e-01 5.004024e-01
8.141048e-01 4.688617e-01
7.950880e-01 4.688617e-01
7.734214e-01 3.997025e-01
7.506484e-01 3.997025e-01
7.340760e-01 3.997025e-01
7.172311e-01 3.814947e-01
7.044113e-01 3.814947e-01
6.925991e-01 3.814947e-01
6.796776e-01 3.814947e-01
6.693395e-01 3.814947e-01
6.595103e-01 3.814947e-01
6.502551e-01 3.814947e-01
6.402655e-01 3.814947e-01
6.310840e-01 3.814947e-01
6.201919e-01 3.814947e-01
6.102393e-01 3.814947e-01
6.002752e-01 3.814947e-01
5.915555e-01 3.814947e-01
5.838444e-01 3.814947e-01
5.735362e-01 3.542104e-01
5.625005e-01 3.542104e-01
5.530940e-01 3.542104e-01
5.430333e-01 3.542104e-01
5.333824e-01 3.542104e-01
5.246239e-01 3.444616e-01
5.159456e-01 3.444616e-01
5.085456e-01 3.444616e-01
5.016443e-01 3.444616e-01
4.944297e-01 3.444616e-01
4.869367e-01 3.444616e-01
4.790152e-01 3.444616e-01
4.720177e-01 3.348949e-01
4.659042e-01 3.348949e-01
4.594206e-01 3.348949e-01
4.531273e-01 3.348949e-01
4.459698e-01 3.348949e-01
4.387979e-01 3.068075e-01
4.311769e-01 3.068075e-01
4.230601e-01 3.068075e-01
4.153757e-01 3.068075e-01
4.073751e-01 3.068075e-01
3.962263e-01 3.068075e-01
3.843508e-01 3.068075e-01
3.665524e-01 3.036823e-01
3.121797e-01 3.036823e-01
1.854539e+01 1.290953e+01
1.300500e+01 9.377774e+00
8.995312e+00 6.782500e+00
6.914528e+00 5.318225e+00
5.291907e+00 3.928235e+00
4.140116e+00 3.091862e+00
2.997712e+00 1.108371e+00
1.924728e+00 8.621450e-01
1.646709e+00 7.832020e-01
1.530420e+00 6.122191e-01
1.451766e+00 6.122191e-01
1.393516e+00 6.122191e-01
1.347313e+00 6.122191e-01
1.306196e+00 6.122191e-01
1.276770e+00 6.122191e-01
1.246324e+00 6.122191e-01
1.225343e+00 6.122191e-01
1.200481e+00 6.122191e-01
1.179669e+00 6.122191e-01
1.162651e+00 6.122191e-01
1.143248e+00 6.122191e-01
1.124423e+00 6.122191e-01
1.112430e+00 6.122191e-01
1.096238e+00 5.881279e-01
1.082830e+00 5.098075e-01
1.069398e+00 5.098075e-01
1.056415e+00 5.098075e-01
1.043281e+00 5.098075e-01
1.031131e+00 5.098075e-01
1.020917e+00 5.098075e-01
1.012232e+00 5.098075e-01
1.003145e+00 5.098075e-01
9.945015e-01 5.098075e-01
9.850626e-01 5.098075e-01
9.768767e-01 5.098075e-01
9.694602e-01 5.098075e-01
9.608775e-01 5.098075e-01
9.536624e-01 5.098075e-01
9.466213e-01 5.098075e-01
9.397522e-01 5.098075e-01
9.327070e-01 5.098075e-01
9.250618e-01 5.098075e-01
9.171735e-01 5.098075e-01
9.120582e-01 5.098075e-01
9.064730e-01 5.098075e-01
9.005484e-01 5.098075e-01
8.908905e-01 5.098075e-01
8.729753e-01 5.098075e-01
8.568901e-01 5.098075e-01
8.408143e-01 5.098075e-01
8.186977e-01 5.098075e-01
7.990853e-01 4.676570e-01
7.775504e-01 4.676570e-01
7.611859e-01 4.676570e-01
7.470193e-01 4.676570e-01
7.349541e-01 4.676570e-01
7.219893e-01 4.676570e-01
7.119307e-01 4.625764e-01
7.026523e-01 4.321899e-01
6.951231e-01 4.321899e-01
6.873154e-01 4.321899e-01
6.785617e-01 3.347859e-01
6.692248e-01 3.347859e-01
6.620444e-01 3.347859e-01
6.525701e-01 3.347859e-01
6.435709e-01 3.347859e-01
6.352789e-01 3.347859e-01
6.286174e-01 3.347859e-01
6.218203e-01 3.347859e-01
6.118942e-01 3.347859e-01
6.028982e-01 3.347859e-01
5.943600e-01 3.347859e-01
5.884980e-01 3.347859e-01
5.816424e-01 3.347859e-01
5.722986e-01 3.347859e-01
5.628369e-01 3.347859e-01
5.559628e-01 3.347859e-01
5.483433e-01 3.347859e-01
5.406784e-01 3.347859e-01
5.345747e-01 3.347859e-01
5.281713e-01 3.347859e-01
5.216393e-01 3.347859e-01
5.153572e-01 3.347859e-01
5.090377e-01 3.347859e-01
5.025974e-01 3.347859e-01
4.966455e-01 3.347859e-01
4.904647e-01 3.347859e-01
4.841101e-01 3.347859e-01
4.783003e-01 3.347859e-01
4.730266e-01 3.347859e-01
4.667339e-01 3.347859e-01
4.602398e-01 3.347859e-01
4.538845e-01 3.347859e-01
4.471543e-01 3.347859e-01
4.397674e-01 3.347859e-01
4.318356e-01 3.347859e-01
4.220028e-01 3.347859e-01
4.132990e-01 3.347859e-01
4.026679e-01 3.347859e-01
3.867937e-01 3.292663e-01
3.496394e-01 3.292663e-01
