2.152474e+03 1.000103e+03
1.223930e+03 7.158163e+02
6.854226e+02 4.084032e+02
4.586048e+02 2.927941e+02
3.002337e+02 2.056338e+02
2.079780e+02 1.298452e+02
1.453506e+02 7.975186e+01
1.026911e+02 6.565637e+01
7.108414e+01 4.242287e+01
4.731562e+01 1.144116e+01
2.590757e+01 3.024846e+00
1.023700e+01 4.635261e-01
6.577730e+00 4.635261e-01
4.963698e+00 3.135644e-01
4.292998e+00 3.135644e-01
3.729233e+00 3.135644e-01
3.406272e+00 3.135644e-01
3.139681e+00 2.958248e-01
2.927574e+00 2.958248e-01
2.772104e+00 2.958248e-01
2.603838e+00 2.958248e-01
2.462811e+00 2.958248e-01
2.335867e+00 2.958248e-01
2.218704e+00 2.958248e-01
2.106158e+00 2.958248e-01
2.024372e+00 2.958248e-01
1.934331e+00 2.958248e-01
1.874566e+00 2.958248e-01
1.813100e+00 2.958248e-01
1.762682e+00 2.958248e-01
1.700798e+00 2.958248e-01
1.645426e+00 2.958248e-01
1.591864e+00 2.958248e-01
1.540578e+00 2.958248e-01
1.503100e+00 2.958248e-01
1.466398e+00 2.958248e-01
1.425235e+00 2.690743e-01
1.389521e+00 2.690743e-01
1.357793e+00 2.690743e-01
1.328465e+00 2.690743e-01
1.299900e+00 2.690743e-01
1.266732e+00 2.690743e-01
1.239706e+00 2.690743e-01
1.216135e+00 2.690743e-01
1.186916e+00 2.690743e-01
1.163247e+00 2.690743e-01
1.138404e+00 2.690743e-01
1.120502e+00 2.690743e-01
1.104346e+00 2.690743e-01
1.084839e+00 2.690743e-01
1.046060e+00 2.690743e-01
9.212099e-01 2.690743e-01
8.303353e-01 2.690743e-01
7.562406e-01 2.690743e-01
7.128097e-01 2.690743e-01
6.785041e-01 2.690743e-01
6.454776e-01 2.690743e-01
6.190935e-01 2.685733e-01
5.909037e-01 1.913053e-01
5.658553e-01 1.913053e-01
5.455555e-01 1.913053e-01
5.267659e-01 1.913053e-01
5.043180e-01 1.913053e-01
4.876033e-01 1.913053e-01
4.716697e-01 1.913053e-01
4.608257e-01 1.913053e-01
4.353079e-01 1.913053e-01
4.150368e-01 1.913053e-01
3.987668e-01 1.913053e-01
3.875949e-01 1.913053e-01
3.797945e-01 1.913053e-01
3.718023e-01 1.913053e-01
3.593206e-01 1.913053e-01
3.463170e-01 1.913053e-01
3.359874e-01 1.913053e-01
3.270541e-01 1.913053e-01
3.188027e-01 1.913053e-01
3.101752e-01 1.913053e-01
3.033060e-01 1.913053e-01
2.958788e-01 1.913053e-01
2.888007e-01 1.913053e-01
2.832350e-01 1.776685e-01
2.782083e-01 1.776685e-01
2.737457e-01 1.684590e-01
2.690096e-01 1.684590e-01
2.655033e-01 1.684590e-01
2.625957e-01 1.684590e-01
2.592406e-01 1.684590e-01
2.555535e-01 1.684590e-01
2.526799e-01 1.684590e-01
2.492193e-01 1.684590e-01
2.449160e-01 1.684590e-01
2.408902e-01 1.684590e-01
2.368992e-01 1.684590e-01
2.328982e-01 1.684590e-01
2.283081e-01 1.684590e-01
2.228784e-01 1.684590e-01
2.177453e-01 1.684590e-01
2.103962e-01 1.684590e-01
2.002767e-01 1.684590e-01
1.776396e-01 1.670773e-01
2.151966e+03 1.060415e+03
1.216130e+03 7.169404e+02
6.823673e+02 3.441130e+02
4.540380e+02 2.686296e+02
2.926856e+02 1.769273e+02
1.993845e+02 1.212551e+02
1.399243e+02 7.552587e+01
9.998157e+01 6.374618e+01
7.015623e+01 3.336266e+01
4.630500e+01 1.165102e+01
2.424416e+01 1.619121e+00
9.841582e+00 4.365989e-01
6.422079e+00 4.365989e-01
5.042059e+00 4.365989e-01
4.311850e+00 4.365989e-01
3.753587e+00 3.023529e-01
3.396664e+00 3.023529e-01
3.120282e+00 3.023529e-01
2.929265e+00 3.023529e-01
2.757048e+00 3.023529e-01
2.568560e+00 3.023529e-01
2.444293e+00 3.023529e-01
2.330728e+00 3.023529e-01
2.231012e+00 3.023529e-01
2.133989e+00 3.023529e-01
2.059806e+00 3.023529e-01
1.963136e+00 3.023529e-01
1.903503e+00 3.023529e-01
1.845921e+00 3.023529e-01
1.792787e+00 3.023529e-01
1.750354e+00 3.023529e-01
1.695664e+00 2.698141e-01
1.642993e+00 2.698141e-01
1.590741e+00 2.698141e-01
1.551812e+00 2.698141e-01
1.512606e+00 2.698141e-01
1.477376e+00 2.698141e-01
1.433946e+00 2.698141e-01
1.399161e+00 2.698141e-01
1.368454e+00 2.698141e-01
1.336883e+00 2.698141e-01
1.315277e+00 2.698141e-01
1.290102e+00 2.698141e-01
1.267854e+00 2.491952e-01
1.241304e+00 2.491952e-01
1.215085e+00 2.491952e-01
1.186814e+00 2.491952e-01
1.160970e+00 2.491952e-01
1.131690e+00 2.491952e-01
1.105133e+00 2.491952e-01
1.082349e+00 2.491952e-01
1.063055e+00 2.491952e-01
1.047889e+00 2.491952e-01
1.030684e+00 2.329172e-01
1.011912e+00 2.329172e-01
9.952759e-01 2.329172e-01
9.556645e-01 2.329172e-01
9.105258e-01 2.329172e-01
8.113797e-01 2.329172e-01
7.304447e-01 2.329172e-01
6.707207e-01 2.329172e-01
6.285645e-01 2.329172e-01
5.930452e-01 2.329172e-01
5.609287e-01 2.142044e-01
5.351803e-01 2.142044e-01
5.114845e-01 2.142044e-01
4.914660e-01 2.142044e-01
4.677527e-01 2.142044e-01
4.496754e-01 2.142044e-01
4.342219e-01 2.142044e-01
4.140384e-01 2.142044e-01
4.029437e-01 2.142044e-01
3.872442e-01 2.142044e-01
3.667514e-01 2.142044e-01
3.526748e-01 2.142044e-01
3.438676e-01 2.142044e-01
3.344399e-01 2.121442e-01
3.247501e-01 2.121442e-01
3.146967e-01 2.121442e-01
3.052470e-01 2.121442e-01
2.978377e-01 2.118710e-01
2.924343e-01 2.118710e-01
2.869639e-01 2.118710e-01
2.824167e-01 2.110396e-01
2.779616e-01 2.110396e-01
2.730371e-01 1.993148e-01
2.680663e-01 1.934077e-01
2.640221e-01 1.934077e-01
2.594531e-01 1.934077e-01
2.556994e-01 1.934077e-01
2.520238e-01 1.934077e-01
2.480371e-01 1.934077e-01
2.437332e-01 1.934077e-01
2.395502e-01 1.934077e-01
2.343168e-01 1.934077e-01
2.297297e-01 1.934077e-01
2.245236e-01 1.905489e-01
2.190454e-01 1.905489e-01
2.127381e-01 1.905489e-01
2.035146e-01 1.761832e-01
1.876430e-01 1.761832e-01
2.144029e+03 1.186134e+03
1.231612e+03 7.071087e+02
6.932246e+02 3.824059e+02
4.561557e+02 2.616687e+02
2.978120e+02 1.672984e+02
2.031589e+02 1.145151e+02
1.437023e+02 8.227929e+01
1.018864e+02 6.753986e+01
7.165094e+01 3.304024e+01
4.791081e+01 1.788986e+01
2.614791e+01 8.880527e-01
1.001634e+01 2.759031e-01
6.281865e+00 2.759031e-01
4.843732e+00 2.759031e-01
4.275542e+00 2.759031e-01
3.719649e+00 2.759031e-01
3.375361e+00 2.759031e-01
3.100076e+00 2.759031e-01
2.879820e+00 2.759031e-01
2.703913e+00 2.759031e-01
2.553480e+00 2.759031e-01
2.439330e+00 2.759031e-01
2.333626e+00 2.759031e-01
2.222138e+00 2.759031e-01
2.125570e+00 2.759031e-01
2.050603e+00 2.759031e-01
1.967045e+00 2.759031e-01
1.896922e+00 2.759031e-01
1.830164e+00 2.759031e-01
1.774507e+00 2.759031e-01
1.728962e+00 2.759031e-01
1.670413e+00 2.759031e-01
1.629050e+00 2.759031e-01
1.578143e+00 2.759031e-01
1.544071e+00 2.759031e-01
1.501138e+00 2.759031e-01
1.463617e+00 2.759031e-01
1.424362e+00 2.759031e-01
1.388131e+00 2.759031e-01
1.362145e+00 2.759031e-01
1.331118e+00 2.759031e-01
1.305657e+00 2.759031e-01
1.279752e+00 2.759031e-01
1.257176e+00 2.759031e-01
1.230583e+00 2.759031e-01
1.208171e+00 2.759031e-01
1.188893e+00 2.759031e-01
1.163008e+00 2.759031e-01
1.140391e+00 2.759031e-01
1.118240e+00 2.759031e-01
1.099489e+00 2.759031e-01
1.084210e+00 2.759031e-01
1.068839e+00 2.759031e-01
1.052156e+00 2.759031e-01
1.034582e+00 2.759031e-01
1.015403e+00 2.759031e-01
9.994423e-01 2.759031e-01
9.763231e-01 2.759031e-01
9.236283e-01 2.759031e-01
8.736888e-01 2.333167e-01
8.163839e-01 2.333167e-01
7.570270e-01 2.333167e-01
6.923987e-01 2.333167e-01
6.497605e-01 2.333167e-01
6.074834e-01 2.155888e-01
5.727405e-01 2.155888e-01
5.354339e-01 2.104514e-01
5.054257e-01 2.104514e-01
4.846883e-01 2.104514e-01
4.632044e-01 2.104514e-01
4.450955e-01 2.104514e-01
4.271907e-01 2.104514e-01
4.130462e-01 2.104514e-01
3.983642e-01 2.104514e-01
3.794086e-01 2.104514e-01
3.591328e-01 2.003256e-01
3.446058e-01 2.003256e-01
3.324926e-01 2.003256e-01
3.226828e-01 2.003256e-01
3.138489e-01 2.003256e-01
3.057348e-01 2.003256e-01
2.985721e-01 2.003256e-01
2.913513e-01 2.003256e-01
2.861218e-01 2.003256e-01
2.814573e-01 2.003256e-01
2.761784e-01 1.799377e-01
2.720283e-01 1.799377e-01
2.675190e-01 1.799377e-01
2.625160e-01 1.799377e-01
2.585540e-01 1.799377e-01
2.540000e-01 1.799377e-01
2.493504e-01 1.799377e-01
2.452935e-01 1.698706e-01
2.401393e-01 1.698706e-01
2.359456e-01 1.698706e-01
2.302200e-01 1.698706e-01
2.252120e-01 1.698706e-01
2.191593e-01 1.698706e-01
2.134244e-01 1.698706e-01
2.055266e-01 1.698706e-01
1.845285e-01 1.593441e-01
2.161415e+03 1.288985e+03
1.232001e+03 6.629438e+02
6.815644e+02 4.008758e+02
4.514112e+02 2.602161e+02
2.910692e+02 1.833904e+02
2.024205e+02 1.114377e+02
1.447930e+02 8.883129e+01
1.029002e+02 6.140422e+01
7.220885e+01 4.338738e+01
4.800693e+01 1.923264e+01
2.548911e+01 1.348910e+00
9.768602e+00 7.112925e-01
6.273291e+00 6.183132e-01
4.899630e+00 3.229651e-01
4.266537e+00 2.750972e-01
3.790527e+00 2.750972e-01
3.460704e+00 2.750972e-01
3.173323e+00 2.750972e-01
2.935439e+00 2.750972e-01
2.788346e+00 2.750972e-01
2.629883e+00 2.750972e-01
2.498946e+00 2.750972e-01
2.382832e+00 2.750972e-01
2.268784e+00 2.750972e-01
2.172587e+00 2.750972e-01
2.099322e+00 2.750972e-01
2.029393e+00 2.750972e-01
1.964883e+00 2.750972e-01
1.896190e+00 2.750972e-01
1.833307e+00 2.750972e-01
1.778073e+00 2.750972e-01
1.717794e+00 2.750972e-01
1.666632e+00 2.750972e-01
1.616166e+00 2.750972e-01
1.571122e+00 2.750972e-01
1.532755e+00 2.750972e-01
1.490479e+00 2.750972e-01
1.455002e+00 2.750972e-01
1.423007e+00 2.750972e-01
1.388524e+00 2.750972e-01
1.352674e+00 2.750972e-01
1.325385e+00 2.704064e-01
1.295658e+00 2.704064e-01
1.267687e+00 2.417037e-01
1.239706e+00 2.417037e-01
1.212483e+00 2.417037e-01
1.188957e+00 2.417037e-01
1.162850e+00 2.417037e-01
1.142758e+00 2.417037e-01
1.120929e+00 2.417037e-01
1.099732e+00 2.417037e-01
1.082076e+00 2.417037e-01
1.067308e+00 2.417037e-01
1.043189e+00 2.417037e-01
1.020937e+00 2.417037e-01
9.915248e-01 2.417037e-01
9.608575e-01 2.417037e-01
9.229721e-01 2.417037e-01
8.684306e-01 2.417037e-01
7.878631e-01 2.417037e-01
7.214391e-01 2.417037e-01
6.647392e-01 2.417037e-01
6.189362e-01 2.417037e-01
5.861740e-01 2.417037e-01
5.504096e-01 2.289975e-01
5.174303e-01 2.289975e-01
4.948385e-01 2.289975e-01
4.723130e-01 2.289975e-01
4.500880e-01 2.289975e-01
4.323420e-01 2.289975e-01
4.093690e-01 1.997160e-01
3.910524e-01 1.997160e-01
3.761607e-01 1.997160e-01
3.639544e-01 1.997160e-01
3.518027e-01 1.997160e-01
3.378304e-01 1.955541e-01
3.255930e-01 1.593632e-01
3.154210e-01 1.593632e-01
3.060802e-01 1.593632e-01
2.975889e-01 1.593632e-01
2.910320e-01 1.593632e-01
2.847981e-01 1.593632e-01
2.784768e-01 1.593632e-01
2.727616e-01 1.593632e-01
2.672712e-01 1.593632e-01
2.631480e-01 1.593632e-01
2.580919e-01 1.593632e-01
2.539860e-01 1.593632e-01
2.500191e-01 1.593632e-01
2.461827e-01 1.593632e-01
2.425144e-01 1.593632e-01
2.387723e-01 1.593632e-01
2.352024e-01 1.593632e-01
2.306315e-01 1.593632e-01
2.257902e-01 1.593632e-01
2.206467e-01 1.593632e-01
2.144229e-01 1.593632e-01
2.083537e-01 1.593632e-01
2.015205e-01 1.593632e-01
1.927925e-01 1.555680e-01
1.702402e-01 1.451289e-01
2.163229e+03 9.370078e+02
1.228888e+03 7.583048e+02
7.068311e+02 4.373307e+02
4.593390e+02 2.744647e+02
2.971788e+02 1.816608e+02
2.045962e+02 1.317856e+02
1.443476e+02 9.187640e+01
1.017677e+02 6.468373e+01
6.962221e+01 3.491652e+01
4.616310e+01 1.482939e+01
2.380865e+01 1.443592e+00
9.336845e+00 5.731235e-01
6.157207e+00 3.834494e-01
4.764078e+00 3.834494e-01
4.160865e+00 3.324838e-01
3.671213e+00 3.324838e-01
3.354044e+00 3.324838e-01
3.072604e+00 3.324838e-01
2.830433e+00 3.324838e-01
2.680273e+00 3.324838e-01
2.532606e+00 3.324838e-01
2.409118e+00 3.324838e-01
2.315439e+00 3.324838e-01
2.209375e+00 3.324838e-01
2.125678e+00 2.075397e-01
2.045649e+00 2.075397e-01
1.963378e+00 2.075397e-01
1.898190e+00 2.075397e-01
1.837524e+00 2.075397e-01
1.775389e+00 2.075397e-01
1.717378e+00 2.075397e-01
1.670152e+00 2.075397e-01
1.619863e+00 2.075397e-01
1.567756e+00 2.075397e-01
1.530812e+00 2.075397e-01
1.493740e+00 2.075397e-01
1.453368e+00 2.075397e-01
1.412616e+00 2.075397e-01
1.379721e+00 2.075397e-01
1.342786e+00 2.075397e-01
1.310364e+00 2.075397e-01
1.287640e+00 2.075397e-01
1.264345e+00 2.075397e-01
1.236923e+00 2.075397e-01
1.214354e+00 2.075397e-01
1.192954e+00 2.075397e-01
1.170641e+00 2.075397e-01
1.147149e+00 2.075397e-01
1.128004e+00 2.075397e-01
1.106918e+00 2.075397e-01
1.086297e+00 2.075397e-01
1.063597e+00 2.075397e-01
1.042237e+00 2.075397e-01
1.024105e+00 2.075397e-01
1.005401e+00 2.075397e-01
9.876652e-01 2.075397e-01
9.688098e-01 2.075397e-01
9.505421e-01 2.075397e-01
9.321145e-01 2.075397e-01
8.866521e-01 2.075397e-01
8.270272e-01 2.075397e-01
7.839354e-01 2.075397e-01
7.418941e-01 2.075397e-01
6.951896e-01 2.075397e-01
6.475122e-01 2.075397e-01
6.188797e-01 2.075397e-01
5.889140e-01 2.075397e-01
5.601356e-01 2.075397e-01
5.286792e-01 2.075397e-01
5.012805e-01 2.075397e-01
4.786705e-01 2.075397e-01
4.515520e-01 2.075397e-01
4.332558e-01 2.075397e-01
4.096930e-01 2.075397e-01
3.896311e-01 2.075397e-01
3.730045e-01 2.075397e-01
3.555769e-01 2.075397e-01
3.436799e-01 2.075397e-01
3.308775e-01 2.006118e-01
3.186596e-01 2.006118e-01
3.092259e-01 1.958380e-01
3.016868e-01 1.958380e-01
2.948658e-01 1.958380e-01
2.872985e-01 1.939544e-01
2.816034e-01 1.939544e-01
2.764595e-01 1.939544e-01
2.710143e-01 1.939544e-01
2.658774e-01 1.939544e-01
2.616577e-01 1.939544e-01
2.573948e-01 1.939544e-01
2.537352e-01 1.939544e-01
2.497085e-01 1.939544e-01
2.457291e-01 1.939544e-01
2.404999e-01 1.939544e-01
2.357927e-01 1.939544e-01
2.315412e-01 1.939544e-01
2.271070e-01 1.939544e-01
2.216105e-01 1.939544e-01
2.156055e-01 1.939544e-01
2.069302e-01 1.809839e-01
1.925677e-01 1.809839e-01
2.151908e+03 1.221862e+03
1.227513e+03 7.215861e+02
6.913309e+02 3.808926e+02
4.538131e+02 2.862244e+02
2.964382e+02 1.622183e+02
2.033718e+02 1.318416e+02
1.427482e+02 8.727032e+01
1.010322e+02 6.161036e+01
7.110947e+01 4.426347e+01
4.702232e+01 7.981959e+00
2.490085e+01 1.060604e+00
9.785837e+00 4.760087e-01
6.264289e+00 3.442480e-01
4.811790e+00 3.442480e-01
4.201072e+00 3.442480e-01
3.725720e+00 3.442480e-01
3.429811e+00 3.177692e-01
3.137903e+00 3.177692e-01
2.888578e+00 3.177692e-01
2.748816e+00 3.177692e-01
2.612318e+00 3.177692e-01
2.489499e+00 3.177692e-01
2.344483e+00 3.177692e-01
2.218856e+00 3.177692e-01
2.121613e+00 3.177692e-01
2.036291e+00 3.177692e-01
1.954245e+00 3.177692e-01
1.884063e+00 3.177692e-01
1.821866e+00 3.177692e-01
1.762831e+00 3.177692e-01
1.714063e+00 3.177692e-01
1.665853e+00 3.177692e-01
1.619346e+00 3.177692e-01
1.578640e+00 2.612219e-01
1.528817e+00 2.612219e-01
1.493269e+00 2.612219e-01
1.459425e+00 2.612219e-01
1.426166e+00 2.612219e-01
1.394112e+00 2.612219e-01
1.367347e+00 2.612219e-01
1.334076e+00 2.612219e-01
1.306064e+00 2.612219e-01
1.275388e+00 2.612219e-01
1.252386e+00 2.612219e-01
1.222664e+00 2.612219e-01
1.194271e+00 2.612219e-01
1.166945e+00 2.612219e-01
1.143299e+00 2.612219e-01
1.122614e+00 2.612219e-01
1.097930e+00 2.612219e-01
1.076655e+00 2.612219e-01
1.059774e+00 2.612219e-01
1.043337e+00 2.612219e-01
1.028408e+00 2.612219e-01
1.010325e+00 2.612219e-01
9.898273e-01 2.612219e-01
9.679897e-01 2.612219e-01
9.487602e-01 2.612219e-01
9.254818e-01 2.612219e-01
8.751467e-01 2.612219e-01
8.279400e-01 2.612219e-01
7.855674e-01 2.504347e-01
7.281901e-01 2.504347e-01
6.776995e-01 2.504347e-01
6.269746e-01 2.309757e-01
5.809114e-01 2.309757e-01
5.438326e-01 2.309757e-01
5.193793e-01 2.309757e-01
4.959004e-01 2.309757e-01
4.744540e-01 2.309757e-01
4.526409e-01 2.309757e-01
4.344661e-01 2.309757e-01
4.130242e-01 2.309757e-01
3.905973e-01 2.309757e-01
3.754639e-01 2.309757e-01
3.597564e-01 2.309757e-01
3.453917e-01 2.288613e-01
3.326942e-01 2.193926e-01
3.215452e-01 2.193926e-01
3.095355e-01 2.193926e-01
3.009995e-01 1.936602e-01
2.945394e-01 1.936602e-01
2.877556e-01 1.936602e-01
2.821331e-01 1.936602e-01
2.770377e-01 1.936602e-01
2.725868e-01 1.936602e-01
2.678162e-01 1.936602e-01
2.638120e-01 1.936602e-01
2.598945e-01 1.936602e-01
2.556850e-01 1.936602e-01
2.519753e-01 1.936602e-01
2.483826e-01 1.936602e-01
2.452977e-01 1.936602e-01
2.410756e-01 1.936602e-01
2.376608e-01 1.936602e-01
2.336941e-01 1.936602e-01
2.290985e-01 1.936602e-01
2.247981e-01 1.936602e-01
2.188334e-01 1.831704e-01
2.101035e-01 1.831704e-01
1.910681e-01 1.739033e-01
2.159376e+03 1.298221e+03
1.236436e+03 7.533495e+02
7.054053e+02 4.198616e+02
4.607235e+02 2.936273e+02
3.013800e+02 1.846398e+02
2.053239e+02 1.226505e+02
1.441600e+02 9.422470e+01
1.031571e+02 6.642440e+01
7.269243e+01 4.219054e+01
4.917156e+01 2.374084e+01
2.654799e+01 1.265694e+00
1.007318e+01 6.220707e-01
6.241554e+00 4.330082e-01
4.791932e+00 4.004539e-01
4.169818e+00 3.328176e-01
3.680905e+00 3.328176e-01
3.415053e+00 2.497174e-01
3.130554e+00 2.497174e-01
2.927315e+00 2.497174e-01
2.773390e+00 2.497174e-01
2.592402e+00 2.497174e-01
2.456788e+00 2.497174e-01
2.336186e+00 2.497174e-01
2.191857e+00 2.497174e-01
2.105601e+00 2.497174e-01
2.040896e+00 2.497174e-01
1.956948e+00 2.497174e-01
1.893547e+00 2.497174e-01
1.830330e+00 2.497174e-01
1.772627e+00 2.497174e-01
1.721462e+00 2.497174e-01
1.665519e+00 2.497174e-01
1.620952e+00 2.497174e-01
1.573874e+00 2.497174e-01
1.540994e+00 2.497174e-01
1.502079e+00 2.497174e-01
1.468815e+00 2.497174e-01
1.434258e+00 2.497174e-01
1.397992e+00 2.497174e-01
1.364433e+00 2.497174e-01
1.332023e+00 2.497174e-01
1.308943e+00 2.497174e-01
1.278154e+00 2.497174e-01
1.253857e+00 2.497174e-01
1.226998e+00 2.497174e-01
1.202378e+00 2.430804e-01
1.178391e+00 2.430804e-01
1.150097e+00 2.314894e-01
1.128104e+00 2.314894e-01
1.105793e+00 2.314894e-01
1.088312e+00 2.314894e-01
1.071097e+00 2.314894e-01
1.049562e+00 2.314894e-01
1.028470e+00 2.314894e-01
9.937404e-01 2.314894e-01
9.478161e-01 2.314894e-01
8.994241e-01 2.314894e-01
8.550416e-01 2.314894e-01
7.855457e-01 2.314894e-01
7.284725e-01 2.213649e-01
6.797575e-01 2.213649e-01
6.335626e-01 2.213649e-01
5.991829e-01 2.213649e-01
5.777282e-01 2.213649e-01
5.475332e-01 2.213649e-01
5.268646e-01 2.213649e-01
5.055994e-01 2.213649e-01
4.850088e-01 2.213649e-01
4.606167e-01 2.213649e-01
4.405459e-01 2.213649e-01
4.248504e-01 2.213649e-01
4.112146e-01 2.202943e-01
3.978318e-01 2.202943e-01
3.784732e-01 2.114068e-01
3.648293e-01 2.114068e-01
3.513465e-01 2.114068e-01
3.379261e-01 2.114068e-01
3.281884e-01 2.114068e-01
3.189897e-01 2.068707e-01
3.110038e-01 2.068707e-01
3.040212e-01 2.068707e-01
2.971775e-01 2.068707e-01
2.896420e-01 2.068707e-01
2.846948e-01 2.068707e-01
2.792990e-01 2.068707e-01
2.740403e-01 1.995805e-01
2.696906e-01 1.995805e-01
2.656467e-01 1.995805e-01
2.618539e-01 1.995805e-01
2.576698e-01 1.833160e-01
2.542547e-01 1.833160e-01
2.497181e-01 1.833160e-01
2.459746e-01 1.833160e-01
2.415369e-01 1.833160e-01
2.371165e-01 1.833160e-01
2.321140e-01 1.833160e-01
2.262271e-01 1.757070e-01
2.198893e-01 1.757070e-01
2.132684e-01 1.757070e-01
2.039854e-01 1.757070e-01
1.851837e-01 1.757070e-01
2.151838e+03 1.084324e+03
1.222089e+03 7.146077e+02
6.903237e+02 4.065865e+02
4.573389e+02 2.473806e+02
2.961653e+02 1.826352e+02
2.023193e+02 1.165081e+02
1.416672e+02 6.432707e+01
1.001875e+02 5.979368e+01
7.027525e+01 4.277462e+01
4.692879e+01 2.314330e+01
2.491092e+01 9.713787e-01
9.914061e+00 4.792601e-01
6.474074e+00 4.792601e-01
4.948560e+00 3.437215e-01
4.222900e+00 3.437215e-01
3.684105e+00 3.437215e-01
3.318345e+00 3.437215e-01
3.043281e+00 3.437215e-01
2.830296e+00 3.370482e-01
2.691698e+00 2.330594e-01
2.537090e+00 2.330594e-01
2.399389e+00 2.330594e-01
2.305284e+00 2.330594e-01
2.194379e+00 2.330594e-01
2.100900e+00 2.330594e-01
2.036305e+00 2.330594e-01
1.953778e+00 2.330594e-01
1.881958e+00 2.330594e-01
1.821988e+00 2.330594e-01
1.769780e+00 2.330594e-01
1.717707e+00 2.330594e-01
1.672821e+00 2.330594e-01
1.623664e+00 2.330594e-01
1.577491e+00 2.330594e-01
1.536620e+00 2.330594e-01
1.498439e+00 2.330594e-01
1.465155e+00 2.330594e-01
1.430155e+00 2.330594e-01
1.399467e+00 2.330594e-01
1.369725e+00 2.330594e-01
1.337935e+00 2.330594e-01
1.310402e+00 2.330594e-01
1.281370e+00 2.330594e-01
1.258990e+00 2.330594e-01
1.233153e+00 2.330594e-01
1.210317e+00 2.330594e-01
1.186939e+00 2.330594e-01
1.159282e+00 2.330594e-01
1.140227e+00 2.330594e-01
1.122879e+00 2.330594e-01
1.102580e+00 2.330594e-01
1.081765e+00 2.330594e-01
1.062811e+00 2.330594e-01
1.046699e+00 2.330594e-01
1.029245e+00 2.330594e-01
1.013396e+00 2.330594e-01
9.906396e-01 2.330594e-01
9.759535e-01 2.330594e-01
9.621467e-01 2.330594e-01
9.490124e-01 2.330594e-01
9.342334e-01 2.330594e-01
9.177736e-01 2.330594e-01
8.671075e-01 2.330594e-01
7.822211e-01 2.330594e-01
7.156045e-01 2.330594e-01
6.653578e-01 2.288381e-01
6.208682e-01 2.288381e-01
5.762473e-01 2.288381e-01
5.424090e-01 2.288381e-01
5.068921e-01 2.288381e-01
4.719259e-01 2.288381e-01
4.406641e-01 2.288381e-01
4.244284e-01 2.117939e-01
4.052722e-01 2.117939e-01
3.891864e-01 2.117939e-01
3.722814e-01 2.117939e-01
3.568589e-01 2.117939e-01
3.429458e-01 2.117939e-01
3.306271e-01 2.102019e-01
3.196383e-01 2.102019e-01
3.100554e-01 2.102019e-01
2.993833e-01 2.013682e-01
2.917819e-01 2.013682e-01
2.856398e-01 2.013682e-01
2.805322e-01 2.013682e-01
2.753814e-01 2.013682e-01
2.695297e-01 2.013682e-01
2.649484e-01 2.013682e-01
2.602341e-01 2.013682e-01
2.563602e-01 2.013682e-01
2.522021e-01 2.013682e-01
2.476989e-01 2.013682e-01
2.436002e-01 2.013682e-01
2.387871e-01 2.013682e-01
2.341127e-01 1.948738e-01
2.294849e-01 1.832398e-01
2.241724e-01 1.832398e-01
2.177013e-01 1.832398e-01
2.111218e-01 1.832398e-01
2.021129e-01 1.832398e-01
1.758618e-01 1.680226e-01
2.157973e+03 1.252270e+03
1.227745e+03 7.122868e+02
6.931384e+02 3.631316e+02
4.554311e+02 2.777543e+02
2.940264e+02 1.734257e+02
2.019209e+02 1.265862e+02
1.425470e+02 8.830635e+01
1.013385e+02 5.508059e+01
7.233841e+01 4.444639e+01
4.876089e+01 1.464154e+01
2.631905e+01 4.770239e-01
1.027989e+01 4.770239e-01
6.569333e+00 3.232162e-01
4.971052e+00 2.934724e-01
4.272855e+00 2.780021e-01
3.699228e+00 2.780021e-01
3.370361e+00 2.780021e-01
3.107274e+00 2.780021e-01
2.878587e+00 2.780021e-01
2.735524e+00 2.780021e-01
2.574514e+00 2.780021e-01
2.449142e+00 2.780021e-01
2.338262e+00 2.780021e-01
2.234205e+00 2.780021e-01
2.149677e+00 2.780021e-01
2.077647e+00 2.780021e-01
1.997222e+00 2.780021e-01
1.934034e+00 2.780021e-01
1.869735e+00 2.599964e-01
1.806241e+00 2.402248e-01
1.753805e+00 2.402248e-01
1.702446e+00 2.402248e-01
1.661740e+00 2.402248e-01
1.613909e+00 2.402248e-01
1.569927e+00 2.402248e-01
1.533036e+00 2.402248e-01
1.492516e+00 2.402248e-01
1.451191e+00 2.402248e-01
1.411311e+00 2.402248e-01
1.375485e+00 2.402248e-01
1.346425e+00 2.402248e-01
1.322224e+00 2.402248e-01
1.292299e+00 2.402248e-01
1.267085e+00 2.402248e-01
1.240217e+00 2.402248e-01
1.213082e+00 2.402248e-01
1.186180e+00 2.402248e-01
1.159621e+00 2.402248e-01
1.136542e+00 2.402248e-01
1.109400e+00 2.402248e-01
1.087912e+00 2.402248e-01
1.070880e+00 2.402248e-01
1.056254e+00 2.402248e-01
1.038034e+00 2.402248e-01
1.019273e+00 2.402248e-01
1.003601e+00 2.402248e-01
9.855805e-01 2.402248e-01
9.689632e-01 2.402248e-01
9.515728e-01 2.402248e-01
9.321273e-01 2.402248e-01
9.103016e-01 2.402248e-01
8.855530e-01 2.402248e-01
8.288249e-01 2.402248e-01
7.826360e-01 2.402248e-01
7.261318e-01 2.402248e-01
6.501468e-01 2.402248e-01
6.070652e-01 2.402248e-01
5.699804e-01 2.402248e-01
5.326649e-01 2.402248e-01
5.063820e-01 2.402248e-01
4.872489e-01 2.402248e-01
4.662969e-01 2.346638e-01
4.441690e-01 2.346638e-01
4.219954e-01 2.165421e-01
3.988107e-01 2.165421e-01
3.806142e-01 2.039156e-01
3.620010e-01 2.039156e-01
3.443763e-01 1.921876e-01
3.303485e-01 1.921876e-01
3.191941e-01 1.921876e-01
3.093427e-01 1.921876e-01
3.003935e-01 1.921876e-01
2.929551e-01 1.921876e-01
2.866118e-01 1.921876e-01
2.804250e-01 1.921876e-01
2.743610e-01 1.921876e-01
2.693492e-01 1.905872e-01
2.643385e-01 1.905872e-01
2.583586e-01 1.905872e-01
2.519108e-01 1.905872e-01
2.472187e-01 1.905872e-01
2.419917e-01 1.905872e-01
2.379701e-01 1.905872e-01
2.332377e-01 1.904440e-01
2.290982e-01 1.904440e-01
2.236608e-01 1.875240e-01
2.176860e-01 1.823654e-01
2.111259e-01 1.823654e-01
2.039688e-01 1.823654e-01
1.957702e-01 1.812366e-01
1.820307e-01 1.759245e-01
2.160445e+03 1.226559e+03
1.222978e+03 7.140600e+02
6.754357e+02 3.834826e+02
4.431438e+02 2.740118e+02
2.899649e+02 1.754003e+02
2.001328e+02 1.299740e+02
1.398766e+02 9.437859e+01
9.830826e+01 5.917424e+01
6.867212e+01 3.134550e+01
4.624249e+01 1.756168e+01
2.483602e+01 1.356442e+00
9.491965e+00 3.305615e-01
6.247247e+00 3.305615e-01
4.931033e+00 3.305615e-01
4.259307e+00 3.305615e-01
3.738082e+00 3.305615e-01
3.422356e+00 3.305615e-01
3.136427e+00 3.305615e-01
2.895159e+00 3.305615e-01
2.731801e+00 3.305615e-01
2.569324e+00 3.305615e-01
2.444181e+00 3.305615e-01
2.329900e+00 3.305615e-01
2.228428e+00 3.305615e-01
2.133374e+00 3.305615e-01
2.052247e+00 3.305615e-01
1.969645e+00 3.305615e-01
1.905196e+00 3.305615e-01
1.830745e+00 3.305615e-01
1.762564e+00 3.305615e-01
1.717439e+00 3.305615e-01
1.671971e+00 3.305615e-01
1.626891e+00 3.284347e-01
1.576288e+00 2.669762e-01
1.536666e+00 2.669762e-01
1.494991e+00 2.669762e-01
1.457971e+00 2.669762e-01
1.424830e+00 2.669762e-01
1.392311e+00 2.669762e-01
1.361498e+00 2.669762e-01
1.321745e+00 2.669762e-01
1.289657e+00 2.669762e-01
1.254912e+00 2.669762e-01
1.225010e+00 2.669762e-01
1.200229e+00 2.669762e-01
1.174412e+00 2.669762e-01
1.153147e+00 2.669762e-01
1.131480e+00 2.221100e-01
1.111441e+00 2.221100e-01
1.088074e+00 2.221100e-01
1.068606e+00 2.221100e-01
1.051855e+00 2.221100e-01
1.032984e+00 2.221100e-01
1.012774e+00 2.221100e-01
9.947838e-01 2.221100e-01
9.763858e-01 2.221100e-01
9.545517e-01 2.221100e-01
9.346981e-01 2.221100e-01
8.949685e-01 2.221100e-01
8.427784e-01 2.221100e-01
7.822194e-01 2.221100e-01
7.246527e-01 1.937061e-01
6.774864e-01 1.937061e-01
6.409942e-01 1.937061e-01
6.028803e-01 1.937061e-01
5.729577e-01 1.937061e-01
5.431822e-01 1.937061e-01
5.118515e-01 1.937061e-01
4.862892e-01 1.937061e-01
4.700442e-01 1.937061e-01
4.466778e-01 1.937061e-01
4.172293e-01 1.937061e-01
3.982355e-01 1.937061e-01
3.828004e-01 1.937061e-01
3.673599e-01 1.937061e-01
3.527776e-01 1.937061e-01
3.397527e-01 1.937061e-01
3.284247e-01 1.937061e-01
3.180076e-01 1.914938e-01
3.087677e-01 1.914938e-01
3.023434e-01 1.914938e-01
2.952466e-01 1.914938e-01
2.869703e-01 1.914938e-01
2.815158e-01 1.886155e-01
2.742888e-01 1.856305e-01
2.692056e-01 1.856305e-01
2.627957e-01 1.856305e-01
2.581697e-01 1.856305e-01
2.545436e-01 1.856305e-01
2.505030e-01 1.799196e-01
2.459236e-01 1.799196e-01
2.404808e-01 1.799196e-01
2.355205e-01 1.799196e-01
2.310234e-01 1.799196e-01
2.260213e-01 1.799196e-01
2.206751e-01 1.658851e-01
2.151747e-01 1.658851e-01
2.100259e-01 1.658851e-01
2.039034e-01 1.658851e-01
1.932686e-01 1.597652e-01
1.690260e-01 1.597652e-01
2.145520e+03 1.027586e+03
1.219786e+03 6.198784e+02
6.925722e+02 4.052116e+02
4.625651e+02 2.736764e+02
3.029133e+02 1.866302e+02
2.056965e+02 1.331072e+02
1.446785e+02 8.611279e+01
1.028176e+02 6.520790e+01
7.216582e+01 4.229354e+01
4.871272e+01 2.451983e+01
2.710118e+01 9.754887e-01
1.029729e+01 4.548726e-01
6.502247e+00 2.828536e-01
4.954405e+00 2.828536e-01
4.328439e+00 2.828536e-01
3.774304e+00 2.828536e-01
3.424363e+00 2.828536e-01
3.106760e+00 2.828536e-01
2.890961e+00 2.828536e-01
2.731252e+00 2.828536e-01
2.579151e+00 2.828536e-01
2.439494e+00 2.828536e-01
2.319049e+00 2.828536e-01
2.211857e+00 2.496910e-01
2.132027e+00 2.496910e-01
2.038780e+00 2.496910e-01
1.954967e+00 2.496910e-01
1.882308e+00 2.496910e-01
1.810871e+00 2.496910e-01
1.755312e+00 2.496910e-01
1.700661e+00 2.496910e-01
1.649557e+00 2.496910e-01
1.601374e+00 2.496910e-01
1.558628e+00 2.496910e-01
1.515471e+00 2.496910e-01
1.474831e+00 2.496910e-01
1.440102e+00 2.496910e-01
1.409354e+00 2.496910e-01
1.378235e+00 2.496910e-01
1.349555e+00 2.496910e-01
1.322960e+00 2.496910e-01
1.293943e+00 2.496910e-01
1.257431e+00 2.496910e-01
1.235316e+00 2.496910e-01
1.208655e+00 2.496910e-01
1.186912e+00 2.496910e-01
1.164991e+00 2.496910e-01
1.138024e+00 2.496910e-01
1.116403e+00 2.496910e-01
1.096714e+00 2.496910e-01
1.075590e+00 2.496910e-01
1.059551e+00 2.496910e-01
1.040874e+00 2.496910e-01
1.001128e+00 2.496910e-01
9.523695e-01 2.496910e-01
9.071472e-01 2.496910e-01
8.635096e-01 2.496910e-01
8.057744e-01 2.496910e-01
7.735602e-01 2.496910e-01
7.022402e-01 2.496910e-01
6.602128e-01 2.496910e-01
6.251104e-01 2.496910e-01
5.962338e-01 2.496910e-01
5.717904e-01 2.407132e-01
5.417211e-01 2.407132e-01
5.199209e-01 2.407132e-01
4.965956e-01 2.331080e-01
4.781204e-01 2.331080e-01
4.646744e-01 2.331080e-01
4.489002e-01 2.331080e-01
4.299292e-01 2.331080e-01
4.106090e-01 2.153585e-01
3.907003e-01 2.153585e-01
3.731495e-01 2.153585e-01
3.594418e-01 2.153585e-01
3.460690e-01 2.101112e-01
3.332881e-01 1.678382e-01
3.231107e-01 1.678382e-01
3.142478e-01 1.678382e-01
3.049833e-01 1.678382e-01
2.978655e-01 1.678382e-01
2.920230e-01 1.678382e-01
2.874124e-01 1.678382e-01
2.820742e-01 1.678382e-01
2.774983e-01 1.678382e-01
2.722009e-01 1.678382e-01
2.677341e-01 1.678382e-01
2.637077e-01 1.678382e-01
2.585563e-01 1.678382e-01
2.550104e-01 1.678382e-01
2.508061e-01 1.678382e-01
2.467694e-01 1.678382e-01
2.427384e-01 1.678382e-01
2.393092e-01 1.678382e-01
2.352970e-01 1.678382e-01
2.307597e-01 1.678382e-01
2.261640e-01 1.678382e-01
2.210243e-01 1.678382e-01
2.142635e-01 1.678382e-01
2.035344e-01 1.674377e-01
1.724730e-01 1.674377e-01
2.147800e+03 1.177325e+03
1.226336e+03 6.678241e+02
6.945626e+02 3.804666e+02
4.599239e+02 2.645717e+02
3.033785e+02 1.785902e+02
2.094283e+02 1.220947e+02
1.486861e+02 9.456980e+01
1.043162e+02 6.823893e+01
7.222640e+01 3.863367e+01
4.816038e+01 1.978976e+01
2.585754e+01 1.512695e+00
9.855399e+00 4.481959e-01
6.455893e+00 3.242887e-01
4.955440e+00 3.242887e-01
4.289610e+00 3.242887e-01
3.746340e+00 3.242887e-01
3.440971e+00 3.242887e-01
3.139550e+00 3.242887e-01
2.904588e+00 3.242887e-01
2.734081e+00 3.242887e-01
2.565304e+00 3.242887e-01
2.428587e+00 3.242887e-01
2.320944e+00 3.242887e-01
2.214521e+00 3.242887e-01
2.129096e+00 2.960942e-01
2.064768e+00 2.960942e-01
1.986011e+00 2.960942e-01
1.909772e+00 2.960942e-01
1.846564e+00 2.960942e-01
1.794742e+00 2.960942e-01
1.753839e+00 2.960942e-01
1.703055e+00 2.960942e-01
1.649911e+00 2.960942e-01
1.595153e+00 2.960942e-01
1.556022e+00 2.960942e-01
1.522412e+00 2.960942e-01
1.481563e+00 2.960942e-01
1.445377e+00 2.960942e-01
1.409370e+00 2.960942e-01
1.376816e+00 2.960942e-01
1.346690e+00 2.960942e-01
1.314590e+00 2.911966e-01
1.284243e+00 2.911966e-01
1.261293e+00 2.911966e-01
1.235957e+00 2.911966e-01
1.214708e+00 2.911966e-01
1.189456e+00 2.911966e-01
1.124656e+00 2.911966e-01
1.000568e+00 2.783337e-01
8.855142e-01 2.383940e-01
7.983305e-01 2.383940e-01
7.325550e-01 2.383940e-01
6.880694e-01 2.383940e-01
6.514509e-01 2.383940e-01
6.178952e-01 2.068348e-01
5.936473e-01 2.068348e-01
5.679638e-01 2.068348e-01
5.446559e-01 2.068348e-01
5.251329e-01 2.068348e-01
5.026446e-01 2.068348e-01
4.887575e-01 2.068348e-01
4.747232e-01 2.068348e-01
4.615558e-01 2.068348e-01
4.505753e-01 2.068348e-01
4.350304e-01 2.068348e-01
4.235123e-01 2.068348e-01
4.065230e-01 2.068348e-01
3.938108e-01 2.068348e-01
3.791439e-01 2.068348e-01
3.650876e-01 2.031994e-01
3.552177e-01 2.031994e-01
3.463070e-01 2.000957e-01
3.373448e-01 2.000957e-01
3.271492e-01 2.000957e-01
3.206098e-01 2.000957e-01
3.138858e-01 2.000957e-01
3.081192e-01 2.000957e-01
3.022434e-01 2.000957e-01
2.973382e-01 2.000957e-01
2.923840e-01 2.000957e-01
2.872898e-01 2.000957e-01
2.823380e-01 2.000957e-01
2.772963e-01 2.000957e-01
2.741669e-01 2.000957e-01
2.710021e-01 2.000957e-01
2.679354e-01 2.000957e-01
2.645964e-01 2.000957e-01
2.611162e-01 2.000957e-01
2.581598e-01 2.000957e-01
2.549860e-01 2.000957e-01
2.519932e-01 2.000957e-01
2.487326e-01 1.873118e-01
2.455967e-01 1.873118e-01
2.416499e-01 1.873118e-01
2.380750e-01 1.873118e-01
2.337545e-01 1.873118e-01
2.284490e-01 1.873118e-01
2.227615e-01 1.873118e-01
2.160359e-01 1.856214e-01
2.062713e-01 1.856214e-01
1.888754e-01 1.856214e-01
2.172792e+03 1.246421e+03
1.237095e+03 6.560272e+02
6.955649e+02 4.375999e+02
4.603292e+02 2.796895e+02
2.998338e+02 1.674785e+02
2.036380e+02 1.291564e+02
1.421698e+02 8.563808e+01
9.933868e+01 6.169543e+01
6.932649e+01 3.983724e+01
4.671703e+01 1.814231e+01
2.501806e+01 1.308767e+00
9.852473e+00 6.100670e-01
6.319782e+00 4.127081e-01
4.816582e+00 4.127081e-01
4.158412e+00 4.127081e-01
3.649522e+00 3.861029e-01
3.354390e+00 3.861029e-01
3.087360e+00 3.861029e-01
2.875428e+00 3.534087e-01
2.729297e+00 3.534087e-01
2.574179e+00 3.534087e-01
2.427098e+00 3.534087e-01
2.316664e+00 2.760036e-01
2.211876e+00 2.760036e-01
2.122551e+00 2.760036e-01
2.036960e+00 2.760036e-01
1.962238e+00 2.760036e-01
1.899142e+00 2.760036e-01
1.835110e+00 2.760036e-01
1.776672e+00 2.651402e-01
1.723813e+00 2.651402e-01
1.674674e+00 2.651402e-01
1.631712e+00 2.651402e-01
1.582721e+00 2.651402e-01
1.539033e+00 2.651402e-01
1.496144e+00 2.651402e-01
1.459673e+00 2.651402e-01
1.429087e+00 2.651402e-01
1.399268e+00 2.651402e-01
1.370720e+00 2.651402e-01
1.339865e+00 2.651402e-01
1.313457e+00 2.651402e-01
1.281462e+00 2.651402e-01
1.251939e+00 2.651402e-01
1.226643e+00 2.651402e-01
1.199842e+00 2.604726e-01
1.173021e+00 2.604726e-01
1.149985e+00 2.604726e-01
1.129381e+00 2.604726e-01
1.106575e+00 2.604726e-01
1.082306e+00 2.604726e-01
1.062890e+00 2.604726e-01
1.041310e+00 2.496811e-01
1.021583e+00 2.496811e-01
1.000661e+00 2.496811e-01
9.817710e-01 2.496811e-01
9.599402e-01 2.496811e-01
9.338023e-01 2.496811e-01
8.832103e-01 2.496811e-01
8.323512e-01 2.496811e-01
7.927637e-01 2.496811e-01
7.384659e-01 2.390773e-01
6.742634e-01 2.390773e-01
6.394754e-01 2.390773e-01
5.973666e-01 2.390773e-01
5.596781e-01 2.390773e-01
5.299014e-01 2.068411e-01
4.980323e-01 2.068411e-01
4.723924e-01 2.068411e-01
4.525222e-01 2.068411e-01
4.290234e-01 2.068411e-01
4.026571e-01 2.068411e-01
3.880752e-01 2.068411e-01
3.739797e-01 2.068411e-01
3.617388e-01 1.978311e-01
3.491545e-01 1.978311e-01
3.366740e-01 1.978311e-01
3.262255e-01 1.978311e-01
3.176114e-01 1.978311e-01
3.074837e-01 1.978311e-01
2.994801e-01 1.978311e-01
2.918985e-01 1.978311e-01
2.844507e-01 1.978311e-01
2.783811e-01 1.978311e-01
2.729540e-01 1.799011e-01
2.682354e-01 1.655666e-01
2.632853e-01 1.655666e-01
2.588112e-01 1.655666e-01
2.548923e-01 1.655666e-01
2.506797e-01 1.655666e-01
2.452868e-01 1.655666e-01
2.411309e-01 1.655666e-01
2.367858e-01 1.655666e-01
2.328100e-01 1.655666e-01
2.280520e-01 1.655666e-01
2.230127e-01 1.655666e-01
2.180663e-01 1.655666e-01
2.114600e-01 1.655666e-01
2.031267e-01 1.655666e-01
1.928247e-01 1.655666e-01
1.738943e-01 1.655666e-01
2.152378e+03 1.048706e+03
1.236374e+03 6.900422e+02
7.015881e+02 4.345230e+02
4.658152e+02 2.746501e+02
3.062440e+02 1.637348e+02
2.100140e+02 1.263643e+02
1.473692e+02 9.867862e+01
1.051103e+02 6.721918e+01
7.375649e+01 4.552640e+01
4.969548e+01 2.018436e+01
2.840216e+01 9.958935e-01
1.092080e+01 3.801246e-01
6.568745e+00 3.801246e-01
4.903987e+00 3.024103e-01
4.138194e+00 3.024103e-01
3.594684e+00 3.024103e-01
3.315732e+00 3.024103e-01
3.010195e+00 2.821755e-01
2.802875e+00 2.821755e-01
2.666293e+00 2.821755e-01
2.507148e+00 2.821755e-01
2.388578e+00 2.821755e-01
2.280590e+00 2.751225e-01
2.170335e+00 2.751225e-01
2.079746e+00 2.751225e-01
1.998686e+00 2.751225e-01
1.929753e+00 2.751225e-01
1.862360e+00 2.751225e-01
1.795386e+00 2.354405e-01
1.736052e+00 2.354405e-01
1.690939e+00 2.354405e-01
1.642962e+00 2.354405e-01
1.590382e+00 2.354405e-01
1.538781e+00 2.354405e-01
1.502826e+00 2.354405e-01
1.471438e+00 2.354405e-01
1.435269e+00 2.354405e-01
1.398985e+00 2.354405e-01
1.368901e+00 2.354405e-01
1.340525e+00 2.354405e-01
1.309493e+00 2.354405e-01
1.277483e+00 2.354405e-01
1.253302e+00 2.354405e-01
1.227933e+00 2.354405e-01
1.200868e+00 2.354405e-01
1.178031e+00 2.354405e-01
1.155161e+00 2.354405e-01
1.125689e+00 2.354405e-01
1.102861e+00 2.354405e-01
1.080540e+00 2.354405e-01
1.061982e+00 2.354405e-01
1.044279e+00 2.354405e-01
1.027658e+00 2.354405e-01
1.005993e+00 2.354405e-01
9.883287e-01 2.354405e-01
9.729354e-01 2.354405e-01
9.547528e-01 2.354405e-01
9.405813e-01 2.354405e-01
9.249404e-01 2.354405e-01
9.081310e-01 2.354405e-01
8.927060e-01 2.354405e-01
8.782858e-01 2.354405e-01
8.649536e-01 2.354405e-01
8.502625e-01 2.354405e-01
8.188958e-01 2.354405e-01
7.664730e-01 2.354405e-01
7.015019e-01 2.354405e-01
6.473686e-01 2.354405e-01
6.106664e-01 2.354405e-01
5.813448e-01 2.354405e-01
5.517374e-01 2.269397e-01
5.257638e-01 2.269397e-01
5.015072e-01 2.269397e-01
4.738553e-01 2.269397e-01
4.466330e-01 2.269397e-01
4.197872e-01 2.069521e-01
3.959850e-01 2.069521e-01
3.749989e-01 2.069521e-01
3.543409e-01 2.069521e-01
3.374492e-01 2.069521e-01
3.253200e-01 2.069521e-01
3.141976e-01 2.017258e-01
3.025510e-01 1.974263e-01
2.935648e-01 1.974263e-01
2.851614e-01 1.974263e-01
2.781900e-01 1.974263e-01
2.725881e-01 1.767589e-01
2.672945e-01 1.767589e-01
2.627058e-01 1.767589e-01
2.586733e-01 1.767589e-01
2.539098e-01 1.767589e-01
2.489543e-01 1.767589e-01
2.449774e-01 1.767589e-01
2.401748e-01 1.767589e-01
2.349715e-01 1.572349e-01
2.298974e-01 1.572349e-01
2.251148e-01 1.572349e-01
2.202248e-01 1.572349e-01
2.145681e-01 1.572349e-01
2.036751e-01 1.572349e-01
1.790611e-01 1.572349e-01
2.159041e+03 1.206905e+03
1.223058e+03 6.950027e+02
6.834526e+02 3.785704e+02
4.542445e+02 2.805277e+02
2.971584e+02 1.861233e+02
2.050143e+02 1.306395e+02
1.438399e+02 8.773031e+01
1.021189e+02 6.023460e+01
7.151963e+01 4.557471e+01
4.803043e+01 2.333055e+01
2.624064e+01 7.767719e-01
1.015952e+01 6.116106e-01
6.445676e+00 2.686710e-01
4.927644e+00 2.686710e-01
4.256550e+00 2.686710e-01
3.720158e+00 2.686710e-01
3.410207e+00 2.686710e-01
3.123672e+00 2.686710e-01
2.881429e+00 2.686710e-01
2.717257e+00 2.686710e-01
2.564990e+00 2.686710e-01
2.428959e+00 2.686710e-01
2.316123e+00 2.686710e-01
2.199251e+00 2.686710e-01
2.107382e+00 2.686710e-01
2.037769e+00 2.686710e-01
1.961631e+00 2.364299e-01
1.895608e+00 2.364299e-01
1.829940e+00 2.364299e-01
1.768085e+00 2.364299e-01
1.721162e+00 2.364299e-01
1.669420e+00 2.364299e-01
1.623779e+00 2.364299e-01
1.572296e+00 2.364299e-01
1.538213e+00 2.364299e-01
1.502574e+00 2.364299e-01
1.463311e+00 2.364299e-01
1.417636e+00 2.364299e-01
1.382875e+00 2.364299e-01
1.355370e+00 2.364299e-01
1.324858e+00 2.364299e-01
1.297724e+00 2.364299e-01
1.268551e+00 2.364299e-01
1.240173e+00 2.364299e-01
1.215662e+00 2.364299e-01
1.188406e+00 2.364299e-01
1.165189e+00 2.364299e-01
1.139410e+00 2.364299e-01
1.116188e+00 2.364299e-01
1.093055e+00 2.364299e-01
1.072739e+00 2.364299e-01
1.052773e+00 2.364299e-01
1.032967e+00 2.364299e-01
1.011319e+00 2.364299e-01
9.858098e-01 2.364299e-01
9.373246e-01 2.364299e-01
8.745197e-01 2.364299e-01
8.205787e-01 2.364299e-01
7.442621e-01 2.364299e-01
6.752913e-01 2.364299e-01
6.399729e-01 2.364299e-01
6.052470e-01 2.364299e-01
5.769904e-01 2.364299e-01
5.548866e-01 2.364299e-01
5.308121e-01 2.364299e-01
5.089813e-01 2.364299e-01
4.888446e-01 2.364299e-01
4.710881e-01 2.364299e-01
4.513443e-01 2.364299e-01
4.319818e-01 2.364299e-01
4.138867e-01 2.340080e-01
3.982389e-01 1.987614e-01
3.813570e-01 1.987614e-01
3.664164e-01 1.987614e-01
3.493096e-01 1.987614e-01
3.378010e-01 1.987614e-01
3.276565e-01 1.987614e-01
3.202848e-01 1.987614e-01
3.116712e-01 1.987614e-01
3.054113e-01 1.987614e-01
2.983921e-01 1.987614e-01
2.933141e-01 1.987614e-01
2.862174e-01 1.961112e-01
2.812063e-01 1.961112e-01
2.759628e-01 1.810386e-01
2.711563e-01 1.810386e-01
2.664422e-01 1.810386e-01
2.629375e-01 1.810386e-01
2.586120e-01 1.810386e-01
2.549003e-01 1.810386e-01
2.509883e-01 1.810386e-01
2.469058e-01 1.810386e-01
2.436082e-01 1.810386e-01
2.395302e-01 1.711816e-01
2.360307e-01 1.711816e-01
2.316667e-01 1.711816e-01
2.269259e-01 1.711816e-01
2.218165e-01 1.711816e-01
2.145693e-01 1.711816e-01
2.038241e-01 1.711816e-01
1.795234e-01 1.642332e-01
2.158936e+03 1.250766e+03
1.231119e+03 6.605576e+02
6.960316e+02 4.239387e+02
4.587320e+02 2.621713e+02
3.000752e+02 1.867803e+02
2.054706e+02 1.292431e+02
1.425768e+02 9.246491e+01
1.010181e+02 6.344328e+01
7.017480e+01 3.511145e+01
4.727874e+01 2.130152e+01
2.471622e+01 1.713477e+00
1.002414e+01 5.689271e-01
6.507644e+00 3.445486e-01
5.005129e+00 3.445486e-01
4.290163e+00 3.445486e-01
3.760638e+00 3.445486e-01
3.427143e+00 2.360338e-01
3.134173e+00 2.360338e-01
2.889325e+00 2.360338e-01
2.707905e+00 2.360338e-01
2.555410e+00 2.360338e-01
2.436275e+00 2.360338e-01
2.321205e+00 2.360338e-01
2.202597e+00 2.360338e-01
2.125221e+00 2.360338e-01
2.045805e+00 2.360338e-01
1.965393e+00 2.360338e-01
1.913405e+00 2.360338e-01
1.853342e+00 2.360338e-01
1.805908e+00 2.360338e-01
1.755282e+00 2.360338e-01
1.708726e+00 2.360338e-01
1.654472e+00 2.360338e-01
1.597484e+00 2.360338e-01
1.552001e+00 2.360338e-01
1.510620e+00 2.053415e-01
1.472275e+00 2.053415e-01
1.429294e+00 2.053415e-01
1.398606e+00 2.053415e-01
1.367046e+00 2.053415e-01
1.340104e+00 2.053415e-01
1.314414e+00 2.053415e-01
1.286404e+00 2.053415e-01
1.263506e+00 2.053415e-01
1.236197e+00 2.053415e-01
1.211414e+00 2.053415e-01
1.190588e+00 2.053415e-01
1.162407e+00 2.053415e-01
1.139295e+00 2.053415e-01
1.118067e+00 2.053415e-01
1.093768e+00 2.053415e-01
1.077825e+00 2.053415e-01
1.063778e+00 2.053415e-01
1.047216e+00 2.053415e-01
1.027140e+00 2.053415e-01
1.010444e+00 2.053415e-01
9.932602e-01 2.053415e-01
9.756424e-01 2.053415e-01
9.547097e-01 2.053415e-01
9.329293e-01 2.053415e-01
8.963288e-01 2.053415e-01
8.165181e-01 2.053415e-01
7.455094e-01 2.053415e-01
6.867080e-01 2.053415e-01
6.392522e-01 2.053415e-01
6.041452e-01 2.053415e-01
5.720529e-01 2.053415e-01
5.423174e-01 2.053415e-01
5.221846e-01 2.053415e-01
4.961668e-01 2.053415e-01
4.694002e-01 2.053415e-01
4.443311e-01 2.053415e-01
4.271628e-01 2.053415e-01
4.033326e-01 2.053415e-01
3.886671e-01 2.053415e-01
3.712693e-01 2.053415e-01
3.544509e-01 2.053415e-01
3.412263e-01 2.053415e-01
3.298391e-01 2.053415e-01
3.179677e-01 2.053415e-01
3.100749e-01 2.053415e-01
3.004626e-01 1.941029e-01
2.930803e-01 1.941029e-01
2.869476e-01 1.941029e-01
2.814531e-01 1.941029e-01
2.764019e-01 1.941029e-01
2.708313e-01 1.856331e-01
2.663346e-01 1.856331e-01
2.612040e-01 1.856331e-01
2.572672e-01 1.739489e-01
2.534583e-01 1.739489e-01
2.492765e-01 1.739489e-01
2.450594e-01 1.739489e-01
2.411258e-01 1.739489e-01
2.365188e-01 1.739489e-01
2.321988e-01 1.739489e-01
2.276382e-01 1.739489e-01
2.209733e-01 1.739489e-01
2.132028e-01 1.739489e-01
2.031969e-01 1.739489e-01
1.858935e-01 1.683407e-01
2.147858e+03 1.252609e+03
1.227439e+03 7.416142e+02
6.945456e+02 3.975026e+02
4.679205e+02 2.804383e+02
3.053271e+02 1.862376e+02
2.063653e+02 1.316574e+02
1.442095e+02 8.934458e+01
1.016897e+02 5.918874e+01
7.153224e+01 3.805496e+01
4.793212e+01 2.100506e+01
2.550881e+01 1.512907e+00
9.935833e+00 3.290935e-01
6.405539e+00 3.290935e-01
4.861232e+00 3.290935e-01
4.239207e+00 3.290935e-01
3.705132e+00 3.290935e-01
3.346435e+00 3.290935e-01
3.075971e+00 3.290935e-01
2.836595e+00 3.290935e-01
2.711158e+00 3.290935e-01
2.534328e+00 3.290935e-01
2.404419e+00 2.929812e-01
2.297928e+00 2.929812e-01
2.190789e+00 2.929812e-01
2.115327e+00 2.929812e-01
2.031397e+00 2.929812e-01
1.959928e+00 2.691905e-01
1.904432e+00 2.691905e-01
1.840579e+00 2.691905e-01
1.792713e+00 2.691905e-01
1.747632e+00 2.691905e-01
1.699174e+00 2.691905e-01
1.653551e+00 2.691905e-01
1.609265e+00 2.691905e-01
1.573802e+00 2.691905e-01
1.533547e+00 2.691905e-01
1.493405e+00 2.691905e-01
1.451375e+00 2.691905e-01
1.421349e+00 2.691905e-01
1.390472e+00 2.691905e-01
1.360423e+00 2.691905e-01
1.329551e+00 2.691905e-01
1.308050e+00 2.691905e-01
1.281336e+00 2.691905e-01
1.249729e+00 2.691905e-01
1.223150e+00 2.691905e-01
1.199056e+00 2.691905e-01
1.175689e+00 2.691905e-01
1.154365e+00 2.691905e-01
1.129126e+00 2.691905e-01
1.105746e+00 2.111769e-01
1.088355e+00 2.111769e-01
1.066064e+00 2.111769e-01
1.048816e+00 2.111769e-01
1.031798e+00 2.111769e-01
1.016346e+00 2.111769e-01
9.976307e-01 2.111769e-01
9.793294e-01 2.111769e-01
9.500483e-01 2.111769e-01
9.034827e-01 2.111769e-01
8.584000e-01 2.111769e-01
8.072919e-01 2.111769e-01
7.643144e-01 2.111769e-01
7.147244e-01 2.111769e-01
6.638850e-01 2.111769e-01
6.173545e-01 2.111769e-01
5.813400e-01 2.111769e-01
5.475320e-01 2.111769e-01
5.176610e-01 2.111769e-01
4.974539e-01 2.111769e-01
4.765651e-01 2.111769e-01
4.467575e-01 2.111769e-01
4.243979e-01 2.111769e-01
4.085219e-01 2.111769e-01
3.960111e-01 2.111769e-01
3.817507e-01 2.111769e-01
3.661917e-01 2.111769e-01
3.505418e-01 2.111769e-01
3.390900e-01 2.111769e-01
3.272469e-01 2.111769e-01
3.164294e-01 2.111769e-01
3.084035e-01 2.111769e-01
3.007841e-01 2.111769e-01
2.931003e-01 2.111769e-01
2.867223e-01 2.111769e-01
2.811460e-01 1.955005e-01
2.763086e-01 1.955005e-01
2.719958e-01 1.955005e-01
2.673271e-01 1.955005e-01
2.630297e-01 1.955005e-01
2.585716e-01 1.955005e-01
2.543236e-01 1.926775e-01
2.506175e-01 1.926775e-01
2.469429e-01 1.926775e-01
2.435652e-01 1.926775e-01
2.392322e-01 1.926775e-01
2.351126e-01 1.926775e-01
2.301339e-01 1.926775e-01
2.214483e-01 1.926775e-01
2.113795e-01 1.912655e-01
1.949647e-01 1.912655e-01
2.158588e+03 1.190095e+03
1.220187e+03 5.927260e+02
6.893424e+02 4.069842e+02
4.506497e+02 2.675876e+02
2.918851e+02 1.798590e+02
2.019172e+02 1.333419e+02
1.414250e+02 7.916639e+01
9.996247e+01 6.623050e+01
7.087707e+01 4.176794e+01
4.769258e+01 1.128140e+01
2.522066e+01 6.677911e-01
9.816536e+00 5.086669e-01
6.229715e+00 4.367209e-01
4.848933e+00 4.367209e-01
4.167047e+00 4.367209e-01
3.674616e+00 4.367209e-01
3.332115e+00 3.404367e-01
3.039691e+00 3.404367e-01
2.825622e+00 3.404367e-01
2.661836e+00 3.404367e-01
2.522351e+00 3.404367e-01
2.395893e+00 3.404367e-01
2.289735e+00 3.404367e-01
2.170473e+00 3.265170e-01
2.101733e+00 3.265170e-01
2.020125e+00 3.265170e-01
1.953422e+00 3.265170e-01
1.871700e+00 3.265170e-01
1.817337e+00 3.265170e-01
1.765880e+00 3.265170e-01
1.715464e+00 3.265170e-01
1.671957e+00 3.265170e-01
1.624984e+00 3.265170e-01
1.572018e+00 2.675856e-01
1.525829e+00 2.675856e-01
1.494934e+00 2.675856e-01
1.464539e+00 2.675856e-01
1.430424e+00 2.675856e-01
1.397661e+00 2.675856e-01
1.372611e+00 2.675856e-01
1.343381e+00 2.675856e-01
1.320080e+00 2.675856e-01
1.286097e+00 2.360224e-01
1.253911e+00 2.360224e-01
1.228697e+00 2.360224e-01
1.203313e+00 2.360224e-01
1.181887e+00 2.360224e-01
1.159233e+00 2.360224e-01
1.140386e+00 2.360224e-01
1.117690e+00 2.360224e-01
1.096047e+00 2.360224e-01
1.080477e+00 2.360224e-01
1.065547e+00 2.360224e-01
1.047090e+00 2.360224e-01
1.028446e+00 2.360224e-01
1.011879e+00 2.360224e-01
9.924405e-01 2.360224e-01
9.783337e-01 2.360224e-01
9.625374e-01 2.360224e-01
9.466527e-01 2.360224e-01
9.302954e-01 2.360224e-01
9.171155e-01 2.360224e-01
8.946800e-01 2.360224e-01
8.378816e-01 2.360224e-01
7.800517e-01 2.360224e-01
7.097384e-01 2.360224e-01
6.628070e-01 2.251295e-01
6.169823e-01 2.251295e-01
5.795831e-01 2.251295e-01
5.382194e-01 2.251295e-01
5.095176e-01 2.251295e-01
4.755236e-01 2.203244e-01
4.404749e-01 2.203244e-01
4.115184e-01 2.203244e-01
3.901099e-01 2.203244e-01
3.746206e-01 2.044474e-01
3.602629e-01 2.044474e-01
3.492311e-01 2.044474e-01
3.369299e-01 2.044474e-01
3.251786e-01 2.044474e-01
3.129511e-01 2.044474e-01
3.036165e-01 2.044474e-01
2.958332e-01 2.044474e-01
2.884743e-01 2.020131e-01
2.819453e-01 2.020131e-01
2.764488e-01 2.020131e-01
2.709289e-01 2.020131e-01
2.663349e-01 2.020131e-01
2.619648e-01 2.020131e-01
2.570922e-01 1.937399e-01
2.530259e-01 1.937399e-01
2.487238e-01 1.937399e-01
2.454366e-01 1.937399e-01
2.416278e-01 1.937399e-01
2.373995e-01 1.937399e-01
2.327551e-01 1.937399e-01
2.263902e-01 1.647453e-01
2.199739e-01 1.636299e-01
2.129670e-01 1.636299e-01
2.039561e-01 1.636299e-01
1.839568e-01 1.636299e-01
2.154890e+03 1.240437e+03
1.233129e+03 6.949743e+02
7.005137e+02 4.248408e+02
4.658529e+02 2.666471e+02
3.041699e+02 1.936447e+02
2.079353e+02 1.342595e+02
1.472119e+02 8.807511e+01
1.031474e+02 5.140716e+01
7.221523e+01 4.581546e+01
4.874497e+01 1.942652e+01
2.581257e+01 1.004119e+00
1.007746e+01 2.889156e-01
6.525680e+00 2.889156e-01
5.018714e+00 2.889156e-01
4.272882e+00 2.889156e-01
3.760437e+00 2.889156e-01
3.447616e+00 2.889156e-01
3.138148e+00 2.889156e-01
2.907646e+00 2.889156e-01
2.750579e+00 2.889156e-01
2.590470e+00 2.889156e-01
2.459830e+00 2.889156e-01
2.354379e+00 2.889156e-01
2.234020e+00 2.889156e-01
2.146986e+00 2.889156e-01
2.067178e+00 2.889156e-01
1.984120e+00 2.889156e-01
1.924813e+00 2.889156e-01
1.859224e+00 2.889156e-01
1.791948e+00 2.889156e-01
1.745944e+00 2.889156e-01
1.686781e+00 2.889156e-01
1.645552e+00 2.889156e-01
1.593140e+00 2.889156e-01
1.543846e+00 2.889156e-01
1.500927e+00 2.889156e-01
1.463183e+00 2.889156e-01
1.424123e+00 2.889156e-01
1.394716e+00 2.889156e-01
1.362991e+00 2.889156e-01
1.331216e+00 2.889156e-01
1.309399e+00 2.889156e-01
1.286172e+00 2.889156e-01
1.265030e+00 2.889156e-01
1.245038e+00 2.889156e-01
1.212456e+00 2.889156e-01
1.187473e+00 2.889156e-01
1.163041e+00 2.889156e-01
1.139712e+00 2.889156e-01
1.116661e+00 2.648041e-01
1.090444e+00 2.648041e-01
1.073528e+00 2.648041e-01
1.053931e+00 2.648041e-01
1.037011e+00 2.648041e-01
1.012636e+00 2.648041e-01
9.910209e-01 2.648041e-01
9.726737e-01 2.648041e-01
9.568433e-01 2.648041e-01
9.419761e-01 2.648041e-01
9.214391e-01 2.648041e-01
8.877398e-01 2.648041e-01
8.246698e-01 2.648041e-01
7.430755e-01 2.215299e-01
6.970998e-01 2.215299e-01
6.315376e-01 2.215299e-01
5.933084e-01 2.215299e-01
5.512421e-01 2.156300e-01
5.260261e-01 2.156300e-01
5.006756e-01 2.156300e-01
4.770660e-01 2.156300e-01
4.534888e-01 2.156300e-01
4.378881e-01 2.156300e-01
4.225836e-01 2.156300e-01
3.975584e-01 2.156300e-01
3.793009e-01 2.156300e-01
3.651151e-01 2.156300e-01
3.501870e-01 1.911256e-01
3.365606e-01 1.911256e-01
3.259746e-01 1.911256e-01
3.165163e-01 1.911256e-01
3.078574e-01 1.911256e-01
2.988843e-01 1.911256e-01
2.921769e-01 1.895720e-01
2.854829e-01 1.895720e-01
2.790367e-01 1.895720e-01
2.738168e-01 1.895720e-01
2.691421e-01 1.895720e-01
2.648263e-01 1.895720e-01
2.600857e-01 1.781180e-01
2.560400e-01 1.781180e-01
2.515431e-01 1.781180e-01
2.474584e-01 1.781180e-01
2.436842e-01 1.781180e-01
2.393571e-01 1.781180e-01
2.348514e-01 1.781180e-01
2.302509e-01 1.781180e-01
2.258718e-01 1.781180e-01
2.204188e-01 1.781180e-01
2.136175e-01 1.781180e-01
2.047499e-01 1.781180e-01
1.850821e-01 1.781180e-01
2.163114e+03 1.208734e+03
1.228704e+03 7.288288e+02
6.881364e+02 4.453487e+02
4.591692e+02 2.816096e+02
2.992297e+02 1.901920e+02
2.029856e+02 1.364214e+02
1.403049e+02 8.712479e+01
9.891425e+01 5.468842e+01
6.846514e+01 3.630135e+01
4.504881e+01 7.008204e+00
2.275922e+01 1.281649e+00
9.434043e+00 5.192122e-01
6.284657e+00 5.192122e-01
4.872895e+00 3.886135e-01
4.237213e+00 3.886135e-01
3.694009e+00 3.265964e-01
3.416756e+00 3.265964e-01
3.100081e+00 3.265964e-01
2.869090e+00 3.265964e-01
2.716672e+00 3.265964e-01
2.565356e+00 3.265964e-01
2.442481e+00 3.265964e-01
2.322425e+00 3.123698e-01
2.197618e+00 3.123698e-01
2.109839e+00 3.123698e-01
2.029400e+00 3.123698e-01
1.953451e+00 3.123698e-01
1.889800e+00 3.123698e-01
1.830356e+00 3.123698e-01
1.769547e+00 3.123698e-01
1.719336e+00 3.123698e-01
1.665738e+00 3.123698e-01
1.617688e+00 3.123698e-01
1.571693e+00 3.123698e-01
1.529440e+00 3.123698e-01
1.485648e+00 3.123698e-01
1.448749e+00 3.123698e-01
1.416236e+00 3.123698e-01
1.383416e+00 3.123698e-01
1.351131e+00 3.123698e-01
1.321877e+00 3.123698e-01
1.297858e+00 3.123698e-01
1.271499e+00 3.123698e-01
1.242523e+00 3.123698e-01
1.216627e+00 2.222726e-01
1.196199e+00 2.222726e-01
1.173219e+00 2.222726e-01
1.152572e+00 2.222726e-01
1.132981e+00 2.222726e-01
1.110201e+00 2.222726e-01
1.088392e+00 2.222726e-01
1.073100e+00 2.222726e-01
1.056909e+00 2.222726e-01
1.039894e+00 2.222726e-01
1.020854e+00 2.222726e-01
1.001283e+00 2.222726e-01
9.813274e-01 2.222726e-01
9.587360e-01 2.222726e-01
9.399251e-01 2.222726e-01
9.218588e-01 2.222726e-01
9.034734e-01 2.222726e-01
8.605886e-01 2.222726e-01
8.134268e-01 2.222726e-01
7.579518e-01 2.222726e-01
6.860934e-01 2.222726e-01
6.477781e-01 2.222726e-01
6.061442e-01 2.222726e-01
5.701542e-01 2.222726e-01
5.422092e-01 2.222726e-01
5.176575e-01 2.222726e-01
4.966381e-01 2.222726e-01
4.761211e-01 2.108195e-01
4.509612e-01 2.108195e-01
4.290400e-01 2.108195e-01
4.075393e-01 2.108195e-01
3.866240e-01 2.108195e-01
3.705950e-01 2.108195e-01
3.560739e-01 2.108195e-01
3.423587e-01 2.108195e-01
3.301680e-01 2.108195e-01
3.200549e-01 2.108195e-01
3.107959e-01 2.108195e-01
3.035397e-01 2.108195e-01
2.956691e-01 2.108195e-01
2.895172e-01 2.108195e-01
2.830432e-01 1.918254e-01
2.780394e-01 1.918254e-01
2.734676e-01 1.918254e-01
2.682473e-01 1.918254e-01
2.639747e-01 1.918254e-01
2.600622e-01 1.918254e-01
2.554310e-01 1.918254e-01
2.518186e-01 1.918254e-01
2.474117e-01 1.918254e-01
2.427688e-01 1.918254e-01
2.379374e-01 1.918254e-01
2.320771e-01 1.623976e-01
2.261782e-01 1.623976e-01
2.193909e-01 1.623976e-01
2.096271e-01 1.623976e-01
1.789041e-01 1.590450e-01
2.150543e+03 1.094946e+03
1.216492e+03 6.985188e+02
6.858863e+02 3.984011e+02
4.577015e+02 2.738679e+02
3.026217e+02 1.757719e+02
2.094890e+02 1.405258e+02
1.487127e+02 9.538337e+01
1.061961e+02 6.349786e+01
7.416655e+01 4.105315e+01
4.949847e+01 2.246695e+01
2.721853e+01 1.344614e+00
1.035765e+01 5.164902e-01
6.361254e+00 4.394744e-01
4.922648e+00 4.394744e-01
4.250909e+00 3.854290e-01
3.687749e+00 3.518252e-01
3.374195e+00 2.542007e-01
3.103937e+00 2.542007e-01
2.899347e+00 2.542007e-01
2.736182e+00 2.542007e-01
2.583445e+00 2.542007e-01
2.457495e+00 2.542007e-01
2.352623e+00 2.542007e-01
2.234529e+00 2.479153e-01
2.143678e+00 2.479153e-01
2.058657e+00 2.479153e-01
1.978292e+00 2.479153e-01
1.911382e+00 2.479153e-01
1.851000e+00 2.479153e-01
1.797046e+00 2.479153e-01
1.738440e+00 2.479153e-01
1.681917e+00 2.479153e-01
1.636576e+00 2.479153e-01
1.594132e+00 2.479153e-01
1.552490e+00 2.479153e-01
1.512829e+00 2.479153e-01
1.470992e+00 2.479153e-01
1.437872e+00 2.479153e-01
1.407655e+00 2.479153e-01
1.379224e+00 2.479153e-01
1.352158e+00 2.479153e-01
1.322312e+00 2.479153e-01
1.298211e+00 2.479153e-01
1.271194e+00 2.479153e-01
1.248718e+00 2.479153e-01
1.229005e+00 2.479153e-01
1.205222e+00 2.479153e-01
1.179621e+00 2.479153e-01
1.154321e+00 2.239305e-01
1.134450e+00 2.239305e-01
1.109720e+00 2.239305e-01
1.089684e+00 2.239305e-01
1.069651e+00 2.239305e-01
1.048820e+00 2.239305e-01
9.984257e-01 2.239305e-01
9.519416e-01 2.239305e-01
8.812617e-01 2.239305e-01
8.228060e-01 2.239305e-01
7.540970e-01 2.239305e-01
7.016302e-01 2.239305e-01
6.657762e-01 2.239305e-01
6.303368e-01 2.239305e-01
5.962641e-01 2.239305e-01
5.664351e-01 2.239305e-01
5.321507e-01 2.239305e-01
5.057223e-01 2.239305e-01
4.843981e-01 2.239305e-01
4.603135e-01 2.239305e-01
4.413117e-01 2.239305e-01
4.207473e-01 2.239305e-01
4.028471e-01 2.239305e-01
3.876641e-01 2.146360e-01
3.707831e-01 2.137020e-01
3.552945e-01 2.094680e-01
3.432188e-01 2.094680e-01
3.310502e-01 2.094680e-01
3.196206e-01 2.070780e-01
3.102355e-01 2.070780e-01
3.021756e-01 2.070780e-01
2.951923e-01 2.070780e-01
2.896537e-01 2.070780e-01
2.837492e-01 2.070780e-01
2.786907e-01 2.070780e-01
2.733434e-01 2.070780e-01
2.677159e-01 2.031124e-01
2.632876e-01 2.031124e-01
2.586580e-01 1.961313e-01
2.552497e-01 1.961313e-01
2.518339e-01 1.961313e-01
2.486921e-01 1.961313e-01
2.445278e-01 1.961313e-01
2.409454e-01 1.961313e-01
2.372001e-01 1.961313e-01
2.336895e-01 1.961313e-01
2.304630e-01 1.836874e-01
2.260047e-01 1.836874e-01
2.217452e-01 1.836874e-01
2.169841e-01 1.836874e-01
2.106231e-01 1.836874e-01
2.034891e-01 1.836874e-01
1.913111e-01 1.836874e-01
2.152612e+03 1.239377e+03
1.227911e+03 6.770810e+02
6.959248e+02 3.849018e+02
4.632025e+02 2.562886e+02
3.024590e+02 1.360045e+02
2.073421e+02 1.253406e+02
1.453685e+02 8.737499e+01
1.034420e+02 5.410346e+01
7.254583e+01 4.032876e+01
4.861070e+01 2.275527e+01
2.629298e+01 2.004297e+00
1.039804e+01 6.054966e-01
6.638437e+00 2.876917e-01
5.089639e+00 2.876917e-01
4.329810e+00 2.876917e-01
3.809226e+00 2.876917e-01
3.487730e+00 2.876917e-01
3.204051e+00 2.876917e-01
2.947719e+00 2.876917e-01
2.768718e+00 2.876917e-01
2.597229e+00 2.876917e-01
2.442200e+00 2.876917e-01
2.332703e+00 2.876917e-01
2.222526e+00 2.876917e-01
2.137075e+00 2.876917e-01
2.054915e+00 2.876917e-01
1.970758e+00 2.876917e-01
1.892859e+00 2.876917e-01
1.829318e+00 2.876917e-01
1.772569e+00 2.876917e-01
1.724265e+00 2.876917e-01
1.672029e+00 2.876917e-01
1.623333e+00 2.876917e-01
1.575673e+00 2.876917e-01
1.541400e+00 2.876917e-01
1.496484e+00 2.816774e-01
1.460623e+00 2.816774e-01
1.428914e+00 2.816774e-01
1.396151e+00 2.816774e-01
1.366060e+00 2.816774e-01
1.338377e+00 2.816774e-01
1.317192e+00 2.816774e-01
1.286701e+00 2.816774e-01
1.256583e+00 2.816774e-01
1.230399e+00 2.816774e-01
1.203582e+00 2.816774e-01
1.179891e+00 2.816774e-01
1.156840e+00 2.816774e-01
1.133181e+00 2.816774e-01
1.109478e+00 2.816774e-01
1.086076e+00 2.816774e-01
1.068072e+00 2.816774e-01
1.049893e+00 2.816774e-01
1.019351e+00 2.816774e-01
9.929244e-01 2.816774e-01
9.709334e-01 2.614728e-01
9.422079e-01 2.447454e-01
9.007288e-01 2.447454e-01
8.688367e-01 2.447454e-01
8.198185e-01 2.447454e-01
7.666509e-01 2.447454e-01
6.902879e-01 2.447454e-01
6.328675e-01 2.447454e-01
5.973860e-01 2.447454e-01
5.624043e-01 2.447454e-01
5.289738e-01 2.057701e-01
5.109120e-01 2.057701e-01
4.872509e-01 2.057701e-01
4.643710e-01 2.057701e-01
4.439611e-01 2.057701e-01
4.237905e-01 2.057701e-01
3.988617e-01 2.057701e-01
3.847896e-01 2.057701e-01
3.719828e-01 2.057701e-01
3.610432e-01 2.057701e-01
3.476378e-01 2.034936e-01
3.371249e-01 2.034936e-01
3.253833e-01 2.034936e-01
3.153525e-01 2.034936e-01
3.068922e-01 2.034936e-01
3.006614e-01 2.034936e-01
2.940025e-01 2.034936e-01
2.872050e-01 1.989814e-01
2.824517e-01 1.989814e-01
2.777973e-01 1.989814e-01
2.736152e-01 1.989814e-01
2.689098e-01 1.989814e-01
2.645938e-01 1.989814e-01
2.605111e-01 1.954563e-01
2.569167e-01 1.954563e-01
2.522409e-01 1.954563e-01
2.480310e-01 1.954563e-01
2.442406e-01 1.954563e-01
2.403331e-01 1.954563e-01
2.372951e-01 1.954563e-01
2.326226e-01 1.954563e-01
2.272928e-01 1.760106e-01
2.221069e-01 1.760106e-01
2.158433e-01 1.760106e-01
2.071931e-01 1.760106e-01
1.926408e-01 1.760106e-01
2.143356e+03 1.284557e+03
1.217520e+03 7.318338e+02
7.016972e+02 4.040487e+02
4.649690e+02 2.774753e+02
3.035263e+02 1.893151e+02
2.083545e+02 1.218890e+02
1.473413e+02 8.311680e+01
1.045244e+02 6.216768e+01
7.199683e+01 4.425337e+01
4.842951e+01 2.099307e+01
2.685438e+01 5.733958e-01
1.056862e+01 4.162266e-01
6.288866e+00 3.644838e-01
4.845678e+00 3.644838e-01
4.181072e+00 3.644838e-01
3.654888e+00 3.644838e-01
3.355356e+00 3.644838e-01
3.076188e+00 3.644838e-01
2.835010e+00 3.644838e-01
2.670459e+00 2.459416e-01
2.524933e+00 2.459416e-01
2.394812e+00 2.459416e-01
2.276526e+00 2.459416e-01
2.174475e+00 2.459416e-01
2.068035e+00 2.459416e-01
2.002941e+00 2.459416e-01
1.923123e+00 2.459416e-01
1.856574e+00 2.459416e-01
1.802064e+00 2.459416e-01
1.742140e+00 2.459416e-01
1.689157e+00 2.459416e-01
1.647055e+00 2.459416e-01
1.600451e+00 2.459416e-01
1.557336e+00 2.459416e-01
1.520338e+00 2.459416e-01
1.482267e+00 2.459416e-01
1.448921e+00 2.459416e-01
1.416954e+00 2.459416e-01
1.386812e+00 2.459416e-01
1.354191e+00 2.459416e-01
1.321517e+00 2.459416e-01
1.287974e+00 2.459416e-01
1.262368e+00 2.459416e-01
1.240249e+00 2.459416e-01
1.212815e+00 2.459416e-01
1.189721e+00 2.459416e-01
1.167563e+00 2.459416e-01
1.141861e+00 2.459416e-01
1.122930e+00 2.459416e-01
1.102558e+00 2.459416e-01
1.078841e+00 2.459416e-01
1.059588e+00 2.459416e-01
1.038632e+00 2.459416e-01
1.021224e+00 2.459416e-01
9.887545e-01 2.459416e-01
9.457244e-01 2.303873e-01
8.516699e-01 2.303873e-01
7.805102e-01 2.303873e-01
7.293065e-01 2.303873e-01
6.810129e-01 2.303873e-01
6.464126e-01 2.303873e-01
6.119894e-01 2.303873e-01
5.745738e-01 2.303873e-01
5.482536e-01 2.303873e-01
5.243789e-01 2.303873e-01
5.044035e-01 2.303873e-01
4.843958e-01 2.303873e-01
4.624250e-01 2.303873e-01
4.437352e-01 2.303873e-01
4.294929e-01 2.303873e-01
4.148614e-01 2.268173e-01
3.982613e-01 2.268173e-01
3.831230e-01 2.268173e-01
3.686042e-01 2.241949e-01
3.523976e-01 2.241949e-01
3.386692e-01 2.041383e-01
3.269484e-01 2.041383e-01
3.167874e-01 2.041383e-01
3.076289e-01 2.041383e-01
3.006451e-01 2.041383e-01
2.939868e-01 2.024715e-01
2.882946e-01 2.024715e-01
2.833081e-01 2.024715e-01
2.782398e-01 2.024715e-01
2.736617e-01 2.024715e-01
2.693902e-01 2.008191e-01
2.645956e-01 2.008191e-01
2.607899e-01 2.008191e-01
2.572940e-01 2.008191e-01
2.542335e-01 1.949366e-01
2.510257e-01 1.949366e-01
2.476945e-01 1.873197e-01
2.441653e-01 1.791703e-01
2.410102e-01 1.791703e-01
2.370082e-01 1.791703e-01
2.332977e-01 1.791703e-01
2.294644e-01 1.791703e-01
2.242882e-01 1.791703e-01
2.179350e-01 1.791703e-01
2.068308e-01 1.791703e-01
1.869439e-01 1.791703e-01
2.161757e+03 1.206508e+03
1.223213e+03 7.088485e+02
6.915307e+02 3.633150e+02
4.475766e+02 2.771093e+02
2.893437e+02 1.591609e+02
1.996474e+02 1.342270e+02
1.425195e+02 8.556534e+01
1.031415e+02 6.068714e+01
7.330597e+01 4.027851e+01
4.962988e+01 2.724372e+01
2.734588e+01 2.133411e+00
1.071092e+01 4.530195e-01
6.591783e+00 4.328805e-01
5.023431e+00 4.176150e-01
4.288967e+00 4.170137e-01
3.715404e+00 2.448662e-01
3.408215e+00 2.448662e-01
3.092383e+00 2.448662e-01
2.882233e+00 2.448662e-01
2.721271e+00 2.448662e-01
2.560373e+00 2.448662e-01
2.422206e+00 2.448662e-01
2.314088e+00 2.448662e-01
2.181003e+00 2.448662e-01
2.090471e+00 2.448662e-01
2.011641e+00 2.448662e-01
1.928852e+00 2.448662e-01
1.873190e+00 2.448662e-01
1.810140e+00 2.448662e-01
1.747096e+00 2.448662e-01
1.696276e+00 2.448662e-01
1.656060e+00 2.448662e-01
1.607504e+00 2.448662e-01
1.565538e+00 2.448662e-01
1.525779e+00 2.448662e-01
1.490225e+00 2.448662e-01
1.457035e+00 2.448662e-01
1.429811e+00 2.448662e-01
1.395808e+00 2.448662e-01
1.360955e+00 2.448662e-01
1.330447e+00 2.448662e-01
1.304423e+00 2.448662e-01
1.274037e+00 2.448662e-01
1.245345e+00 2.448662e-01
1.214466e+00 2.448662e-01
1.193179e+00 2.448662e-01
1.173467e+00 2.448662e-01
1.149302e+00 2.448662e-01
1.130214e+00 2.448662e-01
1.110329e+00 2.448662e-01
1.085168e+00 2.448662e-01
1.066541e+00 2.448662e-01
1.050426e+00 2.448662e-01
1.029255e+00 2.448662e-01
1.010229e+00 2.448662e-01
9.697448e-01 2.448662e-01
9.160210e-01 2.448662e-01
8.519845e-01 2.448662e-01
7.742503e-01 2.400924e-01
7.097334e-01 2.293900e-01
6.621186e-01 2.293900e-01
6.277960e-01 2.293900e-01
5.901958e-01 2.293900e-01
5.630471e-01 2.293900e-01
5.397471e-01 2.293900e-01
5.218369e-01 2.293900e-01
4.965611e-01 2.293900e-01
4.709957e-01 2.293900e-01
4.504339e-01 1.910489e-01
4.327051e-01 1.910489e-01
4.152230e-01 1.910489e-01
3.996149e-01 1.910489e-01
3.890574e-01 1.910489e-01
3.656349e-01 1.910489e-01
3.533333e-01 1.910489e-01
3.380451e-01 1.910489e-01
3.266532e-01 1.910489e-01
3.168190e-01 1.910489e-01
3.080916e-01 1.881226e-01
3.002819e-01 1.881226e-01
2.923050e-01 1.881226e-01
2.860471e-01 1.881226e-01
2.807868e-01 1.881226e-01
2.751878e-01 1.881226e-01
2.700781e-01 1.881226e-01
2.660121e-01 1.881226e-01
2.621536e-01 1.881226e-01
2.586490e-01 1.881226e-01
2.537624e-01 1.881226e-01
2.491321e-01 1.881226e-01
2.447231e-01 1.881226e-01
2.416019e-01 1.881226e-01
2.379156e-01 1.881226e-01
2.347838e-01 1.881226e-01
2.314906e-01 1.881226e-01
2.272128e-01 1.881226e-01
2.233242e-01 1.881226e-01
2.187661e-01 1.881226e-01
2.130953e-01 1.881226e-01
2.065085e-01 1.880005e-01
1.904671e-01 1.866121e-01
2.166337e+03 1.246200e+03
1.238198e+03 6.973013e+02
6.984212e+02 4.218700e+02
4.599997e+02 2.744607e+02
2.977360e+02 1.831566e+02
2.024119e+02 1.290455e+02
1.419344e+02 8.758158e+01
1.015107e+02 6.069462e+01
7.084103e+01 4.284534e+01
4.639923e+01 3.585710e+00
2.439226e+01 1.365753e+00
9.451990e+00 4.155929e-01
6.131037e+00 2.284885e-01
4.767476e+00 2.284885e-01
4.152558e+00 2.284885e-01
3.642525e+00 2.284885e-01
3.327958e+00 2.284885e-01
3.043626e+00 2.284885e-01
2.793104e+00 2.284885e-01
2.630177e+00 2.284885e-01
2.490996e+00 2.284885e-01
2.373089e+00 2.284885e-01
2.256522e+00 2.284885e-01
2.133684e+00 2.284885e-01
2.044592e+00 2.284885e-01
1.972017e+00 2.284885e-01
1.898739e+00 2.284885e-01
1.839551e+00 2.284885e-01
1.775009e+00 2.284885e-01
1.729293e+00 2.284885e-01
1.687450e+00 2.284885e-01
1.634905e+00 2.284885e-01
1.595789e+00 2.284885e-01
1.547413e+00 2.284885e-01
1.506738e+00 2.284885e-01
1.472049e+00 2.284885e-01
1.436704e+00 2.284885e-01
1.399468e+00 2.284885e-01
1.368240e+00 2.284885e-01
1.334383e+00 2.284885e-01
1.311424e+00 2.284885e-01
1.285098e+00 2.284885e-01
1.254267e+00 2.284885e-01
1.230551e+00 2.284885e-01
1.201432e+00 2.284885e-01
1.177136e+00 2.284885e-01
1.157527e+00 2.284885e-01
1.133302e+00 2.284885e-01
1.109594e+00 2.284885e-01
1.090225e+00 2.284885e-01
1.071285e+00 2.284885e-01
1.055107e+00 2.284885e-01
1.038561e+00 2.284885e-01
1.018742e+00 2.284885e-01
9.992002e-01 2.284885e-01
9.792799e-01 2.284885e-01
8.953670e-01 2.284885e-01
8.283390e-01 2.284885e-01
7.522061e-01 2.284885e-01
6.976472e-01 2.284885e-01
6.544755e-01 2.284885e-01
6.182288e-01 2.284885e-01
5.872376e-01 2.284885e-01
5.612790e-01 2.284885e-01
5.303709e-01 2.284885e-01
5.048139e-01 2.284885e-01
4.801045e-01 2.284885e-01
4.524897e-01 2.284885e-01
4.309304e-01 2.014016e-01
4.166314e-01 2.014016e-01
4.012258e-01 2.014016e-01
3.841666e-01 2.014016e-01
3.712917e-01 2.014016e-01
3.572556e-01 2.014016e-01
3.444771e-01 2.014016e-01
3.317661e-01 2.014016e-01
3.235689e-01 2.014016e-01
3.155110e-01 2.014016e-01
3.069885e-01 2.014016e-01
2.987223e-01 2.014016e-01
2.933201e-01 2.014016e-01
2.863382e-01 2.014016e-01
2.803317e-01 2.014016e-01
2.755840e-01 2.014016e-01
2.701068e-01 2.014016e-01
2.658386e-01 2.003701e-01
2.614184e-01 2.003701e-01
2.566727e-01 2.003701e-01
2.531682e-01 2.003701e-01
2.501174e-01 1.849869e-01
2.465336e-01 1.849869e-01
2.428340e-01 1.849869e-01
2.392574e-01 1.849869e-01
2.352216e-01 1.849869e-01
2.306795e-01 1.849869e-01
2.267670e-01 1.849869e-01
2.221068e-01 1.849869e-01
2.165009e-01 1.765892e-01
2.094215e-01 1.765892e-01
1.984573e-01 1.765892e-01
1.840999e-01 1.765892e-01
2.148215e+03 1.199311e+03
1.222661e+03 6.587238e+02
6.941402e+02 3.913408e+02
4.590677e+02 2.949454e+02
2.977410e+02 1.759631e+02
2.025801e+02 1.246422e+02
1.431658e+02 9.363317e+01
1.014508e+02 6.485046e+01
7.154579e+01 4.175244e+01
4.764583e+01 1.278899e+01
2.596635e+01 1.679434e+00
9.957011e+00 4.630390e-01
6.347191e+00 4.630390e-01
4.880053e+00 4.630390e-01
4.213207e+00 4.328687e-01
3.707069e+00 3.415792e-01
3.389416e+00 3.415792e-01
3.093926e+00 3.415792e-01
2.862053e+00 3.415792e-01
2.711165e+00 3.415792e-01
2.537659e+00 2.895844e-01
2.421076e+00 2.895844e-01
2.317594e+00 2.895844e-01
2.205704e+00 2.895844e-01
2.122922e+00 2.895844e-01
2.047119e+00 2.895844e-01
1.973893e+00 2.895844e-01
1.911217e+00 2.895844e-01
1.849189e+00 2.895844e-01
1.788140e+00 2.895844e-01
1.743307e+00 2.895844e-01
1.690838e+00 2.895844e-01
1.645494e+00 2.895844e-01
1.602973e+00 2.895844e-01
1.558629e+00 2.895844e-01
1.522384e+00 2.895844e-01
1.478193e+00 2.726547e-01
1.441843e+00 2.726547e-01
1.408872e+00 2.726547e-01
1.370752e+00 2.726547e-01
1.340412e+00 2.726547e-01
1.308980e+00 2.676301e-01
1.278278e+00 2.676301e-01
1.254904e+00 2.676301e-01
1.230541e+00 2.676301e-01
1.206742e+00 2.676301e-01
1.179479e+00 2.676301e-01
1.151890e+00 2.676301e-01
1.130651e+00 2.676301e-01
1.101230e+00 2.676301e-01
1.079344e+00 2.676301e-01
1.063170e+00 2.676301e-01
1.045715e+00 2.676301e-01
1.030950e+00 2.676301e-01
1.012925e+00 2.676301e-01
9.958383e-01 2.676301e-01
9.736135e-01 2.676301e-01
9.452142e-01 2.608960e-01
9.070936e-01 2.608960e-01
8.525445e-01 2.608960e-01
7.850583e-01 2.504459e-01
7.260376e-01 2.504459e-01
6.771355e-01 2.504459e-01
6.433453e-01 2.504459e-01
6.115582e-01 2.504459e-01
5.790854e-01 2.504459e-01
5.447434e-01 2.504459e-01
5.107681e-01 2.254815e-01
4.837152e-01 2.254815e-01
4.544831e-01 2.254815e-01
4.384196e-01 2.254815e-01
4.135609e-01 2.241028e-01
3.914925e-01 2.241028e-01
3.733641e-01 2.241028e-01
3.571457e-01 2.241028e-01
3.454062e-01 2.204309e-01
3.333530e-01 2.197439e-01
3.226208e-01 1.961139e-01
3.131868e-01 1.961139e-01
3.063576e-01 1.961139e-01
3.010308e-01 1.961139e-01
2.957553e-01 1.961139e-01
2.903229e-01 1.961139e-01
2.853710e-01 1.961139e-01
2.808059e-01 1.961139e-01
2.760365e-01 1.961139e-01
2.717143e-01 1.961139e-01
2.669096e-01 1.934191e-01
2.628879e-01 1.934191e-01
2.586894e-01 1.881428e-01
2.553235e-01 1.881428e-01
2.504612e-01 1.881428e-01
2.472791e-01 1.881428e-01
2.429334e-01 1.881428e-01
2.386087e-01 1.881428e-01
2.346382e-01 1.881428e-01
2.288244e-01 1.881428e-01
2.227633e-01 1.769848e-01
2.159447e-01 1.769848e-01
2.045669e-01 1.769848e-01
1.860291e-01 1.769848e-01
2.159246e+03 1.216468e+03
1.224940e+03 7.026196e+02
6.856951e+02 3.998175e+02
4.551347e+02 2.558102e+02
2.988042e+02 1.624988e+02
2.028403e+02 1.307182e+02
1.440201e+02 9.572729e+01
1.020609e+02 5.766596e+01
7.089354e+01 3.963125e+01
4.701470e+01 1.683112e+01
2.454690e+01 1.253001e+00
9.533554e+00 5.720432e-01
6.167657e+00 4.810475e-01
4.932854e+00 2.889433e-01
4.325934e+00 2.889433e-01
3.795292e+00 2.889433e-01
3.489685e+00 2.889433e-01
3.198154e+00 2.889433e-01
2.938888e+00 2.889433e-01
2.803025e+00 2.889433e-01
2.639098e+00 2.889433e-01
2.517614e+00 2.889433e-01
2.403407e+00 2.889433e-01
2.284244e+00 2.889433e-01
2.190431e+00 2.889433e-01
2.102516e+00 2.889433e-01
2.015272e+00 2.889433e-01
1.946021e+00 2.889433e-01
1.875741e+00 2.889433e-01
1.825014e+00 2.889433e-01
1.774012e+00 2.889433e-01
1.713801e+00 2.889433e-01
1.668696e+00 2.889433e-01
1.617978e+00 2.889433e-01
1.572736e+00 2.889433e-01
1.532849e+00 2.889433e-01
1.490815e+00 2.889433e-01
1.445987e+00 2.889433e-01
1.410778e+00 2.889433e-01
1.374271e+00 2.889433e-01
1.344433e+00 2.889433e-01
1.315792e+00 2.865388e-01
1.289392e+00 2.865388e-01
1.264380e+00 2.865388e-01
1.238261e+00 2.865388e-01
1.217109e+00 2.865388e-01
1.193477e+00 2.865388e-01
1.167676e+00 2.865388e-01
1.146741e+00 2.865388e-01
1.124477e+00 2.865388e-01
1.102672e+00 2.865388e-01
1.084352e+00 2.865388e-01
1.067732e+00 2.865388e-01
1.049627e+00 2.865388e-01
1.023337e+00 2.865388e-01
1.005433e+00 2.865388e-01
9.733692e-01 2.309426e-01
9.142226e-01 2.202898e-01
8.465165e-01 2.202898e-01
7.610317e-01 2.202898e-01
7.071928e-01 2.202898e-01
6.567609e-01 2.202898e-01
6.178352e-01 2.202898e-01
5.814382e-01 2.202898e-01
5.515515e-01 2.202898e-01
5.270502e-01 2.202898e-01
5.021351e-01 2.202898e-01
4.844229e-01 2.202898e-01
4.611442e-01 2.202898e-01
4.381822e-01 2.202898e-01
4.182381e-01 2.202898e-01
3.963975e-01 2.202898e-01
3.754580e-01 2.202898e-01
3.596179e-01 2.202898e-01
3.490543e-01 2.202898e-01
3.372533e-01 2.202898e-01
3.266059e-01 2.181424e-01
3.163003e-01 1.958151e-01
3.075419e-01 1.958151e-01
3.003279e-01 1.907523e-01
2.936347e-01 1.907523e-01
2.884754e-01 1.907523e-01
2.831502e-01 1.907523e-01
2.777265e-01 1.907523e-01
2.730535e-01 1.907523e-01
2.687578e-01 1.907523e-01
2.639891e-01 1.907523e-01
2.602932e-01 1.907523e-01
2.567927e-01 1.907523e-01
2.531789e-01 1.907523e-01
2.487514e-01 1.907523e-01
2.449106e-01 1.907523e-01
2.411469e-01 1.907523e-01
2.371725e-01 1.907523e-01
2.320192e-01 1.769662e-01
2.281999e-01 1.769662e-01
2.230986e-01 1.769662e-01
2.176183e-01 1.769662e-01
2.119398e-01 1.769662e-01
2.024020e-01 1.769662e-01
1.856404e-01 1.769662e-01
2.149601e+03 1.190368e+03
1.234865e+03 7.423402e+02
6.999286e+02 4.243835e+02
4.663595e+02 2.617780e+02
3.029356e+02 1.809497e+02
2.038063e+02 1.301506e+02
1.419227e+02 8.803309e+01
9.995567e+01 6.585757e+01
7.015559e+01 3.910360e+01
4.623052e+01 9.564126e+00
2.430554e+01 1.227562e+00
9.808726e+00 6.686832e-01
6.359569e+00 3.205890e-01
4.904015e+00 3.111365e-01
4.225408e+00 3.111365e-01
3.680697e+00 3.111365e-01
3.366651e+00 3.111365e-01
3.082923e+00 3.111365e-01
2.871149e+00 3.111365e-01
2.712457e+00 3.111365e-01
2.564152e+00 3.111365e-01
2.425487e+00 3.111365e-01
2.298224e+00 3.111365e-01
2.207656e+00 3.111365e-01
2.119408e+00 3.111365e-01
2.046789e+00 3.111365e-01
1.945547e+00 3.111365e-01
1.887277e+00 3.111365e-01
1.830639e+00 3.111365e-01
1.778005e+00 3.111365e-01
1.725343e+00 3.111365e-01
1.669144e+00 3.111365e-01
1.619784e+00 3.111365e-01
1.579843e+00 3.111365e-01
1.545074e+00 3.111365e-01
1.512758e+00 3.111365e-01
1.474362e+00 3.111365e-01
1.440990e+00 3.111365e-01
1.410362e+00 3.111365e-01
1.380268e+00 3.111365e-01
1.355250e+00 3.111365e-01
1.324208e+00 3.111365e-01
1.295396e+00 3.111365e-01
1.273902e+00 3.111365e-01
1.249081e+00 2.991808e-01
1.225021e+00 2.991808e-01
1.198665e+00 2.991808e-01
1.173865e+00 2.991808e-01
1.151938e+00 2.991808e-01
1.129168e+00 2.991808e-01
1.105771e+00 2.991808e-01
1.086676e+00 2.991808e-01
1.069950e+00 2.991808e-01
1.052262e+00 2.991808e-01
1.034163e+00 2.991808e-01
1.016591e+00 2.991808e-01
9.977429e-01 2.991808e-01
9.820376e-01 2.991808e-01
9.640459e-01 2.991808e-01
9.417136e-01 2.991808e-01
9.142932e-01 2.991808e-01
8.615166e-01 2.250433e-01
7.894576e-01 2.250433e-01
7.375813e-01 2.250433e-01
6.882567e-01 2.250433e-01
6.513547e-01 2.250433e-01
6.180629e-01 2.250433e-01
5.860426e-01 2.250433e-01
5.602628e-01 2.250433e-01
5.392905e-01 2.250433e-01
5.136610e-01 2.240807e-01
4.926293e-01 2.240807e-01
4.688599e-01 2.240807e-01
4.434870e-01 2.240807e-01
4.226623e-01 2.240807e-01
4.069548e-01 2.240807e-01
3.896068e-01 2.240807e-01
3.753521e-01 2.240807e-01
3.568519e-01 2.240807e-01
3.424731e-01 1.682533e-01
3.302640e-01 1.682533e-01
3.192203e-01 1.682533e-01
3.074311e-01 1.682533e-01
2.990155e-01 1.682533e-01
2.933216e-01 1.682533e-01
2.878838e-01 1.682533e-01
2.824565e-01 1.682533e-01
2.769059e-01 1.682533e-01
2.715937e-01 1.682533e-01
2.661578e-01 1.682533e-01
2.609258e-01 1.682533e-01
2.566399e-01 1.682533e-01
2.528314e-01 1.682533e-01
2.483217e-01 1.682533e-01
2.438578e-01 1.682533e-01
2.382030e-01 1.682533e-01
2.335050e-01 1.682533e-01
2.270058e-01 1.682533e-01
2.191735e-01 1.682533e-01
2.082690e-01 1.682533e-01
1.869254e-01 1.682533e-01
2.155334e+03 1.185787e+03
1.199291e+03 6.758197e+02
6.764964e+02 3.711478e+02
4.428312e+02 2.696411e+02
2.887318e+02 1.738207e+02
1.991567e+02 1.331949e+02
1.403320e+02 8.833122e+01
1.000538e+02 6.282755e+01
6.935562e+01 3.839415e+01
4.539441e+01 2.037209e+01
2.348050e+01 5.456801e-01
9.515937e+00 5.456801e-01
6.282493e+00 4.891642e-01
4.837356e+00 3.912476e-01
4.188191e+00 3.912476e-01
3.673587e+00 3.912476e-01
3.376275e+00 3.912476e-01
3.100994e+00 3.912476e-01
2.889349e+00 3.912476e-01
2.725051e+00 3.912476e-01
2.567463e+00 3.912476e-01
2.442967e+00 3.912476e-01
2.325586e+00 3.912476e-01
2.207358e+00 3.912476e-01
2.122934e+00 3.912476e-01
2.055793e+00 3.912476e-01
1.980553e+00 3.912476e-01
1.918568e+00 3.912476e-01
1.848271e+00 3.912476e-01
1.794526e+00 3.912476e-01
1.744123e+00 3.912476e-01
1.690612e+00 3.912476e-01
1.642972e+00 3.759854e-01
1.588487e+00 3.759854e-01
1.550016e+00 3.759854e-01
1.509817e+00 3.759854e-01
1.473589e+00 3.759854e-01
1.442867e+00 3.286821e-01
1.412199e+00 3.286821e-01
1.381129e+00 3.286821e-01
1.357068e+00 3.286821e-01
1.329107e+00 3.286821e-01
1.298495e+00 3.286821e-01
1.276360e+00 3.286821e-01
1.248984e+00 3.286821e-01
1.224815e+00 3.286821e-01
1.202615e+00 3.286821e-01
1.179559e+00 3.286821e-01
1.158042e+00 3.286821e-01
1.136981e+00 3.286821e-01
1.117588e+00 3.286821e-01
1.100144e+00 3.286821e-01
1.080067e+00 3.286821e-01
1.061192e+00 3.286821e-01
1.034792e+00 3.286821e-01
9.759684e-01 3.207873e-01
8.831940e-01 2.657458e-01
8.019316e-01 2.657458e-01
7.431190e-01 2.657458e-01
6.897377e-01 2.521075e-01
6.516699e-01 2.521075e-01
6.231274e-01 2.521075e-01
5.962740e-01 2.521075e-01
5.716726e-01 2.521075e-01
5.459372e-01 2.472588e-01
5.210473e-01 2.472588e-01
4.937339e-01 2.472588e-01
4.728842e-01 2.005172e-01
4.515702e-01 2.005172e-01
4.352630e-01 2.005172e-01
4.162171e-01 2.005172e-01
3.954566e-01 2.005172e-01
3.836410e-01 2.005172e-01
3.702556e-01 2.005172e-01
3.591199e-01 2.005172e-01
3.482240e-01 2.005172e-01
3.368790e-01 2.005172e-01
3.280195e-01 2.005172e-01
3.205869e-01 2.005172e-01
3.119588e-01 2.005172e-01
3.059971e-01 2.005172e-01
2.996525e-01 2.005172e-01
2.932328e-01 2.005172e-01
2.874784e-01 2.005172e-01
2.824120e-01 1.948257e-01
2.778520e-01 1.948257e-01
2.730371e-01 1.723993e-01
2.690106e-01 1.723993e-01
2.649972e-01 1.723993e-01
2.611875e-01 1.723993e-01
2.574223e-01 1.723993e-01
2.531182e-01 1.723993e-01
2.497861e-01 1.723993e-01
2.460206e-01 1.723993e-01
2.423101e-01 1.723993e-01
2.380548e-01 1.723993e-01
2.337169e-01 1.723993e-01
2.286381e-01 1.723993e-01
2.210865e-01 1.723993e-01
2.094654e-01 1.700347e-01
1.790913e-01 1.471479e-01
2.145766e+03 1.062252e+03
1.223010e+03 6.703150e+02
6.963491e+02 4.077344e+02
4.654558e+02 2.818390e+02
3.019191e+02 1.820680e+02
2.057146e+02 1.378221e+02
1.443837e+02 9.068360e+01
1.024018e+02 6.642620e+01
7.215125e+01 4.237341e+01
4.784477e+01 4.998323e+00
2.579500e+01 9.523091e-01
1.009507e+01 5.470262e-01
6.516283e+00 3.281041e-01
4.994569e+00 3.281041e-01
4.265163e+00 3.281041e-01
3.724912e+00 3.281041e-01
3.390326e+00 3.281041e-01
3.110614e+00 3.281041e-01
2.874743e+00 3.281041e-01
2.716608e+00 3.281041e-01
2.565216e+00 3.281041e-01
2.423469e+00 3.281041e-01
2.325159e+00 3.281041e-01
2.205492e+00 3.281041e-01
2.111859e+00 3.281041e-01
2.035298e+00 3.281041e-01
1.959917e+00 2.510470e-01
1.900668e+00 2.510470e-01
1.821441e+00 2.510470e-01
1.766824e+00 2.510470e-01
1.711841e+00 2.510470e-01
1.661406e+00 2.510470e-01
1.614395e+00 2.510470e-01
1.566381e+00 2.510470e-01
1.526054e+00 2.510470e-01
1.490825e+00 2.510470e-01
1.452687e+00 2.510470e-01
1.416707e+00 2.510470e-01
1.387964e+00 2.510470e-01
1.356284e+00 2.510470e-01
1.324973e+00 2.510470e-01
1.295880e+00 2.510470e-01
1.269258e+00 2.510470e-01
1.247848e+00 2.510470e-01
1.226972e+00 2.510470e-01
1.203610e+00 2.510470e-01
1.184012e+00 2.510470e-01
1.164013e+00 2.510470e-01
1.143374e+00 2.510470e-01
1.120813e+00 2.510470e-01
1.100113e+00 2.510470e-01
1.081688e+00 2.510470e-01
1.065859e+00 2.510470e-01
1.045882e+00 2.510470e-01
1.029153e+00 2.510470e-01
1.012517e+00 2.510470e-01
9.846091e-01 2.510470e-01
9.127313e-01 2.339945e-01
8.272462e-01 2.339945e-01
7.554786e-01 2.339945e-01
6.977596e-01 2.339945e-01
6.474667e-01 2.313450e-01
6.022096e-01 2.313450e-01
5.651957e-01 2.313450e-01
5.365419e-01 2.298687e-01
5.111119e-01 2.213998e-01
4.884684e-01 2.213998e-01
4.612310e-01 2.213998e-01
4.446288e-01 2.213998e-01
4.328526e-01 2.213998e-01
4.206002e-01 2.213998e-01
4.074689e-01 2.213998e-01
3.917813e-01 2.164189e-01
3.767057e-01 2.164189e-01
3.649086e-01 2.164189e-01
3.489182e-01 2.164189e-01
3.366976e-01 2.122523e-01
3.249180e-01 2.122523e-01
3.157879e-01 2.122523e-01
3.072241e-01 2.122523e-01
2.997019e-01 1.997728e-01
2.933289e-01 1.997728e-01
2.859554e-01 1.935349e-01
2.801056e-01 1.935349e-01
2.756484e-01 1.935349e-01
2.704109e-01 1.935349e-01
2.660261e-01 1.933042e-01
2.619809e-01 1.933042e-01
2.567390e-01 1.855836e-01
2.530403e-01 1.855836e-01
2.486262e-01 1.855836e-01
2.439010e-01 1.681823e-01
2.391003e-01 1.681823e-01
2.344899e-01 1.681823e-01
2.303196e-01 1.681823e-01
2.258483e-01 1.638374e-01
2.210428e-01 1.638374e-01
2.143876e-01 1.638374e-01
2.061712e-01 1.638374e-01
1.945079e-01 1.638374e-01
1.682213e-01 1.595050e-01
