5.984684e+10 1.679616e+10
2.446105e+10 6.412387e+09
1.242856e+10 3.392522e+09
8.523017e+09 3.334867e+09
5.933133e+09 2.252683e+09
4.068737e+09 1.727836e+09
2.591266e+09 1.033293e+09
1.586447e+09 7.418227e+08
1.022457e+09 5.014226e+08
6.767832e+08 3.017576e+08
4.502067e+08 2.203073e+08
3.077549e+08 1.513971e+08
2.170693e+08 1.102409e+08
1.433972e+08 7.840332e+07
1.029397e+08 5.365035e+07
7.029940e+07 4.037644e+07
5.099291e+07 2.650625e+07
3.526978e+07 2.062282e+07
2.481115e+07 1.377955e+07
1.809918e+07 1.076577e+07
1.282891e+07 7.786805e+06
9.009894e+06 5.777231e+06
6.496976e+06 3.734107e+06
4.508390e+06 2.938724e+06
3.313212e+06 2.163109e+06
2.434047e+06 1.628834e+06
1.755761e+06 1.271978e+06
1.317891e+06 9.616509e+05
9.533558e+05 6.771153e+05
7.074254e+05 5.433580e+05
5.643853e+05 4.264746e+05
4.384561e+05 3.358495e+05
3.472818e+05 2.783184e+05
2.703643e+05 2.234767e+05
2.176429e+05 1.780740e+05
1.753153e+05 1.507402e+05
1.407236e+05 1.201495e+05
1.157426e+05 1.012153e+05
9.651109e+04 8.661529e+04
8.266144e+04 7.374407e+04
7.183338e+04 6.409602e+04
6.334523e+04 5.861693e+04
5.559853e+04 5.175243e+04
4.868557e+04 4.516835e+04
4.225988e+04 3.982162e+04
3.823222e+04 3.641109e+04
3.481316e+04 3.334453e+04
3.173980e+04 3.045184e+04
2.960543e+04 2.855803e+04
2.737677e+04 2.648760e+04
2.580101e+04 2.510566e+04
2.452215e+04 2.395533e+04
2.351656e+04 2.300145e+04
2.255535e+04 2.203734e+04
2.138811e+04 2.094406e+04
2.055688e+04 2.007909e+04
1.976616e+04 1.945259e+04
1.899698e+04 1.863366e+04
1.830646e+04 1.794930e+04
1.743535e+04 1.709920e+04
1.677741e+04 1.646676e+04
1.617410e+04 1.594734e+04
1.567542e+04 1.549292e+04
1.525278e+04 1.510660e+04
1.489449e+04 1.478255e+04
1.460345e+04 1.450362e+04
1.431981e+04 1.420978e+04
1.398165e+04 1.385339e+04
1.360489e+04 1.345664e+04
1.324785e+04 1.312009e+04
1.297935e+04 1.289881e+04
1.277681e+04 1.269947e+04
1.257671e+04 1.253127e+04
1.243227e+04 1.239211e+04
1.226110e+04 1.219213e+04
1.204575e+04 1.199247e+04
1.187636e+04 1.183801e+04
1.171432e+04 1.168010e+04
1.157428e+04 1.153956e+04
1.139079e+04 1.134016e+04
1.122174e+04 1.118264e+04
1.104803e+04 1.101571e+04
1.089995e+04 1.088012e+04
1.078158e+04 1.076054e+04
1.067343e+04 1.064535e+04
1.053333e+04 1.051103e+04
1.039364e+04 1.036835e+04
1.023918e+04 1.021834e+04
1.006202e+04 1.003449e+04
9.857983e+03 9.841146e+03
9.649534e+03 9.627756e+03
9.489891e+03 9.474224e+03
9.320588e+03 9.307920e+03
9.135114e+03 9.120053e+03
8.860073e+03 8.843112e+03
8.599937e+03 8.589889e+03
8.277239e+03 8.267447e+03
8.033756e+03 8.028657e+03
7.356144e+03 7.337748e+03
5.436925e+03 5.431623e+03
5.158208e+03 5.158182e+03
5.969853e+10 1.536692e+10
2.413729e+10 7.932415e+09
1.245762e+10 4.518183e+09
8.435040e+09 3.723101e+09
6.028354e+09 2.505444e+09
4.289901e+09 1.656796e+09
2.769473e+09 1.338139e+09
1.747767e+09 7.964622e+08
1.123074e+09 5.732546e+08
7.459122e+08 3.542686e+08
5.028281e+08 2.630616e+08
3.436262e+08 1.887812e+08
2.385015e+08 1.314045e+08
1.551252e+08 8.088688e+07
1.081863e+08 5.490058e+07
7.299814e+07 4.009831e+07
5.270144e+07 2.757738e+07
3.644208e+07 2.232161e+07
2.542378e+07 1.528978e+07
1.861824e+07 1.017421e+07
1.302968e+07 7.927076e+06
9.380726e+06 5.790290e+06
6.793788e+06 4.042652e+06
4.729090e+06 3.060277e+06
3.474539e+06 2.354617e+06
2.573302e+06 1.628648e+06
1.846217e+06 1.287395e+06
1.438021e+06 1.061327e+06
1.096812e+06 7.825389e+05
8.420587e+05 6.512523e+05
6.951703e+05 5.545444e+05
5.769064e+05 4.891941e+05
4.952476e+05 4.265261e+05
4.197797e+05 3.747484e+05
3.647558e+05 3.233553e+05
3.199905e+05 2.933025e+05
2.746205e+05 2.514468e+05
2.375312e+05 2.176052e+05
2.087382e+05 1.930386e+05
1.828878e+05 1.695595e+05
1.620168e+05 1.493874e+05
1.477923e+05 1.395552e+05
1.326507e+05 1.255454e+05
1.202025e+05 1.143144e+05
1.102536e+05 1.054371e+05
1.020430e+05 9.850699e+04
9.528037e+04 9.252319e+04
8.881317e+04 8.600965e+04
8.349769e+04 8.155055e+04
7.923781e+04 7.757806e+04
7.510795e+04 7.355181e+04
7.214175e+04 7.053364e+04
6.952063e+04 6.800510e+04
6.696178e+04 6.551906e+04
6.450118e+04 6.327552e+04
6.189381e+04 6.057864e+04
5.936772e+04 5.824690e+04
5.639877e+04 5.487516e+04
5.287613e+04 5.119380e+04
4.922877e+04 4.748162e+04
4.611365e+04 4.476810e+04
4.317780e+04 4.213361e+04
4.064365e+04 3.979053e+04
3.861019e+04 3.774609e+04
3.682009e+04 3.609846e+04
3.551223e+04 3.499710e+04
3.391741e+04 3.328825e+04
3.217889e+04 3.149637e+04
3.062207e+04 3.011058e+04
2.947077e+04 2.909318e+04
2.833233e+04 2.788174e+04
2.694500e+04 2.646782e+04
2.561720e+04 2.521339e+04
2.462734e+04 2.437377e+04
2.393440e+04 2.374387e+04
2.334479e+04 2.315684e+04
2.276253e+04 2.257014e+04
2.206620e+04 2.191516e+04
2.159027e+04 2.147787e+04
2.104836e+04 2.091489e+04
2.044708e+04 2.026634e+04
1.983436e+04 1.968996e+04
1.914460e+04 1.898548e+04
1.856233e+04 1.847907e+04
1.806963e+04 1.793842e+04
1.764920e+04 1.757764e+04
1.707949e+04 1.698011e+04
1.665093e+04 1.661523e+04
1.633976e+04 1.628800e+04
1.609541e+04 1.605341e+04
1.584794e+04 1.582460e+04
1.562507e+04 1.560593e+04
1.519954e+04 1.515087e+04
1.466683e+04 1.462447e+04
1.421879e+04 1.418409e+04
1.375987e+04 1.374869e+04
1.289699e+04 1.286456e+04
1.226363e+04 1.225498e+04
1.171954e+04 1.171372e+04
1.144625e+04 1.144462e+04
1.125535e+04 1.125535e+04
5.951155e+10 1.525728e+10
2.401856e+10 7.317414e+09
1.231408e+10 4.398497e+09
8.529588e+09 2.790767e+09
5.929282e+09 2.382337e+09
4.030241e+09 1.768624e+09
2.521080e+09 1.083135e+09
1.586065e+09 7.599175e+08
1.017466e+09 4.333835e+08
6.590883e+08 3.083565e+08
4.505477e+08 2.339732e+08
3.105105e+08 1.636588e+08
2.170317e+08 1.284840e+08
1.465792e+08 8.007207e+07
1.042867e+08 5.950938e+07
7.099156e+07 4.075861e+07
5.117028e+07 2.933003e+07
3.523134e+07 2.024468e+07
2.505730e+07 1.608548e+07
1.871710e+07 1.100035e+07
1.336942e+07 8.514073e+06
9.648279e+06 6.647474e+06
7.021525e+06 4.960530e+06
4.990845e+06 3.452977e+06
3.740653e+06 2.585717e+06
2.868219e+06 2.022681e+06
2.133888e+06 1.473465e+06
1.667042e+06 1.198520e+06
1.281036e+06 1.003790e+06
1.011586e+06 8.072014e+05
8.499785e+05 7.067534e+05
7.169594e+05 6.229919e+05
6.163151e+05 5.279498e+05
5.070901e+05 4.416704e+05
4.305486e+05 3.799727e+05
3.748029e+05 3.365706e+05
3.269057e+05 2.996435e+05
2.871528e+05 2.628180e+05
2.525275e+05 2.350034e+05
2.226341e+05 2.079677e+05
1.943303e+05 1.794871e+05
1.716261e+05 1.591500e+05
1.520730e+05 1.441434e+05
1.396034e+05 1.332922e+05
1.281137e+05 1.222715e+05
1.180497e+05 1.139019e+05
1.098912e+05 1.060644e+05
1.009580e+05 9.711639e+04
9.553930e+04 9.333081e+04
8.978309e+04 8.761099e+04
8.372215e+04 8.147396e+04
7.853096e+04 7.580849e+04
7.463649e+04 7.241578e+04
7.109265e+04 6.944125e+04
6.846032e+04 6.703957e+04
6.552774e+04 6.396784e+04
6.269180e+04 6.138046e+04
6.031201e+04 5.873380e+04
5.769905e+04 5.661757e+04
5.531541e+04 5.434035e+04
5.341670e+04 5.236367e+04
5.126630e+04 5.037805e+04
4.920317e+04 4.834580e+04
4.689144e+04 4.589877e+04
4.499508e+04 4.441743e+04
4.359034e+04 4.298279e+04
4.227825e+04 4.183720e+04
4.116114e+04 4.068395e+04
4.009849e+04 3.969463e+04
3.923739e+04 3.886930e+04
3.819947e+04 3.782981e+04
3.736933e+04 3.709300e+04
3.658880e+04 3.634828e+04
3.595378e+04 3.578566e+04
3.545993e+04 3.530180e+04
3.480978e+04 3.458003e+04
3.420934e+04 3.409370e+04
3.381244e+04 3.373396e+04
3.341262e+04 3.331405e+04
3.310037e+04 3.302778e+04
3.280907e+04 3.274409e+04
3.242151e+04 3.232787e+04
3.207621e+04 3.202132e+04
3.184086e+04 3.180714e+04
3.162858e+04 3.158020e+04
3.137488e+04 3.133082e+04
3.113056e+04 3.107853e+04
3.085404e+04 3.080454e+04
3.057684e+04 3.055041e+04
3.040640e+04 3.038053e+04
3.023967e+04 3.021437e+04
3.000754e+04 2.998534e+04
2.981756e+04 2.980020e+04
2.962633e+04 2.961636e+04
2.933381e+04 2.931011e+04
2.886681e+04 2.883309e+04
2.836655e+04 2.834349e+04
2.776371e+04 2.773603e+04
2.713028e+04 2.712211e+04
2.642677e+04 2.642464e+04
2.620708e+04 2.620705e+04
5.930375e+10 1.304695e+10
2.397017e+10 6.761066e+09
1.253802e+10 4.087735e+09
8.586966e+09 3.125785e+09
5.985523e+09 2.443440e+09
4.116443e+09 1.639553e+09
2.654051e+09 1.193189e+09
1.619163e+09 6.934558e+08
1.007516e+09 4.687440e+08
6.614176e+08 2.845606e+08
4.457116e+08 2.125206e+08
3.064169e+08 1.764591e+08
2.141367e+08 1.214881e+08
1.412184e+08 7.868696e+07
1.004295e+08 5.754017e+07
6.703204e+07 3.991154e+07
4.867903e+07 2.843632e+07
3.377812e+07 1.475511e+07
2.356451e+07 1.321634e+07
1.738181e+07 1.077644e+07
1.247187e+07 7.414264e+06
8.755481e+06 5.118714e+06
6.331597e+06 3.873353e+06
4.386682e+06 2.669002e+06
3.228952e+06 2.203909e+06
2.383250e+06 1.531332e+06
1.700392e+06 1.179220e+06
1.278368e+06 9.091265e+05
9.440477e+05 6.739893e+05
7.265384e+05 5.616378e+05
5.865205e+05 4.657051e+05
4.689308e+05 3.801181e+05
3.813250e+05 3.182300e+05
3.042294e+05 2.646439e+05
2.561427e+05 2.214064e+05
2.178263e+05 1.943810e+05
1.864641e+05 1.650600e+05
1.606132e+05 1.437942e+05
1.367129e+05 1.246801e+05
1.186968e+05 1.085521e+05
1.043037e+05 9.703509e+04
9.457598e+04 8.927814e+04
8.623792e+04 8.222033e+04
7.864476e+04 7.472224e+04
7.208037e+04 6.931601e+04
6.689744e+04 6.428259e+04
6.302341e+04 6.146469e+04
5.961942e+04 5.834673e+04
5.709834e+04 5.600247e+04
5.474224e+04 5.380499e+04
5.277843e+04 5.187899e+04
5.084778e+04 4.980079e+04
4.895437e+04 4.776770e+04
4.713660e+04 4.625361e+04
4.529254e+04 4.428648e+04
4.378561e+04 4.313550e+04
4.215699e+04 4.133250e+04
4.052368e+04 3.978142e+04
3.936619e+04 3.888520e+04
3.836114e+04 3.784178e+04
3.721951e+04 3.668328e+04
3.623856e+04 3.586349e+04
3.546350e+04 3.512322e+04
3.470710e+04 3.440167e+04
3.397245e+04 3.367863e+04
3.332849e+04 3.309727e+04
3.256245e+04 3.212433e+04
3.153264e+04 3.120168e+04
3.063573e+04 3.033302e+04
2.997377e+04 2.976611e+04
2.927188e+04 2.900783e+04
2.847671e+04 2.822421e+04
2.784150e+04 2.762400e+04
2.721487e+04 2.703259e+04
2.665908e+04 2.647656e+04
2.615457e+04 2.600203e+04
2.565887e+04 2.552475e+04
2.520106e+04 2.509681e+04
2.483461e+04 2.473674e+04
2.454551e+04 2.449044e+04
2.430655e+04 2.425773e+04
2.409577e+04 2.404379e+04
2.390944e+04 2.385809e+04
2.362736e+04 2.356703e+04
2.338842e+04 2.335475e+04
2.316112e+04 2.311312e+04
2.291623e+04 2.287563e+04
2.271275e+04 2.268191e+04
2.242308e+04 2.238727e+04
2.220549e+04 2.218121e+04
2.190604e+04 2.187602e+04
2.163370e+04 2.161153e+04
2.137518e+04 2.135801e+04
2.117021e+04 2.115981e+04
2.082986e+04 2.081011e+04
2.051054e+04 2.049664e+04
2.015586e+04 2.013887e+04
1.981173e+04 1.980447e+04
1.942145e+04 1.941778e+04
1.911099e+04 1.910864e+04
1.895656e+04 1.895655e+04
5.925100e+10 1.677442e+10
2.381378e+10 7.483810e+09
1.237999e+10 4.230746e+09
8.541521e+09 3.025991e+09
5.995582e+09 2.578606e+09
4.175421e+09 1.612253e+09
2.695416e+09 9.481906e+08
1.682495e+09 7.530245e+08
1.075853e+09 5.118274e+08
7.169735e+08 3.188786e+08
4.810499e+08 2.349705e+08
3.294904e+08 1.757627e+08
2.317810e+08 1.323363e+08
1.541595e+08 8.926470e+07
1.103304e+08 6.104230e+07
7.631231e+07 4.559498e+07
5.735333e+07 3.777141e+07
4.037172e+07 2.515402e+07
2.816298e+07 1.753633e+07
2.059295e+07 1.357839e+07
1.431743e+07 8.481627e+06
9.921096e+06 6.128924e+06
6.990424e+06 3.918963e+06
4.759547e+06 2.672319e+06
3.429728e+06 2.241188e+06
2.470280e+06 1.613131e+06
1.748271e+06 1.182001e+06
1.309472e+06 8.675678e+05
9.481603e+05 6.807003e+05
7.025654e+05 4.900191e+05
5.407531e+05 4.052333e+05
4.104773e+05 3.197414e+05
3.093963e+05 2.456191e+05
2.293500e+05 1.866167e+05
1.809958e+05 1.499347e+05
1.424177e+05 1.172619e+05
1.114885e+05 9.438570e+04
8.971861e+04 7.817727e+04
7.258737e+04 6.202365e+04
6.105908e+04 5.458667e+04
5.230460e+04 4.676650e+04
4.495331e+04 4.084485e+04
3.751779e+04 3.390353e+04
3.163080e+04 2.817441e+04
2.664768e+04 2.393022e+04
2.309532e+04 2.152006e+04
2.026546e+04 1.908635e+04
1.766045e+04 1.657189e+04
1.582685e+04 1.505610e+04
1.413807e+04 1.329197e+04
1.267952e+04 1.210536e+04
1.162712e+04 1.096429e+04
1.062102e+04 1.006916e+04
9.704330e+03 9.253703e+03
9.044051e+03 8.740419e+03
8.432696e+03 8.121247e+03
7.782586e+03 7.469797e+03
7.172697e+03 6.862296e+03
6.647817e+03 6.418619e+03
6.171682e+03 5.965107e+03
5.785505e+03 5.620874e+03
5.426191e+03 5.291405e+03
5.064300e+03 4.942554e+03
4.797759e+03 4.666846e+03
4.492587e+03 4.401183e+03
4.286670e+03 4.219071e+03
4.107530e+03 4.048853e+03
3.927801e+03 3.861534e+03
3.766887e+03 3.700369e+03
3.565397e+03 3.497115e+03
3.391694e+03 3.346382e+03
3.280010e+03 3.245744e+03
3.173748e+03 3.142324e+03
3.094003e+03 3.069211e+03
3.017231e+03 2.989000e+03
2.933052e+03 2.911040e+03
2.860581e+03 2.841233e+03
2.802708e+03 2.786576e+03
2.742999e+03 2.726102e+03
2.682276e+03 2.668867e+03
2.616946e+03 2.604628e+03
2.557772e+03 2.545871e+03
2.512092e+03 2.504657e+03
2.473001e+03 2.461429e+03
2.422567e+03 2.413461e+03
2.361164e+03 2.349707e+03
2.294363e+03 2.283601e+03
2.233463e+03 2.221801e+03
2.171766e+03 2.166174e+03
2.134491e+03 2.130830e+03
2.108231e+03 2.105569e+03
2.077079e+03 2.073570e+03
2.041399e+03 2.037574e+03
1.987740e+03 1.982287e+03
1.942143e+03 1.940516e+03
1.907036e+03 1.901132e+03
1.831202e+03 1.827509e+03
1.744548e+03 1.741605e+03
1.648781e+03 1.647186e+03
1.558327e+03 1.558227e+03
1.539153e+03 1.539127e+03
6.060403e+10 1.811209e+10
2.413426e+10 7.005783e+09
1.218114e+10 4.766333e+09
8.424901e+09 3.477221e+09
5.754468e+09 2.189849e+09
3.885269e+09 1.692922e+09
2.446822e+09 1.104605e+09
1.516382e+09 7.006829e+08
9.778037e+08 4.501652e+08
6.513248e+08 3.403673e+08
4.370350e+08 2.119548e+08
2.982650e+08 1.472004e+08
2.095057e+08 1.148278e+08
1.406438e+08 6.764308e+07
1.000857e+08 5.301078e+07
6.781406e+07 3.754739e+07
4.967138e+07 2.820091e+07
3.441000e+07 1.969395e+07
2.416409e+07 1.427754e+07
1.776052e+07 1.055238e+07
1.255754e+07 8.042687e+06
8.941045e+06 5.488027e+06
6.418712e+06 3.465782e+06
4.514974e+06 2.905315e+06
3.399078e+06 2.238931e+06
2.563041e+06 1.589229e+06
1.871246e+06 1.338259e+06
1.450241e+06 1.022735e+06
1.084210e+06 7.847874e+05
8.320579e+05 6.362475e+05
6.740344e+05 5.387780e+05
5.439754e+05 4.472598e+05
4.613258e+05 3.981424e+05
3.958442e+05 3.515544e+05
3.544903e+05 3.181487e+05
3.204926e+05 2.974564e+05
2.864257e+05 2.660077e+05
2.579409e+05 2.407745e+05
2.321430e+05 2.183449e+05
2.118716e+05 1.984053e+05
1.946771e+05 1.868052e+05
1.814938e+05 1.746637e+05
1.680056e+05 1.620577e+05
1.584529e+05 1.533995e+05
1.491462e+05 1.451004e+05
1.418122e+05 1.386956e+05
1.354061e+05 1.323854e+05
1.298101e+05 1.275346e+05
1.252406e+05 1.230257e+05
1.198148e+05 1.174579e+05
1.145658e+05 1.127426e+05
1.102425e+05 1.079829e+05
1.066644e+05 1.045473e+05
1.025688e+05 1.003178e+05
9.862751e+04 9.653393e+04
9.414226e+04 9.159034e+04
8.995760e+04 8.781155e+04
8.635387e+04 8.485965e+04
8.264368e+04 8.057522e+04
7.829678e+04 7.623385e+04
7.409380e+04 7.215884e+04
7.022824e+04 6.851209e+04
6.623570e+04 6.435647e+04
6.302577e+04 6.190682e+04
6.001203e+04 5.892503e+04
5.760454e+04 5.675584e+04
5.558384e+04 5.476012e+04
5.377069e+04 5.312595e+04
5.195101e+04 5.127033e+04
5.006991e+04 4.938113e+04
4.848509e+04 4.798322e+04
4.714124e+04 4.662107e+04
4.560154e+04 4.519670e+04
4.405094e+04 4.366604e+04
4.300142e+04 4.275504e+04
4.211178e+04 4.189280e+04
4.119189e+04 4.093596e+04
3.996352e+04 3.955286e+04
3.855484e+04 3.819986e+04
3.726793e+04 3.696352e+04
3.632414e+04 3.610402e+04
3.550845e+04 3.534259e+04
3.487561e+04 3.475019e+04
3.422282e+04 3.411145e+04
3.350905e+04 3.332596e+04
3.269795e+04 3.256809e+04
3.195386e+04 3.183266e+04
3.128743e+04 3.117941e+04
3.068850e+04 3.061847e+04
3.024578e+04 3.020664e+04
2.970548e+04 2.964368e+04
2.876151e+04 2.868325e+04
2.806312e+04 2.798701e+04
2.677903e+04 2.670758e+04
2.608872e+04 2.604497e+04
2.533944e+04 2.529727e+04
2.447479e+04 2.445207e+04
2.341327e+04 2.339264e+04
2.263928e+04 2.263194e+04
2.113269e+04 2.112151e+04
2.054237e+04 2.054236e+04
6.006090e+10 1.358599e+10
2.404178e+10 8.017765e+09
1.228433e+10 4.696951e+09
8.516495e+09 3.802937e+09
5.937492e+09 2.179934e+09
4.116445e+09 1.391781e+09
2.644239e+09 1.362246e+09
1.621903e+09 7.672630e+08
1.039890e+09 4.856366e+08
6.889050e+08 2.973833e+08
4.737418e+08 2.135558e+08
3.289629e+08 1.845150e+08
2.308540e+08 1.211259e+08
1.524329e+08 8.645808e+07
1.074722e+08 5.809905e+07
7.238760e+07 3.844320e+07
5.276770e+07 3.174437e+07
3.704863e+07 2.248320e+07
2.552539e+07 1.548849e+07
1.892648e+07 1.171213e+07
1.348665e+07 7.911746e+06
9.557894e+06 5.416092e+06
6.818496e+06 4.223266e+06
4.689924e+06 3.116377e+06
3.445541e+06 2.313590e+06
2.578035e+06 1.643144e+06
1.864113e+06 1.351474e+06
1.430342e+06 1.055504e+06
1.063722e+06 7.220462e+05
8.071773e+05 6.350517e+05
6.524561e+05 5.075866e+05
5.326652e+05 4.319111e+05
4.391006e+05 3.643228e+05
3.573897e+05 3.076975e+05
3.022492e+05 2.602717e+05
2.564565e+05 2.289728e+05
2.117721e+05 1.856101e+05
1.708036e+05 1.507841e+05
1.416312e+05 1.260655e+05
1.172444e+05 1.052419e+05
9.667193e+04 8.688446e+04
8.410934e+04 7.736491e+04
7.232408e+04 6.681646e+04
6.244285e+04 5.782440e+04
5.381714e+04 4.990208e+04
4.699919e+04 4.374588e+04
4.179291e+04 3.949702e+04
3.795380e+04 3.657052e+04
3.564306e+04 3.401242e+04
3.279619e+04 3.160244e+04
3.033077e+04 2.928863e+04
2.864871e+04 2.788969e+04
2.730676e+04 2.657589e+04
2.585592e+04 2.522747e+04
2.464023e+04 2.393624e+04
2.357046e+04 2.315795e+04
2.284049e+04 2.251859e+04
2.229837e+04 2.196616e+04
2.158676e+04 2.131688e+04
2.071540e+04 2.021180e+04
1.984826e+04 1.939008e+04
1.894291e+04 1.857383e+04
1.809185e+04 1.779610e+04
1.756742e+04 1.733666e+04
1.701832e+04 1.685728e+04
1.668152e+04 1.655091e+04
1.639878e+04 1.629861e+04
1.611785e+04 1.598756e+04
1.581526e+04 1.568626e+04
1.544513e+04 1.528989e+04
1.517019e+04 1.508722e+04
1.496462e+04 1.490574e+04
1.480008e+04 1.475145e+04
1.459880e+04 1.453743e+04
1.441852e+04 1.436747e+04
1.426826e+04 1.422351e+04
1.410088e+04 1.405608e+04
1.392469e+04 1.388392e+04
1.375182e+04 1.371150e+04
1.360348e+04 1.355285e+04
1.345874e+04 1.342765e+04
1.329125e+04 1.325578e+04
1.312498e+04 1.309171e+04
1.292704e+04 1.289689e+04
1.276636e+04 1.274090e+04
1.256374e+04 1.252968e+04
1.239633e+04 1.237094e+04
1.227548e+04 1.226106e+04
1.218067e+04 1.216683e+04
1.210274e+04 1.209168e+04
1.201908e+04 1.201097e+04
1.195287e+04 1.194560e+04
1.185041e+04 1.183903e+04
1.169897e+04 1.167926e+04
1.147395e+04 1.146597e+04
1.120632e+04 1.119678e+04
1.097869e+04 1.096737e+04
1.072513e+04 1.072033e+04
1.046539e+04 1.046117e+04
1.027415e+04 1.027303e+04
1.013687e+04 1.013676e+04
5.993368e+10 1.007909e+10
2.393832e+10 7.476044e+09
1.237396e+10 4.821422e+09
8.553788e+09 3.379828e+09
6.009296e+09 2.356055e+09
4.187677e+09 1.731128e+09
2.627849e+09 9.872607e+08
1.617975e+09 5.839999e+08
1.037383e+09 5.483985e+08
6.809048e+08 3.461792e+08
4.630970e+08 2.105246e+08
3.146668e+08 1.719305e+08
2.203349e+08 1.247988e+08
1.498741e+08 8.617924e+07
1.068880e+08 6.272274e+07
7.344374e+07 4.333092e+07
5.414362e+07 3.213368e+07
3.828925e+07 2.234994e+07
2.680191e+07 1.585923e+07
1.951039e+07 1.213506e+07
1.381372e+07 8.752557e+06
9.806838e+06 6.135855e+06
7.132352e+06 4.604924e+06
5.164642e+06 3.666809e+06
3.996702e+06 2.829854e+06
3.127435e+06 2.344069e+06
2.381644e+06 1.793974e+06
1.907041e+06 1.440621e+06
1.455193e+06 1.074561e+06
1.088684e+06 8.529973e+05
8.539553e+05 6.908007e+05
6.547503e+05 5.200414e+05
5.137282e+05 4.083278e+05
4.009667e+05 3.428728e+05
3.230224e+05 2.677958e+05
2.507878e+05 1.985014e+05
1.850972e+05 1.550803e+05
1.473281e+05 1.255959e+05
1.184237e+05 1.038575e+05
9.958206e+04 8.761242e+04
8.607743e+04 7.787382e+04
7.445643e+04 6.841801e+04
6.653797e+04 6.289638e+04
6.150760e+04 5.880287e+04
5.684031e+04 5.456565e+04
5.297731e+04 5.121534e+04
4.926526e+04 4.746018e+04
4.506150e+04 4.349513e+04
4.181046e+04 4.036908e+04
3.909794e+04 3.802580e+04
3.721304e+04 3.649949e+04
3.567082e+04 3.482978e+04
3.443643e+04 3.379591e+04
3.322185e+04 3.261041e+04
3.215327e+04 3.169948e+04
3.122809e+04 3.075346e+04
3.032553e+04 2.994848e+04
2.971441e+04 2.926484e+04
2.894653e+04 2.861277e+04
2.828248e+04 2.796632e+04
2.765647e+04 2.734932e+04
2.706769e+04 2.681624e+04
2.635070e+04 2.601254e+04
2.564524e+04 2.539202e+04
2.502143e+04 2.481539e+04
2.450844e+04 2.427644e+04
2.368217e+04 2.332148e+04
2.285788e+04 2.260375e+04
2.219877e+04 2.196152e+04
2.162431e+04 2.142105e+04
2.113515e+04 2.096224e+04
2.069921e+04 2.051119e+04
2.028669e+04 2.017651e+04
1.981021e+04 1.966820e+04
1.943086e+04 1.931999e+04
1.910003e+04 1.903668e+04
1.888469e+04 1.880350e+04
1.865261e+04 1.859221e+04
1.843833e+04 1.839113e+04
1.825675e+04 1.821236e+04
1.805391e+04 1.800279e+04
1.779612e+04 1.771499e+04
1.750266e+04 1.745246e+04
1.723149e+04 1.718055e+04
1.695567e+04 1.690706e+04
1.663152e+04 1.657171e+04
1.628886e+04 1.624871e+04
1.597873e+04 1.593489e+04
1.565210e+04 1.560409e+04
1.530400e+04 1.527190e+04
1.510993e+04 1.509355e+04
1.490234e+04 1.488738e+04
1.475012e+04 1.473678e+04
1.458043e+04 1.456858e+04
1.438268e+04 1.437417e+04
1.421064e+04 1.420243e+04
1.390595e+04 1.389597e+04
1.354953e+04 1.354543e+04
1.326389e+04 1.325878e+04
1.303185e+04 1.302964e+04
1.281808e+04 1.281611e+04
5.947083e+10 1.363648e+10
2.437332e+10 6.987288e+09
1.248927e+10 5.019038e+09
8.533984e+09 3.207579e+09
5.874834e+09 2.340887e+09
3.999336e+09 1.547272e+09
2.494108e+09 1.103922e+09
1.531570e+09 6.629770e+08
9.773862e+08 4.401513e+08
6.419120e+08 2.712872e+08
4.375353e+08 2.230000e+08
3.019012e+08 1.771310e+08
2.097303e+08 1.147685e+08
1.404637e+08 7.615222e+07
1.005573e+08 5.501881e+07
6.681398e+07 3.471636e+07
4.724828e+07 2.834533e+07
3.215542e+07 1.410554e+07
2.240344e+07 1.226513e+07
1.626205e+07 1.010603e+07
1.155066e+07 5.979597e+06
8.244919e+06 4.905221e+06
5.878172e+06 3.634803e+06
4.119829e+06 2.653382e+06
3.079247e+06 2.070726e+06
2.326534e+06 1.592770e+06
1.694448e+06 1.217839e+06
1.304528e+06 9.399661e+05
9.758628e+05 7.198429e+05
7.331976e+05 5.496524e+05
5.818715e+05 4.576156e+05
4.665956e+05 3.874287e+05
3.802522e+05 3.158052e+05
3.023950e+05 2.488855e+05
2.535710e+05 2.175350e+05
2.170920e+05 1.929112e+05
1.846020e+05 1.654446e+05
1.577497e+05 1.431930e+05
1.367921e+05 1.248715e+05
1.193479e+05 1.107867e+05
1.062689e+05 9.999454e+04
9.602623e+04 9.073836e+04
8.768097e+04 8.330102e+04
8.108072e+04 7.782596e+04
7.458500e+04 7.180536e+04
6.860228e+04 6.564563e+04
6.287352e+04 6.076104e+04
5.725856e+04 5.508363e+04
5.267443e+04 5.087485e+04
4.815578e+04 4.641923e+04
4.401661e+04 4.245109e+04
4.135972e+04 4.001887e+04
3.917539e+04 3.775824e+04
3.700741e+04 3.599914e+04
3.534670e+04 3.454793e+04
3.351699e+04 3.264083e+04
3.173163e+04 3.088715e+04
3.030761e+04 2.965426e+04
2.891443e+04 2.828676e+04
2.765664e+04 2.715115e+04
2.672318e+04 2.622286e+04
2.555596e+04 2.507339e+04
2.460563e+04 2.419212e+04
2.382345e+04 2.345143e+04
2.312272e+04 2.276780e+04
2.247629e+04 2.227480e+04
2.190238e+04 2.166066e+04
2.136703e+04 2.117046e+04
2.072263e+04 2.054024e+04
2.027703e+04 2.014076e+04
1.986595e+04 1.971390e+04
1.940204e+04 1.925477e+04
1.893060e+04 1.877550e+04
1.854714e+04 1.844515e+04
1.822962e+04 1.812761e+04
1.786435e+04 1.775167e+04
1.742435e+04 1.729811e+04
1.695603e+04 1.685107e+04
1.656402e+04 1.647719e+04
1.614507e+04 1.604733e+04
1.580460e+04 1.573909e+04
1.549650e+04 1.542803e+04
1.523221e+04 1.518666e+04
1.497071e+04 1.491542e+04
1.469210e+04 1.463997e+04
1.437650e+04 1.431205e+04
1.398069e+04 1.391630e+04
1.370986e+04 1.367406e+04
1.348097e+04 1.345749e+04
1.331254e+04 1.328717e+04
1.312631e+04 1.310852e+04
1.281913e+04 1.277430e+04
1.256128e+04 1.253990e+04
1.217310e+04 1.214313e+04
1.185950e+04 1.184997e+04
1.151467e+04 1.149528e+04
1.109281e+04 1.108782e+04
1.077118e+04 1.076394e+04
1.035650e+04 1.034944e+04
9.850124e+03 9.848605e+03
9.727428e+03 9.727417e+03
6.031341e+10 1.743281e+10
2.417592e+10 7.107203e+09
1.242296e+10 5.139319e+09
8.500248e+09 3.438014e+09
5.980646e+09 2.465309e+09
4.212412e+09 1.699891e+09
2.701882e+09 1.276064e+09
1.650774e+09 7.017458e+08
1.050922e+09 5.231437e+08
6.938367e+08 3.716896e+08
4.640166e+08 2.512922e+08
3.168423e+08 1.721129e+08
2.202213e+08 1.151121e+08
1.446452e+08 8.654592e+07
1.010274e+08 5.648897e+07
6.776809e+07 3.610462e+07
4.829483e+07 2.328858e+07
3.239386e+07 1.515559e+07
2.214446e+07 1.257438e+07
1.597345e+07 8.398435e+06
1.109232e+07 6.353906e+06
7.590882e+06 4.271606e+06
5.345444e+06 3.200228e+06
3.541025e+06 2.063873e+06
2.491386e+06 1.627308e+06
1.800250e+06 1.137895e+06
1.250363e+06 7.864466e+05
9.212194e+05 6.283795e+05
6.648641e+05 4.789254e+05
4.956972e+05 3.430821e+05
3.873259e+05 2.663885e+05
3.008373e+05 2.211774e+05
2.359350e+05 1.920915e+05
1.798254e+05 1.450666e+05
1.430631e+05 1.146884e+05
1.140537e+05 9.234190e+04
8.982286e+04 7.505610e+04
7.321734e+04 6.409310e+04
6.254953e+04 5.659618e+04
5.522327e+04 5.115215e+04
4.958044e+04 4.564005e+04
4.422827e+04 4.108039e+04
3.907622e+04 3.624996e+04
3.488515e+04 3.267806e+04
3.163409e+04 2.995511e+04
2.862132e+04 2.667857e+04
2.607934e+04 2.474860e+04
2.398642e+04 2.312232e+04
2.233472e+04 2.136868e+04
2.051963e+04 1.974587e+04
1.848292e+04 1.753709e+04
1.678477e+04 1.586072e+04
1.514491e+04 1.420036e+04
1.381751e+04 1.315093e+04
1.268227e+04 1.224023e+04
1.202059e+04 1.165482e+04
1.135837e+04 1.111788e+04
1.091911e+04 1.070608e+04
1.055724e+04 1.043189e+04
1.025092e+04 1.010175e+04
9.975584e+03 9.852613e+03
9.734589e+03 9.631000e+03
9.486483e+03 9.384237e+03
9.268734e+03 9.169745e+03
9.067966e+03 8.992647e+03
8.845991e+03 8.754252e+03
8.639041e+03 8.558871e+03
8.462291e+03 8.398211e+03
8.285707e+03 8.234370e+03
8.131553e+03 8.076989e+03
8.015066e+03 7.974752e+03
7.895382e+03 7.844406e+03
7.767095e+03 7.718861e+03
7.641347e+03 7.610970e+03
7.532667e+03 7.493607e+03
7.396874e+03 7.359945e+03
7.282696e+03 7.253786e+03
7.173361e+03 7.146832e+03
7.096160e+03 7.077001e+03
7.028705e+03 7.013897e+03
6.980417e+03 6.971094e+03
6.939887e+03 6.931951e+03
6.890871e+03 6.881569e+03
6.839785e+03 6.831377e+03
6.802199e+03 6.796246e+03
6.759766e+03 6.753913e+03
6.732376e+03 6.727423e+03
6.706002e+03 6.701355e+03
6.669639e+03 6.664237e+03
6.619747e+03 6.612377e+03
6.562377e+03 6.556475e+03
6.519774e+03 6.516619e+03
6.479535e+03 6.475587e+03
6.435929e+03 6.432794e+03
6.392266e+03 6.387924e+03
6.284665e+03 6.279243e+03
6.198160e+03 6.194977e+03
6.096293e+03 6.091805e+03
5.975687e+03 5.973560e+03
5.836062e+03 5.833435e+03
5.660514e+03 5.660424e+03
6.046409e+10 1.646544e+10
2.452876e+10 6.413308e+09
1.262485e+10 5.461143e+09
8.816351e+09 3.991975e+09
6.105956e+09 2.428574e+09
4.169965e+09 1.636648e+09
2.633667e+09 1.081370e+09
1.638004e+09 8.134286e+08
1.049023e+09 4.163622e+08
6.888821e+08 3.000804e+08
4.574361e+08 2.556459e+08
3.107811e+08 1.671047e+08
2.151605e+08 1.208063e+08
1.438538e+08 8.121644e+07
1.008807e+08 5.484337e+07
6.884443e+07 3.972735e+07
4.934459e+07 2.907972e+07
3.397524e+07 2.062940e+07
2.423485e+07 1.359667e+07
1.788442e+07 1.002877e+07
1.260363e+07 6.566952e+06
8.922210e+06 5.427240e+06
6.520350e+06 4.349825e+06
4.645683e+06 2.876787e+06
3.482813e+06 2.348991e+06
2.543742e+06 1.672370e+06
1.808127e+06 1.224012e+06
1.371685e+06 9.981758e+05
1.031653e+06 7.734301e+05
8.031205e+05 6.411260e+05
6.706973e+05 5.708677e+05
5.614938e+05 4.590911e+05
4.775397e+05 4.095451e+05
3.986864e+05 3.525233e+05
3.457598e+05 3.100400e+05
3.022536e+05 2.747754e+05
2.635091e+05 2.431640e+05
2.355186e+05 2.200594e+05
2.123089e+05 1.981431e+05
1.901516e+05 1.753648e+05
1.672237e+05 1.560197e+05
1.485637e+05 1.389639e+05
1.313549e+05 1.218840e+05
1.180335e+05 1.103655e+05
1.045338e+05 9.818580e+04
9.479779e+04 9.019007e+04
8.640934e+04 8.250343e+04
7.872658e+04 7.597025e+04
7.354027e+04 7.112431e+04
6.861815e+04 6.689520e+04
6.527107e+04 6.396191e+04
6.238743e+04 6.112044e+04
6.015170e+04 5.890964e+04
5.754823e+04 5.627090e+04
5.516334e+04 5.401454e+04
5.343973e+04 5.275541e+04
5.207358e+04 5.154060e+04
5.103031e+04 5.035641e+04
4.995259e+04 4.951496e+04
4.907933e+04 4.865529e+04
4.826634e+04 4.791101e+04
4.736654e+04 4.694951e+04
4.652248e+04 4.617790e+04
4.591329e+04 4.564881e+04
4.523380e+04 4.497531e+04
4.450166e+04 4.418186e+04
4.373899e+04 4.343337e+04
4.297047e+04 4.270977e+04
4.218653e+04 4.181171e+04
4.106921e+04 4.064909e+04
4.022371e+04 3.996134e+04
3.954415e+04 3.932758e+04
3.906537e+04 3.889802e+04
3.862369e+04 3.847749e+04
3.816673e+04 3.799598e+04
3.765707e+04 3.752854e+04
3.706682e+04 3.689630e+04
3.633514e+04 3.613777e+04
3.555322e+04 3.536951e+04
3.493345e+04 3.476731e+04
3.422119e+04 3.407485e+04
3.344743e+04 3.324024e+04
3.286951e+04 3.276124e+04
3.227437e+04 3.213452e+04
3.179417e+04 3.174440e+04
3.127893e+04 3.116652e+04
3.043327e+04 3.029645e+04
2.982693e+04 2.975776e+04
2.924507e+04 2.917254e+04
2.871910e+04 2.865794e+04
2.827773e+04 2.821978e+04
2.781437e+04 2.776641e+04
2.745675e+04 2.741877e+04
2.697223e+04 2.692927e+04
2.634221e+04 2.631306e+04
2.552021e+04 2.546008e+04
2.454042e+04 2.452042e+04
2.381176e+04 2.379015e+04
2.324520e+04 2.324172e+04
2.292456e+04 2.292293e+04
2.270330e+04 2.270328e+04
5.939080e+10 1.439040e+10
2.395635e+10 7.425172e+09
1.231661e+10 4.061432e+09
8.428328e+09 3.076081e+09
5.760125e+09 2.315593e+09
3.940666e+09 1.644441e+09
2.495538e+09 1.238736e+09
1.553898e+09 7.580260e+08
9.932515e+08 5.015408e+08
6.587945e+08 2.825843e+08
4.431793e+08 2.222109e+08
3.035790e+08 1.609199e+08
2.144460e+08 9.960868e+07
1.465013e+08 8.008472e+07
1.042040e+08 5.888911e+07
7.058269e+07 3.904710e+07
5.052213e+07 2.795269e+07
3.469563e+07 1.965545e+07
2.459210e+07 1.437123e+07
1.851644e+07 9.556433e+06
1.335324e+07 8.332205e+06
9.728087e+06 6.375010e+06
7.085520e+06 4.513323e+06
5.006432e+06 3.344204e+06
3.662700e+06 2.364584e+06
2.683579e+06 1.797548e+06
1.919529e+06 1.341554e+06
1.476457e+06 1.002155e+06
1.135126e+06 8.420644e+05
9.006858e+05 7.011858e+05
7.496072e+05 5.853310e+05
6.240250e+05 5.239509e+05
5.192341e+05 4.397845e+05
4.161208e+05 3.542591e+05
3.436107e+05 3.014569e+05
2.904584e+05 2.535697e+05
2.428102e+05 2.134402e+05
2.048068e+05 1.853975e+05
1.801013e+05 1.673555e+05
1.616947e+05 1.490016e+05
1.457294e+05 1.377380e+05
1.320059e+05 1.239912e+05
1.200780e+05 1.138027e+05
1.109019e+05 1.047177e+05
1.013921e+05 9.689852e+04
9.272176e+04 8.884765e+04
8.642605e+04 8.361026e+04
8.064716e+04 7.844854e+04
7.538855e+04 7.224591e+04
6.900116e+04 6.673797e+04
6.269595e+04 5.969148e+04
5.737721e+04 5.528623e+04
5.352456e+04 5.125349e+04
4.909207e+04 4.686940e+04
4.552360e+04 4.346993e+04
4.224305e+04 4.085228e+04
3.930520e+04 3.797188e+04
3.688939e+04 3.575067e+04
3.478603e+04 3.397679e+04
3.340383e+04 3.289161e+04
3.255829e+04 3.214290e+04
3.155758e+04 3.106688e+04
3.044033e+04 2.994806e+04
2.939570e+04 2.897496e+04
2.855200e+04 2.828126e+04
2.777666e+04 2.741040e+04
2.697132e+04 2.665587e+04
2.616051e+04 2.584847e+04
2.553910e+04 2.527882e+04
2.483226e+04 2.457103e+04
2.417816e+04 2.399552e+04
2.375272e+04 2.364959e+04
2.339233e+04 2.327096e+04
2.311782e+04 2.304121e+04
2.282434e+04 2.273362e+04
2.258480e+04 2.253124e+04
2.233245e+04 2.225410e+04
2.192053e+04 2.181720e+04
2.160279e+04 2.154630e+04
2.129778e+04 2.121898e+04
2.088094e+04 2.078830e+04
2.052803e+04 2.046049e+04
2.021534e+04 2.015552e+04
1.984237e+04 1.975956e+04
1.950086e+04 1.943754e+04
1.921379e+04 1.916826e+04
1.898270e+04 1.894811e+04
1.863074e+04 1.856566e+04
1.832817e+04 1.829810e+04
1.813728e+04 1.811550e+04
1.794792e+04 1.792982e+04
1.760551e+04 1.757408e+04
1.732072e+04 1.730480e+04
1.718529e+04 1.717895e+04
1.701508e+04 1.700233e+04
1.663870e+04 1.661158e+04
1.604892e+04 1.602448e+04
1.486057e+04 1.483093e+04
1.388445e+04 1.386668e+04
1.298775e+04 1.298255e+04
1.270663e+04 1.270643e+04
5.992049e+10 1.334421e+10
2.411175e+10 7.585846e+09
1.244506e+10 4.243754e+09
8.561372e+09 3.391482e+09
5.969797e+09 2.609474e+09
4.170244e+09 1.613926e+09
2.711233e+09 1.215357e+09
1.660699e+09 4.820473e+08
1.052167e+09 4.820473e+08
6.858103e+08 3.882960e+08
4.689169e+08 2.421170e+08
3.207959e+08 1.316791e+08
2.207779e+08 1.120188e+08
1.501697e+08 8.786853e+07
1.080710e+08 6.161555e+07
7.476740e+07 4.601098e+07
5.523166e+07 3.277252e+07
3.898768e+07 2.247592e+07
2.730778e+07 1.426296e+07
2.005245e+07 1.150246e+07
1.413558e+07 9.080581e+06
1.015181e+07 6.437599e+06
7.416070e+06 4.445853e+06
5.264386e+06 3.396563e+06
3.947845e+06 2.350533e+06
3.033905e+06 2.237966e+06
2.331734e+06 1.710930e+06
1.859322e+06 1.450453e+06
1.477323e+06 1.113802e+06
1.181727e+06 9.156873e+05
9.790947e+05 7.897146e+05
8.043758e+05 6.603284e+05
6.606405e+05 5.536412e+05
5.609400e+05 4.949780e+05
4.953081e+05 4.467265e+05
4.408664e+05 4.000992e+05
3.929088e+05 3.661911e+05
3.562853e+05 3.335226e+05
3.237328e+05 3.015795e+05
2.901003e+05 2.714577e+05
2.628111e+05 2.484231e+05
2.388219e+05 2.268328e+05
2.170105e+05 2.068023e+05
2.016313e+05 1.931574e+05
1.859644e+05 1.797264e+05
1.742990e+05 1.682490e+05
1.618159e+05 1.573589e+05
1.515522e+05 1.476965e+05
1.434615e+05 1.402647e+05
1.355398e+05 1.323084e+05
1.288105e+05 1.260275e+05
1.242202e+05 1.218377e+05
1.197089e+05 1.167515e+05
1.149056e+05 1.124636e+05
1.103794e+05 1.079958e+05
1.058893e+05 1.031346e+05
1.007780e+05 9.835210e+04
9.735356e+04 9.545697e+04
9.444091e+04 9.332374e+04
9.183883e+04 9.083860e+04
8.970295e+04 8.872048e+04
8.712664e+04 8.588110e+04
8.430965e+04 8.326819e+04
8.191446e+04 8.064272e+04
7.944599e+04 7.866447e+04
7.771178e+04 7.700352e+04
7.583514e+04 7.514722e+04
7.407926e+04 7.327181e+04
7.211903e+04 7.145516e+04
7.044193e+04 6.988788e+04
6.892912e+04 6.847917e+04
6.735628e+04 6.680188e+04
6.612361e+04 6.572714e+04
6.488965e+04 6.442138e+04
6.365352e+04 6.332719e+04
6.262991e+04 6.232094e+04
6.154475e+04 6.119723e+04
6.021982e+04 5.984784e+04
5.905584e+04 5.873673e+04
5.764888e+04 5.734186e+04
5.625106e+04 5.596766e+04
5.520754e+04 5.501885e+04
5.419338e+04 5.392828e+04
5.332088e+04 5.319366e+04
5.266122e+04 5.252721e+04
5.197790e+04 5.191236e+04
5.127510e+04 5.111014e+04
5.024310e+04 5.012111e+04
4.951533e+04 4.943362e+04
4.871047e+04 4.859440e+04
4.777198e+04 4.767429e+04
4.701541e+04 4.694477e+04
4.629757e+04 4.621404e+04
4.527467e+04 4.518422e+04
4.406537e+04 4.399992e+04
4.304907e+04 4.299362e+04
4.147669e+04 4.142410e+04
4.031918e+04 4.029083e+04
3.877398e+04 3.875441e+04
3.522110e+04 3.518134e+04
3.426971e+04 3.426958e+04
5.955348e+10 1.427250e+10
2.417783e+10 7.805120e+09
1.247770e+10 4.890286e+09
8.752048e+09 3.331145e+09
6.066431e+09 2.507114e+09
4.132456e+09 1.569358e+09
2.614454e+09 1.162521e+09
1.624019e+09 7.309575e+08
1.035640e+09 4.604882e+08
6.765514e+08 2.919053e+08
4.442824e+08 2.181454e+08
3.029666e+08 1.637763e+08
2.075559e+08 1.093319e+08
1.374613e+08 7.684949e+07
9.779323e+07 5.111342e+07
6.507010e+07 3.232562e+07
4.607032e+07 2.569303e+07
3.168928e+07 1.767566e+07
2.170609e+07 1.291568e+07
1.588463e+07 9.058239e+06
1.123169e+07 6.061703e+06
7.941724e+06 4.846204e+06
5.686495e+06 3.416968e+06
3.983708e+06 2.562966e+06
2.970928e+06 1.906873e+06
2.236287e+06 1.598609e+06
1.622650e+06 1.195242e+06
1.240067e+06 8.683584e+05
9.320164e+05 6.455280e+05
7.084663e+05 5.460926e+05
5.773057e+05 4.574576e+05
4.733302e+05 3.822672e+05
3.926987e+05 3.370026e+05
3.261671e+05 2.835968e+05
2.761715e+05 2.417239e+05
2.311661e+05 2.041244e+05
1.953664e+05 1.737237e+05
1.649938e+05 1.469197e+05
1.428332e+05 1.313398e+05
1.270253e+05 1.174362e+05
1.146123e+05 1.081087e+05
1.044611e+05 9.822165e+04
9.328995e+04 8.782191e+04
8.355488e+04 7.914683e+04
7.500221e+04 7.120481e+04
6.786637e+04 6.464204e+04
6.100371e+04 5.800679e+04
5.413219e+04 5.152444e+04
4.913773e+04 4.705836e+04
4.437508e+04 4.264161e+04
4.072659e+04 3.944530e+04
3.766482e+04 3.591729e+04
3.501909e+04 3.381518e+04
3.269337e+04 3.142122e+04
3.022321e+04 2.896058e+04
2.766256e+04 2.648852e+04
2.572393e+04 2.477066e+04
2.396597e+04 2.307164e+04
2.219762e+04 2.150828e+04
2.072428e+04 2.006197e+04
1.945853e+04 1.893703e+04
1.854742e+04 1.820521e+04
1.786515e+04 1.755971e+04
1.730153e+04 1.706706e+04
1.679934e+04 1.662628e+04
1.646730e+04 1.631431e+04
1.604978e+04 1.589753e+04
1.566809e+04 1.551018e+04
1.520904e+04 1.506316e+04
1.489100e+04 1.477324e+04
1.461595e+04 1.453606e+04
1.432821e+04 1.423184e+04
1.405390e+04 1.395299e+04
1.375402e+04 1.368158e+04
1.352202e+04 1.343001e+04
1.319297e+04 1.310102e+04
1.291576e+04 1.285363e+04
1.273124e+04 1.269396e+04
1.258457e+04 1.254792e+04
1.243879e+04 1.240429e+04
1.229585e+04 1.227122e+04
1.220889e+04 1.218892e+04
1.211120e+04 1.208928e+04
1.199104e+04 1.197063e+04
1.186969e+04 1.184986e+04
1.176275e+04 1.174167e+04
1.163942e+04 1.162340e+04
1.153249e+04 1.152013e+04
1.143001e+04 1.141845e+04
1.133945e+04 1.132461e+04
1.114344e+04 1.112810e+04
1.097846e+04 1.096340e+04
1.080740e+04 1.079184e+04
1.057520e+04 1.056021e+04
1.032550e+04 1.031295e+04
1.004770e+04 1.003278e+04
9.753726e+03 9.743757e+03
9.439207e+03 9.431089e+03
9.135746e+03 9.132050e+03
8.896646e+03 8.895775e+03
8.731015e+03 8.730985e+03
5.974651e+10 1.467205e+10
2.439766e+10 7.677780e+09
1.263526e+10 4.896960e+09
8.818934e+09 2.636369e+09
6.174665e+09 2.228330e+09
4.247665e+09 1.821936e+09
2.682141e+09 1.282074e+09
1.646052e+09 7.541407e+08
1.041284e+09 5.409726e+08
6.817978e+08 2.974523e+08
4.607638e+08 2.455204e+08
3.183097e+08 1.809137e+08
2.213722e+08 1.253781e+08
1.468985e+08 8.080410e+07
1.046945e+08 5.721046e+07
7.001606e+07 3.926550e+07
4.965147e+07 2.541255e+07
3.399484e+07 1.867692e+07
2.384753e+07 1.382579e+07
1.740569e+07 1.083749e+07
1.219841e+07 6.371470e+06
8.584556e+06 4.986925e+06
6.225000e+06 3.785564e+06
4.341223e+06 2.543984e+06
3.164394e+06 2.049517e+06
2.326682e+06 1.510268e+06
1.691337e+06 1.240154e+06
1.309961e+06 8.598143e+05
9.890797e+05 7.504067e+05
7.770782e+05 6.159491e+05
6.264849e+05 4.925169e+05
5.018508e+05 4.240438e+05
4.172625e+05 3.514905e+05
3.496624e+05 2.997217e+05
3.017061e+05 2.706036e+05
2.634797e+05 2.319894e+05
2.296618e+05 2.112675e+05
2.053256e+05 1.906700e+05
1.838301e+05 1.708938e+05
1.625065e+05 1.484666e+05
1.421420e+05 1.322992e+05
1.273435e+05 1.189537e+05
1.144730e+05 1.079486e+05
1.055003e+05 1.005802e+05
9.545167e+04 9.117441e+04
8.720208e+04 8.354165e+04
8.021242e+04 7.747554e+04
7.409029e+04 7.182938e+04
7.076477e+04 6.924624e+04
6.724693e+04 6.585194e+04
6.411055e+04 6.299250e+04
6.236355e+04 6.136888e+04
6.073690e+04 5.984461e+04
5.924271e+04 5.853068e+04
5.759523e+04 5.676844e+04
5.629245e+04 5.555433e+04
5.496111e+04 5.446763e+04
5.380187e+04 5.313281e+04
5.233493e+04 5.161117e+04
5.067639e+04 5.005251e+04
4.927583e+04 4.866642e+04
4.807703e+04 4.748095e+04
4.704816e+04 4.672521e+04
4.634905e+04 4.606797e+04
4.552147e+04 4.518569e+04
4.470118e+04 4.430046e+04
4.351914e+04 4.311466e+04
4.262768e+04 4.226488e+04
4.177995e+04 4.139886e+04
4.106393e+04 4.084130e+04
4.049769e+04 4.035538e+04
3.997276e+04 3.981970e+04
3.939731e+04 3.915518e+04
3.852116e+04 3.831681e+04
3.800057e+04 3.783161e+04
3.750026e+04 3.737939e+04
3.716701e+04 3.709549e+04
3.681967e+04 3.669886e+04
3.643261e+04 3.634618e+04
3.601569e+04 3.591460e+04
3.552200e+04 3.537938e+04
3.501897e+04 3.492946e+04
3.463005e+04 3.456725e+04
3.426783e+04 3.419064e+04
3.391876e+04 3.386737e+04
3.349732e+04 3.341673e+04
3.314039e+04 3.303661e+04
3.266104e+04 3.256340e+04
3.207619e+04 3.201924e+04
3.169161e+04 3.166211e+04
3.123958e+04 3.114780e+04
3.050482e+04 3.046963e+04
3.002278e+04 2.999357e+04
2.967913e+04 2.966031e+04
2.924624e+04 2.922883e+04
2.861384e+04 2.856969e+04
2.800864e+04 2.799470e+04
2.734851e+04 2.731650e+04
2.635945e+04 2.633354e+04
2.556164e+04 2.555554e+04
2.504027e+04 2.504019e+04
6.021377e+10 1.529009e+10
2.444170e+10 7.797546e+09
1.255974e+10 4.644292e+09
8.663972e+09 3.621796e+09
5.961116e+09 2.325509e+09
4.026125e+09 1.828785e+09
2.541166e+09 1.183151e+09
1.566695e+09 7.354571e+08
1.011227e+09 5.326531e+08
6.718125e+08 3.018327e+08
4.583381e+08 2.026014e+08
3.159549e+08 1.532318e+08
2.190662e+08 1.150251e+08
1.457400e+08 7.367975e+07
1.025477e+08 5.543273e+07
6.854581e+07 3.901119e+07
4.868821e+07 2.674921e+07
3.306419e+07 1.930268e+07
2.316499e+07 1.207781e+07
1.720490e+07 1.051489e+07
1.235138e+07 7.031535e+06
8.882111e+06 5.791423e+06
6.542693e+06 4.238351e+06
4.600309e+06 2.939594e+06
3.389268e+06 2.321207e+06
2.540006e+06 1.843800e+06
1.868831e+06 1.343661e+06
1.433014e+06 1.039312e+06
1.077818e+06 7.937799e+05
8.189814e+05 6.217156e+05
6.578032e+05 5.293685e+05
5.211302e+05 4.179996e+05
4.120051e+05 3.367427e+05
3.091569e+05 2.444573e+05
2.379959e+05 1.867698e+05
1.775248e+05 1.428438e+05
1.306101e+05 1.086460e+05
1.028297e+05 8.698394e+04
8.445789e+04 7.413506e+04
7.134348e+04 6.122770e+04
6.202728e+04 5.701682e+04
5.510231e+04 5.143976e+04
4.827152e+04 4.470206e+04
4.354910e+04 4.121668e+04
3.938721e+04 3.720610e+04
3.566291e+04 3.397823e+04
3.314145e+04 3.182645e+04
3.085193e+04 2.993134e+04
2.935806e+04 2.846399e+04
2.788002e+04 2.723992e+04
2.636544e+04 2.573591e+04
2.525763e+04 2.454059e+04
2.413839e+04 2.357896e+04
2.298184e+04 2.231147e+04
2.171878e+04 2.108869e+04
2.068442e+04 2.020771e+04
1.984879e+04 1.949314e+04
1.910746e+04 1.873164e+04
1.814757e+04 1.774188e+04
1.719531e+04 1.680044e+04
1.629069e+04 1.581293e+04
1.537472e+04 1.496360e+04
1.454106e+04 1.410343e+04
1.385802e+04 1.357605e+04
1.328019e+04 1.307696e+04
1.284372e+04 1.268366e+04
1.240405e+04 1.224738e+04
1.203308e+04 1.190891e+04
1.167203e+04 1.152396e+04
1.134278e+04 1.122130e+04
1.101538e+04 1.088071e+04
1.071613e+04 1.063390e+04
1.051105e+04 1.045414e+04
1.030197e+04 1.024769e+04
1.010333e+04 1.003397e+04
9.912445e+03 9.868042e+03
9.758170e+03 9.723756e+03
9.609910e+03 9.567311e+03
9.444166e+03 9.407615e+03
9.311800e+03 9.285838e+03
9.219669e+03 9.195844e+03
9.101869e+03 9.064904e+03
8.962698e+03 8.928798e+03
8.817863e+03 8.785089e+03
8.621750e+03 8.587566e+03
8.488184e+03 8.465141e+03
8.356159e+03 8.337189e+03
8.243956e+03 8.223508e+03
8.117391e+03 8.101979e+03
8.022210e+03 8.005335e+03
7.885147e+03 7.869829e+03
7.725479e+03 7.710565e+03
7.592595e+03 7.584209e+03
7.485013e+03 7.479926e+03
7.388195e+03 7.382490e+03
7.306864e+03 7.302270e+03
7.141535e+03 7.132333e+03
6.947821e+03 6.938264e+03
6.678556e+03 6.674516e+03
6.447345e+03 6.446578e+03
6.351971e+03 6.351962e+03
5.917528e+10 1.479464e+10
2.390831e+10 7.093784e+09
1.231357e+10 4.229286e+09
8.636238e+09 3.281136e+09
5.950450e+09 2.251895e+09
4.114990e+09 1.805016e+09
2.594534e+09 1.208684e+09
1.591978e+09 6.003675e+08
1.024311e+09 4.495699e+08
6.735382e+08 3.612339e+08
4.586331e+08 2.265940e+08
3.160466e+08 1.693886e+08
2.174793e+08 1.164634e+08
1.463273e+08 7.911452e+07
1.061180e+08 5.997952e+07
7.281354e+07 4.484356e+07
5.217620e+07 2.749578e+07
3.531771e+07 1.996220e+07
2.440627e+07 1.368550e+07
1.809398e+07 1.142419e+07
1.296463e+07 7.888427e+06
9.399640e+06 6.454336e+06
6.803964e+06 4.442251e+06
4.828849e+06 3.055088e+06
3.591429e+06 2.326722e+06
2.689239e+06 1.937829e+06
1.970962e+06 1.393912e+06
1.490831e+06 1.055136e+06
1.119220e+06 8.360916e+05
8.666399e+05 6.639451e+05
6.954947e+05 5.600168e+05
5.550158e+05 4.608573e+05
4.622312e+05 3.889025e+05
3.858809e+05 3.325386e+05
3.280395e+05 2.834894e+05
2.728057e+05 2.370604e+05
2.173019e+05 1.839883e+05
1.764686e+05 1.523597e+05
1.485461e+05 1.281686e+05
1.232304e+05 1.088592e+05
1.048151e+05 9.629249e+04
9.337962e+04 8.659574e+04
8.398747e+04 7.983060e+04
7.781303e+04 7.482628e+04
7.250945e+04 6.985058e+04
6.782915e+04 6.555717e+04
6.384667e+04 6.182725e+04
5.996196e+04 5.813870e+04
5.666122e+04 5.537806e+04
5.379828e+04 5.261653e+04
5.128295e+04 5.025974e+04
4.938134e+04 4.846583e+04
4.768026e+04 4.662826e+04
4.555943e+04 4.443436e+04
4.359434e+04 4.261019e+04
4.159592e+04 4.072219e+04
3.981312e+04 3.903003e+04
3.820318e+04 3.740290e+04
3.661308e+04 3.593566e+04
3.525598e+04 3.476000e+04
3.437754e+04 3.402573e+04
3.345139e+04 3.304746e+04
3.265296e+04 3.239494e+04
3.210640e+04 3.187327e+04
3.143479e+04 3.117340e+04
3.095761e+04 3.077913e+04
3.050211e+04 3.033923e+04
2.991683e+04 2.964962e+04
2.940517e+04 2.920946e+04
2.900938e+04 2.885498e+04
2.855834e+04 2.838883e+04
2.800070e+04 2.777560e+04
2.746412e+04 2.729791e+04
2.687366e+04 2.667173e+04
2.628990e+04 2.608903e+04
2.570698e+04 2.557982e+04
2.518939e+04 2.505038e+04
2.468776e+04 2.454587e+04
2.422440e+04 2.411308e+04
2.368184e+04 2.356706e+04
2.329004e+04 2.322062e+04
2.298844e+04 2.293900e+04
2.272831e+04 2.267117e+04
2.243126e+04 2.236309e+04
2.207280e+04 2.198956e+04
2.179829e+04 2.175433e+04
2.154312e+04 2.150198e+04
2.131523e+04 2.128656e+04
2.107613e+04 2.104318e+04
2.081429e+04 2.078277e+04
2.051829e+04 2.046251e+04
2.011615e+04 2.008426e+04
1.977439e+04 1.974692e+04
1.934019e+04 1.930597e+04
1.863392e+04 1.858576e+04
1.805194e+04 1.802508e+04
1.762012e+04 1.760861e+04
1.730323e+04 1.729392e+04
1.669952e+04 1.667727e+04
1.555731e+04 1.554827e+04
1.489614e+04 1.489589e+04
5.932282e+10 1.051828e+10
2.407690e+10 7.401718e+09
1.247779e+10 3.864985e+09
8.501847e+09 3.475037e+09
5.996472e+09 2.222434e+09
4.212497e+09 1.997111e+09
2.726220e+09 1.151166e+09
1.693011e+09 7.204250e+08
1.062676e+09 5.162269e+08
7.051209e+08 2.939738e+08
4.705888e+08 2.469268e+08
3.177393e+08 1.685754e+08
2.192029e+08 1.187645e+08
1.460498e+08 7.564421e+07
1.044175e+08 5.052361e+07
7.062456e+07 3.188770e+07
5.098395e+07 2.730378e+07
3.527191e+07 2.051322e+07
2.438863e+07 1.381218e+07
1.797568e+07 1.075060e+07
1.256664e+07 7.370076e+06
9.024233e+06 5.250818e+06
6.427675e+06 3.924729e+06
4.414410e+06 2.741506e+06
3.261048e+06 2.093626e+06
2.398212e+06 1.397029e+06
1.725439e+06 1.153270e+06
1.316581e+06 9.252735e+05
9.821743e+05 7.237736e+05
7.511599e+05 5.106162e+05
6.005942e+05 4.791681e+05
4.837792e+05 3.852784e+05
4.042990e+05 3.293491e+05
3.411728e+05 2.942563e+05
3.006396e+05 2.707327e+05
2.672660e+05 2.398506e+05
2.352342e+05 2.138492e+05
2.090738e+05 1.922110e+05
1.885198e+05 1.778985e+05
1.706994e+05 1.614476e+05
1.552930e+05 1.481098e+05
1.425592e+05 1.353662e+05
1.291469e+05 1.232998e+05
1.190775e+05 1.140609e+05
1.104932e+05 1.060745e+05
1.034030e+05 1.002543e+05
9.636843e+04 9.364509e+04
8.972953e+04 8.749043e+04
8.531017e+04 8.304797e+04
8.073277e+04 7.872537e+04
7.686119e+04 7.558528e+04
7.424008e+04 7.321611e+04
7.245121e+04 7.134171e+04
7.079649e+04 6.996654e+04
6.940194e+04 6.877814e+04
6.807184e+04 6.742302e+04
6.694285e+04 6.645270e+04
6.609702e+04 6.570164e+04
6.528566e+04 6.492256e+04
6.448380e+04 6.407155e+04
6.357055e+04 6.318949e+04
6.266491e+04 6.220846e+04
6.171680e+04 6.126532e+04
6.089539e+04 6.054110e+04
5.994390e+04 5.959534e+04
5.920097e+04 5.889892e+04
5.836314e+04 5.801007e+04
5.747067e+04 5.718240e+04
5.681425e+04 5.656334e+04
5.617331e+04 5.596447e+04
5.561072e+04 5.541891e+04
5.499796e+04 5.477206e+04
5.437203e+04 5.413973e+04
5.384155e+04 5.371383e+04
5.325953e+04 5.302515e+04
5.250576e+04 5.230521e+04
5.178101e+04 5.159101e+04
5.107363e+04 5.092629e+04
5.059794e+04 5.049612e+04
5.024289e+04 5.017867e+04
4.975289e+04 4.960799e+04
4.918807e+04 4.905809e+04
4.841904e+04 4.825880e+04
4.781746e+04 4.773691e+04
4.744778e+04 4.738358e+04
4.700352e+04 4.692062e+04
4.656330e+04 4.648935e+04
4.618179e+04 4.613297e+04
4.574341e+04 4.566780e+04
4.527694e+04 4.520513e+04
4.476552e+04 4.465241e+04
4.362584e+04 4.351815e+04
4.252413e+04 4.244117e+04
4.132748e+04 4.123961e+04
4.008840e+04 4.000437e+04
3.886536e+04 3.880511e+04
3.758751e+04 3.757179e+04
3.683384e+04 3.680988e+04
3.627085e+04 3.626594e+04
3.564046e+04 3.563255e+04
3.504903e+04 3.504873e+04
6.042805e+10 1.928696e+10
2.412017e+10 8.065912e+09
1.227846e+10 4.458108e+09
8.447724e+09 2.875312e+09
5.768598e+09 2.444739e+09
3.955398e+09 1.726502e+09
2.540345e+09 1.053688e+09
1.573859e+09 7.733008e+08
9.906042e+08 4.506239e+08
6.477502e+08 3.549350e+08
4.369970e+08 2.201273e+08
2.998154e+08 1.513685e+08
2.070870e+08 1.106931e+08
1.363165e+08 6.438314e+07
9.658634e+07 4.963762e+07
6.414870e+07 3.451707e+07
4.617803e+07 2.695127e+07
3.142949e+07 1.526688e+07
2.199734e+07 1.230452e+07
1.609930e+07 8.611536e+06
1.144669e+07 6.797400e+06
8.240098e+06 4.718913e+06
5.833567e+06 3.421306e+06
3.825875e+06 2.378251e+06
2.721330e+06 1.683673e+06
1.967501e+06 1.153169e+06
1.423272e+06 9.295234e+05
1.093030e+06 7.505603e+05
8.285858e+05 5.962475e+05
6.427579e+05 4.860478e+05
5.233580e+05 4.127273e+05
4.245498e+05 3.489287e+05
3.564952e+05 3.074208e+05
3.036465e+05 2.651266e+05
2.638923e+05 2.307821e+05
2.313292e+05 2.087623e+05
2.034845e+05 1.869579e+05
1.779182e+05 1.617119e+05
1.545922e+05 1.422323e+05
1.345972e+05 1.243797e+05
1.196613e+05 1.106355e+05
1.064480e+05 9.988109e+04
9.509457e+04 8.981709e+04
8.673423e+04 8.278055e+04
7.975256e+04 7.676436e+04
7.383608e+04 7.103371e+04
6.890320e+04 6.665177e+04
6.469686e+04 6.293988e+04
6.077092e+04 5.898495e+04
5.742815e+04 5.620489e+04
5.452128e+04 5.346885e+04
5.224071e+04 5.081703e+04
5.010889e+04 4.880982e+04
4.801179e+04 4.681936e+04
4.560051e+04 4.446281e+04
4.359230e+04 4.261549e+04
4.142087e+04 4.039377e+04
3.939418e+04 3.811607e+04
3.695385e+04 3.542493e+04
3.371770e+04 3.255757e+04
3.146841e+04 3.032821e+04
2.925991e+04 2.832402e+04
2.740137e+04 2.674997e+04
2.596544e+04 2.531978e+04
2.439835e+04 2.387746e+04
2.308459e+04 2.253347e+04
2.174298e+04 2.127700e+04
2.056018e+04 2.017419e+04
1.956494e+04 1.921157e+04
1.885721e+04 1.859198e+04
1.814349e+04 1.787721e+04
1.745689e+04 1.724534e+04
1.685696e+04 1.668209e+04
1.638204e+04 1.627666e+04
1.593528e+04 1.582671e+04
1.546565e+04 1.531188e+04
1.504593e+04 1.492321e+04
1.453642e+04 1.442155e+04
1.416584e+04 1.408037e+04
1.388705e+04 1.383489e+04
1.361703e+04 1.356396e+04
1.335324e+04 1.330910e+04
1.317431e+04 1.313585e+04
1.297085e+04 1.292507e+04
1.279128e+04 1.276191e+04
1.255639e+04 1.250521e+04
1.234569e+04 1.231399e+04
1.217127e+04 1.215093e+04
1.204317e+04 1.202720e+04
1.193779e+04 1.192431e+04
1.169240e+04 1.166753e+04
1.136445e+04 1.133957e+04
1.118994e+04 1.117820e+04
1.098589e+04 1.097293e+04
1.078166e+04 1.077038e+04
1.048905e+04 1.046998e+04
1.010401e+04 1.009016e+04
9.646722e+03 9.636116e+03
9.190745e+03 9.174469e+03
8.330887e+03 8.326564e+03
8.103150e+03 8.103031e+03
5.923622e+10 1.054944e+10
2.432115e+10 8.339337e+09
1.259485e+10 5.113583e+09
8.605077e+09 3.672156e+09
5.890350e+09 2.640885e+09
4.002735e+09 1.797855e+09
2.500751e+09 1.163615e+09
1.537920e+09 6.598741e+08
9.735773e+08 4.080064e+08
6.317284e+08 3.462898e+08
4.239738e+08 2.209287e+08
2.875956e+08 1.366924e+08
1.960422e+08 1.095377e+08
1.283956e+08 7.193626e+07
9.081463e+07 5.110813e+07
6.187357e+07 3.596151e+07
4.484514e+07 2.326924e+07
3.170066e+07 1.856139e+07
2.273827e+07 1.284727e+07
1.718976e+07 1.159074e+07
1.227956e+07 7.491292e+06
8.752290e+06 5.656850e+06
6.243969e+06 4.025655e+06
4.348044e+06 2.809808e+06
3.193375e+06 2.148691e+06
2.409314e+06 1.697971e+06
1.811581e+06 1.289789e+06
1.454861e+06 1.123542e+06
1.157124e+06 9.018318e+05
9.269506e+05 7.558831e+05
7.681859e+05 6.235439e+05
5.956407e+05 4.803447e+05
4.613071e+05 3.795451e+05
3.552055e+05 2.949858e+05
2.862232e+05 2.345387e+05
2.337472e+05 1.970020e+05
1.875655e+05 1.641210e+05
1.553765e+05 1.371420e+05
1.305906e+05 1.188516e+05
1.120825e+05 1.021957e+05
9.990569e+04 9.265179e+04
8.803914e+04 8.022279e+04
7.494785e+04 6.941743e+04
6.656555e+04 6.214542e+04
5.795819e+04 5.398095e+04
5.076312e+04 4.728911e+04
4.465258e+04 4.190415e+04
3.919293e+04 3.659673e+04
3.518848e+04 3.390771e+04
3.269957e+04 3.166474e+04
3.023708e+04 2.921541e+04
2.837669e+04 2.743331e+04
2.688196e+04 2.606573e+04
2.551215e+04 2.482455e+04
2.442108e+04 2.391806e+04
2.352292e+04 2.310070e+04
2.276720e+04 2.243565e+04
2.217620e+04 2.195117e+04
2.172962e+04 2.150174e+04
2.118221e+04 2.098325e+04
2.074986e+04 2.057093e+04
2.036009e+04 2.022075e+04
2.001410e+04 1.985949e+04
1.971424e+04 1.960911e+04
1.936452e+04 1.920055e+04
1.900296e+04 1.883320e+04
1.855199e+04 1.838862e+04
1.813438e+04 1.797494e+04
1.776140e+04 1.764741e+04
1.749026e+04 1.740298e+04
1.726656e+04 1.719527e+04
1.702522e+04 1.695127e+04
1.681046e+04 1.675591e+04
1.664407e+04 1.659061e+04
1.651173e+04 1.647033e+04
1.638250e+04 1.634255e+04
1.619911e+04 1.615399e+04
1.603041e+04 1.598829e+04
1.589664e+04 1.586595e+04
1.580753e+04 1.579190e+04
1.572958e+04 1.570827e+04
1.563067e+04 1.561490e+04
1.549440e+04 1.546058e+04
1.538968e+04 1.536992e+04
1.532104e+04 1.531226e+04
1.524480e+04 1.523402e+04
1.516729e+04 1.515500e+04
1.504516e+04 1.501204e+04
1.487654e+04 1.485318e+04
1.474254e+04 1.472471e+04
1.455096e+04 1.453065e+04
1.438759e+04 1.437154e+04
1.425303e+04 1.423504e+04
1.410280e+04 1.409123e+04
1.383748e+04 1.382123e+04
1.338168e+04 1.335519e+04
1.275151e+04 1.272210e+04
1.222938e+04 1.221257e+04
1.176174e+04 1.175966e+04
1.158112e+04 1.157893e+04
1.119984e+04 1.119976e+04
5.984213e+10 1.122350e+10
2.430080e+10 8.246255e+09
1.240135e+10 4.472573e+09
8.553576e+09 3.361943e+09
5.937198e+09 2.325189e+09
4.144073e+09 1.692956e+09
2.653682e+09 1.103273e+09
1.651779e+09 7.838629e+08
1.054398e+09 4.042999e+08
6.831485e+08 3.349729e+08
4.598323e+08 2.105160e+08
3.155077e+08 1.756082e+08
2.207849e+08 1.153652e+08
1.483113e+08 8.342535e+07
1.049511e+08 5.476858e+07
7.218335e+07 3.659264e+07
5.165127e+07 2.748206e+07
3.613042e+07 2.009188e+07
2.554991e+07 1.569462e+07
1.944492e+07 1.207977e+07
1.421990e+07 8.786895e+06
1.040660e+07 6.711066e+06
7.610905e+06 5.077114e+06
5.265040e+06 3.613781e+06
3.921379e+06 2.833997e+06
2.958294e+06 2.109418e+06
2.174964e+06 1.584035e+06
1.663692e+06 1.161809e+06
1.260791e+06 9.460191e+05
9.524035e+05 7.166262e+05
7.342142e+05 5.733505e+05
5.664822e+05 4.367928e+05
4.524986e+05 3.622750e+05
3.578120e+05 2.946837e+05
2.997068e+05 2.659752e+05
2.615062e+05 2.337563e+05
2.254285e+05 2.047808e+05
1.956752e+05 1.776855e+05
1.741288e+05 1.620763e+05
1.566874e+05 1.476888e+05
1.421029e+05 1.349285e+05
1.298746e+05 1.232246e+05
1.194137e+05 1.148261e+05
1.100314e+05 1.057939e+05
1.024376e+05 9.956601e+04
9.673052e+04 9.445105e+04
9.250758e+04 9.056825e+04
8.816419e+04 8.622399e+04
8.440926e+04 8.239878e+04
7.982425e+04 7.846146e+04
7.709081e+04 7.593634e+04
7.470193e+04 7.338675e+04
7.235343e+04 7.087549e+04
7.026088e+04 6.918229e+04
6.772478e+04 6.632322e+04
6.575589e+04 6.483509e+04
6.402848e+04 6.332029e+04
6.219130e+04 6.137298e+04
6.052518e+04 5.956630e+04
5.900459e+04 5.824111e+04
5.746602e+04 5.672515e+04
5.579179e+04 5.491805e+04
5.411982e+04 5.349977e+04
5.293981e+04 5.240452e+04
5.172195e+04 5.118987e+04
5.065279e+04 5.023046e+04
4.930425e+04 4.882370e+04
4.807216e+04 4.765255e+04
4.706782e+04 4.667953e+04
4.608462e+04 4.577126e+04
4.542735e+04 4.521292e+04
4.461927e+04 4.439892e+04
4.375576e+04 4.347024e+04
4.310828e+04 4.295241e+04
4.258680e+04 4.242952e+04
4.199716e+04 4.183230e+04
4.140430e+04 4.118652e+04
4.055595e+04 4.037458e+04
3.987366e+04 3.971292e+04
3.919737e+04 3.903696e+04
3.857019e+04 3.843101e+04
3.806016e+04 3.795170e+04
3.754882e+04 3.746371e+04
3.694229e+04 3.680936e+04
3.646616e+04 3.638819e+04
3.588209e+04 3.578519e+04
3.525400e+04 3.514675e+04
3.488311e+04 3.481458e+04
3.440126e+04 3.433869e+04
3.379409e+04 3.369910e+04
3.315599e+04 3.311680e+04
3.270069e+04 3.265081e+04
3.233251e+04 3.228238e+04
3.187264e+04 3.181903e+04
3.127718e+04 3.124420e+04
3.085075e+04 3.083396e+04
3.034469e+04 3.032450e+04
2.935933e+04 2.934506e+04
2.863456e+04 2.860618e+04
2.790560e+04 2.790288e+04
2.755236e+04 2.755165e+04
6.024239e+10 1.311883e+10
2.433014e+10 6.996670e+09
1.248123e+10 4.329423e+09
8.606747e+09 3.903312e+09
5.923147e+09 2.165968e+09
3.998169e+09 1.622662e+09
2.533809e+09 1.149310e+09
1.562265e+09 7.870625e+08
1.004803e+09 4.837908e+08
6.749764e+08 3.144479e+08
4.592028e+08 2.253159e+08
3.173486e+08 1.550608e+08
2.198551e+08 1.111673e+08
1.451801e+08 8.012749e+07
1.043275e+08 6.068589e+07
7.128120e+07 3.822465e+07
5.236595e+07 2.906525e+07
3.672272e+07 2.111369e+07
2.592932e+07 1.486311e+07
1.921531e+07 1.128591e+07
1.329921e+07 8.475970e+06
9.296696e+06 5.032877e+06
6.475186e+06 4.037414e+06
4.272802e+06 2.405267e+06
3.124498e+06 1.904124e+06
2.384706e+06 1.590622e+06
1.776956e+06 1.328195e+06
1.424591e+06 1.081413e+06
1.128597e+06 8.641100e+05
8.753247e+05 6.511020e+05
6.928326e+05 5.518858e+05
5.382925e+05 4.295885e+05
4.312161e+05 3.491456e+05
3.411804e+05 2.885350e+05
2.831563e+05 2.450275e+05
2.387171e+05 2.105791e+05
2.010595e+05 1.762444e+05
1.676831e+05 1.466398e+05
1.406924e+05 1.265822e+05
1.189559e+05 1.074741e+05
1.009336e+05 9.149111e+04
8.622537e+04 7.832233e+04
7.404426e+04 6.886283e+04
6.707055e+04 6.346896e+04
6.130079e+04 5.812119e+04
5.594077e+04 5.347714e+04
5.119231e+04 4.879055e+04
4.661645e+04 4.476389e+04
4.382813e+04 4.256214e+04
4.150541e+04 4.066866e+04
3.963895e+04 3.887006e+04
3.818280e+04 3.733751e+04
3.680885e+04 3.599528e+04
3.524384e+04 3.445000e+04
3.361486e+04 3.272358e+04
3.176914e+04 3.072819e+04
3.004275e+04 2.901361e+04
2.829970e+04 2.746536e+04
2.668796e+04 2.590869e+04
2.510593e+04 2.458453e+04
2.409559e+04 2.362647e+04
2.323155e+04 2.276802e+04
2.229538e+04 2.194299e+04
2.161406e+04 2.135576e+04
2.099109e+04 2.073309e+04
2.044798e+04 2.025566e+04
2.001557e+04 1.984645e+04
1.956692e+04 1.941723e+04
1.918876e+04 1.906721e+04
1.886085e+04 1.876948e+04
1.863299e+04 1.854968e+04
1.834955e+04 1.825301e+04
1.801060e+04 1.789471e+04
1.766880e+04 1.755435e+04
1.730905e+04 1.721570e+04
1.704105e+04 1.698156e+04
1.679903e+04 1.669848e+04
1.645991e+04 1.639308e+04
1.620853e+04 1.616210e+04
1.606805e+04 1.604142e+04
1.594616e+04 1.592338e+04
1.581544e+04 1.578201e+04
1.566564e+04 1.564100e+04
1.547613e+04 1.542660e+04
1.516431e+04 1.511262e+04
1.496835e+04 1.494502e+04
1.487024e+04 1.485823e+04
1.477064e+04 1.475233e+04
1.467016e+04 1.465841e+04
1.458280e+04 1.456453e+04
1.441903e+04 1.440041e+04
1.426560e+04 1.425073e+04
1.412633e+04 1.411215e+04
1.396505e+04 1.394431e+04
1.374661e+04 1.372951e+04
1.355450e+04 1.354701e+04
1.334213e+04 1.333393e+04
1.302342e+04 1.301693e+04
1.273963e+04 1.273472e+04
1.242775e+04 1.242628e+04
1.206925e+04 1.206907e+04
5.957045e+10 1.732961e+10
2.386937e+10 6.878764e+09
1.198334e+10 4.234746e+09
8.314887e+09 3.132969e+09
5.793471e+09 2.010365e+09
3.966781e+09 1.836712e+09
2.534413e+09 1.267040e+09
1.571561e+09 7.220661e+08
9.908333e+08 3.789261e+08
6.647330e+08 2.680854e+08
4.525088e+08 2.374256e+08
3.100842e+08 1.472384e+08
2.163037e+08 1.238505e+08
1.442051e+08 7.840544e+07
1.046529e+08 5.162653e+07
7.110160e+07 4.039615e+07
5.190036e+07 3.074168e+07
3.651376e+07 2.085323e+07
2.580489e+07 1.558070e+07
1.903726e+07 1.194509e+07
1.348558e+07 7.752734e+06
9.676009e+06 5.806635e+06
7.103498e+06 4.790078e+06
4.920201e+06 3.019320e+06
3.567822e+06 2.427796e+06
2.622245e+06 1.699295e+06
1.846224e+06 1.082933e+06
1.328123e+06 8.990669e+05
9.487666e+05 6.221483e+05
6.924302e+05 4.796004e+05
5.374010e+05 4.023604e+05
4.160632e+05 3.151939e+05
3.248722e+05 2.455188e+05
2.473727e+05 2.030891e+05
1.966106e+05 1.607568e+05
1.598442e+05 1.346162e+05
1.301594e+05 1.128089e+05
1.060550e+05 9.060663e+04
8.542491e+04 7.326539e+04
6.896466e+04 5.933584e+04
5.632160e+04 5.067504e+04
4.788241e+04 4.350656e+04
4.148752e+04 3.867601e+04
3.658744e+04 3.393624e+04
3.269025e+04 3.106948e+04
3.028148e+04 2.901502e+04
2.804002e+04 2.702077e+04
2.616001e+04 2.544334e+04
2.472850e+04 2.400613e+04
2.326476e+04 2.257778e+04
2.179723e+04 2.117442e+04
2.077969e+04 2.029055e+04
1.989641e+04 1.936476e+04
1.890573e+04 1.828350e+04
1.791620e+04 1.745551e+04
1.715535e+04 1.677389e+04
1.655222e+04 1.630380e+04
1.612783e+04 1.589342e+04
1.572203e+04 1.553766e+04
1.521068e+04 1.497406e+04
1.480348e+04 1.464204e+04
1.445446e+04 1.429898e+04
1.411000e+04 1.398779e+04
1.382738e+04 1.365523e+04
1.344308e+04 1.329815e+04
1.318176e+04 1.305661e+04
1.280332e+04 1.265778e+04
1.243274e+04 1.227150e+04
1.206859e+04 1.195171e+04
1.182053e+04 1.173657e+04
1.158301e+04 1.150617e+04
1.135877e+04 1.128209e+04
1.110308e+04 1.101118e+04
1.085535e+04 1.077349e+04
1.062118e+04 1.054858e+04
1.036386e+04 1.030270e+04
1.020036e+04 1.015716e+04
1.005421e+04 1.000332e+04
9.848913e+03 9.797874e+03
9.666816e+03 9.628184e+03
9.496496e+03 9.436528e+03
9.294782e+03 9.246803e+03
9.022994e+03 8.962026e+03
8.878310e+03 8.856642e+03
8.765730e+03 8.744998e+03
8.629354e+03 8.600427e+03
8.490490e+03 8.469200e+03
8.386050e+03 8.372037e+03
8.281174e+03 8.265736e+03
8.139598e+03 8.121907e+03
7.939343e+03 7.916914e+03
7.738411e+03 7.722925e+03
7.510869e+03 7.492329e+03
7.349462e+03 7.332899e+03
7.144825e+03 7.129095e+03
6.915486e+03 6.904471e+03
6.611352e+03 6.597100e+03
6.358199e+03 6.352510e+03
6.164645e+03 6.160256e+03
6.049761e+03 6.048780e+03
5.976719e+03 5.976638e+03
5.963036e+10 1.466494e+10
2.387910e+10 8.195379e+09
1.238341e+10 4.339595e+09
8.607441e+09 3.864621e+09
6.032389e+09 2.487459e+09
4.204598e+09 1.902728e+09
2.654705e+09 1.259724e+09
1.650274e+09 6.683493e+08
1.038925e+09 4.639178e+08
6.760740e+08 3.412109e+08
4.522877e+08 2.241298e+08
3.090947e+08 1.492054e+08
2.145984e+08 9.486229e+07
1.419893e+08 5.994839e+07
9.995697e+07 5.108129e+07
6.809813e+07 3.766701e+07
4.989238e+07 2.954745e+07
3.489962e+07 2.162256e+07
2.507429e+07 1.502366e+07
1.900839e+07 1.107437e+07
1.390189e+07 8.837899e+06
1.008478e+07 6.422088e+06
7.416057e+06 5.198834e+06
5.272467e+06 3.580834e+06
3.921247e+06 2.733254e+06
2.966827e+06 2.113273e+06
2.128330e+06 1.528029e+06
1.588655e+06 1.154535e+06
1.163213e+06 8.411529e+05
8.854714e+05 6.919489e+05
7.165853e+05 5.527028e+05
5.651398e+05 4.562387e+05
4.374418e+05 3.461888e+05
3.153241e+05 2.515562e+05
2.520328e+05 2.076902e+05
2.095770e+05 1.793313e+05
1.759967e+05 1.555426e+05
1.495734e+05 1.336946e+05
1.265871e+05 1.148667e+05
1.087676e+05 9.878915e+04
9.596939e+04 8.777914e+04
8.474840e+04 7.825425e+04
7.431625e+04 6.968514e+04
6.747831e+04 6.391526e+04
6.197391e+04 5.971810e+04
5.832768e+04 5.659266e+04
5.538969e+04 5.399377e+04
5.288860e+04 5.181336e+04
5.101990e+04 5.014036e+04
4.923561e+04 4.848916e+04
4.770804e+04 4.703250e+04
4.625892e+04 4.535389e+04
4.496535e+04 4.410142e+04
4.375094e+04 4.317456e+04
4.273691e+04 4.222465e+04
4.174443e+04 4.127374e+04
4.072672e+04 4.033451e+04
3.986866e+04 3.937816e+04
3.897113e+04 3.847686e+04
3.785255e+04 3.731118e+04
3.649392e+04 3.583643e+04
3.492615e+04 3.407862e+04
3.356681e+04 3.299948e+04
3.220045e+04 3.156204e+04
3.043163e+04 2.981714e+04
2.906293e+04 2.842161e+04
2.737046e+04 2.686583e+04
2.624797e+04 2.592019e+04
2.528462e+04 2.487344e+04
2.423292e+04 2.385652e+04
2.310797e+04 2.266618e+04
2.220218e+04 2.194012e+04
2.137503e+04 2.109137e+04
2.055554e+04 2.032008e+04
1.985663e+04 1.962376e+04
1.898925e+04 1.876028e+04
1.823891e+04 1.807348e+04
1.751111e+04 1.730147e+04
1.651568e+04 1.625313e+04
1.582521e+04 1.570723e+04
1.548949e+04 1.543413e+04
1.524429e+04 1.520134e+04
1.485094e+04 1.476553e+04
1.442332e+04 1.433888e+04
1.400694e+04 1.392217e+04
1.355336e+04 1.350781e+04
1.317014e+04 1.311593e+04
1.286904e+04 1.281909e+04
1.249871e+04 1.245575e+04
1.213264e+04 1.209518e+04
1.182631e+04 1.179152e+04
1.133768e+04 1.129362e+04
1.078592e+04 1.073349e+04
1.041517e+04 1.037824e+04
1.002533e+04 9.983554e+03
9.506730e+03 9.485847e+03
9.128329e+03 9.114900e+03
8.785328e+03 8.778446e+03
8.431865e+03 8.423911e+03
7.997580e+03 7.995966e+03
7.910895e+03 7.910851e+03
6.139492e+10 1.164103e+10
2.407498e+10 7.383909e+09
1.230979e+10 4.602397e+09
8.377308e+09 3.299472e+09
5.803383e+09 1.683697e+09
3.943497e+09 1.649086e+09
2.476665e+09 9.673991e+08
1.555679e+09 7.064113e+08
9.907202e+08 3.964070e+08
6.490590e+08 3.654339e+08
4.418992e+08 1.930380e+08
2.976838e+08 1.485736e+08
2.074751e+08 1.177653e+08
1.389149e+08 7.831178e+07
9.935246e+07 5.574556e+07
6.837701e+07 4.042376e+07
5.056043e+07 2.916753e+07
3.599982e+07 2.210247e+07
2.524871e+07 1.478684e+07
1.843669e+07 1.068991e+07
1.286462e+07 7.449087e+06
9.239603e+06 5.548812e+06
6.581359e+06 4.449703e+06
4.643704e+06 3.118994e+06
3.436147e+06 2.080135e+06
2.601836e+06 1.721389e+06
1.898308e+06 1.293701e+06
1.436282e+06 1.046480e+06
1.070699e+06 7.775483e+05
8.365488e+05 6.537846e+05
6.896039e+05 5.166257e+05
5.652393e+05 4.517059e+05
4.651909e+05 3.951217e+05
3.825751e+05 3.347445e+05
3.259103e+05 2.827672e+05
2.768977e+05 2.483775e+05
2.390320e+05 2.163580e+05
2.111942e+05 1.952445e+05
1.925887e+05 1.823943e+05
1.765556e+05 1.680059e+05
1.640118e+05 1.571071e+05
1.532358e+05 1.472087e+05
1.426558e+05 1.374925e+05
1.334788e+05 1.289665e+05
1.223495e+05 1.169011e+05
1.126210e+05 1.091005e+05
1.056506e+05 1.026641e+05
9.833689e+04 9.543173e+04
9.244496e+04 8.980457e+04
8.675774e+04 8.448483e+04
8.256656e+04 8.074155e+04
7.986552e+04 7.845473e+04
7.777379e+04 7.661364e+04
7.608172e+04 7.517599e+04
7.455296e+04 7.387517e+04
7.322269e+04 7.254719e+04
7.199118e+04 7.152691e+04
7.111453e+04 7.065054e+04
7.015603e+04 6.968057e+04
6.900742e+04 6.849438e+04
6.779239e+04 6.718346e+04
6.645880e+04 6.591572e+04
6.510927e+04 6.454100e+04
6.370263e+04 6.315925e+04
6.245562e+04 6.176940e+04
6.111054e+04 6.052714e+04
5.957466e+04 5.889814e+04
5.808711e+04 5.753994e+04
5.679499e+04 5.640985e+04
5.531468e+04 5.485861e+04
5.408651e+04 5.366365e+04
5.274023e+04 5.240451e+04
5.175146e+04 5.141155e+04
5.067639e+04 5.036930e+04
4.978590e+04 4.956675e+04
4.889057e+04 4.862221e+04
4.818053e+04 4.798618e+04
4.759176e+04 4.741249e+04
4.691414e+04 4.674701e+04
4.603620e+04 4.579437e+04
4.530587e+04 4.521903e+04
4.496512e+04 4.487323e+04
4.446027e+04 4.436034e+04
4.390983e+04 4.382529e+04
4.342171e+04 4.333286e+04
4.287104e+04 4.275138e+04
4.222860e+04 4.212879e+04
4.165401e+04 4.160097e+04
4.103542e+04 4.094875e+04
4.024791e+04 4.014543e+04
3.960976e+04 3.955003e+04
3.902548e+04 3.894167e+04
3.839408e+04 3.834337e+04
3.778416e+04 3.774579e+04
3.703542e+04 3.697795e+04
3.619843e+04 3.615872e+04
3.514400e+04 3.510318e+04
3.402082e+04 3.400554e+04
3.310137e+04 3.309092e+04
3.217879e+04 3.214751e+04
3.177086e+04 3.176999e+04
5.977210e+10 1.386665e+10
2.376265e+10 6.283985e+09
1.209500e+10 4.969877e+09
8.253538e+09 3.404085e+09
5.746591e+09 1.877528e+09
3.945710e+09 1.555483e+09
2.497984e+09 1.135677e+09
1.551856e+09 7.378915e+08
1.013095e+09 4.845349e+08
6.619756e+08 3.374793e+08
4.469892e+08 2.394210e+08
3.134121e+08 1.737900e+08
2.183551e+08 1.053132e+08
1.479212e+08 8.146989e+07
1.059506e+08 5.715487e+07
7.283080e+07 4.072175e+07
5.309379e+07 2.894081e+07
3.702909e+07 1.642044e+07
2.593961e+07 1.519513e+07
1.945684e+07 1.126251e+07
1.396596e+07 9.050244e+06
1.013424e+07 6.941874e+06
7.568740e+06 4.644918e+06
5.467293e+06 3.889567e+06
4.122147e+06 3.092162e+06
3.079144e+06 2.157797e+06
2.216066e+06 1.571024e+06
1.672200e+06 1.282854e+06
1.290365e+06 9.921434e+05
9.953147e+05 7.557205e+05
8.114021e+05 6.259859e+05
6.654058e+05 5.624135e+05
5.473957e+05 4.628380e+05
4.423131e+05 3.757824e+05
3.616373e+05 3.150294e+05
3.011311e+05 2.620540e+05
2.538598e+05 2.301475e+05
2.212012e+05 2.020193e+05
1.971166e+05 1.825674e+05
1.777051e+05 1.637508e+05
1.602394e+05 1.511727e+05
1.476751e+05 1.404105e+05
1.369564e+05 1.324137e+05
1.293411e+05 1.252982e+05
1.202210e+05 1.157988e+05
1.116753e+05 1.078744e+05
1.050672e+05 1.025480e+05
1.001380e+05 9.792212e+04
9.582550e+04 9.369233e+04
9.055195e+04 8.871509e+04
8.609028e+04 8.439871e+04
8.227604e+04 8.028148e+04
7.878521e+04 7.676937e+04
7.524650e+04 7.365819e+04
7.183711e+04 7.028775e+04
6.876237e+04 6.699781e+04
6.509922e+04 6.293125e+04
6.091872e+04 5.854439e+04
5.695727e+04 5.533701e+04
5.422711e+04 5.318001e+04
5.202177e+04 5.086966e+04
4.970843e+04 4.871114e+04
4.737802e+04 4.647848e+04
4.547594e+04 4.468163e+04
4.348317e+04 4.279079e+04
4.140971e+04 4.044114e+04
3.909031e+04 3.796044e+04
3.696050e+04 3.596399e+04
3.511276e+04 3.461578e+04
3.373853e+04 3.321176e+04
3.261104e+04 3.233206e+04
3.186330e+04 3.163715e+04
3.120002e+04 3.103214e+04
3.062955e+04 3.046688e+04
3.013076e+04 2.995168e+04
2.953704e+04 2.932782e+04
2.900886e+04 2.884348e+04
2.852837e+04 2.844779e+04
2.814597e+04 2.805882e+04
2.774632e+04 2.766632e+04
2.743104e+04 2.735538e+04
2.705118e+04 2.699340e+04
2.668880e+04 2.660540e+04
2.625759e+04 2.617865e+04
2.590752e+04 2.584406e+04
2.546203e+04 2.536066e+04
2.507638e+04 2.503633e+04
2.473118e+04 2.466479e+04
2.441191e+04 2.437850e+04
2.416065e+04 2.413724e+04
2.385240e+04 2.382597e+04
2.354054e+04 2.349873e+04
2.321489e+04 2.318591e+04
2.276503e+04 2.272564e+04
2.209702e+04 2.206508e+04
2.154536e+04 2.151643e+04
2.093216e+04 2.088047e+04
1.983590e+04 1.981061e+04
1.901536e+04 1.899842e+04
1.822035e+04 1.821561e+04
1.792298e+04 1.792292e+04
5.958718e+10 1.473137e+10
2.367099e+10 7.958206e+09
1.219742e+10 5.172454e+09
8.386161e+09 3.598256e+09
5.856164e+09 2.786359e+09
4.053384e+09 1.452146e+09
2.559094e+09 1.130184e+09
1.605700e+09 6.629167e+08
1.023479e+09 4.887972e+08
6.774584e+08 2.979641e+08
4.579673e+08 2.356457e+08
3.164059e+08 1.523452e+08
2.194994e+08 1.058692e+08
1.463361e+08 7.983799e+07
1.040156e+08 5.384283e+07
6.860060e+07 4.085231e+07
4.875567e+07 2.645272e+07
3.280933e+07 1.581027e+07
2.218656e+07 1.257430e+07
1.628143e+07 8.049067e+06
1.123645e+07 6.500206e+06
8.064408e+06 4.677218e+06
5.819059e+06 3.533553e+06
4.082520e+06 2.474226e+06
3.018385e+06 2.048066e+06
2.278588e+06 1.513210e+06
1.671278e+06 1.151721e+06
1.280636e+06 9.112956e+05
9.792904e+05 6.558932e+05
7.617834e+05 6.005914e+05
6.277766e+05 4.899741e+05
5.062306e+05 4.197033e+05
4.069799e+05 3.389119e+05
3.221890e+05 2.757784e+05
2.609501e+05 2.199272e+05
2.098130e+05 1.790223e+05
1.740554e+05 1.542217e+05
1.467298e+05 1.305369e+05
1.231441e+05 1.112327e+05
1.057348e+05 9.588950e+04
9.268484e+04 8.493763e+04
8.084008e+04 7.509915e+04
7.150414e+04 6.742464e+04
6.499302e+04 6.109804e+04
5.978526e+04 5.737491e+04
5.541266e+04 5.347769e+04
5.147258e+04 4.966709e+04
4.787418e+04 4.619485e+04
4.502283e+04 4.379243e+04
4.252799e+04 4.143291e+04
3.971462e+04 3.853600e+04
3.694476e+04 3.536105e+04
3.457187e+04 3.305415e+04
3.240837e+04 3.101841e+04
3.042023e+04 2.938898e+04
2.881244e+04 2.805655e+04
2.729738e+04 2.643470e+04
2.602474e+04 2.541460e+04
2.492973e+04 2.449678e+04
2.393859e+04 2.357193e+04
2.306099e+04 2.263450e+04
2.224077e+04 2.190005e+04
2.152634e+04 2.126437e+04
2.099918e+04 2.075877e+04
2.040354e+04 2.019004e+04
1.993520e+04 1.968399e+04
1.932763e+04 1.906566e+04
1.857275e+04 1.826854e+04
1.785475e+04 1.757683e+04
1.723380e+04 1.702686e+04
1.670307e+04 1.650850e+04
1.620607e+04 1.607087e+04
1.582419e+04 1.570629e+04
1.550040e+04 1.542541e+04
1.528601e+04 1.520966e+04
1.507475e+04 1.502375e+04
1.488549e+04 1.483630e+04
1.461257e+04 1.454866e+04
1.434463e+04 1.426306e+04
1.406811e+04 1.400984e+04
1.381600e+04 1.375142e+04
1.359493e+04 1.355363e+04
1.342660e+04 1.339547e+04
1.325913e+04 1.322583e+04
1.314407e+04 1.312942e+04
1.304327e+04 1.302317e+04
1.291445e+04 1.288847e+04
1.276915e+04 1.275349e+04
1.262656e+04 1.261144e+04
1.250013e+04 1.248837e+04
1.240140e+04 1.239342e+04
1.226136e+04 1.224958e+04
1.214413e+04 1.213487e+04
1.202026e+04 1.201114e+04
1.186633e+04 1.185425e+04
1.169856e+04 1.168772e+04
1.152967e+04 1.152570e+04
1.126788e+04 1.125511e+04
1.090830e+04 1.090209e+04
1.065067e+04 1.065015e+04
1.056056e+04 1.056053e+04
5.961272e+10 1.394982e+10
2.377337e+10 6.795964e+09
1.237169e+10 5.101158e+09
8.537644e+09 3.719938e+09
5.926792e+09 2.314482e+09
4.065748e+09 1.794118e+09
2.571728e+09 1.033939e+09
1.598493e+09 7.680341e+08
1.020938e+09 5.482071e+08
6.718356e+08 3.699838e+08
4.494881e+08 2.545783e+08
3.078278e+08 1.450457e+08
2.176987e+08 1.092949e+08
1.480770e+08 7.967648e+07
1.044756e+08 6.176001e+07
7.158893e+07 3.931755e+07
5.188343e+07 3.015825e+07
3.558744e+07 2.068194e+07
2.458421e+07 1.418406e+07
1.806199e+07 1.011320e+07
1.270954e+07 7.793410e+06
9.147823e+06 5.953862e+06
6.721953e+06 3.928798e+06
4.757957e+06 3.146133e+06
3.604900e+06 2.572452e+06
2.787429e+06 1.910778e+06
2.121762e+06 1.607444e+06
1.697941e+06 1.358232e+06
1.356049e+06 1.061152e+06
1.108755e+06 8.925402e+05
9.544821e+05 8.037018e+05
8.139440e+05 7.175820e+05
7.010643e+05 6.212913e+05
5.957553e+05 5.314840e+05
5.091587e+05 4.548673e+05
4.220166e+05 3.750241e+05
3.491356e+05 3.108603e+05
2.887815e+05 2.578548e+05
2.383485e+05 2.143920e+05
1.998403e+05 1.800762e+05
1.717715e+05 1.548231e+05
1.498767e+05 1.395315e+05
1.305566e+05 1.204495e+05
1.163697e+05 1.100720e+05
1.058253e+05 1.007711e+05
9.669245e+04 9.266624e+04
9.093356e+04 8.824561e+04
8.526599e+04 8.280211e+04
8.200786e+04 8.045538e+04
7.821692e+04 7.690758e+04
7.518420e+04 7.404682e+04
7.250687e+04 7.125527e+04
7.011738e+04 6.873794e+04
6.728130e+04 6.572967e+04
6.433777e+04 6.305665e+04
6.201317e+04 6.079072e+04
6.003900e+04 5.920320e+04
5.829233e+04 5.740839e+04
5.672150e+04 5.585000e+04
5.524144e+04 5.465459e+04
5.393682e+04 5.334465e+04
5.237980e+04 5.166808e+04
5.059238e+04 4.993394e+04
4.921390e+04 4.867150e+04
4.772634e+04 4.717066e+04
4.634207e+04 4.586525e+04
4.508096e+04 4.461266e+04
4.388776e+04 4.347998e+04
4.274690e+04 4.233910e+04
4.178148e+04 4.143463e+04
4.102705e+04 4.078736e+04
4.029518e+04 4.001409e+04
3.966616e+04 3.951282e+04
3.895027e+04 3.875588e+04
3.821628e+04 3.802215e+04
3.752873e+04 3.737423e+04
3.679047e+04 3.659902e+04
3.598326e+04 3.580667e+04
3.530682e+04 3.515873e+04
3.477532e+04 3.463433e+04
3.425283e+04 3.414240e+04
3.386640e+04 3.377527e+04
3.351424e+04 3.343648e+04
3.316231e+04 3.309851e+04
3.287549e+04 3.283549e+04
3.271699e+04 3.270391e+04
3.259586e+04 3.256703e+04
3.245300e+04 3.242745e+04
3.218786e+04 3.213864e+04
3.193213e+04 3.189345e+04
3.174630e+04 3.173252e+04
3.155864e+04 3.154063e+04
3.136712e+04 3.136127e+04
3.120176e+04 3.118255e+04
3.089868e+04 3.088218e+04
3.058509e+04 3.056807e+04
3.009908e+04 3.007274e+04
2.956981e+04 2.955573e+04
2.841233e+04 2.839939e+04
2.588537e+04 2.587522e+04
2.491356e+04 2.491354e+04
5.931080e+10 1.396547e+10
2.412465e+10 7.072998e+09
1.256720e+10 4.731016e+09
8.638975e+09 3.966437e+09
5.990660e+09 2.549400e+09
4.148548e+09 1.816761e+09
2.635796e+09 1.210506e+09
1.602177e+09 7.570768e+08
1.045298e+09 5.012628e+08
6.878731e+08 2.972371e+08
4.598392e+08 2.015520e+08
3.128708e+08 1.390251e+08
2.155836e+08 1.074564e+08
1.421179e+08 8.347900e+07
1.003511e+08 5.492601e+07
6.651232e+07 3.459859e+07
4.757543e+07 2.756829e+07
3.290399e+07 1.920056e+07
2.322221e+07 1.394118e+07
1.733507e+07 1.093025e+07
1.235101e+07 7.677482e+06
8.963888e+06 5.526805e+06
6.593700e+06 4.121820e+06
4.534160e+06 2.867340e+06
3.216811e+06 2.182385e+06
2.324478e+06 1.577874e+06
1.684525e+06 1.163169e+06
1.317975e+06 9.767367e+05
1.015615e+06 7.829997e+05
8.145685e+05 6.608541e+05
6.822607e+05 5.685917e+05
5.615259e+05 4.662775e+05
4.626828e+05 4.035609e+05
3.814733e+05 3.368013e+05
3.316769e+05 2.961872e+05
2.937002e+05 2.664324e+05
2.566087e+05 2.383841e+05
2.293161e+05 2.153006e+05
2.075623e+05 1.965448e+05
1.887562e+05 1.785563e+05
1.719286e+05 1.617504e+05
1.576402e+05 1.494816e+05
1.423037e+05 1.354845e+05
1.308384e+05 1.250775e+05
1.192528e+05 1.132226e+05
1.058302e+05 1.007276e+05
9.642017e+04 9.211143e+04
8.620385e+04 8.168267e+04
7.690071e+04 7.275416e+04
6.870524e+04 6.558458e+04
6.295107e+04 6.122549e+04
5.956830e+04 5.755845e+04
5.607005e+04 5.405318e+04
5.223588e+04 5.043509e+04
4.892990e+04 4.721191e+04
4.569229e+04 4.411732e+04
4.294653e+04 4.157681e+04
4.100601e+04 4.004041e+04
3.904353e+04 3.791774e+04
3.679221e+04 3.582721e+04
3.518138e+04 3.449002e+04
3.355341e+04 3.286068e+04
3.181464e+04 3.103466e+04
3.035213e+04 2.965781e+04
2.870240e+04 2.818500e+04
2.762580e+04 2.717303e+04
2.658055e+04 2.618478e+04
2.556178e+04 2.525653e+04
2.484936e+04 2.463994e+04
2.424155e+04 2.399262e+04
2.360367e+04 2.335277e+04
2.289685e+04 2.270245e+04
2.233180e+04 2.216429e+04
2.173418e+04 2.156110e+04
2.132490e+04 2.120747e+04
2.096444e+04 2.084580e+04
2.054475e+04 2.041306e+04
2.003320e+04 1.990338e+04
1.942691e+04 1.932614e+04
1.904238e+04 1.894361e+04
1.866586e+04 1.855492e+04
1.822334e+04 1.813333e+04
1.786537e+04 1.781737e+04
1.759721e+04 1.755421e+04
1.734620e+04 1.729595e+04
1.707099e+04 1.702150e+04
1.682951e+04 1.680182e+04
1.669007e+04 1.667087e+04
1.645824e+04 1.642276e+04
1.620517e+04 1.618458e+04
1.604022e+04 1.602531e+04
1.587259e+04 1.585761e+04
1.570177e+04 1.569039e+04
1.552007e+04 1.550202e+04
1.526205e+04 1.525162e+04
1.489684e+04 1.487034e+04
1.440394e+04 1.439233e+04
1.404630e+04 1.403498e+04
1.373806e+04 1.372443e+04
1.336650e+04 1.336540e+04
1.316205e+04 1.316201e+04
5.973733e+10 1.342327e+10
2.435271e+10 7.422456e+09
1.240776e+10 4.128078e+09
8.395188e+09 3.404608e+09
5.735592e+09 2.319398e+09
3.912375e+09 1.842134e+09
2.495082e+09 1.004373e+09
1.559153e+09 6.545251e+08
9.937989e+08 5.212582e+08
6.506013e+08 3.237874e+08
4.429133e+08 2.198153e+08
3.048070e+08 1.524179e+08
2.118927e+08 1.278024e+08
1.410777e+08 8.116193e+07
1.003483e+08 5.251255e+07
6.827786e+07 3.830386e+07
4.943063e+07 2.721554e+07
3.448038e+07 1.894707e+07
2.397714e+07 1.416595e+07
1.781324e+07 1.006601e+07
1.243652e+07 7.481830e+06
8.926837e+06 5.666015e+06
6.385599e+06 4.181569e+06
4.412980e+06 2.881479e+06
3.272307e+06 2.207640e+06
2.413120e+06 1.594016e+06
1.741263e+06 1.192795e+06
1.330936e+06 9.332652e+05
1.007397e+06 6.931626e+05
7.819575e+05 6.044574e+05
6.365414e+05 4.927663e+05
5.138846e+05 4.064393e+05
4.224720e+05 3.495737e+05
3.490837e+05 3.007904e+05
3.010862e+05 2.681119e+05
2.625627e+05 2.340181e+05
2.281879e+05 2.062005e+05
1.960992e+05 1.751845e+05
1.705679e+05 1.570950e+05
1.504518e+05 1.359736e+05
1.316330e+05 1.215580e+05
1.159294e+05 1.069101e+05
1.022782e+05 9.618388e+04
9.221043e+04 8.701598e+04
8.231217e+04 7.783045e+04
7.558720e+04 7.260924e+04
7.055049e+04 6.811920e+04
6.576017e+04 6.365200e+04
6.256277e+04 6.093626e+04
5.996765e+04 5.895795e+04
5.776415e+04 5.688381e+04
5.601336e+04 5.498355e+04
5.440567e+04 5.343470e+04
5.268978e+04 5.164573e+04
5.085847e+04 5.008930e+04
4.933306e+04 4.848984e+04
4.761413e+04 4.668022e+04
4.584794e+04 4.498324e+04
4.435712e+04 4.366596e+04
4.278429e+04 4.212670e+04
4.138805e+04 4.070996e+04
3.987834e+04 3.923046e+04
3.854312e+04 3.802947e+04
3.732692e+04 3.678482e+04
3.629436e+04 3.592878e+04
3.543547e+04 3.514176e+04
3.483068e+04 3.461451e+04
3.436633e+04 3.422644e+04
3.402249e+04 3.390366e+04
3.355149e+04 3.339136e+04
3.317688e+04 3.305772e+04
3.282220e+04 3.270656e+04
3.247697e+04 3.237484e+04
3.206594e+04 3.190547e+04
3.161723e+04 3.146395e+04
3.108190e+04 3.094253e+04
3.066158e+04 3.055128e+04
3.025892e+04 3.012742e+04
2.983897e+04 2.975225e+04
2.935813e+04 2.924565e+04
2.892659e+04 2.882129e+04
2.847861e+04 2.839944e+04
2.803759e+04 2.796858e+04
2.774532e+04 2.768319e+04
2.744441e+04 2.737878e+04
2.706219e+04 2.699873e+04
2.668645e+04 2.663694e+04
2.625984e+04 2.621227e+04
2.588105e+04 2.582922e+04
2.541044e+04 2.536256e+04
2.494921e+04 2.490229e+04
2.448385e+04 2.443933e+04
2.388021e+04 2.381323e+04
2.332026e+04 2.327972e+04
2.264453e+04 2.258948e+04
2.196556e+04 2.193710e+04
2.133106e+04 2.130497e+04
2.048573e+04 2.046852e+04
1.987151e+04 1.986653e+04
1.900375e+04 1.900089e+04
1.732384e+04 1.732363e+04
