3.160891e+03 2.345483e+03
2.287109e+03 1.752237e+03
1.774723e+03 1.295182e+03
1.529476e+03 1.231058e+03
1.361408e+03 1.091803e+03
1.264485e+03 1.006530e+03
1.204216e+03 1.006530e+03
1.160553e+03 9.985919e+02
1.128252e+03 9.427445e+02
1.104379e+03 9.375839e+02
1.085220e+03 9.183372e+02
1.070678e+03 9.159271e+02
1.057936e+03 9.159271e+02
1.046649e+03 9.095539e+02
1.037385e+03 8.903564e+02
1.028195e+03 8.819987e+02
1.020346e+03 8.819987e+02
1.012892e+03 8.523338e+02
1.006600e+03 8.523338e+02
1.002196e+03 8.523338e+02
9.968594e+02 8.523338e+02
9.918794e+02 8.523338e+02
9.874357e+02 8.523338e+02
9.826105e+02 8.456099e+02
9.788807e+02 8.456099e+02
9.757528e+02 8.456099e+02
9.721800e+02 8.456099e+02
9.693337e+02 8.372958e+02
9.662119e+02 8.372958e+02
9.631073e+02 7.832496e+02
9.603667e+02 7.832496e+02
9.575763e+02 7.832496e+02
9.548481e+02 7.832496e+02
9.518649e+02 7.832496e+02
9.493490e+02 7.832496e+02
9.470317e+02 7.832496e+02
9.446962e+02 7.832496e+02
9.427049e+02 7.832496e+02
9.402584e+02 7.832496e+02
9.378975e+02 7.832496e+02
9.358575e+02 7.832496e+02
9.338407e+02 7.832496e+02
9.318085e+02 7.832496e+02
9.296548e+02 7.832496e+02
9.275801e+02 7.832496e+02
9.254673e+02 7.832496e+02
9.238992e+02 7.832496e+02
9.221331e+02 7.832496e+02
9.205294e+02 7.832496e+02
9.190891e+02 7.832496e+02
9.173249e+02 7.832496e+02
9.098045e+02 7.832496e+02
8.960877e+02 7.081256e+02
8.856258e+02 7.081256e+02
8.770469e+02 7.081256e+02
8.673121e+02 7.023992e+02
8.576614e+02 6.649060e+02
8.517196e+02 6.649060e+02
8.441814e+02 6.649060e+02
8.376236e+02 6.649060e+02
8.306049e+02 6.649060e+02
8.245181e+02 6.594558e+02
8.178554e+02 6.594558e+02
8.123789e+02 6.592065e+02
8.067533e+02 6.592065e+02
8.002667e+02 6.592065e+02
7.935047e+02 6.454396e+02
7.855202e+02 6.359498e+02
7.774493e+02 6.345661e+02
7.694185e+02 5.987581e+02
7.584666e+02 5.709173e+02
7.472515e+02 5.534565e+02
7.322875e+02 5.505120e+02
7.130050e+02 5.420335e+02
6.952925e+02 5.420335e+02
6.781651e+02 5.281707e+02
6.622010e+02 5.104226e+02
6.459501e+02 4.933540e+02
6.319637e+02 4.885868e+02
6.162068e+02 4.832597e+02
6.029098e+02 4.749250e+02
5.905672e+02 4.654153e+02
5.749321e+02 4.607416e+02
5.494660e+02 4.436707e+02
5.259054e+02 4.265582e+02
5.020942e+02 3.892429e+02
4.784273e+02 3.793834e+02
4.586664e+02 3.582592e+02
4.372891e+02 3.536073e+02
4.165231e+02 3.430841e+02
3.945931e+02 3.169023e+02
3.702980e+02 3.004295e+02
3.495521e+02 2.679586e+02
3.255494e+02 2.465737e+02
3.013850e+02 2.459934e+02
2.785723e+02 2.141133e+02
2.512304e+02 1.867501e+02
2.170363e+02 1.631856e+02
1.789590e+02 1.350309e+02
1.294159e+02 9.192480e+01
6.640500e+01 5.754480e+01
3.155591e+03 2.315410e+03
2.307453e+03 1.712585e+03
1.786437e+03 1.439278e+03
1.538563e+03 1.258773e+03
1.370192e+03 1.117360e+03
1.274027e+03 1.029370e+03
1.209869e+03 9.429064e+02
1.162983e+03 9.429064e+02
1.129652e+03 9.392188e+02
1.106167e+03 9.376923e+02
1.086736e+03 9.376923e+02
1.070801e+03 9.241966e+02
1.057010e+03 8.960835e+02
1.043445e+03 8.925001e+02
1.034230e+03 8.925001e+02
1.024693e+03 8.126157e+02
1.018077e+03 8.126157e+02
1.010879e+03 7.891378e+02
1.004196e+03 7.891378e+02
9.993507e+02 7.891378e+02
9.944197e+02 7.891378e+02
9.889633e+02 7.891378e+02
9.849099e+02 7.891378e+02
9.803091e+02 7.891378e+02
9.762345e+02 7.891378e+02
9.729649e+02 7.891378e+02
9.693973e+02 7.891378e+02
9.662088e+02 7.891378e+02
9.626549e+02 7.891378e+02
9.600758e+02 7.891378e+02
9.575380e+02 7.891378e+02
9.549341e+02 7.891378e+02
9.521266e+02 7.891378e+02
9.491611e+02 7.891378e+02
9.465836e+02 7.891378e+02
9.445195e+02 7.891378e+02
9.422896e+02 7.891378e+02
9.397860e+02 7.891378e+02
9.374115e+02 7.891378e+02
9.350281e+02 7.891378e+02
9.333060e+02 7.891378e+02
9.313880e+02 7.891378e+02
9.293023e+02 7.891378e+02
9.269180e+02 7.891378e+02
9.251152e+02 7.891378e+02
9.232279e+02 7.891378e+02
9.212084e+02 7.891378e+02
9.195941e+02 7.891378e+02
9.182164e+02 7.891378e+02
9.163219e+02 7.891378e+02
9.147913e+02 7.891378e+02
9.052548e+02 7.891378e+02
8.965745e+02 7.799091e+02
8.844877e+02 7.338104e+02
8.742064e+02 7.194777e+02
8.661434e+02 7.115607e+02
8.564181e+02 6.938980e+02
8.483818e+02 6.938980e+02
8.399465e+02 6.708143e+02
8.326056e+02 6.652045e+02
8.262547e+02 6.652045e+02
8.198300e+02 6.652045e+02
8.124207e+02 6.652045e+02
8.058904e+02 6.544121e+02
7.981934e+02 6.518898e+02
7.907823e+02 6.459858e+02
7.830753e+02 6.361766e+02
7.741841e+02 6.355476e+02
7.646818e+02 6.140053e+02
7.545865e+02 6.102534e+02
7.442875e+02 5.889179e+02
7.321543e+02 5.881946e+02
7.183360e+02 5.753059e+02
6.995541e+02 5.749547e+02
6.839175e+02 5.610061e+02
6.681479e+02 5.475395e+02
6.534908e+02 5.307913e+02
6.381049e+02 5.142639e+02
6.247603e+02 4.891577e+02
6.097134e+02 4.798277e+02
5.952935e+02 4.616080e+02
5.824588e+02 4.408461e+02
5.659621e+02 4.299110e+02
5.425537e+02 4.211275e+02
5.179383e+02 4.022001e+02
4.946968e+02 3.910712e+02
4.739739e+02 3.833893e+02
4.532631e+02 3.650848e+02
4.325659e+02 3.521260e+02
4.124136e+02 3.249248e+02
3.902480e+02 2.947550e+02
3.675698e+02 2.790710e+02
3.437223e+02 2.507432e+02
3.226567e+02 2.268182e+02
2.971630e+02 2.016515e+02
2.706899e+02 1.771728e+02
2.448878e+02 1.535580e+02
2.134696e+02 1.258993e+02
1.754951e+02 1.102513e+02
1.236149e+02 8.831143e+01
5.567668e+01 4.710747e+01
3.156098e+03 2.186558e+03
2.291410e+03 1.720444e+03
1.780388e+03 1.337707e+03
1.536367e+03 1.260822e+03
1.367530e+03 1.094647e+03
1.267701e+03 1.034247e+03
1.204722e+03 1.011487e+03
1.161901e+03 9.449719e+02
1.132560e+03 9.053597e+02
1.107401e+03 9.053597e+02
1.090445e+03 7.902604e+02
1.074891e+03 7.902604e+02
1.061599e+03 7.902604e+02
1.049602e+03 7.902604e+02
1.040508e+03 7.902604e+02
1.032485e+03 7.902604e+02
1.025829e+03 7.902604e+02
1.018618e+03 7.902604e+02
1.012282e+03 7.902604e+02
1.007230e+03 7.902604e+02
1.002160e+03 7.902604e+02
9.977041e+02 7.902604e+02
9.934846e+02 7.902604e+02
9.884689e+02 7.902604e+02
9.849740e+02 7.902604e+02
9.817500e+02 7.902604e+02
9.774501e+02 7.902604e+02
9.744273e+02 7.902604e+02
9.712167e+02 7.902604e+02
9.679632e+02 7.902604e+02
9.652882e+02 7.902604e+02
9.627248e+02 7.902604e+02
9.601382e+02 7.902604e+02
9.573555e+02 7.902604e+02
9.546849e+02 7.902604e+02
9.525778e+02 7.902604e+02
9.501694e+02 7.902604e+02
9.475085e+02 7.902604e+02
9.453157e+02 7.902604e+02
9.436038e+02 7.902604e+02
9.414124e+02 7.902604e+02
9.391639e+02 7.902604e+02
9.368632e+02 7.902604e+02
9.353848e+02 7.902604e+02
9.333015e+02 7.902604e+02
9.313667e+02 7.902604e+02
9.295146e+02 7.902604e+02
9.279544e+02 7.902604e+02
9.260414e+02 7.902604e+02
9.243099e+02 7.902604e+02
9.225186e+02 7.902604e+02
9.162074e+02 7.902604e+02
9.104876e+02 7.671981e+02
9.029422e+02 7.513264e+02
8.920906e+02 7.513264e+02
8.808486e+02 7.513264e+02
8.642488e+02 7.265677e+02
8.503055e+02 7.227030e+02
8.383404e+02 7.182727e+02
8.267343e+02 6.997321e+02
8.161027e+02 6.805767e+02
8.049435e+02 6.603160e+02
7.957206e+02 6.603160e+02
7.867074e+02 6.603160e+02
7.779597e+02 6.603160e+02
7.697919e+02 6.466156e+02
7.614136e+02 6.432077e+02
7.535675e+02 6.432077e+02
7.454673e+02 6.065238e+02
7.369314e+02 6.065238e+02
7.293714e+02 6.065238e+02
7.154138e+02 5.818709e+02
7.030322e+02 5.795654e+02
6.881906e+02 5.584654e+02
6.758786e+02 5.506540e+02
6.630269e+02 5.462208e+02
6.497494e+02 5.462208e+02
6.347108e+02 5.072574e+02
6.128070e+02 4.883886e+02
5.901444e+02 4.858680e+02
5.699719e+02 4.638490e+02
5.499559e+02 4.629536e+02
5.327305e+02 4.518131e+02
5.160870e+02 4.284787e+02
4.996543e+02 4.206084e+02
4.835802e+02 3.970198e+02
4.666213e+02 3.923560e+02
4.507463e+02 3.754039e+02
4.336195e+02 3.609743e+02
4.156810e+02 3.489948e+02
3.973369e+02 3.346210e+02
3.783196e+02 3.222538e+02
3.599687e+02 2.980075e+02
3.402487e+02 2.852652e+02
3.197547e+02 2.591446e+02
2.983911e+02 2.423882e+02
2.741856e+02 2.254646e+02
2.389799e+02 1.919319e+02
2.024126e+02 1.722663e+02
1.556640e+02 1.360778e+02
9.309725e+01 9.062343e+01
3.164588e+03 2.296402e+03
2.294684e+03 1.791012e+03
1.782297e+03 1.392200e+03
1.534982e+03 1.232051e+03
1.367317e+03 1.136893e+03
1.266385e+03 1.049732e+03
1.201226e+03 1.004284e+03
1.159709e+03 9.095810e+02
1.127016e+03 9.095810e+02
1.103569e+03 9.095810e+02
1.083481e+03 9.095810e+02
1.069099e+03 9.095810e+02
1.056809e+03 9.095810e+02
1.045090e+03 9.095810e+02
1.036749e+03 9.092567e+02
1.027727e+03 8.900817e+02
1.019821e+03 8.614340e+02
1.012633e+03 8.614340e+02
1.006807e+03 8.614340e+02
1.002598e+03 8.614340e+02
9.971461e+02 8.614340e+02
9.918328e+02 8.614340e+02
9.873124e+02 8.325376e+02
9.829362e+02 8.325376e+02
9.793771e+02 8.325376e+02
9.757362e+02 8.325376e+02
9.716989e+02 8.325376e+02
9.683857e+02 8.325376e+02
9.654156e+02 8.325376e+02
9.623610e+02 8.189039e+02
9.597515e+02 8.189039e+02
9.569899e+02 8.189039e+02
9.543951e+02 8.189039e+02
9.514035e+02 8.189039e+02
9.490630e+02 8.189039e+02
9.464664e+02 8.189039e+02
9.440924e+02 8.189039e+02
9.416155e+02 8.189039e+02
9.396200e+02 8.189039e+02
9.379625e+02 8.189039e+02
9.354891e+02 8.189039e+02
9.337784e+02 8.189039e+02
9.314248e+02 8.189039e+02
9.294268e+02 8.189039e+02
9.272877e+02 8.189039e+02
9.255135e+02 8.189039e+02
9.235838e+02 8.189039e+02
9.218432e+02 8.189039e+02
9.203202e+02 8.189039e+02
9.184865e+02 8.189039e+02
9.169178e+02 8.189039e+02
9.116745e+02 7.530006e+02
9.008316e+02 7.015041e+02
8.881281e+02 6.974601e+02
8.765854e+02 6.974601e+02
8.675917e+02 6.974601e+02
8.597422e+02 6.780977e+02
8.524656e+02 6.780977e+02
8.454571e+02 6.715632e+02
8.379864e+02 6.715632e+02
8.304359e+02 6.695768e+02
8.230171e+02 6.637102e+02
8.153180e+02 6.637102e+02
8.086355e+02 6.631920e+02
8.001077e+02 6.529958e+02
7.920900e+02 6.386479e+02
7.829840e+02 6.386479e+02
7.728884e+02 6.386479e+02
7.616852e+02 6.231723e+02
7.523719e+02 6.231723e+02
7.412207e+02 6.222028e+02
7.270424e+02 5.991580e+02
7.106500e+02 5.962072e+02
6.952035e+02 5.679638e+02
6.817138e+02 5.404062e+02
6.646056e+02 5.402741e+02
6.502570e+02 5.366977e+02
6.375456e+02 5.080284e+02
6.241194e+02 4.990953e+02
6.098538e+02 4.972514e+02
5.922864e+02 4.921768e+02
5.718619e+02 4.588983e+02
5.478174e+02 4.536737e+02
5.258764e+02 4.206877e+02
5.028625e+02 4.044296e+02
4.821494e+02 3.912111e+02
4.624539e+02 3.744054e+02
4.432039e+02 3.591591e+02
4.234340e+02 3.317957e+02
4.040928e+02 3.231699e+02
3.833408e+02 3.096342e+02
3.594282e+02 2.848024e+02
3.409361e+02 2.739811e+02
3.182110e+02 2.562167e+02
2.904070e+02 2.225977e+02
2.662618e+02 2.112774e+02
2.397601e+02 1.874907e+02
2.085083e+02 1.519977e+02
1.718052e+02 1.370977e+02
1.237427e+02 1.012250e+02
6.173460e+01 5.082045e+01
3.163678e+03 2.316442e+03
2.301481e+03 1.648276e+03
1.785966e+03 1.374760e+03
1.542728e+03 1.249643e+03
1.360995e+03 1.035817e+03
1.254726e+03 1.035817e+03
1.189708e+03 1.015990e+03
1.147631e+03 1.000392e+03
1.117432e+03 9.370865e+02
1.095876e+03 9.370865e+02
1.078033e+03 9.306969e+02
1.062894e+03 9.190006e+02
1.050046e+03 9.128192e+02
1.038841e+03 9.114825e+02
1.030883e+03 8.713976e+02
1.022531e+03 8.713976e+02
1.016183e+03 8.713976e+02
1.009725e+03 8.713976e+02
1.004213e+03 8.713976e+02
9.994051e+02 8.713976e+02
9.939592e+02 8.713976e+02
9.894598e+02 8.713976e+02
9.851807e+02 8.713976e+02
9.799214e+02 8.713976e+02
9.763026e+02 8.713976e+02
9.729764e+02 8.713976e+02
9.685193e+02 8.711025e+02
9.659153e+02 8.711025e+02
9.622683e+02 8.552880e+02
9.597064e+02 8.552880e+02
9.571092e+02 8.370303e+02
9.541406e+02 8.370303e+02
9.516433e+02 8.370303e+02
9.488910e+02 8.370303e+02
9.465310e+02 8.370303e+02
9.446681e+02 8.370303e+02
9.425407e+02 8.370303e+02
9.406513e+02 8.370303e+02
9.387020e+02 8.370303e+02
9.368301e+02 7.878935e+02
9.353136e+02 7.878935e+02
9.337044e+02 7.878935e+02
9.312212e+02 7.878935e+02
9.296989e+02 7.878935e+02
9.278023e+02 7.878935e+02
9.256927e+02 7.878935e+02
9.240245e+02 7.878935e+02
9.223702e+02 7.878935e+02
9.205873e+02 7.878935e+02
9.188536e+02 7.878935e+02
9.172571e+02 7.878935e+02
9.088849e+02 7.732587e+02
8.973205e+02 7.732587e+02
8.852999e+02 7.636742e+02
8.743645e+02 7.393205e+02
8.656043e+02 7.188467e+02
8.565832e+02 7.188467e+02
8.499403e+02 7.176679e+02
8.435635e+02 7.010270e+02
8.359302e+02 6.839460e+02
8.289076e+02 6.755153e+02
8.215940e+02 6.755153e+02
8.144838e+02 6.755153e+02
8.084780e+02 6.665759e+02
8.019460e+02 6.581024e+02
7.960764e+02 6.557904e+02
7.898573e+02 6.431193e+02
7.815225e+02 6.358291e+02
7.743677e+02 6.094222e+02
7.677584e+02 6.094222e+02
7.602338e+02 6.094222e+02
7.509154e+02 6.020609e+02
7.386454e+02 6.020609e+02
7.223480e+02 5.974237e+02
7.048962e+02 5.878044e+02
6.875074e+02 5.477248e+02
6.723250e+02 5.318915e+02
6.558142e+02 5.318915e+02
6.402027e+02 5.214454e+02
6.241056e+02 4.916920e+02
6.065143e+02 4.797520e+02
5.896376e+02 4.705493e+02
5.681219e+02 4.623544e+02
5.423629e+02 4.372915e+02
5.188441e+02 4.238240e+02
4.936827e+02 4.084238e+02
4.714428e+02 3.727962e+02
4.491187e+02 3.620688e+02
4.274824e+02 3.346754e+02
4.076200e+02 3.138709e+02
3.843285e+02 2.987303e+02
3.596184e+02 2.788471e+02
3.367245e+02 2.699914e+02
3.144596e+02 2.520608e+02
2.897758e+02 2.307979e+02
2.650381e+02 2.091026e+02
2.385614e+02 1.913828e+02
2.060037e+02 1.666776e+02
1.682047e+02 1.410501e+02
1.188274e+02 9.883933e+01
5.692720e+01 5.271230e+01
3.161444e+03 2.226260e+03
2.312060e+03 1.833019e+03
1.792046e+03 1.439132e+03
1.547029e+03 1.236545e+03
1.371037e+03 1.132591e+03
1.261159e+03 1.054600e+03
1.195087e+03 1.017383e+03
1.148405e+03 9.428448e+02
1.117510e+03 9.428448e+02
1.093704e+03 9.131765e+02
1.074762e+03 9.027633e+02
1.059988e+03 9.027633e+02
1.048881e+03 8.955563e+02
1.037312e+03 8.500685e+02
1.028280e+03 8.500685e+02
1.019254e+03 8.500685e+02
1.011889e+03 8.500685e+02
1.006106e+03 8.500685e+02
9.997925e+02 8.500685e+02
9.947364e+02 8.435870e+02
9.897224e+02 8.435870e+02
9.852911e+02 8.435870e+02
9.816655e+02 8.435870e+02
9.774520e+02 8.435870e+02
9.737623e+02 8.435870e+02
9.708753e+02 8.412975e+02
9.673176e+02 8.412975e+02
9.642883e+02 8.238795e+02
9.605793e+02 8.238795e+02
9.578607e+02 8.238795e+02
9.556900e+02 8.238795e+02
9.532820e+02 8.238795e+02
9.509671e+02 8.238795e+02
9.482333e+02 8.238795e+02
9.456250e+02 8.238795e+02
9.433216e+02 8.238795e+02
9.411212e+02 8.238795e+02
9.385991e+02 8.238795e+02
9.368703e+02 8.238795e+02
9.349621e+02 8.132333e+02
9.334553e+02 8.132333e+02
9.314254e+02 8.132333e+02
9.296338e+02 8.132333e+02
9.279104e+02 8.132333e+02
9.259506e+02 8.132333e+02
9.237163e+02 7.883303e+02
9.222227e+02 7.883303e+02
9.205116e+02 7.883303e+02
9.188235e+02 7.883303e+02
9.168881e+02 7.883303e+02
9.153695e+02 7.883303e+02
9.106568e+02 7.883303e+02
8.978751e+02 7.743594e+02
8.858206e+02 7.743594e+02
8.732931e+02 7.325486e+02
8.643387e+02 7.239375e+02
8.546307e+02 7.022945e+02
8.471738e+02 6.815669e+02
8.393848e+02 6.693622e+02
8.313833e+02 6.693622e+02
8.247102e+02 6.466696e+02
8.182622e+02 6.466696e+02
8.128356e+02 6.466696e+02
8.071931e+02 6.454993e+02
8.010630e+02 6.454993e+02
7.955224e+02 6.454613e+02
7.895309e+02 6.377006e+02
7.836175e+02 5.823269e+02
7.783093e+02 5.823269e+02
7.714829e+02 5.710610e+02
7.630309e+02 5.560211e+02
7.548695e+02 5.560211e+02
7.439168e+02 5.336801e+02
7.331268e+02 5.336801e+02
7.144150e+02 5.336801e+02
6.950770e+02 5.280280e+02
6.778229e+02 5.060780e+02
6.612273e+02 4.845841e+02
6.458915e+02 4.845281e+02
6.299143e+02 4.845281e+02
6.168275e+02 4.702565e+02
6.017097e+02 4.702565e+02
5.874295e+02 4.702565e+02
5.703554e+02 4.390849e+02
5.442933e+02 4.242567e+02
5.195115e+02 3.890119e+02
4.951431e+02 3.816728e+02
4.699061e+02 3.586614e+02
4.464756e+02 3.441420e+02
4.232057e+02 3.287784e+02
3.996529e+02 3.052656e+02
3.758719e+02 2.850670e+02
3.539817e+02 2.508215e+02
3.289784e+02 2.453705e+02
3.059177e+02 2.298095e+02
2.797852e+02 2.108497e+02
2.487986e+02 1.863863e+02
2.124193e+02 1.556681e+02
1.671910e+02 1.345754e+02
1.193688e+02 9.017157e+01
5.935030e+01 5.232900e+01
3.160144e+03 2.264630e+03
2.295265e+03 1.795156e+03
1.778464e+03 1.304484e+03
1.533663e+03 1.175268e+03
1.365487e+03 1.091034e+03
1.263247e+03 1.057473e+03
1.197294e+03 1.004970e+03
1.151306e+03 9.748609e+02
1.120872e+03 9.237406e+02
1.097743e+03 9.237406e+02
1.079347e+03 9.237406e+02
1.064201e+03 9.150143e+02
1.052305e+03 9.150143e+02
1.039739e+03 8.939072e+02
1.031545e+03 8.675472e+02
1.021764e+03 8.675472e+02
1.015046e+03 8.675472e+02
1.007571e+03 8.675472e+02
1.001652e+03 8.508687e+02
9.965638e+02 8.508687e+02
9.920168e+02 8.508687e+02
9.878902e+02 8.508687e+02
9.838178e+02 8.508687e+02
9.797481e+02 8.508687e+02
9.757360e+02 8.508687e+02
9.720176e+02 8.475161e+02
9.689074e+02 8.475161e+02
9.659689e+02 8.475161e+02
9.624466e+02 8.475161e+02
9.594664e+02 8.475161e+02
9.571437e+02 8.475161e+02
9.548572e+02 8.475161e+02
9.524777e+02 8.475161e+02
9.496245e+02 8.475161e+02
9.471773e+02 8.475161e+02
9.448005e+02 8.475161e+02
9.426668e+02 8.475161e+02
9.408714e+02 8.475161e+02
9.388895e+02 8.433891e+02
9.367056e+02 8.433891e+02
9.346060e+02 8.433891e+02
9.329052e+02 8.433891e+02
9.311672e+02 8.433891e+02
9.296147e+02 8.433891e+02
9.277280e+02 8.433891e+02
9.256615e+02 8.253090e+02
9.240292e+02 8.253090e+02
9.222614e+02 8.253090e+02
9.205168e+02 8.253090e+02
9.188137e+02 8.253090e+02
9.175220e+02 8.253090e+02
9.112888e+02 8.142248e+02
8.988783e+02 7.820335e+02
8.875203e+02 7.612442e+02
8.791516e+02 7.612442e+02
8.715446e+02 7.612442e+02
8.615557e+02 7.381089e+02
8.535950e+02 7.197821e+02
8.444058e+02 7.197821e+02
8.370596e+02 7.190846e+02
8.303691e+02 6.950257e+02
8.242991e+02 6.950257e+02
8.174477e+02 6.950257e+02
8.111119e+02 6.771376e+02
8.038768e+02 6.702700e+02
7.963406e+02 6.530246e+02
7.882201e+02 6.522919e+02
7.797779e+02 6.251581e+02
7.713475e+02 6.187643e+02
7.643584e+02 6.187643e+02
7.559288e+02 6.022869e+02
7.453079e+02 6.022869e+02
7.335618e+02 5.960215e+02
7.210320e+02 5.960215e+02
7.043852e+02 5.903602e+02
6.878545e+02 5.557653e+02
6.737595e+02 5.557653e+02
6.569742e+02 5.429086e+02
6.410064e+02 5.191492e+02
6.256509e+02 4.980611e+02
6.085929e+02 4.562835e+02
5.915130e+02 4.460985e+02
5.678698e+02 4.332342e+02
5.431025e+02 4.127231e+02
5.182530e+02 3.961806e+02
4.943209e+02 3.813506e+02
4.710481e+02 3.680396e+02
4.484129e+02 3.539712e+02
4.277181e+02 3.344342e+02
4.076479e+02 2.985309e+02
3.859875e+02 2.940864e+02
3.632322e+02 2.771958e+02
3.419072e+02 2.601523e+02
3.194237e+02 2.406168e+02
2.962659e+02 2.366470e+02
2.709568e+02 2.203873e+02
2.427301e+02 1.988288e+02
2.058854e+02 1.769999e+02
1.675067e+02 1.315057e+02
1.175282e+02 9.429262e+01
5.840308e+01 4.921179e+01
3.161287e+03 2.190272e+03
2.295918e+03 1.722905e+03
1.768156e+03 1.410043e+03
1.522198e+03 1.263853e+03
1.358109e+03 1.083002e+03
1.262727e+03 9.819453e+02
1.199782e+03 9.819453e+02
1.157766e+03 9.637380e+02
1.126306e+03 9.515934e+02
1.103254e+03 9.295690e+02
1.084017e+03 9.295690e+02
1.069414e+03 9.050321e+02
1.057991e+03 9.050321e+02
1.045798e+03 9.005939e+02
1.036513e+03 8.620981e+02
1.027290e+03 8.620981e+02
1.020593e+03 8.620981e+02
1.013313e+03 8.521573e+02
1.007216e+03 8.521573e+02
1.002107e+03 8.521573e+02
9.958889e+02 8.521573e+02
9.915596e+02 8.521573e+02
9.870175e+02 8.521573e+02
9.829113e+02 8.521573e+02
9.794932e+02 8.521573e+02
9.757916e+02 8.521573e+02
9.721560e+02 8.521573e+02
9.688172e+02 8.481888e+02
9.659589e+02 8.481888e+02
9.631889e+02 8.481888e+02
9.607875e+02 8.481888e+02
9.574493e+02 8.481888e+02
9.544936e+02 8.481888e+02
9.518207e+02 8.481888e+02
9.496557e+02 8.481888e+02
9.471280e+02 8.353309e+02
9.444575e+02 8.353309e+02
9.422718e+02 8.353309e+02
9.402390e+02 8.353309e+02
9.381207e+02 8.353309e+02
9.362089e+02 8.353309e+02
9.340372e+02 8.353309e+02
9.319517e+02 8.353309e+02
9.301869e+02 8.353309e+02
9.280335e+02 8.353309e+02
9.261125e+02 8.353309e+02
9.240545e+02 8.078449e+02
9.216392e+02 8.078449e+02
9.204209e+02 8.078449e+02
9.187286e+02 8.078449e+02
9.173533e+02 8.078449e+02
9.129659e+02 8.078449e+02
9.012341e+02 7.888486e+02
8.873910e+02 7.546571e+02
8.773810e+02 7.546571e+02
8.678618e+02 6.968141e+02
8.606654e+02 6.968141e+02
8.537934e+02 6.968141e+02
8.448026e+02 6.968141e+02
8.364104e+02 6.968141e+02
8.294068e+02 6.566922e+02
8.221934e+02 6.564600e+02
8.138139e+02 6.491232e+02
8.069965e+02 6.491232e+02
7.991034e+02 6.309640e+02
7.906122e+02 6.293047e+02
7.827107e+02 6.293047e+02
7.736345e+02 6.106925e+02
7.655206e+02 6.106925e+02
7.566191e+02 5.851633e+02
7.417960e+02 5.851633e+02
7.260500e+02 5.718235e+02
7.103398e+02 5.666370e+02
6.929134e+02 5.623717e+02
6.785101e+02 5.276589e+02
6.637924e+02 5.232923e+02
6.505800e+02 5.151381e+02
6.364926e+02 5.111976e+02
6.211384e+02 5.111976e+02
6.072752e+02 5.111976e+02
5.937080e+02 5.037635e+02
5.813663e+02 4.887676e+02
5.667044e+02 4.790520e+02
5.501494e+02 4.589277e+02
5.269189e+02 4.343447e+02
5.038255e+02 3.799782e+02
4.824363e+02 3.796077e+02
4.618194e+02 3.639131e+02
4.415277e+02 3.351468e+02
4.220454e+02 3.271968e+02
4.001430e+02 2.887462e+02
3.796400e+02 2.788118e+02
3.575787e+02 2.708006e+02
3.337069e+02 2.584956e+02
3.101988e+02 2.437461e+02
2.850315e+02 2.287281e+02
2.543327e+02 1.985291e+02
2.245625e+02 1.836768e+02
1.836517e+02 1.458672e+02
1.274299e+02 9.895613e+01
5.782063e+01 5.314332e+01
3.159779e+03 2.196884e+03
2.301723e+03 1.753904e+03
1.789251e+03 1.399525e+03
1.552217e+03 1.250823e+03
1.381951e+03 1.181196e+03
1.276857e+03 1.033048e+03
1.209280e+03 1.021197e+03
1.162973e+03 9.689600e+02
1.127302e+03 9.591081e+02
1.103732e+03 8.985841e+02
1.084483e+03 8.985841e+02
1.067723e+03 8.985841e+02
1.055925e+03 8.985841e+02
1.043725e+03 8.985841e+02
1.033627e+03 8.985841e+02
1.025288e+03 8.800052e+02
1.018522e+03 8.800052e+02
1.012126e+03 8.659984e+02
1.006144e+03 8.659984e+02
1.001101e+03 8.659984e+02
9.951686e+02 8.406768e+02
9.908545e+02 8.406768e+02
9.863539e+02 8.406768e+02
9.820124e+02 8.406768e+02
9.782519e+02 8.406768e+02
9.750305e+02 8.358731e+02
9.712043e+02 8.358731e+02
9.681296e+02 8.358731e+02
9.651978e+02 8.293333e+02
9.622838e+02 8.293333e+02
9.595689e+02 8.293333e+02
9.562992e+02 8.293333e+02
9.535364e+02 8.293333e+02
9.509273e+02 8.293333e+02
9.489501e+02 8.293333e+02
9.465044e+02 8.293333e+02
9.442298e+02 8.293333e+02
9.416872e+02 8.285418e+02
9.390415e+02 8.285418e+02
9.369749e+02 8.280683e+02
9.346817e+02 8.280683e+02
9.324490e+02 8.224548e+02
9.306708e+02 8.224548e+02
9.285757e+02 8.224548e+02
9.266623e+02 8.224548e+02
9.245255e+02 8.102730e+02
9.230665e+02 8.102730e+02
9.216188e+02 8.102730e+02
9.197000e+02 8.102730e+02
9.181096e+02 8.102730e+02
9.165199e+02 7.845756e+02
9.120835e+02 7.845756e+02
9.036421e+02 7.399395e+02
8.912258e+02 7.399395e+02
8.785944e+02 7.341984e+02
8.692737e+02 7.329366e+02
8.615895e+02 7.329366e+02
8.552704e+02 7.258218e+02
8.483838e+02 7.150592e+02
8.420619e+02 7.092028e+02
8.351187e+02 6.562649e+02
8.278811e+02 6.436357e+02
8.221264e+02 6.436357e+02
8.161179e+02 6.347473e+02
8.093823e+02 6.347473e+02
8.041753e+02 6.347473e+02
7.974612e+02 6.347473e+02
7.903426e+02 6.334198e+02
7.832099e+02 6.212155e+02
7.768465e+02 5.930990e+02
7.683007e+02 5.897594e+02
7.584430e+02 5.643351e+02
7.463944e+02 5.643351e+02
7.338344e+02 5.629370e+02
7.163994e+02 5.629370e+02
6.957099e+02 5.605381e+02
6.782758e+02 5.391386e+02
6.602584e+02 5.391386e+02
6.431450e+02 5.165379e+02
6.273240e+02 5.055859e+02
6.107121e+02 4.513578e+02
5.966420e+02 4.390470e+02
5.790664e+02 4.358269e+02
5.577983e+02 4.302642e+02
5.347432e+02 4.027739e+02
5.078605e+02 4.003565e+02
4.826790e+02 3.836440e+02
4.596501e+02 3.506810e+02
4.371125e+02 3.161793e+02
4.154896e+02 2.915456e+02
3.930590e+02 2.860866e+02
3.679960e+02 2.719042e+02
3.494002e+02 2.662573e+02
3.239273e+02 2.286026e+02
2.982051e+02 2.102040e+02
2.689840e+02 1.885626e+02
2.398472e+02 1.719840e+02
2.068192e+02 1.384293e+02
1.702626e+02 1.182878e+02
1.205877e+02 8.569973e+01
5.461782e+01 4.765344e+01
3.157051e+03 2.206568e+03
2.297463e+03 1.662443e+03
1.777492e+03 1.318637e+03
1.543722e+03 1.233680e+03
1.371074e+03 1.121389e+03
1.267606e+03 1.054761e+03
1.202998e+03 9.705114e+02
1.160498e+03 9.705114e+02
1.129645e+03 9.586722e+02
1.104380e+03 9.162053e+02
1.084918e+03 9.133989e+02
1.069130e+03 9.058294e+02
1.057234e+03 9.058294e+02
1.044317e+03 9.058294e+02
1.035305e+03 9.058294e+02
1.025910e+03 8.925253e+02
1.018983e+03 8.723459e+02
1.011899e+03 8.698939e+02
1.005184e+03 8.698939e+02
1.000662e+03 8.698939e+02
9.946364e+02 8.467445e+02
9.899592e+02 8.467445e+02
9.858290e+02 8.467445e+02
9.817799e+02 8.049705e+02
9.777528e+02 8.049705e+02
9.744302e+02 8.049705e+02
9.705161e+02 8.049705e+02
9.674821e+02 8.049705e+02
9.640375e+02 8.049705e+02
9.608643e+02 8.049705e+02
9.582116e+02 8.049705e+02
9.553980e+02 8.049705e+02
9.528948e+02 8.049705e+02
9.498512e+02 8.049705e+02
9.475314e+02 8.049705e+02
9.455377e+02 8.049705e+02
9.431602e+02 8.049705e+02
9.409123e+02 8.049705e+02
9.387142e+02 8.049705e+02
9.365974e+02 7.828750e+02
9.344143e+02 7.828750e+02
9.325449e+02 7.828750e+02
9.302527e+02 7.828750e+02
9.285883e+02 7.828750e+02
9.269636e+02 7.828750e+02
9.251186e+02 7.828750e+02
9.231527e+02 7.828750e+02
9.215528e+02 7.828750e+02
9.199817e+02 7.828750e+02
9.182602e+02 7.828750e+02
9.166133e+02 7.828750e+02
9.126675e+02 7.828750e+02
9.022392e+02 7.828750e+02
8.882810e+02 7.552517e+02
8.753680e+02 7.243436e+02
8.657984e+02 7.243436e+02
8.571301e+02 7.060717e+02
8.504588e+02 6.917219e+02
8.441720e+02 6.917219e+02
8.373081e+02 6.917219e+02
8.312074e+02 6.858770e+02
8.256970e+02 6.783739e+02
8.183939e+02 6.570452e+02
8.122209e+02 6.570452e+02
8.046161e+02 6.570452e+02
7.975002e+02 6.241954e+02
7.901370e+02 6.082508e+02
7.830580e+02 5.730940e+02
7.756262e+02 5.670818e+02
7.675504e+02 5.587702e+02
7.587555e+02 5.572933e+02
7.501751e+02 5.552465e+02
7.419634e+02 5.398537e+02
7.295631e+02 5.390616e+02
7.180592e+02 5.368484e+02
7.002500e+02 5.089268e+02
6.810258e+02 5.001805e+02
6.592120e+02 4.649528e+02
6.391153e+02 4.553933e+02
6.204633e+02 4.530987e+02
5.904377e+02 4.439152e+02
5.644506e+02 4.348255e+02
5.382929e+02 4.193242e+02
5.157757e+02 3.824712e+02
4.942833e+02 3.691566e+02
4.724453e+02 3.619576e+02
4.510552e+02 3.318592e+02
4.307517e+02 3.127854e+02
4.110443e+02 3.064342e+02
3.899091e+02 2.841712e+02
3.700411e+02 2.791543e+02
3.491206e+02 2.577837e+02
3.281395e+02 2.385945e+02
3.049364e+02 2.181515e+02
2.814484e+02 2.032864e+02
2.560471e+02 1.771249e+02
2.299550e+02 1.567065e+02
1.935136e+02 1.416303e+02
1.550282e+02 1.199657e+02
1.054832e+02 8.177250e+01
5.537946e+01 4.896193e+01
3.159334e+03 2.353728e+03
2.325520e+03 1.730929e+03
1.810021e+03 1.356148e+03
1.556711e+03 1.244502e+03
1.372469e+03 1.137881e+03
1.264692e+03 1.030538e+03
1.196554e+03 9.954625e+02
1.151115e+03 9.109366e+02
1.120699e+03 9.109366e+02
1.099331e+03 9.109366e+02
1.081650e+03 8.777037e+02
1.065662e+03 8.777037e+02
1.053233e+03 8.777037e+02
1.041614e+03 8.777037e+02
1.031370e+03 8.754624e+02
1.022437e+03 8.754624e+02
1.015578e+03 8.730665e+02
1.008008e+03 8.730665e+02
1.002342e+03 8.730665e+02
9.976476e+02 8.730665e+02
9.920552e+02 8.730665e+02
9.872582e+02 8.730665e+02
9.831225e+02 8.730665e+02
9.789500e+02 8.714608e+02
9.751219e+02 8.633533e+02
9.716690e+02 8.633533e+02
9.685303e+02 8.633533e+02
9.654317e+02 8.553398e+02
9.620255e+02 8.553398e+02
9.590128e+02 8.196659e+02
9.566863e+02 8.196659e+02
9.540771e+02 8.196659e+02
9.514406e+02 8.196659e+02
9.484201e+02 8.196659e+02
9.461188e+02 8.196659e+02
9.441009e+02 8.196659e+02
9.417904e+02 8.196659e+02
9.396940e+02 8.196659e+02
9.377187e+02 8.196659e+02
9.354843e+02 8.196659e+02
9.334821e+02 8.196659e+02
9.313680e+02 8.196659e+02
9.290839e+02 8.196659e+02
9.270126e+02 8.196659e+02
9.254785e+02 8.196659e+02
9.236056e+02 7.926618e+02
9.220002e+02 7.926618e+02
9.203292e+02 7.926618e+02
9.190200e+02 7.926618e+02
9.176842e+02 7.926618e+02
9.162628e+02 7.926618e+02
9.090579e+02 7.926618e+02
8.948723e+02 7.511217e+02
8.839628e+02 7.511217e+02
8.728137e+02 7.177240e+02
8.644465e+02 7.156696e+02
8.564271e+02 7.156696e+02
8.487713e+02 7.156696e+02
8.419642e+02 7.156696e+02
8.345383e+02 7.036123e+02
8.273070e+02 6.936567e+02
8.203600e+02 6.930159e+02
8.121148e+02 6.798714e+02
8.043385e+02 6.726020e+02
7.957759e+02 6.569272e+02
7.871023e+02 6.545811e+02
7.761770e+02 6.432967e+02
7.674937e+02 6.432967e+02
7.570857e+02 6.232021e+02
7.444774e+02 6.121717e+02
7.273018e+02 5.915507e+02
7.097077e+02 5.757370e+02
6.949510e+02 5.633704e+02
6.800345e+02 5.566829e+02
6.675278e+02 5.485340e+02
6.525819e+02 5.068993e+02
6.385989e+02 4.941605e+02
6.247196e+02 4.941605e+02
6.105259e+02 4.766751e+02
5.959696e+02 4.680074e+02
5.743544e+02 4.607710e+02
5.523204e+02 4.261838e+02
5.305344e+02 4.139968e+02
5.122544e+02 4.067603e+02
4.933115e+02 3.976171e+02
4.731196e+02 3.895438e+02
4.534020e+02 3.557173e+02
4.332622e+02 3.406458e+02
4.152390e+02 3.261896e+02
3.965446e+02 3.137859e+02
3.767034e+02 2.911008e+02
3.568354e+02 2.880512e+02
3.371772e+02 2.643143e+02
3.160842e+02 2.542797e+02
2.948885e+02 2.461076e+02
2.729578e+02 2.177396e+02
2.457795e+02 2.048420e+02
2.135902e+02 1.706142e+02
1.742306e+02 1.432878e+02
1.312330e+02 1.037135e+02
6.166987e+01 5.283434e+01
3.157694e+03 2.254164e+03
2.288414e+03 1.727846e+03
1.766431e+03 1.372494e+03
1.526404e+03 1.218996e+03
1.358366e+03 9.964748e+02
1.262298e+03 9.964748e+02
1.199483e+03 9.964748e+02
1.157396e+03 9.880279e+02
1.128646e+03 9.464150e+02
1.105498e+03 8.924747e+02
1.088978e+03 8.924747e+02
1.072630e+03 8.924747e+02
1.059774e+03 8.924747e+02
1.047459e+03 8.632084e+02
1.038946e+03 8.629084e+02
1.029738e+03 8.629084e+02
1.022624e+03 8.629084e+02
1.015013e+03 8.161299e+02
1.007155e+03 8.161299e+02
1.002250e+03 8.161299e+02
9.973653e+02 8.161299e+02
9.922977e+02 7.944273e+02
9.879460e+02 7.944273e+02
9.838271e+02 7.944273e+02
9.802593e+02 7.944273e+02
9.768770e+02 7.944273e+02
9.730965e+02 7.944273e+02
9.697980e+02 7.944273e+02
9.663999e+02 7.944273e+02
9.630759e+02 7.944273e+02
9.607791e+02 7.944273e+02
9.580686e+02 7.944273e+02
9.562799e+02 7.944273e+02
9.532071e+02 7.944273e+02
9.511431e+02 7.944273e+02
9.487941e+02 7.944273e+02
9.461958e+02 7.944273e+02
9.442135e+02 7.944273e+02
9.422906e+02 7.944273e+02
9.398143e+02 7.944273e+02
9.375338e+02 7.944273e+02
9.356144e+02 7.944273e+02
9.330909e+02 7.944273e+02
9.314931e+02 7.944273e+02
9.297634e+02 7.944273e+02
9.278357e+02 7.944273e+02
9.259945e+02 7.944273e+02
9.243732e+02 7.944273e+02
9.224586e+02 7.944273e+02
9.209817e+02 7.944273e+02
9.192913e+02 7.944273e+02
9.141706e+02 7.883595e+02
9.016825e+02 7.772679e+02
8.887076e+02 7.772679e+02
8.774919e+02 7.410926e+02
8.683939e+02 7.410926e+02
8.596645e+02 6.799531e+02
8.504298e+02 6.676887e+02
8.414338e+02 6.676887e+02
8.347031e+02 6.676887e+02
8.281678e+02 6.676887e+02
8.205303e+02 6.670078e+02
8.119315e+02 6.639940e+02
8.054732e+02 6.281016e+02
7.983292e+02 6.281016e+02
7.914055e+02 6.265988e+02
7.846693e+02 6.134502e+02
7.764055e+02 6.134502e+02
7.679792e+02 6.112844e+02
7.582890e+02 6.112844e+02
7.462130e+02 5.934671e+02
7.271872e+02 5.850213e+02
7.110867e+02 5.678755e+02
6.945926e+02 5.477373e+02
6.800633e+02 5.351599e+02
6.634055e+02 5.154092e+02
6.495451e+02 5.152100e+02
6.350824e+02 5.028501e+02
6.181015e+02 4.927657e+02
5.988961e+02 4.721872e+02
5.815818e+02 4.626955e+02
5.614290e+02 4.256109e+02
5.388882e+02 4.087196e+02
5.181305e+02 4.035441e+02
4.992457e+02 4.035441e+02
4.786074e+02 3.642880e+02
4.577066e+02 3.559420e+02
4.395042e+02 3.497368e+02
4.206589e+02 3.394429e+02
4.024061e+02 3.294242e+02
3.838804e+02 3.141578e+02
3.643635e+02 2.829794e+02
3.438765e+02 2.744484e+02
3.203572e+02 2.502631e+02
2.971623e+02 2.359051e+02
2.721168e+02 2.129675e+02
2.433789e+02 1.948025e+02
2.086858e+02 1.696954e+02
1.689645e+02 1.437653e+02
1.233265e+02 9.476901e+01
6.222685e+01 5.272054e+01
3.151712e+03 2.274171e+03
2.304135e+03 1.681408e+03
1.800245e+03 1.434323e+03
1.557700e+03 1.165050e+03
1.382730e+03 1.140233e+03
1.279965e+03 1.007435e+03
1.217762e+03 1.007435e+03
1.174138e+03 9.919886e+02
1.143619e+03 9.793620e+02
1.116961e+03 9.291022e+02
1.096169e+03 9.291022e+02
1.079270e+03 9.085348e+02
1.066498e+03 9.085348e+02
1.054396e+03 8.979385e+02
1.043952e+03 8.979385e+02
1.034641e+03 8.979385e+02
1.028222e+03 8.979385e+02
1.020153e+03 8.979385e+02
1.012791e+03 8.947493e+02
1.007687e+03 8.533943e+02
1.002346e+03 8.533943e+02
9.967536e+02 8.533943e+02
9.917287e+02 8.533943e+02
9.870206e+02 8.533943e+02
9.825154e+02 8.405546e+02
9.787396e+02 8.405546e+02
9.748929e+02 8.405546e+02
9.717607e+02 8.405546e+02
9.685904e+02 8.405546e+02
9.652780e+02 7.473210e+02
9.626221e+02 7.473210e+02
9.598644e+02 7.473210e+02
9.569006e+02 7.473210e+02
9.539890e+02 7.473210e+02
9.517184e+02 7.473210e+02
9.493293e+02 7.473210e+02
9.465189e+02 7.473210e+02
9.439551e+02 7.473210e+02
9.411676e+02 7.473210e+02
9.385532e+02 7.473210e+02
9.367624e+02 7.473210e+02
9.345115e+02 7.473210e+02
9.324640e+02 7.473210e+02
9.305981e+02 7.473210e+02
9.283852e+02 7.473210e+02
9.262849e+02 7.473210e+02
9.243099e+02 7.473210e+02
9.223086e+02 7.473210e+02
9.209752e+02 7.473210e+02
9.191406e+02 7.473210e+02
9.175674e+02 7.473210e+02
9.071148e+02 7.428910e+02
8.928753e+02 7.404224e+02
8.829010e+02 7.333936e+02
8.739104e+02 7.072727e+02
8.650539e+02 7.072727e+02
8.545409e+02 7.070239e+02
8.476545e+02 7.070239e+02
8.408352e+02 7.070239e+02
8.322400e+02 7.000960e+02
8.257982e+02 7.000960e+02
8.176417e+02 7.000960e+02
8.090184e+02 6.877472e+02
8.023125e+02 6.764428e+02
7.945783e+02 6.458215e+02
7.867348e+02 6.458215e+02
7.782534e+02 6.334150e+02
7.704182e+02 6.334150e+02
7.622984e+02 6.160605e+02
7.526337e+02 5.804140e+02
7.411856e+02 5.804140e+02
7.256029e+02 5.804140e+02
7.091299e+02 5.523152e+02
6.920185e+02 5.388124e+02
6.763563e+02 5.234172e+02
6.616222e+02 5.234172e+02
6.485405e+02 5.234172e+02
6.358549e+02 5.229941e+02
6.232400e+02 5.149745e+02
6.098302e+02 5.110742e+02
5.912964e+02 4.890016e+02
5.663544e+02 4.508877e+02
5.420916e+02 4.336715e+02
5.208939e+02 4.287544e+02
5.007662e+02 4.009780e+02
4.786436e+02 3.785917e+02
4.590250e+02 3.511181e+02
4.385783e+02 3.388280e+02
4.174809e+02 3.298016e+02
3.978007e+02 3.205157e+02
3.781660e+02 3.031488e+02
3.587233e+02 2.846437e+02
3.393421e+02 2.713110e+02
3.186550e+02 2.643787e+02
2.965176e+02 2.333771e+02
2.707879e+02 1.975341e+02
2.396413e+02 1.861671e+02
2.108351e+02 1.682233e+02
1.751708e+02 1.456266e+02
1.275692e+02 1.140490e+02
7.070911e+01 6.401654e+01
3.165183e+03 2.269403e+03
2.310407e+03 1.720006e+03
1.778987e+03 1.405364e+03
1.539799e+03 1.286508e+03
1.364072e+03 1.041514e+03
1.262300e+03 1.012513e+03
1.201699e+03 1.012513e+03
1.157982e+03 9.529292e+02
1.127553e+03 9.529292e+02
1.103759e+03 9.303481e+02
1.084594e+03 9.303481e+02
1.068683e+03 8.900512e+02
1.056356e+03 8.900512e+02
1.044234e+03 8.900512e+02
1.035761e+03 8.705777e+02
1.028356e+03 8.705777e+02
1.021230e+03 8.705777e+02
1.014309e+03 8.705777e+02
1.008643e+03 8.705777e+02
1.003952e+03 8.705777e+02
9.981773e+02 8.705777e+02
9.934449e+02 8.705777e+02
9.883051e+02 8.705777e+02
9.833953e+02 8.705777e+02
9.791155e+02 8.705777e+02
9.753268e+02 8.353271e+02
9.717696e+02 8.353271e+02
9.689751e+02 8.353271e+02
9.653532e+02 8.353271e+02
9.618900e+02 8.353271e+02
9.592080e+02 8.353271e+02
9.561276e+02 8.353271e+02
9.534004e+02 8.317531e+02
9.502739e+02 8.317531e+02
9.476062e+02 8.317531e+02
9.446976e+02 8.317531e+02
9.419590e+02 8.317531e+02
9.387856e+02 8.317531e+02
9.369739e+02 8.317531e+02
9.352134e+02 8.317531e+02
9.334517e+02 8.317531e+02
9.312399e+02 8.317531e+02
9.289375e+02 8.317531e+02
9.272285e+02 8.285700e+02
9.254395e+02 8.285700e+02
9.234486e+02 8.023755e+02
9.219382e+02 7.910127e+02
9.202061e+02 7.910127e+02
9.182301e+02 7.910127e+02
9.167491e+02 7.910127e+02
9.151390e+02 7.910127e+02
9.086810e+02 7.599750e+02
8.974814e+02 7.599750e+02
8.869475e+02 7.210373e+02
8.775224e+02 7.210373e+02
8.683241e+02 7.148353e+02
8.593765e+02 7.148353e+02
8.517548e+02 7.086808e+02
8.445370e+02 7.086808e+02
8.370043e+02 7.028018e+02
8.302314e+02 7.028018e+02
8.232418e+02 6.429902e+02
8.169449e+02 6.266696e+02
8.101329e+02 6.266696e+02
8.038536e+02 6.257936e+02
7.987467e+02 6.257936e+02
7.924334e+02 6.257936e+02
7.849981e+02 6.133906e+02
7.781607e+02 6.133906e+02
7.708014e+02 6.133906e+02
7.629139e+02 5.876791e+02
7.544819e+02 5.870006e+02
7.446521e+02 5.711295e+02
7.318552e+02 5.706821e+02
7.132203e+02 5.572507e+02
6.951333e+02 5.501480e+02
6.767390e+02 5.437569e+02
6.582824e+02 5.350153e+02
6.403191e+02 5.301867e+02
6.245154e+02 5.037143e+02
6.071496e+02 5.037143e+02
5.897336e+02 4.717246e+02
5.637346e+02 4.390147e+02
5.376345e+02 3.999409e+02
5.134061e+02 3.877291e+02
4.904786e+02 3.820127e+02
4.686531e+02 3.624783e+02
4.477115e+02 3.608559e+02
4.266871e+02 3.411362e+02
4.053418e+02 3.259650e+02
3.849968e+02 3.094083e+02
3.639321e+02 2.805494e+02
3.437113e+02 2.677800e+02
3.212320e+02 2.365617e+02
2.970367e+02 2.277379e+02
2.728554e+02 2.009613e+02
2.452697e+02 1.773474e+02
2.117097e+02 1.534572e+02
1.732470e+02 1.289482e+02
1.228234e+02 8.741206e+01
5.964468e+01 5.447152e+01
3.165492e+03 2.285266e+03
2.290806e+03 1.784843e+03
1.770255e+03 1.423112e+03
1.531798e+03 1.222096e+03
1.368458e+03 1.071652e+03
1.269211e+03 9.910992e+02
1.203682e+03 9.910992e+02
1.160922e+03 9.569212e+02
1.129049e+03 9.437202e+02
1.105476e+03 9.290008e+02
1.085871e+03 9.210868e+02
1.071116e+03 9.124017e+02
1.058419e+03 8.910433e+02
1.045774e+03 8.910433e+02
1.036411e+03 8.910433e+02
1.027307e+03 8.878339e+02
1.020446e+03 8.878339e+02
1.014002e+03 8.878339e+02
1.007447e+03 8.778278e+02
1.001991e+03 8.778278e+02
9.969093e+02 8.174839e+02
9.916688e+02 8.174839e+02
9.870495e+02 8.174839e+02
9.815328e+02 8.174839e+02
9.772982e+02 8.174839e+02
9.739391e+02 8.174839e+02
9.702496e+02 8.174839e+02
9.672837e+02 8.174839e+02
9.640732e+02 8.174839e+02
9.612162e+02 8.174839e+02
9.588542e+02 8.174839e+02
9.563021e+02 8.174839e+02
9.540179e+02 8.174839e+02
9.512476e+02 8.174839e+02
9.492129e+02 8.174839e+02
9.473369e+02 8.174839e+02
9.455131e+02 8.174839e+02
9.436393e+02 8.174839e+02
9.417408e+02 8.174839e+02
9.397872e+02 8.174839e+02
9.377938e+02 8.174839e+02
9.356672e+02 7.925436e+02
9.332746e+02 7.925436e+02
9.316861e+02 7.925436e+02
9.297385e+02 7.925436e+02
9.277170e+02 7.925436e+02
9.258228e+02 7.925436e+02
9.238939e+02 7.925436e+02
9.225158e+02 7.762736e+02
9.203717e+02 7.762736e+02
9.186429e+02 7.762736e+02
9.140758e+02 7.762736e+02
9.022881e+02 7.626205e+02
8.894954e+02 7.561473e+02
8.786783e+02 7.391675e+02
8.695759e+02 7.391675e+02
8.632965e+02 7.274426e+02
8.560431e+02 7.092156e+02
8.474828e+02 7.063640e+02
8.394837e+02 7.063640e+02
8.317580e+02 7.048861e+02
8.240335e+02 7.006741e+02
8.174742e+02 6.940677e+02
8.107689e+02 6.433126e+02
8.045745e+02 6.433126e+02
7.986416e+02 6.299211e+02
7.915098e+02 6.247801e+02
7.844970e+02 6.247801e+02
7.775259e+02 6.221066e+02
7.712957e+02 6.087481e+02
7.617532e+02 5.971895e+02
7.509243e+02 5.971895e+02
7.387943e+02 5.914200e+02
7.184698e+02 5.686659e+02
7.011757e+02 5.686659e+02
6.840983e+02 5.622751e+02
6.692735e+02 5.622751e+02
6.533372e+02 5.457236e+02
6.390232e+02 5.365031e+02
6.187934e+02 4.982048e+02
5.964992e+02 4.858520e+02
5.728276e+02 4.709368e+02
5.476964e+02 4.539595e+02
5.261995e+02 4.116258e+02
5.063369e+02 4.073216e+02
4.844257e+02 4.044012e+02
4.645514e+02 3.888070e+02
4.424437e+02 3.638817e+02
4.216652e+02 3.531957e+02
4.019828e+02 3.274145e+02
3.811010e+02 3.082204e+02
3.611996e+02 2.938628e+02
3.402489e+02 2.636755e+02
3.190282e+02 2.527165e+02
2.964295e+02 2.104073e+02
2.717459e+02 2.022146e+02
2.433332e+02 1.752439e+02
2.110455e+02 1.634269e+02
1.735578e+02 1.461450e+02
1.246330e+02 9.297174e+01
5.985609e+01 4.997304e+01
3.164907e+03 2.318703e+03
2.290648e+03 1.727393e+03
1.771915e+03 1.406306e+03
1.531496e+03 1.233817e+03
1.365431e+03 1.137542e+03
1.261527e+03 1.018921e+03
1.198988e+03 1.005347e+03
1.156022e+03 9.441572e+02
1.124218e+03 9.441572e+02
1.100629e+03 9.404232e+02
1.081148e+03 8.731571e+02
1.064557e+03 8.731571e+02
1.051213e+03 8.731571e+02
1.039346e+03 8.731571e+02
1.030431e+03 8.712748e+02
1.021714e+03 8.712748e+02
1.014547e+03 8.712748e+02
1.007388e+03 7.964085e+02
1.000429e+03 7.964085e+02
9.951565e+02 7.964085e+02
9.900488e+02 7.964085e+02
9.857746e+02 7.964085e+02
9.814681e+02 7.964085e+02
9.770414e+02 7.964085e+02
9.731074e+02 7.964085e+02
9.697893e+02 7.964085e+02
9.662326e+02 7.964085e+02
9.637805e+02 7.964085e+02
9.603888e+02 7.964085e+02
9.575142e+02 7.964085e+02
9.554838e+02 7.964085e+02
9.529929e+02 7.964085e+02
9.498871e+02 7.964085e+02
9.473653e+02 7.964085e+02
9.447960e+02 7.964085e+02
9.426856e+02 7.964085e+02
9.405666e+02 7.964085e+02
9.381907e+02 7.964085e+02
9.362327e+02 7.964085e+02
9.343167e+02 7.964085e+02
9.326184e+02 7.964085e+02
9.308877e+02 7.964085e+02
9.286870e+02 7.964085e+02
9.267350e+02 7.964085e+02
9.246555e+02 7.964085e+02
9.229633e+02 7.964085e+02
9.210445e+02 7.964085e+02
9.192893e+02 7.964085e+02
9.176096e+02 7.964085e+02
9.156585e+02 7.964085e+02
9.139579e+02 7.964085e+02
9.077467e+02 7.958748e+02
8.949387e+02 7.644851e+02
8.809284e+02 7.644851e+02
8.694298e+02 7.401106e+02
8.605725e+02 7.253367e+02
8.515872e+02 7.253367e+02
8.453538e+02 7.064944e+02
8.374607e+02 7.064944e+02
8.299156e+02 7.036164e+02
8.230005e+02 6.813039e+02
8.163320e+02 6.709957e+02
8.098264e+02 6.616575e+02
8.044760e+02 6.616575e+02
7.989680e+02 6.616575e+02
7.924574e+02 6.525460e+02
7.856585e+02 6.377054e+02
7.781751e+02 6.377054e+02
7.707183e+02 6.377054e+02
7.632116e+02 6.370495e+02
7.543336e+02 6.143188e+02
7.448294e+02 6.143188e+02
7.287315e+02 6.045780e+02
7.106349e+02 5.592444e+02
6.952415e+02 5.529394e+02
6.796422e+02 5.529394e+02
6.641375e+02 5.512547e+02
6.503409e+02 5.463046e+02
6.346943e+02 5.248358e+02
6.184141e+02 5.199489e+02
6.043510e+02 5.028971e+02
5.895653e+02 4.976375e+02
5.657382e+02 4.834980e+02
5.417770e+02 4.609705e+02
5.196931e+02 4.232011e+02
4.975129e+02 4.057333e+02
4.750458e+02 3.768875e+02
4.538625e+02 3.546757e+02
4.333115e+02 3.436376e+02
4.124080e+02 3.192773e+02
3.910126e+02 2.981851e+02
3.701992e+02 2.896698e+02
3.489283e+02 2.719696e+02
3.254852e+02 2.641798e+02
2.990781e+02 2.249640e+02
2.739984e+02 2.150111e+02
2.472991e+02 1.961135e+02
2.147417e+02 1.773105e+02
1.763279e+02 1.490875e+02
1.245664e+02 8.688340e+01
6.681826e+01 6.232174e+01
3.144923e+03 2.250295e+03
2.291380e+03 1.742016e+03
1.776329e+03 1.418787e+03
1.540772e+03 1.216608e+03
1.378949e+03 1.126169e+03
1.273705e+03 1.023394e+03
1.206833e+03 1.022248e+03
1.163659e+03 9.841773e+02
1.133036e+03 9.209758e+02
1.108491e+03 9.209758e+02
1.088642e+03 9.209758e+02
1.072920e+03 9.103401e+02
1.060083e+03 9.070411e+02
1.047698e+03 9.011544e+02
1.037234e+03 8.860369e+02
1.027935e+03 8.860369e+02
1.020859e+03 8.584310e+02
1.013681e+03 8.584310e+02
1.006602e+03 8.584310e+02
1.001066e+03 8.584310e+02
9.957973e+02 8.584310e+02
9.912348e+02 8.525629e+02
9.866029e+02 8.525629e+02
9.814021e+02 8.525629e+02
9.774535e+02 8.498698e+02
9.744494e+02 8.432764e+02
9.709489e+02 8.432764e+02
9.679610e+02 8.432764e+02
9.649019e+02 8.168996e+02
9.612302e+02 7.975765e+02
9.589511e+02 7.975765e+02
9.565372e+02 7.975765e+02
9.539455e+02 7.975765e+02
9.510019e+02 7.975765e+02
9.488052e+02 7.975765e+02
9.466558e+02 7.975765e+02
9.440706e+02 7.975765e+02
9.420604e+02 7.975765e+02
9.401346e+02 7.975765e+02
9.379977e+02 7.975765e+02
9.359349e+02 7.975765e+02
9.336337e+02 7.975765e+02
9.309495e+02 7.975765e+02
9.290233e+02 7.975765e+02
9.271917e+02 7.975765e+02
9.256765e+02 7.975765e+02
9.241196e+02 7.975765e+02
9.221286e+02 7.975765e+02
9.206693e+02 7.975765e+02
9.187273e+02 7.975765e+02
9.172665e+02 7.975765e+02
9.118129e+02 7.907844e+02
9.012192e+02 7.835051e+02
8.874527e+02 7.350142e+02
8.783282e+02 7.350142e+02
8.688240e+02 7.263430e+02
8.602192e+02 7.263430e+02
8.526576e+02 7.072176e+02
8.443252e+02 7.072176e+02
8.371735e+02 7.072176e+02
8.303605e+02 7.072176e+02
8.236063e+02 6.889701e+02
8.159011e+02 6.889701e+02
8.090585e+02 6.658094e+02
8.018869e+02 6.658094e+02
7.948569e+02 6.658094e+02
7.872941e+02 6.488214e+02
7.793894e+02 6.379152e+02
7.705182e+02 6.379152e+02
7.595550e+02 6.278535e+02
7.510405e+02 6.201248e+02
7.419546e+02 6.012212e+02
7.319410e+02 5.923450e+02
7.161661e+02 5.576938e+02
6.985778e+02 5.534419e+02
6.793150e+02 5.442962e+02
6.629505e+02 5.253192e+02
6.472835e+02 5.199696e+02
6.328168e+02 5.125614e+02
6.178052e+02 5.038370e+02
6.030334e+02 4.911465e+02
5.847322e+02 4.737538e+02
5.577983e+02 4.646285e+02
5.318399e+02 4.321845e+02
5.099738e+02 3.749776e+02
4.881325e+02 3.611601e+02
4.654441e+02 3.498060e+02
4.443441e+02 3.358300e+02
4.231204e+02 3.170105e+02
4.025522e+02 3.020753e+02
3.816271e+02 2.961566e+02
3.602872e+02 2.674127e+02
3.385351e+02 2.659515e+02
3.165738e+02 2.540437e+02
2.897076e+02 2.402260e+02
2.622643e+02 2.228498e+02
2.357010e+02 1.947162e+02
2.051786e+02 1.635525e+02
1.687511e+02 1.341411e+02
1.233904e+02 9.917394e+01
6.206818e+01 5.398023e+01
3.172893e+03 2.292594e+03
2.309216e+03 1.676493e+03
1.785594e+03 1.380902e+03
1.542115e+03 1.200995e+03
1.368134e+03 1.125107e+03
1.265014e+03 1.006919e+03
1.200600e+03 9.990516e+02
1.159076e+03 9.568265e+02
1.128669e+03 9.463336e+02
1.106516e+03 9.246251e+02
1.087519e+03 9.073896e+02
1.070700e+03 8.900432e+02
1.058002e+03 8.900432e+02
1.045813e+03 8.072741e+02
1.037581e+03 8.072741e+02
1.029384e+03 8.072741e+02
1.022964e+03 8.072741e+02
1.014603e+03 8.072741e+02
1.008171e+03 8.072741e+02
1.003262e+03 8.072741e+02
9.973853e+02 8.072741e+02
9.923504e+02 8.072741e+02
9.884727e+02 8.072741e+02
9.842056e+02 8.072741e+02
9.808020e+02 8.072741e+02
9.776453e+02 8.072741e+02
9.739352e+02 8.072741e+02
9.707828e+02 8.072741e+02
9.673712e+02 8.072741e+02
9.639355e+02 8.072741e+02
9.612293e+02 8.072741e+02
9.583188e+02 8.072741e+02
9.555664e+02 8.072741e+02
9.524877e+02 8.031510e+02
9.500068e+02 8.031510e+02
9.474478e+02 8.031510e+02
9.444068e+02 8.031510e+02
9.411667e+02 8.031510e+02
9.386150e+02 8.031510e+02
9.363696e+02 7.946978e+02
9.340185e+02 7.946978e+02
9.320593e+02 7.946978e+02
9.297835e+02 7.946978e+02
9.277503e+02 7.946978e+02
9.257354e+02 7.946978e+02
9.237211e+02 7.946978e+02
9.219061e+02 7.946978e+02
9.199328e+02 7.946978e+02
9.177959e+02 7.946978e+02
9.163620e+02 7.946978e+02
9.143555e+02 7.946978e+02
9.043707e+02 7.904176e+02
8.918519e+02 7.276126e+02
8.805027e+02 7.051440e+02
8.712698e+02 7.051440e+02
8.630204e+02 7.051440e+02
8.545870e+02 6.897767e+02
8.482860e+02 6.897767e+02
8.415286e+02 6.897767e+02
8.337142e+02 6.897767e+02
8.267221e+02 6.897767e+02
8.189972e+02 6.731876e+02
8.116915e+02 6.687835e+02
8.047208e+02 6.687835e+02
7.954248e+02 6.687835e+02
7.876113e+02 6.621473e+02
7.795861e+02 6.428739e+02
7.723212e+02 6.165457e+02
7.653059e+02 6.164090e+02
7.598003e+02 6.164090e+02
7.537792e+02 6.164090e+02
7.453549e+02 6.028825e+02
7.355773e+02 5.872247e+02
7.256872e+02 5.803810e+02
7.075009e+02 5.501133e+02
6.896662e+02 5.181615e+02
6.709540e+02 5.161652e+02
6.533814e+02 5.161652e+02
6.388077e+02 5.059335e+02
6.239104e+02 5.010660e+02
6.094984e+02 4.728682e+02
5.914109e+02 4.604937e+02
5.707276e+02 4.471870e+02
5.456190e+02 4.320646e+02
5.206997e+02 4.087554e+02
4.955933e+02 3.719373e+02
4.711421e+02 3.448579e+02
4.476520e+02 3.258978e+02
4.244201e+02 2.962348e+02
4.036098e+02 2.929573e+02
3.835954e+02 2.888906e+02
3.613042e+02 2.754165e+02
3.386227e+02 2.591185e+02
3.133613e+02 2.462681e+02
2.900228e+02 1.877752e+02
2.622901e+02 1.695602e+02
2.358594e+02 1.395328e+02
2.028771e+02 1.338951e+02
1.647053e+02 1.213658e+02
1.095107e+02 8.990550e+01
5.944384e+01 5.202396e+01
3.158076e+03 2.274698e+03
2.306289e+03 1.751443e+03
1.788068e+03 1.394876e+03
1.543281e+03 1.249274e+03
1.369017e+03 1.097922e+03
1.269126e+03 1.044077e+03
1.206908e+03 1.029467e+03
1.166062e+03 9.450752e+02
1.133758e+03 9.450752e+02
1.107875e+03 9.315105e+02
1.088288e+03 9.280860e+02
1.072085e+03 9.180031e+02
1.058161e+03 9.180031e+02
1.044809e+03 9.011511e+02
1.034911e+03 8.873570e+02
1.025659e+03 8.705883e+02
1.018692e+03 8.705883e+02
1.011204e+03 8.695745e+02
1.005101e+03 8.695745e+02
9.998373e+02 8.695745e+02
9.943752e+02 8.679160e+02
9.889596e+02 8.162113e+02
9.843495e+02 8.162113e+02
9.791809e+02 8.162113e+02
9.750771e+02 8.162113e+02
9.711015e+02 8.162113e+02
9.668819e+02 8.162113e+02
9.633040e+02 8.162113e+02
9.594088e+02 7.914685e+02
9.561862e+02 7.914685e+02
9.536370e+02 7.914685e+02
9.502086e+02 7.914685e+02
9.475126e+02 7.914685e+02
9.450508e+02 7.914685e+02
9.428283e+02 7.914685e+02
9.406757e+02 7.914685e+02
9.384337e+02 7.914685e+02
9.357749e+02 7.914685e+02
9.334110e+02 7.914685e+02
9.310777e+02 7.914685e+02
9.290950e+02 7.914685e+02
9.273599e+02 7.914685e+02
9.255559e+02 7.914685e+02
9.236943e+02 7.914685e+02
9.216500e+02 7.914685e+02
9.199146e+02 7.914685e+02
9.182156e+02 7.914685e+02
9.162761e+02 7.914685e+02
9.146509e+02 7.914685e+02
9.128393e+02 7.914685e+02
9.110924e+02 7.914685e+02
9.044962e+02 7.588605e+02
8.920532e+02 7.401701e+02
8.812322e+02 7.401701e+02
8.708427e+02 7.378042e+02
8.615967e+02 7.346305e+02
8.532586e+02 7.223564e+02
8.460145e+02 7.223564e+02
8.376638e+02 7.024378e+02
8.291657e+02 6.948168e+02
8.214012e+02 6.886310e+02
8.143353e+02 6.850196e+02
8.058756e+02 6.831832e+02
7.988944e+02 6.637571e+02
7.911964e+02 6.637571e+02
7.840373e+02 6.538748e+02
7.780544e+02 6.416193e+02
7.708351e+02 6.136194e+02
7.639720e+02 6.060380e+02
7.577326e+02 6.052074e+02
7.494495e+02 5.863040e+02
7.401313e+02 5.796095e+02
7.311165e+02 5.796095e+02
7.206331e+02 5.497118e+02
7.104463e+02 5.497118e+02
6.943565e+02 5.304152e+02
6.760925e+02 5.236455e+02
6.576448e+02 4.950030e+02
6.409312e+02 4.939703e+02
6.245196e+02 4.829836e+02
6.098114e+02 4.761585e+02
5.941347e+02 4.691526e+02
5.774524e+02 4.511282e+02
5.595222e+02 4.482550e+02
5.353494e+02 4.322156e+02
5.101965e+02 4.150795e+02
4.857100e+02 3.949076e+02
4.633413e+02 3.569198e+02
4.396846e+02 3.467080e+02
4.166275e+02 3.308375e+02
3.923715e+02 3.120417e+02
3.672991e+02 2.786701e+02
3.441510e+02 2.551979e+02
3.173953e+02 2.282672e+02
2.909757e+02 2.083346e+02
2.625361e+02 1.994649e+02
2.334821e+02 1.839732e+02
1.971453e+02 1.468799e+02
1.601458e+02 1.269244e+02
1.153559e+02 8.976704e+01
6.435972e+01 5.564871e+01
3.152493e+03 2.363361e+03
2.297685e+03 1.601053e+03
1.771357e+03 1.391603e+03
1.521140e+03 1.231906e+03
1.354504e+03 1.036223e+03
1.257508e+03 9.560752e+02
1.196224e+03 9.560752e+02
1.155032e+03 9.518763e+02
1.123744e+03 9.518763e+02
1.100964e+03 8.783741e+02
1.083849e+03 8.783741e+02
1.068553e+03 8.783741e+02
1.055184e+03 8.783741e+02
1.042049e+03 8.783741e+02
1.032542e+03 8.783741e+02
1.024029e+03 8.783741e+02
1.017007e+03 8.783741e+02
1.010980e+03 8.783741e+02
1.004479e+03 8.750516e+02
9.995247e+02 8.736973e+02
9.946318e+02 8.379182e+02
9.901481e+02 8.379182e+02
9.856550e+02 8.379182e+02
9.804440e+02 8.379182e+02
9.768009e+02 8.379182e+02
9.739401e+02 8.379182e+02
9.699664e+02 8.315431e+02
9.668507e+02 8.315431e+02
9.635870e+02 8.315431e+02
9.606215e+02 8.315431e+02
9.582245e+02 8.315431e+02
9.555826e+02 8.315431e+02
9.531223e+02 8.315431e+02
9.501814e+02 8.315431e+02
9.475945e+02 8.315431e+02
9.453543e+02 8.315431e+02
9.430441e+02 8.315431e+02
9.407633e+02 8.315431e+02
9.388708e+02 8.315431e+02
9.364547e+02 8.044048e+02
9.339928e+02 8.044048e+02
9.319342e+02 8.044048e+02
9.297685e+02 8.044048e+02
9.280285e+02 8.044048e+02
9.263494e+02 8.044048e+02
9.247473e+02 8.044048e+02
9.231659e+02 8.044048e+02
9.216349e+02 8.044048e+02
9.198249e+02 8.044048e+02
9.185099e+02 8.044048e+02
9.166649e+02 8.044048e+02
9.080052e+02 7.808125e+02
8.980019e+02 7.748333e+02
8.886014e+02 7.588479e+02
8.789146e+02 7.580585e+02
8.669347e+02 7.113434e+02
8.565619e+02 6.945545e+02
8.500936e+02 6.945545e+02
8.425257e+02 6.945545e+02
8.346756e+02 6.945545e+02
8.280615e+02 6.945545e+02
8.222750e+02 6.945545e+02
8.162390e+02 6.657382e+02
8.097780e+02 6.653920e+02
8.028668e+02 6.653920e+02
7.961766e+02 6.290855e+02
7.882527e+02 6.150051e+02
7.806966e+02 6.142875e+02
7.726726e+02 6.076461e+02
7.634696e+02 6.076461e+02
7.536053e+02 6.076461e+02
7.424488e+02 5.986877e+02
7.297571e+02 5.986877e+02
7.125338e+02 5.619899e+02
6.953551e+02 5.619172e+02
6.780570e+02 5.450785e+02
6.608232e+02 5.411960e+02
6.438568e+02 5.249652e+02
6.292556e+02 5.040209e+02
6.147199e+02 4.932262e+02
5.991679e+02 4.841646e+02
5.826335e+02 4.818928e+02
5.593886e+02 4.494030e+02
5.358401e+02 4.324954e+02
5.137923e+02 4.171797e+02
4.909258e+02 3.963227e+02
4.680683e+02 3.744568e+02
4.468974e+02 3.631105e+02
4.240342e+02 3.430981e+02
4.028732e+02 3.063260e+02
3.819952e+02 2.944361e+02
3.600882e+02 2.796989e+02
3.383668e+02 2.656492e+02
3.162236e+02 2.466686e+02
2.930865e+02 2.221826e+02
2.695142e+02 2.131905e+02
2.430734e+02 1.906038e+02
2.146065e+02 1.586140e+02
1.816445e+02 1.415403e+02
1.303161e+02 1.019108e+02
6.551288e+01 5.590148e+01
3.153583e+03 2.282687e+03
2.290489e+03 1.691627e+03
1.785117e+03 1.282055e+03
1.543307e+03 1.156194e+03
1.362646e+03 1.091461e+03
1.259347e+03 1.032864e+03
1.196939e+03 1.032864e+03
1.153362e+03 9.689470e+02
1.125205e+03 9.689470e+02
1.103864e+03 9.379739e+02
1.085986e+03 9.379739e+02
1.072393e+03 9.224042e+02
1.060895e+03 9.053771e+02
1.049087e+03 8.738990e+02
1.040208e+03 8.738990e+02
1.031777e+03 8.738990e+02
1.024795e+03 8.738990e+02
1.018050e+03 8.551153e+02
1.012417e+03 8.551153e+02
1.007824e+03 8.551153e+02
1.001735e+03 8.465419e+02
9.964740e+02 8.465419e+02
9.919442e+02 8.465419e+02
9.878297e+02 8.465419e+02
9.844858e+02 8.465419e+02
9.806220e+02 8.465419e+02
9.769306e+02 8.465419e+02
9.736087e+02 8.263625e+02
9.705697e+02 8.263625e+02
9.671586e+02 8.263625e+02
9.644538e+02 8.263625e+02
9.617122e+02 8.263625e+02
9.589936e+02 8.263625e+02
9.558971e+02 8.263625e+02
9.531181e+02 8.263625e+02
9.506727e+02 8.263625e+02
9.479016e+02 8.263625e+02
9.459592e+02 8.074399e+02
9.438329e+02 8.074399e+02
9.420564e+02 8.074399e+02
9.396616e+02 8.074399e+02
9.381168e+02 8.074399e+02
9.358495e+02 8.074399e+02
9.338178e+02 8.074399e+02
9.321058e+02 8.074399e+02
9.304849e+02 8.074399e+02
9.286584e+02 8.074399e+02
9.268561e+02 8.074399e+02
9.255390e+02 8.074399e+02
9.237049e+02 8.074399e+02
9.218881e+02 8.074399e+02
9.145596e+02 7.814459e+02
9.013422e+02 7.708585e+02
8.908736e+02 7.426205e+02
8.812763e+02 7.426205e+02
8.712848e+02 7.239457e+02
8.611484e+02 6.940314e+02
8.528927e+02 6.940314e+02
8.455364e+02 6.693304e+02
8.385937e+02 6.693304e+02
8.321074e+02 6.693304e+02
8.257309e+02 6.693304e+02
8.186144e+02 6.693304e+02
8.118766e+02 6.693304e+02
8.021344e+02 6.693304e+02
7.932870e+02 6.535754e+02
7.847595e+02 6.451532e+02
7.754209e+02 6.176199e+02
7.656442e+02 6.038946e+02
7.561299e+02 6.038946e+02
7.446024e+02 6.038500e+02
7.256450e+02 6.013777e+02
7.105284e+02 5.672529e+02
6.945148e+02 5.476943e+02
6.799450e+02 5.471079e+02
6.647822e+02 5.260795e+02
6.515641e+02 5.061859e+02
6.386800e+02 5.061859e+02
6.247795e+02 4.991844e+02
6.092431e+02 4.986186e+02
5.914525e+02 4.572929e+02
5.686084e+02 4.436308e+02
5.449737e+02 4.205750e+02
5.239744e+02 4.077365e+02
5.029483e+02 3.945928e+02
4.824706e+02 3.585196e+02
4.636766e+02 3.553245e+02
4.430085e+02 3.533076e+02
4.242679e+02 3.340131e+02
4.048067e+02 3.171786e+02
3.856972e+02 3.126591e+02
3.660375e+02 2.873261e+02
3.468576e+02 2.817586e+02
3.267429e+02 2.688022e+02
3.046399e+02 2.497427e+02
2.815106e+02 2.280696e+02
2.543699e+02 1.948257e+02
2.244508e+02 1.825086e+02
1.843873e+02 1.446529e+02
1.397458e+02 1.111865e+02
6.666194e+01 5.300893e+01
3.152204e+03 2.296242e+03
2.295610e+03 1.810380e+03
1.785029e+03 1.383241e+03
1.539328e+03 1.234195e+03
1.359928e+03 1.120236e+03
1.259679e+03 1.055013e+03
1.195824e+03 9.859828e+02
1.155346e+03 9.619836e+02
1.123716e+03 9.619836e+02
1.099988e+03 9.349804e+02
1.082076e+03 9.349804e+02
1.066382e+03 9.148709e+02
1.053266e+03 9.148709e+02
1.040786e+03 8.790192e+02
1.031248e+03 8.620057e+02
1.021355e+03 8.620057e+02
1.014427e+03 8.620057e+02
1.007698e+03 8.607064e+02
1.000337e+03 8.607064e+02
9.953777e+02 8.607064e+02
9.899981e+02 8.607064e+02
9.850529e+02 8.287299e+02
9.806132e+02 8.287299e+02
9.760003e+02 8.287299e+02
9.721645e+02 8.287299e+02
9.690115e+02 8.287299e+02
9.660196e+02 8.287299e+02
9.632267e+02 8.287299e+02
9.597823e+02 8.066201e+02
9.561052e+02 8.066201e+02
9.532050e+02 8.066201e+02
9.503880e+02 8.066201e+02
9.473612e+02 8.066201e+02
9.446025e+02 8.066201e+02
9.423234e+02 8.066201e+02
9.404766e+02 8.066201e+02
9.383033e+02 8.066201e+02
9.357952e+02 8.066201e+02
9.338908e+02 8.066201e+02
9.318471e+02 8.066201e+02
9.301166e+02 8.066201e+02
9.284595e+02 8.066201e+02
9.261954e+02 8.066201e+02
9.246941e+02 8.066201e+02
9.233175e+02 8.066201e+02
9.216019e+02 8.066201e+02
9.198093e+02 8.066201e+02
9.181011e+02 8.066201e+02
9.164905e+02 8.066201e+02
9.150415e+02 8.066201e+02
9.134288e+02 8.066201e+02
9.093590e+02 7.925918e+02
8.978492e+02 7.825140e+02
8.848661e+02 7.695786e+02
8.749507e+02 7.549749e+02
8.650443e+02 7.304150e+02
8.572268e+02 7.304150e+02
8.506029e+02 7.234054e+02
8.443778e+02 7.030044e+02
8.365842e+02 6.892529e+02
8.296561e+02 6.792362e+02
8.236910e+02 6.714607e+02
8.170678e+02 6.684882e+02
8.105091e+02 6.668433e+02
8.033644e+02 6.650417e+02
7.975612e+02 6.642753e+02
7.921296e+02 6.285829e+02
7.851951e+02 6.280891e+02
7.783255e+02 6.280891e+02
7.715546e+02 6.280891e+02
7.638004e+02 6.280891e+02
7.542236e+02 5.995392e+02
7.444002e+02 5.995392e+02
7.331741e+02 5.995392e+02
7.164464e+02 5.826978e+02
6.980414e+02 5.721042e+02
6.792041e+02 5.368661e+02
6.618483e+02 5.327703e+02
6.483055e+02 5.283644e+02
6.321814e+02 5.245759e+02
6.138512e+02 5.224502e+02
5.936524e+02 4.883845e+02
5.742290e+02 4.680584e+02
5.481321e+02 4.210164e+02
5.220456e+02 3.945934e+02
4.996311e+02 3.753143e+02
4.757020e+02 3.648009e+02
4.536024e+02 3.627066e+02
4.304772e+02 3.489692e+02
4.090996e+02 3.422389e+02
3.875105e+02 3.104585e+02
3.630834e+02 2.928188e+02
3.408505e+02 2.711565e+02
3.172244e+02 2.618498e+02
2.939943e+02 2.374249e+02
2.653406e+02 1.892692e+02
2.382924e+02 1.688991e+02
2.086595e+02 1.330204e+02
1.655909e+02 1.130622e+02
1.174274e+02 9.443085e+01
6.084370e+01 5.697747e+01
3.163297e+03 2.314759e+03
2.293892e+03 1.796516e+03
1.778596e+03 1.393865e+03
1.534320e+03 1.183756e+03
1.369745e+03 1.117660e+03
1.267052e+03 1.010736e+03
1.202508e+03 9.886692e+02
1.159652e+03 9.729658e+02
1.129377e+03 9.099584e+02
1.105965e+03 9.099584e+02
1.087391e+03 9.099584e+02
1.071886e+03 8.714482e+02
1.058953e+03 8.714482e+02
1.046387e+03 8.714482e+02
1.036942e+03 8.714482e+02
1.027449e+03 8.714482e+02
1.020294e+03 8.714482e+02
1.012865e+03 8.714482e+02
1.006824e+03 8.714482e+02
1.001078e+03 8.714482e+02
9.958276e+02 8.703012e+02
9.912227e+02 8.703012e+02
9.864225e+02 8.614206e+02
9.816020e+02 8.614206e+02
9.776932e+02 8.614206e+02
9.740551e+02 8.614206e+02
9.703927e+02 8.514838e+02
9.669873e+02 8.514838e+02
9.640714e+02 8.514838e+02
9.600501e+02 8.329213e+02
9.578639e+02 8.329213e+02
9.553844e+02 8.329213e+02
9.526232e+02 8.329213e+02
9.498216e+02 8.315199e+02
9.476075e+02 8.231644e+02
9.453805e+02 8.231644e+02
9.431359e+02 8.231644e+02
9.406128e+02 8.231644e+02
9.388511e+02 8.231644e+02
9.365417e+02 8.231644e+02
9.343654e+02 8.231644e+02
9.323130e+02 8.231644e+02
9.299165e+02 8.032420e+02
9.282106e+02 8.032420e+02
9.261161e+02 8.032420e+02
9.242806e+02 8.032420e+02
9.224201e+02 8.032420e+02
9.206487e+02 8.032420e+02
9.191164e+02 8.032420e+02
9.173310e+02 8.032420e+02
9.154906e+02 8.032420e+02
9.059391e+02 7.907241e+02
8.931717e+02 7.638211e+02
8.822671e+02 7.508888e+02
8.721397e+02 7.457743e+02
8.636529e+02 7.345035e+02
8.552652e+02 7.091390e+02
8.479477e+02 6.901917e+02
8.406102e+02 6.894320e+02
8.336994e+02 6.416928e+02
8.272364e+02 6.334394e+02
8.217151e+02 6.334394e+02
8.158095e+02 6.329256e+02
8.103304e+02 6.329256e+02
8.041790e+02 6.329256e+02
7.979986e+02 6.168420e+02
7.919836e+02 6.164113e+02
7.851377e+02 6.115508e+02
7.798696e+02 6.115508e+02
7.744838e+02 6.115508e+02
7.696477e+02 6.088999e+02
7.633706e+02 6.073269e+02
7.565329e+02 6.034191e+02
7.480738e+02 5.915087e+02
7.413177e+02 5.807528e+02
7.334735e+02 5.792672e+02
7.232828e+02 5.792672e+02
7.091638e+02 5.724490e+02
6.869979e+02 5.552694e+02
6.647107e+02 5.347004e+02
6.454222e+02 5.138897e+02
6.271222e+02 4.938748e+02
6.088876e+02 4.928575e+02
5.909980e+02 4.760707e+02
5.693937e+02 4.677447e+02
5.387348e+02 4.266980e+02
5.088572e+02 4.100004e+02
4.806145e+02 3.915464e+02
4.540824e+02 3.525877e+02
4.279320e+02 3.205578e+02
4.020479e+02 2.687682e+02
3.743634e+02 2.593623e+02
3.498363e+02 2.543166e+02
3.237328e+02 2.444940e+02
2.962086e+02 2.175244e+02
2.689587e+02 2.076896e+02
2.364115e+02 1.932545e+02
2.002992e+02 1.611177e+02
1.609453e+02 1.292591e+02
1.109086e+02 8.906528e+01
4.969769e+01 4.168262e+01
3.158630e+03 2.376428e+03
2.299451e+03 1.740560e+03
1.795077e+03 1.377329e+03
1.543994e+03 1.258504e+03
1.369404e+03 1.110052e+03
1.269627e+03 1.051682e+03
1.206317e+03 1.018337e+03
1.163203e+03 9.722631e+02
1.132065e+03 9.258580e+02
1.108070e+03 9.258580e+02
1.089400e+03 9.258580e+02
1.074754e+03 9.227830e+02
1.062678e+03 9.227830e+02
1.050328e+03 8.508987e+02
1.041494e+03 8.508987e+02
1.031030e+03 8.508987e+02
1.023386e+03 8.508987e+02
1.015383e+03 8.294800e+02
1.008880e+03 8.294800e+02
1.003943e+03 8.294800e+02
9.989956e+02 8.294800e+02
9.942483e+02 8.294800e+02
9.897588e+02 8.294800e+02
9.842670e+02 8.294800e+02
9.801624e+02 8.294800e+02
9.761805e+02 8.294800e+02
9.722990e+02 8.294800e+02
9.693599e+02 8.294800e+02
9.660814e+02 8.294800e+02
9.628255e+02 8.294800e+02
9.604135e+02 8.294800e+02
9.572163e+02 8.294800e+02
9.543947e+02 8.294800e+02
9.513291e+02 8.294800e+02
9.489688e+02 8.294800e+02
9.469079e+02 8.294800e+02
9.443388e+02 8.294800e+02
9.422621e+02 8.294800e+02
9.397057e+02 8.294800e+02
9.377015e+02 8.294800e+02
9.356213e+02 8.294800e+02
9.339600e+02 8.294800e+02
9.319867e+02 8.294800e+02
9.304956e+02 8.294800e+02
9.287829e+02 8.294800e+02
9.267464e+02 8.294800e+02
9.247642e+02 8.084249e+02
9.229534e+02 8.084249e+02
9.205022e+02 8.084249e+02
9.136046e+02 8.080628e+02
9.008948e+02 7.800501e+02
8.871583e+02 7.258097e+02
8.772012e+02 7.258097e+02
8.658600e+02 7.258097e+02
8.545252e+02 6.678497e+02
8.448460e+02 6.577085e+02
8.321115e+02 6.482276e+02
8.211228e+02 6.482276e+02
8.094036e+02 6.457727e+02
7.976270e+02 6.457727e+02
7.870515e+02 6.457727e+02
7.756704e+02 6.217949e+02
7.643142e+02 6.217949e+02
7.541002e+02 6.116309e+02
7.440488e+02 6.116309e+02
7.354793e+02 6.116309e+02
7.283666e+02 5.963475e+02
7.185769e+02 5.963475e+02
7.093936e+02 5.963475e+02
7.008800e+02 5.830134e+02
6.942394e+02 5.798908e+02
6.838247e+02 5.694105e+02
6.747518e+02 5.599853e+02
6.620109e+02 5.380176e+02
6.455740e+02 5.346865e+02
6.291177e+02 4.816130e+02
6.155657e+02 4.816130e+02
6.008427e+02 4.816130e+02
5.867452e+02 4.657001e+02
5.725177e+02 4.442994e+02
5.590145e+02 4.390473e+02
5.461895e+02 4.301419e+02
5.327485e+02 4.203288e+02
5.189764e+02 4.165066e+02
5.052310e+02 4.107837e+02
4.918883e+02 4.020283e+02
4.782757e+02 3.927882e+02
4.645619e+02 3.821230e+02
4.497561e+02 3.661416e+02
4.348346e+02 3.545817e+02
4.198430e+02 3.413722e+02
4.038127e+02 3.328990e+02
3.896461e+02 3.198859e+02
3.725108e+02 3.069994e+02
3.547124e+02 2.940133e+02
3.297249e+02 2.837539e+02
3.064693e+02 2.588246e+02
2.763291e+02 2.305098e+02
2.379844e+02 1.732110e+02
1.866169e+02 1.318357e+02
1.106585e+02 9.393196e+01
3.159143e+03 2.387119e+03
2.300105e+03 1.809533e+03
1.787543e+03 1.406253e+03
1.546374e+03 1.244811e+03
1.367860e+03 1.131501e+03
1.264399e+03 1.060765e+03
1.202460e+03 9.863792e+02
1.158435e+03 9.670125e+02
1.127223e+03 9.670125e+02
1.104974e+03 9.294476e+02
1.085855e+03 9.294476e+02
1.070316e+03 9.282301e+02
1.057973e+03 9.169484e+02
1.045636e+03 9.169484e+02
1.035561e+03 8.732961e+02
1.025410e+03 8.732961e+02
1.018641e+03 8.635976e+02
1.012290e+03 8.635976e+02
1.005196e+03 8.635976e+02
9.998793e+02 8.635976e+02
9.945963e+02 8.635976e+02
9.894448e+02 8.273368e+02
9.851222e+02 8.273368e+02
9.802708e+02 8.273368e+02
9.767502e+02 8.273368e+02
9.736251e+02 8.273368e+02
9.700354e+02 8.273368e+02
9.670703e+02 8.273368e+02
9.636954e+02 8.273368e+02
9.602592e+02 8.269728e+02
9.575863e+02 8.269728e+02
9.544997e+02 8.269728e+02
9.516224e+02 8.269728e+02
9.486712e+02 8.269728e+02
9.464109e+02 8.269728e+02
9.436250e+02 8.269728e+02
9.415778e+02 8.269728e+02
9.396959e+02 8.106516e+02
9.373723e+02 8.106516e+02
9.351484e+02 8.106516e+02
9.324294e+02 8.106516e+02
9.307966e+02 8.106516e+02
9.286862e+02 8.106516e+02
9.269872e+02 8.106516e+02
9.254228e+02 8.106516e+02
9.236214e+02 8.106516e+02
9.219503e+02 8.106516e+02
9.196916e+02 8.106516e+02
9.180028e+02 8.106516e+02
9.160817e+02 8.106516e+02
9.143037e+02 8.106516e+02
9.048453e+02 7.861637e+02
8.908066e+02 7.658542e+02
8.804675e+02 7.601512e+02
8.712284e+02 7.394569e+02
8.632500e+02 7.239570e+02
8.540605e+02 7.056103e+02
8.469195e+02 7.056103e+02
8.396631e+02 7.056103e+02
8.322523e+02 6.752681e+02
8.268393e+02 6.752681e+02
8.187438e+02 6.661462e+02
8.118595e+02 6.661462e+02
8.047205e+02 6.628047e+02
7.963758e+02 6.511484e+02
7.887528e+02 6.401071e+02
7.813623e+02 6.202321e+02
7.719956e+02 5.706156e+02
7.632504e+02 5.539391e+02
7.517648e+02 5.539391e+02
7.379989e+02 5.539391e+02
7.196302e+02 5.262416e+02
7.039837e+02 5.262416e+02
6.889818e+02 5.262416e+02
6.769368e+02 5.230790e+02
6.624792e+02 5.132036e+02
6.483254e+02 5.036603e+02
6.342919e+02 5.036603e+02
6.207587e+02 5.034428e+02
6.072814e+02 5.031324e+02
5.824213e+02 4.900811e+02
5.593840e+02 4.678342e+02
5.383359e+02 4.585204e+02
5.170302e+02 4.227297e+02
4.966591e+02 4.128943e+02
4.768339e+02 3.852148e+02
4.557263e+02 3.796596e+02
4.362458e+02 3.522949e+02
4.169084e+02 3.407938e+02
3.974989e+02 3.075398e+02
3.783819e+02 2.798756e+02
3.587719e+02 2.604651e+02
3.389594e+02 2.504694e+02
3.182503e+02 2.390292e+02
2.971447e+02 2.273475e+02
2.757936e+02 2.271323e+02
2.475099e+02 2.028973e+02
2.126545e+02 1.612075e+02
1.731490e+02 1.406840e+02
1.228841e+02 1.069838e+02
6.883572e+01 5.533610e+01
3.153349e+03 2.378379e+03
2.307965e+03 1.729597e+03
1.795036e+03 1.424717e+03
1.553614e+03 1.207779e+03
1.380292e+03 1.080821e+03
1.274541e+03 1.058871e+03
1.205012e+03 9.981074e+02
1.158415e+03 9.537868e+02
1.126631e+03 9.464030e+02
1.103086e+03 9.083722e+02
1.084331e+03 9.083722e+02
1.068217e+03 9.066880e+02
1.055588e+03 9.066880e+02
1.043900e+03 8.738035e+02
1.035280e+03 8.738035e+02
1.025798e+03 8.738035e+02
1.018152e+03 8.738035e+02
1.011224e+03 8.738035e+02
1.004406e+03 8.738035e+02
9.997084e+02 8.738035e+02
9.944705e+02 8.738035e+02
9.903471e+02 8.738035e+02
9.863198e+02 8.320996e+02
9.805063e+02 8.320996e+02
9.765884e+02 8.320996e+02
9.727382e+02 8.320996e+02
9.683683e+02 8.320996e+02
9.648554e+02 8.320996e+02
9.616863e+02 8.320996e+02
9.591818e+02 8.218577e+02
9.565188e+02 8.218577e+02
9.540049e+02 8.218577e+02
9.515663e+02 8.203589e+02
9.489428e+02 8.203589e+02
9.467092e+02 8.203589e+02
9.442813e+02 8.203589e+02
9.414141e+02 7.667091e+02
9.390426e+02 7.667091e+02
9.372160e+02 7.667091e+02
9.351650e+02 7.667091e+02
9.330036e+02 7.667091e+02
9.310861e+02 7.667091e+02
9.291858e+02 7.667091e+02
9.275822e+02 7.667091e+02
9.258009e+02 7.667091e+02
9.236964e+02 7.667091e+02
9.220980e+02 7.667091e+02
9.203575e+02 7.667091e+02
9.186727e+02 7.667091e+02
9.172389e+02 7.667091e+02
9.157310e+02 7.667091e+02
9.104787e+02 7.667091e+02
8.976855e+02 7.639862e+02
8.833657e+02 7.639862e+02
8.711409e+02 7.342180e+02
8.600753e+02 7.220008e+02
8.509020e+02 7.220008e+02
8.422553e+02 7.089959e+02
8.335716e+02 6.847906e+02
8.252618e+02 6.847906e+02
8.178393e+02 6.798424e+02
8.114147e+02 6.646022e+02
8.036508e+02 6.339350e+02
7.958415e+02 6.339350e+02
7.864437e+02 6.339350e+02
7.775265e+02 6.309506e+02
7.681446e+02 6.309506e+02
7.587453e+02 6.309506e+02
7.493034e+02 6.295007e+02
7.401864e+02 6.295007e+02
7.299676e+02 5.960320e+02
7.161283e+02 5.796633e+02
7.006677e+02 5.646972e+02
6.843251e+02 5.589018e+02
6.694294e+02 5.411935e+02
6.548985e+02 5.411935e+02
6.401763e+02 5.267454e+02
6.266790e+02 5.127581e+02
6.144194e+02 4.948763e+02
5.991933e+02 4.799974e+02
5.846121e+02 4.518012e+02
5.684552e+02 4.324543e+02
5.454973e+02 4.253123e+02
5.247586e+02 4.088299e+02
5.051863e+02 4.057726e+02
4.859288e+02 3.887628e+02
4.674021e+02 3.841755e+02
4.479967e+02 3.707928e+02
4.290611e+02 3.367827e+02
4.108986e+02 3.282207e+02
3.937124e+02 3.090097e+02
3.754906e+02 2.889780e+02
3.545247e+02 2.767578e+02
3.317097e+02 2.578217e+02
3.066999e+02 2.281324e+02
2.800959e+02 2.097132e+02
2.537220e+02 1.947390e+02
2.228298e+02 1.642461e+02
1.795510e+02 1.389270e+02
1.317857e+02 1.101607e+02
7.540225e+01 6.437302e+01
3.162098e+03 2.022352e+03
2.290159e+03 1.666056e+03
1.770175e+03 1.428527e+03
1.529581e+03 1.209412e+03
1.362302e+03 1.091025e+03
1.263964e+03 1.009565e+03
1.202052e+03 1.009565e+03
1.162207e+03 9.793881e+02
1.132698e+03 9.758766e+02
1.108700e+03 9.603003e+02
1.088605e+03 9.307093e+02
1.072674e+03 9.297136e+02
1.060250e+03 9.114727e+02
1.047377e+03 9.114727e+02
1.038901e+03 9.114727e+02
1.029953e+03 8.907708e+02
1.023843e+03 8.907708e+02
1.016418e+03 8.768546e+02
1.009785e+03 8.768546e+02
1.004903e+03 8.768546e+02
9.996461e+02 8.768546e+02
9.949790e+02 8.768546e+02
9.902972e+02 8.768546e+02
9.851970e+02 8.695641e+02
9.810551e+02 8.695641e+02
9.778122e+02 8.153721e+02
9.739700e+02 8.153721e+02
9.708519e+02 8.153721e+02
9.674405e+02 8.153721e+02
9.636219e+02 8.106352e+02
9.606984e+02 8.106352e+02
9.572172e+02 8.106352e+02
9.544648e+02 8.106352e+02
9.517460e+02 8.106352e+02
9.495060e+02 8.106352e+02
9.473708e+02 8.106352e+02
9.450305e+02 8.106352e+02
9.428579e+02 8.106352e+02
9.405298e+02 8.106352e+02
9.381176e+02 8.106352e+02
9.362439e+02 8.106352e+02
9.341248e+02 8.106352e+02
9.324760e+02 8.106352e+02
9.305124e+02 8.106352e+02
9.285780e+02 8.106352e+02
9.265859e+02 8.106352e+02
9.242621e+02 8.106352e+02
9.220435e+02 8.102408e+02
9.201384e+02 8.102408e+02
9.182297e+02 8.102408e+02
9.160811e+02 8.102408e+02
9.099365e+02 8.016040e+02
8.969004e+02 7.705512e+02
8.861444e+02 7.465091e+02
8.759401e+02 7.275438e+02
8.654673e+02 7.275438e+02
8.568475e+02 7.275438e+02
8.493175e+02 7.253941e+02
8.428117e+02 6.954824e+02
8.355883e+02 6.771022e+02
8.289093e+02 6.552301e+02
8.218781e+02 6.552301e+02
8.149324e+02 6.521439e+02
8.079473e+02 6.521439e+02
7.997884e+02 6.469407e+02
7.915810e+02 6.219308e+02
7.837931e+02 6.219000e+02
7.766853e+02 6.219000e+02
7.697147e+02 6.219000e+02
7.616434e+02 6.163549e+02
7.521315e+02 6.018225e+02
7.427565e+02 6.018225e+02
7.329931e+02 5.921369e+02
7.181384e+02 5.647016e+02
7.030688e+02 5.298839e+02
6.856235e+02 5.122190e+02
6.690498e+02 5.052603e+02
6.542125e+02 5.052603e+02
6.378195e+02 5.007270e+02
6.219007e+02 4.820687e+02
6.086926e+02 4.805583e+02
5.947168e+02 4.799210e+02
5.724661e+02 4.618790e+02
5.445954e+02 4.413183e+02
5.180418e+02 4.151956e+02
4.952007e+02 3.883630e+02
4.723485e+02 3.720557e+02
4.505114e+02 3.570841e+02
4.292688e+02 3.363055e+02
4.065163e+02 3.287489e+02
3.853898e+02 3.063514e+02
3.644497e+02 2.767850e+02
3.441082e+02 2.744959e+02
3.197212e+02 2.519799e+02
2.957907e+02 2.327509e+02
2.710613e+02 2.137373e+02
2.409198e+02 1.890571e+02
2.089762e+02 1.595106e+02
1.681408e+02 1.411310e+02
1.217447e+02 1.039204e+02
6.170181e+01 5.400099e+01
3.160804e+03 2.364227e+03
2.313046e+03 1.742847e+03
1.787036e+03 1.340101e+03
1.542383e+03 1.196160e+03
1.379295e+03 1.164275e+03
1.275778e+03 1.050697e+03
1.210707e+03 1.025593e+03
1.168110e+03 9.822736e+02
1.135330e+03 9.572879e+02
1.111056e+03 9.572879e+02
1.090812e+03 9.181155e+02
1.074923e+03 9.079807e+02
1.062587e+03 9.063279e+02
1.049140e+03 8.873759e+02
1.038979e+03 8.873759e+02
1.029799e+03 8.848070e+02
1.022151e+03 8.480221e+02
1.015398e+03 8.480221e+02
1.008129e+03 8.480221e+02
1.003161e+03 8.480221e+02
9.978128e+02 8.480221e+02
9.934575e+02 8.480221e+02
9.889111e+02 8.480221e+02
9.838156e+02 8.202475e+02
9.797001e+02 8.202475e+02
9.757731e+02 8.191631e+02
9.720072e+02 8.191631e+02
9.692443e+02 8.191631e+02
9.653193e+02 8.191631e+02
9.621260e+02 8.191631e+02
9.591858e+02 8.191631e+02
9.563801e+02 8.191631e+02
9.537145e+02 8.191631e+02
9.508146e+02 8.191631e+02
9.487363e+02 8.191631e+02
9.463929e+02 8.088608e+02
9.441827e+02 8.088608e+02
9.418355e+02 8.088608e+02
9.396092e+02 8.088608e+02
9.374086e+02 8.088608e+02
9.348983e+02 8.088608e+02
9.327105e+02 8.088608e+02
9.309941e+02 8.088608e+02
9.292497e+02 8.088608e+02
9.274970e+02 8.088608e+02
9.253753e+02 8.088608e+02
9.233405e+02 8.088608e+02
9.215670e+02 8.088608e+02
9.196755e+02 8.088608e+02
9.179724e+02 8.088608e+02
9.162164e+02 8.088608e+02
9.091486e+02 7.775417e+02
8.957249e+02 7.597504e+02
8.838494e+02 7.297573e+02
8.744440e+02 7.297573e+02
8.672882e+02 7.297573e+02
8.591220e+02 7.297573e+02
8.526285e+02 7.141970e+02
8.445086e+02 7.141970e+02
8.363533e+02 7.141970e+02
8.298597e+02 6.998873e+02
8.222084e+02 6.886461e+02
8.154187e+02 6.886461e+02
8.093812e+02 6.828665e+02
8.028253e+02 6.789773e+02
7.959833e+02 6.329458e+02
7.899945e+02 6.329458e+02
7.828701e+02 6.240877e+02
7.757835e+02 6.009354e+02
7.686855e+02 5.974141e+02
7.597282e+02 5.974141e+02
7.501604e+02 5.770343e+02
7.388052e+02 5.758089e+02
7.203642e+02 5.556409e+02
7.025490e+02 5.382435e+02
6.858587e+02 5.331382e+02
6.698826e+02 5.091436e+02
6.543831e+02 4.984399e+02
6.400202e+02 4.984399e+02
6.255518e+02 4.942706e+02
6.096470e+02 4.759601e+02
5.932716e+02 4.507569e+02
5.679307e+02 4.507569e+02
5.440415e+02 4.373152e+02
5.215465e+02 4.169919e+02
4.986694e+02 3.713841e+02
4.771904e+02 3.687936e+02
4.573970e+02 3.557262e+02
4.365864e+02 3.461428e+02
4.159977e+02 3.384642e+02
3.936009e+02 3.119032e+02
3.711578e+02 2.832421e+02
3.498069e+02 2.798230e+02
3.273515e+02 2.544318e+02
3.037519e+02 2.308607e+02
2.779005e+02 1.988287e+02
2.486977e+02 1.866131e+02
2.175491e+02 1.741455e+02
1.777226e+02 1.361758e+02
1.290634e+02 8.940970e+01
6.386828e+01 4.816887e+01
3.157451e+03 2.238261e+03
2.301559e+03 1.634556e+03
1.788875e+03 1.333877e+03
1.539715e+03 1.209035e+03
1.365335e+03 1.082138e+03
1.263144e+03 9.802770e+02
1.201739e+03 9.802770e+02
1.158861e+03 9.802770e+02
1.127211e+03 9.720101e+02
1.103482e+03 9.310210e+02
1.085648e+03 9.310210e+02
1.070524e+03 9.310210e+02
1.058346e+03 9.080323e+02
1.045342e+03 8.989260e+02
1.035704e+03 8.989260e+02
1.027019e+03 8.989260e+02
1.020178e+03 8.977347e+02
1.013089e+03 8.538973e+02
1.006924e+03 8.401410e+02
1.001696e+03 8.401410e+02
9.964239e+02 8.401410e+02
9.912355e+02 8.401410e+02
9.862471e+02 8.401410e+02
9.810164e+02 8.401410e+02
9.772680e+02 7.836356e+02
9.742498e+02 7.836356e+02
9.706794e+02 7.836356e+02
9.677045e+02 7.836356e+02
9.645212e+02 7.836356e+02
9.615384e+02 7.836356e+02
9.588800e+02 7.836356e+02
9.557783e+02 7.836356e+02
9.531142e+02 7.836356e+02
9.504099e+02 7.836356e+02
9.480127e+02 7.836356e+02
9.453982e+02 7.836356e+02
9.432906e+02 7.836356e+02
9.405461e+02 7.836356e+02
9.385746e+02 7.836356e+02
9.367298e+02 7.836356e+02
9.346656e+02 7.836356e+02
9.326934e+02 7.836356e+02
9.310750e+02 7.836356e+02
9.290505e+02 7.836356e+02
9.268755e+02 7.836356e+02
9.247675e+02 7.836356e+02
9.230646e+02 7.836356e+02
9.214651e+02 7.836356e+02
9.197636e+02 7.836356e+02
9.176602e+02 7.836356e+02
9.163934e+02 7.836356e+02
9.066516e+02 7.836356e+02
8.927920e+02 7.641605e+02
8.806324e+02 7.641361e+02
8.704711e+02 7.473619e+02
8.621666e+02 7.335268e+02
8.531331e+02 6.855212e+02
8.464811e+02 6.855212e+02
8.394289e+02 6.855212e+02
8.326278e+02 6.836110e+02
8.264774e+02 6.594097e+02
8.195886e+02 6.594097e+02
8.140147e+02 6.594097e+02
8.085394e+02 6.584770e+02
8.018341e+02 6.584770e+02
7.945979e+02 6.584770e+02
7.879077e+02 6.584770e+02
7.802439e+02 6.485982e+02
7.706728e+02 6.393317e+02
7.623757e+02 6.363826e+02
7.495600e+02 6.301601e+02
7.311854e+02 6.238222e+02
7.131105e+02 5.902449e+02
6.970011e+02 5.524275e+02
6.813581e+02 5.416754e+02
6.660506e+02 5.316483e+02
6.505493e+02 5.316483e+02
6.356332e+02 5.153228e+02
6.232472e+02 5.075510e+02
6.112271e+02 5.024570e+02
5.929679e+02 4.698763e+02
5.715846e+02 4.563914e+02
5.474322e+02 4.280776e+02
5.266277e+02 3.928529e+02
5.070390e+02 3.836765e+02
4.874395e+02 3.566047e+02
4.669706e+02 3.479945e+02
4.473530e+02 3.326715e+02
4.258270e+02 3.285796e+02
4.057203e+02 3.087416e+02
3.855569e+02 2.825378e+02
3.644344e+02 2.776882e+02
3.445778e+02 2.731373e+02
3.225532e+02 2.661327e+02
2.994470e+02 2.411326e+02
2.751920e+02 2.229369e+02
2.501967e+02 2.056875e+02
2.177375e+02 1.352680e+02
1.815611e+02 1.128939e+02
1.296860e+02 9.373415e+01
6.628518e+01 5.853756e+01
3.153137e+03 2.364488e+03
2.309350e+03 1.764711e+03
1.789213e+03 1.459296e+03
1.545292e+03 1.258466e+03
1.372085e+03 1.135359e+03
1.271709e+03 1.013040e+03
1.206183e+03 9.893191e+02
1.160497e+03 9.702416e+02
1.129517e+03 9.420190e+02
1.106406e+03 8.755529e+02
1.088841e+03 8.755529e+02
1.072351e+03 8.755529e+02
1.060404e+03 8.755529e+02
1.047471e+03 8.755529e+02
1.038908e+03 8.755529e+02
1.029468e+03 8.755529e+02
1.022052e+03 8.755529e+02
1.014258e+03 8.321114e+02
1.008010e+03 8.321114e+02
1.003238e+03 8.321114e+02
9.976407e+02 8.321114e+02
9.925787e+02 8.321114e+02
9.878468e+02 8.321114e+02
9.831461e+02 8.321114e+02
9.799820e+02 8.321114e+02
9.766740e+02 8.321114e+02
9.724719e+02 8.321114e+02
9.692130e+02 8.321114e+02
9.661268e+02 8.321114e+02
9.626102e+02 8.321114e+02
9.592235e+02 8.321114e+02
9.564080e+02 8.321114e+02
9.532472e+02 8.321114e+02
9.502989e+02 8.321114e+02
9.475535e+02 8.321114e+02
9.449275e+02 8.321114e+02
9.423417e+02 8.321114e+02
9.403330e+02 8.321114e+02
9.378850e+02 8.321114e+02
9.351986e+02 8.321114e+02
9.330957e+02 8.321114e+02
9.309123e+02 8.263492e+02
9.292166e+02 8.263492e+02
9.271400e+02 7.935271e+02
9.252639e+02 7.935271e+02
9.233157e+02 7.935271e+02
9.215701e+02 7.935271e+02
9.193675e+02 7.935271e+02
9.173554e+02 7.935271e+02
9.157068e+02 7.935271e+02
9.139353e+02 7.935271e+02
9.054970e+02 7.909952e+02
8.948815e+02 7.810508e+02
8.824774e+02 7.526985e+02
8.726746e+02 7.422179e+02
8.633486e+02 7.218937e+02
8.544051e+02 6.980989e+02
8.469113e+02 6.877425e+02
8.384108e+02 6.877425e+02
8.313204e+02 6.877425e+02
8.247521e+02 6.824243e+02
8.177614e+02 6.824243e+02
8.104073e+02 6.824243e+02
8.037759e+02 6.715433e+02
7.958875e+02 6.403787e+02
7.877003e+02 6.399131e+02
7.797436e+02 6.398984e+02
7.705874e+02 6.336484e+02
7.608000e+02 6.020106e+02
7.516856e+02 5.826811e+02
7.405607e+02 5.826811e+02
7.318362e+02 5.769194e+02
7.162991e+02 5.769194e+02
6.968355e+02 5.649487e+02
6.824242e+02 5.498222e+02
6.653028e+02 5.379271e+02
6.514252e+02 5.334411e+02
6.349252e+02 5.334411e+02
6.197225e+02 5.050586e+02
6.063387e+02 5.030206e+02
5.927881e+02 4.906004e+02
5.796478e+02 4.716475e+02
5.624874e+02 4.603757e+02
5.390934e+02 4.364831e+02
5.153287e+02 4.085829e+02
4.908129e+02 3.794521e+02
4.667881e+02 3.482681e+02
4.446261e+02 3.463460e+02
4.220380e+02 3.405484e+02
3.983468e+02 3.249556e+02
3.774860e+02 3.000177e+02
3.555152e+02 2.777278e+02
3.357294e+02 2.528310e+02
3.125947e+02 2.190080e+02
2.884886e+02 1.977052e+02
2.636945e+02 1.804180e+02
2.362522e+02 1.525603e+02
2.061548e+02 1.388489e+02
1.681564e+02 1.182494e+02
1.213809e+02 8.599572e+01
6.133742e+01 5.356393e+01
