4.132650e+04 3.384325e+04
3.759640e+04 3.264586e+04
3.682342e+04 3.225848e+04
3.644989e+04 3.195933e+04
3.614595e+04 3.195933e+04
3.590793e+04 3.091322e+04
3.571763e+04 2.846915e+04
3.557585e+04 2.685013e+04
3.544893e+04 2.574520e+04
3.533578e+04 2.544086e+04
3.524453e+04 2.378927e+04
3.510665e+04 2.231587e+04
3.502714e+04 2.176509e+04
3.495340e+04 2.110413e+04
3.486350e+04 1.977783e+04
3.478434e+04 1.922911e+04
3.471912e+04 1.823473e+04
3.464740e+04 1.779854e+04
3.460466e+04 1.747875e+04
3.454096e+04 1.715520e+04
3.447786e+04 1.682770e+04
3.442608e+04 1.618486e+04
3.437663e+04 1.606680e+04
3.432168e+04 1.566048e+04
3.427801e+04 1.558891e+04
3.423611e+04 1.553619e+04
3.418989e+04 1.528733e+04
3.414718e+04 1.507555e+04
3.410871e+04 1.492557e+04
3.406420e+04 1.477580e+04
3.402094e+04 1.472728e+04
3.398995e+04 1.454288e+04
3.394833e+04 1.444969e+04
3.390817e+04 1.442158e+04
3.385778e+04 1.439288e+04
3.381955e+04 1.434990e+04
3.376757e+04 1.432133e+04
3.406307e+04 1.432133e+04
3.400048e+04 1.432133e+04
3.395298e+04 1.432133e+04
3.390732e+04 1.432133e+04
3.380608e+04 1.432133e+04
3.371476e+04 1.432133e+04
3.361722e+04 1.432133e+04
3.352812e+04 1.432133e+04
3.348072e+04 1.432133e+04
3.342254e+04 1.432133e+04
3.328694e+04 1.432133e+04
3.316437e+04 1.432133e+04
3.306022e+04 1.432133e+04
3.296349e+04 1.432133e+04
3.281461e+04 1.432133e+04
3.269330e+04 1.432133e+04
3.259413e+04 1.432133e+04
3.249189e+04 1.432133e+04
3.239475e+04 1.432133e+04
3.229296e+04 1.432133e+04
3.219589e+04 1.432133e+04
3.209495e+04 1.432133e+04
3.201336e+04 1.432133e+04
3.245697e+04 1.394372e+04
3.236469e+04 1.394372e+04
3.225275e+04 1.394372e+04
3.205395e+04 1.394372e+04
3.186213e+04 1.394372e+04
3.177021e+04 1.394372e+04
3.163004e+04 1.394372e+04
3.144956e+04 1.394372e+04
3.131987e+04 1.394372e+04
3.119605e+04 1.394372e+04
3.107058e+04 1.394372e+04
3.093943e+04 1.365375e+04
3.083259e+04 1.338362e+04
3.072997e+04 1.323335e+04
3.059658e+04 1.309659e+04
3.039826e+04 1.226210e+04
3.030147e+04 1.226210e+04
3.020287e+04 1.226210e+04
3.006020e+04 1.226210e+04
2.989294e+04 1.226210e+04
2.970843e+04 1.226210e+04
2.934510e+04 1.226210e+04
2.801176e+04 1.226210e+04
2.701436e+04 1.226210e+04
2.621800e+04 1.226210e+04
2.685116e+04 1.226210e+04
2.615131e+04 1.226210e+04
2.515315e+04 1.226210e+04
2.427279e+04 1.226210e+04
2.343924e+04 1.226210e+04
2.280606e+04 1.219520e+04
2.216276e+04 1.117394e+04
2.415508e+04 1.117394e+04
2.252533e+04 1.117394e+04
2.090374e+04 1.117394e+04
2.408156e+04 1.117394e+04
2.186166e+04 1.117394e+04
1.893173e+04 1.117394e+04
2.049035e+04 1.117394e+04
2.268762e+04 1.117394e+04
2.778698e+04 1.117394e+04
4.142329e+04 3.399420e+04
3.763380e+04 3.325049e+04
3.681115e+04 3.224089e+04
3.646940e+04 3.224089e+04
3.614305e+04 3.224089e+04
3.592206e+04 3.208940e+04
3.574179e+04 3.000748e+04
3.561669e+04 2.855371e+04
3.546515e+04 2.577006e+04
3.536822e+04 2.464532e+04
3.525447e+04 2.457571e+04
3.515233e+04 2.338061e+04
3.506713e+04 2.323550e+04
3.499303e+04 2.230552e+04
3.492678e+04 2.127811e+04
3.485165e+04 2.092556e+04
3.479135e+04 2.092556e+04
3.472395e+04 2.035079e+04
3.464725e+04 1.850341e+04
3.459483e+04 1.831775e+04
3.453215e+04 1.738331e+04
3.446934e+04 1.668002e+04
3.440398e+04 1.575264e+04
3.435034e+04 1.526083e+04
3.429617e+04 1.492666e+04
3.426225e+04 1.486785e+04
3.420088e+04 1.464239e+04
3.416358e+04 1.461278e+04
3.411216e+04 1.406385e+04
3.406346e+04 1.387623e+04
3.402762e+04 1.367208e+04
3.398246e+04 1.366342e+04
3.394641e+04 1.366342e+04
3.390974e+04 1.366338e+04
3.386981e+04 1.362265e+04
3.383030e+04 1.352704e+04
3.379032e+04 1.337248e+04
3.375467e+04 1.324171e+04
3.406916e+04 1.324171e+04
3.401834e+04 1.324171e+04
3.396771e+04 1.324171e+04
3.388863e+04 1.324171e+04
3.379029e+04 1.324171e+04
3.370775e+04 1.324171e+04
3.366042e+04 1.324171e+04
3.360073e+04 1.324171e+04
3.351467e+04 1.324171e+04
3.339596e+04 1.324171e+04
3.330076e+04 1.324171e+04
3.316854e+04 1.324171e+04
3.305584e+04 1.324171e+04
3.293698e+04 1.324171e+04
3.282331e+04 1.324171e+04
3.272149e+04 1.324171e+04
3.261064e+04 1.324171e+04
3.252806e+04 1.324171e+04
3.243817e+04 1.324171e+04
3.232587e+04 1.324171e+04
3.223256e+04 1.324171e+04
3.213939e+04 1.324171e+04
3.205298e+04 1.324171e+04
3.251238e+04 1.324171e+04
3.241864e+04 1.324171e+04
3.227698e+04 1.324171e+04
3.210301e+04 1.324171e+04
3.188335e+04 1.324171e+04
3.179555e+04 1.324171e+04
3.169665e+04 1.324171e+04
3.149634e+04 1.324171e+04
3.136264e+04 1.324171e+04
3.121899e+04 1.324171e+04
3.109004e+04 1.324171e+04
3.096259e+04 1.324171e+04
3.083169e+04 1.324171e+04
3.067321e+04 1.324171e+04
3.069873e+04 1.324171e+04
2.895185e+04 1.241608e+04
2.860512e+04 1.241608e+04
2.776012e+04 1.241608e+04
2.707978e+04 1.241608e+04
2.650451e+04 1.241608e+04
2.594705e+04 1.241608e+04
2.542744e+04 1.241608e+04
2.491039e+04 1.241608e+04
2.447024e+04 1.241608e+04
2.552284e+04 1.241608e+04
2.501661e+04 1.241608e+04
2.397820e+04 1.241608e+04
2.335207e+04 1.241608e+04
2.271702e+04 1.241608e+04
2.214602e+04 1.241608e+04
2.413933e+04 1.241608e+04
2.367732e+04 1.241608e+04
2.201489e+04 1.241608e+04
2.055032e+04 1.241608e+04
2.313606e+04 1.241608e+04
2.094404e+04 1.241608e+04
1.867088e+04 1.241608e+04
1.891711e+04 1.241608e+04
2.138723e+04 1.241608e+04
2.716213e+04 1.241608e+04
4.128643e+04 3.360798e+04
3.760355e+04 3.252127e+04
3.681635e+04 3.221332e+04
3.645507e+04 3.193593e+04
3.615564e+04 3.193593e+04
3.592421e+04 3.193593e+04
3.573388e+04 2.963962e+04
3.560506e+04 2.846871e+04
3.547169e+04 2.721939e+04
3.533282e+04 2.572938e+04
3.522368e+04 2.493238e+04
3.511166e+04 2.332711e+04
3.503306e+04 2.319098e+04
3.495498e+04 2.226811e+04
3.488578e+04 2.137861e+04
3.480263e+04 2.131066e+04
3.472975e+04 2.006416e+04
3.466695e+04 1.952270e+04
3.461090e+04 1.908739e+04
3.454756e+04 1.873045e+04
3.448915e+04 1.803787e+04
3.442965e+04 1.764000e+04
3.438322e+04 1.735985e+04
3.434004e+04 1.703304e+04
3.429577e+04 1.692288e+04
3.425627e+04 1.692288e+04
3.420757e+04 1.686401e+04
3.416643e+04 1.681348e+04
3.412331e+04 1.670757e+04
3.408337e+04 1.665989e+04
3.404464e+04 1.657783e+04
3.400661e+04 1.653218e+04
3.396715e+04 1.641217e+04
3.392707e+04 1.641217e+04
3.388988e+04 1.637669e+04
3.385473e+04 1.636808e+04
3.382205e+04 1.633758e+04
3.403810e+04 1.632398e+04
3.398820e+04 1.632398e+04
3.393966e+04 1.632398e+04
3.387379e+04 1.632398e+04
3.381299e+04 1.632398e+04
3.373751e+04 1.632398e+04
3.369099e+04 1.632398e+04
3.361860e+04 1.632398e+04
3.355415e+04 1.632398e+04
3.347342e+04 1.632398e+04
3.337114e+04 1.632398e+04
3.325596e+04 1.632398e+04
3.312195e+04 1.610001e+04
3.301381e+04 1.585965e+04
3.288896e+04 1.528608e+04
3.278115e+04 1.493545e+04
3.269630e+04 1.460799e+04
3.260619e+04 1.445595e+04
3.248444e+04 1.423913e+04
3.239406e+04 1.401844e+04
3.229644e+04 1.401844e+04
3.218621e+04 1.397525e+04
3.209540e+04 1.383838e+04
3.199672e+04 1.371072e+04
3.238997e+04 1.371072e+04
3.227459e+04 1.371072e+04
3.213268e+04 1.371072e+04
3.194210e+04 1.371072e+04
3.178209e+04 1.371072e+04
3.166822e+04 1.371072e+04
3.150054e+04 1.371072e+04
3.132593e+04 1.371072e+04
3.115778e+04 1.371072e+04
3.100474e+04 1.371072e+04
3.084322e+04 1.371072e+04
3.065365e+04 1.349170e+04
3.050155e+04 1.333761e+04
3.029997e+04 1.315669e+04
3.116907e+04 1.308093e+04
2.996636e+04 1.269404e+04
2.928033e+04 1.269404e+04
2.823916e+04 1.269404e+04
2.745235e+04 1.269404e+04
2.679816e+04 1.269404e+04
2.624117e+04 1.269404e+04
2.568351e+04 1.269404e+04
2.513023e+04 1.269404e+04
2.467791e+04 1.269404e+04
2.421860e+04 1.269404e+04
2.509472e+04 1.269404e+04
2.427884e+04 1.269404e+04
2.351209e+04 1.269404e+04
2.270324e+04 1.269404e+04
2.219840e+04 1.269404e+04
2.163409e+04 1.211870e+04
2.346812e+04 1.201695e+04
2.064378e+04 1.115516e+04
2.001123e+04 1.115516e+04
1.929426e+04 1.115516e+04
2.245849e+04 1.115516e+04
1.851893e+04 1.115516e+04
1.607170e+04 1.089842e+04
1.431741e+04 1.089842e+04
2.114822e+04 1.089842e+04
4.135190e+04 3.250487e+04
3.764073e+04 3.250487e+04
3.685084e+04 3.219626e+04
3.646874e+04 3.200645e+04
3.615329e+04 3.200645e+04
3.591910e+04 3.200645e+04
3.574325e+04 3.047932e+04
3.558640e+04 2.796324e+04
3.543307e+04 2.647629e+04
3.532955e+04 2.548452e+04
3.521428e+04 2.289852e+04
3.511614e+04 2.257287e+04
3.502137e+04 2.180205e+04
3.492605e+04 2.040857e+04
3.484500e+04 1.958862e+04
3.476539e+04 1.917617e+04
3.468763e+04 1.770428e+04
3.461606e+04 1.770428e+04
3.456008e+04 1.710508e+04
3.450188e+04 1.633974e+04
3.444844e+04 1.580913e+04
3.440183e+04 1.554875e+04
3.436313e+04 1.538111e+04
3.431634e+04 1.532925e+04
3.427457e+04 1.496031e+04
3.422190e+04 1.496031e+04
3.416485e+04 1.492032e+04
3.412457e+04 1.467925e+04
3.408284e+04 1.467925e+04
3.405262e+04 1.467925e+04
3.401968e+04 1.467925e+04
3.397784e+04 1.462170e+04
3.392082e+04 1.462170e+04
3.386734e+04 1.451322e+04
3.381453e+04 1.437299e+04
3.377817e+04 1.437299e+04
3.407185e+04 1.437299e+04
3.403321e+04 1.437299e+04
3.397501e+04 1.437299e+04
3.390152e+04 1.437299e+04
3.382108e+04 1.437299e+04
3.374515e+04 1.437299e+04
3.367742e+04 1.437299e+04
3.360288e+04 1.437299e+04
3.352625e+04 1.437299e+04
3.342432e+04 1.437299e+04
3.333361e+04 1.437299e+04
3.322453e+04 1.437299e+04
3.313237e+04 1.437299e+04
3.304148e+04 1.437299e+04
3.293984e+04 1.437299e+04
3.283299e+04 1.437299e+04
3.273399e+04 1.437299e+04
3.264344e+04 1.437299e+04
3.254076e+04 1.437299e+04
3.244404e+04 1.437299e+04
3.234566e+04 1.437299e+04
3.225263e+04 1.437299e+04
3.215749e+04 1.437299e+04
3.205361e+04 1.437299e+04
3.243611e+04 1.437299e+04
3.228811e+04 1.437299e+04
3.212111e+04 1.437299e+04
3.191422e+04 1.437299e+04
3.174255e+04 1.437299e+04
3.162925e+04 1.437299e+04
3.137014e+04 1.437299e+04
3.116516e+04 1.437299e+04
3.064505e+04 1.402851e+04
2.959351e+04 1.324103e+04
2.878271e+04 1.287381e+04
2.810850e+04 1.251136e+04
2.755066e+04 1.227389e+04
2.710097e+04 1.209949e+04
2.666524e+04 1.185835e+04
2.711549e+04 1.185835e+04
2.586995e+04 1.103198e+04
2.558948e+04 1.103198e+04
2.522605e+04 1.103198e+04
2.485140e+04 1.103198e+04
2.450783e+04 1.103198e+04
2.419089e+04 1.103198e+04
2.385497e+04 1.103198e+04
2.351231e+04 1.103198e+04
2.318323e+04 1.103198e+04
2.447826e+04 1.103198e+04
2.415958e+04 1.103198e+04
2.328216e+04 1.103198e+04
2.261451e+04 1.103198e+04
2.190021e+04 1.103198e+04
2.144738e+04 1.103198e+04
2.100672e+04 1.103198e+04
2.239463e+04 1.103198e+04
2.078859e+04 1.103198e+04
1.945187e+04 1.103198e+04
2.250973e+04 1.103198e+04
2.050539e+04 1.103198e+04
1.803435e+04 1.103198e+04
1.922498e+04 1.103198e+04
2.218057e+04 1.103198e+04
1.679320e+04 1.103198e+04
4.134479e+04 3.378828e+04
3.761259e+04 3.322880e+04
3.679951e+04 3.265431e+04
3.644634e+04 3.265431e+04
3.614070e+04 3.248426e+04
3.591075e+04 3.248426e+04
3.574225e+04 3.192480e+04
3.561414e+04 3.046479e+04
3.546605e+04 2.891948e+04
3.536396e+04 2.774369e+04
3.527867e+04 2.651103e+04
3.518709e+04 2.571705e+04
3.509440e+04 2.379234e+04
3.501952e+04 2.342672e+04
3.495133e+04 2.342672e+04
3.487262e+04 2.241542e+04
3.481365e+04 2.160616e+04
3.474203e+04 2.120056e+04
3.467996e+04 2.019167e+04
3.460701e+04 1.901546e+04
3.454539e+04 1.814330e+04
3.448295e+04 1.812463e+04
3.442988e+04 1.800974e+04
3.437410e+04 1.728531e+04
3.432499e+04 1.695444e+04
3.427615e+04 1.692888e+04
3.423367e+04 1.692888e+04
3.419295e+04 1.676146e+04
3.414872e+04 1.676146e+04
3.409956e+04 1.667197e+04
3.406394e+04 1.654751e+04
3.400890e+04 1.628630e+04
3.397627e+04 1.612522e+04
3.392942e+04 1.595592e+04
3.387947e+04 1.595592e+04
3.384132e+04 1.575688e+04
3.379696e+04 1.556152e+04
3.375941e+04 1.556152e+04
3.404964e+04 1.556152e+04
3.399793e+04 1.556152e+04
3.394972e+04 1.556152e+04
3.388942e+04 1.556152e+04
3.380826e+04 1.556152e+04
3.372762e+04 1.556152e+04
3.368859e+04 1.556152e+04
3.358310e+04 1.556152e+04
3.347076e+04 1.556152e+04
3.331486e+04 1.556152e+04
3.317488e+04 1.556152e+04
3.302712e+04 1.556152e+04
3.295538e+04 1.556152e+04
3.284443e+04 1.545243e+04
3.270974e+04 1.449075e+04
3.259998e+04 1.433088e+04
3.248305e+04 1.398252e+04
3.236244e+04 1.390784e+04
3.227214e+04 1.372338e+04
3.215563e+04 1.344141e+04
3.204201e+04 1.332565e+04
3.193303e+04 1.323146e+04
3.181885e+04 1.306291e+04
3.234390e+04 1.289201e+04
3.222829e+04 1.289201e+04
3.208593e+04 1.289201e+04
3.188043e+04 1.289201e+04
3.167561e+04 1.289201e+04
3.103025e+04 1.289201e+04
3.006859e+04 1.289201e+04
2.923466e+04 1.289201e+04
2.850540e+04 1.289201e+04
2.787367e+04 1.289201e+04
2.738698e+04 1.289201e+04
2.694006e+04 1.289201e+04
2.650471e+04 1.289201e+04
2.611308e+04 1.289201e+04
2.572645e+04 1.289201e+04
2.523759e+04 1.229811e+04
2.509022e+04 1.229811e+04
2.476768e+04 1.229811e+04
2.445367e+04 1.229811e+04
2.415162e+04 1.229811e+04
2.385687e+04 1.229811e+04
2.357250e+04 1.229811e+04
2.325015e+04 1.229811e+04
2.295032e+04 1.229811e+04
2.266294e+04 1.229811e+04
2.396009e+04 1.229811e+04
2.355083e+04 1.229811e+04
2.266823e+04 1.229811e+04
2.191581e+04 1.229811e+04
2.135972e+04 1.229811e+04
2.082135e+04 1.229811e+04
2.300319e+04 1.229811e+04
2.168257e+04 1.229811e+04
2.041642e+04 1.229811e+04
1.948079e+04 1.229811e+04
2.094804e+04 1.229811e+04
1.848022e+04 1.229810e+04
1.832668e+04 1.229810e+04
2.130814e+04 1.229810e+04
1.257162e+04 1.212019e+04
4.133574e+04 3.313440e+04
3.754903e+04 3.208536e+04
3.675414e+04 3.208536e+04
3.641705e+04 3.208536e+04
3.609353e+04 3.157853e+04
3.584632e+04 3.005544e+04
3.567759e+04 2.859877e+04
3.555312e+04 2.682314e+04
3.543325e+04 2.546707e+04
3.532266e+04 2.396493e+04
3.522093e+04 2.323954e+04
3.510206e+04 2.240268e+04
3.500763e+04 2.100098e+04
3.493606e+04 2.001905e+04
3.486848e+04 1.917313e+04
3.479014e+04 1.879691e+04
3.471763e+04 1.879691e+04
3.464526e+04 1.788098e+04
3.458647e+04 1.709360e+04
3.453445e+04 1.670106e+04
3.447576e+04 1.631282e+04
3.440698e+04 1.561616e+04
3.436155e+04 1.536797e+04
3.430192e+04 1.450985e+04
3.424271e+04 1.412233e+04
3.419745e+04 1.412233e+04
3.413838e+04 1.396337e+04
3.409807e+04 1.367715e+04
3.405630e+04 1.365117e+04
3.401403e+04 1.346004e+04
3.398118e+04 1.342758e+04
3.394558e+04 1.334122e+04
3.389564e+04 1.315849e+04
3.385715e+04 1.308228e+04
3.380420e+04 1.300021e+04
3.375111e+04 1.291234e+04
3.404977e+04 1.290993e+04
3.399617e+04 1.290993e+04
3.394464e+04 1.290993e+04
3.388035e+04 1.290993e+04
3.380684e+04 1.290993e+04
3.372988e+04 1.290993e+04
3.368850e+04 1.290993e+04
3.362516e+04 1.290993e+04
3.356669e+04 1.290993e+04
3.349433e+04 1.290993e+04
3.342574e+04 1.290993e+04
3.335355e+04 1.290993e+04
3.326404e+04 1.290993e+04
3.318357e+04 1.290993e+04
3.307552e+04 1.290993e+04
3.299322e+04 1.290993e+04
3.290590e+04 1.290993e+04
3.279798e+04 1.290993e+04
3.270929e+04 1.290993e+04
3.260151e+04 1.290993e+04
3.251303e+04 1.290993e+04
3.242636e+04 1.290993e+04
3.288272e+04 1.290993e+04
3.277530e+04 1.290993e+04
3.265815e+04 1.290993e+04
3.249828e+04 1.290993e+04
3.230197e+04 1.290993e+04
3.216345e+04 1.290993e+04
3.205627e+04 1.290993e+04
3.188081e+04 1.290993e+04
3.174495e+04 1.290993e+04
3.159859e+04 1.290993e+04
3.145034e+04 1.290993e+04
3.131348e+04 1.290993e+04
3.118430e+04 1.290993e+04
3.105388e+04 1.290993e+04
3.092907e+04 1.290993e+04
3.080754e+04 1.290993e+04
3.144938e+04 1.290993e+04
3.129726e+04 1.290993e+04
3.019460e+04 1.287706e+04
2.988204e+04 1.287700e+04
2.965538e+04 1.287694e+04
2.885309e+04 1.286650e+04
2.771575e+04 1.286650e+04
2.690931e+04 1.286650e+04
2.613025e+04 1.286639e+04
2.554574e+04 1.286639e+04
2.492751e+04 1.286628e+04
2.575575e+04 1.286628e+04
2.502884e+04 1.286447e+04
2.426793e+04 1.286447e+04
2.326648e+04 1.286447e+04
2.257796e+04 1.284151e+04
2.195740e+04 1.118900e+04
2.369468e+04 1.118900e+04
2.288970e+04 1.118900e+04
2.116653e+04 1.118900e+04
2.000233e+04 1.118900e+04
2.258730e+04 1.118900e+04
1.980673e+04 1.118900e+04
1.692003e+04 1.118900e+04
1.848034e+04 1.118900e+04
1.847236e+04 1.118900e+04
1.879615e+04 1.118900e+04
4.144216e+04 3.344799e+04
3.764484e+04 3.251242e+04
3.681150e+04 3.251242e+04
3.645492e+04 3.248864e+04
3.615337e+04 3.248864e+04
3.593326e+04 3.245603e+04
3.576310e+04 3.245603e+04
3.562536e+04 3.133525e+04
3.545851e+04 2.895694e+04
3.532330e+04 2.680391e+04
3.522973e+04 2.482489e+04
3.511611e+04 2.482489e+04
3.504196e+04 2.457039e+04
3.497536e+04 2.457039e+04
3.490331e+04 2.383770e+04
3.482477e+04 2.383770e+04
3.473425e+04 2.274556e+04
3.466386e+04 2.096662e+04
3.460945e+04 1.992214e+04
3.454553e+04 1.900504e+04
3.447813e+04 1.804138e+04
3.441881e+04 1.764338e+04
3.436331e+04 1.694209e+04
3.430969e+04 1.642633e+04
3.426308e+04 1.588552e+04
3.421946e+04 1.555714e+04
3.417291e+04 1.528065e+04
3.412871e+04 1.515934e+04
3.409028e+04 1.505798e+04
3.404073e+04 1.500504e+04
3.400298e+04 1.477059e+04
3.396404e+04 1.477059e+04
3.392687e+04 1.469534e+04
3.387901e+04 1.462335e+04
3.384194e+04 1.462335e+04
3.379821e+04 1.455100e+04
3.376120e+04 1.446276e+04
3.404760e+04 1.438515e+04
3.400772e+04 1.438515e+04
3.392721e+04 1.438515e+04
3.384603e+04 1.438515e+04
3.374676e+04 1.438515e+04
3.364271e+04 1.438515e+04
3.357376e+04 1.438515e+04
3.348200e+04 1.438515e+04
3.341286e+04 1.438515e+04
3.331589e+04 1.438515e+04
3.321817e+04 1.438515e+04
3.308423e+04 1.438515e+04
3.297805e+04 1.438515e+04
3.286798e+04 1.438515e+04
3.278400e+04 1.438515e+04
3.266304e+04 1.417856e+04
3.256086e+04 1.417856e+04
3.246328e+04 1.417856e+04
3.238258e+04 1.411598e+04
3.229221e+04 1.411598e+04
3.217585e+04 1.390778e+04
3.206220e+04 1.390778e+04
3.197781e+04 1.387674e+04
3.241849e+04 1.370839e+04
3.230581e+04 1.370839e+04
3.217809e+04 1.370839e+04
3.201094e+04 1.370839e+04
3.181166e+04 1.370839e+04
3.170230e+04 1.370839e+04
3.155862e+04 1.370839e+04
3.140043e+04 1.370839e+04
3.122510e+04 1.370839e+04
3.109419e+04 1.370839e+04
3.095807e+04 1.370839e+04
3.081877e+04 1.370839e+04
3.068900e+04 1.370839e+04
3.055071e+04 1.358968e+04
3.037764e+04 1.343382e+04
3.023175e+04 1.343382e+04
2.867453e+04 1.302683e+04
2.786138e+04 1.302683e+04
2.713668e+04 1.302683e+04
2.657797e+04 1.302683e+04
2.599354e+04 1.302683e+04
2.547860e+04 1.302683e+04
2.503048e+04 1.302683e+04
2.456566e+04 1.302683e+04
2.409383e+04 1.302683e+04
2.368843e+04 1.302683e+04
2.465377e+04 1.302683e+04
2.384977e+04 1.302683e+04
2.321380e+04 1.302683e+04
2.233093e+04 1.302683e+04
2.177332e+04 1.302683e+04
2.123467e+04 1.302683e+04
2.301752e+04 1.302683e+04
2.160017e+04 1.302683e+04
1.951252e+04 1.302683e+04
1.880845e+04 1.302683e+04
2.046880e+04 1.302683e+04
1.751130e+04 1.302683e+04
1.930946e+04 1.302683e+04
2.374537e+04 1.302683e+04
1.504242e+04 1.302683e+04
4.138025e+04 3.420707e+04
3.763771e+04 3.254878e+04
3.685197e+04 3.254878e+04
3.644151e+04 3.252265e+04
3.614439e+04 3.252265e+04
3.593751e+04 3.252265e+04
3.575195e+04 3.190843e+04
3.561440e+04 3.125200e+04
3.546407e+04 2.917558e+04
3.535050e+04 2.751405e+04
3.523232e+04 2.725873e+04
3.511308e+04 2.665570e+04
3.501917e+04 2.542383e+04
3.494794e+04 2.434956e+04
3.487953e+04 2.434956e+04
3.478978e+04 2.339106e+04
3.472568e+04 2.243868e+04
3.464874e+04 2.183348e+04
3.458993e+04 2.041180e+04
3.453249e+04 1.937940e+04
3.446699e+04 1.925457e+04
3.441126e+04 1.852747e+04
3.435669e+04 1.745985e+04
3.430905e+04 1.700512e+04
3.425991e+04 1.657988e+04
3.420880e+04 1.640382e+04
3.416436e+04 1.625754e+04
3.411914e+04 1.625754e+04
3.407606e+04 1.601116e+04
3.403345e+04 1.593043e+04
3.399792e+04 1.577185e+04
3.394983e+04 1.567867e+04
3.390758e+04 1.561627e+04
3.387048e+04 1.555999e+04
3.383956e+04 1.541548e+04
3.380240e+04 1.537721e+04
3.377061e+04 1.536029e+04
3.409328e+04 1.526134e+04
3.405412e+04 1.526134e+04
3.401062e+04 1.526134e+04
3.394963e+04 1.526134e+04
3.387630e+04 1.526134e+04
3.378445e+04 1.526134e+04
3.369575e+04 1.526134e+04
3.360580e+04 1.526134e+04
3.350348e+04 1.526134e+04
3.348277e+04 1.526134e+04
3.340015e+04 1.526134e+04
3.329730e+04 1.526134e+04
3.317409e+04 1.526134e+04
3.306651e+04 1.526134e+04
3.296948e+04 1.489731e+04
3.285862e+04 1.392251e+04
3.274538e+04 1.337539e+04
3.266704e+04 1.303138e+04
3.255030e+04 1.261159e+04
3.244424e+04 1.258416e+04
3.232785e+04 1.235603e+04
3.222034e+04 1.235603e+04
3.211425e+04 1.221567e+04
3.201170e+04 1.216816e+04
3.243580e+04 1.207058e+04
3.232322e+04 1.207058e+04
3.219317e+04 1.207058e+04
3.201471e+04 1.207058e+04
3.185936e+04 1.207058e+04
3.173286e+04 1.207058e+04
3.159123e+04 1.207058e+04
3.138950e+04 1.207058e+04
3.120929e+04 1.207058e+04
3.107437e+04 1.207058e+04
3.093856e+04 1.207058e+04
3.080258e+04 1.207058e+04
3.062938e+04 1.207058e+04
2.996967e+04 1.207058e+04
2.872046e+04 1.132924e+04
2.941799e+04 1.132924e+04
2.863456e+04 1.132924e+04
2.779442e+04 1.132924e+04
2.698154e+04 1.132924e+04
2.634600e+04 1.132924e+04
2.571449e+04 1.132924e+04
2.517167e+04 1.132924e+04
2.476200e+04 1.132924e+04
2.437165e+04 1.132924e+04
2.397259e+04 1.132924e+04
2.485217e+04 1.132924e+04
2.405715e+04 1.132924e+04
2.337043e+04 1.132924e+04
2.252844e+04 1.132924e+04
2.206604e+04 1.132924e+04
2.157064e+04 1.132924e+04
2.350832e+04 1.132924e+04
2.202734e+04 1.132924e+04
2.033162e+04 1.132924e+04
2.307306e+04 1.132924e+04
2.093414e+04 1.132924e+04
1.820465e+04 1.132924e+04
1.985500e+04 1.132924e+04
2.408146e+04 1.132924e+04
1.922159e+04 1.132924e+04
4.136393e+04 3.349968e+04
3.761217e+04 3.281347e+04
3.680539e+04 3.074190e+04
3.644689e+04 3.074190e+04
3.614677e+04 3.074190e+04
3.592168e+04 3.074190e+04
3.571625e+04 3.070425e+04
3.557772e+04 2.795623e+04
3.545733e+04 2.681546e+04
3.534136e+04 2.681546e+04
3.522594e+04 2.609937e+04
3.510451e+04 2.380891e+04
3.502150e+04 2.365909e+04
3.495307e+04 2.356807e+04
3.486953e+04 2.166071e+04
3.477576e+04 1.991981e+04
3.470415e+04 1.974845e+04
3.462909e+04 1.932397e+04
3.457960e+04 1.886983e+04
3.451707e+04 1.768735e+04
3.445333e+04 1.694680e+04
3.439014e+04 1.683439e+04
3.433205e+04 1.644494e+04
3.427724e+04 1.599825e+04
3.423324e+04 1.592319e+04
3.419156e+04 1.592319e+04
3.414839e+04 1.579334e+04
3.410053e+04 1.570295e+04
3.405090e+04 1.556161e+04
3.400798e+04 1.550670e+04
3.397500e+04 1.550670e+04
3.392959e+04 1.537051e+04
3.389373e+04 1.533505e+04
3.384732e+04 1.519503e+04
3.380597e+04 1.511947e+04
3.376602e+04 1.507112e+04
3.401924e+04 1.504850e+04
3.398461e+04 1.504850e+04
3.392978e+04 1.504850e+04
3.386643e+04 1.504850e+04
3.379890e+04 1.504850e+04
3.372055e+04 1.504850e+04
3.366138e+04 1.504850e+04
3.362659e+04 1.504850e+04
3.353781e+04 1.504850e+04
3.347430e+04 1.504850e+04
3.337988e+04 1.504850e+04
3.324513e+04 1.504850e+04
3.318714e+04 1.504850e+04
3.308926e+04 1.504850e+04
3.298242e+04 1.482465e+04
3.287259e+04 1.437693e+04
3.277061e+04 1.403202e+04
3.264621e+04 1.366816e+04
3.257051e+04 1.356751e+04
3.244893e+04 1.344933e+04
3.235480e+04 1.335097e+04
3.224538e+04 1.331250e+04
3.216685e+04 1.327006e+04
3.207582e+04 1.317911e+04
3.247880e+04 1.316870e+04
3.233598e+04 1.316870e+04
3.218594e+04 1.316870e+04
3.198823e+04 1.316870e+04
3.180510e+04 1.316870e+04
3.168141e+04 1.316870e+04
3.149146e+04 1.316870e+04
3.129778e+04 1.316870e+04
3.117751e+04 1.316870e+04
3.106224e+04 1.316870e+04
3.096205e+04 1.316870e+04
3.085982e+04 1.316870e+04
3.074055e+04 1.316870e+04
3.061047e+04 1.316870e+04
3.046100e+04 1.316870e+04
3.119817e+04 1.316870e+04
3.013664e+04 1.286861e+04
2.996822e+04 1.286861e+04
2.910838e+04 1.286861e+04
2.804213e+04 1.286861e+04
2.721140e+04 1.286861e+04
2.654185e+04 1.286861e+04
2.591263e+04 1.286861e+04
2.537109e+04 1.286861e+04
2.487208e+04 1.286861e+04
2.583957e+04 1.286861e+04
2.531715e+04 1.286861e+04
2.436864e+04 1.286861e+04
2.345658e+04 1.286861e+04
2.279875e+04 1.286861e+04
2.228252e+04 1.286861e+04
2.350975e+04 1.286861e+04
2.256042e+04 1.276075e+04
2.104417e+04 1.276075e+04
2.008441e+04 1.233568e+04
1.940993e+04 1.233568e+04
2.180210e+04 1.233568e+04
1.834870e+04 1.233568e+04
2.031269e+04 1.233568e+04
2.346930e+04 1.233568e+04
1.715085e+04 1.233568e+04
4.130894e+04 3.227282e+04
3.759631e+04 3.223427e+04
3.680242e+04 3.223427e+04
3.644556e+04 3.149030e+04
3.613864e+04 3.149030e+04
3.592080e+04 3.149030e+04
3.574024e+04 3.077825e+04
3.561101e+04 2.907414e+04
3.546944e+04 2.654965e+04
3.534704e+04 2.522459e+04
3.525422e+04 2.442105e+04
3.516033e+04 2.442105e+04
3.509864e+04 2.442105e+04
3.501840e+04 2.442105e+04
3.494542e+04 2.335217e+04
3.485524e+04 2.222050e+04
3.478931e+04 2.160030e+04
3.472115e+04 2.039634e+04
3.465790e+04 1.995511e+04
3.458954e+04 1.871278e+04
3.451901e+04 1.816115e+04
3.446621e+04 1.747982e+04
3.441315e+04 1.725872e+04
3.435483e+04 1.678361e+04
3.431958e+04 1.667281e+04
3.427827e+04 1.666536e+04
3.422690e+04 1.651024e+04
3.418667e+04 1.635797e+04
3.414210e+04 1.625744e+04
3.410274e+04 1.617770e+04
3.407027e+04 1.608993e+04
3.404143e+04 1.608993e+04
3.400438e+04 1.583466e+04
3.395506e+04 1.583466e+04
3.391276e+04 1.576419e+04
3.386455e+04 1.576419e+04
3.381811e+04 1.573001e+04
3.407112e+04 1.570889e+04
3.402420e+04 1.570889e+04
3.396618e+04 1.570889e+04
3.390398e+04 1.570889e+04
3.384619e+04 1.570889e+04
3.376714e+04 1.570889e+04
3.369852e+04 1.570889e+04
3.362615e+04 1.570889e+04
3.358762e+04 1.570889e+04
3.352547e+04 1.570889e+04
3.339222e+04 1.570889e+04
3.330002e+04 1.570889e+04
3.317518e+04 1.570889e+04
3.305575e+04 1.570889e+04
3.293341e+04 1.496019e+04
3.278239e+04 1.397648e+04
3.268155e+04 1.381352e+04
3.256432e+04 1.378496e+04
3.245036e+04 1.349588e+04
3.233381e+04 1.326522e+04
3.222596e+04 1.291997e+04
3.210296e+04 1.291997e+04
3.197834e+04 1.255875e+04
3.188670e+04 1.255875e+04
3.240008e+04 1.255875e+04
3.225963e+04 1.255875e+04
3.204844e+04 1.255875e+04
3.180582e+04 1.255875e+04
3.168930e+04 1.255875e+04
3.146955e+04 1.255875e+04
3.124118e+04 1.255875e+04
3.068849e+04 1.255875e+04
2.961116e+04 1.255875e+04
2.882317e+04 1.255875e+04
2.814044e+04 1.255875e+04
2.754779e+04 1.255875e+04
2.704220e+04 1.255875e+04
2.661047e+04 1.252569e+04
2.717406e+04 1.222478e+04
2.589849e+04 1.158266e+04
2.547580e+04 1.158266e+04
2.515094e+04 1.158266e+04
2.479001e+04 1.158266e+04
2.445240e+04 1.158266e+04
2.411766e+04 1.158266e+04
2.379187e+04 1.158266e+04
2.348994e+04 1.158266e+04
2.314609e+04 1.158266e+04
2.454410e+04 1.158266e+04
2.412407e+04 1.158266e+04
2.318885e+04 1.158266e+04
2.255986e+04 1.158266e+04
2.187232e+04 1.158266e+04
2.102446e+04 1.158266e+04
2.299975e+04 1.158266e+04
2.241621e+04 1.158266e+04
2.063960e+04 1.158266e+04
1.905388e+04 1.158266e+04
2.215731e+04 1.158266e+04
1.738838e+04 1.158266e+04
1.626286e+04 1.134426e+04
2.339837e+04 1.134426e+04
2.274951e+04 1.134426e+04
1.550254e+04 1.134426e+04
4.134789e+04 3.192254e+04
3.760951e+04 3.192254e+04
3.684479e+04 3.158798e+04
3.647752e+04 3.139480e+04
3.617273e+04 3.139480e+04
3.590738e+04 3.139480e+04
3.570473e+04 3.044971e+04
3.556400e+04 2.778760e+04
3.542646e+04 2.528480e+04
3.531655e+04 2.461142e+04
3.520943e+04 2.355971e+04
3.510017e+04 2.293608e+04
3.502670e+04 2.293608e+04
3.493708e+04 2.205503e+04
3.486874e+04 2.178131e+04
3.478929e+04 2.104688e+04
3.471502e+04 2.013870e+04
3.465036e+04 1.882053e+04
3.458351e+04 1.866408e+04
3.452942e+04 1.849825e+04
3.447117e+04 1.816967e+04
3.440560e+04 1.729639e+04
3.435836e+04 1.715502e+04
3.429008e+04 1.586779e+04
3.424331e+04 1.562050e+04
3.419626e+04 1.561114e+04
3.414543e+04 1.516684e+04
3.409756e+04 1.512085e+04
3.404251e+04 1.488593e+04
3.400049e+04 1.488593e+04
3.396051e+04 1.468222e+04
3.391136e+04 1.465232e+04
3.387453e+04 1.455752e+04
3.383713e+04 1.446358e+04
3.379678e+04 1.428905e+04
3.376024e+04 1.428658e+04
3.371207e+04 1.420794e+04
3.395932e+04 1.420794e+04
3.391837e+04 1.420794e+04
3.386756e+04 1.420794e+04
3.380519e+04 1.420794e+04
3.372986e+04 1.420794e+04
3.365776e+04 1.420794e+04
3.359833e+04 1.420794e+04
3.356829e+04 1.420794e+04
3.347871e+04 1.420794e+04
3.333525e+04 1.420794e+04
3.320804e+04 1.420794e+04
3.310312e+04 1.420794e+04
3.298770e+04 1.420794e+04
3.287353e+04 1.420794e+04
3.276954e+04 1.420794e+04
3.263867e+04 1.420794e+04
3.253414e+04 1.420794e+04
3.240993e+04 1.420794e+04
3.230003e+04 1.420794e+04
3.219362e+04 1.420794e+04
3.209042e+04 1.420794e+04
3.199117e+04 1.420794e+04
3.188954e+04 1.420794e+04
3.236550e+04 1.420794e+04
3.225766e+04 1.420794e+04
3.215727e+04 1.420794e+04
3.197992e+04 1.420794e+04
3.180378e+04 1.420794e+04
3.170490e+04 1.420794e+04
3.154686e+04 1.420794e+04
3.137353e+04 1.420794e+04
3.120287e+04 1.420794e+04
3.104791e+04 1.420794e+04
3.092679e+04 1.420794e+04
3.077634e+04 1.420794e+04
3.060834e+04 1.420794e+04
3.042581e+04 1.420794e+04
2.928502e+04 1.420794e+04
2.841217e+04 1.420794e+04
2.772138e+04 1.335944e+04
2.704837e+04 1.335942e+04
2.649895e+04 1.335936e+04
2.598621e+04 1.335917e+04
2.542187e+04 1.335898e+04
2.493938e+04 1.335893e+04
2.448143e+04 1.335888e+04
2.404098e+04 1.335476e+04
2.362702e+04 1.335122e+04
2.321479e+04 1.335122e+04
2.436081e+04 1.335122e+04
2.358743e+04 1.333862e+04
2.267709e+04 1.333862e+04
2.172284e+04 1.333862e+04
2.116495e+04 1.333626e+04
2.064904e+04 1.330094e+04
2.253123e+04 1.200159e+04
2.137330e+04 1.200159e+04
1.927278e+04 1.200159e+04
1.829475e+04 1.200159e+04
1.989169e+04 1.200159e+04
1.686919e+04 1.200159e+04
1.950187e+04 1.200159e+04
2.217686e+04 1.200159e+04
2.071058e+04 1.200159e+04
4.128886e+04 3.383761e+04
3.759759e+04 3.143593e+04
3.679520e+04 3.143593e+04
3.643902e+04 3.143593e+04
3.613318e+04 3.031106e+04
3.591008e+04 3.031106e+04
3.572931e+04 3.031106e+04
3.559046e+04 3.031106e+04
3.545409e+04 2.886933e+04
3.533081e+04 2.729950e+04
3.522024e+04 2.601332e+04
3.512178e+04 2.460340e+04
3.503530e+04 2.389191e+04
3.495506e+04 2.389191e+04
3.487788e+04 2.319316e+04
3.479350e+04 2.185996e+04
3.472887e+04 2.070548e+04
3.464324e+04 2.042615e+04
3.458441e+04 1.913742e+04
3.451764e+04 1.784095e+04
3.445824e+04 1.736708e+04
3.441624e+04 1.729812e+04
3.436770e+04 1.670093e+04
3.430693e+04 1.582729e+04
3.425916e+04 1.542996e+04
3.421337e+04 1.524037e+04
3.415654e+04 1.497399e+04
3.411448e+04 1.470015e+04
3.406815e+04 1.457815e+04
3.401786e+04 1.446498e+04
3.398662e+04 1.439071e+04
3.394648e+04 1.431419e+04
3.390079e+04 1.424361e+04
3.386174e+04 1.419796e+04
3.382372e+04 1.405380e+04
3.378130e+04 1.394157e+04
3.374409e+04 1.394157e+04
3.403455e+04 1.394157e+04
3.399131e+04 1.394157e+04
3.394448e+04 1.394157e+04
3.388507e+04 1.394157e+04
3.380273e+04 1.394157e+04
3.373716e+04 1.394157e+04
3.369625e+04 1.394157e+04
3.360232e+04 1.394157e+04
3.350371e+04 1.394157e+04
3.334952e+04 1.394157e+04
3.307959e+04 1.394157e+04
3.212219e+04 1.394157e+04
3.134400e+04 1.394157e+04
3.064405e+04 1.394157e+04
3.006782e+04 1.394157e+04
2.961831e+04 1.394157e+04
2.915595e+04 1.394157e+04
2.875393e+04 1.394157e+04
2.842000e+04 1.394157e+04
2.806528e+04 1.394157e+04
2.772831e+04 1.394157e+04
2.744236e+04 1.394157e+04
2.718427e+04 1.394157e+04
2.693253e+04 1.394157e+04
2.722654e+04 1.394157e+04
2.697260e+04 1.394157e+04
2.666847e+04 1.394157e+04
2.632870e+04 1.394157e+04
2.607217e+04 1.394157e+04
2.584990e+04 1.394157e+04
2.558344e+04 1.394157e+04
2.528602e+04 1.394157e+04
2.500764e+04 1.394157e+04
2.478490e+04 1.330668e+04
2.456998e+04 1.295795e+04
2.435126e+04 1.233869e+04
2.414497e+04 1.216765e+04
2.392637e+04 1.187789e+04
2.369727e+04 1.173142e+04
2.345042e+04 1.087375e+04
2.325983e+04 1.087375e+04
2.306232e+04 1.087375e+04
2.287153e+04 1.087375e+04
2.265312e+04 1.087375e+04
2.243262e+04 1.087375e+04
2.221846e+04 1.087375e+04
2.196837e+04 1.087375e+04
2.172503e+04 1.087375e+04
2.150694e+04 1.087375e+04
2.309521e+04 1.087375e+04
2.236998e+04 1.087375e+04
2.178468e+04 1.087375e+04
2.107744e+04 1.087375e+04
2.073667e+04 1.087375e+04
2.037841e+04 1.087375e+04
2.216054e+04 1.087375e+04
2.084782e+04 1.087375e+04
1.990944e+04 1.087375e+04
2.171288e+04 1.087375e+04
1.914814e+04 1.087375e+04
1.736051e+04 1.087375e+04
1.854405e+04 1.087375e+04
2.028920e+04 1.087375e+04
2.531333e+04 1.087375e+04
4.135573e+04 3.310665e+04
3.761643e+04 3.285040e+04
3.685409e+04 3.229834e+04
3.647328e+04 3.173339e+04
3.618349e+04 3.173339e+04
3.595463e+04 3.173339e+04
3.575425e+04 3.076507e+04
3.561217e+04 2.893199e+04
3.544423e+04 2.729744e+04
3.533032e+04 2.537507e+04
3.523721e+04 2.518326e+04
3.513718e+04 2.464606e+04
3.504787e+04 2.411684e+04
3.497974e+04 2.407171e+04
3.490174e+04 2.291537e+04
3.482216e+04 2.244617e+04
3.474393e+04 2.093849e+04
3.467894e+04 2.038918e+04
3.461704e+04 1.936702e+04
3.455240e+04 1.897868e+04
3.448728e+04 1.817632e+04
3.443750e+04 1.785857e+04
3.438198e+04 1.757604e+04
3.432887e+04 1.713009e+04
3.427428e+04 1.674703e+04
3.423558e+04 1.674703e+04
3.417822e+04 1.674659e+04
3.413065e+04 1.648582e+04
3.408519e+04 1.626679e+04
3.404202e+04 1.621617e+04
3.400583e+04 1.606276e+04
3.397311e+04 1.603607e+04
3.393467e+04 1.582831e+04
3.389704e+04 1.577245e+04
3.385865e+04 1.569255e+04
3.382476e+04 1.566028e+04
3.377997e+04 1.555353e+04
3.409369e+04 1.553266e+04
3.404313e+04 1.553266e+04
3.394256e+04 1.553266e+04
3.385856e+04 1.553266e+04
3.378142e+04 1.553266e+04
3.370543e+04 1.553266e+04
3.364762e+04 1.553266e+04
3.357633e+04 1.553266e+04
3.352568e+04 1.553266e+04
3.338732e+04 1.553266e+04
3.327535e+04 1.553266e+04
3.319131e+04 1.553266e+04
3.308095e+04 1.553266e+04
3.294585e+04 1.553266e+04
3.284674e+04 1.553266e+04
3.275417e+04 1.553266e+04
3.265105e+04 1.538775e+04
3.255750e+04 1.535699e+04
3.247142e+04 1.535699e+04
3.238992e+04 1.535699e+04
3.229834e+04 1.503989e+04
3.220243e+04 1.502654e+04
3.211222e+04 1.486541e+04
3.203485e+04 1.463238e+04
3.250959e+04 1.463238e+04
3.238385e+04 1.463238e+04
3.220892e+04 1.463238e+04
3.201633e+04 1.463238e+04
3.190885e+04 1.463238e+04
3.174599e+04 1.463238e+04
3.160330e+04 1.463238e+04
3.142356e+04 1.463238e+04
3.126889e+04 1.463238e+04
3.112364e+04 1.463238e+04
3.099285e+04 1.463238e+04
3.087874e+04 1.463238e+04
3.075222e+04 1.463238e+04
3.062055e+04 1.463238e+04
3.045435e+04 1.463238e+04
3.105576e+04 1.338317e+04
2.980760e+04 1.338317e+04
2.876840e+04 1.338317e+04
2.770571e+04 1.338317e+04
2.687277e+04 1.338317e+04
2.625210e+04 1.330545e+04
2.574573e+04 1.302782e+04
2.518193e+04 1.302782e+04
2.469923e+04 1.302782e+04
2.422672e+04 1.302782e+04
2.520056e+04 1.302782e+04
2.474053e+04 1.302782e+04
2.378523e+04 1.302782e+04
2.299636e+04 1.302782e+04
2.228617e+04 1.302782e+04
2.170244e+04 1.302782e+04
2.347303e+04 1.302782e+04
2.233388e+04 1.302782e+04
2.061260e+04 1.302782e+04
1.970009e+04 1.302782e+04
2.109348e+04 1.302782e+04
1.826160e+04 1.302782e+04
2.098766e+04 1.302782e+04
2.180310e+04 1.302782e+04
1.842206e+04 1.302782e+04
4.135360e+04 3.198159e+04
3.760305e+04 3.198159e+04
3.685197e+04 3.120031e+04
3.645862e+04 3.120031e+04
3.614271e+04 3.120031e+04
3.590555e+04 3.044984e+04
3.568890e+04 2.811734e+04
3.555055e+04 2.710188e+04
3.542435e+04 2.544655e+04
3.532172e+04 2.544655e+04
3.521456e+04 2.544655e+04
3.510149e+04 2.451322e+04
3.499629e+04 2.344084e+04
3.489845e+04 2.185807e+04
3.482931e+04 2.132881e+04
3.474971e+04 2.031175e+04
3.467222e+04 1.904739e+04
3.460172e+04 1.848067e+04
3.453010e+04 1.719360e+04
3.447013e+04 1.701507e+04
3.440364e+04 1.645192e+04
3.433710e+04 1.597860e+04
3.428380e+04 1.529100e+04
3.424523e+04 1.509905e+04
3.419124e+04 1.479239e+04
3.414432e+04 1.473835e+04
3.409921e+04 1.456783e+04
3.405468e+04 1.440666e+04
3.401191e+04 1.440666e+04
3.396551e+04 1.431198e+04
3.392102e+04 1.425173e+04
3.387601e+04 1.416431e+04
3.383812e+04 1.416431e+04
3.379672e+04 1.413630e+04
3.376051e+04 1.412029e+04
3.372332e+04 1.408565e+04
3.368909e+04 1.402929e+04
3.397641e+04 1.402929e+04
3.393166e+04 1.402929e+04
3.388177e+04 1.402929e+04
3.381230e+04 1.402929e+04
3.368233e+04 1.402929e+04
3.358068e+04 1.402929e+04
3.350761e+04 1.402929e+04
3.337240e+04 1.402929e+04
3.326131e+04 1.402929e+04
3.313791e+04 1.402929e+04
3.301848e+04 1.402929e+04
3.290936e+04 1.402929e+04
3.282146e+04 1.402929e+04
3.273831e+04 1.402929e+04
3.265035e+04 1.402929e+04
3.256098e+04 1.402929e+04
3.245646e+04 1.402929e+04
3.234475e+04 1.402929e+04
3.224796e+04 1.402929e+04
3.215171e+04 1.402929e+04
3.204348e+04 1.402929e+04
3.191795e+04 1.402929e+04
3.228183e+04 1.402929e+04
3.216745e+04 1.402929e+04
3.203961e+04 1.402929e+04
3.188032e+04 1.402929e+04
3.170604e+04 1.402929e+04
3.154345e+04 1.402929e+04
3.142746e+04 1.402929e+04
3.120510e+04 1.402929e+04
3.101810e+04 1.402929e+04
3.062538e+04 1.402929e+04
2.957143e+04 1.402929e+04
2.880825e+04 1.402929e+04
2.815510e+04 1.402929e+04
2.758652e+04 1.402929e+04
2.707341e+04 1.402929e+04
2.664733e+04 1.402929e+04
2.710783e+04 1.402929e+04
2.595663e+04 1.383326e+04
2.556024e+04 1.383326e+04
2.522203e+04 1.383326e+04
2.486625e+04 1.372351e+04
2.451785e+04 1.372351e+04
2.418881e+04 1.372351e+04
2.386807e+04 1.372351e+04
2.353254e+04 1.372351e+04
2.316414e+04 1.272816e+04
2.286350e+04 1.272816e+04
2.399327e+04 1.272816e+04
2.332026e+04 1.272816e+04
2.252741e+04 1.272816e+04
2.180331e+04 1.272816e+04
2.136043e+04 1.272816e+04
2.092811e+04 1.272816e+04
2.273443e+04 1.272816e+04
2.121375e+04 1.272816e+04
1.989695e+04 1.272816e+04
2.268404e+04 1.272816e+04
1.985506e+04 1.272816e+04
1.752957e+04 1.272816e+04
1.874383e+04 1.272816e+04
2.090624e+04 1.272816e+04
1.272816e+04 1.272816e+04
4.131837e+04 3.394591e+04
3.754672e+04 3.265308e+04
3.679945e+04 3.265308e+04
3.643137e+04 3.244255e+04
3.613153e+04 3.183123e+04
3.590695e+04 3.183123e+04
3.573938e+04 3.161087e+04
3.559203e+04 2.944793e+04
3.545729e+04 2.836411e+04
3.534179e+04 2.697403e+04
3.522637e+04 2.641428e+04
3.512968e+04 2.574893e+04
3.504481e+04 2.516708e+04
3.496894e+04 2.431998e+04
3.488672e+04 2.360423e+04
3.481378e+04 2.249884e+04
3.474892e+04 2.225954e+04
3.467460e+04 2.225954e+04
3.459705e+04 2.104582e+04
3.454103e+04 2.058680e+04
3.447834e+04 1.920133e+04
3.441973e+04 1.851633e+04
3.436315e+04 1.795017e+04
3.431289e+04 1.766450e+04
3.425998e+04 1.727681e+04
3.421193e+04 1.695530e+04
3.415716e+04 1.680135e+04
3.411269e+04 1.668818e+04
3.406586e+04 1.637259e+04
3.402562e+04 1.627471e+04
3.399368e+04 1.623624e+04
3.395187e+04 1.623624e+04
3.390706e+04 1.599743e+04
3.386474e+04 1.599743e+04
3.383163e+04 1.595659e+04
3.379334e+04 1.584393e+04
3.373653e+04 1.584393e+04
3.366830e+04 1.581010e+04
3.395354e+04 1.578157e+04
3.386421e+04 1.578157e+04
3.369909e+04 1.578157e+04
3.350829e+04 1.578157e+04
3.333578e+04 1.578157e+04
3.324889e+04 1.578157e+04
3.288028e+04 1.578157e+04
3.199586e+04 1.578157e+04
3.127951e+04 1.578157e+04
3.067035e+04 1.578157e+04
3.016798e+04 1.578157e+04
2.965306e+04 1.578157e+04
2.922977e+04 1.578157e+04
2.883690e+04 1.578157e+04
2.845269e+04 1.521235e+04
2.816052e+04 1.478089e+04
2.786434e+04 1.431719e+04
2.758362e+04 1.415327e+04
2.730205e+04 1.389058e+04
2.702381e+04 1.377565e+04
2.677933e+04 1.364937e+04
2.655315e+04 1.361304e+04
2.632111e+04 1.345003e+04
2.609609e+04 1.339325e+04
2.640120e+04 1.339325e+04
2.618051e+04 1.339325e+04
2.590427e+04 1.339325e+04
2.561250e+04 1.339325e+04
2.539513e+04 1.339325e+04
2.516917e+04 1.339325e+04
2.492452e+04 1.339325e+04
2.466084e+04 1.339325e+04
2.442390e+04 1.339325e+04
2.420544e+04 1.331761e+04
2.401457e+04 1.279697e+04
2.381077e+04 1.261953e+04
2.362444e+04 1.249335e+04
2.342848e+04 1.227393e+04
2.326207e+04 1.176253e+04
2.409786e+04 1.176253e+04
2.377783e+04 1.176253e+04
2.332859e+04 1.176253e+04
2.311545e+04 1.176253e+04
2.268037e+04 1.176253e+04
2.233039e+04 1.176253e+04
2.206576e+04 1.176253e+04
2.180688e+04 1.151246e+04
2.125209e+04 1.069773e+04
2.100967e+04 1.069773e+04
2.236489e+04 1.069773e+04
2.166061e+04 1.069773e+04
2.115293e+04 1.069773e+04
2.038993e+04 1.069773e+04
1.995766e+04 1.069773e+04
2.181714e+04 1.069773e+04
1.859765e+04 1.044104e+04
1.825979e+04 1.044104e+04
1.762192e+04 1.044104e+04
2.191355e+04 1.044104e+04
1.772420e+04 1.044104e+04
2.269471e+04 1.044104e+04
2.481947e+04 1.044104e+04
2.146208e+04 1.044104e+04
4.130578e+04 3.290121e+04
3.757229e+04 3.230049e+04
3.679416e+04 3.230049e+04
3.642967e+04 3.170932e+04
3.611920e+04 3.162877e+04
3.590589e+04 3.162877e+04
3.572569e+04 3.162877e+04
3.559067e+04 2.998382e+04
3.546073e+04 2.755687e+04
3.534953e+04 2.696372e+04
3.525855e+04 2.575957e+04
3.516123e+04 2.502455e+04
3.507224e+04 2.480422e+04
3.499271e+04 2.390874e+04
3.491380e+04 2.276192e+04
3.482829e+04 2.222738e+04
3.475460e+04 2.117931e+04
3.466992e+04 1.978906e+04
3.460326e+04 1.937181e+04
3.453262e+04 1.815421e+04
3.446766e+04 1.787396e+04
3.440572e+04 1.696895e+04
3.435208e+04 1.651182e+04
3.430807e+04 1.602692e+04
3.426273e+04 1.599034e+04
3.421991e+04 1.599034e+04
3.417277e+04 1.569861e+04
3.413058e+04 1.562655e+04
3.408831e+04 1.541733e+04
3.405130e+04 1.541733e+04
3.401737e+04 1.541733e+04
3.397702e+04 1.540409e+04
3.393590e+04 1.525037e+04
3.390069e+04 1.512662e+04
3.385252e+04 1.510893e+04
3.381065e+04 1.503666e+04
3.376955e+04 1.503666e+04
3.409143e+04 1.503666e+04
3.403817e+04 1.503666e+04
3.398075e+04 1.503666e+04
3.392511e+04 1.503666e+04
3.384423e+04 1.503666e+04
3.375862e+04 1.503666e+04
3.370613e+04 1.503666e+04
3.364178e+04 1.503666e+04
3.351609e+04 1.503666e+04
3.338604e+04 1.503666e+04
3.326704e+04 1.503666e+04
3.320410e+04 1.503666e+04
3.310975e+04 1.503666e+04
3.303130e+04 1.503666e+04
3.294330e+04 1.492252e+04
3.285774e+04 1.484091e+04
3.275019e+04 1.468914e+04
3.263428e+04 1.434315e+04
3.251530e+04 1.422275e+04
3.241220e+04 1.422275e+04
3.231515e+04 1.415800e+04
3.220546e+04 1.408539e+04
3.210929e+04 1.397137e+04
3.254090e+04 1.392896e+04
3.240735e+04 1.392896e+04
3.226694e+04 1.392896e+04
3.209280e+04 1.392896e+04
3.194513e+04 1.392896e+04
3.184524e+04 1.392896e+04
3.171245e+04 1.392896e+04
3.150225e+04 1.392896e+04
3.098774e+04 1.392896e+04
2.985528e+04 1.392896e+04
2.902719e+04 1.392896e+04
2.830685e+04 1.392896e+04
2.772897e+04 1.392896e+04
2.725409e+04 1.392896e+04
2.675534e+04 1.392896e+04
2.714166e+04 1.392896e+04
2.596151e+04 1.385061e+04
2.558512e+04 1.385056e+04
2.517610e+04 1.385053e+04
2.481475e+04 1.384323e+04
2.447725e+04 1.380304e+04
2.415411e+04 1.380304e+04
2.380969e+04 1.379486e+04
2.351988e+04 1.370050e+04
2.321281e+04 1.370050e+04
2.419619e+04 1.370050e+04
2.376800e+04 1.370050e+04
2.288758e+04 1.369250e+04
2.211434e+04 1.369250e+04
2.154009e+04 1.369250e+04
2.110413e+04 1.359634e+04
2.062231e+04 1.278788e+04
2.025861e+04 1.278788e+04
1.978742e+04 1.278788e+04
1.920479e+04 1.278788e+04
1.857410e+04 1.278788e+04
2.032931e+04 1.278788e+04
1.729973e+04 1.278788e+04
1.915472e+04 1.278788e+04
2.137943e+04 1.278788e+04
1.053066e+04 9.869884e+03
4.127099e+04 3.356819e+04
3.762757e+04 3.294137e+04
3.683411e+04 3.256215e+04
3.648762e+04 3.252488e+04
3.619333e+04 3.247350e+04
3.596149e+04 3.247350e+04
3.577900e+04 3.247350e+04
3.563403e+04 3.179271e+04
3.548664e+04 2.927695e+04
3.536115e+04 2.765833e+04
3.527355e+04 2.608044e+04
3.517266e+04 2.572183e+04
3.508354e+04 2.451455e+04
3.499447e+04 2.378564e+04
3.493336e+04 2.378564e+04
3.485906e+04 2.360576e+04
3.478408e+04 2.241867e+04
3.470789e+04 2.069018e+04
3.463884e+04 2.025912e+04
3.456880e+04 1.925098e+04
3.450005e+04 1.790708e+04
3.444616e+04 1.790708e+04
3.439483e+04 1.705859e+04
3.435085e+04 1.636564e+04
3.429677e+04 1.621737e+04
3.424493e+04 1.620744e+04
3.419489e+04 1.588170e+04
3.415617e+04 1.565625e+04
3.410696e+04 1.553841e+04
3.405776e+04 1.550422e+04
3.400530e+04 1.524863e+04
3.396781e+04 1.503228e+04
3.392175e+04 1.498950e+04
3.388119e+04 1.498950e+04
3.383902e+04 1.479479e+04
3.380061e+04 1.461017e+04
3.375970e+04 1.442267e+04
3.406383e+04 1.442267e+04
3.402922e+04 1.442267e+04
3.397954e+04 1.442267e+04
3.391281e+04 1.442267e+04
3.384837e+04 1.442267e+04
3.376318e+04 1.442267e+04
3.366582e+04 1.442267e+04
3.359709e+04 1.442267e+04
3.349872e+04 1.442267e+04
3.340133e+04 1.442267e+04
3.332198e+04 1.442267e+04
3.319489e+04 1.442267e+04
3.307610e+04 1.442267e+04
3.296947e+04 1.442267e+04
3.287063e+04 1.442267e+04
3.275399e+04 1.422629e+04
3.266759e+04 1.419174e+04
3.256907e+04 1.391008e+04
3.245915e+04 1.353301e+04
3.236192e+04 1.353301e+04
3.228496e+04 1.353301e+04
3.220002e+04 1.332228e+04
3.212102e+04 1.323248e+04
3.255171e+04 1.323248e+04
3.244891e+04 1.323248e+04
3.232223e+04 1.323248e+04
3.215958e+04 1.323248e+04
3.204929e+04 1.323248e+04
3.191950e+04 1.323248e+04
3.174171e+04 1.323248e+04
3.155894e+04 1.323248e+04
3.140983e+04 1.323248e+04
3.122598e+04 1.323248e+04
3.104387e+04 1.323248e+04
3.087007e+04 1.323248e+04
3.072671e+04 1.323248e+04
3.057106e+04 1.323248e+04
3.037423e+04 1.323248e+04
3.048491e+04 1.323248e+04
2.926892e+04 1.273506e+04
2.832080e+04 1.273506e+04
2.749552e+04 1.273506e+04
2.682046e+04 1.273506e+04
2.621365e+04 1.273506e+04
2.575081e+04 1.273506e+04
2.528079e+04 1.273506e+04
2.484661e+04 1.273506e+04
2.437575e+04 1.273506e+04
2.542590e+04 1.273506e+04
2.501561e+04 1.273506e+04
2.410678e+04 1.273506e+04
2.354525e+04 1.273506e+04
2.263322e+04 1.273506e+04
2.206431e+04 1.273506e+04
2.355481e+04 1.273506e+04
2.287596e+04 1.273506e+04
2.165941e+04 1.273506e+04
2.039397e+04 1.273506e+04
2.267663e+04 1.273506e+04
1.953581e+04 1.251703e+04
1.821439e+04 1.172818e+04
2.359347e+04 1.172818e+04
2.548204e+04 1.172818e+04
2.120732e+04 1.172818e+04
4.131251e+04 3.369545e+04
3.761854e+04 3.210626e+04
3.684280e+04 3.210626e+04
3.647797e+04 3.210626e+04
3.615201e+04 3.210626e+04
3.590884e+04 3.210626e+04
3.572929e+04 3.067517e+04
3.558515e+04 2.827351e+04
3.544040e+04 2.646617e+04
3.533585e+04 2.605131e+04
3.522859e+04 2.529224e+04
3.510985e+04 2.445165e+04
3.501320e+04 2.388779e+04
3.491680e+04 2.205560e+04
3.484855e+04 2.136127e+04
3.475812e+04 2.012887e+04
3.471201e+04 1.978974e+04
3.462452e+04 1.930204e+04
3.456105e+04 1.815399e+04
3.450421e+04 1.815399e+04
3.444486e+04 1.774773e+04
3.438551e+04 1.728160e+04
3.433195e+04 1.693638e+04
3.428004e+04 1.656977e+04
3.422856e+04 1.628557e+04
3.418385e+04 1.628557e+04
3.413275e+04 1.628557e+04
3.409357e+04 1.628557e+04
3.405286e+04 1.628557e+04
3.401476e+04 1.616696e+04
3.397424e+04 1.610402e+04
3.392413e+04 1.604100e+04
3.387507e+04 1.604064e+04
3.382840e+04 1.593027e+04
3.379324e+04 1.589682e+04
3.375434e+04 1.589682e+04
3.408222e+04 1.588336e+04
3.404387e+04 1.588336e+04
3.399682e+04 1.588336e+04
3.391184e+04 1.588336e+04
3.382725e+04 1.588336e+04
3.373531e+04 1.588336e+04
3.363759e+04 1.588336e+04
3.356647e+04 1.588336e+04
3.343846e+04 1.588336e+04
3.335735e+04 1.588336e+04
3.328835e+04 1.588336e+04
3.317742e+04 1.588336e+04
3.305715e+04 1.588336e+04
3.296721e+04 1.588336e+04
3.284729e+04 1.588336e+04
3.272355e+04 1.588336e+04
3.260922e+04 1.582495e+04
3.248639e+04 1.563332e+04
3.234666e+04 1.552145e+04
3.221367e+04 1.550108e+04
3.209551e+04 1.541498e+04
3.198988e+04 1.531224e+04
3.186656e+04 1.524932e+04
3.173813e+04 1.506537e+04
3.212548e+04 1.506537e+04
3.198666e+04 1.506537e+04
3.179076e+04 1.506537e+04
3.152634e+04 1.506537e+04
3.138428e+04 1.506537e+04
3.121123e+04 1.506537e+04
3.099603e+04 1.506537e+04
3.041799e+04 1.506537e+04
2.939240e+04 1.506537e+04
2.865718e+04 1.506537e+04
2.807435e+04 1.455028e+04
2.751759e+04 1.422646e+04
2.701322e+04 1.380433e+04
2.655829e+04 1.354760e+04
2.614835e+04 1.354547e+04
2.650681e+04 1.354547e+04
2.541788e+04 1.341928e+04
2.505773e+04 1.341919e+04
2.472471e+04 1.341912e+04
2.436331e+04 1.341906e+04
2.399930e+04 1.340409e+04
2.365966e+04 1.340407e+04
2.335419e+04 1.339274e+04
2.301878e+04 1.335077e+04
2.267446e+04 1.335077e+04
2.361650e+04 1.335077e+04
2.319930e+04 1.335077e+04
2.241757e+04 1.333120e+04
2.165120e+04 1.333120e+04
2.109153e+04 1.332048e+04
2.067006e+04 1.332048e+04
2.187032e+04 1.330830e+04
2.094154e+04 1.330830e+04
1.962663e+04 1.329958e+04
1.879909e+04 1.329958e+04
2.162222e+04 1.328081e+04
1.864937e+04 1.320718e+04
1.627144e+04 1.320514e+04
1.691945e+04 1.319306e+04
1.923040e+04 1.314225e+04
1.295403e+04 1.287159e+04
4.141390e+04 3.329778e+04
3.761313e+04 3.320995e+04
3.686181e+04 3.228532e+04
3.648617e+04 3.228532e+04
3.620819e+04 3.228532e+04
3.594111e+04 3.172020e+04
3.577288e+04 2.989235e+04
3.562892e+04 2.857772e+04
3.547767e+04 2.694181e+04
3.536596e+04 2.545274e+04
3.526070e+04 2.489621e+04
3.513618e+04 2.401305e+04
3.504317e+04 2.356713e+04
3.496931e+04 2.295671e+04
3.488399e+04 2.157134e+04
3.481287e+04 2.105549e+04
3.474808e+04 2.045406e+04
3.466710e+04 1.916471e+04
3.460934e+04 1.916471e+04
3.453355e+04 1.868819e+04
3.447361e+04 1.808722e+04
3.441739e+04 1.727702e+04
3.436788e+04 1.703376e+04
3.431329e+04 1.651122e+04
3.425952e+04 1.648954e+04
3.420937e+04 1.632659e+04
3.416017e+04 1.614015e+04
3.412468e+04 1.614015e+04
3.407572e+04 1.601915e+04
3.403072e+04 1.597464e+04
3.399454e+04 1.584260e+04
3.394266e+04 1.570685e+04
3.390992e+04 1.565312e+04
3.386611e+04 1.536713e+04
3.382181e+04 1.536713e+04
3.378028e+04 1.524943e+04
3.373761e+04 1.523678e+04
3.401584e+04 1.523678e+04
3.397547e+04 1.523678e+04
3.388737e+04 1.523678e+04
3.379962e+04 1.523678e+04
3.368565e+04 1.523678e+04
3.358173e+04 1.523678e+04
3.351276e+04 1.523678e+04
3.344739e+04 1.523678e+04
3.339909e+04 1.523678e+04
3.331283e+04 1.523678e+04
3.318074e+04 1.523678e+04
3.308061e+04 1.523678e+04
3.293432e+04 1.523678e+04
3.281133e+04 1.466860e+04
3.270610e+04 1.374697e+04
3.259639e+04 1.309674e+04
3.247594e+04 1.284248e+04
3.237547e+04 1.262756e+04
3.225373e+04 1.225937e+04
3.215516e+04 1.201331e+04
3.205374e+04 1.193741e+04
3.195447e+04 1.190643e+04
3.186672e+04 1.177814e+04
3.234079e+04 1.172246e+04
3.224130e+04 1.172246e+04
3.211003e+04 1.172246e+04
3.191948e+04 1.172246e+04
3.178457e+04 1.172246e+04
3.166942e+04 1.172246e+04
3.151099e+04 1.172246e+04
3.134611e+04 1.172246e+04
3.125860e+04 1.172246e+04
3.108948e+04 1.172246e+04
3.097568e+04 1.172246e+04
3.085575e+04 1.172246e+04
3.072553e+04 1.172246e+04
3.059002e+04 1.172246e+04
3.040709e+04 1.172246e+04
3.012930e+04 1.172246e+04
2.892058e+04 1.127376e+04
2.801742e+04 1.127376e+04
2.735132e+04 1.127376e+04
2.667617e+04 1.127376e+04
2.614168e+04 1.127376e+04
2.562510e+04 1.127376e+04
2.512331e+04 1.127376e+04
2.470805e+04 1.127376e+04
2.429370e+04 1.127376e+04
2.382142e+04 1.127376e+04
2.514972e+04 1.127376e+04
2.441603e+04 1.127376e+04
2.364805e+04 1.127376e+04
2.274458e+04 1.127376e+04
2.228508e+04 1.127376e+04
2.179884e+04 1.127376e+04
2.347295e+04 1.127376e+04
2.199647e+04 1.127376e+04
2.058993e+04 1.127376e+04
2.305880e+04 1.127376e+04
2.128630e+04 1.127376e+04
1.814710e+04 1.127376e+04
2.026241e+04 1.127376e+04
2.428077e+04 1.127376e+04
1.928102e+04 1.127376e+04
4.126240e+04 3.388855e+04
3.760566e+04 3.094771e+04
3.680724e+04 3.094771e+04
3.646600e+04 3.094771e+04
3.616696e+04 3.094771e+04
3.591755e+04 3.009009e+04
3.572700e+04 2.795599e+04
3.559155e+04 2.582912e+04
3.545393e+04 2.541129e+04
3.534366e+04 2.519906e+04
3.523251e+04 2.519906e+04
3.513590e+04 2.498127e+04
3.502992e+04 2.302526e+04
3.495952e+04 2.261385e+04
3.488053e+04 2.176498e+04
3.479435e+04 2.038446e+04
3.472403e+04 1.970892e+04
3.465845e+04 1.970892e+04
3.460206e+04 1.886185e+04
3.453370e+04 1.794212e+04
3.447306e+04 1.716781e+04
3.441721e+04 1.685927e+04
3.435789e+04 1.616443e+04
3.431440e+04 1.590185e+04
3.426195e+04 1.541171e+04
3.421669e+04 1.541171e+04
3.417404e+04 1.541171e+04
3.412574e+04 1.525005e+04
3.408548e+04 1.525005e+04
3.403961e+04 1.491897e+04
3.400369e+04 1.482514e+04
3.396806e+04 1.474789e+04
3.392493e+04 1.465977e+04
3.387080e+04 1.452034e+04
3.383508e+04 1.443560e+04
3.380229e+04 1.441048e+04
3.375985e+04 1.438378e+04
3.405846e+04 1.432041e+04
3.399483e+04 1.432041e+04
3.393723e+04 1.432041e+04
3.385536e+04 1.432041e+04
3.375964e+04 1.432041e+04
3.362931e+04 1.432041e+04
3.347791e+04 1.432041e+04
3.333984e+04 1.432041e+04
3.324039e+04 1.432041e+04
3.310704e+04 1.432041e+04
3.299407e+04 1.432041e+04
3.221478e+04 1.432041e+04
3.140636e+04 1.432041e+04
3.067551e+04 1.432041e+04
3.009613e+04 1.432041e+04
2.957811e+04 1.432041e+04
2.910396e+04 1.432041e+04
2.867387e+04 1.432041e+04
2.831149e+04 1.400727e+04
2.799973e+04 1.382636e+04
2.768398e+04 1.366059e+04
2.738740e+04 1.350337e+04
2.711810e+04 1.320599e+04
2.685761e+04 1.300548e+04
2.715195e+04 1.300548e+04
2.690366e+04 1.300548e+04
2.660610e+04 1.300548e+04
2.625509e+04 1.300548e+04
2.600983e+04 1.300548e+04
2.573810e+04 1.300548e+04
2.547774e+04 1.300548e+04
2.518444e+04 1.300548e+04
2.490253e+04 1.300548e+04
2.466883e+04 1.300548e+04
2.445531e+04 1.300548e+04
2.424733e+04 1.300548e+04
2.404607e+04 1.300548e+04
2.384022e+04 1.291068e+04
2.359344e+04 1.227561e+04
2.347297e+04 1.227561e+04
2.327746e+04 1.227561e+04
2.308764e+04 1.227561e+04
2.289762e+04 1.227561e+04
2.271151e+04 1.227561e+04
2.249093e+04 1.227561e+04
2.227976e+04 1.227561e+04
2.204359e+04 1.227561e+04
2.181132e+04 1.227561e+04
2.306841e+04 1.227561e+04
2.274672e+04 1.227561e+04
2.206751e+04 1.227561e+04
2.133407e+04 1.227561e+04
2.084394e+04 1.227561e+04
2.046581e+04 1.227561e+04
2.220342e+04 1.227561e+04
2.165035e+04 1.227561e+04
2.021937e+04 1.227561e+04
1.941474e+04 1.227561e+04
2.146684e+04 1.227561e+04
1.876967e+04 1.227561e+04
1.712941e+04 1.227561e+04
1.856953e+04 1.227561e+04
2.070486e+04 1.227561e+04
1.574523e+04 1.227561e+04
4.132294e+04 3.380832e+04
3.762251e+04 3.280352e+04
3.682681e+04 3.280352e+04
3.646920e+04 3.279734e+04
3.617483e+04 3.279734e+04
3.595592e+04 3.154829e+04
3.575258e+04 2.890896e+04
3.562336e+04 2.802261e+04
3.549434e+04 2.582090e+04
3.539077e+04 2.582090e+04
3.529060e+04 2.530599e+04
3.516978e+04 2.530599e+04
3.508467e+04 2.491154e+04
3.500343e+04 2.372109e+04
3.491321e+04 2.276578e+04
3.483703e+04 2.190725e+04
3.476852e+04 2.147409e+04
3.468747e+04 2.050965e+04
3.462063e+04 1.991802e+04
3.456461e+04 1.967149e+04
3.449975e+04 1.886723e+04
3.442831e+04 1.823336e+04
3.437079e+04 1.795620e+04
3.431652e+04 1.756334e+04
3.426689e+04 1.705823e+04
3.421533e+04 1.703520e+04
3.416454e+04 1.700024e+04
3.412537e+04 1.700024e+04
3.408130e+04 1.676502e+04
3.403930e+04 1.676502e+04
3.400239e+04 1.668712e+04
3.396600e+04 1.662280e+04
3.392689e+04 1.655164e+04
3.389160e+04 1.655164e+04
3.384760e+04 1.648008e+04
3.381458e+04 1.645183e+04
3.405927e+04 1.631614e+04
3.401882e+04 1.631614e+04
3.396029e+04 1.631614e+04
3.389126e+04 1.631614e+04
3.380744e+04 1.631614e+04
3.370497e+04 1.631614e+04
3.361414e+04 1.631614e+04
3.355345e+04 1.631614e+04
3.348014e+04 1.631614e+04
3.337654e+04 1.631614e+04
3.327194e+04 1.631614e+04
3.316395e+04 1.631614e+04
3.303681e+04 1.518880e+04
3.295687e+04 1.470551e+04
3.286051e+04 1.381127e+04
3.276580e+04 1.381127e+04
3.266381e+04 1.344912e+04
3.258275e+04 1.320215e+04
3.246726e+04 1.292922e+04
3.237311e+04 1.275389e+04
3.227689e+04 1.266956e+04
3.218121e+04 1.266956e+04
3.206399e+04 1.254318e+04
3.194546e+04 1.248525e+04
3.238645e+04 1.247124e+04
3.225277e+04 1.247124e+04
3.213015e+04 1.247124e+04
3.196421e+04 1.247124e+04
3.176364e+04 1.247124e+04
3.158497e+04 1.247124e+04
3.146601e+04 1.247124e+04
3.128388e+04 1.247124e+04
3.109521e+04 1.247124e+04
3.093474e+04 1.247124e+04
3.078767e+04 1.247124e+04
3.062280e+04 1.247124e+04
3.046282e+04 1.247124e+04
3.013782e+04 1.247124e+04
2.898351e+04 1.247124e+04
2.900359e+04 1.247124e+04
2.827329e+04 1.247124e+04
2.754569e+04 1.247124e+04
2.689512e+04 1.247124e+04
2.594902e+04 1.208409e+04
2.551256e+04 1.208409e+04
2.504560e+04 1.208409e+04
2.462694e+04 1.208409e+04
2.421892e+04 1.208409e+04
2.378464e+04 1.208409e+04
2.340685e+04 1.208409e+04
2.476731e+04 1.208409e+04
2.404039e+04 1.208409e+04
2.308507e+04 1.208409e+04
2.224881e+04 1.208409e+04
2.173861e+04 1.208409e+04
2.123491e+04 1.208409e+04
2.307269e+04 1.208409e+04
2.141217e+04 1.208409e+04
1.984819e+04 1.208409e+04
2.236189e+04 1.208409e+04
1.952775e+04 1.208409e+04
1.723885e+04 1.147330e+04
2.240440e+04 1.030197e+04
2.422999e+04 1.030197e+04
2.477222e+04 1.030197e+04
4.133588e+04 3.315449e+04
3.759656e+04 3.257043e+04
3.678623e+04 3.172509e+04
3.645950e+04 3.172509e+04
3.616521e+04 3.172509e+04
3.594518e+04 3.172509e+04
3.574452e+04 3.172509e+04
3.559612e+04 2.933910e+04
3.545266e+04 2.825721e+04
3.534392e+04 2.745276e+04
3.524228e+04 2.701544e+04
3.512840e+04 2.545675e+04
3.503086e+04 2.442082e+04
3.494143e+04 2.358764e+04
3.487070e+04 2.260654e+04
3.478666e+04 2.207242e+04
3.472315e+04 2.125592e+04
3.465508e+04 2.011143e+04
3.459007e+04 1.961345e+04
3.451845e+04 1.871816e+04
3.444813e+04 1.719404e+04
3.438230e+04 1.653837e+04
3.433398e+04 1.653837e+04
3.428120e+04 1.609543e+04
3.423351e+04 1.568872e+04
3.418894e+04 1.544735e+04
3.413441e+04 1.544735e+04
3.409457e+04 1.544735e+04
3.405023e+04 1.541393e+04
3.399461e+04 1.538661e+04
3.395124e+04 1.535283e+04
3.392013e+04 1.530838e+04
3.387995e+04 1.508513e+04
3.383775e+04 1.501614e+04
3.379439e+04 1.501614e+04
3.375708e+04 1.500357e+04
3.371794e+04 1.491542e+04
3.368751e+04 1.486344e+04
3.396423e+04 1.486344e+04
3.392516e+04 1.486344e+04
3.387388e+04 1.486344e+04
3.380010e+04 1.486344e+04
3.370944e+04 1.486344e+04
3.363287e+04 1.486344e+04
3.359614e+04 1.486344e+04
3.350133e+04 1.486344e+04
3.342560e+04 1.486344e+04
3.330915e+04 1.486344e+04
3.321069e+04 1.486344e+04
3.310370e+04 1.486344e+04
3.299533e+04 1.486344e+04
3.284763e+04 1.461713e+04
3.273547e+04 1.424790e+04
3.265081e+04 1.379009e+04
3.255041e+04 1.352059e+04
3.244525e+04 1.352059e+04
3.234718e+04 1.341545e+04
3.224446e+04 1.321535e+04
3.215248e+04 1.317230e+04
3.204306e+04 1.299699e+04
3.193544e+04 1.289098e+04
3.241586e+04 1.287785e+04
3.230710e+04 1.287785e+04
3.214517e+04 1.287785e+04
3.191267e+04 1.287785e+04
3.177547e+04 1.287785e+04
3.164983e+04 1.287785e+04
3.151695e+04 1.287785e+04
3.130407e+04 1.287785e+04
3.109491e+04 1.287785e+04
3.094602e+04 1.287785e+04
3.081526e+04 1.287785e+04
3.069072e+04 1.287785e+04
3.054486e+04 1.287785e+04
3.039594e+04 1.287785e+04
3.110936e+04 1.287785e+04
2.998385e+04 1.187946e+04
2.984961e+04 1.187946e+04
2.966729e+04 1.187946e+04
2.943466e+04 1.187946e+04
2.928033e+04 1.187946e+04
2.842332e+04 1.187946e+04
2.727527e+04 1.187946e+04
2.641559e+04 1.187946e+04
2.574010e+04 1.187946e+04
2.654592e+04 1.187946e+04
2.596107e+04 1.187946e+04
2.501704e+04 1.187946e+04
2.424040e+04 1.187946e+04
2.329891e+04 1.187946e+04
2.270747e+04 1.187946e+04
2.412186e+04 1.187946e+04
2.326015e+04 1.187946e+04
2.147717e+04 1.187946e+04
2.034132e+04 1.187946e+04
2.337474e+04 1.187946e+04
2.068853e+04 1.187946e+04
1.799134e+04 1.187946e+04
1.787094e+04 1.187946e+04
2.179164e+04 1.187946e+04
2.381357e+04 1.187946e+04
4.126663e+04 3.317106e+04
3.762480e+04 3.224935e+04
3.682630e+04 3.224935e+04
3.646470e+04 3.224935e+04
3.616711e+04 3.133418e+04
3.592136e+04 3.133418e+04
3.574106e+04 3.027961e+04
3.561955e+04 2.866104e+04
3.546708e+04 2.716644e+04
3.533852e+04 2.715174e+04
3.524006e+04 2.530717e+04
3.511175e+04 2.382851e+04
3.504117e+04 2.382851e+04
3.495181e+04 2.281381e+04
3.486913e+04 2.086655e+04
3.478111e+04 1.982048e+04
3.471015e+04 1.918225e+04
3.464227e+04 1.902787e+04
3.459238e+04 1.867167e+04
3.452724e+04 1.750275e+04
3.446142e+04 1.742324e+04
3.440023e+04 1.700976e+04
3.434059e+04 1.629239e+04
3.428599e+04 1.595684e+04
3.424246e+04 1.568692e+04
3.420509e+04 1.568679e+04
3.414908e+04 1.541283e+04
3.411201e+04 1.516036e+04
3.407014e+04 1.504040e+04
3.402766e+04 1.504040e+04
3.399652e+04 1.502617e+04
3.395256e+04 1.502179e+04
3.390879e+04 1.497777e+04
3.386056e+04 1.488538e+04
3.382563e+04 1.483269e+04
3.378927e+04 1.478565e+04
3.375235e+04 1.466938e+04
3.406905e+04 1.466938e+04
3.402114e+04 1.466938e+04
3.396370e+04 1.466938e+04
3.387689e+04 1.466938e+04
3.378565e+04 1.466938e+04
3.372368e+04 1.466938e+04
3.366285e+04 1.466938e+04
3.361994e+04 1.466938e+04
3.358080e+04 1.466938e+04
3.349693e+04 1.466938e+04
3.338377e+04 1.466938e+04
3.325062e+04 1.466938e+04
3.314895e+04 1.466938e+04
3.302654e+04 1.466938e+04
3.291418e+04 1.466938e+04
3.275738e+04 1.466938e+04
3.264208e+04 1.466938e+04
3.252404e+04 1.410812e+04
3.242673e+04 1.394127e+04
3.232308e+04 1.388996e+04
3.218984e+04 1.372972e+04
3.208159e+04 1.362565e+04
3.196412e+04 1.338780e+04
3.241073e+04 1.314810e+04
3.229418e+04 1.314810e+04
3.215949e+04 1.314810e+04
3.198274e+04 1.314810e+04
3.176546e+04 1.314810e+04
3.158619e+04 1.314810e+04
3.144589e+04 1.314810e+04
3.126185e+04 1.314810e+04
3.110819e+04 1.314810e+04
3.091913e+04 1.314810e+04
3.077753e+04 1.314810e+04
3.063933e+04 1.314810e+04
3.048753e+04 1.314810e+04
3.033442e+04 1.314810e+04
3.014593e+04 1.314810e+04
2.911966e+04 1.314810e+04
2.857431e+04 1.225846e+04
2.774508e+04 1.225846e+04
2.709887e+04 1.225846e+04
2.650810e+04 1.225846e+04
2.597982e+04 1.225846e+04
2.550177e+04 1.225846e+04
2.499723e+04 1.225846e+04
2.456042e+04 1.225846e+04
2.413483e+04 1.224679e+04
2.369411e+04 1.224679e+04
2.477886e+04 1.224679e+04
2.399223e+04 1.224679e+04
2.334898e+04 1.224679e+04
2.256411e+04 1.224679e+04
2.202176e+04 1.224679e+04
2.135664e+04 1.138977e+04
2.388598e+04 1.138977e+04
2.280199e+04 1.138977e+04
2.098242e+04 1.138977e+04
2.012522e+04 1.138977e+04
2.210118e+04 1.138977e+04
1.853995e+04 1.138976e+04
2.178857e+04 1.138976e+04
2.533510e+04 1.138976e+04
2.243854e+04 1.138976e+04
4.132095e+04 3.351097e+04
3.758511e+04 3.291848e+04
3.681988e+04 3.232973e+04
3.647198e+04 3.232973e+04
3.616296e+04 3.191058e+04
3.593384e+04 3.150223e+04
3.573893e+04 2.943067e+04
3.560100e+04 2.760670e+04
3.545982e+04 2.651858e+04
3.534902e+04 2.540754e+04
3.524765e+04 2.428872e+04
3.514716e+04 2.353178e+04
3.506137e+04 2.294973e+04
3.494317e+04 2.168253e+04
3.485724e+04 2.070992e+04
3.477163e+04 2.070992e+04
3.469667e+04 1.983613e+04
3.461562e+04 1.903978e+04
3.456286e+04 1.828792e+04
3.450120e+04 1.809909e+04
3.444405e+04 1.728657e+04
3.438998e+04 1.684323e+04
3.434078e+04 1.652400e+04
3.429040e+04 1.649309e+04
3.424166e+04 1.630592e+04
3.420314e+04 1.623239e+04
3.414070e+04 1.607242e+04
3.409834e+04 1.607242e+04
3.405290e+04 1.599252e+04
3.400475e+04 1.591621e+04
3.397557e+04 1.591621e+04
3.393454e+04 1.580369e+04
3.389415e+04 1.578600e+04
3.384392e+04 1.572450e+04
3.380505e+04 1.572075e+04
3.376621e+04 1.570985e+04
3.372967e+04 1.568500e+04
3.369333e+04 1.564347e+04
3.396941e+04 1.564347e+04
3.387496e+04 1.564347e+04
3.379591e+04 1.564347e+04
3.368720e+04 1.564347e+04
3.359053e+04 1.564347e+04
3.350970e+04 1.564347e+04
3.341705e+04 1.564347e+04
3.335313e+04 1.564347e+04
3.329459e+04 1.564347e+04
3.320014e+04 1.564347e+04
3.310443e+04 1.564347e+04
3.299924e+04 1.564347e+04
3.292254e+04 1.564347e+04
3.282440e+04 1.564347e+04
3.270386e+04 1.564347e+04
3.261266e+04 1.564347e+04
3.249295e+04 1.564347e+04
3.237549e+04 1.564347e+04
3.225127e+04 1.564347e+04
3.213405e+04 1.564347e+04
3.202773e+04 1.564347e+04
3.191520e+04 1.564347e+04
3.180962e+04 1.564347e+04
3.224577e+04 1.564347e+04
3.211982e+04 1.564347e+04
3.192052e+04 1.564347e+04
3.173544e+04 1.564347e+04
3.160229e+04 1.564347e+04
3.141882e+04 1.564347e+04
3.124667e+04 1.564347e+04
3.104416e+04 1.564347e+04
3.088905e+04 1.560063e+04
3.071477e+04 1.401447e+04
3.057096e+04 1.340165e+04
3.041564e+04 1.298906e+04
3.025260e+04 1.287467e+04
2.941487e+04 1.242113e+04
2.929993e+04 1.235483e+04
2.800429e+04 1.144792e+04
2.731323e+04 1.144792e+04
2.671618e+04 1.144792e+04
2.618193e+04 1.144792e+04
2.567823e+04 1.144792e+04
2.521774e+04 1.144792e+04
2.480487e+04 1.144792e+04
2.438539e+04 1.144792e+04
2.397306e+04 1.144792e+04
2.505621e+04 1.144792e+04
2.466251e+04 1.144792e+04
2.373541e+04 1.144792e+04
2.302610e+04 1.144792e+04
2.223394e+04 1.144792e+04
2.180056e+04 1.144792e+04
2.373649e+04 1.144792e+04
2.303043e+04 1.144792e+04
2.122176e+04 1.144792e+04
2.018853e+04 1.144792e+04
2.333356e+04 1.144792e+04
2.004789e+04 1.144792e+04
2.311589e+04 1.144792e+04
1.862628e+04 1.144792e+04
2.068609e+04 1.144792e+04
1.582445e+04 1.144792e+04
4.133503e+04 3.311969e+04
3.763567e+04 3.266915e+04
3.685703e+04 3.266915e+04
3.647130e+04 3.266915e+04
3.613991e+04 3.136263e+04
3.590273e+04 2.983503e+04
3.570975e+04 2.721620e+04
3.559266e+04 2.593104e+04
3.545518e+04 2.357045e+04
3.534045e+04 2.357045e+04
3.524275e+04 2.357045e+04
3.513947e+04 2.332413e+04
3.504610e+04 2.280903e+04
3.496082e+04 2.081423e+04
3.486631e+04 1.962208e+04
3.476700e+04 1.849908e+04
3.470085e+04 1.783588e+04
3.463380e+04 1.747059e+04
3.456620e+04 1.679965e+04
3.450612e+04 1.636687e+04
3.444728e+04 1.564788e+04
3.439771e+04 1.544758e+04
3.434926e+04 1.519603e+04
3.430536e+04 1.514375e+04
3.425363e+04 1.479230e+04
3.421038e+04 1.447528e+04
3.416341e+04 1.435834e+04
3.412980e+04 1.426454e+04
3.408942e+04 1.426454e+04
3.405120e+04 1.426454e+04
3.401255e+04 1.426454e+04
3.396941e+04 1.415976e+04
3.392321e+04 1.415976e+04
3.388487e+04 1.412179e+04
3.384786e+04 1.409430e+04
3.380761e+04 1.404387e+04
3.375009e+04 1.404387e+04
3.399842e+04 1.400657e+04
3.394776e+04 1.400657e+04
3.389796e+04 1.400657e+04
3.383400e+04 1.400657e+04
3.375752e+04 1.400657e+04
3.366916e+04 1.400657e+04
3.356335e+04 1.400657e+04
3.349498e+04 1.400657e+04
3.337658e+04 1.400657e+04
3.328265e+04 1.400657e+04
3.317043e+04 1.400657e+04
3.305246e+04 1.400657e+04
3.293049e+04 1.400657e+04
3.281769e+04 1.400657e+04
3.265471e+04 1.400657e+04
3.253107e+04 1.400657e+04
3.244949e+04 1.400657e+04
3.234069e+04 1.400657e+04
3.222664e+04 1.400657e+04
3.213955e+04 1.400657e+04
3.203086e+04 1.390901e+04
3.193488e+04 1.388399e+04
3.182728e+04 1.386722e+04
3.172195e+04 1.380472e+04
3.210578e+04 1.380472e+04
3.196593e+04 1.380472e+04
3.178235e+04 1.380472e+04
3.158301e+04 1.380472e+04
3.144387e+04 1.380472e+04
3.128477e+04 1.380472e+04
3.107500e+04 1.380472e+04
3.089692e+04 1.380472e+04
3.073013e+04 1.380472e+04
3.059308e+04 1.380472e+04
3.045592e+04 1.380472e+04
2.971007e+04 1.380472e+04
2.876159e+04 1.380472e+04
2.802762e+04 1.380472e+04
2.818311e+04 1.380472e+04
2.703045e+04 1.348068e+04
2.650041e+04 1.348068e+04
2.597945e+04 1.348068e+04
2.553555e+04 1.348068e+04
2.513541e+04 1.348068e+04
2.475188e+04 1.348068e+04
2.435451e+04 1.348068e+04
2.398735e+04 1.348068e+04
2.363226e+04 1.348068e+04
2.329989e+04 1.348068e+04
2.432829e+04 1.348068e+04
2.349996e+04 1.348068e+04
2.297505e+04 1.348068e+04
2.214559e+04 1.348068e+04
2.160607e+04 1.348068e+04
2.286699e+04 1.337962e+04
2.076104e+04 1.200454e+04
2.019647e+04 1.200454e+04
1.966793e+04 1.200454e+04
1.900280e+04 1.200454e+04
2.109853e+04 1.200454e+04
1.815715e+04 1.200454e+04
2.174229e+04 1.200454e+04
2.399255e+04 1.200454e+04
1.185230e+04 1.155104e+04
4.132447e+04 3.461435e+04
3.761181e+04 3.240871e+04
3.682000e+04 3.240111e+04
3.647574e+04 3.229255e+04
3.618500e+04 3.219249e+04
3.595317e+04 3.142445e+04
3.576953e+04 2.909622e+04
3.564114e+04 2.625986e+04
3.550349e+04 2.522706e+04
3.538894e+04 2.415909e+04
3.530643e+04 2.415909e+04
3.520388e+04 2.316952e+04
3.511264e+04 2.270853e+04
3.503355e+04 2.212640e+04
3.495871e+04 2.175435e+04
3.487107e+04 2.074862e+04
3.482057e+04 2.060236e+04
3.474794e+04 2.060236e+04
3.466395e+04 1.934022e+04
3.460511e+04 1.870249e+04
3.454269e+04 1.835838e+04
3.448480e+04 1.779688e+04
3.442814e+04 1.721561e+04
3.437457e+04 1.682038e+04
3.432120e+04 1.620764e+04
3.427745e+04 1.620764e+04
3.423222e+04 1.620764e+04
3.419617e+04 1.600586e+04
3.414658e+04 1.592417e+04
3.410272e+04 1.586467e+04
3.406874e+04 1.572831e+04
3.402268e+04 1.570394e+04
3.398550e+04 1.570394e+04
3.393769e+04 1.561037e+04
3.388874e+04 1.555909e+04
3.385188e+04 1.555909e+04
3.381221e+04 1.553602e+04
3.409988e+04 1.548456e+04
3.405997e+04 1.548456e+04
3.399737e+04 1.548456e+04
3.393430e+04 1.548456e+04
3.386153e+04 1.548456e+04
3.376954e+04 1.548456e+04
3.373766e+04 1.548456e+04
3.370243e+04 1.548456e+04
3.363795e+04 1.548456e+04
3.352209e+04 1.548456e+04
3.343592e+04 1.548456e+04
3.332210e+04 1.548456e+04
3.323990e+04 1.548456e+04
3.314789e+04 1.548456e+04
3.304851e+04 1.498231e+04
3.296918e+04 1.439080e+04
3.288702e+04 1.402885e+04
3.277047e+04 1.373774e+04
3.266153e+04 1.357048e+04
3.254725e+04 1.341418e+04
3.243781e+04 1.318171e+04
3.232239e+04 1.303267e+04
3.220140e+04 1.288353e+04
3.272598e+04 1.288222e+04
3.262729e+04 1.288222e+04
3.250968e+04 1.288222e+04
3.232092e+04 1.288222e+04
3.209939e+04 1.288222e+04
3.196640e+04 1.288222e+04
3.182865e+04 1.288222e+04
3.165511e+04 1.288222e+04
3.144708e+04 1.288222e+04
3.129627e+04 1.288222e+04
3.118335e+04 1.288222e+04
3.104517e+04 1.288222e+04
3.092844e+04 1.288222e+04
3.079236e+04 1.288222e+04
3.063803e+04 1.288222e+04
3.049010e+04 1.288222e+04
3.113979e+04 1.229480e+04
3.096084e+04 1.229480e+04
3.025116e+04 1.229480e+04
2.892695e+04 1.229480e+04
2.800685e+04 1.229480e+04
2.725813e+04 1.229480e+04
2.638386e+04 1.229480e+04
2.575491e+04 1.229480e+04
2.520186e+04 1.229480e+04
2.461954e+04 1.229480e+04
2.538874e+04 1.229480e+04
2.467543e+04 1.229480e+04
2.392223e+04 1.229480e+04
2.302095e+04 1.229480e+04
2.246389e+04 1.229480e+04
2.192683e+04 1.229480e+04
2.352870e+04 1.229480e+04
2.189616e+04 1.229480e+04
2.033169e+04 1.229480e+04
2.326482e+04 1.229480e+04
2.104343e+04 1.229480e+04
1.834541e+04 1.229480e+04
1.943368e+04 1.229480e+04
2.129915e+04 1.229480e+04
1.747683e+04 1.229480e+04
4.136867e+04 3.344790e+04
3.755552e+04 3.261095e+04
3.678871e+04 3.227547e+04
3.644298e+04 3.227547e+04
3.613231e+04 3.227547e+04
3.593025e+04 3.174177e+04
3.572713e+04 2.960134e+04
3.559167e+04 2.695825e+04
3.547356e+04 2.613515e+04
3.536440e+04 2.570183e+04
3.525230e+04 2.516192e+04
3.514538e+04 2.478238e+04
3.504905e+04 2.362300e+04
3.497597e+04 2.287629e+04
3.489733e+04 2.188097e+04
3.482886e+04 2.149646e+04
3.475048e+04 2.097925e+04
3.468822e+04 2.028291e+04
3.462806e+04 1.970389e+04
3.456311e+04 1.904072e+04
3.450977e+04 1.854723e+04
3.445873e+04 1.847017e+04
3.440702e+04 1.805247e+04
3.435868e+04 1.788106e+04
3.431693e+04 1.767628e+04
3.428013e+04 1.762579e+04
3.423509e+04 1.752808e+04
3.419343e+04 1.752808e+04
3.414369e+04 1.727341e+04
3.409936e+04 1.713304e+04
3.406309e+04 1.711625e+04
3.401814e+04 1.705712e+04
3.398260e+04 1.698919e+04
3.393581e+04 1.696131e+04
3.390087e+04 1.692079e+04
3.385848e+04 1.684222e+04
3.381423e+04 1.681727e+04
3.403538e+04 1.681727e+04
3.395809e+04 1.681727e+04
3.389828e+04 1.681727e+04
3.379767e+04 1.681727e+04
3.366240e+04 1.681727e+04
3.354522e+04 1.681727e+04
3.342612e+04 1.681727e+04
3.335875e+04 1.681727e+04
3.322334e+04 1.681727e+04
3.308166e+04 1.681727e+04
3.295068e+04 1.681727e+04
3.281048e+04 1.681727e+04
3.266078e+04 1.681727e+04
3.254951e+04 1.681727e+04
3.243088e+04 1.627386e+04
3.229816e+04 1.524259e+04
3.219061e+04 1.482299e+04
3.208011e+04 1.455388e+04
3.200198e+04 1.455388e+04
3.189680e+04 1.438478e+04
3.176760e+04 1.406207e+04
3.165293e+04 1.397972e+04
3.153015e+04 1.387343e+04
3.141527e+04 1.377253e+04
3.191364e+04 1.370405e+04
3.179933e+04 1.370405e+04
3.166349e+04 1.370405e+04
3.147097e+04 1.370405e+04
3.127877e+04 1.370405e+04
3.116757e+04 1.370405e+04
3.108798e+04 1.370405e+04
3.088574e+04 1.370405e+04
3.074514e+04 1.370405e+04
3.061822e+04 1.370405e+04
3.049926e+04 1.370405e+04
3.038272e+04 1.370405e+04
3.027134e+04 1.370405e+04
3.015064e+04 1.370405e+04
3.076363e+04 1.370405e+04
3.063114e+04 1.370405e+04
2.972628e+04 1.296788e+04
2.960755e+04 1.296788e+04
2.946606e+04 1.296788e+04
2.927815e+04 1.296788e+04
2.827210e+04 1.296788e+04
2.725527e+04 1.296788e+04
2.649725e+04 1.296788e+04
2.582919e+04 1.296788e+04
2.671948e+04 1.296788e+04
2.612123e+04 1.296788e+04
2.508443e+04 1.296788e+04
2.433634e+04 1.296788e+04
2.302429e+04 1.296788e+04
2.250399e+04 1.296788e+04
2.198116e+04 1.296788e+04
2.333062e+04 1.296788e+04
2.166740e+04 1.296788e+04
2.057674e+04 1.296788e+04
2.323012e+04 1.296788e+04
2.085191e+04 1.296788e+04
1.847689e+04 1.296788e+04
1.900791e+04 1.294385e+04
1.494526e+04 1.051803e+04
2.614858e+04 1.051803e+04
4.134872e+04 3.367965e+04
3.764430e+04 3.267522e+04
3.683707e+04 3.235646e+04
3.648151e+04 3.235646e+04
3.613862e+04 3.234263e+04
3.591845e+04 3.156970e+04
3.573166e+04 2.952218e+04
3.559356e+04 2.850828e+04
3.546563e+04 2.779954e+04
3.534343e+04 2.752095e+04
3.523169e+04 2.594142e+04
3.510466e+04 2.477099e+04
3.501614e+04 2.370367e+04
3.492936e+04 2.276726e+04
3.485216e+04 2.242392e+04
3.477622e+04 2.089160e+04
3.470985e+04 2.040735e+04
3.463974e+04 1.932602e+04
3.458435e+04 1.908151e+04
3.452333e+04 1.878428e+04
3.446109e+04 1.844339e+04
3.440993e+04 1.798132e+04
3.436005e+04 1.766529e+04
3.430740e+04 1.735583e+04
3.425649e+04 1.720375e+04
3.420668e+04 1.720375e+04
3.415220e+04 1.720375e+04
3.410700e+04 1.718285e+04
3.405987e+04 1.718285e+04
3.402276e+04 1.703447e+04
3.397885e+04 1.703447e+04
3.393913e+04 1.703447e+04
3.390045e+04 1.699955e+04
3.386479e+04 1.694917e+04
3.383184e+04 1.683884e+04
3.378783e+04 1.677972e+04
3.375179e+04 1.677738e+04
3.371508e+04 1.675583e+04
3.367600e+04 1.665342e+04
3.394574e+04 1.665342e+04
3.389177e+04 1.665342e+04
3.380550e+04 1.665342e+04
3.370825e+04 1.665342e+04
3.362643e+04 1.665342e+04
3.357905e+04 1.665342e+04
3.356378e+04 1.665342e+04
3.352184e+04 1.665342e+04
3.345883e+04 1.665342e+04
3.338410e+04 1.665342e+04
3.326274e+04 1.665342e+04
3.312052e+04 1.665342e+04
3.303498e+04 1.665342e+04
3.292930e+04 1.665342e+04
3.283501e+04 1.665342e+04
3.270663e+04 1.665342e+04
3.260823e+04 1.665342e+04
3.249356e+04 1.665342e+04
3.241052e+04 1.665342e+04
3.229525e+04 1.662695e+04
3.220208e+04 1.637650e+04
3.209084e+04 1.611285e+04
3.239712e+04 1.610345e+04
3.230515e+04 1.610345e+04
3.217618e+04 1.610345e+04
3.199455e+04 1.610345e+04
3.186534e+04 1.610345e+04
3.174663e+04 1.610345e+04
3.155019e+04 1.610345e+04
3.137803e+04 1.610345e+04
3.121786e+04 1.450511e+04
3.105825e+04 1.344031e+04
3.094117e+04 1.301013e+04
3.081688e+04 1.265599e+04
3.066778e+04 1.250032e+04
3.053026e+04 1.230943e+04
3.144958e+04 1.223138e+04
3.025816e+04 1.176127e+04
3.004178e+04 1.176127e+04
2.958136e+04 1.176127e+04
2.833533e+04 1.176127e+04
2.746414e+04 1.176127e+04
2.665711e+04 1.176127e+04
2.604816e+04 1.176127e+04
2.541661e+04 1.176127e+04
2.490350e+04 1.176127e+04
2.573960e+04 1.176127e+04
2.522411e+04 1.176127e+04
2.429476e+04 1.176127e+04
2.351962e+04 1.176127e+04
2.273568e+04 1.176127e+04
2.218348e+04 1.176127e+04
2.367214e+04 1.134787e+04
2.279451e+04 1.134787e+04
2.049014e+04 1.040029e+04
2.002771e+04 1.040029e+04
1.933868e+04 1.040029e+04
2.128978e+04 1.040029e+04
1.831200e+04 1.040029e+04
2.030165e+04 1.040029e+04
2.322863e+04 1.040029e+04
1.889757e+04 1.040029e+04
4.138264e+04 3.347002e+04
3.756205e+04 3.328836e+04
3.677798e+04 3.196515e+04
3.644234e+04 3.196515e+04
3.613503e+04 3.188383e+04
3.590653e+04 3.088746e+04
3.572135e+04 2.922743e+04
3.558515e+04 2.819820e+04
3.543081e+04 2.530307e+04
3.532440e+04 2.448726e+04
3.521195e+04 2.385485e+04
3.510184e+04 2.232448e+04
3.503145e+04 2.232448e+04
3.496285e+04 2.211644e+04
3.489254e+04 2.127327e+04
3.481854e+04 2.127327e+04
3.474717e+04 2.127327e+04
3.468154e+04 2.074797e+04
3.462017e+04 1.987248e+04
3.454577e+04 1.871333e+04
3.448697e+04 1.850330e+04
3.442899e+04 1.800196e+04
3.437654e+04 1.741657e+04
3.432283e+04 1.712443e+04
3.427744e+04 1.692104e+04
3.423510e+04 1.686693e+04
3.419125e+04 1.686693e+04
3.414343e+04 1.681420e+04
3.409379e+04 1.678660e+04
3.404992e+04 1.678412e+04
3.401525e+04 1.660574e+04
3.397916e+04 1.650103e+04
3.393874e+04 1.650103e+04
3.387254e+04 1.642597e+04
3.382891e+04 1.622425e+04
3.379303e+04 1.607057e+04
3.375036e+04 1.599376e+04
3.402555e+04 1.585096e+04
3.398930e+04 1.585096e+04
3.393947e+04 1.585096e+04
3.387590e+04 1.585096e+04
3.377517e+04 1.585096e+04
3.365759e+04 1.585096e+04
3.359948e+04 1.585096e+04
3.355195e+04 1.585096e+04
3.351161e+04 1.585096e+04
3.344987e+04 1.585096e+04
3.338132e+04 1.585096e+04
3.329632e+04 1.585096e+04
3.315708e+04 1.585096e+04
3.300686e+04 1.585096e+04
3.291144e+04 1.585096e+04
3.279909e+04 1.585096e+04
3.270228e+04 1.569068e+04
3.258326e+04 1.531207e+04
3.248762e+04 1.531207e+04
3.237992e+04 1.508938e+04
3.225669e+04 1.495663e+04
3.215173e+04 1.481720e+04
3.206274e+04 1.481720e+04
3.196130e+04 1.481720e+04
3.239640e+04 1.479659e+04
3.229793e+04 1.479659e+04
3.218959e+04 1.479659e+04
3.202473e+04 1.479659e+04
3.184968e+04 1.479659e+04
3.176907e+04 1.479659e+04
3.161524e+04 1.479659e+04
3.140692e+04 1.479659e+04
3.123280e+04 1.479659e+04
3.107825e+04 1.479659e+04
3.093135e+04 1.479659e+04
3.077811e+04 1.479659e+04
3.063590e+04 1.479659e+04
3.050468e+04 1.465012e+04
3.034950e+04 1.448987e+04
3.027476e+04 1.442981e+04
2.840866e+04 1.442978e+04
2.757602e+04 1.442969e+04
2.694812e+04 1.442000e+04
2.633212e+04 1.442000e+04
2.579777e+04 1.441752e+04
2.525028e+04 1.441173e+04
2.471782e+04 1.441171e+04
2.417343e+04 1.441168e+04
2.368840e+04 1.441145e+04
2.471731e+04 1.439818e+04
2.388887e+04 1.437624e+04
2.309774e+04 1.432975e+04
2.210510e+04 1.432889e+04
2.138087e+04 1.239272e+04
2.087971e+04 1.239272e+04
2.241497e+04 1.239272e+04
2.106055e+04 1.239272e+04
1.952562e+04 1.239272e+04
1.861153e+04 1.239272e+04
2.070876e+04 1.239272e+04
1.719606e+04 1.239272e+04
1.839525e+04 1.239272e+04
2.205491e+04 1.239272e+04
1.801179e+04 1.239272e+04
4.130005e+04 3.334741e+04
3.757216e+04 3.281350e+04
3.677424e+04 3.209515e+04
3.642860e+04 3.209515e+04
3.611546e+04 3.209515e+04
3.587348e+04 3.103112e+04
3.568282e+04 2.841424e+04
3.556705e+04 2.686102e+04
3.543499e+04 2.512552e+04
3.531017e+04 2.459402e+04
3.522084e+04 2.369526e+04
3.512983e+04 2.288865e+04
3.504330e+04 2.288865e+04
3.495789e+04 2.288865e+04
3.487935e+04 2.226231e+04
3.477897e+04 2.035466e+04
3.471959e+04 1.946242e+04
3.464290e+04 1.850661e+04
3.458510e+04 1.762779e+04
3.452696e+04 1.680057e+04
3.447121e+04 1.650773e+04
3.441737e+04 1.564207e+04
3.435233e+04 1.520456e+04
3.430165e+04 1.489088e+04
3.425217e+04 1.459043e+04
3.420201e+04 1.441717e+04
3.415213e+04 1.432220e+04
3.410841e+04 1.415447e+04
3.406767e+04 1.399288e+04
3.402168e+04 1.399288e+04
3.398244e+04 1.394911e+04
3.394334e+04 1.378891e+04
3.389702e+04 1.370938e+04
3.384982e+04 1.358517e+04
3.381032e+04 1.355123e+04
3.377644e+04 1.346742e+04
3.373050e+04 1.335381e+04
3.369035e+04 1.311980e+04
3.401607e+04 1.311655e+04
3.391908e+04 1.311655e+04
3.385943e+04 1.311655e+04
3.378669e+04 1.311655e+04
3.371040e+04 1.311655e+04
3.361450e+04 1.311655e+04
3.352775e+04 1.311655e+04
3.342690e+04 1.311655e+04
3.331125e+04 1.311655e+04
3.318191e+04 1.311655e+04
3.307980e+04 1.311655e+04
3.295278e+04 1.311655e+04
3.284386e+04 1.311655e+04
3.275817e+04 1.311655e+04
3.265514e+04 1.311655e+04
3.254659e+04 1.311655e+04
3.243315e+04 1.311655e+04
3.233021e+04 1.311655e+04
3.221556e+04 1.311655e+04
3.207991e+04 1.311655e+04
3.196385e+04 1.311655e+04
3.185813e+04 1.304488e+04
3.233413e+04 1.293225e+04
3.220472e+04 1.293225e+04
3.204185e+04 1.293225e+04
3.187473e+04 1.293225e+04
3.165364e+04 1.293225e+04
3.155653e+04 1.293225e+04
3.139102e+04 1.293225e+04
3.117876e+04 1.293225e+04
3.080138e+04 1.293225e+04
2.972963e+04 1.293225e+04
2.887540e+04 1.293225e+04
2.817429e+04 1.293225e+04
2.762198e+04 1.293225e+04
2.710977e+04 1.293225e+04
2.666402e+04 1.293225e+04
2.706324e+04 1.293225e+04
2.601451e+04 1.239392e+04
2.565299e+04 1.239392e+04
2.528913e+04 1.239392e+04
2.495097e+04 1.239392e+04
2.462110e+04 1.239392e+04
2.431994e+04 1.239392e+04
2.397237e+04 1.239392e+04
2.367537e+04 1.239392e+04
2.337008e+04 1.239392e+04
2.303624e+04 1.239392e+04
2.436128e+04 1.239392e+04
2.353556e+04 1.239392e+04
2.314208e+04 1.239392e+04
2.216744e+04 1.239392e+04
2.159911e+04 1.239392e+04
2.113754e+04 1.239392e+04
2.307886e+04 1.239392e+04
2.156312e+04 1.239392e+04
2.018000e+04 1.239392e+04
2.230061e+04 1.239392e+04
1.990732e+04 1.239392e+04
1.746794e+04 1.239392e+04
2.000736e+04 1.239392e+04
2.378766e+04 1.239392e+04
1.812703e+04 1.239392e+04
