6.236727e+03 1.740576e+03
1.999624e+03 1.242171e+03
1.461688e+03 9.971760e+02
1.243593e+03 8.955275e+02
1.020132e+03 7.588575e+02
8.195432e+02 6.715656e+02
6.796708e+02 5.568903e+02
5.995826e+02 5.260583e+02
5.396648e+02 4.894670e+02
5.092566e+02 4.782260e+02
4.871668e+02 4.640090e+02
4.703398e+02 4.514743e+02
4.576745e+02 4.358184e+02
4.465556e+02 3.797419e+02
4.371221e+02 3.775688e+02
4.195116e+02 3.379301e+02
3.906897e+02 3.154554e+02
3.526097e+02 2.975297e+02
3.204465e+02 2.791249e+02
2.901648e+02 2.642880e+02
2.657299e+02 2.445863e+02
2.467032e+02 2.320630e+02
2.348508e+02 2.226470e+02
2.250456e+02 2.142128e+02
2.181211e+02 2.110998e+02
2.133669e+02 2.071714e+02
2.097643e+02 2.045391e+02
2.077276e+02 2.036039e+02
2.063208e+02 2.024988e+02
2.052597e+02 2.017742e+02
2.046287e+02 2.013721e+02
2.041352e+02 2.009338e+02
2.037923e+02 2.007317e+02
2.035316e+02 2.005569e+02
2.033510e+02 2.002581e+02
2.032415e+02 2.002581e+02
2.031691e+02 2.002239e+02
2.031218e+02 2.001497e+02
2.031035e+02 2.001146e+02
2.030969e+02 2.000836e+02
2.031011e+02 2.000592e+02
2.031207e+02 2.000366e+02
2.031427e+02 2.000186e+02
2.031758e+02 2.000186e+02
2.032169e+02 2.000144e+02
2.032649e+02 2.000106e+02
2.033149e+02 2.000071e+02
2.033693e+02 2.000051e+02
2.034231e+02 2.000037e+02
2.034843e+02 2.000023e+02
2.035496e+02 2.000018e+02
2.036185e+02 2.000012e+02
2.036914e+02 2.000006e+02
2.037633e+02 2.000005e+02
2.038471e+02 2.000004e+02
2.039294e+02 2.000002e+02
2.040162e+02 2.000002e+02
2.041117e+02 2.000001e+02
2.041962e+02 2.000001e+02
2.042953e+02 2.000000e+02
2.044053e+02 2.000000e+02
2.045087e+02 2.000000e+02
2.046235e+02 2.000000e+02
2.047509e+02 2.000000e+02
2.048785e+02 2.000000e+02
2.050131e+02 2.000000e+02
2.051477e+02 2.000000e+02
2.052981e+02 2.000000e+02
2.054670e+02 2.000000e+02
2.056370e+02 2.000000e+02
2.058181e+02 2.000000e+02
2.060112e+02 2.000000e+02
2.062056e+02 2.000000e+02
2.064385e+02 2.000000e+02
2.066623e+02 2.000000e+02
2.069311e+02 2.000000e+02
2.072071e+02 2.000000e+02
2.074887e+02 2.000000e+02
2.078306e+02 2.000000e+02
2.081641e+02 2.000000e+02
2.085498e+02 2.000000e+02
2.089738e+02 2.000000e+02
2.094418e+02 2.000000e+02
2.099919e+02 2.000000e+02
2.105758e+02 2.000000e+02
2.111935e+02 2.000000e+02
2.119753e+02 2.000000e+02
2.128239e+02 2.000000e+02
2.137437e+02 2.000000e+02
2.148731e+02 2.000000e+02
2.162049e+02 2.000000e+02
2.177987e+02 2.000000e+02
2.197403e+02 2.000000e+02
2.221572e+02 2.000000e+02
2.252487e+02 2.000000e+02
2.293425e+02 2.000000e+02
2.350214e+02 2.000000e+02
2.434260e+02 2.000000e+02
2.571390e+02 2.000000e+02
2.835102e+02 2.000000e+02
3.550876e+02 2.000000e+02
6.329528e+03 1.739237e+03
1.970097e+03 9.579234e+02
1.440192e+03 9.354302e+02
1.211582e+03 8.975312e+02
9.948746e+02 7.678629e+02
8.154964e+02 6.406556e+02
6.870358e+02 5.588284e+02
6.091409e+02 5.351120e+02
5.441089e+02 4.728594e+02
5.090734e+02 4.728594e+02
4.857893e+02 4.599709e+02
4.672138e+02 4.468360e+02
4.528900e+02 4.344148e+02
4.402108e+02 3.844404e+02
4.312985e+02 3.745345e+02
4.109994e+02 3.182795e+02
3.842910e+02 3.086565e+02
3.462629e+02 3.004974e+02
3.127845e+02 2.746086e+02
2.815263e+02 2.571394e+02
2.605905e+02 2.444465e+02
2.437998e+02 2.282165e+02
2.321317e+02 2.217642e+02
2.235796e+02 2.122331e+02
2.170172e+02 2.091433e+02
2.128095e+02 2.070306e+02
2.094705e+02 2.042996e+02
2.075696e+02 2.027493e+02
2.061540e+02 2.024858e+02
2.050484e+02 2.014146e+02
2.043836e+02 2.012017e+02
2.038600e+02 2.008381e+02
2.035338e+02 2.005564e+02
2.033072e+02 2.004430e+02
2.031478e+02 2.002225e+02
2.030372e+02 2.001632e+02
2.029848e+02 2.001632e+02
2.029439e+02 2.000028e+02
2.029359e+02 2.000028e+02
2.029384e+02 2.000028e+02
2.029520e+02 2.000028e+02
2.029772e+02 2.000028e+02
2.030079e+02 2.000028e+02
2.030396e+02 2.000028e+02
2.030826e+02 2.000028e+02
2.031286e+02 2.000028e+02
2.031788e+02 2.000028e+02
2.032300e+02 2.000028e+02
2.032868e+02 2.000021e+02
2.033412e+02 2.000019e+02
2.034090e+02 2.000012e+02
2.034787e+02 2.000009e+02
2.035453e+02 2.000006e+02
2.036184e+02 2.000004e+02
2.036950e+02 2.000002e+02
2.037753e+02 2.000001e+02
2.038585e+02 2.000001e+02
2.039507e+02 2.000000e+02
2.040359e+02 2.000000e+02
2.041317e+02 2.000000e+02
2.042317e+02 2.000000e+02
2.043305e+02 2.000000e+02
2.044408e+02 2.000000e+02
2.045634e+02 2.000000e+02
2.046851e+02 2.000000e+02
2.048140e+02 2.000000e+02
2.049430e+02 2.000000e+02
2.050877e+02 2.000000e+02
2.052496e+02 2.000000e+02
2.054133e+02 2.000000e+02
2.055770e+02 2.000000e+02
2.057724e+02 2.000000e+02
2.059592e+02 2.000000e+02
2.061828e+02 2.000000e+02
2.064107e+02 2.000000e+02
2.066559e+02 2.000000e+02
2.069056e+02 2.000000e+02
2.071911e+02 2.000000e+02
2.075014e+02 2.000000e+02
2.078595e+02 2.000000e+02
2.082102e+02 2.000000e+02
2.086171e+02 2.000000e+02
2.090930e+02 2.000000e+02
2.095952e+02 2.000000e+02
2.101225e+02 2.000000e+02
2.107485e+02 2.000000e+02
2.114570e+02 2.000000e+02
2.122656e+02 2.000000e+02
2.131968e+02 2.000000e+02
2.142812e+02 2.000000e+02
2.155601e+02 2.000000e+02
2.170907e+02 2.000000e+02
2.189550e+02 2.000000e+02
2.212757e+02 2.000000e+02
2.242443e+02 2.000000e+02
2.281756e+02 2.000000e+02
2.336288e+02 2.000000e+02
2.416995e+02 2.000000e+02
2.548674e+02 2.000000e+02
2.801895e+02 2.000000e+02
3.489212e+02 2.000000e+02
6.316321e+03 1.757856e+03
1.989580e+03 9.277108e+02
1.420552e+03 9.161903e+02
1.192059e+03 8.666078e+02
9.721047e+02 7.335213e+02
7.853442e+02 6.369340e+02
6.578407e+02 5.676530e+02
5.852461e+02 5.115034e+02
5.340870e+02 4.914031e+02
5.008136e+02 4.716735e+02
4.816715e+02 4.564222e+02
4.665874e+02 4.348520e+02
4.549757e+02 4.241741e+02
4.442830e+02 3.868312e+02
4.359988e+02 3.868312e+02
4.209460e+02 3.393600e+02
3.934664e+02 3.242265e+02
3.555162e+02 2.857633e+02
3.191194e+02 2.801483e+02
2.889631e+02 2.601717e+02
2.673279e+02 2.473370e+02
2.488295e+02 2.355846e+02
2.351169e+02 2.227026e+02
2.252238e+02 2.143532e+02
2.184195e+02 2.109734e+02
2.132919e+02 2.072030e+02
2.098596e+02 2.046867e+02
2.074902e+02 2.034214e+02
2.061171e+02 2.017086e+02
2.050240e+02 2.014086e+02
2.042805e+02 2.012824e+02
2.038711e+02 2.009109e+02
2.035262e+02 2.006431e+02
2.032985e+02 2.003575e+02
2.031119e+02 2.003371e+02
2.030024e+02 2.002502e+02
2.029364e+02 2.001773e+02
2.028914e+02 2.001318e+02
2.028726e+02 2.000956e+02
2.028686e+02 2.000716e+02
2.028763e+02 2.000486e+02
2.028967e+02 2.000081e+02
2.029237e+02 2.000081e+02
2.029547e+02 2.000081e+02
2.029909e+02 2.000081e+02
2.030320e+02 2.000072e+02
2.030791e+02 2.000037e+02
2.031266e+02 2.000037e+02
2.031771e+02 2.000013e+02
2.032297e+02 2.000013e+02
2.032957e+02 2.000013e+02
2.033602e+02 2.000009e+02
2.034239e+02 2.000006e+02
2.034947e+02 2.000005e+02
2.035680e+02 2.000003e+02
2.036450e+02 2.000001e+02
2.037255e+02 2.000001e+02
2.038051e+02 2.000001e+02
2.038982e+02 2.000000e+02
2.039905e+02 2.000000e+02
2.040875e+02 2.000000e+02
2.041892e+02 2.000000e+02
2.042900e+02 2.000000e+02
2.044087e+02 2.000000e+02
2.045207e+02 2.000000e+02
2.046528e+02 2.000000e+02
2.047852e+02 2.000000e+02
2.049254e+02 2.000000e+02
2.050657e+02 2.000000e+02
2.052231e+02 2.000000e+02
2.054003e+02 2.000000e+02
2.055796e+02 2.000000e+02
2.057713e+02 2.000000e+02
2.059647e+02 2.000000e+02
2.061842e+02 2.000000e+02
2.064204e+02 2.000000e+02
2.066755e+02 2.000000e+02
2.069677e+02 2.000000e+02
2.072517e+02 2.000000e+02
2.075979e+02 2.000000e+02
2.079368e+02 2.000000e+02
2.083534e+02 2.000000e+02
2.087904e+02 2.000000e+02
2.092757e+02 2.000000e+02
2.097860e+02 2.000000e+02
2.104271e+02 2.000000e+02
2.110764e+02 2.000000e+02
2.118582e+02 2.000000e+02
2.127587e+02 2.000000e+02
2.138073e+02 2.000000e+02
2.150438e+02 2.000000e+02
2.165234e+02 2.000000e+02
2.183260e+02 2.000000e+02
2.205699e+02 2.000000e+02
2.234400e+02 2.000000e+02
2.272410e+02 2.000000e+02
2.325134e+02 2.000000e+02
2.403166e+02 2.000000e+02
2.530481e+02 2.000000e+02
2.775315e+02 2.000000e+02
3.439869e+02 2.000000e+02
6.265681e+03 1.699206e+03
1.995954e+03 1.056053e+03
1.439622e+03 1.011449e+03
1.207384e+03 8.947853e+02
9.923236e+02 7.299504e+02
8.029572e+02 6.219014e+02
6.627695e+02 5.755916e+02
5.942061e+02 5.297906e+02
5.367311e+02 4.928227e+02
5.057792e+02 4.734968e+02
4.868342e+02 4.614691e+02
4.687424e+02 4.379934e+02
4.566293e+02 4.363411e+02
4.461190e+02 4.149045e+02
4.382900e+02 3.659246e+02
4.162847e+02 3.258701e+02
3.866964e+02 3.251133e+02
3.465710e+02 2.981290e+02
3.109344e+02 2.795909e+02
2.812220e+02 2.530110e+02
2.590535e+02 2.260828e+02
2.430102e+02 2.260828e+02
2.306779e+02 2.196279e+02
2.222760e+02 2.140340e+02
2.166741e+02 2.089695e+02
2.125882e+02 2.065463e+02
2.096036e+02 2.040367e+02
2.076914e+02 2.031961e+02
2.062551e+02 2.021547e+02
2.051588e+02 2.016292e+02
2.045711e+02 2.012196e+02
2.040433e+02 2.008809e+02
2.036903e+02 2.005740e+02
2.034455e+02 2.004401e+02
2.033026e+02 2.003165e+02
2.032065e+02 2.002336e+02
2.031300e+02 2.001771e+02
2.030926e+02 2.000621e+02
2.030678e+02 2.000621e+02
2.030634e+02 2.000620e+02
2.030791e+02 2.000311e+02
2.030994e+02 2.000311e+02
2.031279e+02 2.000262e+02
2.031664e+02 2.000173e+02
2.032062e+02 2.000049e+02
2.032514e+02 2.000049e+02
2.033010e+02 2.000049e+02
2.033548e+02 2.000038e+02
2.034069e+02 2.000018e+02
2.034633e+02 2.000018e+02
2.035284e+02 2.000007e+02
2.036002e+02 2.000007e+02
2.036684e+02 2.000002e+02
2.037430e+02 2.000002e+02
2.038215e+02 2.000002e+02
2.039022e+02 2.000002e+02
2.039871e+02 2.000001e+02
2.040819e+02 2.000001e+02
2.041712e+02 2.000000e+02
2.042689e+02 2.000000e+02
2.043723e+02 2.000000e+02
2.044752e+02 2.000000e+02
2.045891e+02 2.000000e+02
2.047073e+02 2.000000e+02
2.048404e+02 2.000000e+02
2.049741e+02 2.000000e+02
2.051073e+02 2.000000e+02
2.052565e+02 2.000000e+02
2.054237e+02 2.000000e+02
2.055925e+02 2.000000e+02
2.057721e+02 2.000000e+02
2.059635e+02 2.000000e+02
2.061564e+02 2.000000e+02
2.063873e+02 2.000000e+02
2.066091e+02 2.000000e+02
2.068615e+02 2.000000e+02
2.071496e+02 2.000000e+02
2.074290e+02 2.000000e+02
2.077681e+02 2.000000e+02
2.080987e+02 2.000000e+02
2.084812e+02 2.000000e+02
2.089016e+02 2.000000e+02
2.093663e+02 2.000000e+02
2.099120e+02 2.000000e+02
2.104570e+02 2.000000e+02
2.111037e+02 2.000000e+02
2.118793e+02 2.000000e+02
2.126713e+02 2.000000e+02
2.136336e+02 2.000000e+02
2.147541e+02 2.000000e+02
2.160750e+02 2.000000e+02
2.176560e+02 2.000000e+02
2.195819e+02 2.000000e+02
2.219791e+02 2.000000e+02
2.250453e+02 2.000000e+02
2.291062e+02 2.000000e+02
2.347394e+02 2.000000e+02
2.430766e+02 2.000000e+02
2.566794e+02 2.000000e+02
2.828382e+02 2.000000e+02
3.538377e+02 2.000000e+02
6.329176e+03 1.694408e+03
1.990366e+03 9.313829e+02
1.432733e+03 9.167394e+02
1.196598e+03 8.550102e+02
9.626109e+02 7.149164e+02
7.908569e+02 6.183818e+02
6.552545e+02 5.600534e+02
5.880654e+02 5.195005e+02
5.367456e+02 4.878948e+02
5.044171e+02 4.661697e+02
4.841183e+02 4.554571e+02
4.674662e+02 4.474868e+02
4.547022e+02 4.377613e+02
4.429194e+02 3.942203e+02
4.321722e+02 3.748264e+02
4.195427e+02 2.994819e+02
3.949482e+02 2.994819e+02
3.638674e+02 2.983667e+02
3.334674e+02 2.895158e+02
3.012786e+02 2.684791e+02
2.736839e+02 2.508955e+02
2.538159e+02 2.239570e+02
2.384374e+02 2.239570e+02
2.275571e+02 2.179655e+02
2.203430e+02 2.115902e+02
2.149631e+02 2.084169e+02
2.106498e+02 2.056215e+02
2.083742e+02 2.041430e+02
2.066628e+02 2.028883e+02
2.053530e+02 2.021389e+02
2.045974e+02 2.014044e+02
2.039714e+02 2.007857e+02
2.035834e+02 2.006973e+02
2.033016e+02 2.004539e+02
2.031089e+02 2.004148e+02
2.029642e+02 2.002742e+02
2.028793e+02 2.002184e+02
2.028266e+02 2.001544e+02
2.028009e+02 2.001203e+02
2.027923e+02 2.000856e+02
2.027968e+02 2.000597e+02
2.028132e+02 2.000424e+02
2.028331e+02 2.000322e+02
2.028656e+02 2.000243e+02
2.029025e+02 2.000141e+02
2.029441e+02 2.000109e+02
2.029892e+02 2.000081e+02
2.030373e+02 2.000055e+02
2.030888e+02 2.000040e+02
2.031425e+02 2.000029e+02
2.031943e+02 2.000019e+02
2.032571e+02 2.000012e+02
2.033291e+02 2.000007e+02
2.033932e+02 2.000006e+02
2.034644e+02 2.000004e+02
2.035432e+02 2.000001e+02
2.036164e+02 2.000001e+02
2.036969e+02 2.000001e+02
2.037811e+02 2.000001e+02
2.038702e+02 2.000000e+02
2.039583e+02 2.000000e+02
2.040619e+02 2.000000e+02
2.041645e+02 2.000000e+02
2.042724e+02 2.000000e+02
2.043873e+02 2.000000e+02
2.045078e+02 2.000000e+02
2.046361e+02 2.000000e+02
2.047720e+02 2.000000e+02
2.049154e+02 2.000000e+02
2.050683e+02 2.000000e+02
2.052308e+02 2.000000e+02
2.054043e+02 2.000000e+02
2.055898e+02 2.000000e+02
2.057885e+02 2.000000e+02
2.060016e+02 2.000000e+02
2.062311e+02 2.000000e+02
2.064645e+02 2.000000e+02
2.067319e+02 2.000000e+02
2.070393e+02 2.000000e+02
2.073574e+02 2.000000e+02
2.076857e+02 2.000000e+02
2.080666e+02 2.000000e+02
2.085120e+02 2.000000e+02
2.089542e+02 2.000000e+02
2.094757e+02 2.000000e+02
2.100618e+02 2.000000e+02
2.107250e+02 2.000000e+02
2.114819e+02 2.000000e+02
2.123537e+02 2.000000e+02
2.133689e+02 2.000000e+02
2.145660e+02 2.000000e+02
2.159987e+02 2.000000e+02
2.177439e+02 2.000000e+02
2.199165e+02 2.000000e+02
2.226954e+02 2.000000e+02
2.263755e+02 2.000000e+02
2.314800e+02 2.000000e+02
2.390342e+02 2.000000e+02
2.513601e+02 2.000000e+02
2.750637e+02 2.000000e+02
3.394022e+02 2.000000e+02
6.201065e+03 1.734720e+03
1.961498e+03 1.194241e+03
1.438898e+03 9.867206e+02
1.208300e+03 8.642867e+02
9.792027e+02 7.676151e+02
7.870703e+02 6.419740e+02
6.679595e+02 5.560688e+02
5.906482e+02 5.210499e+02
5.383424e+02 4.912229e+02
5.042003e+02 4.695799e+02
4.824475e+02 4.574918e+02
4.665889e+02 4.427968e+02
4.550017e+02 4.227089e+02
4.441095e+02 4.112944e+02
4.354010e+02 3.705669e+02
4.106636e+02 3.256206e+02
3.819475e+02 2.815725e+02
3.423327e+02 2.762987e+02
3.112556e+02 2.523175e+02
2.799812e+02 2.523175e+02
2.586970e+02 2.370863e+02
2.425841e+02 2.260366e+02
2.306876e+02 2.199154e+02
2.222008e+02 2.136970e+02
2.159569e+02 2.085574e+02
2.118512e+02 2.063606e+02
2.093245e+02 2.022049e+02
2.071234e+02 2.017118e+02
2.058923e+02 2.017118e+02
2.048859e+02 2.015875e+02
2.043073e+02 2.010874e+02
2.038633e+02 2.005125e+02
2.035265e+02 2.005125e+02
2.033131e+02 2.004229e+02
2.031694e+02 2.002923e+02
2.030645e+02 2.002286e+02
2.030165e+02 2.001670e+02
2.029806e+02 2.001255e+02
2.029733e+02 2.000779e+02
2.029732e+02 2.000687e+02
2.029874e+02 2.000492e+02
2.030131e+02 2.000348e+02
2.030466e+02 2.000199e+02
2.030861e+02 2.000112e+02
2.031292e+02 2.000112e+02
2.031753e+02 2.000085e+02
2.032272e+02 2.000026e+02
2.032822e+02 2.000026e+02
2.033397e+02 2.000024e+02
2.033987e+02 2.000019e+02
2.034629e+02 2.000013e+02
2.035312e+02 2.000001e+02
2.036060e+02 2.000001e+02
2.036763e+02 2.000001e+02
2.037583e+02 2.000001e+02
2.038394e+02 2.000001e+02
2.039194e+02 2.000001e+02
2.040079e+02 2.000001e+02
2.041005e+02 2.000000e+02
2.041983e+02 2.000000e+02
2.042999e+02 2.000000e+02
2.044069e+02 2.000000e+02
2.045193e+02 2.000000e+02
2.046374e+02 2.000000e+02
2.047619e+02 2.000000e+02
2.048935e+02 2.000000e+02
2.050248e+02 2.000000e+02
2.051717e+02 2.000000e+02
2.053365e+02 2.000000e+02
2.055026e+02 2.000000e+02
2.056692e+02 2.000000e+02
2.058680e+02 2.000000e+02
2.060579e+02 2.000000e+02
2.062853e+02 2.000000e+02
2.065170e+02 2.000000e+02
2.067521e+02 2.000000e+02
2.070358e+02 2.000000e+02
2.073276e+02 2.000000e+02
2.076263e+02 2.000000e+02
2.079905e+02 2.000000e+02
2.083470e+02 2.000000e+02
2.087607e+02 2.000000e+02
2.092176e+02 2.000000e+02
2.097547e+02 2.000000e+02
2.103246e+02 2.000000e+02
2.109654e+02 2.000000e+02
2.116481e+02 2.000000e+02
2.124703e+02 2.000000e+02
2.134174e+02 2.000000e+02
2.145202e+02 2.000000e+02
2.158203e+02 2.000000e+02
2.173762e+02 2.000000e+02
2.192716e+02 2.000000e+02
2.216314e+02 2.000000e+02
2.246497e+02 2.000000e+02
2.286465e+02 2.000000e+02
2.341908e+02 2.000000e+02
2.423965e+02 2.000000e+02
2.557849e+02 2.000000e+02
2.815316e+02 2.000000e+02
3.514151e+02 2.000000e+02
6.296919e+03 1.708868e+03
1.998165e+03 9.769536e+02
1.445340e+03 9.589579e+02
1.216759e+03 9.114803e+02
9.963682e+02 7.825446e+02
8.075161e+02 6.481693e+02
6.808963e+02 5.676138e+02
5.998941e+02 5.354323e+02
5.380982e+02 4.903765e+02
5.058171e+02 4.771449e+02
4.846747e+02 4.317155e+02
4.696100e+02 4.317155e+02
4.577927e+02 4.310042e+02
4.467535e+02 4.167031e+02
4.372746e+02 3.642699e+02
4.243271e+02 3.196913e+02
4.012207e+02 2.562211e+02
3.681590e+02 2.562211e+02
3.354627e+02 2.562211e+02
3.014108e+02 2.562211e+02
2.739566e+02 2.463665e+02
2.545036e+02 2.143436e+02
2.389566e+02 2.143436e+02
2.280258e+02 2.105675e+02
2.200757e+02 2.105675e+02
2.150654e+02 2.088549e+02
2.114813e+02 2.058903e+02
2.085603e+02 2.041044e+02
2.069323e+02 2.025277e+02
2.056299e+02 2.015587e+02
2.049173e+02 2.014858e+02
2.043292e+02 2.009767e+02
2.039341e+02 2.007308e+02
2.036516e+02 2.005501e+02
2.034755e+02 2.001514e+02
2.033441e+02 2.001514e+02
2.032769e+02 2.000987e+02
2.032277e+02 2.000987e+02
2.032040e+02 2.000965e+02
2.031975e+02 2.000578e+02
2.032075e+02 2.000490e+02
2.032305e+02 2.000063e+02
2.032628e+02 2.000063e+02
2.032984e+02 2.000063e+02
2.033466e+02 2.000063e+02
2.033965e+02 2.000034e+02
2.034539e+02 2.000034e+02
2.035086e+02 2.000034e+02
2.035677e+02 2.000032e+02
2.036291e+02 2.000020e+02
2.036937e+02 2.000016e+02
2.037665e+02 2.000003e+02
2.038501e+02 2.000003e+02
2.039252e+02 2.000002e+02
2.040073e+02 2.000002e+02
2.040988e+02 2.000001e+02
2.041840e+02 2.000001e+02
2.042789e+02 2.000000e+02
2.043774e+02 2.000000e+02
2.044808e+02 2.000000e+02
2.045825e+02 2.000000e+02
2.047028e+02 2.000000e+02
2.048222e+02 2.000000e+02
2.049477e+02 2.000000e+02
2.050802e+02 2.000000e+02
2.052209e+02 2.000000e+02
2.053610e+02 2.000000e+02
2.055178e+02 2.000000e+02
2.056935e+02 2.000000e+02
2.058708e+02 2.000000e+02
2.060486e+02 2.000000e+02
2.062605e+02 2.000000e+02
2.064631e+02 2.000000e+02
2.067057e+02 2.000000e+02
2.069528e+02 2.000000e+02
2.072035e+02 2.000000e+02
2.075062e+02 2.000000e+02
2.077994e+02 2.000000e+02
2.081555e+02 2.000000e+02
2.085244e+02 2.000000e+02
2.089048e+02 2.000000e+02
2.093462e+02 2.000000e+02
2.098336e+02 2.000000e+02
2.103747e+02 2.000000e+02
2.110146e+02 2.000000e+02
2.116581e+02 2.000000e+02
2.124266e+02 2.000000e+02
2.133037e+02 2.000000e+02
2.143139e+02 2.000000e+02
2.154903e+02 2.000000e+02
2.168775e+02 2.000000e+02
2.185374e+02 2.000000e+02
2.205593e+02 2.000000e+02
2.230765e+02 2.000000e+02
2.262962e+02 2.000000e+02
2.305601e+02 2.000000e+02
2.364747e+02 2.000000e+02
2.452281e+02 2.000000e+02
2.595102e+02 2.000000e+02
2.869757e+02 2.000000e+02
3.615259e+02 2.000000e+02
6.319963e+03 1.779400e+03
1.981636e+03 1.233172e+03
1.444850e+03 1.006111e+03
1.221652e+03 9.155905e+02
1.011165e+03 7.390217e+02
8.087549e+02 6.555593e+02
6.737888e+02 5.739641e+02
5.955349e+02 5.212857e+02
5.379473e+02 4.961544e+02
5.060724e+02 4.745023e+02
4.866102e+02 4.267944e+02
4.694255e+02 4.267944e+02
4.572849e+02 4.267944e+02
4.462207e+02 4.233695e+02
4.373154e+02 3.811632e+02
4.186764e+02 3.134189e+02
3.888670e+02 3.122817e+02
3.490864e+02 3.003407e+02
3.151094e+02 2.806028e+02
2.846264e+02 2.177892e+02
2.604930e+02 2.177892e+02
2.432208e+02 2.174920e+02
2.304594e+02 2.174920e+02
2.219875e+02 2.090474e+02
2.165710e+02 2.090233e+02
2.123482e+02 2.064662e+02
2.094954e+02 2.044232e+02
2.074907e+02 2.027663e+02
2.062687e+02 2.021908e+02
2.052196e+02 2.015523e+02
2.044959e+02 2.012240e+02
2.040101e+02 2.006634e+02
2.036809e+02 2.005861e+02
2.034727e+02 2.004242e+02
2.032971e+02 2.003114e+02
2.031995e+02 2.002274e+02
2.031446e+02 2.001801e+02
2.031171e+02 2.001357e+02
2.030960e+02 2.000923e+02
2.030897e+02 2.000403e+02
2.031007e+02 2.000403e+02
2.031271e+02 2.000350e+02
2.031465e+02 2.000251e+02
2.031853e+02 2.000144e+02
2.032242e+02 2.000123e+02
2.032734e+02 2.000090e+02
2.033251e+02 2.000055e+02
2.033792e+02 2.000029e+02
2.034319e+02 2.000029e+02
2.034933e+02 2.000023e+02
2.035617e+02 2.000014e+02
2.036314e+02 2.000011e+02
2.037047e+02 2.000004e+02
2.037760e+02 2.000003e+02
2.038558e+02 2.000003e+02
2.039385e+02 2.000002e+02
2.040255e+02 2.000001e+02
2.041110e+02 2.000001e+02
2.042113e+02 2.000001e+02
2.043111e+02 2.000000e+02
2.044101e+02 2.000000e+02
2.045260e+02 2.000000e+02
2.046412e+02 2.000000e+02
2.047619e+02 2.000000e+02
2.048894e+02 2.000000e+02
2.050241e+02 2.000000e+02
2.051592e+02 2.000000e+02
2.053099e+02 2.000000e+02
2.054788e+02 2.000000e+02
2.056493e+02 2.000000e+02
2.058305e+02 2.000000e+02
2.060240e+02 2.000000e+02
2.062189e+02 2.000000e+02
2.064524e+02 2.000000e+02
2.066765e+02 2.000000e+02
2.069312e+02 2.000000e+02
2.072066e+02 2.000000e+02
2.075220e+02 2.000000e+02
2.078285e+02 2.000000e+02
2.082021e+02 2.000000e+02
2.085904e+02 2.000000e+02
2.090174e+02 2.000000e+02
2.094616e+02 2.000000e+02
2.099821e+02 2.000000e+02
2.105632e+02 2.000000e+02
2.112551e+02 2.000000e+02
2.119557e+02 2.000000e+02
2.127993e+02 2.000000e+02
2.137707e+02 2.000000e+02
2.149019e+02 2.000000e+02
2.162364e+02 2.000000e+02
2.178332e+02 2.000000e+02
2.197781e+02 2.000000e+02
2.221996e+02 2.000000e+02
2.252970e+02 2.000000e+02
2.293984e+02 2.000000e+02
2.350882e+02 2.000000e+02
2.435087e+02 2.000000e+02
2.572473e+02 2.000000e+02
2.836660e+02 2.000000e+02
3.553762e+02 2.000000e+02
6.310286e+03 1.751623e+03
1.972322e+03 9.975388e+02
1.428014e+03 9.834235e+02
1.212340e+03 9.066941e+02
9.795319e+02 7.459121e+02
7.912878e+02 6.209516e+02
6.697590e+02 5.691889e+02
6.002423e+02 5.280197e+02
5.423298e+02 4.990282e+02
5.072279e+02 4.766292e+02
4.875739e+02 4.592262e+02
4.711452e+02 4.524616e+02
4.594572e+02 4.317093e+02
4.484766e+02 4.144703e+02
4.381557e+02 3.698378e+02
4.281532e+02 3.523086e+02
4.072950e+02 3.243100e+02
3.782613e+02 3.052492e+02
3.468939e+02 2.981786e+02
3.105603e+02 2.598933e+02
2.786022e+02 2.524989e+02
2.568354e+02 2.382749e+02
2.402562e+02 2.174130e+02
2.287229e+02 2.174130e+02
2.204773e+02 2.119409e+02
2.150415e+02 2.080922e+02
2.113620e+02 2.059412e+02
2.085050e+02 2.031841e+02
2.068784e+02 2.024674e+02
2.055307e+02 2.017583e+02
2.046180e+02 2.007218e+02
2.040524e+02 2.007218e+02
2.036543e+02 2.007218e+02
2.033848e+02 2.004494e+02
2.031715e+02 2.003555e+02
2.030506e+02 2.001602e+02
2.029659e+02 2.001602e+02
2.029252e+02 2.001437e+02
2.029077e+02 2.001130e+02
2.028999e+02 2.000821e+02
2.029065e+02 2.000517e+02
2.029228e+02 2.000390e+02
2.029479e+02 2.000159e+02
2.029839e+02 2.000159e+02
2.030225e+02 2.000143e+02
2.030703e+02 2.000017e+02
2.031194e+02 2.000017e+02
2.031729e+02 2.000017e+02
2.032228e+02 2.000017e+02
2.032869e+02 2.000017e+02
2.033446e+02 2.000016e+02
2.034100e+02 2.000010e+02
2.034787e+02 2.000007e+02
2.035459e+02 2.000004e+02
2.036245e+02 2.000003e+02
2.037030e+02 2.000002e+02
2.037849e+02 2.000001e+02
2.038698e+02 2.000001e+02
2.039539e+02 2.000001e+02
2.040474e+02 2.000000e+02
2.041512e+02 2.000000e+02
2.042602e+02 2.000000e+02
2.043630e+02 2.000000e+02
2.044774e+02 2.000000e+02
2.045906e+02 2.000000e+02
2.047243e+02 2.000000e+02
2.048586e+02 2.000000e+02
2.050009e+02 2.000000e+02
2.051431e+02 2.000000e+02
2.053029e+02 2.000000e+02
2.054828e+02 2.000000e+02
2.056647e+02 2.000000e+02
2.058592e+02 2.000000e+02
2.060555e+02 2.000000e+02
2.062782e+02 2.000000e+02
2.065319e+02 2.000000e+02
2.067769e+02 2.000000e+02
2.070572e+02 2.000000e+02
2.073794e+02 2.000000e+02
2.076937e+02 2.000000e+02
2.080783e+02 2.000000e+02
2.084799e+02 2.000000e+02
2.088977e+02 2.000000e+02
2.093874e+02 2.000000e+02
2.099341e+02 2.000000e+02
2.105485e+02 2.000000e+02
2.112440e+02 2.000000e+02
2.120376e+02 2.000000e+02
2.129518e+02 2.000000e+02
2.140162e+02 2.000000e+02
2.152713e+02 2.000000e+02
2.167733e+02 2.000000e+02
2.186030e+02 2.000000e+02
2.208806e+02 2.000000e+02
2.237940e+02 2.000000e+02
2.276521e+02 2.000000e+02
2.330035e+02 2.000000e+02
2.409239e+02 2.000000e+02
2.538463e+02 2.000000e+02
2.786971e+02 2.000000e+02
3.547463e+02 2.000000e+02
6.283334e+03 1.829997e+03
1.989399e+03 1.200821e+03
1.442495e+03 1.052107e+03
1.209436e+03 8.513928e+02
9.913558e+02 7.703037e+02
8.011357e+02 6.469887e+02
6.696885e+02 5.727823e+02
5.984880e+02 5.223983e+02
5.386104e+02 4.944902e+02
5.058229e+02 4.746186e+02
4.867358e+02 4.625798e+02
4.691115e+02 4.482870e+02
4.560577e+02 4.380092e+02
4.448937e+02 4.082773e+02
4.354383e+02 3.588186e+02
4.126401e+02 3.000359e+02
3.823080e+02 3.000359e+02
3.430517e+02 2.908242e+02
3.094862e+02 2.639365e+02
2.803630e+02 2.553249e+02
2.579033e+02 2.359549e+02
2.423958e+02 2.285620e+02
2.308805e+02 2.206977e+02
2.221844e+02 2.140598e+02
2.164534e+02 2.094578e+02
2.124128e+02 2.066561e+02
2.094985e+02 2.046950e+02
2.074535e+02 2.033912e+02
2.059609e+02 2.024354e+02
2.049225e+02 2.016649e+02
2.043031e+02 2.012191e+02
2.038472e+02 2.008744e+02
2.035292e+02 2.006516e+02
2.033152e+02 2.004727e+02
2.031627e+02 2.003526e+02
2.030492e+02 2.002394e+02
2.029914e+02 2.002005e+02
2.029518e+02 2.001329e+02
2.029375e+02 2.000383e+02
2.029318e+02 2.000383e+02
2.029476e+02 2.000383e+02
2.029729e+02 2.000383e+02
2.030042e+02 2.000223e+02
2.030395e+02 2.000080e+02
2.030835e+02 2.000080e+02
2.031300e+02 2.000080e+02
2.031808e+02 2.000066e+02
2.032363e+02 2.000045e+02
2.032939e+02 2.000031e+02
2.033532e+02 2.000023e+02
2.034102e+02 2.000002e+02
2.034772e+02 2.000002e+02
2.035547e+02 2.000002e+02
2.036237e+02 2.000002e+02
2.037004e+02 2.000002e+02
2.037853e+02 2.000001e+02
2.038641e+02 2.000001e+02
2.039517e+02 2.000001e+02
2.040431e+02 2.000000e+02
2.041389e+02 2.000000e+02
2.042334e+02 2.000000e+02
2.043445e+02 2.000000e+02
2.044486e+02 2.000000e+02
2.045715e+02 2.000000e+02
2.046874e+02 2.000000e+02
2.048243e+02 2.000000e+02
2.049617e+02 2.000000e+02
2.050988e+02 2.000000e+02
2.052613e+02 2.000000e+02
2.054251e+02 2.000000e+02
2.055893e+02 2.000000e+02
2.057852e+02 2.000000e+02
2.059725e+02 2.000000e+02
2.061966e+02 2.000000e+02
2.064117e+02 2.000000e+02
2.066565e+02 2.000000e+02
2.069362e+02 2.000000e+02
2.072072e+02 2.000000e+02
2.075362e+02 2.000000e+02
2.078572e+02 2.000000e+02
2.082500e+02 2.000000e+02
2.086602e+02 2.000000e+02
2.090867e+02 2.000000e+02
2.096162e+02 2.000000e+02
2.101452e+02 2.000000e+02
2.108098e+02 2.000000e+02
2.115251e+02 2.000000e+02
2.122932e+02 2.000000e+02
2.132267e+02 2.000000e+02
2.143138e+02 2.000000e+02
2.155955e+02 2.000000e+02
2.171295e+02 2.000000e+02
2.189980e+02 2.000000e+02
2.213242e+02 2.000000e+02
2.242996e+02 2.000000e+02
2.282397e+02 2.000000e+02
2.337047e+02 2.000000e+02
2.417935e+02 2.000000e+02
2.549908e+02 2.000000e+02
2.803702e+02 2.000000e+02
3.492572e+02 2.000000e+02
6.306042e+03 1.777627e+03
1.986363e+03 1.304668e+03
1.444728e+03 9.757301e+02
1.213447e+03 8.857741e+02
9.982806e+02 7.604004e+02
8.058189e+02 6.421078e+02
6.710955e+02 5.644552e+02
5.977301e+02 5.308681e+02
5.382557e+02 4.914757e+02
5.042867e+02 4.542807e+02
4.832655e+02 4.542807e+02
4.652701e+02 4.439789e+02
4.527635e+02 4.357821e+02
4.409820e+02 4.089272e+02
4.307430e+02 3.478244e+02
4.191262e+02 3.204659e+02
3.958965e+02 3.142012e+02
3.679583e+02 3.040112e+02
3.405083e+02 2.770611e+02
3.082362e+02 2.596104e+02
2.834947e+02 2.478355e+02
2.614577e+02 2.443869e+02
2.444435e+02 2.306820e+02
2.328682e+02 2.215900e+02
2.240105e+02 2.148883e+02
2.177394e+02 2.099119e+02
2.131310e+02 2.071904e+02
2.096214e+02 2.046799e+02
2.077308e+02 2.032647e+02
2.062064e+02 2.008040e+02
2.052823e+02 2.008040e+02
2.045394e+02 2.008040e+02
2.041007e+02 2.007549e+02
2.037827e+02 2.006093e+02
2.035365e+02 2.004127e+02
2.033968e+02 2.003243e+02
2.033091e+02 2.001763e+02
2.032519e+02 2.001748e+02
2.032128e+02 2.001235e+02
2.032102e+02 2.000886e+02
2.032181e+02 2.000501e+02
2.032398e+02 2.000467e+02
2.032619e+02 2.000333e+02
2.032999e+02 2.000232e+02
2.033400e+02 2.000175e+02
2.033894e+02 2.000059e+02
2.034401e+02 2.000037e+02
2.034970e+02 2.000037e+02
2.035593e+02 2.000034e+02
2.036193e+02 2.000014e+02
2.036956e+02 2.000014e+02
2.037669e+02 2.000012e+02
2.038427e+02 2.000009e+02
2.039172e+02 2.000006e+02
2.040001e+02 2.000002e+02
2.040867e+02 2.000001e+02
2.041765e+02 2.000001e+02
2.042655e+02 2.000001e+02
2.043695e+02 2.000001e+02
2.044733e+02 2.000000e+02
2.045879e+02 2.000000e+02
2.046957e+02 2.000000e+02
2.048151e+02 2.000000e+02
2.049407e+02 2.000000e+02
2.050729e+02 2.000000e+02
2.052129e+02 2.000000e+02
2.053611e+02 2.000000e+02
2.055180e+02 2.000000e+02
2.056848e+02 2.000000e+02
2.058616e+02 2.000000e+02
2.060389e+02 2.000000e+02
2.062388e+02 2.000000e+02
2.064525e+02 2.000000e+02
2.066948e+02 2.000000e+02
2.069275e+02 2.000000e+02
2.072072e+02 2.000000e+02
2.074777e+02 2.000000e+02
2.078049e+02 2.000000e+02
2.081231e+02 2.000000e+02
2.085106e+02 2.000000e+02
2.088902e+02 2.000000e+02
2.093310e+02 2.000000e+02
2.098461e+02 2.000000e+02
2.103897e+02 2.000000e+02
2.109612e+02 2.000000e+02
2.116391e+02 2.000000e+02
2.124065e+02 2.000000e+02
2.132822e+02 2.000000e+02
2.142909e+02 2.000000e+02
2.154655e+02 2.000000e+02
2.168503e+02 2.000000e+02
2.185076e+02 2.000000e+02
2.205264e+02 2.000000e+02
2.230397e+02 2.000000e+02
2.262545e+02 2.000000e+02
2.305118e+02 2.000000e+02
2.364172e+02 2.000000e+02
2.451571e+02 2.000000e+02
2.594170e+02 2.000000e+02
2.868391e+02 2.000000e+02
3.612706e+02 2.000000e+02
6.285938e+03 1.565405e+03
2.002522e+03 1.225991e+03
1.451715e+03 1.038901e+03
1.211902e+03 9.163392e+02
9.969121e+02 7.399079e+02
8.034829e+02 6.439696e+02
6.773609e+02 5.458638e+02
6.041167e+02 5.312519e+02
5.427403e+02 4.902555e+02
5.109796e+02 4.744947e+02
4.899438e+02 4.564798e+02
4.721311e+02 4.473572e+02
4.606397e+02 4.357535e+02
4.490779e+02 4.312992e+02
4.386245e+02 3.829003e+02
4.272662e+02 3.338870e+02
4.051226e+02 2.511653e+02
3.711102e+02 2.511653e+02
3.364041e+02 2.511653e+02
3.002958e+02 2.511653e+02
2.730162e+02 2.500879e+02
2.542546e+02 2.367616e+02
2.390354e+02 2.179431e+02
2.285219e+02 2.172305e+02
2.208731e+02 2.120859e+02
2.153392e+02 2.056553e+02
2.114730e+02 2.052704e+02
2.085109e+02 2.027977e+02
2.069307e+02 2.025751e+02
2.055574e+02 2.019108e+02
2.049222e+02 2.014464e+02
2.043059e+02 2.010283e+02
2.039227e+02 2.006585e+02
2.036460e+02 2.005234e+02
2.034896e+02 2.003433e+02
2.033479e+02 2.002601e+02
2.032776e+02 2.002010e+02
2.032367e+02 2.001604e+02
2.032195e+02 2.001105e+02
2.032073e+02 2.000633e+02
2.032202e+02 2.000588e+02
2.032392e+02 2.000320e+02
2.032678e+02 2.000283e+02
2.033051e+02 2.000091e+02
2.033514e+02 2.000091e+02
2.034021e+02 2.000091e+02
2.034548e+02 2.000074e+02
2.035137e+02 2.000052e+02
2.035731e+02 2.000026e+02
2.036383e+02 2.000020e+02
2.037012e+02 2.000007e+02
2.037675e+02 2.000007e+02
2.038485e+02 2.000007e+02
2.039219e+02 2.000005e+02
2.040080e+02 2.000004e+02
2.040949e+02 2.000001e+02
2.041798e+02 2.000001e+02
2.042741e+02 2.000001e+02
2.043724e+02 2.000001e+02
2.044757e+02 2.000000e+02
2.045777e+02 2.000000e+02
2.046974e+02 2.000000e+02
2.048166e+02 2.000000e+02
2.049430e+02 2.000000e+02
2.050675e+02 2.000000e+02
2.052155e+02 2.000000e+02
2.053550e+02 2.000000e+02
2.055206e+02 2.000000e+02
2.056872e+02 2.000000e+02
2.058639e+02 2.000000e+02
2.060519e+02 2.000000e+02
2.062524e+02 2.000000e+02
2.064666e+02 2.000000e+02
2.066961e+02 2.000000e+02
2.069429e+02 2.000000e+02
2.071914e+02 2.000000e+02
2.074878e+02 2.000000e+02
2.077770e+02 2.000000e+02
2.081292e+02 2.000000e+02
2.084723e+02 2.000000e+02
2.088724e+02 2.000000e+02
2.093069e+02 2.000000e+02
2.097883e+02 2.000000e+02
2.103237e+02 2.000000e+02
2.109593e+02 2.000000e+02
2.115994e+02 2.000000e+02
2.124089e+02 2.000000e+02
2.132358e+02 2.000000e+02
2.142403e+02 2.000000e+02
2.154098e+02 2.000000e+02
2.167887e+02 2.000000e+02
2.184397e+02 2.000000e+02
2.204503e+02 2.000000e+02
2.229539e+02 2.000000e+02
2.261562e+02 2.000000e+02
2.303974e+02 2.000000e+02
2.362800e+02 2.000000e+02
2.449858e+02 2.000000e+02
2.591910e+02 2.000000e+02
2.865080e+02 2.000000e+02
3.606526e+02 2.000000e+02
6.267675e+03 1.794985e+03
1.977184e+03 8.820660e+02
1.437185e+03 8.693580e+02
1.218356e+03 8.521550e+02
9.821178e+02 7.674523e+02
7.883470e+02 6.444526e+02
6.603526e+02 5.608546e+02
5.860049e+02 5.193973e+02
5.342218e+02 4.935621e+02
5.010098e+02 4.742443e+02
4.819957e+02 4.591069e+02
4.659086e+02 4.384027e+02
4.542038e+02 4.384027e+02
4.432300e+02 4.066214e+02
4.345234e+02 3.503426e+02
4.149315e+02 3.342525e+02
3.861468e+02 3.170976e+02
3.459110e+02 2.798365e+02
3.113913e+02 2.760166e+02
2.804139e+02 2.505121e+02
2.574517e+02 2.411386e+02
2.405487e+02 2.280295e+02
2.295126e+02 2.194920e+02
2.217633e+02 2.132988e+02
2.159848e+02 2.091020e+02
2.118523e+02 2.053929e+02
2.089423e+02 2.040369e+02
2.067867e+02 2.029689e+02
2.056225e+02 2.020538e+02
2.046724e+02 2.014584e+02
2.040240e+02 2.011054e+02
2.036224e+02 2.008241e+02
2.033189e+02 2.006090e+02
2.031178e+02 2.004301e+02
2.029829e+02 2.003163e+02
2.028845e+02 2.001740e+02
2.028268e+02 2.001740e+02
2.027965e+02 2.001244e+02
2.027785e+02 2.000645e+02
2.027792e+02 2.000645e+02
2.027945e+02 2.000458e+02
2.028163e+02 2.000361e+02
2.028415e+02 2.000223e+02
2.028806e+02 2.000175e+02
2.029193e+02 2.000132e+02
2.029642e+02 2.000093e+02
2.030110e+02 2.000068e+02
2.030625e+02 2.000037e+02
2.031157e+02 2.000034e+02
2.031734e+02 2.000020e+02
2.032301e+02 2.000014e+02
2.032797e+02 2.000011e+02
2.033481e+02 2.000006e+02
2.034079e+02 2.000003e+02
2.034794e+02 2.000003e+02
2.035498e+02 2.000002e+02
2.036225e+02 2.000001e+02
2.037012e+02 2.000001e+02
2.037857e+02 2.000001e+02
2.038732e+02 2.000000e+02
2.039656e+02 2.000000e+02
2.040630e+02 2.000000e+02
2.041662e+02 2.000000e+02
2.042671e+02 2.000000e+02
2.043798e+02 2.000000e+02
2.045072e+02 2.000000e+02
2.046357e+02 2.000000e+02
2.047709e+02 2.000000e+02
2.049147e+02 2.000000e+02
2.050672e+02 2.000000e+02
2.052206e+02 2.000000e+02
2.053934e+02 2.000000e+02
2.055885e+02 2.000000e+02
2.057868e+02 2.000000e+02
2.059879e+02 2.000000e+02
2.062162e+02 2.000000e+02
2.064630e+02 2.000000e+02
2.067459e+02 2.000000e+02
2.070209e+02 2.000000e+02
2.073561e+02 2.000000e+02
2.076840e+02 2.000000e+02
2.080651e+02 2.000000e+02
2.084857e+02 2.000000e+02
2.089527e+02 2.000000e+02
2.094740e+02 2.000000e+02
2.100602e+02 2.000000e+02
2.107234e+02 2.000000e+02
2.114802e+02 2.000000e+02
2.123519e+02 2.000000e+02
2.133671e+02 2.000000e+02
2.145640e+02 2.000000e+02
2.159963e+02 2.000000e+02
2.177412e+02 2.000000e+02
2.199135e+02 2.000000e+02
2.226919e+02 2.000000e+02
2.263716e+02 2.000000e+02
2.314756e+02 2.000000e+02
2.390296e+02 2.000000e+02
2.513544e+02 2.000000e+02
2.750555e+02 2.000000e+02
3.393872e+02 2.000000e+02
6.288997e+03 1.638625e+03
1.986442e+03 1.090413e+03
1.439602e+03 9.823575e+02
1.234134e+03 9.151840e+02
1.011663e+03 7.362368e+02
8.180795e+02 6.533018e+02
6.803058e+02 5.775187e+02
6.002940e+02 5.315857e+02
5.481361e+02 5.001111e+02
5.090571e+02 4.697825e+02
4.879423e+02 4.616941e+02
4.715494e+02 4.518451e+02
4.592561e+02 4.348428e+02
4.480414e+02 4.132986e+02
4.374931e+02 3.881588e+02
4.268796e+02 3.403270e+02
4.080674e+02 3.296224e+02
3.757587e+02 3.137756e+02
3.447663e+02 2.999166e+02
3.080467e+02 2.698592e+02
2.792444e+02 2.441135e+02
2.575177e+02 2.403551e+02
2.411786e+02 2.239279e+02
2.292812e+02 2.132621e+02
2.210913e+02 2.120592e+02
2.152740e+02 2.087602e+02
2.111998e+02 2.027813e+02
2.082984e+02 2.024628e+02
2.066043e+02 2.024628e+02
2.053743e+02 2.004565e+02
2.046006e+02 2.004565e+02
2.040617e+02 2.004565e+02
2.036626e+02 2.004565e+02
2.033943e+02 2.003687e+02
2.032002e+02 2.001957e+02
2.030885e+02 2.001600e+02
2.030141e+02 2.001600e+02
2.029530e+02 2.001477e+02
2.029202e+02 2.001030e+02
2.029036e+02 2.000699e+02
2.029100e+02 2.000371e+02
2.029319e+02 2.000289e+02
2.029518e+02 2.000289e+02
2.029910e+02 2.000208e+02
2.030195e+02 2.000155e+02
2.030639e+02 2.000106e+02
2.031092e+02 2.000074e+02
2.031612e+02 2.000047e+02
2.032096e+02 2.000019e+02
2.032717e+02 2.000019e+02
2.033267e+02 2.000018e+02
2.033941e+02 2.000012e+02
2.034578e+02 2.000008e+02
2.035287e+02 2.000005e+02
2.036023e+02 2.000004e+02
2.036800e+02 2.000002e+02
2.037610e+02 2.000002e+02
2.038510e+02 2.000000e+02
2.039347e+02 2.000000e+02
2.040276e+02 2.000000e+02
2.041250e+02 2.000000e+02
2.042226e+02 2.000000e+02
2.043304e+02 2.000000e+02
2.044503e+02 2.000000e+02
2.045687e+02 2.000000e+02
2.046877e+02 2.000000e+02
2.048280e+02 2.000000e+02
2.049694e+02 2.000000e+02
2.051195e+02 2.000000e+02
2.052787e+02 2.000000e+02
2.054482e+02 2.000000e+02
2.056289e+02 2.000000e+02
2.058221e+02 2.000000e+02
2.060292e+02 2.000000e+02
2.062516e+02 2.000000e+02
2.064907e+02 2.000000e+02
2.067341e+02 2.000000e+02
2.070291e+02 2.000000e+02
2.073156e+02 2.000000e+02
2.076647e+02 2.000000e+02
2.080275e+02 2.000000e+02
2.084265e+02 2.000000e+02
2.088671e+02 2.000000e+02
2.093278e+02 2.000000e+02
2.099030e+02 2.000000e+02
2.104813e+02 2.000000e+02
2.111723e+02 2.000000e+02
2.119607e+02 2.000000e+02
2.128690e+02 2.000000e+02
2.139265e+02 2.000000e+02
2.151735e+02 2.000000e+02
2.166659e+02 2.000000e+02
2.184838e+02 2.000000e+02
2.207470e+02 2.000000e+02
2.236418e+02 2.000000e+02
2.286644e+02 2.000000e+02
2.327934e+02 2.000000e+02
2.430556e+02 2.000000e+02
2.535046e+02 2.000000e+02
2.781985e+02 2.000000e+02
3.537657e+02 2.000000e+02
6.247443e+03 1.673125e+03
1.958177e+03 1.213922e+03
1.433432e+03 1.034133e+03
1.198042e+03 8.300081e+02
9.766706e+02 7.399172e+02
7.829833e+02 6.179046e+02
6.641415e+02 5.555885e+02
5.834378e+02 5.149470e+02
5.338314e+02 4.818287e+02
5.034480e+02 4.709983e+02
4.818977e+02 4.572680e+02
4.658441e+02 4.444852e+02
4.533662e+02 4.238586e+02
4.416010e+02 3.814968e+02
4.330133e+02 3.516557e+02
4.098266e+02 3.268208e+02
3.797817e+02 3.123600e+02
3.381525e+02 2.943380e+02
3.062701e+02 2.708253e+02
2.787849e+02 2.552029e+02
2.589852e+02 2.245533e+02
2.427309e+02 2.245533e+02
2.306489e+02 2.198698e+02
2.220880e+02 2.129811e+02
2.164177e+02 2.095889e+02
2.125511e+02 2.063933e+02
2.093659e+02 2.042642e+02
2.076269e+02 2.029310e+02
2.062184e+02 2.021922e+02
2.051066e+02 2.014681e+02
2.044212e+02 2.011800e+02
2.040033e+02 2.008470e+02
2.037144e+02 2.002239e+02
2.035158e+02 2.002239e+02
2.033495e+02 2.001213e+02
2.032642e+02 2.001213e+02
2.032124e+02 2.001213e+02
2.031835e+02 2.000980e+02
2.031726e+02 2.000768e+02
2.031824e+02 2.000355e+02
2.032022e+02 2.000355e+02
2.032280e+02 2.000273e+02
2.032651e+02 2.000220e+02
2.033119e+02 2.000150e+02
2.033552e+02 2.000094e+02
2.034099e+02 2.000073e+02
2.034654e+02 2.000055e+02
2.035233e+02 2.000040e+02
2.035830e+02 2.000028e+02
2.036517e+02 2.000020e+02
2.037161e+02 2.000014e+02
2.037921e+02 2.000009e+02
2.038693e+02 2.000006e+02
2.039443e+02 2.000004e+02
2.040271e+02 2.000003e+02
2.041138e+02 2.000002e+02
2.042049e+02 2.000001e+02
2.042942e+02 2.000001e+02
2.043989e+02 2.000001e+02
2.045030e+02 2.000000e+02
2.046185e+02 2.000000e+02
2.047274e+02 2.000000e+02
2.048480e+02 2.000000e+02
2.049676e+02 2.000000e+02
2.051084e+02 2.000000e+02
2.052495e+02 2.000000e+02
2.053900e+02 2.000000e+02
2.055476e+02 2.000000e+02
2.057244e+02 2.000000e+02
2.059025e+02 2.000000e+02
2.060813e+02 2.000000e+02
2.062944e+02 2.000000e+02
2.064982e+02 2.000000e+02
2.067421e+02 2.000000e+02
2.069762e+02 2.000000e+02
2.072425e+02 2.000000e+02
2.075468e+02 2.000000e+02
2.078598e+02 2.000000e+02
2.081801e+02 2.000000e+02
2.085706e+02 2.000000e+02
2.089765e+02 2.000000e+02
2.094228e+02 2.000000e+02
2.099156e+02 2.000000e+02
2.104310e+02 2.000000e+02
2.110386e+02 2.000000e+02
2.117212e+02 2.000000e+02
2.124940e+02 2.000000e+02
2.133758e+02 2.000000e+02
2.143916e+02 2.000000e+02
2.155743e+02 2.000000e+02
2.169689e+02 2.000000e+02
2.186378e+02 2.000000e+02
2.206705e+02 2.000000e+02
2.232014e+02 2.000000e+02
2.264386e+02 2.000000e+02
2.307257e+02 2.000000e+02
2.366724e+02 2.000000e+02
2.454733e+02 2.000000e+02
2.598316e+02 2.000000e+02
2.874440e+02 2.000000e+02
3.623935e+02 2.000000e+02
6.282655e+03 1.778202e+03
1.999325e+03 1.154555e+03
1.454920e+03 9.992689e+02
1.217912e+03 8.420232e+02
9.998645e+02 7.718356e+02
7.995176e+02 6.416227e+02
6.739620e+02 5.617263e+02
6.007175e+02 5.203964e+02
5.427934e+02 4.930011e+02
5.081492e+02 4.756959e+02
4.880435e+02 4.560514e+02
4.709724e+02 4.383779e+02
4.593993e+02 4.317137e+02
4.486266e+02 4.240150e+02
4.387467e+02 3.956154e+02
4.282949e+02 3.328931e+02
4.049728e+02 3.225186e+02
3.720670e+02 3.078473e+02
3.413255e+02 2.955689e+02
3.034089e+02 2.732256e+02
2.783229e+02 2.550592e+02
2.569895e+02 2.398660e+02
2.408073e+02 2.267707e+02
2.300807e+02 2.194878e+02
2.217007e+02 2.093229e+02
2.154731e+02 2.080587e+02
2.112466e+02 2.056245e+02
2.084111e+02 2.038258e+02
2.068309e+02 2.028340e+02
2.055925e+02 2.013368e+02
2.048595e+02 2.009923e+02
2.042554e+02 2.008422e+02
2.038645e+02 2.005426e+02
2.036155e+02 2.005386e+02
2.034248e+02 2.003975e+02
2.033148e+02 2.002753e+02
2.032280e+02 2.002259e+02
2.031703e+02 2.001546e+02
2.031417e+02 2.001171e+02
2.031379e+02 2.000820e+02
2.031507e+02 2.000615e+02
2.031777e+02 2.000405e+02
2.032096e+02 2.000332e+02
2.032506e+02 2.000201e+02
2.032893e+02 2.000150e+02
2.033379e+02 2.000106e+02
2.033901e+02 2.000073e+02
2.034395e+02 2.000055e+02
2.034926e+02 2.000038e+02
2.035535e+02 2.000018e+02
2.036124e+02 2.000009e+02
2.036814e+02 2.000009e+02
2.037626e+02 2.000008e+02
2.038359e+02 2.000005e+02
2.039165e+02 2.000003e+02
2.040050e+02 2.000002e+02
2.040880e+02 2.000001e+02
2.041799e+02 2.000001e+02
2.042757e+02 2.000000e+02
2.043762e+02 2.000000e+02
2.044766e+02 2.000000e+02
2.045931e+02 2.000000e+02
2.047102e+02 2.000000e+02
2.048308e+02 2.000000e+02
2.049589e+02 2.000000e+02
2.050946e+02 2.000000e+02
2.052313e+02 2.000000e+02
2.053828e+02 2.000000e+02
2.055519e+02 2.000000e+02
2.057201e+02 2.000000e+02
2.058887e+02 2.000000e+02
2.060888e+02 2.000000e+02
2.062826e+02 2.000000e+02
2.065162e+02 2.000000e+02
2.067517e+02 2.000000e+02
2.069923e+02 2.000000e+02
2.072844e+02 2.000000e+02
2.075856e+02 2.000000e+02
2.078950e+02 2.000000e+02
2.082705e+02 2.000000e+02
2.086390e+02 2.000000e+02
2.090670e+02 2.000000e+02
2.095396e+02 2.000000e+02
2.100637e+02 2.000000e+02
2.106842e+02 2.000000e+02
2.113081e+02 2.000000e+02
2.120535e+02 2.000000e+02
2.129041e+02 2.000000e+02
2.138838e+02 2.000000e+02
2.150248e+02 2.000000e+02
2.163701e+02 2.000000e+02
2.179801e+02 2.000000e+02
2.199412e+02 2.000000e+02
2.223829e+02 2.000000e+02
2.255059e+02 2.000000e+02
2.296417e+02 2.000000e+02
2.353784e+02 2.000000e+02
2.438683e+02 2.000000e+02
2.577203e+02 2.000000e+02
2.843593e+02 2.000000e+02
3.566655e+02 2.000000e+02
6.278026e+03 1.787176e+03
1.986895e+03 1.098707e+03
1.454941e+03 1.058166e+03
1.233830e+03 8.898356e+02
9.984363e+02 7.752162e+02
8.126698e+02 6.521428e+02
6.803530e+02 5.820025e+02
6.067295e+02 5.297967e+02
5.476233e+02 4.956548e+02
5.078991e+02 4.767484e+02
4.864058e+02 4.613173e+02
4.704923e+02 3.933877e+02
4.575922e+02 3.933877e+02
4.457372e+02 3.933877e+02
4.367382e+02 3.667893e+02
4.214860e+02 3.248509e+02
3.946151e+02 3.140146e+02
3.589186e+02 2.818787e+02
3.259585e+02 2.818787e+02
2.932049e+02 2.613102e+02
2.681144e+02 2.430772e+02
2.498433e+02 2.337983e+02
2.363186e+02 2.168974e+02
2.264523e+02 2.095254e+02
2.190216e+02 2.095254e+02
2.140478e+02 2.074035e+02
2.107357e+02 2.052832e+02
2.081005e+02 2.036474e+02
2.066346e+02 2.025937e+02
2.054348e+02 2.019002e+02
2.047781e+02 2.014078e+02
2.042319e+02 2.006166e+02
2.038166e+02 2.003970e+02
2.035441e+02 2.003970e+02
2.033484e+02 2.003138e+02
2.032347e+02 2.002509e+02
2.031711e+02 2.002029e+02
2.031096e+02 2.000900e+02
2.030914e+02 2.000777e+02
2.030907e+02 2.000385e+02
2.030955e+02 2.000385e+02
2.031217e+02 2.000385e+02
2.031493e+02 2.000297e+02
2.031862e+02 2.000197e+02
2.032276e+02 2.000131e+02
2.032750e+02 2.000104e+02
2.033285e+02 2.000072e+02
2.033846e+02 2.000049e+02
2.034443e+02 2.000020e+02
2.035105e+02 2.000019e+02
2.035698e+02 2.000011e+02
2.036429e+02 2.000011e+02
2.037119e+02 2.000004e+02
2.037879e+02 2.000004e+02
2.038669e+02 2.000003e+02
2.039481e+02 2.000002e+02
2.040351e+02 2.000001e+02
2.041307e+02 2.000000e+02
2.042212e+02 2.000000e+02
2.043205e+02 2.000000e+02
2.044253e+02 2.000000e+02
2.045292e+02 2.000000e+02
2.046443e+02 2.000000e+02
2.047723e+02 2.000000e+02
2.049005e+02 2.000000e+02
2.050282e+02 2.000000e+02
2.051796e+02 2.000000e+02
2.053309e+02 2.000000e+02
2.054917e+02 2.000000e+02
2.056626e+02 2.000000e+02
2.058445e+02 2.000000e+02
2.060384e+02 2.000000e+02
2.062458e+02 2.000000e+02
2.064678e+02 2.000000e+02
2.066926e+02 2.000000e+02
2.069481e+02 2.000000e+02
2.072243e+02 2.000000e+02
2.075233e+02 2.000000e+02
2.078665e+02 2.000000e+02
2.082222e+02 2.000000e+02
2.086115e+02 2.000000e+02
2.090145e+02 2.000000e+02
2.094847e+02 2.000000e+02
2.100372e+02 2.000000e+02
2.105894e+02 2.000000e+02
2.112443e+02 2.000000e+02
2.119854e+02 2.000000e+02
2.128313e+02 2.000000e+02
2.138058e+02 2.000000e+02
2.149403e+02 2.000000e+02
2.162785e+02 2.000000e+02
2.178794e+02 2.000000e+02
2.198297e+02 2.000000e+02
2.222571e+02 2.000000e+02
2.253622e+02 2.000000e+02
2.294744e+02 2.000000e+02
2.351784e+02 2.000000e+02
2.436091e+02 2.000000e+02
2.573006e+02 2.000000e+02
2.837276e+02 2.000000e+02
3.554872e+02 2.000000e+02
6.298786e+03 1.747295e+03
1.990872e+03 1.093755e+03
1.459089e+03 1.037526e+03
1.224985e+03 9.297540e+02
9.988618e+02 7.397880e+02
8.170812e+02 6.397562e+02
6.674695e+02 5.552856e+02
5.901132e+02 5.055369e+02
5.361917e+02 4.886074e+02
5.024799e+02 3.527108e+02
4.820213e+02 3.527108e+02
4.653979e+02 3.527108e+02
4.547892e+02 3.527108e+02
4.452156e+02 3.527108e+02
4.371970e+02 3.510522e+02
4.146636e+02 3.297316e+02
3.859021e+02 3.035688e+02
3.456375e+02 2.942955e+02
3.111436e+02 2.794520e+02
2.823169e+02 2.438964e+02
2.600057e+02 2.244581e+02
2.429154e+02 2.244581e+02
2.309500e+02 2.192816e+02
2.224459e+02 2.096165e+02
2.163469e+02 2.092381e+02
2.121652e+02 2.067341e+02
2.091999e+02 2.033594e+02
2.071392e+02 2.031811e+02
2.058930e+02 2.021941e+02
2.049249e+02 2.011661e+02
2.043047e+02 2.005924e+02
2.038426e+02 2.005924e+02
2.035175e+02 2.005211e+02
2.033110e+02 2.004239e+02
2.031655e+02 2.003229e+02
2.030549e+02 2.002162e+02
2.029961e+02 2.001645e+02
2.029725e+02 2.001139e+02
2.029553e+02 2.000908e+02
2.029582e+02 2.000674e+02
2.029696e+02 2.000490e+02
2.029974e+02 2.000360e+02
2.030296e+02 2.000240e+02
2.030616e+02 2.000167e+02
2.031068e+02 2.000058e+02
2.031546e+02 2.000058e+02
2.032086e+02 2.000056e+02
2.032591e+02 2.000035e+02
2.033116e+02 2.000020e+02
2.033677e+02 2.000020e+02
2.034325e+02 2.000014e+02
2.034984e+02 2.000008e+02
2.035636e+02 2.000005e+02
2.036358e+02 2.000003e+02
2.037121e+02 2.000001e+02
2.037890e+02 2.000001e+02
2.038716e+02 2.000001e+02
2.039637e+02 2.000000e+02
2.040473e+02 2.000000e+02
2.041403e+02 2.000000e+02
2.042377e+02 2.000000e+02
2.043347e+02 2.000000e+02
2.044443e+02 2.000000e+02
2.045589e+02 2.000000e+02
2.046798e+02 2.000000e+02
2.048056e+02 2.000000e+02
2.049409e+02 2.000000e+02
2.050822e+02 2.000000e+02
2.052351e+02 2.000000e+02
2.053959e+02 2.000000e+02
2.055568e+02 2.000000e+02
2.057398e+02 2.000000e+02
2.059360e+02 2.000000e+02
2.061574e+02 2.000000e+02
2.063831e+02 2.000000e+02
2.066124e+02 2.000000e+02
2.068748e+02 2.000000e+02
2.071589e+02 2.000000e+02
2.074855e+02 2.000000e+02
2.078042e+02 2.000000e+02
2.081941e+02 2.000000e+02
2.086014e+02 2.000000e+02
2.090246e+02 2.000000e+02
2.095207e+02 2.000000e+02
2.100751e+02 2.000000e+02
2.106981e+02 2.000000e+02
2.114453e+02 2.000000e+02
2.122083e+02 2.000000e+02
2.000017e+02 2.000000e+02
2.000026e+02 2.000000e+02
2.000032e+02 2.000000e+02
2.000022e+02 2.000000e+02
2.000031e+02 2.000000e+02
2.000028e+02 2.000000e+02
2.000025e+02 2.000000e+02
2.000027e+02 2.000000e+02
2.000027e+02 2.000000e+02
2.000026e+02 2.000000e+02
2.000034e+02 2.000000e+02
2.000043e+02 2.000000e+02
2.000057e+02 2.000000e+02
6.288794e+03 1.749347e+03
1.987941e+03 1.064202e+03
1.430672e+03 1.042261e+03
1.192586e+03 8.694439e+02
9.770984e+02 7.587690e+02
7.852489e+02 6.379425e+02
6.734654e+02 5.751923e+02
6.004471e+02 5.296018e+02
5.401712e+02 4.909058e+02
5.084150e+02 4.729443e+02
4.873668e+02 4.615435e+02
4.711056e+02 4.519435e+02
4.600006e+02 4.331474e+02
4.507858e+02 4.131248e+02
4.429119e+02 3.979625e+02
4.280900e+02 3.459815e+02
4.001188e+02 3.257778e+02
3.618008e+02 3.071805e+02
3.263642e+02 2.826847e+02
2.910067e+02 2.438371e+02
2.660954e+02 2.438371e+02
2.473751e+02 2.318814e+02
2.344746e+02 2.067716e+02
2.244724e+02 2.067716e+02
2.175776e+02 2.067716e+02
2.131990e+02 2.041261e+02
2.097877e+02 2.041261e+02
2.077488e+02 2.025701e+02
2.061887e+02 2.019855e+02
2.051051e+02 2.015726e+02
2.044084e+02 2.011471e+02
2.039883e+02 2.009178e+02
2.037046e+02 2.006172e+02
2.034893e+02 2.003940e+02
2.033175e+02 2.003309e+02
2.032258e+02 2.002525e+02
2.031730e+02 2.001894e+02
2.031365e+02 2.001158e+02
2.031248e+02 2.000925e+02
2.031284e+02 2.000602e+02
2.031484e+02 2.000553e+02
2.031759e+02 2.000391e+02
2.032065e+02 2.000214e+02
2.032488e+02 2.000183e+02
2.032955e+02 2.000115e+02
2.033450e+02 2.000097e+02
2.033976e+02 2.000065e+02
2.034540e+02 2.000035e+02
2.035097e+02 2.000028e+02
2.035792e+02 2.000007e+02
2.036366e+02 2.000007e+02
2.037081e+02 2.000007e+02
2.037828e+02 2.000006e+02
2.038568e+02 2.000003e+02
2.039390e+02 2.000003e+02
2.040230e+02 2.000002e+02
2.041118e+02 2.000001e+02
2.041998e+02 2.000001e+02
2.043019e+02 2.000001e+02
2.044039e+02 2.000000e+02
2.045167e+02 2.000000e+02
2.046223e+02 2.000000e+02
2.047401e+02 2.000000e+02
2.048644e+02 2.000000e+02
2.049947e+02 2.000000e+02
2.051328e+02 2.000000e+02
2.052791e+02 2.000000e+02
2.054333e+02 2.000000e+02
2.055973e+02 2.000000e+02
2.057714e+02 2.000000e+02
2.059568e+02 2.000000e+02
2.061546e+02 2.000000e+02
2.063660e+02 2.000000e+02
2.065925e+02 2.000000e+02
2.068353e+02 2.000000e+02
2.070964e+02 2.000000e+02
2.073625e+02 2.000000e+02
2.076847e+02 2.000000e+02
2.079978e+02 2.000000e+02
2.083796e+02 2.000000e+02
2.087764e+02 2.000000e+02
2.092128e+02 2.000000e+02
2.096946e+02 2.000000e+02
2.101984e+02 2.000000e+02
2.108272e+02 2.000000e+02
2.114597e+02 2.000000e+02
2.122152e+02 2.000000e+02
2.130774e+02 2.000000e+02
2.140706e+02 2.000000e+02
2.152270e+02 2.000000e+02
2.165906e+02 2.000000e+02
2.182224e+02 2.000000e+02
2.202101e+02 2.000000e+02
2.226847e+02 2.000000e+02
2.258499e+02 2.000000e+02
2.300417e+02 2.000000e+02
2.358560e+02 2.000000e+02
2.444612e+02 2.000000e+02
2.585014e+02 2.000000e+02
2.855018e+02 2.000000e+02
3.587878e+02 2.000000e+02
6.280674e+03 1.834420e+03
1.996450e+03 9.991268e+02
1.449522e+03 9.790837e+02
1.231234e+03 9.421500e+02
1.009785e+03 7.632270e+02
8.120671e+02 6.380569e+02
6.744212e+02 5.607431e+02
5.959017e+02 5.109145e+02
5.337408e+02 4.577554e+02
5.024368e+02 4.577554e+02
4.844052e+02 4.577554e+02
4.680131e+02 4.462380e+02
4.563197e+02 4.268297e+02
4.437414e+02 4.129183e+02
4.331102e+02 3.827789e+02
4.161454e+02 3.361178e+02
3.878669e+02 3.127058e+02
3.501782e+02 2.951558e+02
3.177186e+02 2.787414e+02
2.849603e+02 2.565006e+02
2.622347e+02 2.120086e+02
2.446914e+02 2.120086e+02
2.315764e+02 2.120086e+02
2.231330e+02 2.114274e+02
2.170589e+02 2.097079e+02
2.128981e+02 2.040687e+02
2.096218e+02 2.040687e+02
2.073270e+02 2.028224e+02
2.060436e+02 2.023412e+02
2.052061e+02 2.016663e+02
2.044925e+02 2.012137e+02
2.040400e+02 2.008205e+02
2.037331e+02 2.004633e+02
2.035106e+02 2.004201e+02
2.033733e+02 2.002757e+02
2.032630e+02 2.002106e+02
2.032170e+02 2.001195e+02
2.031886e+02 2.000714e+02
2.031750e+02 2.000714e+02
2.031835e+02 2.000573e+02
2.032039e+02 2.000481e+02
2.032291e+02 2.000348e+02
2.032641e+02 2.000111e+02
2.033024e+02 2.000111e+02
2.033476e+02 2.000111e+02
2.034024e+02 2.000087e+02
2.034590e+02 2.000065e+02
2.035147e+02 2.000038e+02
2.035780e+02 2.000030e+02
2.036396e+02 2.000021e+02
2.037132e+02 2.000014e+02
2.037868e+02 2.000010e+02
2.038631e+02 2.000006e+02
2.039383e+02 2.000005e+02
2.040215e+02 2.000003e+02
2.041085e+02 2.000002e+02
2.041995e+02 2.000001e+02
2.042887e+02 2.000001e+02
2.043935e+02 2.000001e+02
2.044974e+02 2.000000e+02
2.046130e+02 2.000000e+02
2.047220e+02 2.000000e+02
2.048425e+02 2.000000e+02
2.049691e+02 2.000000e+02
2.051027e+02 2.000000e+02
2.052437e+02 2.000000e+02
2.053845e+02 2.000000e+02
2.055509e+02 2.000000e+02
2.057184e+02 2.000000e+02
2.058963e+02 2.000000e+02
2.060857e+02 2.000000e+02
2.062878e+02 2.000000e+02
2.065036e+02 2.000000e+02
2.067350e+02 2.000000e+02
2.069690e+02 2.000000e+02
2.072353e+02 2.000000e+02
2.075392e+02 2.000000e+02
2.078338e+02 2.000000e+02
2.081718e+02 2.000000e+02
2.085619e+02 2.000000e+02
2.089674e+02 2.000000e+02
2.093873e+02 2.000000e+02
2.098771e+02 2.000000e+02
2.104206e+02 2.000000e+02
2.110276e+02 2.000000e+02
2.117097e+02 2.000000e+02
2.124816e+02 2.000000e+02
2.133627e+02 2.000000e+02
2.143774e+02 2.000000e+02
2.155590e+02 2.000000e+02
2.169523e+02 2.000000e+02
2.186197e+02 2.000000e+02
2.206507e+02 2.000000e+02
2.231792e+02 2.000000e+02
2.264134e+02 2.000000e+02
2.306962e+02 2.000000e+02
2.366372e+02 2.000000e+02
2.454297e+02 2.000000e+02
2.597756e+02 2.000000e+02
2.873637e+02 2.000000e+02
3.622463e+02 2.000000e+02
6.235212e+03 1.746292e+03
2.001745e+03 1.094611e+03
1.455166e+03 1.056451e+03
1.237513e+03 8.618188e+02
1.001094e+03 7.577315e+02
8.086847e+02 6.468535e+02
6.707269e+02 5.698477e+02
5.918784e+02 5.169864e+02
5.372780e+02 4.801284e+02
5.022748e+02 4.729850e+02
4.807591e+02 4.504297e+02
4.649702e+02 4.421107e+02
4.536073e+02 4.177168e+02
4.416597e+02 4.177168e+02
4.314450e+02 3.740500e+02
4.127643e+02 3.147992e+02
3.828852e+02 3.047009e+02
3.446494e+02 2.754929e+02
3.126227e+02 2.721375e+02
2.839016e+02 2.472253e+02
2.599764e+02 2.414423e+02
2.420897e+02 2.181678e+02
2.303384e+02 2.175804e+02
2.219642e+02 2.134374e+02
2.163457e+02 2.098248e+02
2.122409e+02 2.065713e+02
2.094319e+02 2.043200e+02
2.071455e+02 2.027634e+02
2.058440e+02 2.013823e+02
2.048443e+02 2.013823e+02
2.042944e+02 2.011299e+02
2.038917e+02 2.008345e+02
2.035898e+02 2.004459e+02
2.033906e+02 2.002929e+02
2.032595e+02 2.002052e+02
2.031685e+02 2.001840e+02
2.031255e+02 2.001663e+02
2.031016e+02 2.001188e+02
2.030937e+02 2.000437e+02
2.030974e+02 2.000437e+02
2.031202e+02 2.000414e+02
2.031503e+02 2.000331e+02
2.031854e+02 2.000207e+02
2.032267e+02 2.000169e+02
2.032766e+02 2.000129e+02
2.033282e+02 2.000090e+02
2.033835e+02 2.000061e+02
2.034420e+02 2.000043e+02
2.035034e+02 2.000029e+02
2.035633e+02 2.000012e+02
2.036353e+02 2.000012e+02
2.037025e+02 2.000009e+02
2.037856e+02 2.000004e+02
2.038594e+02 2.000004e+02
2.039411e+02 2.000003e+02
2.040313e+02 2.000002e+02
2.041154e+02 2.000001e+02
2.042085e+02 2.000000e+02
2.043058e+02 2.000000e+02
2.044081e+02 2.000000e+02
2.045090e+02 2.000000e+02
2.046276e+02 2.000000e+02
2.047459e+02 2.000000e+02
2.048704e+02 2.000000e+02
2.049937e+02 2.000000e+02
2.051395e+02 2.000000e+02
2.052857e+02 2.000000e+02
2.054406e+02 2.000000e+02
2.056049e+02 2.000000e+02
2.057794e+02 2.000000e+02
2.059545e+02 2.000000e+02
2.061519e+02 2.000000e+02
2.063627e+02 2.000000e+02
2.066016e+02 2.000000e+02
2.068311e+02 2.000000e+02
2.071072e+02 2.000000e+02
2.073903e+02 2.000000e+02
2.076790e+02 2.000000e+02
2.080296e+02 2.000000e+02
2.083928e+02 2.000000e+02
2.087672e+02 2.000000e+02
2.092019e+02 2.000000e+02
2.096819e+02 2.000000e+02
2.102149e+02 2.000000e+02
2.108098e+02 2.000000e+02
2.115180e+02 2.000000e+02
2.122351e+02 2.000000e+02
2.131503e+02 2.000000e+02
2.140935e+02 2.000000e+02
2.152518e+02 2.000000e+02
2.166176e+02 2.000000e+02
2.182520e+02 2.000000e+02
2.202432e+02 2.000000e+02
2.227218e+02 2.000000e+02
2.258921e+02 2.000000e+02
2.300907e+02 2.000000e+02
2.359146e+02 2.000000e+02
2.445340e+02 2.000000e+02
2.585972e+02 2.000000e+02
2.856418e+02 2.000000e+02
3.590482e+02 2.000000e+02
6.221294e+03 1.763951e+03
1.981379e+03 9.038456e+02
1.438079e+03 8.844709e+02
1.204002e+03 8.717628e+02
9.741575e+02 7.247513e+02
8.076701e+02 6.028834e+02
6.725014e+02 5.666893e+02
5.925841e+02 5.211096e+02
5.384437e+02 4.963808e+02
5.049632e+02 4.400475e+02
4.830155e+02 4.326463e+02
4.672919e+02 4.317869e+02
4.567705e+02 4.317869e+02
4.470439e+02 4.231934e+02
4.381476e+02 3.771352e+02
4.255310e+02 3.319089e+02
3.999798e+02 3.262273e+02
3.673965e+02 2.958090e+02
3.351816e+02 2.933114e+02
3.007585e+02 2.392934e+02
2.722777e+02 2.362264e+02
2.516612e+02 2.313515e+02
2.369632e+02 2.239600e+02
2.266509e+02 2.165851e+02
2.191872e+02 2.118676e+02
2.141050e+02 2.053692e+02
2.103746e+02 2.053692e+02
2.077406e+02 2.038092e+02
2.062949e+02 2.027872e+02
2.051805e+02 2.018141e+02
2.044935e+02 2.012883e+02
2.039845e+02 2.002336e+02
2.035918e+02 2.002336e+02
2.033457e+02 2.002336e+02
2.031594e+02 2.002336e+02
2.030386e+02 2.002336e+02
2.029818e+02 2.002070e+02
2.029428e+02 2.001468e+02
2.029235e+02 2.001126e+02
2.029261e+02 2.000815e+02
2.029365e+02 2.000615e+02
2.029621e+02 2.000392e+02
2.029911e+02 2.000281e+02
2.030301e+02 2.000223e+02
2.030730e+02 2.000163e+02
2.031186e+02 2.000104e+02
2.031674e+02 2.000078e+02
2.032195e+02 2.000055e+02
2.032756e+02 2.000018e+02
2.033362e+02 2.000018e+02
2.033991e+02 2.000018e+02
2.034699e+02 2.000013e+02
2.035396e+02 2.000008e+02
2.036083e+02 2.000004e+02
2.036843e+02 2.000004e+02
2.037638e+02 2.000002e+02
2.038467e+02 2.000002e+02
2.039285e+02 2.000001e+02
2.040247e+02 2.000001e+02
2.041201e+02 2.000000e+02
2.042259e+02 2.000000e+02
2.043254e+02 2.000000e+02
2.044357e+02 2.000000e+02
2.045521e+02 2.000000e+02
2.046749e+02 2.000000e+02
2.048040e+02 2.000000e+02
2.049404e+02 2.000000e+02
2.050851e+02 2.000000e+02
2.052386e+02 2.000000e+02
2.054017e+02 2.000000e+02
2.055753e+02 2.000000e+02
2.057605e+02 2.000000e+02
2.059585e+02 2.000000e+02
2.061703e+02 2.000000e+02
2.063977e+02 2.000000e+02
2.066281e+02 2.000000e+02
2.068912e+02 2.000000e+02
2.071762e+02 2.000000e+02
2.075039e+02 2.000000e+02
2.078235e+02 2.000000e+02
2.081930e+02 2.000000e+02
2.085991e+02 2.000000e+02
2.090477e+02 2.000000e+02
2.095456e+02 2.000000e+02
2.101015e+02 2.000000e+02
2.107264e+02 2.000000e+02
2.114336e+02 2.000000e+02
2.122406e+02 2.000000e+02
2.131699e+02 2.000000e+02
2.142522e+02 2.000000e+02
2.155285e+02 2.000000e+02
2.170558e+02 2.000000e+02
2.189162e+02 2.000000e+02
2.212324e+02 2.000000e+02
2.241948e+02 2.000000e+02
2.281180e+02 2.000000e+02
2.335601e+02 2.000000e+02
2.416140e+02 2.000000e+02
2.547549e+02 2.000000e+02
2.800258e+02 2.000000e+02
3.486170e+02 2.000000e+02
6.354267e+03 1.503789e+03
1.980393e+03 1.069185e+03
1.441698e+03 9.796969e+02
1.215121e+03 8.896781e+02
9.867803e+02 7.532254e+02
8.081563e+02 6.401414e+02
6.759463e+02 5.639726e+02
5.959014e+02 5.191230e+02
5.406825e+02 4.914044e+02
5.046226e+02 4.760867e+02
4.840911e+02 4.248482e+02
4.685416e+02 4.248482e+02
4.564770e+02 4.248482e+02
4.462512e+02 4.207697e+02
4.366725e+02 3.919956e+02
4.258414e+02 3.542673e+02
4.027485e+02 3.237743e+02
3.673539e+02 3.071999e+02
3.347365e+02 2.939658e+02
2.968259e+02 2.632360e+02
2.721682e+02 2.513375e+02
2.517690e+02 2.344082e+02
2.359621e+02 2.253930e+02
2.257431e+02 2.160129e+02
2.188561e+02 2.119520e+02
2.137180e+02 2.059977e+02
2.101524e+02 2.056335e+02
2.076890e+02 2.039466e+02
2.061022e+02 2.028407e+02
2.048414e+02 2.018432e+02
2.041285e+02 2.014222e+02
2.035990e+02 2.010668e+02
2.032016e+02 2.007884e+02
2.028971e+02 2.005689e+02
2.026658e+02 2.002711e+02
2.024899e+02 2.002624e+02
2.024197e+02 2.001710e+02
2.023617e+02 2.001554e+02
2.023177e+02 2.001183e+02
2.023127e+02 2.000836e+02
2.022886e+02 2.000555e+02
2.023072e+02 2.000453e+02
2.023250e+02 2.000310e+02
2.023433e+02 2.000224e+02
2.023826e+02 2.000144e+02
2.023975e+02 2.000106e+02
2.024092e+02 2.000071e+02
2.024278e+02 2.000058e+02
2.024673e+02 2.000038e+02
2.025074e+02 2.000026e+02
2.025539e+02 2.000017e+02
2.025799e+02 2.000009e+02
2.026332e+02 2.000008e+02
2.026843e+02 2.000005e+02
2.027315e+02 2.000004e+02
2.027739e+02 2.000002e+02
2.028443e+02 2.000002e+02
2.029077e+02 2.000001e+02
2.029525e+02 2.000000e+02
2.030425e+02 2.000000e+02
2.030946e+02 2.000000e+02
2.031604e+02 2.000000e+02
2.032304e+02 2.000000e+02
2.033246e+02 2.000000e+02
2.033985e+02 2.000000e+02
2.034860e+02 2.000000e+02
2.035861e+02 2.000000e+02
2.036792e+02 2.000000e+02
2.038007e+02 2.000000e+02
2.038819e+02 2.000000e+02
2.040199e+02 2.000000e+02
2.041448e+02 2.000000e+02
2.042705e+02 2.000000e+02
2.044223e+02 2.000000e+02
2.045545e+02 2.000000e+02
2.047230e+02 2.000000e+02
2.049315e+02 2.000000e+02
2.051161e+02 2.000000e+02
2.053209e+02 2.000000e+02
2.055623e+02 2.000000e+02
2.058163e+02 2.000000e+02
2.060839e+02 2.000000e+02
2.064136e+02 2.000000e+02
2.067141e+02 2.000000e+02
2.071408e+02 2.000000e+02
2.075432e+02 2.000000e+02
2.080374e+02 2.000000e+02
2.085954e+02 2.000000e+02
2.092419e+02 2.000000e+02
2.099915e+02 2.000000e+02
2.108747e+02 2.000000e+02
2.119459e+02 2.000000e+02
2.132340e+02 2.000000e+02
2.148643e+02 2.000000e+02
2.169170e+02 2.000000e+02
2.196590e+02 2.000000e+02
2.234566e+02 2.000000e+02
2.290747e+02 2.000000e+02
2.382536e+02 2.000000e+02
2.558460e+02 2.000000e+02
3.036956e+02 2.000000e+02
6.305661e+03 1.687439e+03
1.981293e+03 1.217190e+03
1.439403e+03 1.041045e+03
1.210060e+03 8.614144e+02
9.940617e+02 7.579454e+02
8.025527e+02 6.295177e+02
6.675085e+02 5.704480e+02
5.973079e+02 5.287798e+02
5.416759e+02 4.931756e+02
5.102056e+02 4.721040e+02
4.884058e+02 4.619680e+02
4.711274e+02 4.487424e+02
4.588239e+02 4.284367e+02
4.483501e+02 4.275002e+02
4.401069e+02 3.848588e+02
4.247727e+02 3.366058e+02
3.988543e+02 3.261126e+02
3.628568e+02 3.066498e+02
3.296675e+02 2.733136e+02
2.938244e+02 2.662389e+02
2.703119e+02 2.217657e+02
2.499498e+02 2.212744e+02
2.356571e+02 2.209654e+02
2.259276e+02 2.166177e+02
2.190151e+02 2.114529e+02
2.141222e+02 2.079127e+02
2.106930e+02 2.057337e+02
2.078818e+02 2.035316e+02
2.062334e+02 2.016672e+02
2.050076e+02 2.016672e+02
2.042914e+02 2.013885e+02
2.037737e+02 2.008624e+02
2.034227e+02 2.006151e+02
2.031677e+02 2.005380e+02
2.029834e+02 2.003717e+02
2.028675e+02 2.001887e+02
2.027885e+02 2.001887e+02
2.027410e+02 2.001491e+02
2.027125e+02 2.001054e+02
2.027051e+02 2.000758e+02
2.027101e+02 2.000527e+02
2.027305e+02 2.000388e+02
2.027576e+02 2.000296e+02
2.027916e+02 2.000207e+02
2.028280e+02 2.000154e+02
2.028693e+02 2.000096e+02
2.029159e+02 2.000047e+02
2.029639e+02 2.000047e+02
2.030147e+02 2.000024e+02
2.030705e+02 2.000015e+02
2.031313e+02 2.000012e+02
2.031858e+02 2.000011e+02
2.032570e+02 2.000007e+02
2.033204e+02 2.000003e+02
2.033905e+02 2.000003e+02
2.034677e+02 2.000002e+02
2.035401e+02 2.000001e+02
2.036200e+02 2.000001e+02
2.037042e+02 2.000001e+02
2.037915e+02 2.000000e+02
2.038782e+02 2.000000e+02
2.039802e+02 2.000000e+02
2.040817e+02 2.000000e+02
2.041885e+02 2.000000e+02
2.042949e+02 2.000000e+02
2.044201e+02 2.000000e+02
2.045458e+02 2.000000e+02
2.046790e+02 2.000000e+02
2.048204e+02 2.000000e+02
2.049706e+02 2.000000e+02
2.051212e+02 2.000000e+02
2.052908e+02 2.000000e+02
2.054721e+02 2.000000e+02
2.056775e+02 2.000000e+02
2.058868e+02 2.000000e+02
2.060991e+02 2.000000e+02
2.063413e+02 2.000000e+02
2.066189e+02 2.000000e+02
2.069052e+02 2.000000e+02
2.071993e+02 2.000000e+02
2.075394e+02 2.000000e+02
2.079133e+02 2.000000e+02
2.083261e+02 2.000000e+02
2.087843e+02 2.000000e+02
2.092960e+02 2.000000e+02
2.098708e+02 2.000000e+02
2.105216e+02 2.000000e+02
2.112643e+02 2.000000e+02
2.121196e+02 2.000000e+02
2.131157e+02 2.000000e+02
2.142902e+02 2.000000e+02
2.156957e+02 2.000000e+02
2.174079e+02 2.000000e+02
2.195395e+02 2.000000e+02
2.222658e+02 2.000000e+02
2.258764e+02 2.000000e+02
2.308846e+02 2.000000e+02
2.382966e+02 2.000000e+02
2.503899e+02 2.000000e+02
2.736464e+02 2.000000e+02
3.367704e+02 2.000000e+02
6.233096e+03 1.560393e+03
1.994298e+03 1.046815e+03
1.434273e+03 9.887206e+02
1.198822e+03 9.135613e+02
9.786024e+02 7.498730e+02
7.916247e+02 6.338081e+02
6.553097e+02 5.620936e+02
5.869418e+02 5.180159e+02
5.353715e+02 4.816008e+02
5.042503e+02 4.743447e+02
4.846952e+02 4.620310e+02
4.674201e+02 4.482646e+02
4.561318e+02 4.212920e+02
4.454390e+02 4.205723e+02
4.354715e+02 3.811096e+02
4.234156e+02 3.327219e+02
3.975639e+02 3.197979e+02
3.623937e+02 2.995301e+02
3.281137e+02 2.769555e+02
2.958396e+02 2.623615e+02
2.699873e+02 2.458007e+02
2.514348e+02 2.363535e+02
2.367822e+02 2.245122e+02
2.268480e+02 2.169501e+02
2.197333e+02 2.120500e+02
2.142796e+02 2.073065e+02
2.109316e+02 2.059547e+02
2.083316e+02 2.024282e+02
2.067990e+02 2.022478e+02
2.054964e+02 2.018049e+02
2.047586e+02 2.013412e+02
2.041643e+02 2.008405e+02
2.038199e+02 2.007392e+02
2.035616e+02 2.005214e+02
2.033681e+02 2.003670e+02
2.032692e+02 2.002779e+02
2.032101e+02 2.001733e+02
2.031582e+02 2.000881e+02
2.031377e+02 2.000437e+02
2.031371e+02 2.000437e+02
2.031477e+02 2.000437e+02
2.031759e+02 2.000354e+02
2.032094e+02 2.000214e+02
2.032541e+02 2.000190e+02
2.032980e+02 2.000138e+02
2.033487e+02 2.000103e+02
2.034042e+02 2.000071e+02
2.034628e+02 2.000052e+02
2.035248e+02 2.000037e+02
2.035937e+02 2.000024e+02
2.036591e+02 2.000017e+02
2.037343e+02 2.000007e+02
2.038053e+02 2.000007e+02
2.038836e+02 2.000003e+02
2.039658e+02 2.000003e+02
2.040518e+02 2.000002e+02
2.041413e+02 2.000001e+02
2.042404e+02 2.000001e+02
2.043331e+02 2.000001e+02
2.044303e+02 2.000000e+02
2.045438e+02 2.000000e+02
2.046505e+02 2.000000e+02
2.047692e+02 2.000000e+02
2.049011e+02 2.000000e+02
2.050331e+02 2.000000e+02
2.051721e+02 2.000000e+02
2.053193e+02 2.000000e+02
2.054749e+02 2.000000e+02
2.056307e+02 2.000000e+02
2.058058e+02 2.000000e+02
2.060027e+02 2.000000e+02
2.062019e+02 2.000000e+02
2.064149e+02 2.000000e+02
2.066299e+02 2.000000e+02
2.068739e+02 2.000000e+02
2.071518e+02 2.000000e+02
2.074364e+02 2.000000e+02
2.077270e+02 2.000000e+02
2.080606e+02 2.000000e+02
2.084454e+02 2.000000e+02
2.088453e+02 2.000000e+02
2.092595e+02 2.000000e+02
2.097709e+02 2.000000e+02
2.102787e+02 2.000000e+02
2.108774e+02 2.000000e+02
2.115502e+02 2.000000e+02
2.123117e+02 2.000000e+02
2.131807e+02 2.000000e+02
2.141817e+02 2.000000e+02
2.153471e+02 2.000000e+02
2.167215e+02 2.000000e+02
2.183662e+02 2.000000e+02
2.203697e+02 2.000000e+02
2.228639e+02 2.000000e+02
2.260542e+02 2.000000e+02
2.302791e+02 2.000000e+02
2.361394e+02 2.000000e+02
2.474487e+02 2.000000e+02
2.589640e+02 2.000000e+02
2.861777e+02 2.000000e+02
3.600438e+02 2.000000e+02
6.306825e+03 1.713271e+03
2.009854e+03 8.557846e+02
1.454099e+03 8.420961e+02
1.232754e+03 8.308244e+02
1.015880e+03 7.220270e+02
8.294949e+02 6.600931e+02
6.856187e+02 5.613528e+02
6.133130e+02 5.363238e+02
5.467732e+02 5.039806e+02
5.049685e+02 4.760120e+02
4.839748e+02 4.608235e+02
4.674777e+02 4.492349e+02
4.557288e+02 4.363877e+02
4.452469e+02 3.941466e+02
4.361800e+02 3.724885e+02
4.221884e+02 3.287967e+02
3.960393e+02 3.260385e+02
3.593940e+02 2.856322e+02
3.273582e+02 2.777466e+02
2.934991e+02 2.670223e+02
2.682413e+02 2.340243e+02
2.484997e+02 2.193557e+02
2.349155e+02 2.112397e+02
2.247166e+02 2.112397e+02
2.178853e+02 2.079129e+02
2.128053e+02 2.072667e+02
2.097245e+02 2.018302e+02
2.072144e+02 2.018302e+02
2.057793e+02 2.017621e+02
2.047693e+02 2.016103e+02
2.040994e+02 2.012638e+02
2.036072e+02 2.008735e+02
2.033073e+02 2.006706e+02
2.031016e+02 2.004778e+02
2.029343e+02 2.003474e+02
2.028395e+02 2.002570e+02
2.027782e+02 2.001815e+02
2.027388e+02 2.001323e+02
2.027184e+02 2.000851e+02
2.027135e+02 2.000643e+02
2.027253e+02 2.000280e+02
2.027468e+02 2.000073e+02
2.027703e+02 2.000073e+02
2.028031e+02 2.000073e+02
2.028403e+02 2.000073e+02
2.028854e+02 2.000070e+02
2.029317e+02 2.000036e+02
2.029808e+02 2.000031e+02
2.030319e+02 2.000014e+02
2.030831e+02 2.000014e+02
2.031443e+02 2.000014e+02
2.032093e+02 2.000006e+02
2.032707e+02 2.000006e+02
2.033379e+02 2.000004e+02
2.034078e+02 2.000003e+02
2.034812e+02 2.000001e+02
2.035586e+02 2.000001e+02
2.036432e+02 2.000001e+02
2.037228e+02 2.000000e+02
2.038110e+02 2.000000e+02
2.039035e+02 2.000000e+02
2.039950e+02 2.000000e+02
2.040969e+02 2.000000e+02
2.042040e+02 2.000000e+02
2.043233e+02 2.000000e+02
2.044428e+02 2.000000e+02
2.045623e+02 2.000000e+02
2.046954e+02 2.000000e+02
2.048452e+02 2.000000e+02
2.049959e+02 2.000000e+02
2.051561e+02 2.000000e+02
2.053271e+02 2.000000e+02
2.054995e+02 2.000000e+02
2.057059e+02 2.000000e+02
2.059035e+02 2.000000e+02
2.061412e+02 2.000000e+02
2.063713e+02 2.000000e+02
2.066501e+02 2.000000e+02
2.069207e+02 2.000000e+02
2.072509e+02 2.000000e+02
2.075942e+02 2.000000e+02
2.079494e+02 2.000000e+02
2.083631e+02 2.000000e+02
2.088503e+02 2.000000e+02
2.093370e+02 2.000000e+02
2.099143e+02 2.000000e+02
2.105674e+02 2.000000e+02
2.113133e+02 2.000000e+02
2.121720e+02 2.000000e+02
2.131722e+02 2.000000e+02
2.143517e+02 2.000000e+02
2.157632e+02 2.000000e+02
2.174824e+02 2.000000e+02
2.196229e+02 2.000000e+02
2.223609e+02 2.000000e+02
2.259866e+02 2.000000e+02
2.310162e+02 2.000000e+02
2.384596e+02 2.000000e+02
2.506042e+02 2.000000e+02
2.739596e+02 2.000000e+02
3.373525e+02 2.000000e+02
6.258757e+03 1.749227e+03
1.962327e+03 1.144005e+03
1.421553e+03 9.778645e+02
1.199103e+03 8.984545e+02
9.797705e+02 7.631926e+02
7.923373e+02 6.480559e+02
6.680838e+02 5.688736e+02
5.974288e+02 5.211167e+02
5.414067e+02 4.909082e+02
5.084422e+02 4.737671e+02
4.896388e+02 4.593739e+02
4.716819e+02 4.486886e+02
4.589439e+02 3.900218e+02
4.474582e+02 3.900218e+02
4.382435e+02 3.696709e+02
4.254832e+02 3.474335e+02
4.024057e+02 3.207372e+02
3.712394e+02 3.080147e+02
3.417772e+02 2.934517e+02
3.073263e+02 2.791814e+02
2.788626e+02 2.449166e+02
2.566039e+02 2.341362e+02
2.404784e+02 2.283451e+02
2.288687e+02 2.189074e+02
2.206657e+02 2.123993e+02
2.151936e+02 2.069150e+02
2.114846e+02 2.059084e+02
2.085411e+02 2.037767e+02
2.067893e+02 2.027628e+02
2.055334e+02 2.018892e+02
2.048096e+02 2.013321e+02
2.043080e+02 2.007648e+02
2.039018e+02 2.006984e+02
2.036632e+02 2.005458e+02
2.034706e+02 2.003739e+02
2.033559e+02 2.002792e+02
2.032799e+02 2.002076e+02
2.032420e+02 2.001463e+02
2.032297e+02 2.001091e+02
2.032258e+02 2.000772e+02
2.032364e+02 2.000353e+02
2.032618e+02 2.000353e+02
2.032944e+02 2.000172e+02
2.033368e+02 2.000172e+02
2.033807e+02 2.000153e+02
2.034350e+02 2.000107e+02
2.034856e+02 2.000042e+02
2.035440e+02 2.000025e+02
2.035986e+02 2.000024e+02
2.036611e+02 2.000024e+02
2.037274e+02 2.000017e+02
2.038013e+02 2.000012e+02
2.038726e+02 2.000004e+02
2.039513e+02 2.000004e+02
2.040331e+02 2.000004e+02
2.041198e+02 2.000001e+02
2.042098e+02 2.000001e+02
2.042993e+02 2.000001e+02
2.044028e+02 2.000001e+02
2.045065e+02 2.000000e+02
2.046219e+02 2.000000e+02
2.047306e+02 2.000000e+02
2.048505e+02 2.000000e+02
2.049765e+02 2.000000e+02
2.051018e+02 2.000000e+02
2.052498e+02 2.000000e+02
2.053992e+02 2.000000e+02
2.055575e+02 2.000000e+02
2.057252e+02 2.000000e+02
2.059029e+02 2.000000e+02
2.060820e+02 2.000000e+02
2.062833e+02 2.000000e+02
2.065110e+02 2.000000e+02
2.067427e+02 2.000000e+02
2.069914e+02 2.000000e+02
2.072584e+02 2.000000e+02
2.075307e+02 2.000000e+02
2.078601e+02 2.000000e+02
2.081804e+02 2.000000e+02
2.085709e+02 2.000000e+02
2.089533e+02 2.000000e+02
2.093971e+02 2.000000e+02
2.099161e+02 2.000000e+02
2.104314e+02 2.000000e+02
2.110391e+02 2.000000e+02
2.117218e+02 2.000000e+02
2.124946e+02 2.000000e+02
2.133765e+02 2.000000e+02
2.143924e+02 2.000000e+02
2.155751e+02 2.000000e+02
2.169698e+02 2.000000e+02
2.186388e+02 2.000000e+02
2.206720e+02 2.000000e+02
2.232032e+02 2.000000e+02
2.264407e+02 2.000000e+02
2.307283e+02 2.000000e+02
2.366754e+02 2.000000e+02
2.454773e+02 2.000000e+02
2.598378e+02 2.000000e+02
2.874546e+02 2.000000e+02
3.624137e+02 2.000000e+02
6.343155e+03 1.708712e+03
1.999626e+03 1.176733e+03
1.454221e+03 1.077918e+03
1.226956e+03 8.836168e+02
1.007500e+03 7.895816e+02
8.139480e+02 6.767823e+02
6.878051e+02 5.795961e+02
6.095879e+02 5.313932e+02
5.454513e+02 4.948703e+02
5.092787e+02 4.764556e+02
4.848382e+02 4.589029e+02
4.682953e+02 4.487212e+02
4.570946e+02 4.318706e+02
4.461490e+02 4.213183e+02
4.366561e+02 3.777371e+02
4.261987e+02 3.506476e+02
4.038236e+02 3.229245e+02
3.701292e+02 2.801789e+02
3.362560e+02 2.801789e+02
3.033789e+02 2.650860e+02
2.751003e+02 2.295933e+02
2.542157e+02 2.295933e+02
2.388897e+02 2.147923e+02
2.279123e+02 2.147923e+02
2.202113e+02 2.124867e+02
2.149278e+02 2.081519e+02
2.109402e+02 2.044080e+02
2.083712e+02 2.037604e+02
2.066928e+02 2.026785e+02
2.054495e+02 2.018603e+02
2.046378e+02 2.014026e+02
2.041532e+02 2.010572e+02
2.037747e+02 2.007808e+02
2.035232e+02 2.005438e+02
2.033236e+02 2.003918e+02
2.031956e+02 2.002044e+02
2.031107e+02 2.002044e+02
2.030562e+02 2.001544e+02
2.030309e+02 2.001120e+02
2.030332e+02 2.000793e+02
2.030448e+02 2.000569e+02
2.030654e+02 2.000357e+02
2.030923e+02 2.000240e+02
2.031303e+02 2.000230e+02
2.031709e+02 2.000143e+02
2.032175e+02 2.000095e+02
2.032687e+02 2.000056e+02
2.033248e+02 2.000051e+02
2.033817e+02 2.000029e+02
2.034462e+02 2.000026e+02
2.035075e+02 2.000001e+02
2.035790e+02 2.000001e+02
2.036469e+02 2.000001e+02
2.037220e+02 2.000001e+02
2.038005e+02 2.000001e+02
2.038826e+02 2.000001e+02
2.039685e+02 2.000001e+02
2.040532e+02 2.000001e+02
2.041523e+02 2.000000e+02
2.042508e+02 2.000000e+02
2.043538e+02 2.000000e+02
2.044623e+02 2.000000e+02
2.045698e+02 2.000000e+02
2.046894e+02 2.000000e+02
2.048224e+02 2.000000e+02
2.049484e+02 2.000000e+02
2.050890e+02 2.000000e+02
2.052379e+02 2.000000e+02
2.054047e+02 2.000000e+02
2.055729e+02 2.000000e+02
2.057417e+02 2.000000e+02
2.059428e+02 2.000000e+02
2.061353e+02 2.000000e+02
2.063654e+02 2.000000e+02
2.066002e+02 2.000000e+02
2.068528e+02 2.000000e+02
2.071256e+02 2.000000e+02
2.074040e+02 2.000000e+02
2.077421e+02 2.000000e+02
2.080719e+02 2.000000e+02
2.084532e+02 2.000000e+02
2.088968e+02 2.000000e+02
2.093350e+02 2.000000e+02
2.098489e+02 2.000000e+02
2.104562e+02 2.000000e+02
2.110673e+02 2.000000e+02
2.117970e+02 2.000000e+02
2.126296e+02 2.000000e+02
2.135886e+02 2.000000e+02
2.147052e+02 2.000000e+02
2.160221e+02 2.000000e+02
2.175980e+02 2.000000e+02
2.195176e+02 2.000000e+02
2.219073e+02 2.000000e+02
2.249639e+02 2.000000e+02
2.290119e+02 2.000000e+02
2.346270e+02 2.000000e+02
2.429369e+02 2.000000e+02
2.564951e+02 2.000000e+02
2.825680e+02 2.000000e+02
3.528787e+02 2.000000e+02
6.307398e+03 1.685089e+03
1.977527e+03 1.008976e+03
1.437248e+03 9.924699e+02
1.211470e+03 8.712969e+02
9.808798e+02 7.481302e+02
7.933519e+02 6.451830e+02
6.564270e+02 4.974045e+02
5.828014e+02 4.974045e+02
5.292458e+02 4.724108e+02
5.002588e+02 4.636393e+02
4.801300e+02 4.341618e+02
4.646952e+02 4.341618e+02
4.537678e+02 4.105972e+02
4.413662e+02 4.105972e+02
4.314019e+02 3.650073e+02
4.144235e+02 3.318283e+02
3.896539e+02 3.095813e+02
3.543305e+02 3.005712e+02
3.224596e+02 2.840602e+02
2.897372e+02 2.612917e+02
2.676037e+02 2.436675e+02
2.480796e+02 2.317341e+02
2.341435e+02 2.230391e+02
2.249702e+02 2.108440e+02
2.182896e+02 2.106353e+02
2.135367e+02 2.072958e+02
2.100398e+02 2.049429e+02
2.077603e+02 2.019671e+02
2.064546e+02 2.018671e+02
2.052466e+02 2.015281e+02
2.045561e+02 2.011183e+02
2.040759e+02 2.008046e+02
2.037352e+02 2.004453e+02
2.034967e+02 2.004408e+02
2.033407e+02 2.003248e+02
2.032491e+02 2.002359e+02
2.031790e+02 2.001622e+02
2.031340e+02 2.001252e+02
2.031132e+02 2.000972e+02
2.031174e+02 2.000693e+02
2.031354e+02 2.000441e+02
2.031590e+02 2.000384e+02
2.031932e+02 2.000255e+02
2.032371e+02 2.000182e+02
2.032795e+02 2.000124e+02
2.033290e+02 2.000098e+02
2.033842e+02 2.000071e+02
2.034359e+02 2.000029e+02
2.034956e+02 2.000027e+02
2.035511e+02 2.000021e+02
2.036158e+02 2.000015e+02
2.036842e+02 2.000010e+02
2.037493e+02 2.000007e+02
2.038245e+02 2.000005e+02
2.039046e+02 2.000001e+02
2.039888e+02 2.000001e+02
2.040735e+02 2.000001e+02
2.041679e+02 2.000000e+02
2.042578e+02 2.000000e+02
2.043508e+02 2.000000e+02
2.044605e+02 2.000000e+02
2.045640e+02 2.000000e+02
2.046786e+02 2.000000e+02
2.047970e+02 2.000000e+02
2.049286e+02 2.000000e+02
2.050497e+02 2.000000e+02
2.051852e+02 2.000000e+02
2.053279e+02 2.000000e+02
2.054731e+02 2.000000e+02
2.056393e+02 2.000000e+02
2.058287e+02 2.000000e+02
2.060190e+02 2.000000e+02
2.062222e+02 2.000000e+02
2.064278e+02 2.000000e+02
2.066774e+02 2.000000e+02
2.069150e+02 2.000000e+02
2.071900e+02 2.000000e+02
2.075038e+02 2.000000e+02
2.078083e+02 2.000000e+02
2.081808e+02 2.000000e+02
2.085451e+02 2.000000e+02
2.089676e+02 2.000000e+02
2.094623e+02 2.000000e+02
2.099838e+02 2.000000e+02
2.105318e+02 2.000000e+02
2.112213e+02 2.000000e+02
2.119195e+02 2.000000e+02
2.127603e+02 2.000000e+02
2.137288e+02 2.000000e+02
2.148562e+02 2.000000e+02
2.161860e+02 2.000000e+02
2.177761e+02 2.000000e+02
2.197001e+02 2.000000e+02
2.220755e+02 2.000000e+02
2.251438e+02 2.000000e+02
2.292058e+02 2.000000e+02
2.348537e+02 2.000000e+02
2.432110e+02 2.000000e+02
2.568537e+02 2.000000e+02
2.830913e+02 2.000000e+02
3.543084e+02 2.000000e+02
6.215534e+03 1.778343e+03
1.970290e+03 9.218398e+02
1.443251e+03 9.117410e+02
1.225209e+03 8.964657e+02
1.001568e+03 7.634993e+02
8.096695e+02 6.469271e+02
6.663833e+02 5.665344e+02
5.954103e+02 5.289266e+02
5.343537e+02 4.930127e+02
5.007774e+02 4.678606e+02
4.820339e+02 4.562585e+02
4.653188e+02 4.457243e+02
4.533294e+02 4.347753e+02
4.419078e+02 4.054834e+02
4.328404e+02 3.564528e+02
4.084546e+02 3.335851e+02
3.777449e+02 3.044811e+02
3.378947e+02 2.946763e+02
3.065344e+02 2.741184e+02
2.771832e+02 2.543019e+02
2.558959e+02 2.307464e+02
2.409279e+02 2.245936e+02
2.294482e+02 2.194878e+02
2.211182e+02 2.125664e+02
2.156238e+02 2.094254e+02
2.119476e+02 2.034848e+02
2.088500e+02 2.034848e+02
2.070251e+02 2.028997e+02
2.058440e+02 2.024609e+02
2.048797e+02 2.016446e+02
2.041930e+02 2.009140e+02
2.037828e+02 2.008116e+02
2.034578e+02 2.006293e+02
2.032351e+02 2.004518e+02
2.030789e+02 2.002940e+02
2.029944e+02 2.002382e+02
2.029367e+02 2.001803e+02
2.029084e+02 2.001263e+02
2.028956e+02 2.000964e+02
2.028951e+02 2.000703e+02
2.029105e+02 2.000493e+02
2.029353e+02 2.000383e+02
2.029649e+02 2.000219e+02
2.030016e+02 2.000188e+02
2.030403e+02 2.000092e+02
2.030849e+02 2.000088e+02
2.031356e+02 2.000068e+02
2.031871e+02 2.000044e+02
2.032395e+02 2.000033e+02
2.032904e+02 2.000016e+02
2.033570e+02 2.000012e+02
2.034218e+02 2.000008e+02
2.034903e+02 2.000006e+02
2.035590e+02 2.000005e+02
2.036341e+02 2.000003e+02
2.037125e+02 2.000002e+02
2.037946e+02 2.000001e+02
2.038753e+02 2.000001e+02
2.039686e+02 2.000000e+02
2.040624e+02 2.000000e+02
2.041665e+02 2.000000e+02
2.042641e+02 2.000000e+02
2.043726e+02 2.000000e+02
2.044869e+02 2.000000e+02
2.046065e+02 2.000000e+02
2.047336e+02 2.000000e+02
2.048604e+02 2.000000e+02
2.050025e+02 2.000000e+02
2.051619e+02 2.000000e+02
2.053225e+02 2.000000e+02
2.054935e+02 2.000000e+02
2.056758e+02 2.000000e+02
2.058597e+02 2.000000e+02
2.060796e+02 2.000000e+02
2.063036e+02 2.000000e+02
2.065449e+02 2.000000e+02
2.068054e+02 2.000000e+02
2.070713e+02 2.000000e+02
2.073941e+02 2.000000e+02
2.077091e+02 2.000000e+02
2.080945e+02 2.000000e+02
2.084969e+02 2.000000e+02
2.089412e+02 2.000000e+02
2.094348e+02 2.000000e+02
2.099536e+02 2.000000e+02
2.105693e+02 2.000000e+02
2.112660e+02 2.000000e+02
2.120612e+02 2.000000e+02
2.129769e+02 2.000000e+02
2.140433e+02 2.000000e+02
2.153007e+02 2.000000e+02
2.168057e+02 2.000000e+02
2.186388e+02 2.000000e+02
2.209209e+02 2.000000e+02
2.238400e+02 2.000000e+02
2.277058e+02 2.000000e+02
2.330681e+02 2.000000e+02
2.410043e+02 2.000000e+02
2.539525e+02 2.000000e+02
2.788505e+02 2.000000e+02
3.464336e+02 2.000000e+02
