0 0 0 0 0 0 0 0 0 0 0 0 0 0 0 0 0 0 0 0 0 0 0 0 0 0 0 0 0 0 0 0 
1.2334 1.359 0.21105 2.1282 0.36216 0.78496 0.10043 3.5273 0.47667 0.20666 1.8141 1.9651 3.7948 1.8491 1.8132 5.3447 0.25022 3.5594 0.64776 1.8064 1.9074 1.8297 0.20983 0.39062 0.16179 0.20879 0.18851 0.29014 0.075679 0.21583 0.21466 0.66536 
20.3872 0 20.3872 20.3872 20.3872 20.3872 20.3872 20.3872 20.3872 20.3872 20.3872 20.3872 20.3872 20.3872 20.3872 20.3872 20.3872 20.3872 20.3872 20.3872 20.3872 20.3872 20.3872 20.3872 20.3872 20.3872 20.3872 20.3872 20.3872 20.3872 20.3872 20.3872 
0.77494 0.10058 0.614 0.81868 0.80263 0.83383 0.90094 0.75155 0.79153 0.79665 0.81539 0.49847 0.7384 0.76713 0.87384 0.66537 0.88247 0.7201 0.79998 0.72584 0.90189 0.78356 0.73499 0.91557 0.76762 0.51652 0.84373 0.83856 0.79089 0.82607 0.83348 0.6985 
29.1732 29.3895 106.73 6.8949 14.7793 8.8844 5.183 13.4766 30.7774 4.2596 19.8791 86.0202 8.1528 49.3433 5.7954 37.241 23.1576 25.0496 80.1088 13.3728 8.7803 103.6363 34.1353 23.9893 39.8205 5.1916 52.5619 2.5522 25.3336 20.0297 12.2735 7.7854 
0.16052 0.049935 0.16909 0.11585 0.24124 0.15854 0.044474 0.12089 0.1192 0.21105 0.14239 0.16187 0.21438 0.15677 0.17904 0.18023 0.072341 0.13337 0.080764 0.20313 0.20015 0.18532 0.1932 0.27265 0.1297 0.12295 0.11758 0.16299 0.18196 0.20903 0.18778 0.14769 
0.5664 0.73538 0.2481 0.3546 0.51647 0.50035 0.41464 0.42775 0.70094 0.55915 0.71379 0.32721 0.36504 0.58841 0.63888 0.52091 0.34798 0.35164 0.39118 0.55039 4.3998 0.29554 0.3706 0.49972 0.33253 0.48388 0.35131 0.20068 0.27693 0.5277 0.36265 0.3733 
100 8.3031e-14 100 100 100 100 100 100 100 100 100 100 100 100 100 100 100 100 100 100 100 100 100 100 100 100 100 100 100 100 100 100 
96.6667 18.2574 100 100 100 100 100 0 100 100 100 100 100 100 100 100 100 100 100 100 100 100 100 100 100 100 100 100 100 100 100 100 
399.3827 2.008 399.008 399.008 399.008 399.008 399.008 399.0448 399.0331 399.008 399.008 399.008 399.008 399.008 399.0443 399.008 399.008 399.008 410.0139 399.0379 399.008 399.008 399.008 399.0448 399.0354 399.008 399.008 399.008 399.008 399.0297 399.0297 399.008 

