0.000000e+00 0.000000e+00 0 0 0 0 0 0 0 0 0 0 0 0 0 0 0 0 0 0 0 0 0 0 0 0 0 0 0 0 0 0 
1.894781e-15 7.210819e-15 0 0 0 2.8422e-14 0 0 0 0 0 0 0 0 0 0 2.8422e-14 0 0 0 0 0 0 0 0 0 0 0 0 0 0 0
7.579123e-15 1.965338e-14 0 5.6843e-14 0 0 0 5.6843e-14 0 0 0 0 0 0 0 0 0 0 5.6843e-14 0 0 0 0 5.6843e-14 0 0 0 0 0 0 0 0 
5.874675e+01 1.014353e+00 58.5616 58.5616 58.5616 58.5616 58.5616 58.5616 58.5616 58.5616 58.5616 58.5616 58.5616 58.5616 58.5616 58.5616 58.5616 58.5616 58.5616 58.5616 58.5616 58.5616 58.5616 58.5616 58.5616 58.5616 58.5616 64.1174 58.5616 58.5616 58.5616 58.5616 
1.248634e+01 1.742332e+00 12.3148 12.3161 9.1867 15.1636 13.0912 13.3029 11.669 9.1466 14.3658 13.2031 13.1322 13.782 12.2487 15.1967 16.119 12.292 11.1448 12.6823 12.1357 13.0606 10.4809 13.2997 14.1512 12.8985 12.3582 12.1238 8.1968 11.2209 12.185 12.1212 
4.604192e-09 2.498221e-08 1.1369e-13 1.1369e-13 1.1369e-13 1.1369e-13 1.1369e-13 1.1369e-13 1.1369e-13 1.1369e-13 1.1369e-13 1.1369e-13 1.1369e-13 1.1369e-13 1.1369e-13 5.5434e-10 1.1369e-13 1.3687e-07 1.1369e-13 1.1369e-13 1.1369e-13 1.1369e-13 1.1369e-13 1.1369e-13 1.1369e-13 0 1.1369e-13 6.9485e-10 1.1369e-13 1.1369e-13 1.1369e-13 1.1369e-13 
4.329193e+01 2.668584e+00 46.4882 41.6844 42.0261 45.645 46.7911 43.1415 38.3665 40.8803 45.6126 44.8389 41.8696 41.411 44.7229 43.4169 47.4027 45.2505 39.296 46.7045 45.1442 37.3749 40.8373 45.9142 45.8835 40.3594 41.0465 44.7639 43.1511 44.2341 43.5803 40.9197 
1.309644e+01 1.915488e+00 13.0684 14.0669 14.4539 13.1433 13.5251 16.1197 14.0225 14.1457 13.3769 12.121 14.0406 10.373 11.1211 14.9901 8.0487 11.12 11.0269 17.0472 13.1741 10.3294 14.2095 12.0332 12.1298 11.1552 13.3086 12.164 15.1004 14.1721 15.183 14.1231 
0.000000e+00 0.000000e+00 0 0 0 0 0 0 0 0 0 0 0 0 0 0 0 0 0 0 0 0 0 0 0 0 0 0 0 0 0 0 
1.374512e+03 1.814102e+02 1576.7254 1147.0885 1247.8042 1279.0842 1583.7832 1482.1725 1113.0148 1155.5651 1394.1919 1387.7796 1436.3622 1128.2166 1389.5401 972.4381 1415.0499 1333.985 1297.6258 1421.7502 1629.7887 1548.0377 1769.231 1233.0294 1269.503 1465.2295 1373.668 1574.3978 1172.1693 1432.0884 1600.3324 1405.7118 
9.728407e+00 1.739757e+01 2.867 2.8628 1.5627 61.4912 60.2526 3.3864 6.1855 2.8368 7.6283 4.1856 4.3844 3.8776 3.9916 2.9824 8.3596 2.7292 7.3696 1.9729 1.7878 2.7834 2.8128 60.5216 2.8423 6.0556 6.0535 6.8575 2.9966 2.0195 4.9816 3.2139 
4.003750e+02 2.217858e+02 339.5112 361.6574 370.7175 675.7733 642.9984 244.8987 949.221 563.962 381.8348 403.8352 715.0876 126.0965 244.3266 474.4713 498.105 593.9961 561.7837 232.1784 257.7649 20.5937 366.6287 577.3625 255.5709 257.4704 157.956 363.2676 137.5659 16.7994 497.8968 721.9177 
1.553601e+01 6.276353e+00 20.6757 15.9531 17.1254 18.3272 1.5601 14.588 20.7521 18.201 7.8172 15.3473 21.6637 16.4839 16.7092 15.0506 23.5667 1.0172 15.1828 18.6618 17.4587 17.4272 18.2971 2.5945 17.5246 17.2929 16.1273 3.9807 14.9267 28.306 16.236 17.2256 
2.272594e+01 1.065715e+00 22.2309 22.0185 22.0727 24.0714 21.0245 21.5478 22.405 24.2496 21.9946 23.0796 22.6435 22.347 22.2905 22.1692 24.3312 23.1502 24.3755 22.3959 24.2487 21.1272 22.1129 23.1884 21.0287 22.089 24.21 22.1954 22.0252 22.6779 24.0865 24.3904 
2.637510e+00 1.317857e+00 0.68748 2.9581 2.9264 4.8186 1.0173 1.7343 2.8808 1.7067 2.6496 1.405 2.5044 2.7697 4.5312 1.4943 1.8019 2.4204 2.4786 1.3359 3.3441 3.7703 1.5507 5.5424 2.5373 3.3101 3.3397 0.71578 4.4072 0.45114 4.5507 3.4852 
3.428168e+01 3.113755e+01 187.9802 19.0166 40.2877 24.6315 25.4204 12.6266 25.0541 38.4462 26.0635 33.8436 33.4052 26.1043 19.9919 20.5912 24.8883 54.0136 16.8322 26.7295 70.2223 23.5021 25.2457 21.9886 22.0864 19.2178 27.9871 32.5505 31.3666 36.6426 33.9272 27.787 
2.575570e+01 5.643376e+00 22.3349 32.343 14.1908 30.859 31.2248 30.1044 27.369 18.2104 33.5591 22.5422 30.6139 31.6984 26.3939 14.543 17.7475 27.6079 23.3101 28.1788 30.4029 26.7927 18.08 18.8324 24.007 33.5468 31.4049 27.0538 25.3292 28.7229 25.254 20.4132 
2.104022e+01 8.562925e-01 20.5083 20.5041 21.3662 21.4994 20.6479 20.6422 20.3627 20.5632 20.5874 20.6516 21.5431 20.5556 20.5007 20.4502 20.5412 20.2549 20.5411 22.5227 21.517 20.5314 20.4945 21.5319 20.5297 20.3362 21.6412 20.4451 21.5309 21.509 23.5554 23.342 
5.409351e+00 1.513305e+00 5.683 6.2404 4.733 3.6749 3.5026 7.4794 4.7377 6.7053 6.2593 5.8254 6.126 5.1535 5.9172 2.9249 4.4699 6.424 3.5381 7.6258 5.8722 2.7053 2.8148 7.4913 3.1508 6.0321 5.6965 8.2103 6.3032 5.9702 4.8916 6.1221 
2.977045e+01 3.949483e+00 29.0081 19.8897 29.4002 26.7114 26.997 35.0285 30.9847 33.4949 30.1922 27.779 24.654 26.7893 28.4368 35.5716 26.1138 27.523 32.7115 26.7541 29.621 29.6916 33.7325 27.8327 31.4221 24.4405 30.5485 34.0642 38.4727 27.6531 33.1453 34.4492 
2.123608e+02 2.554304e+00 215.5016 213.4925 212.3072 208.8822 212.9211 213.7577 215.9373 210.61 208.2102 213.7423 205.6527 214.2984 208.6143 210.0215 214.7286 214.4739 215.5043 211.3308 212.698 210.1235 212.8942 215.5814 215.1755 212.3847 212.9701 212.188 210.5699 209.8046 211.793 214.6549 
1.000000e+02 0.000000e+00 100 100 100 100 100 100 100 100 100 100 100 100 100 100 100 100 100 100 100 100 100 100 100 100 100 100 100 100 100 100 
3.569454e+02 3.215912e+00 355.02 355.3939 361.9286 358.4675 355.2561 359.2015 355.3068 355.923 355.5408 360.0889 355.7516 361.5458 359.846 361.6761 359.7087 354.3057 358.8993 360.8568 349.5385 357.832 352.1731 353.5894 355.5387 358.2888 358.6239 360.6673 354.3798 357.2059 354.717 351.0913 
4.297266e+02 2.348678e+00 435.1995 431.1463 432.4318 427.6036 432.1456 430.0505 430.3409 430.7036 432.0699 431.3219 429.0055 429.305 433.7803 424.8961 429.3258 427.5644 429.5376 430.7346 425.5368 427.8499 431.3833 426.1496 427.1513 429.7031 428.1126 431.3267 431.3925 428.6917 428.7145 428.6223 
3.866957e+02 5.425663e-03 386.6913 386.7004 386.706 386.6928 386.6928 386.6951 386.6928 386.6999 386.6926 386.6878 386.6928 386.6878 386.6928 386.6932 386.6928 386.7035 386.7012 386.7047 386.706 386.6943 386.6978 386.6951 386.6878 386.6928 386.7012 386.6919 386.6913 386.7012 386.7012 386.6913 
9.581496e+02 5.387704e+01 978.3813 971.9687 932.5658 971.5124 928.6135 941.4719 979.807 1009.3092 947.075 989.4981 993.6723 974.1157 951.3648 999.028 965.7547 943.3628 826.1996 938.9078 990.5193 1045.345 964.1523 824.0014 1010.4754 907.269 1040.1425 969.5202 830.4419 963.7908 985.6218 970.5982 
5.053837e+02 5.245414e+00 506.148 504.0837 508.2674 506.7933 514.4603 506.2852 508.9998 501.2223 493.9075 514.3188 505.4539 512.6875 502.81 510.1259 503.3985 500.4014 508.3125 499.5177 510.7078 501.1615 508.0316 506.1646 504.629 507.8985 497.9124 502.0516 501.2824 514.6646 502.6854 497.1285 
3.106849e+02 3.264290e+01 300 413.9752 300 300 300 300 300 300 300 403.2857 300 300 300 300 300 300 300 300 300 300 300 300 300 300 300 300 403.2857 300 300 300 
4.314993e+02 5.953806e+00 426.5879 438.8855 435.9289 431.5655 420.5825 431.478 440.2176 431.6891 429.9806 437.0195 422.2479 428.1803 432.739 425.5252 424.9125 434.5148 439.125 425.1783 437.0329 421.5515 439.1081 422.4088 429.4161 430.5223 438.0453 432.0275 431.6563 432.271 441.2302 433.3492 
1.997699e+03 7.074532e+01 1981.5552 2086.1431 1970.5783 1980.9917 1941.5315 1941.4616 1955.8297 1941.6461 2282.5423 1956.0975 1971.4612 1969.5143 1983.4396 2090.1498 1967.4317 1970.5741 1970.6629 1981.2412 1941.9156 2051.4544 1955.5372 1941.3415 2016.9894 1981.5097 1970.441 2003.8916 2086.5159 1971.2004 1981.0662 2086.2467 
