0.000000e+00 0.000000e+00 0 0 0 0 0 0 0 0 0 0 0 0 0 0 0 0 0 0 0 0 0 0 0 0 0 0 0 0 0 0 
4.838395e-09 2.458563e-08 3.979e-13 2.558e-13 1.0402e-11 5.6843e-13 2.6432e-12 3.1264e-13 1.2278e-11 7.7023e-12 3.979e-12 6.2727e-11 7.0486e-12 9.3223e-12 2.558e-12 2.8422e-13 2.558e-13 1.3483e-07 2.8422e-14 1.9895e-13 2.8422e-14 2.8422e-14 0 2.8422e-14 1.1369e-13 1.1369e-13 1.4495e-12 4.5475e-13 2.8422e-14 5.7927e-09 1.3813e-11 4.3942e-09 
6.184492e-04 3.387385e-03 1.528e-10 3.2969e-12 1.4779e-12 8.5265e-13 5.6843e-14 2.8422e-13 2.5472e-10 2.3743e-10 1.0459e-11 5.1159e-13 6.0254e-12 2.558e-12 6.8212e-13 0.018553 1.2392e-11 1.1369e-13 1.7053e-13 2.8422e-13 2.5125e-11 7.6358e-10 5.6843e-14 5.8549e-12 6.8212e-13 8.5265e-13 2.16e-12 5.6843e-13 4.5475e-13 1.3074e-12 7.3896e-13 7.3896e-13 
5.911714e+01 1.695245e+00 58.5616 58.5616 58.5616 58.5616 58.5616 58.5616 58.5616 58.5616 58.5616 58.5616 64.1174 58.5616 64.1174 58.5616 58.5616 58.5616 58.5616 58.5616 64.1174 58.5616 58.5616 58.5616 58.5616 58.5616 58.5616 58.5616 58.5616 58.5616 58.5616 58.5616 
3.976374e+01 1.982597e+01 16.9143 76.6117 47.758 13.9294 46.763 28.8538 39.7983 23.879 16.9143 44.7731 40.7514 23.879 14.9244 48.7529 56.7125 44.773 76.6117 94.5208 34.8235 48.7529 49.7479 23.879 59.6974 29.8487 23.879 25.8689 44.7731 30.8437 48.7529 14.9244 
4.562556e-09 2.498957e-08 1.1369e-13 1.1369e-13 1.1369e-13 0 1.1369e-13 1.1369e-13 1.1369e-13 1.1369e-13 0 1.3687e-07 1.1369e-13 1.1369e-13 1.1369e-13 1.1369e-13 1.1369e-13 1.1369e-13 1.1369e-13 1.1369e-13 1.1369e-13 1.1369e-13 1.1369e-13 1.1369e-13 1.1369e-13 1.1369e-13 1.1369e-13 1.1369e-13 1.1369e-13 1.1369e-13 1.1369e-13 1.1369e-13 
5.964554e+01 1.030885e+01 49.1129 50.9733 57.3782 49.2822 61.7995 49.3014 42.2543 61.792 59.4141 65.2987 70.8578 55.8488 47.3191 46.4085 66.2083 59.2035 88.2843 67.7161 62.7616 61.9585 58.2611 66.2708 80.5536 51.0383 71.5662 68.2186 49.1139 54.3612 56.5323 60.2771 
5.246740e+01 1.910788e+01 22.884 54.7226 27.8588 56.7126 66.662 45.7681 31.8387 59.6974 48.7529 53.7277 54.7226 79.5965 21.8891 52.7327 45.768 54.7227 23.879 77.6066 28.8538 75.6166 71.6369 39.7983 61.6874 87.5561 62.6823 79.5966 35.8185 52.7328 72.6319 25.8689 
0.000000e+00 0.000000e+00 0 0 0 0 0 0 0 0 0 0 0 0 0 0 0 0 0 0 0 0 0 0 0 0 0 0 0 0 0 0 
2.545670e+03 6.486530e+02 2391.4906 3209.4567 3556.4724 3054.678 2372.8604 2346.9644 3012.2864 2333.5654 3587.3766 2747.3686 1709.2522 3730.3561 2104.8909 3151.4616 3771.621 2951.1761 2093.6588 2552.7533 2848.7697 1669.8292 2328.3254 2174.4742 2334.8561 1318.4342 2592.2764 2014.1476 1502.2984 2531.4685 2534.9993 1842.5315 
1.348637e+01 1.435087e+01 13.9362 15.9261 7.9597 8.9546 9.9564 64.9539 5.9698 3.9798 8.9546 9.9496 13.9362 16.9211 8.9546 12.9345 15.9261 12.9345 7.9597 8.9614 5.9698 12.9345 6.9647 63.959 3.9798 14.9312 9.9564 2.9849 8.9614 11.9395 5.9698 6.9715 
4.919842e+02 2.284304e+02 173.3646 385.2177 499.0449 363.8902 343.277 261.7756 463.7526 359.8786 693.8594 677.3017 267.858 748.8149 544.9544 705.8626 790.7127 258.3082 302.1638 720.7129 13.8793 827.493 322.0742 473.9081 687.4054 356.8305 912.4613 469.8749 905.0003 481.8034 463.0657 284.9788 
1.633031e+01 8.073911e+00 4.0944 1.0428 16.7319 18.767 21.595 7.9646 23.7546 8.9605 19.1473 8.997 21.8894 20.3449 20.432 24.0979 3.008 22.8361 19.2075 35.2432 11.0143 24.9533 10.7732 11.5761 21.9275 20.2433 21.432 7.9628 19.7904 25.3062 10.0318 6.7843 
2.048743e+01 1.002135e+01 30.1943 26.029 10.2616 8.0523 6.9647 25.4661 8.9825 28.1623 3.9825 27.3327 29.4362 33.0036 10.2523 23.1423 26.202 31.3409 25.1036 3.0747 25.1739 28.9683 27.2328 23.0791 25.4272 5.0376 33.9713 25.317 7.0029 26.0292 7.9967 22.4029 
4.845676e+00 1.872775e+00 5.7479 3.7065 4.4752 4.6018 3.4657 8.4708 2.6323 4.7567 3.7706 4.6434 8.924 2.5492 3.0975 4.7315 3.0935 5.6379 9.9161 5.2333 3.7738 3.7794 4.1731 5.1231 4.8444 6.2019 3.3269 1.4911 4.9882 5.8866 5.4838 6.8443 
2.655112e+02 2.489444e+02 30.122 770.5372 29.1101 521.2885 30.4555 286.3011 661.3629 284.5123 21.5384 20.8112 230.6808 14.4814 143.4902 547.4043 937.1253 253.5692 13.2806 4.1144 24.7387 447.5408 235.2766 12.1703 149.2165 235.6978 380.571 449.5452 399.1757 234.2752 461.0117 135.93 
6.041860e+01 3.750793e+01 31.9358 149.1107 44.336 35.4967 34.8936 61.5383 34.9103 34.6132 39.5691 43.4498 157.311 35.0357 76.2185 36.8142 59.0545 30.4756 40.2828 61.8953 51.8279 67.8123 144.3481 55.0988 45.864 38.2061 44.4207 40.7181 35.3631 74.6693 63.1111 144.1775 
2.306772e+01 5.643503e+00 23.2012 25.654 22.3237 24.2863 22.9104 29.7388 22.5067 24.5657 23.064 24.4393 24.5502 25.0122 23.0299 25.0709 30.9434 23.1091 22.0413 25.6247 24.1141 23.7461 22.0045 2.637 24.9687 26.9543 25.8819 24.5325 4.7984 24.8095 23.2138 22.299 
5.723336e+00 1.298687e+00 5.8485 6.5211 4.2405 7.8837 5.3765 4.9136 5.7574 4.8846 6.7496 5.8254 5.1769 6.34 2.2628 4.2712 6.3937 3.7566 3.8234 6.5346 5.4765 6.5444 6.2914 6.3388 7.3341 5.9067 4.2022 6.626 6.2342 6.4303 8.44 5.3156 
7.587528e+01 7.730415e+01 150.4816 189.7918 27.6725 27.9734 33.0081 38.6022 17.0392 55.5472 160.5492 32.5815 43.4815 29.6635 2.2559 41.5992 11.5831 37.0674 16.2817 38.8233 1.3072 3.3582 147.474 175.3656 34.0636 131.7068 15.2088 259.1972 142.0289 7.7989 250.5446 154.2023 
2.390903e+02 1.927635e+01 249.028 225.2312 235.4402 297.5555 229.6458 223.6756 247.957 216.7761 224.4692 274.3225 230.2798 221.666 218.3682 247.0842 233.71 237.5317 243.9395 237.264 229.2778 228.6959 242.8822 240.401 230.0549 276.9872 239.2464 227.8902 260.0765 223.0045 264.59 215.6573 
1.000000e+02 0.000000e+00 100 100 100 100 100 100 100 100 100 100 100 100 100 100 100 100 100 100 100 100 100 100 100 100 100 100 100 100 100 100 
3.768656e+02 9.196366e+00 371.7316 362.9454 363.9098 389.7728 368.1965 376.0446 384.2442 388.809 357.6925 374.3267 371.2259 392.7052 381.2107 375.5085 379.3068 383.9094 373.0229 370.9971 389.2272 379.8131 375.1435 370.4919 376.9346 370.2779 389.3463 362.6954 372.1071 386.5765 380.5799 387.2137 
4.507774e+02 1.204369e+01 461.9308 442.6858 442.0583 475.6485 447.1217 446.0739 464.7341 454.0992 447.5801 456.0754 439.6486 440.4769 449.7417 452.2399 456.3256 440.0182 456.1707 439.0137 448.9404 455.3894 436.6326 435.0961 436.5576 469.7328 438.0052 442.6648 447.9219 449.9429 472.8504 477.9449 
3.867864e+02 5.742078e-02 386.8285 386.7893 386.7346 386.862 386.8004 386.8181 386.7175 386.7267 386.7774 386.8069 386.7703 386.7758 386.6943 386.8035 386.7661 386.8427 386.8023 386.9336 386.8121 386.7548 386.7213 386.7869 386.744 386.6954 386.7752 386.8219 386.9245 386.7907 386.7946 386.721 
1.122684e+03 3.016323e+02 300 300 1179.835 1245.0308 1145.6813 1155.8767 1083.0809 1166.2927 1442.7013 1055.8964 1430.4983 1456.325 1155.6318 1275.6346 1230.023 1178.9339 1280.0869 1144.5675 1455.2017 1198.7557 1111.6644 300 1069.4841 1375.1054 1123.7559 1216.7269 1115.9966 1116.2543 1246.781 1124.7038 
4.937097e+02 9.556771e+00 468.7451 499.9016 508.2172 494.8391 488.373 501.6797 492.6229 493.0283 501.7869 471.7393 489.0946 491.7549 494.2632 497.1277 489.8959 478.6554 493.8066 500.1145 509.3708 488.586 498.8353 491.8242 490.9301 500.578 492.6496 503.4525 502.8202 495.4648 479.2469 501.8863 
3.229840e+02 4.739887e+01 300 300 300 300 300 451.7113 300 300 300 300 300 403.2857 300 413.9752 300 300 300 300 300 413.9752 300 300 300 300 300 300 300 403.2857 300 403.2857 
4.387835e+02 3.317008e+01 342.406 433.4498 438.6972 444.3749 470.1333 430.997 473.5507 443.316 346.3714 480.4634 462.1844 433.5659 441.4418 430.4832 471.1421 456.1509 431.5613 466.7192 457.3726 453.2867 450.1387 378.6583 424.9003 432.1262 407.8656 440.8114 438.3022 454.859 472.477 455.6997 
2.008420e+03 5.898076e+01 1971.0606 2109.1667 1970.7437 2000.5 2002.8889 1973.4928 2002.6086 2136.3256 1989.736 1967.6889 2011.914 1955.8952 1999.6766 2041.1623 1957.0643 1988.9862 1972.5395 2100.8095 1969.5464 1992.6656 2085.0207 1972.2005 2003.6457 1972.139 1996.8901 1989.9739 2199.2561 1973.2833 1988.8649 1956.8582 
