4.008923e+04 3.402859e+04
3.673378e+04 3.207686e+04
3.624289e+04 3.149592e+04
3.617123e+04 3.133343e+04
3.579622e+04 3.109146e+04
3.556131e+04 3.054794e+04
3.537669e+04 3.015893e+04
3.530588e+04 2.971785e+04
3.505784e+04 2.875873e+04
3.460033e+04 2.770017e+04
3.434692e+04 2.706428e+04
3.413952e+04 2.696146e+04
3.374994e+04 2.667327e+04
3.343121e+04 2.622444e+04
3.298316e+04 2.553011e+04
3.246058e+04 2.380363e+04
3.194917e+04 2.361834e+04
3.148814e+04 2.235715e+04
3.079609e+04 2.186420e+04
3.025624e+04 1.999854e+04
2.965173e+04 1.953732e+04
2.930645e+04 1.953732e+04
2.875639e+04 1.953732e+04
2.805401e+04 1.900129e+04
2.756619e+04 1.790607e+04
2.650232e+04 1.688002e+04
2.587595e+04 1.635454e+04
2.567753e+04 1.567021e+04
2.447743e+04 1.567021e+04
2.434713e+04 1.495946e+04
2.367592e+04 1.403715e+04
2.348060e+04 1.403715e+04
2.315982e+04 1.348790e+04
2.271001e+04 1.346810e+04
2.292296e+04 1.314375e+04
2.194319e+04 1.262102e+04
2.135492e+04 1.226562e+04
2.072352e+04 1.220689e+04
2.033583e+04 1.182810e+04
2.028427e+04 1.137364e+04
1.960505e+04 1.137364e+04
1.975999e+04 1.101167e+04
1.905247e+04 9.898741e+03
1.870139e+04 9.898741e+03
1.813287e+04 9.696749e+03
1.771133e+04 9.696749e+03
1.696764e+04 9.297613e+03
1.664926e+04 9.053445e+03
1.639561e+04 9.018936e+03
1.615275e+04 8.920169e+03
1.555154e+04 8.920169e+03
1.556888e+04 8.920169e+03
1.538157e+04 8.560595e+03
1.506355e+04 8.560595e+03
1.440529e+04 8.373153e+03
1.410957e+04 8.373153e+03
1.394709e+04 8.286436e+03
1.374185e+04 8.180224e+03
1.351103e+04 8.084263e+03
1.316929e+04 7.654796e+03
1.308262e+04 7.487197e+03
1.270637e+04 7.417845e+03
1.249794e+04 7.239572e+03
1.234400e+04 7.216719e+03
1.192993e+04 7.056195e+03
1.173054e+04 7.056195e+03
1.196029e+04 7.056195e+03
1.130026e+04 7.056195e+03
1.115770e+04 7.056195e+03
1.096062e+04 7.056195e+03
1.062638e+04 7.056195e+03
1.032691e+04 7.056195e+03
1.002770e+04 7.056195e+03
9.557848e+03 6.941495e+03
9.483638e+03 6.941495e+03
9.444772e+03 6.941495e+03
9.268558e+03 6.860433e+03
9.059058e+03 6.860433e+03
8.752335e+03 6.860433e+03
8.119636e+03 6.602161e+03
7.371876e+03 6.281049e+03
6.596790e+03 5.588828e+03
5.918537e+03 5.212604e+03
5.325664e+03 4.522115e+03
4.784069e+03 4.082080e+03
4.290962e+03 3.661160e+03
3.871253e+03 3.252997e+03
3.465053e+03 2.960165e+03
3.094092e+03 2.690425e+03
2.746509e+03 2.430946e+03
2.401133e+03 2.060103e+03
2.091149e+03 1.707708e+03
1.807018e+03 1.429684e+03
1.508152e+03 1.236796e+03
1.265440e+03 1.113367e+03
1.009556e+03 8.944436e+02
7.531366e+02 5.756507e+02
1.151406e+03 4.689056e+02
4.464037e+02 1.981564e+02
1.062152e+03 1.508117e+02
1.268617e+02 1.268606e+02
4.005891e+04 3.387722e+04
3.645909e+04 3.171050e+04
3.493092e+04 3.099888e+04
3.423664e+04 2.909791e+04
3.396677e+04 2.850945e+04
3.387615e+04 2.808318e+04
3.357430e+04 2.743206e+04
3.314971e+04 2.682075e+04
3.293712e+04 2.682075e+04
3.276875e+04 2.653373e+04
3.248354e+04 2.583742e+04
3.222404e+04 2.557148e+04
3.180819e+04 2.526335e+04
3.164213e+04 2.393754e+04
3.119569e+04 2.393754e+04
3.086739e+04 2.354326e+04
3.040707e+04 2.354326e+04
2.998734e+04 2.330751e+04
2.937401e+04 2.305175e+04
2.884109e+04 2.129624e+04
2.820310e+04 1.977343e+04
2.757313e+04 1.955324e+04
2.716577e+04 1.955324e+04
2.649551e+04 1.955324e+04
2.601076e+04 1.944828e+04
2.534613e+04 1.912516e+04
2.481357e+04 1.865593e+04
2.427671e+04 1.858178e+04
2.378704e+04 1.837301e+04
2.330290e+04 1.757704e+04
2.282503e+04 1.753529e+04
2.232981e+04 1.719021e+04
2.188334e+04 1.697218e+04
2.144031e+04 1.652663e+04
2.100050e+04 1.621794e+04
2.061835e+04 1.596255e+04
2.019292e+04 1.596255e+04
1.982607e+04 1.572507e+04
1.941197e+04 1.493352e+04
1.904792e+04 1.417733e+04
1.867224e+04 1.394871e+04
1.827528e+04 1.382352e+04
1.787877e+04 1.369147e+04
1.749870e+04 1.348952e+04
1.714236e+04 1.330084e+04
1.680458e+04 1.284681e+04
1.646924e+04 1.284681e+04
1.616159e+04 1.248522e+04
1.581865e+04 1.248522e+04
1.547675e+04 1.245000e+04
1.516243e+04 1.217704e+04
1.482506e+04 1.181430e+04
1.449325e+04 1.154734e+04
1.417889e+04 1.140483e+04
1.385789e+04 1.122707e+04
1.353346e+04 1.122707e+04
1.324740e+04 1.098605e+04
1.292790e+04 1.061190e+04
1.259364e+04 1.044429e+04
1.231644e+04 1.004462e+04
1.199037e+04 1.003278e+04
1.169102e+04 9.681141e+03
1.138338e+04 9.151899e+03
1.109544e+04 8.896612e+03
1.080914e+04 8.533602e+03
1.050232e+04 8.528755e+03
1.018715e+04 8.317620e+03
9.864242e+03 8.110688e+03
9.584945e+03 7.739570e+03
9.269444e+03 7.669706e+03
8.960650e+03 7.669706e+03
8.661186e+03 7.446611e+03
8.361358e+03 7.257817e+03
8.038242e+03 7.240395e+03
7.741413e+03 6.713506e+03
7.449095e+03 6.399682e+03
7.156521e+03 5.973338e+03
6.846694e+03 5.649260e+03
6.554145e+03 5.601272e+03
6.240401e+03 5.507843e+03
5.921160e+03 5.091229e+03
5.599858e+03 4.603967e+03
5.288740e+03 4.594811e+03
4.959940e+03 4.358212e+03
4.621079e+03 3.942197e+03
4.256640e+03 3.420116e+03
3.938675e+03 3.262827e+03
3.607466e+03 3.006781e+03
3.247086e+03 2.729229e+03
2.906986e+03 2.483223e+03
2.557739e+03 2.118398e+03
2.236473e+03 1.924177e+03
1.926542e+03 1.514082e+03
1.625279e+03 1.319774e+03
1.314266e+03 1.102825e+03
1.026592e+03 8.275516e+02
1.458642e+03 5.291354e+02
1.939058e+03 4.013248e+02
1.451444e+03 3.631685e+02
7.125747e+02 1.703319e+02
4.319612e+01 4.318744e+01
3.999790e+04 3.281044e+04
3.629424e+04 3.146776e+04
3.533571e+04 3.046949e+04
3.515027e+04 3.027294e+04
3.482507e+04 2.943332e+04
3.465968e+04 2.879615e+04
3.442460e+04 2.842571e+04
3.388774e+04 2.751214e+04
3.380233e+04 2.703502e+04
3.337485e+04 2.703502e+04
3.341269e+04 2.701705e+04
3.286096e+04 2.578967e+04
3.257902e+04 2.547707e+04
3.239769e+04 2.494287e+04
3.199018e+04 2.448107e+04
3.143555e+04 2.403731e+04
3.127382e+04 2.386830e+04
3.080670e+04 2.229056e+04
3.041192e+04 2.229056e+04
2.995867e+04 2.229056e+04
2.939341e+04 2.196342e+04
2.889840e+04 2.109368e+04
2.824350e+04 2.083831e+04
2.769204e+04 2.039888e+04
2.700057e+04 2.034828e+04
2.637897e+04 2.013967e+04
2.572775e+04 1.907794e+04
2.513644e+04 1.858781e+04
2.461484e+04 1.858781e+04
2.406949e+04 1.856737e+04
2.358392e+04 1.820461e+04
2.308665e+04 1.758994e+04
2.258307e+04 1.758994e+04
2.210921e+04 1.756252e+04
2.165739e+04 1.686885e+04
2.119573e+04 1.617533e+04
2.078627e+04 1.572103e+04
2.030794e+04 1.560949e+04
1.989379e+04 1.545290e+04
1.951469e+04 1.545290e+04
1.912482e+04 1.504126e+04
1.870102e+04 1.473631e+04
1.833245e+04 1.469817e+04
1.794847e+04 1.394747e+04
1.757319e+04 1.374247e+04
1.720385e+04 1.354105e+04
1.683440e+04 1.354105e+04
1.645545e+04 1.326443e+04
1.611218e+04 1.324302e+04
1.577624e+04 1.302785e+04
1.543892e+04 1.267314e+04
1.509251e+04 1.216687e+04
1.472431e+04 1.180084e+04
1.440368e+04 1.145054e+04
1.405267e+04 1.121891e+04
1.372699e+04 1.072923e+04
1.341913e+04 1.015713e+04
1.310235e+04 1.008127e+04
1.279349e+04 1.002275e+04
1.249969e+04 9.912007e+03
1.218768e+04 9.912007e+03
1.187213e+04 9.336293e+03
1.156295e+04 9.176061e+03
1.123102e+04 9.176061e+03
1.094036e+04 9.038221e+03
1.063603e+04 8.758229e+03
1.031912e+04 8.386038e+03
1.001824e+04 8.366837e+03
9.710456e+03 8.210383e+03
9.412596e+03 8.092674e+03
9.123035e+03 7.396764e+03
8.799059e+03 7.259846e+03
8.511897e+03 7.182710e+03
8.210589e+03 6.937131e+03
7.883141e+03 6.823724e+03
7.554078e+03 6.755073e+03
7.265216e+03 6.200828e+03
6.965935e+03 5.698721e+03
6.645061e+03 5.646651e+03
6.311647e+03 5.161492e+03
6.005380e+03 5.142568e+03
5.668018e+03 4.889997e+03
5.319733e+03 4.504768e+03
4.989920e+03 4.230492e+03
5.022476e+03 3.968865e+03
4.386358e+03 3.757873e+03
3.994483e+03 3.414550e+03
3.609354e+03 3.080234e+03
3.285975e+03 2.872182e+03
2.976606e+03 2.433908e+03
2.635379e+03 2.091233e+03
2.280367e+03 1.702514e+03
1.938162e+03 1.452106e+03
1.601427e+03 1.167691e+03
1.295947e+03 1.034724e+03
1.587325e+03 8.258830e+02
2.015052e+03 7.071474e+02
1.683259e+03 5.654234e+02
7.173494e+02 3.399418e+02
7.982406e+02 1.673017e+02
3.497978e+01 3.497427e+01
4.014400e+04 3.438526e+04
3.647354e+04 3.107584e+04
3.490033e+04 3.035371e+04
3.411506e+04 2.820983e+04
3.356792e+04 2.820983e+04
3.361019e+04 2.794599e+04
3.336382e+04 2.650030e+04
3.324608e+04 2.629534e+04
3.278655e+04 2.585212e+04
3.232616e+04 2.585212e+04
3.198814e+04 2.531012e+04
3.183700e+04 2.455630e+04
3.148398e+04 2.432450e+04
3.103714e+04 2.391715e+04
3.051030e+04 2.367770e+04
3.031770e+04 2.338416e+04
2.998068e+04 2.334388e+04
2.953523e+04 2.312687e+04
2.890687e+04 2.285209e+04
2.830669e+04 2.078253e+04
2.784500e+04 2.054460e+04
2.730066e+04 2.051328e+04
2.682163e+04 2.051328e+04
2.623197e+04 1.973856e+04
2.564016e+04 1.973379e+04
2.509528e+04 1.962980e+04
2.459834e+04 1.882980e+04
2.421404e+04 1.865846e+04
2.362910e+04 1.864321e+04
2.312373e+04 1.797193e+04
2.266656e+04 1.789721e+04
2.218319e+04 1.774712e+04
2.170289e+04 1.712945e+04
2.125955e+04 1.674157e+04
2.087459e+04 1.654734e+04
2.044566e+04 1.638737e+04
2.006728e+04 1.600846e+04
1.965536e+04 1.580713e+04
1.929835e+04 1.552877e+04
1.890155e+04 1.531441e+04
1.854671e+04 1.485261e+04
1.814592e+04 1.459912e+04
1.777042e+04 1.427156e+04
1.740489e+04 1.395520e+04
1.707748e+04 1.338676e+04
1.671736e+04 1.336573e+04
1.637249e+04 1.336573e+04
1.601334e+04 1.304583e+04
1.568303e+04 1.281874e+04
1.537219e+04 1.251743e+04
1.503060e+04 1.232294e+04
1.470696e+04 1.206972e+04
1.440535e+04 1.193707e+04
1.409375e+04 1.124904e+04
1.374734e+04 1.105083e+04
1.343468e+04 1.092243e+04
1.311881e+04 1.031072e+04
1.281030e+04 1.011711e+04
1.250407e+04 1.005373e+04
1.219882e+04 9.542586e+03
1.188476e+04 8.695557e+03
1.158774e+04 8.612671e+03
1.130071e+04 8.588060e+03
1.102086e+04 8.085625e+03
1.073130e+04 7.901776e+03
1.043666e+04 7.901776e+03
1.010511e+04 7.671998e+03
9.825480e+03 7.671998e+03
9.516276e+03 7.671998e+03
9.242637e+03 7.671998e+03
8.935401e+03 7.393908e+03
8.639985e+03 7.211759e+03
8.338408e+03 7.159700e+03
8.038714e+03 6.864589e+03
7.716700e+03 6.686307e+03
7.428224e+03 6.355860e+03
7.116069e+03 5.823603e+03
6.805029e+03 5.774794e+03
6.498099e+03 5.384379e+03
6.175774e+03 5.384379e+03
5.840765e+03 4.835438e+03
5.514884e+03 4.658889e+03
5.188376e+03 4.143238e+03
4.863889e+03 3.893879e+03
4.540337e+03 3.671643e+03
4.214289e+03 3.429176e+03
3.885708e+03 3.167373e+03
3.541627e+03 3.046576e+03
3.227631e+03 2.750406e+03
2.841946e+03 2.349124e+03
2.522937e+03 2.072093e+03
2.193641e+03 1.821873e+03
1.873370e+03 1.570801e+03
1.569964e+03 1.244871e+03
1.291903e+03 1.035995e+03
1.447946e+03 7.944575e+02
1.128085e+03 6.602279e+02
1.925799e+03 5.928807e+02
2.212510e+03 4.865291e+02
6.111226e+02 1.997143e+02
3.986019e+01 3.986006e+01
4.001341e+04 3.345805e+04
3.632683e+04 3.185080e+04
3.504346e+04 3.083296e+04
3.435249e+04 2.927949e+04
3.427845e+04 2.896534e+04
3.433561e+04 2.844766e+04
3.378909e+04 2.797275e+04
3.357572e+04 2.657332e+04
3.309836e+04 2.603698e+04
3.297398e+04 2.533153e+04
3.260690e+04 2.509184e+04
3.246432e+04 2.509184e+04
3.216628e+04 2.436335e+04
3.170381e+04 2.433459e+04
3.121037e+04 2.313762e+04
3.084780e+04 2.313762e+04
3.052665e+04 2.304172e+04
3.002178e+04 2.174969e+04
2.955031e+04 2.155327e+04
2.902251e+04 2.069429e+04
2.836568e+04 2.069429e+04
2.775582e+04 2.039148e+04
2.718157e+04 2.015854e+04
2.649231e+04 1.994780e+04
2.587995e+04 1.980565e+04
2.537687e+04 1.959393e+04
2.485140e+04 1.934844e+04
2.432572e+04 1.872230e+04
2.381103e+04 1.855620e+04
2.331046e+04 1.753682e+04
2.288465e+04 1.734640e+04
2.240520e+04 1.664903e+04
2.192006e+04 1.658876e+04
2.153491e+04 1.605752e+04
2.109901e+04 1.574031e+04
2.066481e+04 1.517171e+04
2.026817e+04 1.499495e+04
1.984590e+04 1.477282e+04
1.947083e+04 1.463459e+04
1.907890e+04 1.442923e+04
1.871068e+04 1.365355e+04
1.832433e+04 1.295139e+04
1.802065e+04 1.295139e+04
1.760422e+04 1.287767e+04
1.723757e+04 1.280073e+04
1.686143e+04 1.258167e+04
1.651878e+04 1.247855e+04
1.616107e+04 1.229875e+04
1.582285e+04 1.207559e+04
1.550680e+04 1.167294e+04
1.517305e+04 1.139656e+04
1.482737e+04 1.100764e+04
1.449710e+04 1.093653e+04
1.416068e+04 1.075554e+04
1.381306e+04 1.058298e+04
1.351700e+04 1.056991e+04
1.316319e+04 1.028309e+04
1.284261e+04 9.560186e+03
1.254991e+04 9.344308e+03
1.222758e+04 8.990008e+03
1.193150e+04 8.934682e+03
1.160258e+04 8.924263e+03
1.129091e+04 8.816613e+03
1.099258e+04 8.457837e+03
1.067753e+04 8.454937e+03
1.037760e+04 8.014914e+03
1.009693e+04 7.919892e+03
9.781507e+03 7.745252e+03
9.478104e+03 7.713270e+03
9.151201e+03 7.682352e+03
8.855982e+03 7.232743e+03
8.578225e+03 7.117613e+03
8.274853e+03 6.953417e+03
7.974754e+03 6.669782e+03
7.655059e+03 6.112299e+03
7.370376e+03 6.012631e+03
7.056345e+03 5.854800e+03
6.762793e+03 5.658955e+03
6.434678e+03 5.228066e+03
6.105311e+03 4.807632e+03
5.785423e+03 4.774744e+03
5.493257e+03 4.754540e+03
5.196851e+03 4.607960e+03
4.870258e+03 4.172860e+03
4.514801e+03 3.802208e+03
4.172412e+03 3.453973e+03
3.842440e+03 3.223934e+03
3.511996e+03 2.968373e+03
3.146410e+03 2.592125e+03
2.780744e+03 2.087585e+03
2.451641e+03 1.912280e+03
2.131040e+03 1.536038e+03
1.804974e+03 1.198668e+03
1.676938e+03 1.103369e+03
1.280680e+03 9.314511e+02
1.031989e+03 6.967966e+02
1.350648e+03 5.964744e+02
1.179429e+03 3.629769e+02
1.375734e+03 2.163998e+02
4.598606e+02 1.176636e+02
2.660935e+01 2.660011e+01
4.005223e+04 3.350364e+04
3.651703e+04 3.181312e+04
3.491333e+04 3.023499e+04
3.415931e+04 2.786573e+04
3.364715e+04 2.692301e+04
3.340693e+04 2.692301e+04
3.327951e+04 2.692301e+04
3.282148e+04 2.692301e+04
3.261805e+04 2.644694e+04
3.228247e+04 2.530959e+04
3.184259e+04 2.526435e+04
3.130744e+04 2.526435e+04
3.115563e+04 2.397237e+04
3.081660e+04 2.390734e+04
3.026808e+04 2.299011e+04
2.990839e+04 2.299011e+04
2.978395e+04 2.228994e+04
2.929205e+04 2.221781e+04
2.891404e+04 2.188203e+04
2.840035e+04 2.168311e+04
2.803185e+04 2.150420e+04
2.741937e+04 2.105114e+04
2.682873e+04 2.065844e+04
2.618611e+04 2.045749e+04
2.569195e+04 1.967627e+04
2.511639e+04 1.911350e+04
2.457336e+04 1.773958e+04
2.415051e+04 1.773958e+04
2.362172e+04 1.743218e+04
2.313781e+04 1.732940e+04
2.264512e+04 1.677079e+04
2.217902e+04 1.674630e+04
2.176892e+04 1.651856e+04
2.133491e+04 1.590883e+04
2.093783e+04 1.568737e+04
2.051540e+04 1.545770e+04
2.009565e+04 1.514472e+04
1.968607e+04 1.481067e+04
1.935502e+04 1.481067e+04
1.900150e+04 1.478018e+04
1.857601e+04 1.468029e+04
1.819180e+04 1.444707e+04
1.781979e+04 1.388025e+04
1.743027e+04 1.377673e+04
1.710326e+04 1.377673e+04
1.675986e+04 1.339992e+04
1.640947e+04 1.317933e+04
1.613889e+04 1.278739e+04
1.580048e+04 1.266397e+04
1.543042e+04 1.199027e+04
1.511099e+04 1.169458e+04
1.480330e+04 1.145232e+04
1.446833e+04 1.145232e+04
1.414612e+04 1.116695e+04
1.383396e+04 1.108970e+04
1.350104e+04 1.033120e+04
1.318118e+04 1.012463e+04
1.286321e+04 1.001316e+04
1.256532e+04 9.945261e+03
1.224960e+04 9.871802e+03
1.193821e+04 9.681027e+03
1.163377e+04 9.281685e+03
1.133336e+04 9.279165e+03
1.102603e+04 9.041355e+03
1.073366e+04 8.938419e+03
1.043997e+04 8.773728e+03
1.013560e+04 8.651451e+03
9.860890e+03 8.058799e+03
9.559212e+03 7.884571e+03
9.254472e+03 7.863482e+03
8.941426e+03 7.427437e+03
8.623821e+03 7.406753e+03
8.337526e+03 7.070123e+03
8.020435e+03 6.712822e+03
7.740174e+03 6.515067e+03
7.443061e+03 6.426736e+03
7.139335e+03 6.083669e+03
6.822538e+03 6.039592e+03
6.495706e+03 5.777506e+03
6.207829e+03 5.350539e+03
5.898435e+03 5.168846e+03
5.581274e+03 4.957191e+03
5.257253e+03 4.173196e+03
4.910558e+03 4.138813e+03
4.594826e+03 3.788438e+03
4.268347e+03 3.548676e+03
3.934229e+03 3.343984e+03
3.619739e+03 3.099061e+03
3.264744e+03 2.813226e+03
2.897155e+03 2.348563e+03
2.556810e+03 1.936010e+03
2.256638e+03 1.850407e+03
1.927392e+03 1.493205e+03
1.626588e+03 1.278325e+03
1.335461e+03 9.928367e+02
1.033170e+03 7.598738e+02
1.077928e+03 5.815452e+02
1.354793e+03 4.212231e+02
1.009324e+03 3.485456e+02
3.790643e+03 2.555013e+02
6.607782e+01 6.606201e+01
3.997751e+04 3.327154e+04
3.630900e+04 3.045045e+04
3.503291e+04 3.043554e+04
3.467740e+04 2.856740e+04
3.466238e+04 2.856740e+04
3.428003e+04 2.806001e+04
3.398503e+04 2.734499e+04
3.380053e+04 2.734499e+04
3.369852e+04 2.646524e+04
3.336039e+04 2.592316e+04
3.298541e+04 2.590361e+04
3.254899e+04 2.534510e+04
3.252559e+04 2.507551e+04
3.230117e+04 2.464377e+04
3.168374e+04 2.436473e+04
3.136776e+04 2.221580e+04
3.081926e+04 2.210713e+04
3.041463e+04 2.210713e+04
3.003010e+04 2.210713e+04
2.971689e+04 2.119522e+04
2.909154e+04 2.044501e+04
2.843264e+04 2.044501e+04
2.779695e+04 2.025372e+04
2.726543e+04 1.979695e+04
2.673213e+04 1.955153e+04
2.615441e+04 1.889031e+04
2.558441e+04 1.860739e+04
2.501188e+04 1.852362e+04
2.446505e+04 1.818434e+04
2.398291e+04 1.757986e+04
2.351507e+04 1.751301e+04
2.302729e+04 1.687124e+04
2.254536e+04 1.655955e+04
2.215099e+04 1.655955e+04
2.170427e+04 1.600385e+04
2.124034e+04 1.557476e+04
2.083118e+04 1.557476e+04
2.041666e+04 1.533428e+04
2.000839e+04 1.516193e+04
1.962056e+04 1.502304e+04
1.922202e+04 1.502304e+04
1.880813e+04 1.440775e+04
1.842799e+04 1.364590e+04
1.807520e+04 1.339182e+04
1.769314e+04 1.286765e+04
1.736825e+04 1.272834e+04
1.700070e+04 1.263022e+04
1.661849e+04 1.226107e+04
1.626127e+04 1.208986e+04
1.588863e+04 1.208986e+04
1.556005e+04 1.208986e+04
1.523329e+04 1.193981e+04
1.491354e+04 1.158964e+04
1.460434e+04 1.128220e+04
1.426983e+04 1.123928e+04
1.395488e+04 1.116059e+04
1.364997e+04 1.076421e+04
1.333769e+04 1.043602e+04
1.303510e+04 1.006733e+04
1.272319e+04 9.796767e+03
1.238941e+04 9.663363e+03
1.208224e+04 9.569822e+03
1.179359e+04 9.569822e+03
1.147117e+04 9.386133e+03
1.116663e+04 9.289002e+03
1.084802e+04 9.021089e+03
1.054285e+04 8.623621e+03
1.025585e+04 8.623621e+03
9.942122e+03 8.554788e+03
9.624746e+03 8.371009e+03
9.304714e+03 7.934202e+03
8.984851e+03 7.836439e+03
8.675607e+03 7.094270e+03
8.351184e+03 6.814208e+03
8.026457e+03 6.414429e+03
7.684954e+03 6.345688e+03
7.374947e+03 5.939813e+03
7.039983e+03 5.900990e+03
6.701879e+03 5.750316e+03
6.362933e+03 5.486930e+03
6.061246e+03 5.309584e+03
5.700561e+03 4.860201e+03
5.349231e+03 4.679115e+03
5.018119e+03 4.114022e+03
4.675762e+03 3.928295e+03
4.364054e+03 3.613216e+03
4.015995e+03 3.360538e+03
3.649244e+03 2.996650e+03
3.290581e+03 2.751159e+03
2.945545e+03 2.301160e+03
2.599185e+03 2.041546e+03
2.266169e+03 1.911485e+03
1.952613e+03 1.601670e+03
1.594644e+03 1.361721e+03
1.316542e+03 1.126532e+03
1.014140e+03 8.434734e+02
1.182519e+03 5.920680e+02
8.972519e+02 4.417028e+02
7.205849e+02 2.572288e+02
2.735697e+02 1.265147e+02
3.235086e+01 3.235030e+01
4.004743e+04 3.370961e+04
3.636522e+04 3.079819e+04
3.493684e+04 2.996901e+04
3.466184e+04 2.906334e+04
3.455342e+04 2.850285e+04
3.416181e+04 2.797048e+04
3.386102e+04 2.757814e+04
3.368527e+04 2.590013e+04
3.348547e+04 2.585085e+04
3.300491e+04 2.560020e+04
3.270900e+04 2.456282e+04
3.245641e+04 2.357890e+04
3.204145e+04 2.339684e+04
3.181088e+04 2.326239e+04
3.145644e+04 2.201219e+04
3.101426e+04 2.197065e+04
3.079641e+04 2.195897e+04
3.016757e+04 2.120206e+04
2.987795e+04 2.119868e+04
2.926804e+04 2.118407e+04
2.887830e+04 2.058386e+04
2.820501e+04 1.979528e+04
2.758756e+04 1.941722e+04
2.694703e+04 1.877965e+04
2.632083e+04 1.874182e+04
2.576847e+04 1.856107e+04
2.522838e+04 1.784310e+04
2.463765e+04 1.784310e+04
2.409649e+04 1.738946e+04
2.359790e+04 1.727139e+04
2.311394e+04 1.699030e+04
2.262563e+04 1.649769e+04
2.218710e+04 1.604480e+04
2.170412e+04 1.548521e+04
2.123608e+04 1.516312e+04
2.080439e+04 1.459162e+04
2.037460e+04 1.459162e+04
1.997947e+04 1.441230e+04
1.956323e+04 1.426838e+04
1.917385e+04 1.423182e+04
1.878515e+04 1.383403e+04
1.839062e+04 1.349062e+04
1.801102e+04 1.321310e+04
1.769251e+04 1.320133e+04
1.730757e+04 1.312415e+04
1.694061e+04 1.309647e+04
1.658252e+04 1.234174e+04
1.626803e+04 1.169584e+04
1.595486e+04 1.156411e+04
1.557183e+04 1.094118e+04
1.525594e+04 1.083395e+04
1.494077e+04 1.071141e+04
1.457956e+04 1.037154e+04
1.426100e+04 1.031904e+04
1.393806e+04 1.031904e+04
1.361343e+04 9.986009e+03
1.330500e+04 9.903430e+03
1.296623e+04 9.875089e+03
1.263541e+04 9.639000e+03
1.233240e+04 9.386376e+03
1.201414e+04 9.061193e+03
1.169848e+04 8.949105e+03
1.140142e+04 8.873439e+03
1.109961e+04 8.317281e+03
1.080114e+04 8.314042e+03
1.046566e+04 8.235633e+03
1.016611e+04 8.154778e+03
9.870310e+03 7.895075e+03
9.556586e+03 7.481301e+03
9.263194e+03 7.459021e+03
8.963834e+03 7.120873e+03
8.662540e+03 6.843782e+03
8.360328e+03 6.839789e+03
8.032369e+03 6.641474e+03
7.727556e+03 6.594712e+03
7.422713e+03 6.249864e+03
7.081420e+03 6.021384e+03
6.773608e+03 5.980751e+03
6.454597e+03 5.385637e+03
6.133452e+03 5.122543e+03
5.809159e+03 4.701203e+03
5.499004e+03 4.557265e+03
5.203833e+03 4.306454e+03
4.884560e+03 4.242292e+03
4.572936e+03 3.914498e+03
4.256086e+03 3.634242e+03
3.900570e+03 3.139420e+03
3.584684e+03 2.662368e+03
3.247653e+03 2.592466e+03
2.906734e+03 2.346985e+03
2.554545e+03 1.786463e+03
2.212368e+03 1.558381e+03
1.870231e+03 1.527308e+03
1.551099e+03 1.271496e+03
1.243968e+03 9.319304e+02
1.016446e+03 7.032623e+02
1.095413e+03 5.908326e+02
5.531797e+02 3.417992e+02
1.602874e+03 1.881597e+02
2.440827e+02 1.199596e+02
2.770048e+01 2.765991e+01
4.000108e+04 3.373838e+04
3.667492e+04 3.186133e+04
3.499418e+04 3.077023e+04
3.407815e+04 3.011263e+04
3.349017e+04 2.943968e+04
3.335349e+04 2.810254e+04
3.290985e+04 2.781258e+04
3.271770e+04 2.733428e+04
3.254669e+04 2.632675e+04
3.221032e+04 2.607673e+04
3.185581e+04 2.532674e+04
3.157909e+04 2.512291e+04
3.139294e+04 2.451512e+04
3.121430e+04 2.423738e+04
3.051650e+04 2.390778e+04
3.017618e+04 2.390778e+04
2.977505e+04 2.375652e+04
2.908019e+04 2.339123e+04
2.862902e+04 2.314597e+04
2.823414e+04 2.226900e+04
2.766742e+04 2.167051e+04
2.711661e+04 2.091828e+04
2.661183e+04 2.028477e+04
2.606587e+04 1.919454e+04
2.555105e+04 1.919454e+04
2.524408e+04 1.848749e+04
2.482731e+04 1.803996e+04
2.433528e+04 1.772841e+04
2.380482e+04 1.751572e+04
2.327952e+04 1.711093e+04
2.278174e+04 1.706437e+04
2.232913e+04 1.694369e+04
2.189925e+04 1.586559e+04
2.146164e+04 1.566385e+04
2.107186e+04 1.544000e+04
2.066178e+04 1.486518e+04
2.025220e+04 1.477480e+04
1.983759e+04 1.477480e+04
1.944576e+04 1.458713e+04
1.909268e+04 1.433710e+04
1.875455e+04 1.414092e+04
1.836309e+04 1.376015e+04
1.799204e+04 1.353242e+04
1.760017e+04 1.313190e+04
1.723420e+04 1.308837e+04
1.688146e+04 1.289371e+04
1.651506e+04 1.246561e+04
1.618216e+04 1.236373e+04
1.582924e+04 1.211771e+04
1.547996e+04 1.160646e+04
1.510962e+04 1.160646e+04
1.481229e+04 1.144220e+04
1.446866e+04 1.141569e+04
1.414163e+04 1.130627e+04
1.383926e+04 1.095332e+04
1.348846e+04 1.070814e+04
1.321971e+04 1.043807e+04
1.289325e+04 1.039229e+04
1.257974e+04 8.956503e+03
1.229012e+04 8.917060e+03
1.199173e+04 8.878401e+03
1.167932e+04 8.853647e+03
1.137289e+04 8.853647e+03
1.107097e+04 8.760536e+03
1.076329e+04 8.703426e+03
1.043677e+04 8.541055e+03
1.014637e+04 8.503753e+03
9.870452e+03 8.436709e+03
9.586431e+03 8.243920e+03
9.288929e+03 7.870980e+03
8.999185e+03 7.516389e+03
8.667060e+03 7.281338e+03
8.336829e+03 7.117002e+03
8.042271e+03 6.801921e+03
7.736691e+03 6.591839e+03
7.422828e+03 6.345999e+03
7.095742e+03 6.118644e+03
6.788235e+03 5.796171e+03
6.501807e+03 5.297730e+03
6.168225e+03 5.233929e+03
5.867858e+03 5.145001e+03
5.558747e+03 4.802226e+03
5.238403e+03 4.344630e+03
4.916285e+03 4.188378e+03
4.612847e+03 3.967112e+03
4.298858e+03 3.696287e+03
3.962157e+03 3.148681e+03
3.597287e+03 2.859944e+03
3.251401e+03 2.625436e+03
2.938802e+03 2.486360e+03
2.591216e+03 1.981117e+03
2.270426e+03 1.952700e+03
1.948123e+03 1.469680e+03
1.618131e+03 1.317258e+03
1.344902e+03 1.095149e+03
1.032503e+03 7.843596e+02
1.154060e+03 4.842408e+02
1.243864e+03 4.110843e+02
1.206634e+03 2.942903e+02
1.417395e+02 1.152754e+02
3.637625e+01 3.637597e+01
3.996984e+04 3.320802e+04
3.627831e+04 3.044051e+04
3.530596e+04 3.003674e+04
3.503874e+04 2.992843e+04
3.466354e+04 2.850368e+04
3.459337e+04 2.841154e+04
3.426790e+04 2.841154e+04
3.405192e+04 2.780759e+04
3.370702e+04 2.662706e+04
3.346328e+04 2.662706e+04
3.310913e+04 2.598303e+04
3.261693e+04 2.598303e+04
3.261750e+04 2.575521e+04
3.209016e+04 2.501565e+04
3.173251e+04 2.354330e+04
3.123215e+04 2.281421e+04
3.106765e+04 2.218556e+04
3.067244e+04 2.218556e+04
3.021090e+04 2.162745e+04
2.979846e+04 2.068229e+04
2.945034e+04 1.953549e+04
2.886059e+04 1.894032e+04
2.835114e+04 1.831633e+04
2.780449e+04 1.831633e+04
2.708610e+04 1.817610e+04
2.648932e+04 1.800405e+04
2.588291e+04 1.754379e+04
2.527377e+04 1.688573e+04
2.472070e+04 1.688573e+04
2.413704e+04 1.628042e+04
2.361317e+04 1.523022e+04
2.314430e+04 1.523020e+04
2.262046e+04 1.497777e+04
2.216575e+04 1.470738e+04
2.168128e+04 1.461044e+04
2.122056e+04 1.421888e+04
2.075600e+04 1.417486e+04
2.032728e+04 1.417486e+04
1.990193e+04 1.395511e+04
1.950401e+04 1.382268e+04
1.911594e+04 1.382268e+04
1.872963e+04 1.382268e+04
1.833570e+04 1.350157e+04
1.793332e+04 1.325368e+04
1.756456e+04 1.323302e+04
1.717293e+04 1.301491e+04
1.681960e+04 1.285596e+04
1.645943e+04 1.250301e+04
1.609737e+04 1.228717e+04
1.573899e+04 1.212836e+04
1.539538e+04 1.186829e+04
1.506925e+04 1.186829e+04
1.473278e+04 1.170741e+04
1.441226e+04 1.144283e+04
1.407964e+04 1.132735e+04
1.376952e+04 1.093307e+04
1.343138e+04 1.057044e+04
1.310890e+04 1.024037e+04
1.277785e+04 1.021059e+04
1.245427e+04 1.015662e+04
1.215064e+04 9.704334e+03
1.181806e+04 9.240913e+03
1.150614e+04 9.205821e+03
1.118066e+04 9.205821e+03
1.085968e+04 9.097866e+03
1.056791e+04 8.716686e+03
1.027367e+04 8.455671e+03
9.948255e+03 8.350476e+03
9.637851e+03 8.149927e+03
9.320567e+03 7.937222e+03
9.019946e+03 7.846163e+03
8.719042e+03 7.727824e+03
8.417183e+03 7.417037e+03
8.112868e+03 7.257641e+03
7.788898e+03 6.768954e+03
7.464455e+03 6.584344e+03
7.156795e+03 6.248288e+03
6.834953e+03 6.014110e+03
6.557764e+03 5.529204e+03
6.200813e+03 5.246664e+03
5.903923e+03 5.022207e+03
5.605439e+03 4.856689e+03
5.291580e+03 4.391398e+03
4.973765e+03 3.623663e+03
4.651102e+03 3.461383e+03
4.337170e+03 3.411754e+03
4.010594e+03 3.190512e+03
3.689677e+03 3.009790e+03
3.321602e+03 2.649753e+03
2.989142e+03 2.471201e+03
2.660580e+03 2.202117e+03
2.299352e+03 1.911104e+03
1.986234e+03 1.676122e+03
1.639690e+03 1.324254e+03
1.295075e+03 9.996652e+02
1.013051e+03 7.003069e+02
1.254580e+03 6.392040e+02
1.594718e+03 4.985416e+02
2.103365e+03 3.368860e+02
1.939954e+03 2.062843e+02
6.150768e+01 6.150085e+01
4.007938e+04 3.375667e+04
3.633978e+04 3.164855e+04
3.526712e+04 3.067620e+04
3.506791e+04 3.053781e+04
3.508880e+04 3.009018e+04
3.477176e+04 2.954322e+04
3.461109e+04 2.940642e+04
3.417958e+04 2.876799e+04
3.404294e+04 2.710749e+04
3.363227e+04 2.710030e+04
3.328086e+04 2.689792e+04
3.295452e+04 2.677246e+04
3.272485e+04 2.642761e+04
3.228608e+04 2.606344e+04
3.207122e+04 2.503991e+04
3.168581e+04 2.314322e+04
3.095302e+04 2.285322e+04
3.033797e+04 2.192629e+04
3.012853e+04 2.145851e+04
2.947003e+04 2.076062e+04
2.896114e+04 2.039801e+04
2.837104e+04 2.025890e+04
2.792776e+04 1.995325e+04
2.719559e+04 1.932810e+04
2.658134e+04 1.905791e+04
2.599984e+04 1.868467e+04
2.541337e+04 1.791475e+04
2.480831e+04 1.791475e+04
2.424341e+04 1.735909e+04
2.371693e+04 1.705787e+04
2.317887e+04 1.688146e+04
2.266674e+04 1.664817e+04
2.222412e+04 1.592624e+04
2.176886e+04 1.591460e+04
2.129848e+04 1.559609e+04
2.084186e+04 1.534355e+04
2.041593e+04 1.530535e+04
1.998390e+04 1.515099e+04
1.956908e+04 1.443543e+04
1.916185e+04 1.396777e+04
1.881753e+04 1.329923e+04
1.841609e+04 1.329923e+04
1.803493e+04 1.329848e+04
1.766708e+04 1.319717e+04
1.729260e+04 1.311318e+04
1.692071e+04 1.280794e+04
1.654704e+04 1.260147e+04
1.620203e+04 1.250692e+04
1.584407e+04 1.199555e+04
1.550084e+04 1.170526e+04
1.517152e+04 1.144403e+04
1.485490e+04 1.090431e+04
1.452850e+04 1.060202e+04
1.419296e+04 1.040679e+04
1.384942e+04 1.040679e+04
1.353644e+04 1.040679e+04
1.321653e+04 9.937439e+03
1.291568e+04 9.844426e+03
1.269053e+04 9.776803e+03
1.231510e+04 9.309819e+03
1.201893e+04 9.309819e+03
1.171574e+04 9.191765e+03
1.140566e+04 8.473766e+03
1.108551e+04 8.473766e+03
1.077574e+04 8.473766e+03
1.048037e+04 8.473766e+03
1.020972e+04 8.144423e+03
9.922720e+03 8.115627e+03
9.626523e+03 8.115627e+03
9.315090e+03 7.897288e+03
9.007542e+03 7.477838e+03
8.682448e+03 7.429186e+03
8.401059e+03 7.331556e+03
8.104318e+03 6.921115e+03
7.795381e+03 6.625092e+03
7.499651e+03 6.360761e+03
7.187552e+03 6.232935e+03
6.885981e+03 5.747955e+03
6.572048e+03 5.326543e+03
6.256582e+03 5.107913e+03
5.925828e+03 4.762063e+03
5.609579e+03 4.687661e+03
5.284323e+03 4.555918e+03
4.963008e+03 4.292854e+03
4.625643e+03 3.919511e+03
4.297376e+03 3.440031e+03
3.948319e+03 3.190071e+03
3.618073e+03 2.980610e+03
3.269408e+03 2.626605e+03
2.959438e+03 2.433537e+03
2.593509e+03 2.176907e+03
2.237211e+03 1.675950e+03
1.916673e+03 1.423300e+03
1.603978e+03 1.295592e+03
1.381998e+03 1.074017e+03
1.032943e+03 7.696014e+02
9.422244e+02 4.758029e+02
8.527414e+02 4.110433e+02
8.883188e+02 3.043218e+02
4.064469e+02 1.277576e+02
2.722574e+01 2.722050e+01
3.993819e+04 3.356084e+04
3.630142e+04 3.175768e+04
3.485177e+04 3.041156e+04
3.432395e+04 2.954467e+04
3.407445e+04 2.836826e+04
3.393988e+04 2.816169e+04
3.357004e+04 2.799739e+04
3.330961e+04 2.762117e+04
3.305555e+04 2.718193e+04
3.280377e+04 2.706857e+04
3.262180e+04 2.536308e+04
3.220781e+04 2.488806e+04
3.183228e+04 2.393490e+04
3.150119e+04 2.365711e+04
3.106866e+04 2.307498e+04
3.056863e+04 2.304254e+04
3.006458e+04 2.276692e+04
2.963753e+04 2.227237e+04
2.899035e+04 2.170996e+04
2.840448e+04 2.170996e+04
2.783443e+04 2.066295e+04
2.730520e+04 2.048975e+04
2.674431e+04 2.014436e+04
2.617873e+04 1.841832e+04
2.560533e+04 1.773098e+04
2.506557e+04 1.721570e+04
2.450304e+04 1.685944e+04
2.401275e+04 1.618003e+04
2.360134e+04 1.618003e+04
2.312137e+04 1.618003e+04
2.263284e+04 1.601313e+04
2.224819e+04 1.601313e+04
2.175832e+04 1.568910e+04
2.135422e+04 1.513396e+04
2.092163e+04 1.475244e+04
2.051465e+04 1.465989e+04
2.009930e+04 1.398460e+04
1.970196e+04 1.395582e+04
1.932448e+04 1.366576e+04
1.896612e+04 1.314286e+04
1.859324e+04 1.299834e+04
1.834180e+04 1.288567e+04
1.788024e+04 1.282975e+04
1.749899e+04 1.222007e+04
1.715211e+04 1.220119e+04
1.681992e+04 1.214710e+04
1.645617e+04 1.214710e+04
1.611553e+04 1.214710e+04
1.574957e+04 1.195059e+04
1.540918e+04 1.157732e+04
1.506589e+04 1.128313e+04
1.474925e+04 1.119940e+04
1.442545e+04 1.119940e+04
1.409787e+04 1.119940e+04
1.377953e+04 1.096816e+04
1.345034e+04 1.027941e+04
1.316160e+04 1.008193e+04
1.290421e+04 9.901662e+03
1.257427e+04 9.657666e+03
1.226722e+04 9.431785e+03
1.195729e+04 9.382591e+03
1.164353e+04 9.170989e+03
1.132803e+04 9.139988e+03
1.103118e+04 8.816851e+03
1.073250e+04 8.658209e+03
1.042305e+04 8.390184e+03
1.013473e+04 8.294556e+03
9.829106e+03 7.860413e+03
9.531750e+03 7.860413e+03
9.230752e+03 7.554149e+03
8.922224e+03 7.305432e+03
8.649196e+03 7.037490e+03
8.326694e+03 6.954321e+03
8.037452e+03 6.638451e+03
7.767988e+03 6.419257e+03
7.480318e+03 6.378064e+03
7.189517e+03 6.123264e+03
6.887073e+03 5.949552e+03
6.599374e+03 5.798865e+03
6.297882e+03 5.386363e+03
5.977187e+03 5.196689e+03
5.663189e+03 5.099518e+03
5.332500e+03 4.350459e+03
5.008011e+03 4.184271e+03
4.662023e+03 4.006451e+03
4.332597e+03 3.579152e+03
3.955042e+03 3.378378e+03
3.605455e+03 3.117278e+03
3.239834e+03 2.831372e+03
2.902099e+03 2.412592e+03
2.571616e+03 2.225572e+03
2.263707e+03 1.797297e+03
1.942328e+03 1.617140e+03
1.597144e+03 1.162754e+03
1.283180e+03 9.275468e+02
1.016968e+03 7.487789e+02
1.197293e+03 6.224582e+02
1.395035e+03 3.543335e+02
1.210640e+03 2.898328e+02
1.157219e+03 1.645398e+02
4.907837e+01 4.907836e+01
4.005367e+04 3.474770e+04
3.629947e+04 3.198436e+04
3.526444e+04 3.013807e+04
3.478115e+04 3.013807e+04
3.477238e+04 2.881369e+04
3.451253e+04 2.870454e+04
3.442951e+04 2.767447e+04
3.409306e+04 2.721910e+04
3.398411e+04 2.721910e+04
3.360276e+04 2.691846e+04
3.323420e+04 2.664895e+04
3.314755e+04 2.586795e+04
3.272360e+04 2.529535e+04
3.203855e+04 2.471457e+04
3.191515e+04 2.394904e+04
3.133425e+04 2.350347e+04
3.098391e+04 2.258156e+04
3.037621e+04 2.064405e+04
2.978795e+04 2.064405e+04
2.912911e+04 2.012863e+04
2.850930e+04 1.989400e+04
2.797532e+04 1.883596e+04
2.759445e+04 1.838316e+04
2.705107e+04 1.838082e+04
2.652116e+04 1.838082e+04
2.587576e+04 1.791320e+04
2.524763e+04 1.786283e+04
2.468516e+04 1.760783e+04
2.410810e+04 1.711825e+04
2.355037e+04 1.650754e+04
2.304857e+04 1.633189e+04
2.253426e+04 1.615054e+04
2.204143e+04 1.599036e+04
2.156169e+04 1.541891e+04
2.109943e+04 1.496594e+04
2.065640e+04 1.439507e+04
2.025470e+04 1.434839e+04
1.983154e+04 1.421015e+04
1.938047e+04 1.386632e+04
1.900759e+04 1.360999e+04
1.859593e+04 1.324955e+04
1.818896e+04 1.302789e+04
1.783675e+04 1.246572e+04
1.744779e+04 1.246572e+04
1.707292e+04 1.217957e+04
1.670306e+04 1.217957e+04
1.632993e+04 1.197484e+04
1.595546e+04 1.121377e+04
1.558820e+04 1.085558e+04
1.525748e+04 1.061935e+04
1.490057e+04 1.044767e+04
1.455830e+04 1.044767e+04
1.421668e+04 1.023178e+04
1.390994e+04 9.756453e+03
1.356660e+04 9.359131e+03
1.325073e+04 9.322108e+03
1.291932e+04 9.238613e+03
1.261146e+04 9.238613e+03
1.230124e+04 8.850558e+03
1.200165e+04 8.685681e+03
1.170793e+04 8.683967e+03
1.139946e+04 8.630083e+03
1.109567e+04 8.630083e+03
1.077736e+04 8.571944e+03
1.048040e+04 8.388132e+03
1.018850e+04 8.388132e+03
9.886362e+03 8.032420e+03
9.574619e+03 7.886523e+03
9.252623e+03 7.549698e+03
8.953118e+03 7.206806e+03
8.648407e+03 7.203865e+03
8.341556e+03 7.186581e+03
8.022208e+03 6.965033e+03
7.734470e+03 6.673727e+03
7.421422e+03 6.306678e+03
7.133499e+03 6.077207e+03
6.838459e+03 5.575712e+03
6.553508e+03 5.509415e+03
6.249357e+03 5.400959e+03
5.928911e+03 5.049854e+03
5.611223e+03 4.951177e+03
5.313600e+03 4.756499e+03
4.998601e+03 4.091125e+03
4.684125e+03 4.025858e+03
4.320790e+03 3.515327e+03
4.004760e+03 3.424983e+03
3.664857e+03 3.045538e+03
3.326975e+03 2.790981e+03
2.961600e+03 2.260029e+03
2.641315e+03 2.056522e+03
2.292663e+03 1.887905e+03
1.973246e+03 1.600653e+03
1.689934e+03 1.348171e+03
1.389843e+03 1.164843e+03
1.099070e+03 7.602586e+02
8.292175e+02 5.705853e+02
7.699813e+02 4.372675e+02
1.128743e+03 3.230520e+02
3.224505e+02 2.013092e+02
4.259856e+02 8.725266e+01
1.591268e+01 1.585600e+01
4.001343e+04 3.333732e+04
3.703235e+04 3.024468e+04
3.525486e+04 3.007097e+04
3.407778e+04 2.838939e+04
3.333553e+04 2.792864e+04
3.290325e+04 2.730015e+04
3.277500e+04 2.646975e+04
3.257471e+04 2.581574e+04
3.224863e+04 2.581574e+04
3.195902e+04 2.493995e+04
3.160026e+04 2.482071e+04
3.142521e+04 2.482071e+04
3.141746e+04 2.384374e+04
3.086410e+04 2.329546e+04
3.061143e+04 2.329546e+04
3.028858e+04 2.150831e+04
2.996956e+04 2.147047e+04
2.958620e+04 2.145702e+04
2.909952e+04 2.117748e+04
2.861623e+04 2.047654e+04
2.815180e+04 2.047177e+04
2.778333e+04 2.035230e+04
2.715610e+04 2.035230e+04
2.656764e+04 2.005061e+04
2.588943e+04 1.967603e+04
2.537830e+04 1.946894e+04
2.479291e+04 1.918647e+04
2.428484e+04 1.884598e+04
2.382586e+04 1.847223e+04
2.327349e+04 1.729955e+04
2.279807e+04 1.705627e+04
2.234153e+04 1.648568e+04
2.186171e+04 1.612787e+04
2.143680e+04 1.604985e+04
2.096658e+04 1.598360e+04
2.055300e+04 1.591330e+04
2.013358e+04 1.537295e+04
1.976146e+04 1.530439e+04
1.934331e+04 1.527589e+04
1.891056e+04 1.384126e+04
1.856004e+04 1.367100e+04
1.816007e+04 1.360004e+04
1.780131e+04 1.360004e+04
1.741867e+04 1.323480e+04
1.706281e+04 1.265181e+04
1.669794e+04 1.232487e+04
1.637380e+04 1.187377e+04
1.600128e+04 1.073829e+04
1.563880e+04 1.073829e+04
1.532007e+04 1.073829e+04
1.500523e+04 1.060606e+04
1.467486e+04 1.058885e+04
1.436284e+04 1.057341e+04
1.405063e+04 1.055097e+04
1.371370e+04 1.036403e+04
1.339287e+04 1.036403e+04
1.306167e+04 1.021399e+04
1.275424e+04 9.453283e+03
1.245966e+04 9.453283e+03
1.215737e+04 9.410872e+03
1.182903e+04 9.208776e+03
1.154238e+04 8.830481e+03
1.126425e+04 8.628592e+03
1.094842e+04 8.382073e+03
1.065888e+04 8.128373e+03
1.035979e+04 7.950974e+03
1.006727e+04 7.903156e+03
9.781731e+03 7.751381e+03
9.471411e+03 7.751381e+03
9.161155e+03 7.707314e+03
8.856745e+03 7.461972e+03
8.538096e+03 7.242676e+03
8.236779e+03 7.100468e+03
7.935427e+03 6.737948e+03
7.626718e+03 6.359283e+03
7.340932e+03 6.171699e+03
7.034192e+03 5.864806e+03
6.741797e+03 5.863495e+03
6.436259e+03 5.660465e+03
6.128792e+03 5.312330e+03
5.836603e+03 5.062028e+03
5.492703e+03 4.729241e+03
5.169873e+03 4.433901e+03
4.854202e+03 4.200962e+03
4.507993e+03 3.814410e+03
4.156041e+03 3.510149e+03
3.827201e+03 3.066268e+03
3.471372e+03 2.882054e+03
3.171396e+03 2.683483e+03
2.831067e+03 2.324778e+03
2.513368e+03 2.037102e+03
2.165905e+03 1.706294e+03
1.821823e+03 1.398691e+03
1.503208e+03 1.222394e+03
1.219309e+03 9.232070e+02
1.256080e+03 6.900474e+02
1.595507e+03 6.314253e+02
2.152896e+03 5.021334e+02
5.420237e+02 3.134207e+02
2.516274e+02 1.754028e+02
3.692439e+01 3.643042e+01
4.016013e+04 3.429343e+04
3.674739e+04 3.198799e+04
3.497122e+04 3.036154e+04
3.394977e+04 2.906869e+04
3.345273e+04 2.842804e+04
3.324316e+04 2.792997e+04
3.306332e+04 2.652264e+04
3.280889e+04 2.611580e+04
3.240774e+04 2.476476e+04
3.219486e+04 2.409489e+04
3.169964e+04 2.409489e+04
3.160588e+04 2.409489e+04
3.127031e+04 2.345832e+04
3.095908e+04 2.318186e+04
3.064403e+04 2.301857e+04
3.011458e+04 2.277861e+04
2.977215e+04 2.237887e+04
2.931970e+04 2.066048e+04
2.869912e+04 2.042398e+04
2.805605e+04 2.037637e+04
2.761130e+04 2.022022e+04
2.699746e+04 2.008252e+04
2.654602e+04 1.965640e+04
2.621029e+04 1.904103e+04
2.566272e+04 1.902433e+04
2.509808e+04 1.854001e+04
2.452926e+04 1.798259e+04
2.404255e+04 1.797737e+04
2.350538e+04 1.788424e+04
2.304147e+04 1.745207e+04
2.260349e+04 1.703111e+04
2.221634e+04 1.645082e+04
2.172051e+04 1.605794e+04
2.126947e+04 1.602332e+04
2.081003e+04 1.587124e+04
2.042128e+04 1.562364e+04
2.001673e+04 1.514321e+04
1.960365e+04 1.480008e+04
1.920837e+04 1.460592e+04
1.883172e+04 1.460592e+04
1.845374e+04 1.445663e+04
1.809928e+04 1.444905e+04
1.769905e+04 1.405419e+04
1.732638e+04 1.360464e+04
1.700039e+04 1.360464e+04
1.663667e+04 1.322274e+04
1.631041e+04 1.266421e+04
1.594477e+04 1.237980e+04
1.560297e+04 1.233644e+04
1.528951e+04 1.195946e+04
1.494662e+04 1.157461e+04
1.461843e+04 1.157461e+04
1.430764e+04 1.149081e+04
1.397072e+04 1.131666e+04
1.364359e+04 1.121020e+04
1.332084e+04 1.102963e+04
1.304299e+04 1.084644e+04
1.275158e+04 1.057769e+04
1.245502e+04 1.022627e+04
1.213238e+04 1.022627e+04
1.180029e+04 1.017593e+04
1.150646e+04 1.003306e+04
1.120511e+04 9.754310e+03
1.091311e+04 9.599402e+03
1.061846e+04 9.161724e+03
1.033503e+04 8.874345e+03
1.004734e+04 8.782041e+03
9.753077e+03 8.553763e+03
9.446408e+03 8.348824e+03
9.172657e+03 7.861504e+03
8.871166e+03 7.724313e+03
8.548706e+03 7.516802e+03
8.262888e+03 6.891939e+03
7.985301e+03 6.891939e+03
7.680768e+03 6.613535e+03
7.393959e+03 6.484308e+03
7.068990e+03 6.170446e+03
6.756659e+03 5.661875e+03
6.432160e+03 5.625250e+03
6.129866e+03 4.760043e+03
5.789307e+03 4.754752e+03
5.490189e+03 4.133326e+03
5.179975e+03 3.959534e+03
4.856672e+03 3.514351e+03
4.498058e+03 3.024940e+03
4.134755e+03 3.004808e+03
3.791514e+03 2.926133e+03
3.450211e+03 2.869014e+03
3.106475e+03 2.509906e+03
2.810748e+03 2.184044e+03
2.450277e+03 1.767555e+03
2.143217e+03 1.694371e+03
1.791620e+03 1.389458e+03
1.505285e+03 1.165200e+03
1.213191e+03 9.861653e+02
9.646755e+02 7.513448e+02
6.380292e+02 4.542833e+02
9.177853e+02 3.395489e+02
4.063377e+02 1.882555e+02
1.210468e+03 1.560070e+02
3.358250e+01 3.357969e+01
4.002863e+04 3.407565e+04
3.639835e+04 3.132544e+04
3.493701e+04 2.934337e+04
3.421394e+04 2.934337e+04
3.414441e+04 2.832458e+04
3.391646e+04 2.832458e+04
3.354021e+04 2.608478e+04
3.332384e+04 2.608478e+04
3.311732e+04 2.583569e+04
3.260649e+04 2.542412e+04
3.243328e+04 2.481849e+04
3.220130e+04 2.460664e+04
3.177066e+04 2.360139e+04
3.148229e+04 2.358937e+04
3.112240e+04 2.358937e+04
3.069986e+04 2.294139e+04
3.048642e+04 2.237302e+04
2.996236e+04 2.210997e+04
2.942275e+04 2.210997e+04
2.875841e+04 2.183953e+04
2.828805e+04 2.151083e+04
2.768351e+04 2.109719e+04
2.713041e+04 2.035983e+04
2.650901e+04 2.012075e+04
2.589956e+04 1.925693e+04
2.539168e+04 1.867058e+04
2.486850e+04 1.851508e+04
2.438850e+04 1.839984e+04
2.384561e+04 1.804505e+04
2.329334e+04 1.778773e+04
2.279072e+04 1.751352e+04
2.236621e+04 1.724341e+04
2.191611e+04 1.701377e+04
2.148024e+04 1.627170e+04
2.103770e+04 1.569579e+04
2.060079e+04 1.542089e+04
2.019735e+04 1.502928e+04
1.979350e+04 1.467442e+04
1.937651e+04 1.461767e+04
1.900618e+04 1.413043e+04
1.858434e+04 1.390100e+04
1.820824e+04 1.349926e+04
1.784365e+04 1.340516e+04
1.756861e+04 1.313104e+04
1.715715e+04 1.306288e+04
1.681640e+04 1.306288e+04
1.649423e+04 1.266770e+04
1.614730e+04 1.255197e+04
1.584590e+04 1.251721e+04
1.553173e+04 1.217277e+04
1.519640e+04 1.185808e+04
1.488188e+04 1.152555e+04
1.454210e+04 1.113464e+04
1.420955e+04 1.113464e+04
1.388852e+04 1.077609e+04
1.357111e+04 1.077609e+04
1.325376e+04 1.042477e+04
1.296776e+04 1.039829e+04
1.264459e+04 1.006211e+04
1.235773e+04 1.000856e+04
1.203704e+04 9.821266e+03
1.172558e+04 9.526136e+03
1.142666e+04 9.364275e+03
1.113659e+04 9.229978e+03
1.084872e+04 9.068814e+03
1.055039e+04 8.749995e+03
1.026205e+04 8.548090e+03
9.973720e+03 8.272954e+03
9.668932e+03 8.272954e+03
9.367174e+03 7.881074e+03
9.070599e+03 7.696852e+03
8.766989e+03 7.634470e+03
8.466447e+03 7.492122e+03
8.172270e+03 7.038490e+03
7.855570e+03 6.856892e+03
7.535014e+03 6.538279e+03
7.180291e+03 6.094360e+03
6.865853e+03 5.791260e+03
6.561919e+03 5.467428e+03
6.220303e+03 5.234826e+03
5.889300e+03 5.108100e+03
5.549164e+03 4.820375e+03
5.211899e+03 4.538946e+03
4.866400e+03 4.085090e+03
4.553976e+03 3.898976e+03
4.235156e+03 3.494224e+03
3.931265e+03 3.206119e+03
3.602110e+03 3.003970e+03
3.261739e+03 2.769094e+03
2.927732e+03 2.411930e+03
2.600302e+03 2.148602e+03
2.241554e+03 1.711646e+03
1.887942e+03 1.381932e+03
1.575132e+03 1.348233e+03
1.268156e+03 9.861281e+02
9.942466e+02 7.686100e+02
7.891481e+02 5.160183e+02
9.550299e+02 3.608554e+02
5.180945e+02 2.511227e+02
2.932329e+02 8.904446e+01
2.048702e+01 2.047697e+01
4.010026e+04 3.410526e+04
3.679253e+04 3.185500e+04
3.497982e+04 3.086882e+04
3.395530e+04 2.907685e+04
3.354535e+04 2.879257e+04
3.333739e+04 2.822612e+04
3.312996e+04 2.716173e+04
3.290337e+04 2.616958e+04
3.259391e+04 2.616958e+04
3.245007e+04 2.616958e+04
3.218820e+04 2.534565e+04
3.163935e+04 2.453966e+04
3.121696e+04 2.434333e+04
3.096938e+04 2.434333e+04
3.063488e+04 2.352207e+04
3.013265e+04 2.218765e+04
2.989592e+04 2.195002e+04
2.948685e+04 2.195002e+04
2.898665e+04 2.195002e+04
2.849343e+04 2.158392e+04
2.804487e+04 2.150308e+04
2.738635e+04 2.117065e+04
2.685415e+04 2.000782e+04
2.627491e+04 1.968794e+04
2.585284e+04 1.954151e+04
2.533117e+04 1.954151e+04
2.482493e+04 1.918091e+04
2.439035e+04 1.884987e+04
2.390817e+04 1.880735e+04
2.339874e+04 1.858287e+04
2.291255e+04 1.832070e+04
2.242415e+04 1.777096e+04
2.193182e+04 1.751638e+04
2.146564e+04 1.696989e+04
2.104678e+04 1.645887e+04
2.063991e+04 1.642369e+04
2.025018e+04 1.565702e+04
1.988539e+04 1.546945e+04
1.949208e+04 1.529487e+04
1.911573e+04 1.462240e+04
1.872024e+04 1.429362e+04
1.834572e+04 1.410522e+04
1.796074e+04 1.408522e+04
1.757439e+04 1.408522e+04
1.723245e+04 1.408522e+04
1.687401e+04 1.378230e+04
1.652610e+04 1.321271e+04
1.616500e+04 1.307747e+04
1.584643e+04 1.277915e+04
1.552190e+04 1.235180e+04
1.518963e+04 1.234863e+04
1.487189e+04 1.187971e+04
1.453433e+04 1.160352e+04
1.420408e+04 1.155676e+04
1.388449e+04 1.152391e+04
1.358407e+04 1.116548e+04
1.327698e+04 1.102718e+04
1.294873e+04 1.074206e+04
1.265689e+04 1.058960e+04
1.238494e+04 1.001163e+04
1.206423e+04 1.001163e+04
1.176581e+04 9.905009e+03
1.146108e+04 9.835812e+03
1.116348e+04 9.662533e+03
1.087639e+04 9.181639e+03
1.058876e+04 9.139278e+03
1.028805e+04 8.682592e+03
1.000206e+04 8.432490e+03
9.705546e+03 8.064196e+03
9.398186e+03 8.025144e+03
9.112463e+03 7.873843e+03
8.819189e+03 7.766456e+03
8.478627e+03 7.359269e+03
8.186675e+03 6.930094e+03
7.868249e+03 6.772030e+03
7.553810e+03 6.561193e+03
7.243948e+03 6.137784e+03
6.938035e+03 6.027079e+03
6.604068e+03 5.712784e+03
6.270420e+03 5.401201e+03
5.958528e+03 5.005548e+03
5.628536e+03 4.927851e+03
5.284561e+03 4.630189e+03
4.921563e+03 4.107403e+03
4.585878e+03 3.630323e+03
4.252405e+03 3.312068e+03
3.922811e+03 3.229510e+03
3.563705e+03 3.041596e+03
3.208789e+03 2.691776e+03
2.878318e+03 2.534332e+03
2.545428e+03 2.124452e+03
2.201949e+03 1.789403e+03
1.906693e+03 1.478273e+03
1.605125e+03 1.201619e+03
1.447501e+03 1.118568e+03
1.021907e+03 7.448711e+02
8.374590e+02 5.784577e+02
5.865183e+02 4.319662e+02
6.810311e+02 2.962960e+02
2.435455e+03 1.240705e+02
2.725532e+01 2.724890e+01
4.002207e+04 3.362009e+04
3.677021e+04 3.180203e+04
3.510226e+04 2.942651e+04
3.395215e+04 2.887118e+04
3.332722e+04 2.779459e+04
3.328636e+04 2.693709e+04
3.312862e+04 2.693709e+04
3.305756e+04 2.596607e+04
3.283074e+04 2.596607e+04
3.241068e+04 2.558731e+04
3.213639e+04 2.449459e+04
3.183568e+04 2.426701e+04
3.135672e+04 2.421105e+04
3.103910e+04 2.402535e+04
3.068460e+04 2.211596e+04
3.007795e+04 2.190578e+04
2.948344e+04 2.147182e+04
2.910740e+04 2.110792e+04
2.867919e+04 2.110792e+04
2.822969e+04 2.015248e+04
2.768073e+04 1.980140e+04
2.703887e+04 1.967797e+04
2.653974e+04 1.958045e+04
2.590465e+04 1.902207e+04
2.534246e+04 1.901566e+04
2.483663e+04 1.851641e+04
2.439202e+04 1.840414e+04
2.387160e+04 1.799887e+04
2.336146e+04 1.790301e+04
2.288496e+04 1.714504e+04
2.246060e+04 1.693222e+04
2.211656e+04 1.669117e+04
2.162509e+04 1.624208e+04
2.117281e+04 1.601624e+04
2.077353e+04 1.572083e+04
2.033992e+04 1.553101e+04
1.995518e+04 1.522293e+04
1.954983e+04 1.508133e+04
1.915951e+04 1.463350e+04
1.877133e+04 1.403279e+04
1.839545e+04 1.401980e+04
1.804372e+04 1.397291e+04
1.768362e+04 1.397291e+04
1.732054e+04 1.379898e+04
1.695680e+04 1.247844e+04
1.661447e+04 1.218257e+04
1.629168e+04 1.215328e+04
1.595572e+04 1.198411e+04
1.561437e+04 1.193619e+04
1.529459e+04 1.168354e+04
1.495912e+04 1.135388e+04
1.464728e+04 1.118041e+04
1.431835e+04 1.096326e+04
1.402308e+04 1.090432e+04
1.368937e+04 1.052044e+04
1.336972e+04 1.052044e+04
1.305575e+04 1.040968e+04
1.274652e+04 1.038045e+04
1.244547e+04 1.006683e+04
1.214020e+04 9.647378e+03
1.182835e+04 9.487240e+03
1.153234e+04 9.305217e+03
1.124517e+04 9.082107e+03
1.094585e+04 8.972658e+03
1.064829e+04 8.769286e+03
1.035382e+04 8.147246e+03
1.005247e+04 7.908419e+03
9.765827e+03 7.854814e+03
9.456814e+03 7.760427e+03
9.158494e+03 7.760427e+03
8.889670e+03 7.721460e+03
8.590707e+03 7.506123e+03
8.285038e+03 7.261130e+03
8.010500e+03 7.022875e+03
7.693230e+03 6.693834e+03
7.413453e+03 6.383825e+03
7.115826e+03 6.171732e+03
6.792286e+03 6.025779e+03
6.476542e+03 5.319840e+03
6.146352e+03 5.092748e+03
5.832387e+03 4.868934e+03
5.504866e+03 4.566818e+03
5.182479e+03 4.139943e+03
4.857500e+03 4.069942e+03
4.533697e+03 3.805986e+03
4.212253e+03 3.458874e+03
3.878080e+03 2.933672e+03
3.557781e+03 2.872655e+03
3.225435e+03 2.595806e+03
2.909013e+03 2.501134e+03
2.581345e+03 1.887406e+03
2.261477e+03 1.718868e+03
1.937142e+03 1.508379e+03
1.615256e+03 1.341535e+03
1.308654e+03 1.049585e+03
1.006146e+03 8.431281e+02
7.850565e+02 5.563716e+02
1.332273e+03 3.981102e+02
1.655413e+03 3.261402e+02
7.321945e+02 1.603648e+02
3.298367e+01 3.297570e+01
3.999191e+04 3.354359e+04
3.678639e+04 3.066230e+04
3.498990e+04 2.931980e+04
3.389741e+04 2.817510e+04
3.327101e+04 2.770167e+04
3.312737e+04 2.631601e+04
3.261142e+04 2.604896e+04
3.241476e+04 2.599678e+04
3.208152e+04 2.523402e+04
3.189871e+04 2.470591e+04
3.141419e+04 2.459915e+04
3.120912e+04 2.459915e+04
3.101226e+04 2.295594e+04
3.070530e+04 2.287025e+04
3.025923e+04 2.261066e+04
2.992545e+04 2.257843e+04
2.942022e+04 2.225675e+04
2.897254e+04 2.089032e+04
2.845270e+04 2.037342e+04
2.786328e+04 2.037342e+04
2.727898e+04 2.021526e+04
2.689367e+04 1.985983e+04
2.625701e+04 1.928205e+04
2.579531e+04 1.886414e+04
2.540757e+04 1.886414e+04
2.505551e+04 1.864534e+04
2.450505e+04 1.786723e+04
2.399575e+04 1.687597e+04
2.352389e+04 1.683767e+04
2.298830e+04 1.653497e+04
2.252294e+04 1.597683e+04
2.216825e+04 1.580477e+04
2.169499e+04 1.514612e+04
2.127523e+04 1.470430e+04
2.082182e+04 1.434947e+04
2.048609e+04 1.425285e+04
2.003648e+04 1.361607e+04
1.969766e+04 1.361607e+04
1.929050e+04 1.347931e+04
1.897513e+04 1.310321e+04
1.853244e+04 1.308186e+04
1.815135e+04 1.294654e+04
1.777973e+04 1.252005e+04
1.747073e+04 1.242476e+04
1.714111e+04 1.239535e+04
1.678754e+04 1.217704e+04
1.645670e+04 1.217704e+04
1.611790e+04 1.185870e+04
1.577103e+04 1.160850e+04
1.544206e+04 1.120647e+04
1.514082e+04 1.094230e+04
1.481418e+04 1.066861e+04
1.449077e+04 1.043589e+04
1.417851e+04 1.043198e+04
1.388593e+04 1.043198e+04
1.354774e+04 1.017950e+04
1.326439e+04 9.693722e+03
1.291506e+04 9.537770e+03
1.263545e+04 9.297252e+03
1.229713e+04 9.278111e+03
1.198145e+04 9.256444e+03
1.165867e+04 9.169478e+03
1.135941e+04 8.898207e+03
1.106239e+04 8.741055e+03
1.077594e+04 8.460795e+03
1.047060e+04 7.912178e+03
1.015998e+04 7.708606e+03
9.871608e+03 7.708606e+03
9.567529e+03 7.708606e+03
9.283387e+03 7.452100e+03
8.967968e+03 7.215356e+03
8.675888e+03 7.132066e+03
8.329466e+03 6.987247e+03
8.005281e+03 6.630318e+03
7.716896e+03 6.501419e+03
7.410653e+03 6.501419e+03
7.102226e+03 6.240117e+03
6.771601e+03 5.880697e+03
6.471515e+03 5.551680e+03
6.191954e+03 5.523405e+03
5.893485e+03 5.187118e+03
5.581959e+03 4.718183e+03
5.238173e+03 4.500388e+03
4.912084e+03 4.288250e+03
4.605571e+03 4.044202e+03
4.304336e+03 3.518327e+03
3.964458e+03 3.320857e+03
3.591874e+03 3.156956e+03
3.250223e+03 2.704655e+03
2.911267e+03 2.356348e+03
2.675802e+03 2.136576e+03
2.305427e+03 1.857752e+03
1.981533e+03 1.606477e+03
1.673969e+03 1.430340e+03
1.390412e+03 1.113199e+03
1.130374e+03 9.080248e+02
1.195817e+03 6.763471e+02
1.262373e+03 4.857625e+02
8.136502e+02 3.580844e+02
4.991765e+02 1.343399e+02
4.499786e+01 4.499785e+01
4.006862e+04 3.321319e+04
3.640565e+04 3.119600e+04
3.570497e+04 3.075532e+04
3.543728e+04 3.027824e+04
3.539051e+04 2.978549e+04
3.490570e+04 2.932491e+04
3.479314e+04 2.897424e+04
3.447135e+04 2.825933e+04
3.420014e+04 2.677119e+04
3.404996e+04 2.676287e+04
3.359302e+04 2.619871e+04
3.324926e+04 2.550268e+04
3.290418e+04 2.550268e+04
3.264909e+04 2.344957e+04
3.205367e+04 2.344957e+04
3.171508e+04 2.320579e+04
3.105844e+04 2.295276e+04
3.068102e+04 2.277924e+04
3.016905e+04 2.206195e+04
2.979649e+04 2.130350e+04
2.945012e+04 2.002694e+04
2.915425e+04 1.940413e+04
2.869736e+04 1.807708e+04
2.788211e+04 1.737419e+04
2.720923e+04 1.599402e+04
2.670719e+04 1.589552e+04
2.585051e+04 1.542732e+04
2.521954e+04 1.525325e+04
2.455205e+04 1.485550e+04
2.423694e+04 1.474172e+04
2.351828e+04 1.445682e+04
2.301273e+04 1.394809e+04
2.248527e+04 1.354478e+04
2.197334e+04 1.339163e+04
2.140257e+04 1.309045e+04
2.085315e+04 1.289127e+04
2.039222e+04 1.289127e+04
1.988175e+04 1.245246e+04
1.939170e+04 1.218004e+04
1.891853e+04 1.200955e+04
1.845299e+04 1.184750e+04
1.801390e+04 1.153292e+04
1.759130e+04 1.117860e+04
1.717234e+04 1.078986e+04
1.672798e+04 1.078986e+04
1.631979e+04 1.058465e+04
1.593427e+04 1.044551e+04
1.554454e+04 1.033675e+04
1.515237e+04 1.033675e+04
1.477216e+04 1.011030e+04
1.442432e+04 9.798861e+03
1.407355e+04 9.587312e+03
1.372302e+04 9.229895e+03
1.336325e+04 9.229895e+03
1.301007e+04 9.176103e+03
1.266384e+04 9.092693e+03
1.231715e+04 8.862112e+03
1.197208e+04 8.741081e+03
1.165378e+04 8.609593e+03
1.132116e+04 8.414882e+03
1.099019e+04 7.992098e+03
1.067365e+04 7.766157e+03
1.036447e+04 7.641599e+03
1.004543e+04 7.274537e+03
9.733522e+03 7.274537e+03
9.407532e+03 6.819508e+03
9.091679e+03 6.679684e+03
8.797233e+03 6.610182e+03
8.503178e+03 6.380375e+03
8.189983e+03 6.300586e+03
7.886576e+03 6.300586e+03
7.586372e+03 6.260573e+03
7.275152e+03 5.977085e+03
7.012742e+03 5.924511e+03
6.714283e+03 5.896731e+03
6.418267e+03 5.442153e+03
6.152161e+03 5.081274e+03
5.868459e+03 5.011725e+03
5.574895e+03 4.533996e+03
5.282524e+03 4.333120e+03
5.000863e+03 4.195577e+03
4.689954e+03 3.984456e+03
4.408092e+03 3.833849e+03
4.128275e+03 3.491810e+03
3.820203e+03 3.165293e+03
3.515489e+03 2.676083e+03
3.200722e+03 2.519735e+03
2.899576e+03 2.352319e+03
2.608517e+03 2.128786e+03
2.340186e+03 1.958174e+03
2.048961e+03 1.660766e+03
1.755677e+03 1.435245e+03
1.521178e+03 1.210956e+03
1.246402e+03 9.476581e+02
1.255139e+03 7.906853e+02
8.467824e+02 6.601213e+02
5.914285e+02 4.088434e+02
2.296970e+03 3.453554e+02
1.803301e+03 2.789221e+02
6.662338e+02 1.661488e+02
2.963211e+01 2.962449e+01
4.008996e+04 3.373721e+04
3.657180e+04 3.110935e+04
3.493320e+04 3.005966e+04
3.410549e+04 2.965648e+04
3.364067e+04 2.846708e+04
3.357998e+04 2.769579e+04
3.321026e+04 2.677593e+04
3.276303e+04 2.677593e+04
3.257637e+04 2.598622e+04
3.236865e+04 2.598622e+04
3.222273e+04 2.383659e+04
3.160308e+04 2.383659e+04
3.124357e+04 2.348710e+04
3.080862e+04 2.226936e+04
3.042056e+04 2.226936e+04
2.984172e+04 2.206464e+04
2.944338e+04 2.061595e+04
2.895989e+04 2.010000e+04
2.839261e+04 1.982150e+04
2.791538e+04 1.950913e+04
2.731979e+04 1.925760e+04
2.674018e+04 1.906129e+04
2.626768e+04 1.900952e+04
2.576004e+04 1.856920e+04
2.521329e+04 1.856920e+04
2.470751e+04 1.808301e+04
2.422908e+04 1.808301e+04
2.371711e+04 1.776989e+04
2.326321e+04 1.747836e+04
2.282151e+04 1.733612e+04
2.237102e+04 1.680910e+04
2.189504e+04 1.666208e+04
2.145628e+04 1.630989e+04
2.110577e+04 1.630178e+04
2.066550e+04 1.601981e+04
2.032411e+04 1.588144e+04
1.990976e+04 1.493922e+04
1.950995e+04 1.466211e+04
1.910059e+04 1.465804e+04
1.870872e+04 1.426869e+04
1.833466e+04 1.421582e+04
1.791698e+04 1.413807e+04
1.759769e+04 1.391130e+04
1.723238e+04 1.333963e+04
1.686888e+04 1.258333e+04
1.653452e+04 1.229894e+04
1.619140e+04 1.223996e+04
1.585390e+04 1.221673e+04
1.553006e+04 1.206563e+04
1.519187e+04 1.178222e+04
1.488192e+04 1.127758e+04
1.456211e+04 1.118685e+04
1.421894e+04 1.112486e+04
1.389900e+04 1.097294e+04
1.361033e+04 1.081010e+04
1.324785e+04 1.057314e+04
1.297521e+04 1.052360e+04
1.265184e+04 1.009828e+04
1.235428e+04 9.829078e+03
1.207072e+04 9.484122e+03
1.178568e+04 9.415627e+03
1.149100e+04 9.415627e+03
1.120157e+04 9.295840e+03
1.089340e+04 8.657854e+03
1.058490e+04 8.650716e+03
1.028687e+04 8.527047e+03
9.998843e+03 8.054064e+03
9.720306e+03 8.007976e+03
9.398470e+03 7.944479e+03
9.084108e+03 7.719692e+03
8.769445e+03 7.703279e+03
8.494298e+03 7.211180e+03
8.197999e+03 6.830713e+03
7.896960e+03 6.826001e+03
7.595085e+03 6.543934e+03
7.268209e+03 6.156097e+03
6.989201e+03 6.151112e+03
6.687170e+03 5.892655e+03
6.379595e+03 5.533666e+03
6.069361e+03 5.133523e+03
5.748860e+03 4.715729e+03
5.458542e+03 4.584295e+03
5.148524e+03 4.253309e+03
4.823831e+03 3.898214e+03
4.470464e+03 3.784962e+03
4.157997e+03 3.441979e+03
3.817224e+03 3.282742e+03
3.480738e+03 2.840422e+03
3.130665e+03 2.586649e+03
2.815421e+03 2.000974e+03
2.482512e+03 1.827842e+03
2.158558e+03 1.755102e+03
1.847949e+03 1.573981e+03
1.572135e+03 1.245552e+03
1.252367e+03 9.653168e+02
1.023865e+03 7.433806e+02
2.113512e+03 5.122408e+02
9.016443e+02 3.326389e+02
6.926133e+02 2.345144e+02
1.779944e+03 1.471296e+02
3.764054e+01 3.762697e+01
4.007397e+04 3.348507e+04
3.645061e+04 3.219967e+04
3.506094e+04 3.076064e+04
3.431876e+04 2.990009e+04
3.398894e+04 2.899398e+04
3.392177e+04 2.805973e+04
3.365056e+04 2.766829e+04
3.330866e+04 2.620841e+04
3.284899e+04 2.596529e+04
3.243479e+04 2.566878e+04
3.227206e+04 2.510509e+04
3.216619e+04 2.447342e+04
3.211525e+04 2.447342e+04
3.146328e+04 2.447342e+04
3.093696e+04 2.365516e+04
3.052652e+04 2.351184e+04
2.993991e+04 2.351184e+04
2.950912e+04 2.278739e+04
2.892916e+04 2.242113e+04
2.838591e+04 2.205667e+04
2.768738e+04 2.084660e+04
2.727074e+04 2.043729e+04
2.661175e+04 2.037201e+04
2.602656e+04 2.033871e+04
2.542432e+04 1.982814e+04
2.498346e+04 1.915034e+04
2.445793e+04 1.879429e+04
2.395147e+04 1.866632e+04
2.342689e+04 1.866632e+04
2.297726e+04 1.822399e+04
2.247724e+04 1.822399e+04
2.205736e+04 1.806001e+04
2.159697e+04 1.756796e+04
2.129028e+04 1.641320e+04
2.084584e+04 1.641320e+04
2.042170e+04 1.572945e+04
2.001779e+04 1.527982e+04
1.960706e+04 1.501589e+04
1.921175e+04 1.453780e+04
1.890102e+04 1.411555e+04
1.851285e+04 1.403544e+04
1.816237e+04 1.400396e+04
1.777114e+04 1.389360e+04
1.742141e+04 1.371582e+04
1.704258e+04 1.342323e+04
1.671053e+04 1.342323e+04
1.635985e+04 1.257524e+04
1.602677e+04 1.257490e+04
1.567490e+04 1.256970e+04
1.535345e+04 1.232345e+04
1.502412e+04 1.232345e+04
1.471056e+04 1.208460e+04
1.439469e+04 1.188545e+04
1.408651e+04 1.137216e+04
1.375120e+04 1.096756e+04
1.346014e+04 1.063049e+04
1.316116e+04 1.061670e+04
1.285531e+04 1.047952e+04
1.256997e+04 1.013695e+04
1.226940e+04 1.011739e+04
1.199683e+04 9.817042e+03
1.167347e+04 9.505648e+03
1.138333e+04 9.199638e+03
1.107287e+04 9.075769e+03
1.077450e+04 8.698275e+03
1.046786e+04 8.698275e+03
1.017347e+04 8.365436e+03
9.882798e+03 8.257543e+03
9.591493e+03 8.074455e+03
9.296176e+03 7.494068e+03
9.015315e+03 7.017957e+03
8.719284e+03 6.944946e+03
8.430077e+03 6.939883e+03
8.148859e+03 6.939883e+03
7.876452e+03 6.781820e+03
7.577092e+03 6.456421e+03
7.273243e+03 6.279262e+03
6.965774e+03 5.986848e+03
6.641513e+03 5.867881e+03
6.327742e+03 5.312115e+03
6.023865e+03 4.981549e+03
5.700592e+03 4.879882e+03
5.380651e+03 4.720146e+03
5.035554e+03 4.310771e+03
4.690851e+03 4.027086e+03
4.358098e+03 3.750721e+03
4.027820e+03 3.357793e+03
3.657400e+03 3.079686e+03
3.318755e+03 2.666531e+03
2.990401e+03 2.560093e+03
2.644619e+03 2.127325e+03
2.263225e+03 1.791713e+03
1.933076e+03 1.636017e+03
1.588796e+03 1.282463e+03
1.225268e+03 8.784308e+02
1.158857e+03 6.933462e+02
2.042803e+03 6.255706e+02
2.784699e+03 5.108053e+02
8.459151e+02 4.059016e+02
1.893599e+03 1.534220e+02
2.148892e+01 2.143611e+01
3.986552e+04 3.289748e+04
3.653659e+04 3.148806e+04
3.495867e+04 3.084875e+04
3.413916e+04 2.975545e+04
3.353666e+04 2.796298e+04
3.336559e+04 2.777964e+04
3.311774e+04 2.697578e+04
3.292600e+04 2.656569e+04
3.247782e+04 2.627860e+04
3.247426e+04 2.507083e+04
3.184968e+04 2.507083e+04
3.164563e+04 2.471761e+04
3.117607e+04 2.419861e+04
3.097430e+04 2.419861e+04
3.061990e+04 2.304196e+04
3.022569e+04 2.263753e+04
3.010341e+04 2.197868e+04
2.952340e+04 2.197868e+04
2.904412e+04 2.184314e+04
2.856914e+04 2.112816e+04
2.800212e+04 2.072582e+04
2.745527e+04 1.979168e+04
2.696102e+04 1.877389e+04
2.636362e+04 1.844098e+04
2.585070e+04 1.844098e+04
2.527262e+04 1.793923e+04
2.474126e+04 1.781837e+04
2.424262e+04 1.767157e+04
2.379320e+04 1.757582e+04
2.330782e+04 1.757582e+04
2.277591e+04 1.654583e+04
2.234724e+04 1.632717e+04
2.185597e+04 1.627040e+04
2.144979e+04 1.603678e+04
2.100313e+04 1.582365e+04
2.055356e+04 1.545686e+04
2.015111e+04 1.525738e+04
1.975826e+04 1.509357e+04
1.935974e+04 1.491510e+04
1.899398e+04 1.468369e+04
1.861741e+04 1.466150e+04
1.826477e+04 1.431834e+04
1.786809e+04 1.300813e+04
1.751761e+04 1.282120e+04
1.716657e+04 1.282120e+04
1.679198e+04 1.247714e+04
1.646719e+04 1.235446e+04
1.611180e+04 1.214448e+04
1.577842e+04 1.196324e+04
1.552407e+04 1.196132e+04
1.516812e+04 1.196132e+04
1.482664e+04 1.170158e+04
1.452892e+04 1.153501e+04
1.422391e+04 1.138717e+04
1.390319e+04 1.122134e+04
1.359091e+04 1.065494e+04
1.327583e+04 1.064818e+04
1.298603e+04 1.025465e+04
1.267220e+04 1.018930e+04
1.235856e+04 9.977906e+03
1.203739e+04 9.915436e+03
1.173339e+04 9.809940e+03
1.143008e+04 9.387977e+03
1.109993e+04 9.367245e+03
1.081450e+04 9.108914e+03
1.050074e+04 8.963929e+03
1.022520e+04 8.750462e+03
9.932043e+03 8.426261e+03
9.633252e+03 8.247545e+03
9.324700e+03 7.987273e+03
9.027515e+03 7.796120e+03
8.723151e+03 7.668480e+03
8.438629e+03 7.445914e+03
8.135245e+03 7.214431e+03
7.819345e+03 6.842545e+03
7.502322e+03 6.535328e+03
7.212424e+03 6.136579e+03
6.908731e+03 6.071544e+03
6.617147e+03 5.559806e+03
6.309975e+03 5.407572e+03
6.018681e+03 5.159012e+03
5.698045e+03 4.961906e+03
5.342335e+03 4.253246e+03
5.013551e+03 4.012688e+03
4.681480e+03 3.901975e+03
4.324504e+03 3.650039e+03
3.985018e+03 3.148169e+03
3.602211e+03 2.854162e+03
3.243712e+03 2.554699e+03
2.899553e+03 2.393996e+03
2.545578e+03 2.030695e+03
2.182405e+03 1.836792e+03
2.042064e+03 1.529942e+03
1.599345e+03 1.265434e+03
1.300986e+03 1.092263e+03
1.050715e+03 7.720564e+02
7.104176e+02 4.423434e+02
5.486409e+02 3.487247e+02
4.654466e+02 2.430645e+02
1.439162e+02 1.083420e+02
1.660678e+01 1.655150e+01
3.998000e+04 3.378114e+04
3.635796e+04 3.151927e+04
3.481531e+04 2.987268e+04
3.429057e+04 2.960245e+04
3.381041e+04 2.869316e+04
3.365768e+04 2.852477e+04
3.376114e+04 2.678253e+04
3.337781e+04 2.678253e+04
3.311183e+04 2.678253e+04
3.265529e+04 2.574583e+04
3.224557e+04 2.533270e+04
3.236266e+04 2.489295e+04
3.208121e+04 2.489295e+04
3.169987e+04 2.456046e+04
3.118628e+04 2.451862e+04
3.093232e+04 2.388875e+04
3.070230e+04 2.380427e+04
3.002209e+04 2.364878e+04
2.953794e+04 2.322473e+04
2.895788e+04 2.274411e+04
2.839479e+04 2.255001e+04
2.785186e+04 2.234672e+04
2.723628e+04 2.222727e+04
2.675435e+04 2.158781e+04
2.613477e+04 2.103520e+04
2.555875e+04 2.051082e+04
2.500461e+04 2.032625e+04
2.442833e+04 1.991920e+04
2.394550e+04 1.954742e+04
2.348637e+04 1.946165e+04
2.300115e+04 1.795870e+04
2.252326e+04 1.769906e+04
2.209018e+04 1.769906e+04
2.164050e+04 1.759671e+04
2.122173e+04 1.743650e+04
2.080880e+04 1.734610e+04
2.040573e+04 1.657811e+04
2.001037e+04 1.645538e+04
1.965375e+04 1.587347e+04
1.921083e+04 1.555704e+04
1.884727e+04 1.555704e+04
1.849025e+04 1.527899e+04
1.814162e+04 1.440122e+04
1.779411e+04 1.418789e+04
1.743837e+04 1.418789e+04
1.710374e+04 1.398929e+04
1.675739e+04 1.398105e+04
1.640098e+04 1.338929e+04
1.607166e+04 1.322959e+04
1.571151e+04 1.319765e+04
1.539175e+04 1.289492e+04
1.505470e+04 1.244247e+04
1.475479e+04 1.213589e+04
1.442958e+04 1.196060e+04
1.410153e+04 1.167498e+04
1.380400e+04 1.167498e+04
1.349952e+04 1.164530e+04
1.318986e+04 1.079538e+04
1.285120e+04 1.060122e+04
1.253763e+04 1.025470e+04
1.223201e+04 9.961431e+03
1.193043e+04 9.941532e+03
1.164479e+04 9.803375e+03
1.135634e+04 9.378622e+03
1.107937e+04 9.118268e+03
1.078410e+04 8.971438e+03
1.048533e+04 8.761365e+03
1.017781e+04 8.444669e+03
9.865488e+03 8.150498e+03
9.554081e+03 8.017900e+03
9.234218e+03 7.623022e+03
8.933888e+03 7.585169e+03
8.613139e+03 7.293894e+03
8.295005e+03 7.144333e+03
7.983189e+03 6.815951e+03
7.651250e+03 6.353441e+03
7.340000e+03 6.353441e+03
7.032141e+03 6.200181e+03
6.709822e+03 5.927134e+03
6.385648e+03 5.492928e+03
6.042356e+03 4.973128e+03
5.719493e+03 4.885995e+03
5.400093e+03 4.646923e+03
5.103135e+03 4.478268e+03
4.782584e+03 4.178764e+03
4.456627e+03 3.899942e+03
4.092833e+03 3.560706e+03
3.760113e+03 3.085635e+03
3.386925e+03 2.755806e+03
3.036289e+03 2.435858e+03
2.660716e+03 2.165797e+03
2.309180e+03 1.887810e+03
1.982871e+03 1.617242e+03
1.640075e+03 1.260553e+03
1.650940e+03 9.896621e+02
1.529490e+03 9.038544e+02
1.449008e+03 6.196888e+02
1.715344e+03 3.216524e+02
1.634665e+03 2.648691e+02
1.841618e+02 1.243819e+02
2.344063e+01 2.343725e+01
4.006873e+04 3.378134e+04
3.630314e+04 3.194227e+04
3.518560e+04 3.099057e+04
3.479907e+04 3.020610e+04
3.479971e+04 3.003098e+04
3.463686e+04 2.941330e+04
3.426010e+04 2.864649e+04
3.413971e+04 2.835778e+04
3.397423e+04 2.788895e+04
3.364270e+04 2.739591e+04
3.317068e+04 2.716955e+04
3.298913e+04 2.547673e+04
3.255684e+04 2.437873e+04
3.210559e+04 2.415952e+04
3.176450e+04 2.342037e+04
3.138755e+04 2.286859e+04
3.104983e+04 2.204400e+04
3.058001e+04 2.189440e+04
3.014717e+04 2.152834e+04
2.988552e+04 2.152834e+04
2.942184e+04 2.142247e+04
2.885888e+04 2.027411e+04
2.826452e+04 1.988620e+04
2.756473e+04 1.959865e+04
2.697140e+04 1.930922e+04
2.637166e+04 1.913134e+04
2.578214e+04 1.875774e+04
2.519606e+04 1.821038e+04
2.463112e+04 1.778067e+04
2.410521e+04 1.708043e+04
2.360623e+04 1.675953e+04
2.308638e+04 1.649119e+04
2.259029e+04 1.605608e+04
2.218078e+04 1.595872e+04
2.178729e+04 1.531719e+04
2.128067e+04 1.531719e+04
2.083321e+04 1.523133e+04
2.039891e+04 1.424105e+04
2.000862e+04 1.400925e+04
1.956768e+04 1.385531e+04
1.915533e+04 1.377949e+04
1.874564e+04 1.337662e+04
1.836473e+04 1.337662e+04
1.796175e+04 1.320455e+04
1.755753e+04 1.317511e+04
1.719071e+04 1.271747e+04
1.682792e+04 1.173723e+04
1.645823e+04 1.167403e+04
1.609730e+04 1.167403e+04
1.575130e+04 1.143712e+04
1.540911e+04 1.124979e+04
1.505045e+04 1.115276e+04
1.471160e+04 1.067764e+04
1.440531e+04 1.052374e+04
1.405212e+04 1.043278e+04
1.375011e+04 1.015455e+04
1.340840e+04 1.015455e+04
1.308294e+04 9.725184e+03
1.276819e+04 9.459543e+03
1.246278e+04 9.185965e+03
1.216194e+04 9.176936e+03
1.188258e+04 9.176936e+03
1.157547e+04 9.176936e+03
1.127453e+04 8.841813e+03
1.096207e+04 8.567879e+03
1.064662e+04 8.467965e+03
1.033780e+04 8.302129e+03
1.001478e+04 8.302129e+03
9.724830e+03 7.996769e+03
9.412450e+03 7.853886e+03
9.080500e+03 7.745072e+03
8.760844e+03 7.705710e+03
8.455154e+03 7.352140e+03
8.155983e+03 7.221030e+03
7.850128e+03 7.052622e+03
7.523710e+03 6.615324e+03
7.210172e+03 6.344185e+03
6.899616e+03 5.910291e+03
6.588940e+03 5.846566e+03
6.275161e+03 5.609306e+03
5.946531e+03 5.074640e+03
5.618026e+03 4.742532e+03
5.285390e+03 4.581997e+03
4.928032e+03 4.308221e+03
4.601846e+03 3.981373e+03
4.273090e+03 3.479998e+03
3.918698e+03 3.176743e+03
3.586915e+03 3.062517e+03
3.219990e+03 2.693320e+03
2.878470e+03 2.375369e+03
2.542419e+03 2.102776e+03
2.202803e+03 1.866085e+03
1.884730e+03 1.562173e+03
1.587831e+03 1.325051e+03
1.303072e+03 1.071500e+03
1.500246e+03 7.039663e+02
1.313677e+03 6.277288e+02
1.108074e+03 3.241360e+02
8.730745e+02 2.705639e+02
7.292998e+02 1.110642e+02
2.335211e+01 2.333968e+01
3.996752e+04 3.396521e+04
3.644328e+04 3.164203e+04
3.491053e+04 3.025333e+04
3.428673e+04 2.866508e+04
3.396493e+04 2.819217e+04
3.379769e+04 2.768366e+04
3.362601e+04 2.768366e+04
3.319792e+04 2.717169e+04
3.301287e+04 2.657263e+04
3.270512e+04 2.638734e+04
3.243038e+04 2.616752e+04
3.209952e+04 2.574961e+04
3.170718e+04 2.440971e+04
3.153371e+04 2.358219e+04
3.107421e+04 2.358219e+04
3.075075e+04 2.275141e+04
3.016839e+04 2.236658e+04
2.959285e+04 2.236658e+04
2.910401e+04 2.214066e+04
2.867468e+04 2.140168e+04
2.814261e+04 2.121967e+04
2.748232e+04 2.054577e+04
2.685135e+04 2.013665e+04
2.623109e+04 1.998938e+04
2.567000e+04 1.998938e+04
2.511752e+04 1.943808e+04
2.457500e+04 1.924257e+04
2.408807e+04 1.900406e+04
2.361740e+04 1.880160e+04
2.314482e+04 1.802144e+04
2.263412e+04 1.800335e+04
2.218745e+04 1.765824e+04
2.176221e+04 1.744800e+04
2.134163e+04 1.700404e+04
2.092580e+04 1.646615e+04
2.053394e+04 1.646615e+04
2.017336e+04 1.621618e+04
1.974886e+04 1.602743e+04
1.937925e+04 1.540939e+04
1.897182e+04 1.522311e+04
1.868363e+04 1.487071e+04
1.830163e+04 1.452258e+04
1.796038e+04 1.419687e+04
1.759207e+04 1.395135e+04
1.721776e+04 1.365517e+04
1.687086e+04 1.334895e+04
1.652567e+04 1.308233e+04
1.616623e+04 1.291010e+04
1.586092e+04 1.277693e+04
1.553576e+04 1.212503e+04
1.521126e+04 1.206706e+04
1.488116e+04 1.140302e+04
1.457998e+04 1.125798e+04
1.426677e+04 1.113415e+04
1.396030e+04 1.093892e+04
1.365253e+04 1.077402e+04
1.331790e+04 1.077402e+04
1.302544e+04 1.067305e+04
1.272434e+04 1.063194e+04
1.242103e+04 1.051747e+04
1.211963e+04 1.032598e+04
1.179382e+04 1.000907e+04
1.147988e+04 9.666788e+03
1.118189e+04 9.281771e+03
1.086663e+04 9.205229e+03
1.058860e+04 9.078802e+03
1.029278e+04 8.819484e+03
1.000356e+04 8.521707e+03
9.719640e+03 8.200502e+03
9.402807e+03 8.009296e+03
9.106582e+03 7.765242e+03
8.816835e+03 7.721145e+03
8.498225e+03 7.457629e+03
8.216052e+03 7.012302e+03
7.921811e+03 6.830448e+03
7.609947e+03 6.615622e+03
7.306271e+03 6.229705e+03
6.970807e+03 6.190113e+03
6.659588e+03 5.814942e+03
6.361870e+03 5.393841e+03
6.038027e+03 5.344307e+03
5.721834e+03 4.736945e+03
5.407422e+03 4.504050e+03
5.079874e+03 4.420584e+03
4.737518e+03 3.985576e+03
4.462571e+03 3.955199e+03
4.123695e+03 3.396762e+03
3.781323e+03 3.215254e+03
3.405849e+03 2.830839e+03
3.062194e+03 2.415265e+03
2.708374e+03 2.033281e+03
2.362785e+03 1.801470e+03
2.037933e+03 1.670399e+03
1.724296e+03 1.454677e+03
1.404727e+03 1.089989e+03
1.070093e+03 7.291863e+02
1.698067e+03 5.523623e+02
2.527219e+03 4.456381e+02
1.240471e+03 3.203639e+02
1.385126e+03 2.001424e+02
6.177270e+01 6.175237e+01
4.007898e+04 3.414732e+04
3.644739e+04 3.124296e+04
3.485960e+04 3.026924e+04
3.420594e+04 2.955166e+04
3.397681e+04 2.876489e+04
3.377882e+04 2.739609e+04
3.350206e+04 2.739609e+04
3.318118e+04 2.697775e+04
3.279144e+04 2.645281e+04
3.259867e+04 2.544828e+04
3.208392e+04 2.473783e+04
3.180425e+04 2.458136e+04
3.164849e+04 2.458136e+04
3.102653e+04 2.314579e+04
3.055785e+04 2.314579e+04
3.003340e+04 2.281975e+04
2.970328e+04 2.237729e+04
2.910067e+04 2.214007e+04
2.859151e+04 2.174438e+04
2.803413e+04 2.112280e+04
2.747410e+04 2.097132e+04
2.694050e+04 2.063699e+04
2.636853e+04 2.008712e+04
2.589807e+04 2.008712e+04
2.557714e+04 1.992284e+04
2.510136e+04 1.961212e+04
2.451864e+04 1.893070e+04
2.395333e+04 1.864552e+04
2.360115e+04 1.813466e+04
2.305775e+04 1.760834e+04
2.266507e+04 1.740611e+04
2.219641e+04 1.721073e+04
2.177513e+04 1.645170e+04
2.133191e+04 1.627655e+04
2.090266e+04 1.607507e+04
2.044274e+04 1.531129e+04
2.011531e+04 1.531129e+04
1.966953e+04 1.496823e+04
1.929507e+04 1.496823e+04
1.888322e+04 1.449507e+04
1.848447e+04 1.449507e+04
1.810675e+04 1.414983e+04
1.788948e+04 1.390457e+04
1.745360e+04 1.390358e+04
1.711266e+04 1.366051e+04
1.676769e+04 1.312401e+04
1.643708e+04 1.270133e+04
1.611821e+04 1.237362e+04
1.578481e+04 1.235625e+04
1.545726e+04 1.227930e+04
1.515797e+04 1.169192e+04
1.481516e+04 1.136305e+04
1.450087e+04 1.136305e+04
1.416109e+04 1.110818e+04
1.383078e+04 1.077663e+04
1.352456e+04 1.051620e+04
1.319674e+04 1.027847e+04
1.290608e+04 1.007331e+04
1.260978e+04 9.822426e+03
1.228547e+04 9.822426e+03
1.202006e+04 9.822426e+03
1.173979e+04 9.812534e+03
1.142000e+04 9.478008e+03
1.109602e+04 9.150757e+03
1.078333e+04 8.377316e+03
1.049279e+04 8.325424e+03
1.022150e+04 7.791477e+03
9.931581e+03 7.372902e+03
9.629651e+03 7.098078e+03
9.318342e+03 7.063594e+03
9.023555e+03 7.063594e+03
8.686495e+03 6.940731e+03
8.404605e+03 6.844981e+03
8.107450e+03 6.707251e+03
7.796350e+03 6.440401e+03
7.488722e+03 6.401537e+03
7.176902e+03 5.785672e+03
6.852851e+03 5.695495e+03
6.539271e+03 5.402695e+03
6.237919e+03 5.329955e+03
5.908045e+03 5.119278e+03
5.573325e+03 4.944716e+03
5.242335e+03 4.726724e+03
4.945312e+03 4.314317e+03
4.599679e+03 4.039273e+03
4.300966e+03 3.713728e+03
3.959315e+03 3.172280e+03
3.622390e+03 2.967738e+03
3.251743e+03 2.551370e+03
2.875540e+03 2.417876e+03
2.525276e+03 2.137554e+03
2.196877e+03 1.645447e+03
1.877500e+03 1.453872e+03
1.552082e+03 1.311412e+03
1.254189e+03 9.973631e+02
1.256124e+03 7.287705e+02
1.139894e+03 6.050567e+02
2.133813e+03 4.374988e+02
1.374133e+03 2.942207e+02
1.574654e+02 1.376301e+02
2.694074e+01 2.683385e+01
4.009569e+04 3.373890e+04
3.652190e+04 3.088890e+04
3.492653e+04 2.959941e+04
3.412214e+04 2.887819e+04
3.364865e+04 2.879348e+04
3.322472e+04 2.788213e+04
3.352696e+04 2.628024e+04
3.317396e+04 2.562639e+04
3.273478e+04 2.546312e+04
3.248694e+04 2.520669e+04
3.216726e+04 2.520669e+04
3.165779e+04 2.495026e+04
3.129813e+04 2.441348e+04
3.110213e+04 2.441348e+04
3.094270e+04 2.408418e+04
3.033759e+04 2.312333e+04
2.978900e+04 2.232794e+04
2.925075e+04 2.207215e+04
2.866253e+04 2.205981e+04
2.834889e+04 2.197222e+04
2.770769e+04 2.119561e+04
2.715154e+04 2.057188e+04
2.658136e+04 2.022997e+04
2.602824e+04 2.007350e+04
2.552921e+04 1.927463e+04
2.506588e+04 1.881665e+04
2.453838e+04 1.866026e+04
2.394960e+04 1.864978e+04
2.343375e+04 1.797822e+04
2.296438e+04 1.759979e+04
2.249068e+04 1.747140e+04
2.203097e+04 1.704584e+04
2.155847e+04 1.671857e+04
2.116959e+04 1.660817e+04
2.071308e+04 1.659148e+04
2.029743e+04 1.601728e+04
1.991777e+04 1.598966e+04
1.951091e+04 1.568199e+04
1.911929e+04 1.412364e+04
1.877060e+04 1.400189e+04
1.841938e+04 1.351944e+04
1.803242e+04 1.351944e+04
1.766636e+04 1.291201e+04
1.730577e+04 1.259366e+04
1.692467e+04 1.258310e+04
1.656646e+04 1.242919e+04
1.623311e+04 1.242919e+04
1.589229e+04 1.201387e+04
1.555705e+04 1.201281e+04
1.524556e+04 1.201281e+04
1.492713e+04 1.190982e+04
1.458296e+04 1.151457e+04
1.428305e+04 1.120093e+04
1.396674e+04 1.097320e+04
1.363708e+04 1.096692e+04
1.333810e+04 1.081902e+04
1.299305e+04 1.053656e+04
1.269360e+04 1.019053e+04
1.240515e+04 1.013040e+04
1.208545e+04 9.905047e+03
1.179623e+04 9.814780e+03
1.150125e+04 8.996161e+03
1.121855e+04 8.996161e+03
1.092121e+04 8.546421e+03
1.061038e+04 8.426715e+03
1.030473e+04 8.406401e+03
1.001596e+04 8.232997e+03
9.700979e+03 8.027730e+03
9.426463e+03 7.571645e+03
9.120884e+03 7.562652e+03
8.834659e+03 7.425157e+03
8.526458e+03 7.284465e+03
8.213208e+03 6.940587e+03
7.892925e+03 6.572851e+03
7.599363e+03 6.493572e+03
7.324332e+03 6.194683e+03
7.002581e+03 5.975471e+03
6.703592e+03 5.869077e+03
6.402049e+03 5.437012e+03
6.098640e+03 5.267849e+03
5.772796e+03 4.890084e+03
5.440377e+03 4.607643e+03
5.132529e+03 4.291502e+03
4.824697e+03 4.120520e+03
4.503719e+03 3.757934e+03
4.181784e+03 3.664625e+03
3.856700e+03 3.385035e+03
3.525197e+03 2.847394e+03
3.169315e+03 2.587063e+03
2.827298e+03 2.414054e+03
2.527457e+03 2.164616e+03
2.192380e+03 1.748379e+03
1.878795e+03 1.537838e+03
1.586372e+03 1.204841e+03
1.302443e+03 1.075474e+03
1.527393e+03 7.724781e+02
1.047926e+03 6.642526e+02
1.140145e+03 4.300361e+02
2.011050e+03 3.077814e+02
4.561787e+02 1.922885e+02
3.638452e+01 3.638278e+01
4.002838e+04 3.359558e+04
3.628437e+04 3.153678e+04
3.509232e+04 3.073479e+04
3.478381e+04 2.964641e+04
3.444740e+04 2.902350e+04
3.409875e+04 2.821930e+04
3.401777e+04 2.655112e+04
3.370926e+04 2.619322e+04
3.348548e+04 2.512779e+04
3.304710e+04 2.512779e+04
3.289802e+04 2.512779e+04
3.244544e+04 2.465854e+04
3.222942e+04 2.347334e+04
3.169216e+04 2.315813e+04
3.136549e+04 2.292407e+04
3.102745e+04 2.173728e+04
3.059080e+04 2.116878e+04
3.015640e+04 2.095877e+04
2.972198e+04 2.095877e+04
2.923130e+04 1.978784e+04
2.858667e+04 1.933526e+04
2.788970e+04 1.932306e+04
2.733196e+04 1.838604e+04
2.668119e+04 1.821579e+04
2.608808e+04 1.735281e+04
2.548614e+04 1.735281e+04
2.494883e+04 1.735281e+04
2.440304e+04 1.660302e+04
2.390799e+04 1.657099e+04
2.342163e+04 1.650920e+04
2.288161e+04 1.626185e+04
2.243832e+04 1.602379e+04
2.200297e+04 1.597117e+04
2.155379e+04 1.544745e+04
2.113368e+04 1.527784e+04
2.074790e+04 1.476692e+04
2.031262e+04 1.405747e+04
1.993198e+04 1.393673e+04
1.955579e+04 1.393673e+04
1.915531e+04 1.351600e+04
1.877336e+04 1.302093e+04
1.839827e+04 1.300425e+04
1.818537e+04 1.263101e+04
1.771717e+04 1.246683e+04
1.734930e+04 1.197829e+04
1.700728e+04 1.153377e+04
1.666414e+04 1.148295e+04
1.634316e+04 1.145156e+04
1.602204e+04 1.117448e+04
1.566669e+04 1.101268e+04
1.533724e+04 1.098138e+04
1.500021e+04 1.098138e+04
1.467584e+04 1.044045e+04
1.435045e+04 1.019782e+04
1.404208e+04 1.007404e+04
1.378249e+04 9.897358e+03
1.342828e+04 9.897358e+03
1.309224e+04 9.643119e+03
1.276938e+04 9.535210e+03
1.245194e+04 9.451661e+03
1.221211e+04 9.308905e+03
1.181923e+04 9.279227e+03
1.152294e+04 9.166863e+03
1.121685e+04 8.804286e+03
1.093764e+04 8.732695e+03
1.064826e+04 8.647883e+03
1.032868e+04 7.981134e+03
1.001955e+04 7.949752e+03
9.723084e+03 7.946940e+03
9.403256e+03 7.753486e+03
9.065921e+03 7.685238e+03
8.749101e+03 7.530693e+03
8.440431e+03 7.377863e+03
8.149168e+03 7.024386e+03
7.834994e+03 6.698619e+03
7.528191e+03 6.498517e+03
7.235110e+03 6.082556e+03
6.905798e+03 5.966694e+03
6.588018e+03 5.955266e+03
6.267299e+03 5.321838e+03
5.952934e+03 5.272390e+03
5.646468e+03 4.726451e+03
5.345540e+03 4.586384e+03
5.033160e+03 4.268803e+03
4.697335e+03 4.078640e+03
4.355188e+03 3.893106e+03
4.031734e+03 3.513862e+03
3.716173e+03 3.093198e+03
3.356345e+03 2.836524e+03
3.026188e+03 2.412260e+03
2.656037e+03 2.001539e+03
2.305013e+03 1.821285e+03
1.962395e+03 1.591964e+03
2.012126e+03 1.346664e+03
1.458236e+03 1.096257e+03
1.224142e+03 8.185973e+02
1.290593e+03 7.179152e+02
1.389573e+03 5.240039e+02
1.104874e+03 2.519412e+02
2.342709e+02 1.288492e+02
3.002447e+01 2.997390e+01
4.000326e+04 3.248813e+04
3.644655e+04 3.127228e+04
3.494915e+04 3.050645e+04
3.426539e+04 2.919202e+04
3.376842e+04 2.852322e+04
3.374047e+04 2.806667e+04
3.351099e+04 2.733104e+04
3.325407e+04 2.577570e+04
3.294485e+04 2.491881e+04
3.266570e+04 2.491881e+04
3.241852e+04 2.491881e+04
3.208083e+04 2.456212e+04
3.188154e+04 2.312505e+04
3.146909e+04 2.268996e+04
3.083961e+04 2.236369e+04
3.050824e+04 2.171968e+04
3.008443e+04 2.117282e+04
2.964218e+04 2.022783e+04
2.906679e+04 2.022783e+04
2.858176e+04 2.022783e+04
2.793073e+04 1.989764e+04
2.743870e+04 1.937383e+04
2.677479e+04 1.903577e+04
2.615503e+04 1.863901e+04
2.567243e+04 1.821666e+04
2.513651e+04 1.813619e+04
2.465447e+04 1.801209e+04
2.417868e+04 1.753512e+04
2.366648e+04 1.690464e+04
2.329515e+04 1.667266e+04
2.282402e+04 1.667266e+04
2.232091e+04 1.640120e+04
2.190785e+04 1.582505e+04
2.147445e+04 1.535769e+04
2.104565e+04 1.527228e+04
2.063711e+04 1.513952e+04
2.019119e+04 1.435676e+04
1.977568e+04 1.435676e+04
1.939145e+04 1.433269e+04
1.898430e+04 1.397966e+04
1.864867e+04 1.376969e+04
1.826490e+04 1.370112e+04
1.792906e+04 1.350398e+04
1.756560e+04 1.317396e+04
1.721653e+04 1.303192e+04
1.687390e+04 1.277220e+04
1.652212e+04 1.245797e+04
1.616415e+04 1.219268e+04
1.584674e+04 1.210242e+04
1.550478e+04 1.178177e+04
1.520403e+04 1.173180e+04
1.489853e+04 1.111896e+04
1.456983e+04 1.111896e+04
1.422842e+04 1.109339e+04
1.390941e+04 1.093445e+04
1.358076e+04 1.078694e+04
1.324127e+04 1.047137e+04
1.293539e+04 9.702959e+03
1.257791e+04 9.338623e+03
1.224892e+04 9.278805e+03
1.194454e+04 9.092303e+03
1.162525e+04 8.970118e+03
1.131775e+04 8.747905e+03
1.102549e+04 8.484440e+03
1.070788e+04 8.449465e+03
1.041117e+04 8.233461e+03
1.012752e+04 8.233461e+03
9.829626e+03 7.996651e+03
9.530053e+03 7.973066e+03
9.239292e+03 7.730515e+03
8.948675e+03 7.505454e+03
8.669066e+03 7.480769e+03
8.375908e+03 7.384243e+03
8.082845e+03 6.727946e+03
7.789890e+03 6.681424e+03
7.494347e+03 6.508725e+03
7.197496e+03 6.412910e+03
6.878970e+03 6.269810e+03
6.579852e+03 5.987849e+03
6.277848e+03 5.373135e+03
5.971678e+03 5.174085e+03
5.674823e+03 4.743468e+03
5.378858e+03 4.515534e+03
5.052904e+03 4.400173e+03
4.723685e+03 4.080724e+03
4.376942e+03 3.755894e+03
4.018845e+03 3.550483e+03
3.665017e+03 3.182607e+03
3.326865e+03 2.687562e+03
2.983502e+03 2.485450e+03
2.688258e+03 2.209801e+03
2.351477e+03 1.975458e+03
2.021666e+03 1.439446e+03
1.693608e+03 1.364387e+03
1.368994e+03 1.109131e+03
1.280262e+03 8.270135e+02
8.411251e+02 6.219209e+02
1.094967e+03 4.117193e+02
9.128558e+02 3.351805e+02
4.041280e+03 2.446062e+02
8.814698e+01 8.779076e+01
