4.021561e+04 3.375522e+04
3.687498e+04 3.256599e+04
3.632205e+04 3.192555e+04
3.580882e+04 3.094310e+04
3.554734e+04 3.062714e+04
3.537003e+04 2.985869e+04
3.509424e+04 2.985869e+04
3.503030e+04 2.876163e+04
3.483966e+04 2.876163e+04
3.472880e+04 2.874017e+04
3.459674e+04 2.781574e+04
3.446178e+04 2.773162e+04
3.438421e+04 2.683187e+04
3.410155e+04 2.589905e+04
3.397969e+04 2.535479e+04
3.376794e+04 2.530481e+04
3.363664e+04 2.530481e+04
3.366494e+04 2.530481e+04
3.352951e+04 2.530481e+04
3.302207e+04 2.508914e+04
3.292256e+04 2.472725e+04
3.269328e+04 2.472725e+04
3.247112e+04 2.452083e+04
3.199753e+04 2.445835e+04
3.192405e+04 2.443469e+04
3.165405e+04 2.416196e+04
3.153267e+04 2.410974e+04
3.126003e+04 2.410974e+04
3.120919e+04 2.390437e+04
3.104915e+04 2.368810e+04
3.091876e+04 2.368810e+04
3.066878e+04 2.368810e+04
3.042670e+04 2.367419e+04
3.045866e+04 2.349749e+04
3.026471e+04 2.349749e+04
3.012867e+04 2.349749e+04
2.995660e+04 2.334777e+04
2.977028e+04 2.329580e+04
2.942262e+04 2.329580e+04
2.918008e+04 2.317606e+04
2.910016e+04 2.313789e+04
2.894535e+04 2.313789e+04
2.880718e+04 2.282338e+04
2.853797e+04 2.270390e+04
2.858900e+04 2.270390e+04
2.842211e+04 2.270390e+04
2.816688e+04 2.180362e+04
2.806211e+04 2.180362e+04
2.802331e+04 2.174729e+04
2.796158e+04 2.174729e+04
2.778766e+04 2.174729e+04
2.793000e+04 2.174729e+04
2.792654e+04 2.174729e+04
2.754551e+04 2.164860e+04
2.760025e+04 2.164782e+04
2.715749e+04 2.160855e+04
2.688764e+04 2.160855e+04
2.670034e+04 2.160855e+04
2.650137e+04 2.160855e+04
2.704722e+04 2.154921e+04
2.662483e+04 2.104218e+04
2.638515e+04 2.104218e+04
2.615955e+04 2.104218e+04
2.597391e+04 2.104218e+04
2.584500e+04 2.104218e+04
2.589881e+04 2.104218e+04
2.556791e+04 2.104218e+04
2.531209e+04 2.069503e+04
2.551321e+04 2.042201e+04
2.556567e+04 2.033333e+04
2.541339e+04 2.030898e+04
2.505516e+04 2.030898e+04
2.479180e+04 2.030898e+04
2.513321e+04 2.030898e+04
2.478578e+04 2.030059e+04
2.439055e+04 2.030059e+04
2.418282e+04 2.030059e+04
2.491212e+04 2.030059e+04
2.417000e+04 2.026107e+04
2.458194e+04 2.026107e+04
2.384668e+04 2.025998e+04
2.346166e+04 2.001343e+04
2.399171e+04 1.988363e+04
2.436248e+04 1.964884e+04
2.338562e+04 1.964884e+04
2.367995e+04 1.949119e+04
2.366088e+04 1.949119e+04
2.423430e+04 1.913284e+04
2.342601e+04 1.874804e+04
2.488176e+04 1.863682e+04
2.510226e+04 1.858185e+04
2.477070e+04 1.819127e+04
2.572255e+04 1.819127e+04
2.680355e+04 1.804634e+04
2.598210e+04 1.786034e+04
2.709194e+04 1.773571e+04
2.772288e+04 1.773381e+04
3.244916e+04 1.726713e+04
2.821964e+04 1.719958e+04
1.795614e+04 1.622843e+04
1.498730e+04 1.498729e+04
4.027058e+04 3.449166e+04
3.680292e+04 3.131907e+04
3.604872e+04 3.018454e+04
3.562623e+04 2.977265e+04
3.540305e+04 2.922410e+04
3.517383e+04 2.912902e+04
3.516175e+04 2.883336e+04
3.481764e+04 2.881292e+04
3.481627e+04 2.782995e+04
3.477995e+04 2.782995e+04
3.455356e+04 2.744670e+04
3.430084e+04 2.728639e+04
3.404775e+04 2.709566e+04
3.408086e+04 2.644236e+04
3.402077e+04 2.614045e+04
3.375979e+04 2.591884e+04
3.344930e+04 2.579009e+04
3.342133e+04 2.578783e+04
3.337795e+04 2.571278e+04
3.301600e+04 2.571278e+04
3.284288e+04 2.517831e+04
3.276051e+04 2.506875e+04
3.230136e+04 2.495493e+04
3.208535e+04 2.390016e+04
3.179025e+04 2.390016e+04
3.172348e+04 2.390016e+04
3.141258e+04 2.380545e+04
3.118456e+04 2.380545e+04
3.089236e+04 2.378765e+04
3.064995e+04 2.359640e+04
3.046961e+04 2.359640e+04
3.032166e+04 2.343318e+04
3.020577e+04 2.335930e+04
3.009867e+04 2.291931e+04
2.989663e+04 2.286390e+04
2.980814e+04 2.286390e+04
2.961372e+04 2.276642e+04
2.948107e+04 2.275235e+04
2.910880e+04 2.264422e+04
2.914018e+04 2.249435e+04
2.909131e+04 2.220093e+04
2.882734e+04 2.220093e+04
2.897569e+04 2.205678e+04
2.876570e+04 2.195344e+04
2.845146e+04 2.165503e+04
2.835533e+04 2.138983e+04
2.809117e+04 2.138983e+04
2.778616e+04 2.109362e+04
2.754991e+04 2.092660e+04
2.745364e+04 2.078666e+04
2.737092e+04 2.078666e+04
2.706343e+04 2.078666e+04
2.696079e+04 2.046792e+04
2.679481e+04 2.046792e+04
2.676755e+04 2.046792e+04
2.680263e+04 2.012347e+04
2.672188e+04 2.012347e+04
2.652414e+04 2.012347e+04
2.645015e+04 1.999905e+04
2.613377e+04 1.987286e+04
2.615081e+04 1.987286e+04
2.575178e+04 1.987286e+04
2.582739e+04 1.969837e+04
2.576277e+04 1.966882e+04
2.601841e+04 1.931537e+04
2.555238e+04 1.931537e+04
2.519266e+04 1.931537e+04
2.505673e+04 1.931537e+04
2.479951e+04 1.893329e+04
2.556053e+04 1.893329e+04
2.538982e+04 1.893329e+04
2.515093e+04 1.893329e+04
2.517865e+04 1.893329e+04
2.477168e+04 1.893329e+04
2.455060e+04 1.893329e+04
2.436024e+04 1.893329e+04
2.413654e+04 1.893208e+04
2.381559e+04 1.893208e+04
2.408923e+04 1.892036e+04
2.356426e+04 1.885505e+04
2.328139e+04 1.885505e+04
2.404392e+04 1.880669e+04
2.316998e+04 1.880669e+04
2.444419e+04 1.880669e+04
2.347813e+04 1.878501e+04
2.350990e+04 1.878501e+04
2.334994e+04 1.851062e+04
2.450770e+04 1.832159e+04
2.317873e+04 1.832159e+04
2.362673e+04 1.800263e+04
2.425490e+04 1.799306e+04
2.435333e+04 1.799306e+04
2.530672e+04 1.797363e+04
2.559791e+04 1.765727e+04
2.679212e+04 1.765727e+04
2.593728e+04 1.732695e+04
2.683052e+04 1.699873e+04
2.729147e+04 1.684218e+04
2.706749e+04 1.678049e+04
1.516978e+04 1.427904e+04
1.229814e+04 1.226009e+04
4.023348e+04 3.436075e+04
3.692042e+04 3.223315e+04
3.574628e+04 3.116583e+04
3.521988e+04 3.029269e+04
3.497494e+04 2.955225e+04
3.479789e+04 2.871406e+04
3.494603e+04 2.870866e+04
3.478580e+04 2.841260e+04
3.480735e+04 2.841260e+04
3.460957e+04 2.841260e+04
3.434244e+04 2.826308e+04
3.417780e+04 2.787128e+04
3.414487e+04 2.758366e+04
3.405718e+04 2.698384e+04
3.392528e+04 2.698384e+04
3.377461e+04 2.697417e+04
3.338167e+04 2.697417e+04
3.334485e+04 2.647358e+04
3.310827e+04 2.572628e+04
3.307190e+04 2.555441e+04
3.280858e+04 2.527800e+04
3.268009e+04 2.512349e+04
3.244247e+04 2.512349e+04
3.216896e+04 2.499685e+04
3.188985e+04 2.470666e+04
3.174950e+04 2.470666e+04
3.180762e+04 2.456728e+04
3.153650e+04 2.385586e+04
3.126166e+04 2.385586e+04
3.102185e+04 2.383496e+04
3.076344e+04 2.383496e+04
3.039232e+04 2.360224e+04
3.032436e+04 2.360224e+04
3.005482e+04 2.323041e+04
3.004467e+04 2.323041e+04
2.993768e+04 2.308347e+04
2.972607e+04 2.272006e+04
2.946559e+04 2.272006e+04
2.954153e+04 2.246092e+04
2.930970e+04 2.245167e+04
2.912168e+04 2.189330e+04
2.913759e+04 2.185384e+04
2.882721e+04 2.181654e+04
2.874835e+04 2.181654e+04
2.852396e+04 2.180613e+04
2.855267e+04 2.176086e+04
2.830600e+04 2.176086e+04
2.811769e+04 2.157666e+04
2.830071e+04 2.107734e+04
2.800550e+04 2.107734e+04
2.777996e+04 2.087064e+04
2.766881e+04 2.087064e+04
2.792045e+04 2.087064e+04
2.769787e+04 2.087064e+04
2.735169e+04 2.087064e+04
2.704327e+04 2.069749e+04
2.683434e+04 2.065629e+04
2.663339e+04 2.055376e+04
2.651971e+04 2.055376e+04
2.687141e+04 2.055376e+04
2.644221e+04 2.045821e+04
2.647321e+04 2.021933e+04
2.607813e+04 2.003240e+04
2.585859e+04 2.003240e+04
2.560049e+04 1.976360e+04
2.546616e+04 1.976360e+04
2.574110e+04 1.976360e+04
2.521519e+04 1.976360e+04
2.506819e+04 1.967113e+04
2.490589e+04 1.951214e+04
2.514782e+04 1.951214e+04
2.460899e+04 1.950894e+04
2.449628e+04 1.950369e+04
2.458282e+04 1.924666e+04
2.462231e+04 1.924666e+04
2.440361e+04 1.924666e+04
2.412409e+04 1.924666e+04
2.376251e+04 1.924666e+04
2.351621e+04 1.911787e+04
2.388254e+04 1.911787e+04
2.329571e+04 1.901980e+04
2.366154e+04 1.899419e+04
2.423579e+04 1.899419e+04
2.328883e+04 1.886221e+04
2.476521e+04 1.860984e+04
2.455104e+04 1.841098e+04
2.392694e+04 1.841098e+04
2.490331e+04 1.841098e+04
2.350007e+04 1.840876e+04
2.441457e+04 1.829830e+04
2.366123e+04 1.820783e+04
2.680705e+04 1.820783e+04
2.648646e+04 1.815574e+04
2.651141e+04 1.790171e+04
2.715250e+04 1.784113e+04
2.709316e+04 1.762851e+04
2.839693e+04 1.760103e+04
2.991513e+04 1.707081e+04
2.556686e+04 1.654103e+04
2.087251e+04 1.507746e+04
1.217038e+04 1.217031e+04
4.023479e+04 3.355449e+04
3.712817e+04 3.198177e+04
3.678099e+04 3.198177e+04
3.666908e+04 3.198177e+04
3.657604e+04 3.198177e+04
3.652282e+04 3.198177e+04
3.627959e+04 3.198177e+04
3.638292e+04 3.118257e+04
3.644129e+04 2.975335e+04
3.622128e+04 2.975335e+04
3.618180e+04 2.975335e+04
3.601914e+04 2.973163e+04
3.591920e+04 2.973163e+04
3.587384e+04 2.973163e+04
3.571639e+04 2.973163e+04
3.574678e+04 2.973163e+04
3.567257e+04 2.973163e+04
3.557284e+04 2.973163e+04
3.546405e+04 2.931658e+04
3.545990e+04 2.930520e+04
3.546380e+04 2.909540e+04
3.529386e+04 2.909540e+04
3.518302e+04 2.909540e+04
3.503149e+04 2.854325e+04
3.507758e+04 2.853435e+04
3.499518e+04 2.851412e+04
3.487259e+04 2.839110e+04
3.473580e+04 2.719636e+04
3.468743e+04 2.719368e+04
3.465212e+04 2.714431e+04
3.449683e+04 2.714431e+04
3.434810e+04 2.713729e+04
3.438659e+04 2.713455e+04
3.440226e+04 2.713455e+04
3.437214e+04 2.713455e+04
3.425436e+04 2.710283e+04
3.412441e+04 2.678265e+04
3.412069e+04 2.676454e+04
3.405287e+04 2.656371e+04
3.401089e+04 2.653541e+04
3.396510e+04 2.648500e+04
3.393352e+04 2.644226e+04
3.383552e+04 2.643526e+04
3.377057e+04 2.634925e+04
3.354072e+04 2.632334e+04
3.361798e+04 2.631886e+04
3.330200e+04 2.565412e+04
3.323531e+04 2.539163e+04
3.295422e+04 2.525660e+04
3.283165e+04 2.496241e+04
3.266276e+04 2.465503e+04
3.191361e+04 2.463863e+04
3.148787e+04 2.436429e+04
3.024792e+04 2.418021e+04
2.860813e+04 2.418021e+04
2.710484e+04 2.418021e+04
2.614671e+04 2.377788e+04
2.554203e+04 2.361732e+04
2.484363e+04 2.310488e+04
2.411141e+04 2.226498e+04
2.252529e+04 2.043237e+04
2.022054e+04 1.900536e+04
1.748692e+04 1.679160e+04
1.564988e+04 1.519790e+04
1.428971e+04 1.408323e+04
1.356571e+04 1.340656e+04
1.316305e+04 1.309148e+04
1.295239e+04 1.292152e+04
1.285330e+04 1.283703e+04
1.281435e+04 1.280913e+04
1.279919e+04 1.279657e+04
1.279203e+04 1.279079e+04
1.278847e+04 1.278768e+04
1.278284e+04 1.278001e+04
1.277021e+04 1.276849e+04
1.276650e+04 1.276608e+04
1.276551e+04 1.276542e+04
1.276506e+04 1.276496e+04
1.276477e+04 1.276474e+04
1.276464e+04 1.276462e+04
1.276457e+04 1.276456e+04
1.276453e+04 1.276452e+04
1.276450e+04 1.276450e+04
1.276448e+04 1.276448e+04
1.276446e+04 1.276446e+04
1.276445e+04 1.276445e+04
1.276443e+04 1.276443e+04
1.276443e+04 1.276443e+04
1.276442e+04 1.276442e+04
1.276442e+04 1.276442e+04
1.276442e+04 1.276442e+04
1.276442e+04 1.276442e+04
1.276442e+04 1.276442e+04
1.276442e+04 1.276442e+04
1.276442e+04 1.276442e+04
1.276442e+04 1.276442e+04
1.276442e+04 1.276442e+04
1.276442e+04 1.276442e+04
1.276442e+04 1.276442e+04
1.276442e+04 1.276442e+04
1.276442e+04 1.276442e+04
4.022851e+04 3.484165e+04
3.701341e+04 3.297940e+04
3.672147e+04 3.158758e+04
3.663402e+04 3.158758e+04
3.670068e+04 3.140687e+04
3.658107e+04 3.140687e+04
3.645654e+04 3.130965e+04
3.647815e+04 3.130965e+04
3.623774e+04 3.130965e+04
3.641688e+04 3.130965e+04
3.615772e+04 3.130965e+04
3.617603e+04 3.130965e+04
3.611967e+04 3.130965e+04
3.601229e+04 3.092746e+04
3.578636e+04 3.020062e+04
3.577834e+04 2.974078e+04
3.568134e+04 2.974078e+04
3.550112e+04 2.933095e+04
3.548813e+04 2.933095e+04
3.531332e+04 2.933095e+04
3.523910e+04 2.915489e+04
3.521266e+04 2.915489e+04
3.501643e+04 2.898869e+04
3.492061e+04 2.885250e+04
3.483975e+04 2.817228e+04
3.473391e+04 2.817228e+04
3.468273e+04 2.817228e+04
3.452124e+04 2.817228e+04
3.441817e+04 2.817228e+04
3.427865e+04 2.770314e+04
3.423680e+04 2.719284e+04
3.424424e+04 2.718179e+04
3.399777e+04 2.718179e+04
3.397772e+04 2.715353e+04
3.390534e+04 2.715236e+04
3.402543e+04 2.715236e+04
3.390888e+04 2.715236e+04
3.394870e+04 2.695970e+04
3.404272e+04 2.691310e+04
3.389902e+04 2.661778e+04
3.379272e+04 2.598788e+04
3.381890e+04 2.598788e+04
3.365609e+04 2.577153e+04
3.366057e+04 2.577153e+04
3.358818e+04 2.576999e+04
3.345540e+04 2.576999e+04
3.353913e+04 2.575622e+04
3.359021e+04 2.574512e+04
3.357691e+04 2.542200e+04
3.317279e+04 2.542200e+04
3.293166e+04 2.537627e+04
3.244123e+04 2.498373e+04
3.165436e+04 2.494854e+04
3.087712e+04 2.462053e+04
3.009328e+04 2.448808e+04
2.921854e+04 2.448808e+04
2.829076e+04 2.438264e+04
2.732866e+04 2.389044e+04
2.620164e+04 2.368902e+04
2.507384e+04 2.163097e+04
2.354859e+04 2.080201e+04
2.102308e+04 1.911059e+04
1.723310e+04 1.621726e+04
1.498846e+04 1.435831e+04
1.359121e+04 1.326900e+04
1.272482e+04 1.246223e+04
1.212410e+04 1.200319e+04
1.182351e+04 1.176651e+04
1.165875e+04 1.162838e+04
1.155115e+04 1.152650e+04
1.149195e+04 1.148128e+04
1.146311e+04 1.145754e+04
1.144985e+04 1.144760e+04
1.144366e+04 1.144255e+04
1.143967e+04 1.143870e+04
1.143770e+04 1.143736e+04
1.143644e+04 1.143620e+04
1.143572e+04 1.143560e+04
1.143518e+04 1.143500e+04
1.143468e+04 1.143461e+04
1.143441e+04 1.143437e+04
1.143415e+04 1.143410e+04
1.143397e+04 1.143394e+04
1.143384e+04 1.143382e+04
1.143370e+04 1.143368e+04
1.143361e+04 1.143360e+04
1.143356e+04 1.143355e+04
1.143351e+04 1.143350e+04
1.143346e+04 1.143345e+04
1.143342e+04 1.143341e+04
1.143337e+04 1.143337e+04
1.143335e+04 1.143334e+04
1.143334e+04 1.143334e+04
1.143333e+04 1.143333e+04
1.143332e+04 1.143332e+04
1.143332e+04 1.143332e+04
1.143332e+04 1.143332e+04
1.143332e+04 1.143332e+04
1.143332e+04 1.143332e+04
1.143332e+04 1.143332e+04
1.143331e+04 1.143331e+04
4.017957e+04 3.415798e+04
3.711037e+04 3.105698e+04
3.680944e+04 3.105698e+04
3.673227e+04 3.069816e+04
3.661575e+04 3.069816e+04
3.648306e+04 3.069816e+04
3.646921e+04 3.069816e+04
3.642760e+04 3.069816e+04
3.635596e+04 3.069816e+04
3.627068e+04 3.069816e+04
3.615406e+04 3.069816e+04
3.612837e+04 3.069816e+04
3.611146e+04 3.069816e+04
3.595251e+04 3.033127e+04
3.585622e+04 3.001821e+04
3.571402e+04 2.936210e+04
3.549762e+04 2.811403e+04
3.546887e+04 2.811403e+04
3.541132e+04 2.811403e+04
3.525184e+04 2.811403e+04
3.526925e+04 2.792188e+04
3.497821e+04 2.792188e+04
3.507778e+04 2.792188e+04
3.501726e+04 2.786765e+04
3.484312e+04 2.777437e+04
3.470249e+04 2.777437e+04
3.463554e+04 2.777437e+04
3.451798e+04 2.777437e+04
3.445658e+04 2.777437e+04
3.435515e+04 2.777437e+04
3.424838e+04 2.777437e+04
3.419735e+04 2.777437e+04
3.402918e+04 2.777437e+04
3.389456e+04 2.758054e+04
3.378168e+04 2.758054e+04
3.357337e+04 2.726872e+04
3.357469e+04 2.648472e+04
3.362672e+04 2.589011e+04
3.346943e+04 2.584608e+04
3.325764e+04 2.535437e+04
3.300114e+04 2.490129e+04
3.284552e+04 2.482442e+04
3.334333e+04 2.482442e+04
3.318020e+04 2.457251e+04
3.318128e+04 2.451888e+04
3.285391e+04 2.451845e+04
3.277253e+04 2.422386e+04
3.292480e+04 2.419162e+04
3.258839e+04 2.369535e+04
3.221836e+04 2.345257e+04
3.171706e+04 2.338108e+04
3.096734e+04 2.334959e+04
2.990903e+04 2.334959e+04
2.839394e+04 2.334959e+04
2.682316e+04 2.334959e+04
2.555559e+04 2.289062e+04
2.445307e+04 2.274288e+04
2.291943e+04 2.062739e+04
2.070509e+04 1.905050e+04
1.888502e+04 1.753205e+04
1.644290e+04 1.559948e+04
1.472234e+04 1.443691e+04
1.405950e+04 1.394952e+04
1.369919e+04 1.363298e+04
1.353441e+04 1.349529e+04
1.342566e+04 1.340301e+04
1.337432e+04 1.336174e+04
1.334571e+04 1.333931e+04
1.333043e+04 1.332762e+04
1.332413e+04 1.332274e+04
1.332022e+04 1.331948e+04
1.331805e+04 1.331741e+04
1.331627e+04 1.331581e+04
1.331499e+04 1.331471e+04
1.331382e+04 1.331352e+04
1.331271e+04 1.331241e+04
1.331192e+04 1.331180e+04
1.331143e+04 1.331137e+04
1.331120e+04 1.331115e+04
1.331094e+04 1.331089e+04
1.331074e+04 1.331069e+04
1.331057e+04 1.331054e+04
1.331045e+04 1.331043e+04
1.331035e+04 1.331034e+04
1.331028e+04 1.331026e+04
1.331021e+04 1.331020e+04
1.331011e+04 1.331009e+04
1.331001e+04 1.330999e+04
1.330991e+04 1.330990e+04
1.330977e+04 1.330976e+04
1.330969e+04 1.330969e+04
1.330962e+04 1.330961e+04
1.330957e+04 1.330957e+04
1.330954e+04 1.330954e+04
1.330951e+04 1.330951e+04
1.330949e+04 1.330949e+04
1.330948e+04 1.330948e+04
1.330947e+04 1.330947e+04
1.330946e+04 1.330946e+04
1.330946e+04 1.330946e+04
1.330946e+04 1.330946e+04
4.017689e+04 3.378716e+04
3.711646e+04 3.312557e+04
3.669182e+04 3.209331e+04
3.660716e+04 3.170282e+04
3.653866e+04 3.060615e+04
3.657727e+04 3.060615e+04
3.646063e+04 3.060615e+04
3.629410e+04 3.060615e+04
3.617827e+04 3.060615e+04
3.614221e+04 3.047691e+04
3.596770e+04 3.047691e+04
3.590547e+04 3.029836e+04
3.582995e+04 2.953874e+04
3.565675e+04 2.953874e+04
3.560106e+04 2.953874e+04
3.554023e+04 2.953874e+04
3.553530e+04 2.953874e+04
3.535657e+04 2.953874e+04
3.528079e+04 2.953874e+04
3.516949e+04 2.953874e+04
3.511873e+04 2.952685e+04
3.493527e+04 2.909556e+04
3.487285e+04 2.844139e+04
3.463926e+04 2.844139e+04
3.461982e+04 2.844139e+04
3.455501e+04 2.831349e+04
3.456236e+04 2.810268e+04
3.453902e+04 2.791480e+04
3.439651e+04 2.766661e+04
3.425362e+04 2.669027e+04
3.423589e+04 2.621608e+04
3.400503e+04 2.611037e+04
3.391870e+04 2.585414e+04
3.378896e+04 2.582938e+04
3.364932e+04 2.570286e+04
3.352551e+04 2.554951e+04
3.330539e+04 2.531160e+04
3.316174e+04 2.466157e+04
3.301685e+04 2.424082e+04
3.288051e+04 2.397210e+04
3.262814e+04 2.255910e+04
3.265090e+04 2.255910e+04
3.221374e+04 2.233769e+04
3.211587e+04 2.223671e+04
3.163302e+04 2.218876e+04
3.126209e+04 2.190964e+04
3.084084e+04 2.190896e+04
3.015154e+04 2.171637e+04
2.944402e+04 2.167302e+04
2.833982e+04 2.162062e+04
2.749834e+04 2.157416e+04
2.641884e+04 2.157416e+04
2.539346e+04 2.142909e+04
2.486637e+04 2.113734e+04
2.326507e+04 2.092721e+04
2.129620e+04 1.930300e+04
1.893545e+04 1.743921e+04
1.627959e+04 1.549305e+04
1.465226e+04 1.433714e+04
1.385091e+04 1.366231e+04
1.342545e+04 1.335421e+04
1.322407e+04 1.317769e+04
1.311929e+04 1.309772e+04
1.304175e+04 1.302102e+04
1.298792e+04 1.297582e+04
1.295641e+04 1.294968e+04
1.294030e+04 1.293775e+04
1.293238e+04 1.293056e+04
1.292876e+04 1.292823e+04
1.292707e+04 1.292662e+04
1.292610e+04 1.292594e+04
1.292557e+04 1.292546e+04
1.292523e+04 1.292514e+04
1.292501e+04 1.292496e+04
1.292488e+04 1.292485e+04
1.292481e+04 1.292480e+04
1.292476e+04 1.292475e+04
1.292471e+04 1.292470e+04
1.292469e+04 1.292468e+04
1.292467e+04 1.292467e+04
1.292466e+04 1.292466e+04
1.292466e+04 1.292465e+04
1.292465e+04 1.292465e+04
1.292465e+04 1.292465e+04
1.292464e+04 1.292464e+04
1.292464e+04 1.292464e+04
1.292463e+04 1.292463e+04
1.292463e+04 1.292463e+04
1.292463e+04 1.292463e+04
1.292463e+04 1.292463e+04
1.292463e+04 1.292463e+04
1.292463e+04 1.292463e+04
1.292463e+04 1.292463e+04
1.292463e+04 1.292463e+04
1.292463e+04 1.292463e+04
1.292463e+04 1.292463e+04
1.292463e+04 1.292463e+04
1.292463e+04 1.292463e+04
1.292463e+04 1.292463e+04
1.292463e+04 1.292463e+04
1.292463e+04 1.292463e+04
4.017435e+04 3.457209e+04
3.711560e+04 3.318849e+04
3.672191e+04 3.258190e+04
3.656889e+04 3.229275e+04
3.653609e+04 3.229275e+04
3.647955e+04 3.086174e+04
3.647532e+04 3.086174e+04
3.641517e+04 3.086174e+04
3.641274e+04 3.086174e+04
3.636434e+04 3.086174e+04
3.631082e+04 3.086174e+04
3.616036e+04 3.086174e+04
3.609866e+04 3.054533e+04
3.600572e+04 3.054533e+04
3.590834e+04 3.054164e+04
3.576921e+04 3.054164e+04
3.558153e+04 3.034233e+04
3.556634e+04 2.943235e+04
3.553775e+04 2.926735e+04
3.545745e+04 2.914653e+04
3.540575e+04 2.910280e+04
3.515887e+04 2.811617e+04
3.512920e+04 2.778461e+04
3.500177e+04 2.775018e+04
3.482582e+04 2.775005e+04
3.471561e+04 2.758817e+04
3.453557e+04 2.758817e+04
3.435880e+04 2.758817e+04
3.427449e+04 2.758817e+04
3.405716e+04 2.721254e+04
3.408287e+04 2.689434e+04
3.404821e+04 2.627799e+04
3.388551e+04 2.577179e+04
3.379270e+04 2.575205e+04
3.367294e+04 2.555397e+04
3.367015e+04 2.546187e+04
3.340412e+04 2.515081e+04
3.313354e+04 2.513621e+04
3.288716e+04 2.478025e+04
3.256707e+04 2.478025e+04
3.255775e+04 2.370035e+04
3.226773e+04 2.370035e+04
3.179078e+04 2.367168e+04
3.171014e+04 2.348767e+04
3.082311e+04 2.293286e+04
3.050838e+04 2.293286e+04
2.975483e+04 2.293106e+04
2.921275e+04 2.293106e+04
2.886618e+04 2.293106e+04
2.822581e+04 2.278007e+04
2.762903e+04 2.264655e+04
2.760600e+04 2.261778e+04
2.722821e+04 2.261778e+04
2.655903e+04 2.225933e+04
2.688031e+04 2.225933e+04
2.610875e+04 2.225933e+04
2.597390e+04 2.225933e+04
2.570317e+04 2.225933e+04
2.509121e+04 2.225933e+04
2.470233e+04 2.200388e+04
2.405720e+04 2.198531e+04
2.331296e+04 2.055884e+04
2.214207e+04 1.998060e+04
2.060223e+04 1.846833e+04
1.801975e+04 1.715145e+04
1.565164e+04 1.508038e+04
1.384191e+04 1.345932e+04
1.299692e+04 1.276135e+04
1.221807e+04 1.206213e+04
1.165521e+04 1.154105e+04
1.137016e+04 1.130799e+04
1.123119e+04 1.121315e+04
1.116973e+04 1.115913e+04
1.114482e+04 1.114165e+04
1.113303e+04 1.113126e+04
1.112713e+04 1.112617e+04
1.112444e+04 1.112396e+04
1.112287e+04 1.112258e+04
1.112199e+04 1.112184e+04
1.112152e+04 1.112145e+04
1.112117e+04 1.112112e+04
1.112095e+04 1.112090e+04
1.112078e+04 1.112075e+04
1.112065e+04 1.112064e+04
1.112058e+04 1.112057e+04
1.112052e+04 1.112051e+04
1.112048e+04 1.112048e+04
1.112045e+04 1.112045e+04
1.112043e+04 1.112042e+04
1.112041e+04 1.112041e+04
1.112040e+04 1.112040e+04
1.112039e+04 1.112039e+04
1.112038e+04 1.112038e+04
1.112037e+04 1.112037e+04
1.112036e+04 1.112036e+04
1.112035e+04 1.112035e+04
1.112035e+04 1.112035e+04
1.112035e+04 1.112035e+04
1.112035e+04 1.112035e+04
1.112035e+04 1.112035e+04
1.112035e+04 1.112035e+04
4.026503e+04 3.423908e+04
3.716775e+04 3.385326e+04
3.682116e+04 3.163734e+04
3.673388e+04 3.156316e+04
3.656876e+04 3.153909e+04
3.658586e+04 3.153909e+04
3.649376e+04 3.153909e+04
3.639233e+04 3.123123e+04
3.639538e+04 3.123123e+04
3.630637e+04 3.123123e+04
3.617708e+04 3.123123e+04
3.609212e+04 3.030300e+04
3.611754e+04 3.030300e+04
3.595253e+04 3.030300e+04
3.571985e+04 3.022414e+04
3.555694e+04 3.022414e+04
3.557827e+04 3.022414e+04
3.551757e+04 2.973202e+04
3.525706e+04 2.851887e+04
3.524385e+04 2.824954e+04
3.508633e+04 2.824954e+04
3.498412e+04 2.823921e+04
3.491338e+04 2.797515e+04
3.486094e+04 2.737410e+04
3.473918e+04 2.730571e+04
3.463705e+04 2.724860e+04
3.456269e+04 2.705676e+04
3.438502e+04 2.693575e+04
3.444475e+04 2.646496e+04
3.425840e+04 2.632754e+04
3.413118e+04 2.630567e+04
3.392189e+04 2.566343e+04
3.389418e+04 2.564424e+04
3.385859e+04 2.563094e+04
3.384409e+04 2.560301e+04
3.366771e+04 2.550580e+04
3.391157e+04 2.550580e+04
3.391932e+04 2.550580e+04
3.405985e+04 2.550580e+04
3.394456e+04 2.548362e+04
3.370581e+04 2.542066e+04
3.390501e+04 2.535476e+04
3.381169e+04 2.526108e+04
3.337985e+04 2.526108e+04
3.332732e+04 2.525425e+04
3.294399e+04 2.525400e+04
3.257913e+04 2.509988e+04
3.213478e+04 2.509988e+04
3.116135e+04 2.509988e+04
3.040741e+04 2.481131e+04
2.937400e+04 2.481131e+04
2.825928e+04 2.468849e+04
2.736040e+04 2.458836e+04
2.639496e+04 2.370509e+04
2.551573e+04 2.277934e+04
2.469585e+04 2.258249e+04
2.320696e+04 2.071689e+04
2.084632e+04 1.858153e+04
1.821693e+04 1.649373e+04
1.569926e+04 1.453787e+04
1.400779e+04 1.351762e+04
1.304877e+04 1.283952e+04
1.248025e+04 1.236951e+04
1.217112e+04 1.211435e+04
1.199155e+04 1.195551e+04
1.190791e+04 1.189702e+04
1.188057e+04 1.187737e+04
1.187215e+04 1.187130e+04
1.186972e+04 1.186949e+04
1.186884e+04 1.186875e+04
1.186846e+04 1.186840e+04
1.186830e+04 1.186829e+04
1.186825e+04 1.186824e+04
1.186823e+04 1.186823e+04
1.186823e+04 1.186823e+04
1.186823e+04 1.186823e+04
1.186823e+04 1.186823e+04
1.186823e+04 1.186823e+04
1.186823e+04 1.186823e+04
1.186823e+04 1.186823e+04
1.186823e+04 1.186823e+04
1.186823e+04 1.186823e+04
1.186823e+04 1.186823e+04
1.186823e+04 1.186823e+04
1.186823e+04 1.186823e+04
1.186823e+04 1.186823e+04
1.186823e+04 1.186823e+04
1.208519e+04 1.186823e+04
1.186823e+04 1.186823e+04
1.321957e+04 1.186823e+04
1.186823e+04 1.186823e+04
1.713372e+04 1.186823e+04
1.186823e+04 1.186823e+04
1.186823e+04 1.186823e+04
1.186823e+04 1.186823e+04
1.186823e+04 1.186823e+04
1.228333e+04 1.186823e+04
1.186823e+04 1.186823e+04
1.186823e+04 1.186823e+04
1.186823e+04 1.186823e+04
1.186823e+04 1.186823e+04
4.030542e+04 3.369541e+04
3.703816e+04 3.275842e+04
3.685242e+04 3.226770e+04
3.669072e+04 3.068016e+04
3.666351e+04 3.068016e+04
3.645455e+04 3.068016e+04
3.644692e+04 3.068016e+04
3.629887e+04 3.068016e+04
3.618920e+04 3.068016e+04
3.623514e+04 3.031070e+04
3.605364e+04 3.031070e+04
3.608102e+04 3.007424e+04
3.596936e+04 3.007424e+04
3.590064e+04 3.007424e+04
3.577883e+04 3.007424e+04
3.569615e+04 3.007424e+04
3.562242e+04 2.977728e+04
3.547325e+04 2.881406e+04
3.535689e+04 2.881406e+04
3.520784e+04 2.858975e+04
3.514038e+04 2.830035e+04
3.499559e+04 2.805229e+04
3.479935e+04 2.767117e+04
3.482047e+04 2.767117e+04
3.460311e+04 2.703454e+04
3.459836e+04 2.697559e+04
3.445103e+04 2.689789e+04
3.425286e+04 2.628680e+04
3.402840e+04 2.628041e+04
3.407145e+04 2.618872e+04
3.383667e+04 2.614352e+04
3.385822e+04 2.614055e+04
3.384277e+04 2.612772e+04
3.392963e+04 2.607219e+04
3.372936e+04 2.607219e+04
3.377496e+04 2.533628e+04
3.367729e+04 2.527237e+04
3.361881e+04 2.502130e+04
3.343788e+04 2.485109e+04
3.323292e+04 2.458157e+04
3.297636e+04 2.437677e+04
3.290202e+04 2.434176e+04
3.261371e+04 2.434176e+04
3.208659e+04 2.423440e+04
3.168018e+04 2.364124e+04
3.142125e+04 2.353726e+04
3.120905e+04 2.311748e+04
3.035808e+04 2.311426e+04
2.924676e+04 2.308075e+04
2.823206e+04 2.308075e+04
2.734874e+04 2.248353e+04
2.703589e+04 2.224949e+04
2.549494e+04 2.224949e+04
2.380971e+04 2.100565e+04
2.160989e+04 1.947360e+04
1.864813e+04 1.738146e+04
1.621506e+04 1.526146e+04
1.467076e+04 1.435339e+04
1.391701e+04 1.375346e+04
1.327933e+04 1.305578e+04
1.281058e+04 1.271307e+04
1.258292e+04 1.253568e+04
1.248375e+04 1.246233e+04
1.244875e+04 1.244179e+04
1.243300e+04 1.243008e+04
1.242514e+04 1.242348e+04
1.242174e+04 1.242076e+04
1.241924e+04 1.241850e+04
1.241788e+04 1.241757e+04
1.241715e+04 1.241698e+04
1.241664e+04 1.241653e+04
1.241634e+04 1.241628e+04
1.241612e+04 1.241607e+04
1.241597e+04 1.241593e+04
1.241584e+04 1.241580e+04
1.241575e+04 1.241574e+04
1.241569e+04 1.241568e+04
1.241565e+04 1.241564e+04
1.241562e+04 1.241561e+04
1.241560e+04 1.241559e+04
1.241558e+04 1.241558e+04
1.241557e+04 1.241557e+04
1.241556e+04 1.241556e+04
1.241555e+04 1.241555e+04
1.241555e+04 1.241555e+04
1.241554e+04 1.241554e+04
1.241553e+04 1.241553e+04
1.241553e+04 1.241553e+04
1.241553e+04 1.241553e+04
1.241553e+04 1.241553e+04
1.241553e+04 1.241553e+04
1.241553e+04 1.241553e+04
1.241553e+04 1.241553e+04
1.241553e+04 1.241553e+04
1.241553e+04 1.241553e+04
1.241553e+04 1.241553e+04
1.241553e+04 1.241553e+04
1.241553e+04 1.241553e+04
1.241553e+04 1.241553e+04
1.241553e+04 1.241553e+04
1.241553e+04 1.241553e+04
4.023660e+04 3.450310e+04
3.706906e+04 3.265238e+04
3.680660e+04 3.140042e+04
3.661116e+04 3.140042e+04
3.647849e+04 3.105616e+04
3.636285e+04 3.025409e+04
3.641662e+04 3.025409e+04
3.629789e+04 2.976176e+04
3.613280e+04 2.976176e+04
3.616083e+04 2.976176e+04
3.596520e+04 2.958518e+04
3.587546e+04 2.919825e+04
3.576574e+04 2.867642e+04
3.550576e+04 2.863176e+04
3.546839e+04 2.857504e+04
3.533357e+04 2.801175e+04
3.523370e+04 2.801175e+04
3.518650e+04 2.801175e+04
3.495256e+04 2.801175e+04
3.484709e+04 2.718619e+04
3.472643e+04 2.642353e+04
3.459428e+04 2.636245e+04
3.446402e+04 2.636205e+04
3.430644e+04 2.619616e+04
3.416874e+04 2.556669e+04
3.397677e+04 2.537256e+04
3.402939e+04 2.530867e+04
3.378773e+04 2.512531e+04
3.383083e+04 2.504835e+04
3.349136e+04 2.504758e+04
3.318107e+04 2.503957e+04
3.307192e+04 2.503957e+04
3.272366e+04 2.503957e+04
3.282629e+04 2.485967e+04
3.258775e+04 2.426788e+04
3.246767e+04 2.403290e+04
3.195373e+04 2.403290e+04
3.159404e+04 2.398168e+04
3.152135e+04 2.375224e+04
3.107308e+04 2.375224e+04
3.075208e+04 2.374482e+04
3.016750e+04 2.368586e+04
2.954297e+04 2.328485e+04
2.860080e+04 2.328485e+04
2.793039e+04 2.328485e+04
2.729970e+04 2.328485e+04
2.730941e+04 2.328485e+04
2.725403e+04 2.328485e+04
2.650453e+04 2.327420e+04
2.641318e+04 2.314161e+04
2.632403e+04 2.314161e+04
2.642060e+04 2.314161e+04
2.600973e+04 2.314161e+04
2.567234e+04 2.290196e+04
2.546541e+04 2.290196e+04
2.554551e+04 2.215377e+04
2.494179e+04 2.215377e+04
2.558821e+04 2.215377e+04
2.495516e+04 2.215377e+04
2.479654e+04 2.154405e+04
2.432932e+04 2.154405e+04
2.347596e+04 2.126486e+04
2.090108e+04 1.933448e+04
1.758120e+04 1.673249e+04
1.536886e+04 1.493443e+04
1.416269e+04 1.390317e+04
1.346648e+04 1.335467e+04
1.315476e+04 1.309519e+04
1.300381e+04 1.298564e+04
1.295244e+04 1.294595e+04
1.293564e+04 1.293306e+04
1.292776e+04 1.292648e+04
1.292409e+04 1.292340e+04
1.292224e+04 1.292186e+04
1.292137e+04 1.292124e+04
1.292094e+04 1.292088e+04
1.292069e+04 1.292065e+04
1.292051e+04 1.292047e+04
1.292041e+04 1.292040e+04
1.292035e+04 1.292034e+04
1.292031e+04 1.292031e+04
1.292029e+04 1.292028e+04
1.292027e+04 1.292026e+04
1.292025e+04 1.292025e+04
1.292024e+04 1.292024e+04
1.292023e+04 1.292023e+04
1.292022e+04 1.292022e+04
1.292022e+04 1.292022e+04
1.292021e+04 1.292021e+04
1.292021e+04 1.292021e+04
1.292021e+04 1.292021e+04
1.292021e+04 1.292021e+04
1.292021e+04 1.292021e+04
1.292021e+04 1.292021e+04
1.292021e+04 1.292021e+04
1.292021e+04 1.292021e+04
1.292021e+04 1.292021e+04
1.292021e+04 1.292021e+04
1.292021e+04 1.292021e+04
1.292021e+04 1.292021e+04
1.292021e+04 1.292021e+04
4.022167e+04 3.381632e+04
3.719686e+04 3.300500e+04
3.678406e+04 3.215287e+04
3.677390e+04 3.215287e+04
3.664126e+04 3.215287e+04
3.656668e+04 3.215287e+04
3.643650e+04 3.184845e+04
3.628966e+04 3.169537e+04
3.621907e+04 3.153360e+04
3.617577e+04 3.084103e+04
3.611000e+04 3.084103e+04
3.604295e+04 3.076473e+04
3.594148e+04 2.954181e+04
3.582700e+04 2.907480e+04
3.571955e+04 2.907480e+04
3.570334e+04 2.907480e+04
3.553692e+04 2.907480e+04
3.555045e+04 2.907480e+04
3.547467e+04 2.825811e+04
3.526810e+04 2.786744e+04
3.531234e+04 2.752599e+04
3.522914e+04 2.738404e+04
3.507553e+04 2.737881e+04
3.510090e+04 2.733804e+04
3.496015e+04 2.731925e+04
3.487580e+04 2.715415e+04
3.473289e+04 2.715415e+04
3.470974e+04 2.715415e+04
3.461408e+04 2.715415e+04
3.454692e+04 2.713083e+04
3.442760e+04 2.653727e+04
3.433213e+04 2.639186e+04
3.418002e+04 2.636562e+04
3.418210e+04 2.600640e+04
3.399489e+04 2.586932e+04
3.380786e+04 2.561873e+04
3.380453e+04 2.561831e+04
3.377498e+04 2.561831e+04
3.361267e+04 2.561831e+04
3.347119e+04 2.519631e+04
3.338422e+04 2.500271e+04
3.312973e+04 2.483360e+04
3.300277e+04 2.481326e+04
3.287326e+04 2.472400e+04
3.295987e+04 2.394493e+04
3.259694e+04 2.378316e+04
3.264475e+04 2.301311e+04
3.225574e+04 2.252416e+04
3.166593e+04 2.252416e+04
3.087734e+04 2.248931e+04
2.978014e+04 2.229207e+04
2.832092e+04 2.229207e+04
2.712317e+04 2.229207e+04
2.624410e+04 2.229207e+04
2.579079e+04 2.229207e+04
2.527460e+04 2.229207e+04
2.462994e+04 2.228754e+04
2.404666e+04 2.071465e+04
2.308664e+04 2.071465e+04
2.185773e+04 1.949434e+04
1.962067e+04 1.767187e+04
1.770609e+04 1.624595e+04
1.577189e+04 1.478990e+04
1.432177e+04 1.390167e+04
1.355533e+04 1.331254e+04
1.281520e+04 1.263891e+04
1.228918e+04 1.217334e+04
1.189255e+04 1.183033e+04
1.163320e+04 1.157099e+04
1.148069e+04 1.144518e+04
1.139716e+04 1.138084e+04
1.135149e+04 1.134047e+04
1.132891e+04 1.132472e+04
1.131706e+04 1.131492e+04
1.130899e+04 1.130732e+04
1.130267e+04 1.130165e+04
1.129914e+04 1.129821e+04
1.129620e+04 1.129568e+04
1.129427e+04 1.129386e+04
1.129303e+04 1.129276e+04
1.129230e+04 1.129220e+04
1.129183e+04 1.129171e+04
1.129117e+04 1.129108e+04
1.129075e+04 1.129069e+04
1.129055e+04 1.129052e+04
1.129036e+04 1.129032e+04
1.129018e+04 1.129016e+04
1.129008e+04 1.129007e+04
1.128999e+04 1.128998e+04
1.128992e+04 1.128990e+04
1.128982e+04 1.128982e+04
1.128978e+04 1.128978e+04
1.128976e+04 1.128975e+04
1.128974e+04 1.128974e+04
1.128972e+04 1.128972e+04
1.128971e+04 1.128971e+04
1.128971e+04 1.128971e+04
1.128970e+04 1.128970e+04
1.128970e+04 1.128970e+04
1.128970e+04 1.128970e+04
1.128970e+04 1.128970e+04
4.012812e+04 3.370274e+04
3.714129e+04 3.367324e+04
3.672308e+04 3.263341e+04
3.671263e+04 3.141384e+04
3.660220e+04 3.141384e+04
3.651124e+04 3.141384e+04
3.639545e+04 3.135524e+04
3.645811e+04 3.135524e+04
3.632826e+04 3.135524e+04
3.628027e+04 3.118390e+04
3.618187e+04 3.118390e+04
3.602625e+04 2.994785e+04
3.584384e+04 2.989885e+04
3.574712e+04 2.989885e+04
3.563275e+04 2.956124e+04
3.563505e+04 2.924069e+04
3.554754e+04 2.915964e+04
3.546521e+04 2.864295e+04
3.528270e+04 2.858718e+04
3.503053e+04 2.787131e+04
3.489501e+04 2.787131e+04
3.477919e+04 2.777785e+04
3.467562e+04 2.760390e+04
3.450240e+04 2.760390e+04
3.419160e+04 2.760390e+04
3.406344e+04 2.745331e+04
3.405997e+04 2.733390e+04
3.402580e+04 2.726595e+04
3.379213e+04 2.726595e+04
3.392909e+04 2.706449e+04
3.372039e+04 2.660717e+04
3.355010e+04 2.657270e+04
3.349146e+04 2.635439e+04
3.339420e+04 2.629861e+04
3.325394e+04 2.595152e+04
3.325721e+04 2.595058e+04
3.337460e+04 2.555543e+04
3.305678e+04 2.555543e+04
3.297276e+04 2.555543e+04
3.301779e+04 2.533333e+04
3.276958e+04 2.511903e+04
3.256259e+04 2.481766e+04
3.225303e+04 2.461224e+04
3.214889e+04 2.456027e+04
3.155996e+04 2.452579e+04
3.142755e+04 2.452579e+04
3.107183e+04 2.435363e+04
3.070897e+04 2.430061e+04
3.008362e+04 2.430061e+04
2.943074e+04 2.430061e+04
2.881171e+04 2.427100e+04
2.848942e+04 2.427100e+04
2.798921e+04 2.342293e+04
2.751382e+04 2.342293e+04
2.728306e+04 2.342293e+04
2.692788e+04 2.342293e+04
2.699819e+04 2.342293e+04
2.700317e+04 2.342293e+04
2.627565e+04 2.342293e+04
2.608609e+04 2.319094e+04
2.576445e+04 2.302575e+04
2.497230e+04 2.225242e+04
2.390850e+04 2.186649e+04
2.210057e+04 2.002163e+04
1.953031e+04 1.824354e+04
1.744599e+04 1.673689e+04
1.522317e+04 1.491805e+04
1.406192e+04 1.389726e+04
1.340634e+04 1.329469e+04
1.300565e+04 1.293028e+04
1.276040e+04 1.271984e+04
1.265267e+04 1.264032e+04
1.261439e+04 1.261065e+04
1.260172e+04 1.260002e+04
1.259661e+04 1.259604e+04
1.259454e+04 1.259421e+04
1.259358e+04 1.259346e+04
1.259291e+04 1.259281e+04
1.259250e+04 1.259245e+04
1.259220e+04 1.259214e+04
1.259196e+04 1.259193e+04
1.259183e+04 1.259181e+04
1.259174e+04 1.259173e+04
1.259168e+04 1.259168e+04
1.259165e+04 1.259165e+04
1.259164e+04 1.259164e+04
1.259163e+04 1.259163e+04
1.259163e+04 1.259163e+04
1.259163e+04 1.259163e+04
1.259163e+04 1.259163e+04
1.259163e+04 1.259163e+04
1.259163e+04 1.259163e+04
1.259163e+04 1.259163e+04
1.259163e+04 1.259163e+04
1.259163e+04 1.259163e+04
1.259163e+04 1.259163e+04
1.259163e+04 1.259163e+04
1.259163e+04 1.259163e+04
1.259163e+04 1.259163e+04
1.259163e+04 1.259163e+04
1.259163e+04 1.259163e+04
4.028542e+04 3.352568e+04
3.706044e+04 3.311144e+04
3.661029e+04 3.299368e+04
3.668509e+04 3.218896e+04
3.652387e+04 3.218896e+04
3.641751e+04 3.186581e+04
3.652502e+04 3.186581e+04
3.637693e+04 3.075849e+04
3.634210e+04 3.075849e+04
3.617418e+04 3.075849e+04
3.615214e+04 3.075849e+04
3.612014e+04 3.012594e+04
3.588587e+04 2.967095e+04
3.577350e+04 2.925486e+04
3.566531e+04 2.869195e+04
3.556622e+04 2.866330e+04
3.546441e+04 2.866330e+04
3.545545e+04 2.865282e+04
3.527166e+04 2.833189e+04
3.515560e+04 2.833189e+04
3.499489e+04 2.832750e+04
3.494561e+04 2.831998e+04
3.485055e+04 2.800847e+04
3.476179e+04 2.793698e+04
3.460790e+04 2.742309e+04
3.448362e+04 2.742309e+04
3.446050e+04 2.675137e+04
3.428280e+04 2.643772e+04
3.417510e+04 2.639315e+04
3.401583e+04 2.635652e+04
3.384928e+04 2.446342e+04
3.371197e+04 2.386621e+04
3.369249e+04 2.386621e+04
3.341734e+04 2.386433e+04
3.333118e+04 2.350923e+04
3.318856e+04 2.305270e+04
3.297419e+04 2.300273e+04
3.262349e+04 2.273211e+04
3.219325e+04 2.263587e+04
3.184070e+04 2.196676e+04
3.155571e+04 2.196676e+04
3.128163e+04 2.195940e+04
3.064174e+04 2.186697e+04
2.999909e+04 2.139870e+04
2.940624e+04 2.139870e+04
2.884281e+04 2.121139e+04
2.792711e+04 2.121139e+04
2.706132e+04 2.116856e+04
2.613573e+04 2.116856e+04
2.526910e+04 2.116856e+04
2.440486e+04 2.116856e+04
2.327090e+04 2.046180e+04
2.198064e+04 1.961116e+04
1.991032e+04 1.805999e+04
1.716861e+04 1.546852e+04
1.456054e+04 1.354029e+04
1.280620e+04 1.236403e+04
1.185069e+04 1.163252e+04
1.130748e+04 1.115030e+04
1.096574e+04 1.087811e+04
1.077312e+04 1.070456e+04
1.064132e+04 1.059338e+04
1.055396e+04 1.053254e+04
1.049713e+04 1.047270e+04
1.046133e+04 1.045060e+04
1.044277e+04 1.043795e+04
1.042969e+04 1.042604e+04
1.042042e+04 1.041792e+04
1.041462e+04 1.041347e+04
1.041160e+04 1.041079e+04
1.040964e+04 1.040893e+04
1.040788e+04 1.040740e+04
1.040668e+04 1.040634e+04
1.040555e+04 1.040517e+04
1.040460e+04 1.040436e+04
1.040394e+04 1.040379e+04
1.040353e+04 1.040346e+04
1.040313e+04 1.040303e+04
1.040283e+04 1.040277e+04
1.040251e+04 1.040245e+04
1.040227e+04 1.040223e+04
1.040212e+04 1.040209e+04
1.040201e+04 1.040200e+04
1.040195e+04 1.040194e+04
1.040189e+04 1.040188e+04
1.040183e+04 1.040182e+04
1.040178e+04 1.040177e+04
1.040174e+04 1.040173e+04
1.040169e+04 1.040168e+04
1.040165e+04 1.040164e+04
1.040160e+04 1.040160e+04
1.040155e+04 1.040155e+04
1.040153e+04 1.040152e+04
1.040151e+04 1.040150e+04
1.040147e+04 1.040147e+04
1.040145e+04 1.040145e+04
1.040144e+04 1.040144e+04
1.040143e+04 1.040143e+04
1.040142e+04 1.040142e+04
1.040141e+04 1.040141e+04
1.040141e+04 1.040141e+04
4.014908e+04 3.442148e+04
3.699389e+04 3.166756e+04
3.658652e+04 3.094994e+04
3.660158e+04 3.094994e+04
3.662050e+04 3.094994e+04
3.647833e+04 3.094994e+04
3.640102e+04 3.094994e+04
3.630955e+04 3.094994e+04
3.623796e+04 3.032564e+04
3.626615e+04 3.032564e+04
3.600577e+04 3.032564e+04
3.585771e+04 3.032564e+04
3.583910e+04 2.958828e+04
3.575157e+04 2.958828e+04
3.553902e+04 2.958828e+04
3.547731e+04 2.958828e+04
3.527499e+04 2.958828e+04
3.520971e+04 2.948952e+04
3.517690e+04 2.897405e+04
3.501164e+04 2.897405e+04
3.480856e+04 2.897405e+04
3.488072e+04 2.897405e+04
3.473086e+04 2.886546e+04
3.459963e+04 2.840185e+04
3.451239e+04 2.836749e+04
3.442792e+04 2.836749e+04
3.430919e+04 2.804556e+04
3.426552e+04 2.769216e+04
3.422610e+04 2.757010e+04
3.403870e+04 2.705348e+04
3.394157e+04 2.694366e+04
3.383675e+04 2.691498e+04
3.371019e+04 2.666574e+04
3.370218e+04 2.647934e+04
3.340111e+04 2.647934e+04
3.353030e+04 2.625056e+04
3.331299e+04 2.619793e+04
3.317278e+04 2.593197e+04
3.287611e+04 2.571716e+04
3.289638e+04 2.435303e+04
3.278942e+04 2.412822e+04
3.246040e+04 2.377611e+04
3.246045e+04 2.377219e+04
3.201085e+04 2.290008e+04
3.178937e+04 2.262609e+04
3.149064e+04 2.235590e+04
3.078960e+04 2.235590e+04
2.991453e+04 2.227753e+04
2.908884e+04 2.227056e+04
2.837450e+04 2.217534e+04
2.754582e+04 2.213799e+04
2.678068e+04 2.209039e+04
2.566770e+04 2.117472e+04
2.477543e+04 2.117472e+04
2.411117e+04 2.096658e+04
2.299452e+04 2.036498e+04
2.148570e+04 1.984292e+04
1.979117e+04 1.818193e+04
1.792092e+04 1.674381e+04
1.561240e+04 1.512005e+04
1.443849e+04 1.421937e+04
1.389574e+04 1.380373e+04
1.358871e+04 1.352930e+04
1.341356e+04 1.337312e+04
1.331234e+04 1.329303e+04
1.327249e+04 1.326414e+04
1.325485e+04 1.325137e+04
1.324725e+04 1.324521e+04
1.324250e+04 1.324145e+04
1.323980e+04 1.323929e+04
1.323834e+04 1.323804e+04
1.323754e+04 1.323736e+04
1.323716e+04 1.323709e+04
1.323695e+04 1.323689e+04
1.323676e+04 1.323671e+04
1.323659e+04 1.323656e+04
1.323645e+04 1.323642e+04
1.323634e+04 1.323631e+04
1.323627e+04 1.323625e+04
1.323621e+04 1.323619e+04
1.323615e+04 1.323613e+04
1.323610e+04 1.323609e+04
1.323606e+04 1.323605e+04
1.323602e+04 1.323602e+04
1.323600e+04 1.323599e+04
1.323598e+04 1.323598e+04
1.323597e+04 1.323597e+04
1.323596e+04 1.323596e+04
1.323595e+04 1.323595e+04
1.323594e+04 1.323594e+04
1.323593e+04 1.323593e+04
1.323593e+04 1.323593e+04
1.323592e+04 1.323592e+04
1.323592e+04 1.323592e+04
1.323591e+04 1.323591e+04
1.323591e+04 1.323591e+04
1.323591e+04 1.323591e+04
1.323591e+04 1.323591e+04
1.323591e+04 1.323591e+04
1.323591e+04 1.323591e+04
1.323591e+04 1.323591e+04
4.024131e+04 3.405262e+04
3.707420e+04 3.282175e+04
3.678819e+04 3.256972e+04
3.664691e+04 3.224250e+04
3.661509e+04 3.176828e+04
3.643881e+04 3.176828e+04
3.639916e+04 3.023627e+04
3.630527e+04 3.023627e+04
3.622723e+04 3.023627e+04
3.608833e+04 3.015426e+04
3.606775e+04 3.015426e+04
3.602174e+04 3.015426e+04
3.582887e+04 3.015426e+04
3.580455e+04 2.922116e+04
3.580783e+04 2.855823e+04
3.565854e+04 2.781521e+04
3.554177e+04 2.781521e+04
3.545816e+04 2.731264e+04
3.532090e+04 2.731264e+04
3.520622e+04 2.731264e+04
3.510973e+04 2.731264e+04
3.489468e+04 2.731264e+04
3.490018e+04 2.716701e+04
3.472512e+04 2.716701e+04
3.462364e+04 2.716701e+04
3.457759e+04 2.673754e+04
3.456546e+04 2.638288e+04
3.437519e+04 2.617699e+04
3.457568e+04 2.574401e+04
3.429119e+04 2.557496e+04
3.405855e+04 2.556310e+04
3.409887e+04 2.527545e+04
3.396472e+04 2.516439e+04
3.381854e+04 2.515851e+04
3.368243e+04 2.497712e+04
3.364202e+04 2.489202e+04
3.357345e+04 2.487012e+04
3.361884e+04 2.486019e+04
3.335794e+04 2.479880e+04
3.337337e+04 2.478421e+04
3.326152e+04 2.468724e+04
3.314298e+04 2.465053e+04
3.308294e+04 2.439828e+04
3.284181e+04 2.417052e+04
3.303329e+04 2.381469e+04
3.292283e+04 2.381469e+04
3.282061e+04 2.361477e+04
3.263389e+04 2.300402e+04
3.250424e+04 2.267553e+04
3.236999e+04 2.213454e+04
3.213446e+04 2.209671e+04
3.221347e+04 2.205335e+04
3.182526e+04 2.187928e+04
3.128494e+04 2.142548e+04
3.137649e+04 2.132483e+04
3.106804e+04 2.073167e+04
3.071859e+04 2.050088e+04
2.969928e+04 2.050088e+04
2.812393e+04 2.050088e+04
2.550618e+04 2.050088e+04
2.343864e+04 2.050088e+04
2.175345e+04 2.003789e+04
1.961753e+04 1.768712e+04
1.642410e+04 1.543121e+04
1.423750e+04 1.383494e+04
1.325090e+04 1.309351e+04
1.272874e+04 1.264546e+04
1.241508e+04 1.234282e+04
1.213055e+04 1.207273e+04
1.189901e+04 1.186281e+04
1.178277e+04 1.177130e+04
1.173973e+04 1.173654e+04
1.172933e+04 1.172819e+04
1.172651e+04 1.172629e+04
1.172550e+04 1.172541e+04
1.172520e+04 1.172517e+04
1.172509e+04 1.172509e+04
1.172506e+04 1.172506e+04
1.172505e+04 1.172505e+04
1.172505e+04 1.172505e+04
1.172504e+04 1.172504e+04
1.172504e+04 1.172504e+04
1.172504e+04 1.172504e+04
1.172504e+04 1.172504e+04
1.172504e+04 1.172504e+04
1.172504e+04 1.172504e+04
1.172504e+04 1.172504e+04
1.172504e+04 1.172504e+04
1.172504e+04 1.172504e+04
1.172504e+04 1.172504e+04
1.172504e+04 1.172504e+04
1.172504e+04 1.172504e+04
1.215900e+04 1.172504e+04
1.172504e+04 1.172504e+04
1.213324e+04 1.172504e+04
1.261546e+04 1.172504e+04
1.471274e+04 1.172504e+04
1.172504e+04 1.172504e+04
1.310733e+04 1.172504e+04
1.476838e+04 1.172504e+04
1.172504e+04 1.172504e+04
4.023025e+04 3.404924e+04
3.708038e+04 3.292014e+04
3.671479e+04 3.014856e+04
3.664669e+04 3.014856e+04
3.650714e+04 3.014856e+04
3.650245e+04 3.014856e+04
3.637080e+04 3.014856e+04
3.629225e+04 3.014856e+04
3.621929e+04 3.014856e+04
3.610399e+04 3.014856e+04
3.604729e+04 2.942566e+04
3.597253e+04 2.935230e+04
3.583274e+04 2.876564e+04
3.568890e+04 2.838094e+04
3.561359e+04 2.838094e+04
3.556757e+04 2.780447e+04
3.540380e+04 2.780447e+04
3.526750e+04 2.780447e+04
3.524942e+04 2.780447e+04
3.516580e+04 2.779669e+04
3.500249e+04 2.680676e+04
3.476974e+04 2.662634e+04
3.466037e+04 2.622780e+04
3.467048e+04 2.621233e+04
3.452637e+04 2.620537e+04
3.451157e+04 2.606409e+04
3.429135e+04 2.601680e+04
3.437936e+04 2.601680e+04
3.422576e+04 2.533796e+04
3.407424e+04 2.479460e+04
3.383736e+04 2.467061e+04
3.383501e+04 2.457006e+04
3.372971e+04 2.430649e+04
3.388707e+04 2.422977e+04
3.362615e+04 2.406704e+04
3.356149e+04 2.381391e+04
3.323163e+04 2.366372e+04
3.309397e+04 2.357084e+04
3.293526e+04 2.343839e+04
3.292284e+04 2.343839e+04
3.266949e+04 2.343839e+04
3.259695e+04 2.316607e+04
3.264017e+04 2.301333e+04
3.252802e+04 2.299325e+04
3.216452e+04 2.293048e+04
3.214077e+04 2.284385e+04
3.184458e+04 2.281331e+04
3.186347e+04 2.269995e+04
3.147560e+04 2.256175e+04
3.088464e+04 2.238188e+04
3.058530e+04 2.222125e+04
3.036942e+04 2.222125e+04
2.928541e+04 2.206714e+04
2.805979e+04 2.181712e+04
2.596859e+04 2.171324e+04
2.484544e+04 2.171324e+04
2.360511e+04 2.154892e+04
2.284599e+04 2.106277e+04
2.178834e+04 2.001806e+04
1.992826e+04 1.886663e+04
1.818888e+04 1.762885e+04
1.709844e+04 1.680547e+04
1.653425e+04 1.635820e+04
1.597527e+04 1.578812e+04
1.539154e+04 1.521554e+04
1.481041e+04 1.464833e+04
1.429571e+04 1.417460e+04
1.404321e+04 1.400214e+04
1.391365e+04 1.388804e+04
1.383812e+04 1.381619e+04
1.376689e+04 1.374252e+04
1.366708e+04 1.362664e+04
1.352983e+04 1.350177e+04
1.344867e+04 1.343373e+04
1.339148e+04 1.338202e+04
1.336448e+04 1.335974e+04
1.335110e+04 1.334875e+04
1.334280e+04 1.334102e+04
1.333834e+04 1.333766e+04
1.333692e+04 1.333673e+04
1.333585e+04 1.333561e+04
1.333490e+04 1.333470e+04
1.333407e+04 1.333394e+04
1.333357e+04 1.333350e+04
1.333321e+04 1.333315e+04
1.333285e+04 1.333282e+04
1.333255e+04 1.333248e+04
1.333229e+04 1.333227e+04
1.333210e+04 1.333207e+04
1.333192e+04 1.333188e+04
1.333177e+04 1.333176e+04
1.333158e+04 1.333156e+04
1.333142e+04 1.333141e+04
1.333128e+04 1.333127e+04
1.333120e+04 1.333119e+04
1.333108e+04 1.333108e+04
1.333099e+04 1.333099e+04
1.333090e+04 1.333089e+04
1.333083e+04 1.333083e+04
1.333080e+04 1.333080e+04
1.333079e+04 1.333079e+04
4.019482e+04 3.432856e+04
3.709330e+04 3.245412e+04
3.659645e+04 3.229016e+04
3.681486e+04 3.135565e+04
3.655146e+04 3.135565e+04
3.650841e+04 3.135565e+04
3.617708e+04 3.135565e+04
3.624796e+04 3.135565e+04
3.624563e+04 3.135565e+04
3.620378e+04 3.095278e+04
3.610227e+04 2.984539e+04
3.604034e+04 2.984539e+04
3.599363e+04 2.984539e+04
3.591648e+04 2.984539e+04
3.577198e+04 2.984539e+04
3.569689e+04 2.984539e+04
3.570361e+04 2.984539e+04
3.565241e+04 2.984539e+04
3.552473e+04 2.984539e+04
3.534986e+04 2.971084e+04
3.534497e+04 2.971084e+04
3.533786e+04 2.943375e+04
3.532384e+04 2.921230e+04
3.512444e+04 2.852036e+04
3.493324e+04 2.852036e+04
3.500074e+04 2.837392e+04
3.482077e+04 2.800649e+04
3.474254e+04 2.731906e+04
3.472155e+04 2.731906e+04
3.449632e+04 2.731906e+04
3.444024e+04 2.731906e+04
3.430997e+04 2.730205e+04
3.425300e+04 2.730205e+04
3.397985e+04 2.730205e+04
3.403505e+04 2.698242e+04
3.398217e+04 2.687791e+04
3.374652e+04 2.651152e+04
3.371155e+04 2.565047e+04
3.379616e+04 2.553340e+04
3.345810e+04 2.553340e+04
3.374036e+04 2.549540e+04
3.350862e+04 2.546067e+04
3.353528e+04 2.531631e+04
3.346462e+04 2.521446e+04
3.308318e+04 2.510667e+04
3.293498e+04 2.507623e+04
3.241783e+04 2.468083e+04
3.175676e+04 2.451238e+04
3.094331e+04 2.412319e+04
3.037242e+04 2.399884e+04
2.945198e+04 2.364239e+04
2.841963e+04 2.259665e+04
2.770869e+04 2.259665e+04
2.701580e+04 2.259665e+04
2.604353e+04 2.259665e+04
2.476135e+04 2.194605e+04
2.347902e+04 2.079689e+04
2.152067e+04 1.915708e+04
1.858608e+04 1.708119e+04
1.540541e+04 1.478450e+04
1.381445e+04 1.356478e+04
1.304243e+04 1.286535e+04
1.256863e+04 1.247995e+04
1.231394e+04 1.225541e+04
1.211789e+04 1.206206e+04
1.196051e+04 1.191696e+04
1.186156e+04 1.184498e+04
1.182241e+04 1.181543e+04
1.180095e+04 1.179552e+04
1.178818e+04 1.178516e+04
1.178190e+04 1.178051e+04
1.177855e+04 1.177788e+04
1.177629e+04 1.177590e+04
1.177505e+04 1.177478e+04
1.177438e+04 1.177423e+04
1.177397e+04 1.177387e+04
1.177370e+04 1.177364e+04
1.177349e+04 1.177345e+04
1.177328e+04 1.177321e+04
1.177310e+04 1.177306e+04
1.177297e+04 1.177294e+04
1.177287e+04 1.177286e+04
1.177281e+04 1.177280e+04
1.177275e+04 1.177274e+04
1.177268e+04 1.177267e+04
1.177262e+04 1.177261e+04
1.177256e+04 1.177255e+04
1.177252e+04 1.177252e+04
1.177250e+04 1.177250e+04
1.177249e+04 1.177249e+04
1.177248e+04 1.177248e+04
1.177247e+04 1.177247e+04
1.177247e+04 1.177247e+04
1.177246e+04 1.177246e+04
1.177246e+04 1.177246e+04
1.177246e+04 1.177246e+04
1.177246e+04 1.177246e+04
1.177246e+04 1.177246e+04
1.177246e+04 1.177246e+04
1.177246e+04 1.177246e+04
1.177246e+04 1.177246e+04
4.010980e+04 3.385501e+04
3.702791e+04 3.217895e+04
3.662961e+04 3.212964e+04
3.658699e+04 3.212964e+04
3.650584e+04 3.195937e+04
3.646687e+04 3.081039e+04
3.631267e+04 3.081039e+04
3.624107e+04 3.081039e+04
3.619666e+04 3.073742e+04
3.614272e+04 3.073742e+04
3.596367e+04 3.073742e+04
3.588585e+04 3.073742e+04
3.585337e+04 2.968937e+04
3.578705e+04 2.968937e+04
3.572304e+04 2.968937e+04
3.569095e+04 2.898770e+04
3.568971e+04 2.898770e+04
3.546633e+04 2.898770e+04
3.531460e+04 2.776463e+04
3.543877e+04 2.776236e+04
3.526852e+04 2.765951e+04
3.521835e+04 2.765951e+04
3.510571e+04 2.765951e+04
3.508349e+04 2.673885e+04
3.502459e+04 2.658281e+04
3.488329e+04 2.645713e+04
3.486165e+04 2.632653e+04
3.474902e+04 2.632563e+04
3.478825e+04 2.590454e+04
3.463170e+04 2.590454e+04
3.460473e+04 2.590454e+04
3.444365e+04 2.560949e+04
3.439152e+04 2.560949e+04
3.417467e+04 2.560717e+04
3.412473e+04 2.560717e+04
3.399903e+04 2.560717e+04
3.384809e+04 2.560717e+04
3.386157e+04 2.560717e+04
3.382095e+04 2.555025e+04
3.378472e+04 2.552110e+04
3.364018e+04 2.551906e+04
3.363680e+04 2.526710e+04
3.334037e+04 2.522870e+04
3.329153e+04 2.522374e+04
3.303704e+04 2.512592e+04
3.308690e+04 2.467673e+04
3.274844e+04 2.411016e+04
3.212804e+04 2.388109e+04
3.132786e+04 2.296936e+04
3.055700e+04 2.294886e+04
2.933759e+04 2.294886e+04
2.831129e+04 2.294886e+04
2.740993e+04 2.294886e+04
2.590426e+04 2.258391e+04
2.470870e+04 2.165522e+04
2.328186e+04 2.060239e+04
2.149668e+04 1.957170e+04
1.941269e+04 1.763162e+04
1.763202e+04 1.611609e+04
1.613418e+04 1.505076e+04
1.469931e+04 1.412458e+04
1.352403e+04 1.332107e+04
1.290109e+04 1.276583e+04
1.247160e+04 1.238355e+04
1.215825e+04 1.209158e+04
1.198736e+04 1.195441e+04
1.189985e+04 1.188086e+04
1.186040e+04 1.185427e+04
1.184484e+04 1.184231e+04
1.183683e+04 1.183513e+04
1.183216e+04 1.183134e+04
1.182975e+04 1.182930e+04
1.182858e+04 1.182840e+04
1.182785e+04 1.182774e+04
1.182748e+04 1.182739e+04
1.182724e+04 1.182721e+04
1.182714e+04 1.182712e+04
1.182709e+04 1.182708e+04
1.182705e+04 1.182705e+04
1.182703e+04 1.182702e+04
1.182701e+04 1.182700e+04
1.182700e+04 1.182700e+04
1.182699e+04 1.182699e+04
1.182698e+04 1.182698e+04
1.182698e+04 1.182698e+04
1.182697e+04 1.182697e+04
1.182697e+04 1.182697e+04
1.182697e+04 1.182697e+04
1.182697e+04 1.182697e+04
1.182697e+04 1.182697e+04
1.182697e+04 1.182697e+04
1.182697e+04 1.182697e+04
1.182697e+04 1.182697e+04
1.182697e+04 1.182697e+04
1.182697e+04 1.182697e+04
1.182697e+04 1.182697e+04
1.182697e+04 1.182697e+04
1.182697e+04 1.182697e+04
1.182697e+04 1.182697e+04
1.182697e+04 1.182697e+04
1.182697e+04 1.182697e+04
4.033042e+04 3.327434e+04
3.716202e+04 3.321624e+04
3.676714e+04 3.212947e+04
3.675224e+04 3.178812e+04
3.657106e+04 3.178812e+04
3.649091e+04 3.095279e+04
3.642171e+04 3.095279e+04
3.641003e+04 3.029641e+04
3.631912e+04 3.029641e+04
3.625343e+04 2.975574e+04
3.623975e+04 2.975574e+04
3.600951e+04 2.975574e+04
3.602166e+04 2.963406e+04
3.589867e+04 2.962214e+04
3.572563e+04 2.945975e+04
3.571161e+04 2.945975e+04
3.552443e+04 2.945975e+04
3.541694e+04 2.913038e+04
3.522674e+04 2.907434e+04
3.524339e+04 2.888906e+04
3.490762e+04 2.855452e+04
3.491662e+04 2.808970e+04
3.470679e+04 2.801471e+04
3.459156e+04 2.801082e+04
3.440388e+04 2.799958e+04
3.422753e+04 2.799479e+04
3.411032e+04 2.799479e+04
3.399446e+04 2.797731e+04
3.387683e+04 2.781939e+04
3.385871e+04 2.781518e+04
3.364755e+04 2.753148e+04
3.372694e+04 2.735441e+04
3.356969e+04 2.731390e+04
3.359971e+04 2.719665e+04
3.344848e+04 2.715349e+04
3.336385e+04 2.641416e+04
3.326998e+04 2.633460e+04
3.318864e+04 2.617509e+04
3.314936e+04 2.601012e+04
3.315195e+04 2.596372e+04
3.279704e+04 2.522183e+04
3.257329e+04 2.515798e+04
3.219017e+04 2.515798e+04
3.256355e+04 2.514926e+04
3.203223e+04 2.460387e+04
3.184154e+04 2.337012e+04
3.156025e+04 2.337012e+04
3.118372e+04 2.323580e+04
3.057325e+04 2.248883e+04
3.007614e+04 2.244672e+04
2.963235e+04 2.235499e+04
2.887015e+04 2.235499e+04
2.858032e+04 2.235499e+04
2.772791e+04 2.127455e+04
2.715846e+04 2.127455e+04
2.643096e+04 2.127455e+04
2.566661e+04 2.127455e+04
2.431639e+04 2.122413e+04
2.293027e+04 2.070685e+04
2.118348e+04 1.925168e+04
1.933456e+04 1.741048e+04
1.753091e+04 1.600001e+04
1.606391e+04 1.459852e+04
1.513587e+04 1.396616e+04
1.395062e+04 1.309235e+04
1.207707e+04 1.180960e+04
1.112793e+04 1.097186e+04
1.066854e+04 1.058099e+04
1.041832e+04 1.038161e+04
1.029356e+04 1.026747e+04
1.020726e+04 1.019066e+04
1.016956e+04 1.016263e+04
1.015053e+04 1.014781e+04
1.014289e+04 1.014181e+04
1.013895e+04 1.013826e+04
1.013645e+04 1.013606e+04
1.013477e+04 1.013452e+04
1.013361e+04 1.013332e+04
1.013290e+04 1.013279e+04
1.013247e+04 1.013241e+04
1.013221e+04 1.013215e+04
1.013196e+04 1.013193e+04
1.013181e+04 1.013180e+04
1.013169e+04 1.013168e+04
1.013159e+04 1.013158e+04
1.013152e+04 1.013152e+04
1.013148e+04 1.013147e+04
1.013144e+04 1.013144e+04
1.013141e+04 1.013141e+04
1.013140e+04 1.013139e+04
1.013139e+04 1.013138e+04
1.013138e+04 1.013138e+04
1.013137e+04 1.013137e+04
1.013136e+04 1.013135e+04
1.013134e+04 1.013134e+04
1.013132e+04 1.013132e+04
1.013131e+04 1.013131e+04
1.013131e+04 1.013131e+04
1.013130e+04 1.013130e+04
1.013130e+04 1.013130e+04
1.013130e+04 1.013130e+04
4.022921e+04 3.393142e+04
3.708669e+04 3.171606e+04
3.670157e+04 3.168532e+04
3.673050e+04 3.168532e+04
3.661596e+04 3.168532e+04
3.652535e+04 3.109645e+04
3.643554e+04 3.094045e+04
3.645427e+04 3.094045e+04
3.641405e+04 3.001046e+04
3.629306e+04 3.001046e+04
3.628591e+04 3.001046e+04
3.627572e+04 3.001046e+04
3.620112e+04 3.001046e+04
3.617194e+04 2.919869e+04
3.593469e+04 2.901868e+04
3.583007e+04 2.899170e+04
3.580827e+04 2.864470e+04
3.567355e+04 2.864470e+04
3.569899e+04 2.864470e+04
3.546639e+04 2.817748e+04
3.538081e+04 2.817748e+04
3.523627e+04 2.817748e+04
3.514444e+04 2.817748e+04
3.515584e+04 2.817748e+04
3.491155e+04 2.817748e+04
3.486509e+04 2.817748e+04
3.471151e+04 2.780381e+04
3.462003e+04 2.780381e+04
3.441994e+04 2.764219e+04
3.425634e+04 2.755951e+04
3.428406e+04 2.705360e+04
3.411005e+04 2.698561e+04
3.407172e+04 2.660280e+04
3.368705e+04 2.660280e+04
3.354641e+04 2.660280e+04
3.344556e+04 2.651300e+04
3.345932e+04 2.624602e+04
3.297243e+04 2.601770e+04
3.312031e+04 2.572691e+04
3.300259e+04 2.570128e+04
3.288317e+04 2.570128e+04
3.240018e+04 2.560722e+04
3.189541e+04 2.557013e+04
3.172851e+04 2.557013e+04
3.136464e+04 2.557013e+04
3.081174e+04 2.522087e+04
3.033501e+04 2.522087e+04
2.969597e+04 2.522087e+04
2.880814e+04 2.494238e+04
2.848895e+04 2.494238e+04
2.800447e+04 2.494238e+04
2.752233e+04 2.481416e+04
2.730287e+04 2.481416e+04
2.673692e+04 2.454017e+04
2.631900e+04 2.417872e+04
2.557861e+04 2.373423e+04
2.430216e+04 2.252010e+04
2.177788e+04 2.056156e+04
1.973943e+04 1.916517e+04
1.858446e+04 1.833522e+04
1.784416e+04 1.767544e+04
1.740686e+04 1.728136e+04
1.690494e+04 1.674478e+04
1.627673e+04 1.608108e+04
1.589148e+04 1.578755e+04
1.564980e+04 1.558865e+04
1.550549e+04 1.546694e+04
1.541533e+04 1.539877e+04
1.538419e+04 1.537755e+04
1.536640e+04 1.536301e+04
1.535776e+04 1.535597e+04
1.535280e+04 1.535158e+04
1.534967e+04 1.534914e+04
1.534754e+04 1.534700e+04
1.534571e+04 1.534521e+04
1.534388e+04 1.534350e+04
1.534263e+04 1.534232e+04
1.534153e+04 1.534127e+04
1.534070e+04 1.534054e+04
1.534020e+04 1.534009e+04
1.533992e+04 1.533987e+04
1.533964e+04 1.533958e+04
1.533940e+04 1.533936e+04
1.533918e+04 1.533913e+04
1.533899e+04 1.533894e+04
1.533881e+04 1.533879e+04
1.533873e+04 1.533871e+04
1.533832e+04 1.533302e+04
1.524902e+04 1.524544e+04
1.523788e+04 1.523764e+04
1.523614e+04 1.523605e+04
1.523546e+04 1.523539e+04
1.523493e+04 1.523489e+04
1.523468e+04 1.523466e+04
1.523442e+04 1.523442e+04
1.523434e+04 1.523434e+04
1.523428e+04 1.523428e+04
1.523417e+04 1.523417e+04
1.523415e+04 1.523415e+04
1.523397e+04 1.523397e+04
1.522695e+04 1.522694e+04
4.020838e+04 3.344751e+04
3.707061e+04 3.270652e+04
3.671804e+04 3.257309e+04
3.662681e+04 3.170702e+04
3.642261e+04 3.126126e+04
3.641314e+04 3.126126e+04
3.631140e+04 3.111747e+04
3.634222e+04 2.916007e+04
3.626212e+04 2.876596e+04
3.619132e+04 2.839017e+04
3.608789e+04 2.819616e+04
3.588816e+04 2.819616e+04
3.589469e+04 2.819616e+04
3.566317e+04 2.819616e+04
3.559173e+04 2.766395e+04
3.540050e+04 2.766395e+04
3.526794e+04 2.766395e+04
3.513971e+04 2.766395e+04
3.507562e+04 2.766395e+04
3.490090e+04 2.766395e+04
3.463008e+04 2.724672e+04
3.462109e+04 2.708631e+04
3.456951e+04 2.705774e+04
3.431338e+04 2.705774e+04
3.418239e+04 2.705774e+04
3.402527e+04 2.693958e+04
3.385420e+04 2.693958e+04
3.383645e+04 2.693958e+04
3.374607e+04 2.693958e+04
3.370453e+04 2.668093e+04
3.365980e+04 2.625248e+04
3.365629e+04 2.619906e+04
3.331816e+04 2.607604e+04
3.339075e+04 2.601345e+04
3.322634e+04 2.571594e+04
3.319065e+04 2.571594e+04
3.271798e+04 2.563354e+04
3.274844e+04 2.536328e+04
3.252534e+04 2.536328e+04
3.196417e+04 2.532857e+04
3.143383e+04 2.518465e+04
3.107491e+04 2.476782e+04
3.030714e+04 2.439303e+04
2.964642e+04 2.433543e+04
2.911704e+04 2.414822e+04
2.822791e+04 2.414822e+04
2.820587e+04 2.388370e+04
2.774168e+04 2.352483e+04
2.726606e+04 2.306366e+04
2.689013e+04 2.306366e+04
2.634751e+04 2.304762e+04
2.601857e+04 2.247341e+04
2.616303e+04 2.247341e+04
2.550194e+04 2.235360e+04
2.492596e+04 2.230354e+04
2.425381e+04 2.147900e+04
2.304714e+04 2.044404e+04
2.075243e+04 1.851073e+04
1.785701e+04 1.664687e+04
1.513620e+04 1.437239e+04
1.344993e+04 1.312333e+04
1.260813e+04 1.245715e+04
1.207485e+04 1.194967e+04
1.177680e+04 1.172951e+04
1.165853e+04 1.164300e+04
1.161606e+04 1.160986e+04
1.159917e+04 1.159665e+04
1.159173e+04 1.159070e+04
1.158919e+04 1.158892e+04
1.158828e+04 1.158818e+04
1.158798e+04 1.158795e+04
1.158789e+04 1.158788e+04
1.158786e+04 1.158786e+04
1.158785e+04 1.158785e+04
1.158784e+04 1.158784e+04
1.158784e+04 1.158784e+04
1.158784e+04 1.158784e+04
1.158784e+04 1.158784e+04
1.158784e+04 1.158784e+04
1.158784e+04 1.158784e+04
1.158784e+04 1.158784e+04
1.158784e+04 1.158784e+04
1.158784e+04 1.158784e+04
1.158784e+04 1.158784e+04
1.158784e+04 1.158784e+04
1.158784e+04 1.158784e+04
1.158784e+04 1.158784e+04
1.205968e+04 1.158784e+04
1.158784e+04 1.158784e+04
1.158784e+04 1.158784e+04
1.184235e+04 1.158784e+04
1.192799e+04 1.158784e+04
1.319925e+04 1.158784e+04
1.158784e+04 1.158784e+04
1.158784e+04 1.158784e+04
1.202687e+04 1.158784e+04
1.280138e+04 1.158784e+04
1.167636e+04 1.158784e+04
1.158784e+04 1.158784e+04
1.158784e+04 1.158784e+04
1.158784e+04 1.158784e+04
4.019366e+04 3.397898e+04
3.713666e+04 3.293034e+04
3.684877e+04 3.221450e+04
3.663824e+04 3.161028e+04
3.656317e+04 3.099571e+04
3.638615e+04 3.099571e+04
3.646910e+04 2.990674e+04
3.634280e+04 2.926765e+04
3.619872e+04 2.889768e+04
3.604476e+04 2.889768e+04
3.606268e+04 2.889768e+04
3.608800e+04 2.889768e+04
3.589069e+04 2.889768e+04
3.573060e+04 2.889768e+04
3.568217e+04 2.889768e+04
3.556906e+04 2.805669e+04
3.544376e+04 2.805669e+04
3.530113e+04 2.805669e+04
3.518859e+04 2.805669e+04
3.501660e+04 2.805669e+04
3.492499e+04 2.775286e+04
3.473525e+04 2.761914e+04
3.471868e+04 2.725279e+04
3.452235e+04 2.714351e+04
3.443845e+04 2.714351e+04
3.429443e+04 2.675651e+04
3.426094e+04 2.668442e+04
3.407350e+04 2.667605e+04
3.394484e+04 2.667191e+04
3.387543e+04 2.644919e+04
3.366994e+04 2.636078e+04
3.364040e+04 2.635126e+04
3.347062e+04 2.620991e+04
3.341589e+04 2.576232e+04
3.316491e+04 2.530763e+04
3.310490e+04 2.486428e+04
3.285682e+04 2.485082e+04
3.258551e+04 2.442652e+04
3.251520e+04 2.364280e+04
3.220644e+04 2.320543e+04
3.199435e+04 2.320543e+04
3.171631e+04 2.293463e+04
3.088030e+04 2.293463e+04
3.030019e+04 2.293463e+04
2.979206e+04 2.290713e+04
2.932433e+04 2.290713e+04
2.865527e+04 2.273141e+04
2.817116e+04 2.273141e+04
2.740874e+04 2.271278e+04
2.683419e+04 2.234600e+04
2.622558e+04 2.227016e+04
2.551836e+04 2.227016e+04
2.461923e+04 2.201498e+04
2.318620e+04 2.035940e+04
2.099638e+04 1.878511e+04
1.848036e+04 1.674142e+04
1.588088e+04 1.524411e+04
1.438128e+04 1.394955e+04
1.349647e+04 1.325137e+04
1.296275e+04 1.280439e+04
1.259111e+04 1.251425e+04
1.237602e+04 1.232128e+04
1.226794e+04 1.225412e+04
1.223573e+04 1.223065e+04
1.222364e+04 1.222166e+04
1.221779e+04 1.221668e+04
1.221506e+04 1.221455e+04
1.221358e+04 1.221332e+04
1.221295e+04 1.221279e+04
1.221257e+04 1.221247e+04
1.221236e+04 1.221232e+04
1.221224e+04 1.221222e+04
1.221218e+04 1.221217e+04
1.221214e+04 1.221213e+04
1.221212e+04 1.221212e+04
1.221210e+04 1.221210e+04
1.221209e+04 1.221208e+04
1.221207e+04 1.221207e+04
1.221206e+04 1.221206e+04
1.221205e+04 1.221205e+04
1.221205e+04 1.221205e+04
1.221204e+04 1.221204e+04
1.221204e+04 1.221204e+04
1.221204e+04 1.221204e+04
1.221204e+04 1.221204e+04
1.221203e+04 1.221203e+04
1.221203e+04 1.221203e+04
1.221203e+04 1.221203e+04
1.221203e+04 1.221203e+04
1.221203e+04 1.221203e+04
1.221203e+04 1.221203e+04
1.221203e+04 1.221203e+04
1.221203e+04 1.221203e+04
1.221203e+04 1.221203e+04
1.221203e+04 1.221203e+04
1.221203e+04 1.221203e+04
1.221203e+04 1.221203e+04
1.221203e+04 1.221203e+04
1.221203e+04 1.221203e+04
1.221203e+04 1.221203e+04
1.221203e+04 1.221203e+04
4.012348e+04 3.423224e+04
3.711627e+04 3.219517e+04
3.666813e+04 3.219517e+04
3.655618e+04 3.219517e+04
3.645566e+04 3.202300e+04
3.640044e+04 3.202300e+04
3.641383e+04 3.175263e+04
3.633131e+04 3.175263e+04
3.629166e+04 3.175263e+04
3.620742e+04 3.101486e+04
3.607673e+04 3.095515e+04
3.603417e+04 3.095515e+04
3.596487e+04 2.951654e+04
3.589965e+04 2.951654e+04
3.588311e+04 2.951654e+04
3.583566e+04 2.951654e+04
3.575655e+04 2.828381e+04
3.562676e+04 2.828381e+04
3.550094e+04 2.828381e+04
3.541135e+04 2.798762e+04
3.535221e+04 2.670125e+04
3.529954e+04 2.670125e+04
3.508665e+04 2.644355e+04
3.499020e+04 2.635736e+04
3.486159e+04 2.598872e+04
3.483896e+04 2.595901e+04
3.470500e+04 2.580702e+04
3.458237e+04 2.578892e+04
3.443831e+04 2.578892e+04
3.436129e+04 2.578892e+04
3.426531e+04 2.549941e+04
3.392932e+04 2.538575e+04
3.394792e+04 2.538060e+04
3.366164e+04 2.504761e+04
3.371875e+04 2.427347e+04
3.330066e+04 2.413282e+04
3.338511e+04 2.349743e+04
3.301091e+04 2.349743e+04
3.264738e+04 2.291712e+04
3.205227e+04 2.291712e+04
3.140344e+04 2.281309e+04
3.074728e+04 2.270940e+04
2.987248e+04 2.260992e+04
2.908231e+04 2.260992e+04
2.813389e+04 2.260992e+04
2.728041e+04 2.247070e+04
2.633564e+04 2.247070e+04
2.569857e+04 2.247070e+04
2.482901e+04 2.242694e+04
2.386472e+04 2.134940e+04
2.241821e+04 1.973295e+04
2.062381e+04 1.829948e+04
1.816046e+04 1.571735e+04
1.526370e+04 1.385644e+04
1.292678e+04 1.242181e+04
1.185605e+04 1.151721e+04
1.117558e+04 1.097799e+04
1.079062e+04 1.069192e+04
1.058190e+04 1.052876e+04
1.042585e+04 1.036986e+04
1.032246e+04 1.029191e+04
1.025006e+04 1.022931e+04
1.020072e+04 1.018576e+04
1.016936e+04 1.015887e+04
1.015282e+04 1.014854e+04
1.014412e+04 1.014199e+04
1.013928e+04 1.013787e+04
1.013557e+04 1.013444e+04
1.013172e+04 1.013013e+04
1.012893e+04 1.012828e+04
1.012701e+04 1.012660e+04
1.012570e+04 1.012544e+04
1.012501e+04 1.012478e+04
1.012430e+04 1.012408e+04
1.012364e+04 1.012346e+04
1.012324e+04 1.012315e+04
1.012295e+04 1.012290e+04
1.012274e+04 1.012270e+04
1.012255e+04 1.012250e+04
1.012240e+04 1.012236e+04
1.012227e+04 1.012224e+04
1.012217e+04 1.012215e+04
1.012207e+04 1.012205e+04
1.012197e+04 1.012196e+04
1.012192e+04 1.012192e+04
1.012188e+04 1.012187e+04
1.012185e+04 1.012185e+04
1.012183e+04 1.012183e+04
1.012180e+04 1.012180e+04
1.012176e+04 1.012176e+04
1.012170e+04 1.012170e+04
1.012163e+04 1.012163e+04
1.012159e+04 1.012159e+04
1.012156e+04 1.012156e+04
1.012154e+04 1.012154e+04
1.012152e+04 1.012152e+04
1.012150e+04 1.012150e+04
1.012149e+04 1.012149e+04
1.012148e+04 1.012148e+04
1.012148e+04 1.012148e+04
1.012148e+04 1.012148e+04
4.033863e+04 3.355426e+04
3.704543e+04 3.195617e+04
3.669427e+04 3.195617e+04
3.656066e+04 3.195617e+04
3.647087e+04 3.123343e+04
3.651356e+04 3.123343e+04
3.651955e+04 3.113189e+04
3.634218e+04 3.113189e+04
3.633870e+04 3.103528e+04
3.622993e+04 3.068960e+04
3.610731e+04 3.059245e+04
3.616067e+04 3.059245e+04
3.604743e+04 2.960657e+04
3.586137e+04 2.960657e+04
3.572102e+04 2.856181e+04
3.573897e+04 2.856181e+04
3.552339e+04 2.856181e+04
3.542166e+04 2.838567e+04
3.542666e+04 2.838567e+04
3.534684e+04 2.798229e+04
3.528934e+04 2.780615e+04
3.515655e+04 2.780615e+04
3.510893e+04 2.780615e+04
3.492207e+04 2.754034e+04
3.487255e+04 2.720353e+04
3.471104e+04 2.696758e+04
3.467848e+04 2.661729e+04
3.460073e+04 2.654395e+04
3.440911e+04 2.637575e+04
3.440559e+04 2.616591e+04
3.429763e+04 2.616591e+04
3.415866e+04 2.616591e+04
3.419956e+04 2.601068e+04
3.401124e+04 2.594781e+04
3.398881e+04 2.525646e+04
3.381227e+04 2.496581e+04
3.365714e+04 2.423496e+04
3.348950e+04 2.423138e+04
3.343517e+04 2.408622e+04
3.303163e+04 2.401416e+04
3.267198e+04 2.391975e+04
3.242288e+04 2.356599e+04
3.241029e+04 2.347292e+04
3.169229e+04 2.322336e+04
3.151390e+04 2.311615e+04
3.070770e+04 2.305604e+04
2.991681e+04 2.266441e+04
2.912224e+04 2.243934e+04
2.814349e+04 2.243934e+04
2.696492e+04 2.243934e+04
2.625085e+04 2.243934e+04
2.538211e+04 2.218219e+04
2.479630e+04 2.193231e+04
2.412560e+04 2.163992e+04
2.349139e+04 2.163992e+04
2.275477e+04 2.106261e+04
2.199546e+04 2.051778e+04
2.093155e+04 1.934794e+04
1.961622e+04 1.836598e+04
1.848259e+04 1.740072e+04
1.748132e+04 1.650353e+04
1.620226e+04 1.559506e+04
1.482212e+04 1.447753e+04
1.381076e+04 1.343869e+04
1.281956e+04 1.263262e+04
1.229342e+04 1.220499e+04
1.197032e+04 1.192340e+04
1.177880e+04 1.175107e+04
1.170339e+04 1.169355e+04
1.167885e+04 1.167487e+04
1.166892e+04 1.166745e+04
1.166524e+04 1.166471e+04
1.166375e+04 1.166357e+04
1.166300e+04 1.166288e+04
1.166255e+04 1.166249e+04
1.166234e+04 1.166230e+04
1.166222e+04 1.166221e+04
1.166214e+04 1.166213e+04
1.166209e+04 1.166208e+04
1.166206e+04 1.166206e+04
1.166205e+04 1.166204e+04
1.166204e+04 1.166204e+04
1.166203e+04 1.166203e+04
1.166202e+04 1.166202e+04
1.166202e+04 1.166202e+04
1.166201e+04 1.166201e+04
1.166201e+04 1.166201e+04
1.166201e+04 1.166201e+04
1.166200e+04 1.166200e+04
1.166200e+04 1.166200e+04
1.166200e+04 1.166200e+04
1.166200e+04 1.166200e+04
1.166200e+04 1.166200e+04
1.166200e+04 1.166200e+04
1.166200e+04 1.166200e+04
1.166200e+04 1.166200e+04
1.166200e+04 1.166200e+04
1.166200e+04 1.166200e+04
1.166200e+04 1.166200e+04
1.166200e+04 1.166200e+04
1.166200e+04 1.166200e+04
4.026331e+04 3.416487e+04
3.712566e+04 3.214161e+04
3.674832e+04 3.214161e+04
3.670656e+04 3.214161e+04
3.655015e+04 3.209949e+04
3.648453e+04 3.209949e+04
3.643389e+04 3.193142e+04
3.634861e+04 3.100997e+04
3.637727e+04 3.100997e+04
3.622334e+04 3.100997e+04
3.604343e+04 3.060585e+04
3.614315e+04 3.060585e+04
3.594788e+04 3.054991e+04
3.587082e+04 3.013982e+04
3.572520e+04 3.013982e+04
3.554416e+04 2.933345e+04
3.557595e+04 2.929108e+04
3.553459e+04 2.926155e+04
3.530809e+04 2.921394e+04
3.534527e+04 2.899450e+04
3.514827e+04 2.811174e+04
3.505615e+04 2.809507e+04
3.495685e+04 2.783825e+04
3.469931e+04 2.780329e+04
3.464209e+04 2.756969e+04
3.456522e+04 2.751611e+04
3.454685e+04 2.743054e+04
3.443248e+04 2.741528e+04
3.433821e+04 2.741528e+04
3.427550e+04 2.741288e+04
3.419817e+04 2.735710e+04
3.419255e+04 2.719301e+04
3.402910e+04 2.719213e+04
3.384634e+04 2.706459e+04
3.377121e+04 2.706459e+04
3.381277e+04 2.671765e+04
3.378864e+04 2.671765e+04
3.388818e+04 2.645785e+04
3.362515e+04 2.634079e+04
3.350194e+04 2.631270e+04
3.357885e+04 2.631231e+04
3.360062e+04 2.629946e+04
3.343902e+04 2.628297e+04
3.350672e+04 2.628297e+04
3.329004e+04 2.628292e+04
3.320390e+04 2.613519e+04
3.309563e+04 2.515061e+04
3.285075e+04 2.509504e+04
3.283648e+04 2.503569e+04
3.294029e+04 2.493540e+04
3.254820e+04 2.489878e+04
3.209159e+04 2.478999e+04
3.160368e+04 2.478103e+04
3.063758e+04 2.425143e+04
2.972235e+04 2.412354e+04
2.881231e+04 2.412354e+04
2.785201e+04 2.370490e+04
2.684755e+04 2.370490e+04
2.539850e+04 2.314820e+04
2.326194e+04 2.083511e+04
2.046524e+04 1.818452e+04
1.684986e+04 1.541856e+04
1.448191e+04 1.386753e+04
1.330843e+04 1.297960e+04
1.222368e+04 1.202020e+04
1.141553e+04 1.122874e+04
1.079557e+04 1.068221e+04
1.045425e+04 1.040271e+04
1.026386e+04 1.023887e+04
1.020140e+04 1.019396e+04
1.017948e+04 1.017704e+04
1.017312e+04 1.017231e+04
1.017050e+04 1.017012e+04
1.016891e+04 1.016871e+04
1.016817e+04 1.016807e+04
1.016785e+04 1.016781e+04
1.016772e+04 1.016770e+04
1.016763e+04 1.016762e+04
1.016756e+04 1.016755e+04
1.016752e+04 1.016752e+04
1.016750e+04 1.016750e+04
1.016749e+04 1.016749e+04
1.016748e+04 1.016748e+04
1.016748e+04 1.016748e+04
1.016747e+04 1.016747e+04
1.016747e+04 1.016747e+04
1.016746e+04 1.016746e+04
1.016746e+04 1.016746e+04
1.016745e+04 1.016745e+04
1.016745e+04 1.016745e+04
1.016744e+04 1.016744e+04
1.016743e+04 1.016743e+04
1.016742e+04 1.016742e+04
1.016741e+04 1.016741e+04
1.016741e+04 1.016741e+04
1.016741e+04 1.016741e+04
1.016741e+04 1.016741e+04
1.016741e+04 1.016741e+04
1.016741e+04 1.016741e+04
1.016741e+04 1.016741e+04
1.016741e+04 1.016741e+04
4.013863e+04 3.312371e+04
3.711175e+04 3.158937e+04
3.666508e+04 3.158937e+04
3.665890e+04 3.131609e+04
3.656921e+04 3.131609e+04
3.660752e+04 3.131609e+04
3.635819e+04 3.067250e+04
3.624374e+04 3.067250e+04
3.621421e+04 2.985143e+04
3.607443e+04 2.985143e+04
3.590671e+04 2.985143e+04
3.602278e+04 2.985143e+04
3.588528e+04 2.984107e+04
3.572201e+04 2.984107e+04
3.574809e+04 2.984107e+04
3.557908e+04 2.950761e+04
3.545593e+04 2.950761e+04
3.541731e+04 2.853714e+04
3.524889e+04 2.793564e+04
3.518777e+04 2.793564e+04
3.499773e+04 2.793564e+04
3.491276e+04 2.793564e+04
3.480251e+04 2.793564e+04
3.466544e+04 2.793564e+04
3.456897e+04 2.793564e+04
3.435301e+04 2.779571e+04
3.441813e+04 2.747548e+04
3.417459e+04 2.747548e+04
3.410332e+04 2.703170e+04
3.416911e+04 2.703170e+04
3.404678e+04 2.692829e+04
3.387187e+04 2.577103e+04
3.369422e+04 2.577103e+04
3.343235e+04 2.569664e+04
3.329261e+04 2.531699e+04
3.310659e+04 2.498277e+04
3.298077e+04 2.443877e+04
3.270840e+04 2.367810e+04
3.222259e+04 2.367810e+04
3.206141e+04 2.340596e+04
3.195858e+04 2.309300e+04
3.158853e+04 2.273998e+04
3.112114e+04 2.273998e+04
3.046788e+04 2.244735e+04
2.964530e+04 2.221250e+04
2.862671e+04 2.221250e+04
2.821092e+04 2.198738e+04
2.734320e+04 2.198738e+04
2.639697e+04 2.198738e+04
2.559481e+04 2.159126e+04
2.466100e+04 2.159126e+04
2.326801e+04 2.046293e+04
2.111908e+04 1.855876e+04
1.814865e+04 1.667442e+04
1.536250e+04 1.441066e+04
1.368382e+04 1.313655e+04
1.281317e+04 1.249941e+04
1.224299e+04 1.209567e+04
1.190309e+04 1.180518e+04
1.172846e+04 1.168552e+04
1.160596e+04 1.156226e+04
1.152579e+04 1.149755e+04
1.145771e+04 1.143579e+04
1.140624e+04 1.139277e+04
1.137785e+04 1.137059e+04
1.136214e+04 1.135680e+04
1.134902e+04 1.134541e+04
1.133968e+04 1.133670e+04
1.133373e+04 1.133208e+04
1.133056e+04 1.132960e+04
1.132807e+04 1.132739e+04
1.132654e+04 1.132614e+04
1.132575e+04 1.132552e+04
1.132521e+04 1.132510e+04
1.132488e+04 1.132478e+04
1.132460e+04 1.132451e+04
1.132425e+04 1.132419e+04
1.132406e+04 1.132401e+04
1.132392e+04 1.132388e+04
1.132379e+04 1.132376e+04
1.132368e+04 1.132366e+04
1.132358e+04 1.132356e+04
1.132349e+04 1.132348e+04
1.132345e+04 1.132344e+04
1.132341e+04 1.132340e+04
1.132338e+04 1.132338e+04
1.132336e+04 1.132335e+04
1.132334e+04 1.132334e+04
1.132332e+04 1.132332e+04
1.132331e+04 1.132331e+04
1.132330e+04 1.132330e+04
1.132330e+04 1.132330e+04
1.132329e+04 1.132329e+04
1.132328e+04 1.132328e+04
1.132328e+04 1.132328e+04
1.132328e+04 1.132328e+04
1.132328e+04 1.132328e+04
1.132328e+04 1.132327e+04
1.132327e+04 1.132327e+04
1.132327e+04 1.132327e+04
1.132327e+04 1.132327e+04
4.016445e+04 3.443134e+04
3.709348e+04 3.168232e+04
3.665045e+04 3.168232e+04
3.673024e+04 3.168232e+04
3.657935e+04 3.145798e+04
3.650895e+04 3.145798e+04
3.629565e+04 3.085252e+04
3.612368e+04 3.032102e+04
3.627579e+04 3.032102e+04
3.611217e+04 3.032102e+04
3.598588e+04 3.032102e+04
3.603770e+04 3.032102e+04
3.586218e+04 2.982721e+04
3.576658e+04 2.966553e+04
3.577546e+04 2.966553e+04
3.567619e+04 2.966553e+04
3.564955e+04 2.966553e+04
3.547238e+04 2.966553e+04
3.544351e+04 2.939190e+04
3.541141e+04 2.939190e+04
3.528468e+04 2.893160e+04
3.508832e+04 2.893160e+04
3.509905e+04 2.876489e+04
3.496646e+04 2.854624e+04
3.484042e+04 2.854624e+04
3.472678e+04 2.838699e+04
3.465442e+04 2.835132e+04
3.444279e+04 2.829094e+04
3.454443e+04 2.829094e+04
3.457030e+04 2.821735e+04
3.432873e+04 2.818620e+04
3.421593e+04 2.811595e+04
3.414039e+04 2.791271e+04
3.404383e+04 2.789320e+04
3.393155e+04 2.767649e+04
3.375420e+04 2.741317e+04
3.389502e+04 2.736838e+04
3.361936e+04 2.712811e+04
3.354108e+04 2.690375e+04
3.349167e+04 2.656586e+04
3.327034e+04 2.629053e+04
3.313423e+04 2.601233e+04
3.295122e+04 2.584004e+04
3.263167e+04 2.584004e+04
3.248210e+04 2.580610e+04
3.230126e+04 2.574966e+04
3.200632e+04 2.531709e+04
3.151796e+04 2.513524e+04
3.088286e+04 2.512284e+04
3.041169e+04 2.493531e+04
2.973594e+04 2.493531e+04
2.895559e+04 2.493531e+04
2.818933e+04 2.481208e+04
2.787308e+04 2.471543e+04
2.712658e+04 2.463479e+04
2.650891e+04 2.457589e+04
2.607330e+04 2.412140e+04
2.545254e+04 2.353003e+04
2.480240e+04 2.300804e+04
2.395973e+04 2.241301e+04
2.260478e+04 2.089650e+04
2.102236e+04 1.963064e+04
1.850071e+04 1.788290e+04
1.711910e+04 1.686490e+04
1.634628e+04 1.612123e+04
1.573654e+04 1.561276e+04
1.530752e+04 1.521984e+04
1.506338e+04 1.501607e+04
1.492665e+04 1.489926e+04
1.484975e+04 1.483426e+04
1.479338e+04 1.478418e+04
1.476223e+04 1.475410e+04
1.474481e+04 1.474098e+04
1.473620e+04 1.473450e+04
1.473216e+04 1.473143e+04
1.472941e+04 1.472893e+04
1.472790e+04 1.472755e+04
1.472700e+04 1.472688e+04
1.472647e+04 1.472635e+04
1.472600e+04 1.472587e+04
1.472544e+04 1.472534e+04
1.472493e+04 1.472483e+04
1.472459e+04 1.472454e+04
1.472431e+04 1.472425e+04
1.472413e+04 1.472410e+04
1.472397e+04 1.472395e+04
1.472388e+04 1.472387e+04
1.472378e+04 1.472377e+04
1.472373e+04 1.472372e+04
1.472367e+04 1.472366e+04
1.472360e+04 1.472359e+04
1.472356e+04 1.472356e+04
1.472352e+04 1.472352e+04
1.472348e+04 1.472348e+04
1.472345e+04 1.472345e+04
1.472343e+04 1.472343e+04
1.472342e+04 1.472342e+04
1.472341e+04 1.472341e+04
1.472341e+04 1.472341e+04
1.472340e+04 1.472340e+04
1.472340e+04 1.472340e+04
4.025687e+04 3.473148e+04
3.704502e+04 3.205643e+04
3.662609e+04 3.146405e+04
3.684392e+04 3.146405e+04
3.666972e+04 3.124560e+04
3.642137e+04 3.117241e+04
3.647025e+04 3.117241e+04
3.637046e+04 3.117241e+04
3.631366e+04 3.094430e+04
3.621594e+04 3.093103e+04
3.615666e+04 3.067469e+04
3.604824e+04 3.067469e+04
3.605718e+04 3.066228e+04
3.588450e+04 3.061379e+04
3.579530e+04 2.973853e+04
3.573996e+04 2.973853e+04
3.577254e+04 2.957494e+04
3.556555e+04 2.955267e+04
3.549952e+04 2.955267e+04
3.551482e+04 2.955267e+04
3.535064e+04 2.950453e+04
3.519408e+04 2.950453e+04
3.516103e+04 2.950453e+04
3.517966e+04 2.950453e+04
3.504345e+04 2.950453e+04
3.491792e+04 2.950453e+04
3.490177e+04 2.917190e+04
3.476381e+04 2.907068e+04
3.482433e+04 2.907068e+04
3.470726e+04 2.794442e+04
3.455286e+04 2.794441e+04
3.452564e+04 2.787389e+04
3.435922e+04 2.782443e+04
3.429938e+04 2.780830e+04
3.412975e+04 2.772187e+04
3.410773e+04 2.771852e+04
3.401945e+04 2.765360e+04
3.385739e+04 2.742715e+04
3.371620e+04 2.727815e+04
3.358636e+04 2.723463e+04
3.347708e+04 2.698202e+04
3.340613e+04 2.695023e+04
3.321088e+04 2.677710e+04
3.315789e+04 2.677710e+04
3.286719e+04 2.664676e+04
3.253018e+04 2.658259e+04
3.227821e+04 2.651013e+04
3.227846e+04 2.634647e+04
3.203094e+04 2.594321e+04
3.152003e+04 2.588232e+04
3.121277e+04 2.585047e+04
3.074725e+04 2.583334e+04
3.079796e+04 2.582809e+04
3.019038e+04 2.582809e+04
2.967795e+04 2.582809e+04
2.917237e+04 2.582809e+04
2.909796e+04 2.578875e+04
2.835409e+04 2.502010e+04
2.791125e+04 2.472409e+04
2.741190e+04 2.384263e+04
2.669368e+04 2.384263e+04
2.587374e+04 2.355932e+04
2.406791e+04 2.121351e+04
1.952595e+04 1.800363e+04
1.637325e+04 1.554301e+04
1.465127e+04 1.437263e+04
1.398123e+04 1.386933e+04
1.364870e+04 1.360102e+04
1.351550e+04 1.349480e+04
1.344836e+04 1.343398e+04
1.339623e+04 1.338497e+04
1.336199e+04 1.335536e+04
1.334495e+04 1.334229e+04
1.333896e+04 1.333821e+04
1.333687e+04 1.333644e+04
1.333559e+04 1.333534e+04
1.333479e+04 1.333459e+04
1.333409e+04 1.333396e+04
1.333374e+04 1.333367e+04
1.333354e+04 1.333349e+04
1.333337e+04 1.333333e+04
1.333322e+04 1.333320e+04
1.333313e+04 1.333311e+04
1.333304e+04 1.333303e+04
1.333298e+04 1.333297e+04
1.333294e+04 1.333293e+04
1.333291e+04 1.333290e+04
1.333287e+04 1.333286e+04
1.333283e+04 1.333283e+04
1.333280e+04 1.333280e+04
1.333278e+04 1.333277e+04
1.333274e+04 1.333274e+04
1.333273e+04 1.333273e+04
1.333272e+04 1.333272e+04
1.333271e+04 1.333271e+04
1.333271e+04 1.333271e+04
1.333271e+04 1.333271e+04
1.333271e+04 1.333271e+04
1.333271e+04 1.333271e+04
1.333271e+04 1.333271e+04
1.333271e+04 1.333271e+04
4.018931e+04 3.295082e+04
3.707521e+04 3.248776e+04
3.659608e+04 3.161253e+04
3.665774e+04 3.161253e+04
3.657606e+04 3.069899e+04
3.651325e+04 3.064172e+04
3.637811e+04 3.049281e+04
3.634756e+04 3.029335e+04
3.636777e+04 3.020308e+04
3.613718e+04 3.020308e+04
3.613919e+04 3.020308e+04
3.602629e+04 2.970209e+04
3.597428e+04 2.970209e+04
3.588111e+04 2.941060e+04
3.585233e+04 2.941060e+04
3.570307e+04 2.916186e+04
3.551533e+04 2.825803e+04
3.543479e+04 2.825803e+04
3.529667e+04 2.825803e+04
3.515820e+04 2.825803e+04
3.502596e+04 2.825803e+04
3.502608e+04 2.825803e+04
3.487634e+04 2.825803e+04
3.473249e+04 2.795199e+04
3.466982e+04 2.792815e+04
3.439745e+04 2.716237e+04
3.427151e+04 2.678321e+04
3.417504e+04 2.651713e+04
3.400440e+04 2.650569e+04
3.394180e+04 2.647917e+04
3.393871e+04 2.566396e+04
3.379401e+04 2.539867e+04
3.370662e+04 2.539471e+04
3.363318e+04 2.530984e+04
3.359517e+04 2.526992e+04
3.318171e+04 2.514928e+04
3.321494e+04 2.514626e+04
3.324810e+04 2.506498e+04
3.296787e+04 2.483465e+04
3.267518e+04 2.471680e+04
3.268098e+04 2.418077e+04
3.253298e+04 2.409958e+04
3.230248e+04 2.409958e+04
3.184581e+04 2.396261e+04
3.141777e+04 2.392641e+04
3.056863e+04 2.372729e+04
2.943776e+04 2.345346e+04
2.869533e+04 2.313233e+04
2.793596e+04 2.313233e+04
2.715198e+04 2.313233e+04
2.627611e+04 2.313233e+04
2.531609e+04 2.206164e+04
2.399306e+04 2.154873e+04
2.203092e+04 2.022188e+04
1.956382e+04 1.808483e+04
1.761025e+04 1.679832e+04
1.599576e+04 1.533693e+04
1.448197e+04 1.412591e+04
1.345102e+04 1.312515e+04
1.271551e+04 1.250101e+04
1.214860e+04 1.201085e+04
1.178797e+04 1.169625e+04
1.157577e+04 1.151255e+04
1.145066e+04 1.142374e+04
1.139096e+04 1.137759e+04
1.136186e+04 1.135575e+04
1.134668e+04 1.134328e+04
1.133828e+04 1.133578e+04
1.133308e+04 1.133174e+04
1.132937e+04 1.132824e+04
1.132648e+04 1.132588e+04
1.132469e+04 1.132429e+04
1.132376e+04 1.132345e+04
1.132284e+04 1.132261e+04
1.132218e+04 1.132198e+04
1.132175e+04 1.132166e+04
1.132148e+04 1.132142e+04
1.132122e+04 1.132118e+04
1.132095e+04 1.132089e+04
1.132070e+04 1.132066e+04
1.132057e+04 1.132054e+04
1.132040e+04 1.132037e+04
1.132028e+04 1.132025e+04
1.132017e+04 1.132015e+04
1.132008e+04 1.132006e+04
1.131995e+04 1.131993e+04
1.131983e+04 1.131982e+04
1.131976e+04 1.131975e+04
1.131971e+04 1.131971e+04
1.131968e+04 1.131967e+04
1.131964e+04 1.131964e+04
1.131962e+04 1.131962e+04
1.131960e+04 1.131959e+04
1.131958e+04 1.131958e+04
1.131957e+04 1.131957e+04
1.131956e+04 1.131956e+04
1.131956e+04 1.131956e+04
1.131956e+04 1.131956e+04
1.131955e+04 1.131955e+04
1.131955e+04 1.131955e+04
1.131955e+04 1.131955e+04
