1.554528e+11 5.641454e+10
8.698847e+10 4.555457e+10
6.935072e+10 3.410523e+10
5.875976e+10 2.830865e+10
5.314350e+10 2.141261e+10
5.085462e+10 1.885418e+10
4.671062e+10 1.441109e+10
4.252457e+10 1.441109e+10
4.030554e+10 1.290905e+10
3.617662e+10 1.051229e+10
3.671378e+10 1.051229e+10
3.203169e+10 8.387770e+09
3.114919e+10 7.828445e+09
2.721865e+10 7.828445e+09
2.614624e+10 7.828445e+09
2.311678e+10 4.621333e+09
2.111190e+10 4.621333e+09
1.900896e+10 4.621333e+09
1.643898e+10 4.525077e+09
1.576571e+10 4.525077e+09
1.248102e+10 3.454575e+09
1.162919e+10 3.454575e+09
9.847582e+09 3.416482e+09
1.068994e+10 2.839801e+09
1.024660e+10 2.839801e+09
9.264193e+09 2.839801e+09
8.166520e+09 2.140323e+09
9.285662e+09 2.140323e+09
8.427771e+09 2.140323e+09
6.656548e+09 1.522250e+09
5.771349e+09 1.395647e+09
5.258828e+09 1.395647e+09
4.900819e+09 1.395647e+09
4.618771e+09 1.395647e+09
4.883268e+09 1.186107e+09
3.242590e+09 1.186107e+09
2.728983e+09 1.048124e+09
1.550259e+09 6.595992e+08
7.484804e+08 2.543229e+08
2.742773e+08 9.993534e+07
9.506939e+07 3.014448e+07
2.832116e+07 1.107513e+07
9.005478e+06 3.504525e+06
2.603173e+06 9.487276e+05
8.681135e+05 2.326952e+05
2.687049e+05 7.985055e+04
7.974821e+04 2.429051e+04
2.338064e+04 6.533798e+03
6.982164e+03 3.534945e+03
2.746472e+03 1.532007e+03
1.299667e+03 9.550224e+02
9.162562e+02 7.964823e+02
7.659964e+02 7.068380e+02
6.866966e+02 6.450640e+02
6.283128e+02 6.018690e+02
5.826889e+02 5.608440e+02
5.503554e+02 5.328039e+02
5.228869e+02 5.091523e+02
5.030025e+02 4.960330e+02
4.869990e+02 4.790915e+02
4.733336e+02 4.688407e+02
4.621964e+02 4.583180e+02
4.519291e+02 4.473079e+02
4.415305e+02 4.376692e+02
4.326264e+02 4.278168e+02
4.213779e+02 4.156307e+02
4.094401e+02 4.051776e+02
3.960938e+02 3.911326e+02
3.811214e+02 3.758665e+02
3.671673e+02 3.625070e+02
3.531476e+02 3.487345e+02
3.388468e+02 3.353100e+02
3.274725e+02 3.241780e+02
3.184733e+02 3.157340e+02
3.100740e+02 3.078748e+02
3.013566e+02 2.981538e+02
2.918169e+02 2.887365e+02
2.805319e+02 2.773551e+02
2.704055e+02 2.687065e+02
2.596687e+02 2.574624e+02
2.498509e+02 2.473263e+02
2.462523e+02 2.456708e+02
2.452672e+02 2.449518e+02
2.447585e+02 2.445345e+02
2.443671e+02 2.441739e+02
2.439218e+02 2.438249e+02
2.436847e+02 2.436311e+02
2.436141e+02 2.435759e+02
2.434933e+02 2.434340e+02
2.433844e+02 2.433500e+02
2.432704e+02 2.432559e+02
2.431965e+02 2.431852e+02
2.430508e+02 2.430386e+02
2.428762e+02 2.428658e+02
2.427133e+02 2.426906e+02
2.426054e+02 2.426007e+02
2.425066e+02 2.425028e+02
2.424636e+02 2.424627e+02
2.424020e+02 2.424017e+02
2.423834e+02 2.423834e+02
2.423797e+02 2.423797e+02
1.545095e+11 6.674733e+10
9.155002e+10 4.610657e+10
7.690343e+10 2.747613e+10
6.535831e+10 2.698318e+10
5.989739e+10 1.916215e+10
5.498331e+10 1.916215e+10
5.044166e+10 1.657656e+10
4.780236e+10 1.657656e+10
4.351015e+10 1.602842e+10
3.883532e+10 1.602842e+10
3.760941e+10 1.474116e+10
3.437377e+10 1.079403e+10
3.204238e+10 1.079403e+10
2.865576e+10 1.079403e+10
2.605816e+10 9.559042e+09
2.563454e+10 8.762328e+09
2.352439e+10 8.065163e+09
2.219806e+10 7.579157e+09
1.838393e+10 7.092370e+09
1.726788e+10 6.202190e+09
1.494915e+10 5.714547e+09
1.370074e+10 5.180315e+09
1.402441e+10 4.991900e+09
1.162081e+10 4.443887e+09
1.090086e+10 3.959625e+09
1.223232e+10 3.668525e+09
1.044039e+10 3.567549e+09
8.197708e+09 2.751459e+09
7.083864e+09 2.303481e+09
6.361689e+09 1.915009e+09
5.752597e+09 1.915009e+09
5.980388e+09 1.578754e+09
5.335417e+09 1.578754e+09
4.471171e+09 1.567522e+09
4.206823e+09 1.029534e+09
3.440382e+09 1.000945e+09
3.947666e+09 7.953491e+08
3.259383e+09 7.953491e+08
2.425675e+09 7.953491e+08
2.117753e+09 7.953482e+08
1.684586e+09 4.930110e+08
1.148274e+09 4.641083e+08
5.466838e+08 2.164788e+08
1.991135e+08 5.082881e+07
5.541752e+07 2.332835e+07
1.626688e+07 6.562309e+06
5.005147e+06 1.841626e+06
1.402114e+06 4.655693e+05
3.968284e+05 1.245971e+05
1.121664e+05 3.949547e+04
2.973755e+04 9.356556e+03
8.660264e+03 3.367576e+03
3.053751e+03 1.772398e+03
1.516822e+03 1.205439e+03
1.086329e+03 9.361662e+02
9.168958e+02 8.257145e+02
8.135175e+02 7.571980e+02
7.093884e+02 6.760707e+02
6.549980e+02 6.344728e+02
6.223976e+02 6.108300e+02
5.950855e+02 5.839114e+02
5.659779e+02 5.518454e+02
5.411453e+02 5.343263e+02
5.257437e+02 5.193590e+02
5.122379e+02 5.064581e+02
5.018927e+02 4.979881e+02
4.895513e+02 4.855864e+02
4.767829e+02 4.715579e+02
4.637339e+02 4.579485e+02
4.472415e+02 4.412022e+02
4.275064e+02 4.195070e+02
4.052945e+02 3.994249e+02
3.860101e+02 3.806839e+02
3.722599e+02 3.666167e+02
3.525922e+02 3.469552e+02
3.387877e+02 3.347513e+02
3.244053e+02 3.206178e+02
3.090024e+02 3.059228e+02
2.971810e+02 2.948693e+02
2.849694e+02 2.828387e+02
2.755286e+02 2.738698e+02
2.689637e+02 2.679241e+02
2.634711e+02 2.626020e+02
2.569645e+02 2.557695e+02
2.516263e+02 2.500689e+02
2.451507e+02 2.444913e+02
7.790077e+08 2.439675e+02
2.436003e+02 2.434740e+02
2.433675e+02 2.433207e+02
2.432717e+02 2.432435e+02
2.430851e+02 2.430593e+02
2.429240e+02 2.429076e+02
2.428329e+02 2.428221e+02
2.426677e+02 2.426543e+02
2.425209e+02 2.425059e+02
2.423254e+02 2.423143e+02
2.421581e+02 2.421543e+02
2.420120e+02 2.420070e+02
2.418643e+02 2.418628e+02
2.418330e+02 2.418326e+02
2.417563e+02 2.417563e+02
1.547507e+11 6.746176e+10
9.117812e+10 3.842884e+10
7.599577e+10 3.842884e+10
6.613453e+10 3.230524e+10
5.954942e+10 2.557984e+10
5.423519e+10 1.800630e+10
5.025493e+10 1.666739e+10
4.474799e+10 1.547046e+10
4.332675e+10 1.490225e+10
4.066895e+10 1.382870e+10
3.626127e+10 1.253225e+10
3.435696e+10 1.253225e+10
3.028011e+10 9.138160e+09
2.856800e+10 8.887774e+09
2.520701e+10 7.966603e+09
2.618535e+10 7.966603e+09
2.595880e+10 7.966603e+09
2.047100e+10 7.283996e+09
2.134291e+10 5.936572e+09
1.562175e+10 5.302782e+09
1.581102e+10 4.509707e+09
1.348977e+10 4.314356e+09
1.274604e+10 3.624678e+09
1.323892e+10 3.061258e+09
9.029260e+09 3.061258e+09
1.137978e+10 3.061258e+09
1.012760e+10 2.931894e+09
1.066231e+10 2.576546e+09
8.317563e+09 2.530953e+09
7.657347e+09 1.973939e+09
6.915376e+09 1.973939e+09
5.962384e+09 1.320245e+09
4.720879e+09 1.320245e+09
4.148794e+09 1.320245e+09
3.978023e+09 1.278103e+09
3.017809e+09 9.271173e+08
2.116745e+09 7.602854e+08
1.330143e+09 5.213629e+08
5.886393e+08 1.992273e+08
2.322328e+08 8.752418e+07
7.550351e+07 2.540915e+07
2.450177e+07 7.903560e+06
7.477129e+06 2.600808e+06
2.067374e+06 6.946774e+05
6.641159e+05 2.020754e+05
1.931572e+05 7.000458e+04
5.446752e+04 2.088145e+04
1.768973e+04 6.807340e+03
6.804506e+03 3.996650e+03
3.605526e+03 2.644671e+03
2.367958e+03 1.982109e+03
1.779094e+03 1.488182e+03
1.444304e+03 1.279561e+03
1.221968e+03 1.125508e+03
1.079695e+03 9.800555e+02
9.515404e+02 8.778708e+02
8.480822e+02 8.113333e+02
7.900980e+02 7.627635e+02
7.465817e+02 7.322861e+02
7.148462e+02 7.018457e+02
6.933363e+02 6.843549e+02
6.749694e+02 6.689669e+02
6.628612e+02 6.576041e+02
6.508254e+02 6.454455e+02
6.376634e+02 6.291504e+02
6.159716e+02 6.067266e+02
5.920649e+02 5.795602e+02
5.595023e+02 5.461949e+02
5.235861e+02 5.134044e+02
4.971638e+02 4.887448e+02
4.740332e+02 4.657547e+02
4.477150e+02 4.398249e+02
4.270257e+02 4.211172e+02
4.057797e+02 4.007945e+02
3.902862e+02 3.870124e+02
3.769807e+02 3.733893e+02
3.629195e+02 3.599205e+02
3.493617e+02 3.465744e+02
3.395485e+02 3.372556e+02
3.302584e+02 3.276200e+02
3.183757e+02 3.163243e+02
3.108748e+02 3.094009e+02
3.029579e+02 3.013495e+02
2.948935e+02 2.935012e+02
2.850418e+02 2.835053e+02
2.819299e+02 2.815540e+02
2.811475e+02 2.810062e+02
2.806915e+02 2.805425e+02
2.804490e+02 2.803630e+02
2.803010e+02 2.802623e+02
2.802086e+02 2.801869e+02
2.801398e+02 2.801246e+02
2.798654e+02 2.798381e+02
2.795574e+02 2.795377e+02
2.794331e+02 2.794184e+02
2.793223e+02 2.793169e+02
2.790339e+02 2.790171e+02
2.789037e+02 2.788996e+02
2.788335e+02 2.788320e+02
2.788028e+02 2.788025e+02
2.787906e+02 2.787906e+02
1.545689e+11 6.220318e+10
8.899028e+10 4.096542e+10
7.365178e+10 3.538203e+10
6.510821e+10 2.394674e+10
5.889825e+10 2.394674e+10
5.532691e+10 2.394674e+10
5.055215e+10 1.987444e+10
4.578416e+10 1.786659e+10
4.301946e+10 1.720979e+10
4.044756e+10 1.577437e+10
3.907967e+10 1.136091e+10
3.727889e+10 1.136091e+10
3.417702e+10 1.136091e+10
3.292218e+10 1.031281e+10
3.073319e+10 8.863332e+09
2.848903e+10 8.002568e+09
2.530219e+10 6.700352e+09
2.272715e+10 6.700352e+09
2.306663e+10 6.700352e+09
1.973356e+10 6.700352e+09
1.679037e+10 5.441210e+09
1.619650e+10 5.441210e+09
1.348543e+10 4.179006e+09
1.301188e+10 4.179006e+09
1.318994e+10 3.692440e+09
1.079460e+10 3.438476e+09
1.055477e+10 3.233593e+09
8.693897e+09 3.233593e+09
8.699015e+09 2.739163e+09
7.952206e+09 1.939513e+09
5.608877e+09 1.939513e+09
5.089173e+09 1.939513e+09
5.332694e+09 1.525504e+09
4.043841e+09 1.446660e+09
3.047111e+09 1.043126e+09
2.510665e+09 8.311359e+08
1.843125e+09 6.110972e+08
1.151833e+09 4.203149e+08
5.179817e+08 1.855053e+08
1.867280e+08 7.322638e+07
6.376495e+07 2.467053e+07
2.114475e+07 7.667708e+06
6.203150e+06 1.994442e+06
1.692169e+06 7.400739e+05
4.977909e+05 2.007148e+05
1.594924e+05 4.993722e+04
4.677560e+04 1.776533e+04
1.586950e+04 7.976952e+03
6.499505e+03 4.234597e+03
3.473791e+03 2.610891e+03
2.392539e+03 2.078579e+03
1.963850e+03 1.759127e+03
1.704774e+03 1.535610e+03
1.498691e+03 1.375617e+03
1.336826e+03 1.234309e+03
1.204515e+03 1.138234e+03
1.094443e+03 1.049527e+03
1.003403e+03 9.625576e+02
9.289779e+02 8.987570e+02
8.641538e+02 8.372583e+02
8.081376e+02 7.889111e+02
7.680548e+02 7.500454e+02
7.289183e+02 7.108063e+02
6.963664e+02 6.836257e+02
6.679827e+02 6.571863e+02
6.360451e+02 6.272643e+02
6.077349e+02 5.929266e+02
5.777522e+02 5.665119e+02
5.450076e+02 5.335276e+02
5.131502e+02 4.999999e+02
4.861744e+02 4.779339e+02
4.532872e+02 4.459849e+02
4.287636e+02 4.222854e+02
4.079333e+02 4.023795e+02
3.893636e+02 3.830733e+02
3.682420e+02 3.625076e+02
3.512208e+02 3.479112e+02
3.372187e+02 3.342513e+02
3.244900e+02 3.211894e+02
3.138655e+02 3.119227e+02
3.056112e+02 3.039432e+02
2.993465e+02 2.984532e+02
2.948106e+02 2.942359e+02
2.915058e+02 2.907014e+02
2.859418e+02 2.847532e+02
2.833605e+02 2.829876e+02
2.826300e+02 2.824283e+02
2.823479e+02 2.822653e+02
2.820496e+02 2.819564e+02
2.816792e+02 2.816417e+02
2.815323e+02 2.815065e+02
2.813316e+02 2.813070e+02
2.811432e+02 2.811201e+02
2.807812e+02 2.807434e+02
2.798823e+02 2.798695e+02
2.797876e+02 2.797840e+02
2.796421e+02 2.796347e+02
2.794948e+02 2.794935e+02
2.793856e+02 2.793849e+02
2.793039e+02 2.793031e+02
2.792199e+02 2.792199e+02
1.532499e+11 7.195002e+10
9.201146e+10 4.458153e+10
7.850654e+10 2.983331e+10
6.762732e+10 2.964729e+10
6.169735e+10 2.432995e+10
5.599438e+10 1.744626e+10
5.114966e+10 1.744626e+10
4.904258e+10 1.613157e+10
4.137241e+10 1.415576e+10
3.844727e+10 1.351421e+10
3.598814e+10 1.351421e+10
3.266532e+10 1.264729e+10
2.915445e+10 9.237778e+09
2.871749e+10 8.820245e+09
2.725898e+10 8.694772e+09
2.240390e+10 7.252073e+09
2.090569e+10 6.521898e+09
2.001464e+10 5.875553e+09
1.660264e+10 5.426579e+09
1.668393e+10 5.426579e+09
1.591417e+10 4.199590e+09
1.417331e+10 4.199590e+09
1.530480e+10 3.327682e+09
1.243028e+10 3.327682e+09
1.085698e+10 3.275590e+09
1.159369e+10 3.157504e+09
1.021247e+10 2.910451e+09
8.694696e+09 2.910451e+09
7.431219e+09 2.007436e+09
6.556465e+09 2.007436e+09
6.891299e+09 1.969059e+09
7.843682e+09 1.969059e+09
5.187736e+09 1.775394e+09
4.904860e+09 1.775394e+09
4.195172e+09 1.223612e+09
3.753387e+09 1.209908e+09
3.143036e+09 1.160950e+09
2.566819e+09 1.035613e+09
1.847147e+09 6.869454e+08
9.836152e+08 4.173713e+08
3.905853e+08 1.401115e+08
1.335866e+08 5.849366e+07
4.475541e+07 1.585313e+07
1.394918e+07 5.004516e+06
4.200330e+06 1.147617e+06
1.124226e+06 4.239650e+05
3.360268e+05 1.099877e+05
9.242117e+04 3.579017e+04
2.792611e+04 1.023761e+04
8.792522e+03 4.041258e+03
3.161795e+03 1.827592e+03
1.614285e+03 1.175286e+03
1.113352e+03 9.163929e+02
8.847991e+02 7.848709e+02
7.568639e+02 6.890881e+02
6.600131e+02 6.126589e+02
5.929990e+02 5.605128e+02
5.500539e+02 5.323938e+02
5.153285e+02 5.020871e+02
4.930699e+02 4.848778e+02
4.807242e+02 4.756912e+02
4.702834e+02 4.660922e+02
4.599220e+02 4.560423e+02
4.500564e+02 4.446090e+02
4.402900e+02 4.368860e+02
4.289549e+02 4.240699e+02
4.138724e+02 4.093587e+02
3.984513e+02 3.919074e+02
3.811785e+02 3.759003e+02
3.658306e+02 3.611013e+02
3.499834e+02 3.433125e+02
3.326744e+02 3.280403e+02
3.158097e+02 3.121323e+02
3.042510e+02 3.013052e+02
2.946947e+02 2.925111e+02
2.856004e+02 2.832193e+02
2.756102e+02 2.725969e+02
2.667845e+02 2.641775e+02
2.594493e+02 2.579990e+02
2.550439e+02 2.540040e+02
2.510973e+02 2.503909e+02
2.479107e+02 2.472439e+02
2.441660e+02 2.427632e+02
2.347919e+02 2.325094e+02
2.310371e+02 2.307255e+02
2.304963e+02 2.304174e+02
2.303726e+02 2.303094e+02
2.302522e+02 2.301938e+02
2.301130e+02 2.300827e+02
2.299502e+02 2.299254e+02
2.298082e+02 2.297885e+02
2.295107e+02 2.294676e+02
2.292072e+02 2.291850e+02
2.290065e+02 2.289979e+02
2.288946e+02 2.288855e+02
2.288330e+02 2.288318e+02
2.288099e+02 2.288088e+02
2.287827e+02 2.287821e+02
2.287665e+02 2.287662e+02
2.287589e+02 2.287589e+02
2.287524e+02 2.287524e+02
1.545519e+11 6.449645e+10
9.137145e+10 4.791989e+10
7.391334e+10 3.040873e+10
6.452147e+10 2.818806e+10
5.659887e+10 2.528906e+10
5.318736e+10 2.056040e+10
4.624965e+10 1.824894e+10
4.311792e+10 1.665684e+10
4.072875e+10 1.436667e+10
3.879696e+10 1.265165e+10
3.426912e+10 1.078917e+10
3.306745e+10 1.023583e+10
2.924120e+10 8.591292e+09
2.832465e+10 8.591292e+09
2.795732e+10 8.591292e+09
2.626201e+10 6.771247e+09
2.334811e+10 5.909630e+09
2.052490e+10 5.909630e+09
1.890018e+10 5.128188e+09
1.919346e+10 5.128188e+09
1.534536e+10 4.814666e+09
1.575832e+10 4.814666e+09
1.384582e+10 3.732384e+09
1.326351e+10 3.732384e+09
1.181610e+10 3.552594e+09
1.047107e+10 3.552594e+09
8.687058e+09 3.222240e+09
9.940191e+09 2.909009e+09
7.780077e+09 2.400761e+09
6.338203e+09 2.310687e+09
7.663398e+09 2.228105e+09
6.414178e+09 1.791787e+09
6.279793e+09 1.684091e+09
3.706015e+09 1.204331e+09
4.712957e+09 1.204331e+09
3.793600e+09 1.024808e+09
3.947888e+09 1.024808e+09
3.117503e+09 1.021321e+09
3.124164e+09 8.401575e+08
1.940141e+09 5.537994e+08
1.302301e+09 4.331767e+08
6.197542e+08 2.455172e+08
2.387446e+08 8.711411e+07
7.846251e+07 2.835735e+07
2.186720e+07 6.516461e+06
5.836153e+06 2.108746e+06
1.792561e+06 5.906672e+05
5.346079e+05 2.132250e+05
1.358949e+05 4.003096e+04
3.736545e+04 1.380289e+04
1.114531e+04 5.511353e+03
4.671935e+03 3.025587e+03
2.608342e+03 1.892727e+03
1.739104e+03 1.375396e+03
1.361968e+03 1.205177e+03
1.133502e+03 1.003789e+03
9.750416e+02 9.280300e+02
8.969495e+02 8.680772e+02
8.360587e+02 8.085128e+02
7.819101e+02 7.615501e+02
7.483671e+02 7.335601e+02
7.220571e+02 7.097620e+02
6.954796e+02 6.834732e+02
6.679587e+02 6.542489e+02
6.449638e+02 6.348571e+02
6.170965e+02 6.011827e+02
5.853321e+02 5.727135e+02
5.575230e+02 5.467503e+02
5.353745e+02 5.277982e+02
5.132571e+02 5.079405e+02
4.957225e+02 4.879064e+02
4.676070e+02 4.581096e+02
4.402814e+02 4.346825e+02
4.248825e+02 4.203702e+02
4.124372e+02 4.076495e+02
3.997110e+02 3.963782e+02
3.854659e+02 3.810415e+02
3.705076e+02 3.667983e+02
3.583073e+02 3.552293e+02
3.469287e+02 3.438302e+02
3.368329e+02 3.353523e+02
3.289744e+02 3.278266e+02
3.225708e+02 3.214836e+02
3.203359e+02 3.199896e+02
3.197567e+02 3.195837e+02
3.192463e+02 3.191145e+02
3.187646e+02 3.186381e+02
3.184067e+02 3.183469e+02
3.181951e+02 3.181614e+02
3.179825e+02 3.179607e+02
3.178504e+02 3.178317e+02
3.176618e+02 3.176223e+02
3.174728e+02 3.174594e+02
3.173010e+02 3.172914e+02
3.171984e+02 3.171949e+02
3.171334e+02 3.171300e+02
3.170588e+02 3.170564e+02
3.167415e+02 3.167403e+02
3.166905e+02 3.166899e+02
3.166553e+02 3.166553e+02
3.166510e+02 3.166510e+02
1.540534e+11 4.320105e+10
8.783197e+10 3.549813e+10
7.096519e+10 2.938260e+10
6.122629e+10 2.866196e+10
5.427705e+10 2.623892e+10
5.034236e+10 1.756914e+10
4.621958e+10 1.756914e+10
4.295742e+10 1.642679e+10
4.081522e+10 1.495136e+10
3.877719e+10 1.379061e+10
3.464770e+10 9.177824e+09
3.009562e+10 9.177824e+09
3.123770e+10 9.177824e+09
2.852785e+10 7.876437e+09
2.600058e+10 7.876437e+09
2.509072e+10 7.445670e+09
2.201703e+10 6.232043e+09
1.927801e+10 6.193450e+09
1.771466e+10 5.078474e+09
1.574912e+10 4.216263e+09
1.523138e+10 3.122152e+09
1.489911e+10 3.122152e+09
1.041805e+10 3.122152e+09
1.261801e+10 3.122152e+09
9.562851e+09 3.122152e+09
8.140773e+09 2.455414e+09
8.554636e+09 2.337913e+09
7.559275e+09 1.775988e+09
6.114173e+09 1.599638e+09
5.728813e+09 1.599638e+09
6.297793e+09 1.483067e+09
4.222966e+09 1.278521e+09
4.807789e+09 1.046548e+09
4.492537e+09 1.046548e+09
2.983973e+09 1.007483e+09
2.504130e+09 7.649730e+08
1.986356e+09 5.463221e+08
1.302784e+09 4.814183e+08
6.435373e+08 2.409670e+08
2.576418e+08 9.506489e+07
9.355943e+07 2.541596e+07
3.281743e+07 1.085325e+07
1.063337e+07 1.945901e+06
3.149508e+06 1.274266e+06
1.015742e+06 3.290319e+05
3.065311e+05 1.083614e+05
8.208443e+04 3.280914e+04
2.696779e+04 9.835617e+03
8.281011e+03 3.630907e+03
3.127867e+03 1.830573e+03
1.596525e+03 1.243821e+03
1.157135e+03 9.893830e+02
9.599772e+02 8.378109e+02
8.112032e+02 7.444117e+02
7.099099e+02 6.639437e+02
6.389036e+02 6.128274e+02
5.959421e+02 5.819116e+02
5.636734e+02 5.513523e+02
5.387728e+02 5.255782e+02
5.187645e+02 5.106316e+02
5.010575e+02 4.929912e+02
4.843051e+02 4.779449e+02
4.708070e+02 4.655146e+02
4.591916e+02 4.546175e+02
4.436854e+02 4.368294e+02
4.248812e+02 4.182061e+02
4.093966e+02 4.033423e+02
3.951220e+02 3.871318e+02
3.784261e+02 3.720381e+02
3.620991e+02 3.568681e+02
3.470331e+02 3.421488e+02
3.341347e+02 3.294825e+02
3.200557e+02 3.165339e+02
3.073047e+02 3.032464e+02
2.957233e+02 2.936555e+02
2.894071e+02 2.873965e+02
2.823903e+02 2.804479e+02
2.754856e+02 2.736144e+02
2.694221e+02 2.678871e+02
2.615337e+02 2.601948e+02
2.560913e+02 2.551727e+02
2.515329e+02 2.504661e+02
2.459205e+02 2.444219e+02
2.354890e+02 2.332192e+02
2.306246e+02 2.301326e+02
2.298737e+02 2.296757e+02
2.296415e+02 2.294529e+02
2.294167e+02 2.293168e+02
2.292633e+02 2.292038e+02
2.292429e+02 2.291308e+02
2.290092e+02 2.289404e+02
2.287072e+02 2.286694e+02
2.285482e+02 2.285302e+02
2.284520e+02 2.284224e+02
2.282375e+02 2.282079e+02
2.279351e+02 2.279273e+02
2.278150e+02 2.278113e+02
2.276992e+02 2.276961e+02
2.276145e+02 2.276133e+02
2.275845e+02 2.275844e+02
2.275629e+02 2.275629e+02
1.546070e+11 6.811776e+10
9.044653e+10 3.662169e+10
7.398798e+10 3.015402e+10
6.649645e+10 3.015402e+10
6.029325e+10 2.526493e+10
5.475055e+10 2.268915e+10
4.671279e+10 1.615524e+10
4.600944e+10 1.615524e+10
4.226195e+10 1.615524e+10
3.860512e+10 1.137671e+10
3.681219e+10 1.137671e+10
3.261799e+10 1.058380e+10
3.239628e+10 1.020973e+10
3.079444e+10 7.587175e+09
2.498176e+10 7.587175e+09
2.291633e+10 6.932188e+09
2.145426e+10 6.644508e+09
2.134014e+10 5.903529e+09
1.859290e+10 5.903529e+09
1.755018e+10 4.862634e+09
1.508377e+10 4.745108e+09
1.341770e+10 4.355356e+09
1.299786e+10 3.733099e+09
1.211297e+10 3.048504e+09
9.272999e+09 3.048504e+09
8.440475e+09 3.048504e+09
8.464310e+09 2.476320e+09
7.040284e+09 2.476320e+09
7.599002e+09 2.316613e+09
5.680267e+09 1.884318e+09
5.698434e+09 1.884318e+09
5.053119e+09 1.782088e+09
4.453241e+09 1.585764e+09
4.083677e+09 9.390221e+08
3.664540e+09 9.390221e+08
2.598599e+09 9.390221e+08
1.741535e+09 6.650376e+08
8.691768e+08 2.904926e+08
3.315898e+08 9.775681e+07
1.150292e+08 4.010087e+07
3.622835e+07 1.342994e+07
1.188212e+07 4.922363e+06
3.820279e+06 1.059941e+06
1.235547e+06 4.854449e+05
4.268904e+05 1.033841e+05
1.244580e+05 4.040649e+04
3.858365e+04 1.116126e+04
1.248692e+04 4.427320e+03
4.224052e+03 1.691585e+03
1.913983e+03 1.271372e+03
1.196776e+03 9.566808e+02
9.406810e+02 8.650999e+02
8.075926e+02 7.500092e+02
7.236964e+02 6.922633e+02
6.796660e+02 6.612530e+02
6.397466e+02 6.220451e+02
6.101039e+02 5.975032e+02
5.916050e+02 5.834075e+02
5.759390e+02 5.683267e+02
5.631740e+02 5.583534e+02
5.515732e+02 5.464977e+02
5.352834e+02 5.236219e+02
5.089349e+02 5.003177e+02
4.866548e+02 4.720280e+02
4.587654e+02 4.461755e+02
4.314379e+02 4.222424e+02
4.074819e+02 3.981560e+02
3.864686e+02 3.800779e+02
3.711587e+02 3.653680e+02
3.556973e+02 3.508560e+02
3.405276e+02 3.362035e+02
3.286475e+02 3.252322e+02
3.176122e+02 3.141733e+02
3.071722e+02 3.049479e+02
2.962471e+02 2.939268e+02
2.869240e+02 2.837207e+02
2.821521e+02 2.807144e+02
2.799624e+02 2.791109e+02
2.789536e+02 2.784389e+02
2.782696e+02 2.779447e+02
2.777673e+02 2.775183e+02
2.770854e+02 2.768267e+02
2.765025e+02 2.762569e+02
2.759957e+02 2.758946e+02
2.757332e+02 2.756435e+02
2.754986e+02 2.754044e+02
2.752001e+02 2.751231e+02
2.748772e+02 2.747949e+02
2.746754e+02 2.746512e+02
2.744493e+02 2.744196e+02
2.743339e+02 2.743190e+02
2.742296e+02 2.742202e+02
2.740957e+02 2.740739e+02
2.739896e+02 2.739782e+02
2.739296e+02 2.739231e+02
2.737829e+02 2.737632e+02
2.736909e+02 2.736872e+02
2.736238e+02 2.736225e+02
2.736002e+02 2.735992e+02
2.735697e+02 2.735696e+02
2.735614e+02 2.735614e+02
1.541755e+11 5.979592e+10
8.821553e+10 3.636535e+10
7.292673e+10 3.220488e+10
6.263999e+10 2.475726e+10
5.628174e+10 2.475726e+10
5.059525e+10 1.752894e+10
4.736401e+10 1.752894e+10
4.377341e+10 1.706942e+10
4.164286e+10 1.199261e+10
3.719566e+10 9.955272e+09
3.349187e+10 9.481547e+09
3.145215e+10 9.481547e+09
2.894806e+10 9.040235e+09
2.807269e+10 9.040235e+09
2.592615e+10 7.875993e+09
2.410528e+10 6.940076e+09
2.194068e+10 6.366239e+09
2.024749e+10 6.366239e+09
2.187470e+10 6.024723e+09
1.827847e+10 5.952251e+09
1.617007e+10 4.670506e+09
1.758885e+10 4.670506e+09
1.410470e+10 3.576259e+09
1.296128e+10 3.576259e+09
1.210641e+10 3.576259e+09
1.217448e+10 3.502299e+09
1.047644e+10 2.921473e+09
9.695631e+09 2.921473e+09
8.078800e+09 2.332475e+09
6.396476e+09 1.588523e+09
5.242989e+09 1.441998e+09
4.073696e+09 1.441998e+09
3.203373e+09 1.441998e+09
2.191900e+09 3.843040e+08
1.169331e+09 3.409544e+08
5.189283e+08 1.533257e+08
1.866679e+08 5.208834e+07
6.901664e+07 2.259226e+07
2.377561e+07 8.248129e+06
8.587257e+06 2.639945e+06
2.758597e+06 9.279500e+05
8.543422e+05 3.399663e+05
2.607149e+05 8.914071e+04
8.890506e+04 3.819750e+04
3.045124e+04 1.248368e+04
1.103288e+04 5.157640e+03
4.426140e+03 2.261043e+03
2.161595e+03 1.529528e+03
1.384171e+03 1.114532e+03
1.091055e+03 9.527707e+02
9.248365e+02 8.307422e+02
8.130334e+02 7.337313e+02
7.459979e+02 7.028255e+02
6.884784e+02 6.581411e+02
6.416974e+02 6.208444e+02
6.032995e+02 5.831987e+02
5.640141e+02 5.476807e+02
5.408198e+02 5.315626e+02
5.208417e+02 5.123129e+02
5.058050e+02 4.999434e+02
4.917356e+02 4.852197e+02
4.757930e+02 4.673046e+02
4.539170e+02 4.458634e+02
4.350868e+02 4.252284e+02
4.128576e+02 4.032838e+02
3.941815e+02 3.854756e+02
3.727857e+02 3.643775e+02
3.526522e+02 3.466739e+02
3.342623e+02 3.277521e+02
3.169853e+02 3.106437e+02
2.999428e+02 2.939769e+02
2.866936e+02 2.832786e+02
2.771809e+02 2.749249e+02
2.699832e+02 2.679926e+02
2.627766e+02 2.607732e+02
2.557421e+02 2.541061e+02
2.498744e+02 2.485353e+02
2.450565e+02 2.439956e+02
2.413944e+02 2.397557e+02
2.357920e+02 2.345049e+02
2.337682e+02 2.331773e+02
2.323404e+02 2.318948e+02
2.316034e+02 2.314377e+02
2.314123e+02 2.312924e+02
3.773412e+07 2.312175e+02
2.311903e+02 2.311317e+02
2.310906e+02 2.310664e+02
2.310528e+02 2.310356e+02
2.310395e+02 2.310256e+02
2.309991e+02 2.309833e+02
2.309536e+02 2.309221e+02
2.306972e+02 2.306595e+02
2.304418e+02 2.304137e+02
2.302087e+02 2.301847e+02
2.299504e+02 2.299420e+02
2.298114e+02 2.298036e+02
2.297265e+02 2.297234e+02
2.296702e+02 2.296685e+02
2.294224e+02 2.294207e+02
2.293939e+02 2.293936e+02
2.293864e+02 2.293864e+02
1.550391e+11 5.925448e+10
8.483897e+10 3.780062e+10
6.496683e+10 3.270633e+10
5.381052e+10 2.050016e+10
4.761039e+10 1.659568e+10
4.429503e+10 1.414110e+10
4.339449e+10 1.242247e+10
3.988868e+10 1.242247e+10
3.691447e+10 1.242247e+10
3.432372e+10 1.242247e+10
3.329277e+10 1.057609e+10
3.208655e+10 1.057609e+10
2.892633e+10 1.004549e+10
2.799684e+10 8.895230e+09
2.547754e+10 6.628466e+09
2.353367e+10 6.628466e+09
2.118829e+10 6.073616e+09
1.862756e+10 5.908853e+09
1.840197e+10 5.908853e+09
1.678945e+10 3.944387e+09
1.604475e+10 3.944387e+09
1.477277e+10 3.944387e+09
1.274068e+10 3.944387e+09
1.260093e+10 3.726037e+09
1.091527e+10 2.286411e+09
1.133767e+10 2.242177e+09
8.828510e+09 2.242177e+09
7.942154e+09 1.709204e+09
9.185299e+09 1.709204e+09
7.038093e+09 1.709204e+09
5.930055e+09 1.709204e+09
5.232490e+09 1.709204e+09
6.204125e+09 1.415959e+09
4.883971e+09 1.415959e+09
3.808841e+09 1.415959e+09
3.449043e+09 1.137743e+09
2.634781e+09 6.503233e+08
1.937214e+09 6.503233e+08
1.108917e+09 4.081414e+08
4.624029e+08 1.892502e+08
1.654582e+08 6.947938e+07
4.786018e+07 1.636287e+07
1.427978e+07 4.309995e+06
4.390231e+06 1.531625e+06
1.203253e+06 4.659940e+05
3.449694e+05 1.226994e+05
9.071154e+04 3.445474e+04
2.523298e+04 1.003685e+04
8.298721e+03 3.508274e+03
3.239007e+03 1.959658e+03
1.730729e+03 1.303654e+03
1.243418e+03 1.086013e+03
1.028281e+03 9.312646e+02
8.849126e+02 8.245620e+02
8.059859e+02 7.304155e+02
7.528919e+02 7.103255e+02
7.158705e+02 6.755789e+02
6.824411e+02 6.467679e+02
6.496225e+02 6.251136e+02
6.191344e+02 5.941413e+02
5.959373e+02 5.736920e+02
5.762218e+02 5.645731e+02
5.623147e+02 5.487415e+02
5.449511e+02 5.301857e+02
5.206652e+02 5.118273e+02
5.037323e+02 4.971353e+02
4.866094e+02 4.817566e+02
4.754754e+02 4.718186e+02
4.640588e+02 4.596995e+02
4.512018e+02 4.466217e+02
4.383449e+02 4.333411e+02
4.180787e+02 4.108218e+02
3.968821e+02 3.898570e+02
3.732841e+02 3.640669e+02
3.426480e+02 3.359107e+02
3.224034e+02 3.137823e+02
2.960453e+02 2.908123e+02
2.768206e+02 2.718187e+02
2.611186e+02 2.581644e+02
2.461163e+02 2.430994e+02
2.344918e+02 2.316599e+02
2.291419e+02 2.280321e+02
2.271521e+02 2.265034e+02
2.261194e+02 2.258781e+02
2.253034e+02 2.250930e+02
2.245602e+02 2.244433e+02
2.238644e+02 2.236542e+02
2.233731e+02 2.232746e+02
2.230320e+02 2.229725e+02
2.227422e+02 2.227144e+02
2.224501e+02 2.224180e+02
2.219764e+02 2.218770e+02
2.214467e+02 2.214180e+02
2.212425e+02 2.212315e+02
2.211372e+02 2.211304e+02
2.210349e+02 2.210294e+02
2.209143e+02 2.209040e+02
2.207973e+02 2.207898e+02
2.205951e+02 2.205949e+02
2.204825e+02 2.204820e+02
2.204739e+02 2.204739e+02
1.554710e+11 6.423456e+10
8.685869e+10 3.164604e+10
6.855478e+10 2.570650e+10
5.976590e+10 2.339545e+10
5.401929e+10 1.918341e+10
4.812382e+10 1.224089e+10
4.494795e+10 1.224089e+10
4.439456e+10 1.224089e+10
4.086974e+10 1.207033e+10
3.792324e+10 1.207033e+10
3.233876e+10 1.107484e+10
3.183381e+10 1.019230e+10
3.001263e+10 9.241263e+09
2.743788e+10 8.684860e+09
2.722935e+10 8.144800e+09
2.609412e+10 7.428431e+09
2.260577e+10 6.235773e+09
2.100134e+10 6.124868e+09
1.784468e+10 3.789594e+09
1.770913e+10 3.789594e+09
1.677461e+10 3.789594e+09
1.634313e+10 3.789594e+09
1.517184e+10 3.789594e+09
1.133147e+10 3.789594e+09
9.663107e+09 2.175603e+09
1.013818e+10 2.175603e+09
8.261437e+09 2.175603e+09
7.008884e+09 2.175603e+09
8.022977e+09 1.720190e+09
7.387597e+09 1.627021e+09
5.005989e+09 1.426114e+09
5.347337e+09 1.287913e+09
5.469400e+09 1.117658e+09
4.745657e+09 1.117658e+09
4.726914e+09 1.117658e+09
3.129719e+09 1.038663e+09
2.590437e+09 8.233513e+08
2.035646e+09 8.112690e+08
1.311937e+09 5.118011e+08
6.153069e+08 1.944807e+08
2.270260e+08 9.278410e+07
8.093320e+07 3.248085e+07
2.300478e+07 8.218606e+06
6.328628e+06 1.850406e+06
1.882530e+06 5.366026e+05
5.824351e+05 1.737185e+05
1.563908e+05 4.673707e+04
4.611065e+04 1.861643e+04
1.437199e+04 6.256542e+03
5.082365e+03 2.426521e+03
2.267498e+03 1.557952e+03
1.426971e+03 1.169400e+03
1.124539e+03 1.013690e+03
1.006023e+03 9.291623e+02
9.308854e+02 8.562646e+02
8.544812e+02 7.835842e+02
7.568873e+02 7.080482e+02
6.898915e+02 6.614998e+02
6.500529e+02 6.360596e+02
6.203917e+02 6.081516e+02
5.947730e+02 5.833373e+02
5.723377e+02 5.621289e+02
5.464223e+02 5.369599e+02
5.258402e+02 5.168317e+02
5.083669e+02 5.004687e+02
4.936410e+02 4.880259e+02
4.790416e+02 4.724064e+02
4.611506e+02 4.533325e+02
4.426516e+02 4.354417e+02
4.241295e+02 4.186041e+02
4.043218e+02 3.995428e+02
3.890404e+02 3.850330e+02
3.748051e+02 3.692792e+02
3.573853e+02 3.516565e+02
3.432833e+02 3.395555e+02
3.312743e+02 3.288756e+02
3.216483e+02 3.194940e+02
3.137977e+02 3.118780e+02
3.052877e+02 3.026976e+02
2.936430e+02 2.899867e+02
2.871238e+02 2.859436e+02
2.854342e+02 2.849527e+02
2.847550e+02 2.844007e+02
2.839639e+02 2.836417e+02
2.834090e+02 2.831283e+02
2.827698e+02 2.826234e+02
2.823968e+02 2.823475e+02
2.821690e+02 2.821159e+02
2.819574e+02 2.819323e+02
2.816191e+02 2.815655e+02
2.813309e+02 2.812848e+02
2.809903e+02 2.809397e+02
2.807210e+02 2.806993e+02
2.804584e+02 2.804412e+02
2.801801e+02 2.801681e+02
2.800765e+02 2.800690e+02
2.799577e+02 2.799551e+02
2.797825e+02 2.797761e+02
2.797260e+02 2.797259e+02
2.797115e+02 2.797114e+02
2.796973e+02 2.796973e+02
1.553635e+11 5.403954e+10
9.258336e+10 4.746224e+10
7.492187e+10 3.333732e+10
6.570352e+10 2.164209e+10
5.807968e+10 2.035097e+10
5.024257e+10 2.028245e+10
4.686306e+10 1.651531e+10
4.325876e+10 1.602223e+10
4.045040e+10 1.347156e+10
3.890526e+10 1.226194e+10
3.409464e+10 1.065738e+10
3.040448e+10 6.577186e+09
2.970965e+10 6.577186e+09
2.682118e+10 6.577186e+09
2.424656e+10 6.577186e+09
2.221670e+10 6.418060e+09
2.226088e+10 5.860661e+09
1.881243e+10 5.545203e+09
1.680142e+10 4.272869e+09
1.575024e+10 3.579621e+09
1.334202e+10 3.579621e+09
1.359268e+10 3.564548e+09
1.202136e+10 3.045526e+09
1.318382e+10 3.045526e+09
9.824436e+09 3.045526e+09
9.498405e+09 3.045526e+09
9.410898e+09 2.994964e+09
8.847163e+09 2.154767e+09
8.141806e+09 2.154767e+09
6.303510e+09 2.154767e+09
6.898779e+09 1.866770e+09
9.063691e+09 1.505997e+09
5.055050e+09 1.378042e+09
5.856236e+09 1.321960e+09
4.956080e+09 1.321960e+09
3.132597e+09 1.047707e+09
2.066826e+09 5.754287e+08
9.971868e+08 3.421758e+08
4.011470e+08 1.634918e+08
1.356386e+08 3.571891e+07
4.480478e+07 1.588576e+07
1.405867e+07 5.724161e+06
4.701048e+06 1.706234e+06
1.549647e+06 4.332904e+05
4.867176e+05 1.976885e+05
1.379565e+05 4.670143e+04
4.301421e+04 1.422763e+04
1.262939e+04 4.347058e+03
4.398041e+03 2.338612e+03
1.983674e+03 1.310879e+03
1.206440e+03 9.802432e+02
9.321431e+02 8.341417e+02
8.010792e+02 7.473518e+02
7.216980e+02 6.813933e+02
6.477223e+02 6.153904e+02
5.920078e+02 5.730731e+02
5.618737e+02 5.471503e+02
5.423820e+02 5.278881e+02
5.263253e+02 5.086081e+02
5.069236e+02 4.988686e+02
4.955861e+02 4.901246e+02
4.853023e+02 4.810682e+02
4.752117e+02 4.709847e+02
4.618064e+02 4.559196e+02
4.462889e+02 4.390011e+02
4.276141e+02 4.205488e+02
4.070149e+02 3.970168e+02
3.831919e+02 3.742235e+02
3.645845e+02 3.594867e+02
3.485544e+02 3.422045e+02
3.340755e+02 3.295243e+02
3.220166e+02 3.184351e+02
3.118364e+02 3.089333e+02
3.020447e+02 2.989440e+02
2.934268e+02 2.910337e+02
2.851447e+02 2.831465e+02
2.768497e+02 2.752170e+02
2.720032e+02 2.709626e+02
2.686369e+02 2.680073e+02
2.662263e+02 2.658834e+02
2.630110e+02 2.617165e+02
2.560558e+02 2.548067e+02
2.504908e+02 2.496337e+02
2.491605e+02 2.489211e+02
3.392587e+08 2.486022e+02
2.485766e+02 2.484902e+02
2.483029e+02 2.482224e+02
2.481103e+02 2.480689e+02
2.480176e+02 2.480008e+02
2.479691e+02 2.479606e+02
2.479445e+02 2.479370e+02
2.478361e+02 2.478139e+02
2.477132e+02 2.477005e+02
2.475983e+02 2.475925e+02
2.474903e+02 2.474830e+02
2.474329e+02 2.474285e+02
2.473630e+02 2.473605e+02
2.472706e+02 2.472667e+02
2.472073e+02 2.472057e+02
2.471873e+02 2.471873e+02
2.471812e+02 2.471812e+02
1.556365e+11 7.850934e+10
9.254319e+10 5.139414e+10
7.854998e+10 3.666097e+10
6.949487e+10 3.141606e+10
6.005377e+10 2.621284e+10
5.471240e+10 1.915906e+10
5.183619e+10 1.915906e+10
4.621552e+10 1.632455e+10
4.406665e+10 1.632455e+10
4.018076e+10 1.099997e+10
3.984088e+10 1.099997e+10
3.574198e+10 1.099997e+10
3.305300e+10 1.070331e+10
3.063175e+10 8.620531e+09
3.005767e+10 8.620531e+09
2.885702e+10 7.134263e+09
2.567890e+10 7.134263e+09
2.237395e+10 7.134263e+09
2.163426e+10 6.853073e+09
1.813423e+10 6.010559e+09
1.633552e+10 5.625442e+09
1.600793e+10 4.715062e+09
1.443797e+10 4.530080e+09
1.183068e+10 3.856862e+09
1.218120e+10 3.725424e+09
1.059892e+10 3.135683e+09
9.941808e+09 3.049369e+09
9.423710e+09 3.049369e+09
7.530530e+09 3.049369e+09
7.489077e+09 1.904970e+09
6.475643e+09 1.904970e+09
6.542128e+09 1.651307e+09
5.566147e+09 1.588075e+09
5.243221e+09 1.189165e+09
4.626420e+09 1.189165e+09
3.750742e+09 1.056849e+09
3.037080e+09 1.055494e+09
2.583561e+09 7.733872e+08
1.761269e+09 7.354725e+08
9.378503e+08 1.645682e+08
3.407344e+08 1.125504e+08
1.156162e+08 3.882268e+07
3.352677e+07 1.033870e+07
9.612582e+06 2.915521e+06
2.627436e+06 1.006175e+06
7.836154e+05 3.286921e+05
2.299711e+05 6.769487e+04
6.847378e+04 1.543284e+04
1.964442e+04 6.838222e+03
5.835857e+03 2.665438e+03
2.334370e+03 1.531017e+03
1.253864e+03 9.448120e+02
9.359475e+02 8.048982e+02
7.730030e+02 7.086038e+02
6.817448e+02 6.294008e+02
6.089398e+02 5.850714e+02
5.646548e+02 5.481388e+02
5.396233e+02 5.301160e+02
5.227156e+02 5.172256e+02
5.108672e+02 5.068546e+02
5.012734e+02 4.970110e+02
4.882192e+02 4.831521e+02
4.746759e+02 4.687063e+02
4.588293e+02 4.506419e+02
4.382181e+02 4.294785e+02
4.180230e+02 4.089907e+02
3.981723e+02 3.915723e+02
3.753706e+02 3.653609e+02
3.488818e+02 3.396701e+02
3.290717e+02 3.223620e+02
3.139795e+02 3.084840e+02
3.003295e+02 2.973708e+02
2.915292e+02 2.878225e+02
2.807872e+02 2.779583e+02
2.716151e+02 2.684945e+02
2.609185e+02 2.586761e+02
2.518950e+02 2.500705e+02
2.430104e+02 2.399653e+02
2.379913e+02 2.368855e+02
2.361801e+02 2.353573e+02
2.351603e+02 2.348991e+02
2.347637e+02 2.345009e+02
2.342971e+02 2.341127e+02
2.338357e+02 2.336445e+02
2.333521e+02 2.332398e+02
2.330407e+02 2.329587e+02
2.327389e+02 2.326774e+02
2.325966e+02 2.325579e+02
2.322606e+02 2.321840e+02
2.319712e+02 2.319315e+02
2.317001e+02 2.316679e+02
2.315639e+02 2.315572e+02
2.314669e+02 2.314581e+02
2.313921e+02 2.313887e+02
2.313232e+02 2.313183e+02
2.312597e+02 2.312573e+02
2.312071e+02 2.312053e+02
2.311781e+02 2.311773e+02
2.311540e+02 2.311534e+02
2.311399e+02 2.311397e+02
2.311298e+02 2.311298e+02
1.569267e+11 6.164859e+10
9.222822e+10 4.326312e+10
7.613200e+10 3.042512e+10
6.574417e+10 2.651241e+10
5.778492e+10 1.888453e+10
5.385722e+10 1.247535e+10
4.836182e+10 1.087562e+10
4.368683e+10 1.067260e+10
3.919285e+10 1.067260e+10
3.647148e+10 1.001356e+10
3.381107e+10 1.001356e+10
3.211177e+10 8.284047e+09
3.082153e+10 8.284047e+09
2.666447e+10 8.284047e+09
2.535103e+10 7.465720e+09
2.262508e+10 7.465720e+09
2.008567e+10 5.466787e+09
2.116382e+10 5.281409e+09
1.901194e+10 5.281409e+09
1.750581e+10 5.281409e+09
1.653741e+10 4.730472e+09
1.533527e+10 4.700898e+09
1.301834e+10 3.845252e+09
1.361612e+10 3.755894e+09
1.205276e+10 3.271989e+09
1.168808e+10 3.271989e+09
1.017137e+10 3.038081e+09
9.448163e+09 3.038081e+09
7.549216e+09 2.239245e+09
6.404727e+09 2.239245e+09
6.179998e+09 2.016351e+09
7.289156e+09 1.991573e+09
4.397981e+09 1.271959e+09
4.012229e+09 1.103110e+09
3.550000e+09 9.215928e+08
2.320123e+09 7.977322e+08
1.422101e+09 5.854887e+08
6.666387e+08 2.035214e+08
2.543641e+08 9.118520e+07
8.798350e+07 3.272265e+07
2.659276e+07 8.745888e+06
8.965563e+06 2.358412e+06
2.563111e+06 8.511164e+05
8.166905e+05 3.253632e+05
2.749238e+05 1.076543e+05
8.417161e+04 3.113934e+04
2.339721e+04 1.076381e+04
7.858327e+03 3.849199e+03
3.290951e+03 2.073551e+03
1.821108e+03 1.404506e+03
1.310777e+03 1.084115e+03
1.042152e+03 9.287327e+02
8.986992e+02 8.474716e+02
8.169907e+02 7.615560e+02
7.325768e+02 7.002257e+02
6.712576e+02 6.428143e+02
6.249524e+02 6.076268e+02
5.899869e+02 5.758415e+02
5.616965e+02 5.487542e+02
5.352507e+02 5.243781e+02
5.125040e+02 5.037909e+02
4.970766e+02 4.907950e+02
4.783042e+02 4.691643e+02
4.628119e+02 4.571713e+02
4.484348e+02 4.430270e+02
4.323502e+02 4.260313e+02
4.182401e+02 4.126370e+02
3.985444e+02 3.893708e+02
3.777060e+02 3.684030e+02
3.593954e+02 3.526907e+02
3.382551e+02 3.305560e+02
3.202884e+02 3.139378e+02
3.014414e+02 2.966183e+02
2.863459e+02 2.815307e+02
2.720292e+02 2.689922e+02
2.614176e+02 2.572073e+02
2.516276e+02 2.500314e+02
2.438062e+02 2.419742e+02
2.371407e+02 2.352312e+02
2.269534e+02 2.226911e+02
2.165838e+02 2.147183e+02
2.135175e+02 2.128699e+02
2.124989e+02 2.121537e+02
2.120758e+02 2.118736e+02
2.116204e+02 2.112773e+02
2.109306e+02 2.107757e+02
2.107179e+02 2.106240e+02
2.105206e+02 2.104580e+02
2.103691e+02 2.103029e+02
2.100874e+02 2.100321e+02
2.098340e+02 2.098007e+02
2.097041e+02 2.096889e+02
2.095441e+02 2.095074e+02
2.091700e+02 2.091282e+02
2.088595e+02 2.088473e+02
2.087201e+02 2.087040e+02
2.085574e+02 2.085458e+02
2.084352e+02 2.084328e+02
2.084048e+02 2.084045e+02
2.083806e+02 2.083805e+02
2.082960e+02 2.082960e+02
1.555374e+11 7.534450e+10
9.027106e+10 3.975501e+10
7.529478e+10 3.505607e+10
6.469883e+10 2.691617e+10
5.905260e+10 2.368983e+10
5.367294e+10 1.877053e+10
4.867794e+10 1.877053e+10
4.665757e+10 1.831172e+10
4.144669e+10 1.380911e+10
3.857942e+10 1.271416e+10
3.811510e+10 1.271416e+10
3.036405e+10 1.271416e+10
3.050987e+10 1.074583e+10
2.807868e+10 9.030847e+09
2.650258e+10 8.910189e+09
2.556819e+10 8.137240e+09
2.200742e+10 8.137240e+09
2.297931e+10 7.457619e+09
2.043799e+10 7.188738e+09
1.875029e+10 7.188738e+09
1.730802e+10 5.188093e+09
1.588225e+10 5.188093e+09
1.330141e+10 4.557785e+09
1.179072e+10 4.557785e+09
1.022909e+10 3.807799e+09
1.038589e+10 3.156409e+09
9.193843e+09 3.156409e+09
9.104632e+09 3.036584e+09
7.640247e+09 2.229319e+09
6.733183e+09 2.222792e+09
5.564534e+09 1.394384e+09
5.883224e+09 1.237629e+09
5.410214e+09 1.237629e+09
3.825493e+09 1.161465e+09
3.310602e+09 1.017856e+09
2.280750e+09 8.848500e+08
1.577798e+09 5.851469e+08
8.136347e+08 3.434343e+08
3.280581e+08 1.169257e+08
1.205900e+08 3.829408e+07
3.699325e+07 1.474769e+07
1.195904e+07 4.939225e+06
3.900631e+06 1.455416e+06
1.198654e+06 4.449697e+05
3.805554e+05 1.699547e+05
1.156649e+05 3.667059e+04
3.363482e+04 1.165999e+04
1.159096e+04 4.381713e+03
4.304057e+03 2.174890e+03
1.851174e+03 1.303414e+03
1.195320e+03 1.000909e+03
9.289659e+02 8.171130e+02
7.857171e+02 7.312163e+02
7.010912e+02 6.539435e+02
6.384540e+02 6.117013e+02
5.946143e+02 5.759050e+02
5.620846e+02 5.486442e+02
5.377192e+02 5.261712e+02
5.173026e+02 5.064145e+02
5.001709e+02 4.934593e+02
4.861457e+02 4.808734e+02
4.758803e+02 4.719215e+02
4.649135e+02 4.609313e+02
4.524490e+02 4.442328e+02
4.346514e+02 4.271764e+02
4.172900e+02 4.098550e+02
3.985215e+02 3.901353e+02
3.793105e+02 3.737796e+02
3.630929e+02 3.578701e+02
3.512688e+02 3.480178e+02
3.418022e+02 3.383871e+02
3.333018e+02 3.315446e+02
3.269582e+02 3.251411e+02
3.202960e+02 3.181092e+02
3.111171e+02 3.086064e+02
3.043225e+02 3.025925e+02
2.972204e+02 2.951934e+02
2.897621e+02 2.880531e+02
2.813501e+02 2.792098e+02
2.714668e+02 2.694289e+02
2.644762e+02 2.633411e+02
2.607046e+02 2.601813e+02
2.563288e+02 2.551116e+02
2.543621e+02 2.540916e+02
2.537902e+02 2.536156e+02
2.536291e+02 2.535289e+02
2.534160e+02 2.533415e+02
2.533025e+02 2.532347e+02
2.532189e+02 2.531878e+02
2.531385e+02 2.531222e+02
2.530666e+02 2.530513e+02
2.529978e+02 2.529859e+02
2.529258e+02 2.529196e+02
2.528736e+02 2.528673e+02
2.526939e+02 2.526775e+02
2.525886e+02 2.525834e+02
2.525000e+02 2.524921e+02
2.523755e+02 2.523743e+02
2.522960e+02 2.522946e+02
2.522592e+02 2.522591e+02
2.521764e+02 2.521764e+02
1.538337e+11 7.021298e+10
8.960201e+10 4.203247e+10
7.344016e+10 3.787784e+10
6.453470e+10 2.886072e+10
5.739063e+10 1.959732e+10
5.105087e+10 1.731656e+10
4.816515e+10 1.731656e+10
4.260650e+10 1.283025e+10
4.121368e+10 8.466931e+09
3.590824e+10 8.466931e+09
3.525011e+10 8.466931e+09
3.310084e+10 8.466931e+09
3.206417e+10 8.466931e+09
3.013301e+10 8.466931e+09
2.771852e+10 8.466931e+09
2.454873e+10 8.466931e+09
2.273408e+10 7.192955e+09
2.347958e+10 5.500928e+09
2.024371e+10 5.500928e+09
1.687442e+10 5.500928e+09
1.563118e+10 5.327753e+09
1.422934e+10 5.327753e+09
1.383601e+10 5.111693e+09
1.337122e+10 4.004544e+09
1.479995e+10 3.922951e+09
1.109391e+10 3.922951e+09
1.076837e+10 3.440164e+09
9.140649e+09 2.883871e+09
7.952913e+09 2.656275e+09
9.208544e+09 2.656275e+09
8.093954e+09 2.498449e+09
5.882862e+09 2.231613e+09
6.062229e+09 2.231613e+09
4.934882e+09 1.790859e+09
4.038396e+09 1.172773e+09
3.425079e+09 1.172773e+09
2.498724e+09 8.451035e+08
1.465901e+09 4.511541e+08
6.295962e+08 2.457251e+08
2.294868e+08 8.227944e+07
7.332763e+07 2.669808e+07
2.221004e+07 5.887879e+06
6.377063e+06 1.891073e+06
1.804492e+06 4.931012e+05
5.186937e+05 1.544267e+05
1.506878e+05 5.943982e+04
4.526512e+04 1.815617e+04
1.388720e+04 5.064579e+03
5.278191e+03 3.188874e+03
2.822472e+03 2.090566e+03
1.877291e+03 1.599537e+03
1.569923e+03 1.459624e+03
1.417900e+03 1.326421e+03
1.328384e+03 1.261771e+03
1.227494e+03 1.182455e+03
1.170059e+03 1.148828e+03
1.125208e+03 1.105945e+03
1.076633e+03 1.050816e+03
1.030852e+03 1.006635e+03
9.694557e+02 9.403250e+02
8.910977e+02 8.561564e+02
8.176921e+02 7.809978e+02
7.420546e+02 7.015801e+02
6.528848e+02 6.170069e+02
5.887411e+02 5.658097e+02
5.260140e+02 5.079543e+02
4.837063e+02 4.631274e+02
4.396317e+02 4.224547e+02
4.070852e+02 3.975184e+02
3.821132e+02 3.765817e+02
3.642524e+02 3.579156e+02
3.431860e+02 3.372300e+02
3.245015e+02 3.152464e+02
3.015111e+02 2.952664e+02
2.845136e+02 2.806189e+02
2.714865e+02 2.689135e+02
2.605117e+02 2.581338e+02
2.517358e+02 2.493758e+02
2.410061e+02 2.387493e+02
2.314941e+02 2.283321e+02
2.238573e+02 2.224751e+02
2.217340e+02 2.211841e+02
2.210798e+02 2.206570e+02
2.204688e+02 2.201124e+02
2.199238e+02 2.197649e+02
2.197297e+02 2.195983e+02
2.194169e+02 2.193117e+02
2.192166e+02 2.191570e+02
2.190610e+02 2.190233e+02
2.189143e+02 2.188773e+02
2.188107e+02 2.187861e+02
2.186687e+02 2.186535e+02
2.185516e+02 2.185196e+02
2.183088e+02 2.182930e+02
2.179940e+02 2.179696e+02
2.175514e+02 2.175474e+02
2.174388e+02 2.174355e+02
2.174031e+02 2.174024e+02
2.173649e+02 2.173614e+02
2.173242e+02 2.173241e+02
2.173145e+02 2.173145e+02
1.563473e+11 6.713008e+10
7.990249e+10 3.779824e+10
5.629723e+10 2.354398e+10
4.402703e+10 1.769348e+10
3.856769e+10 1.579572e+10
3.730827e+10 1.024842e+10
3.527126e+10 9.706863e+09
3.398031e+10 8.847852e+09
3.110714e+10 8.176673e+09
3.051883e+10 8.176673e+09
3.016918e+10 7.926387e+09
2.946684e+10 7.504533e+09
2.724333e+10 7.504533e+09
2.479544e+10 6.736830e+09
2.171625e+10 5.326430e+09
2.151960e+10 5.326430e+09
1.900633e+10 3.300448e+09
1.890870e+10 3.300448e+09
1.675393e+10 3.300448e+09
1.694562e+10 3.300448e+09
1.375126e+10 3.300448e+09
1.315985e+10 3.300448e+09
1.107549e+10 3.300448e+09
1.050903e+10 3.027357e+09
8.877421e+09 2.206234e+09
8.954670e+09 2.206234e+09
7.747052e+09 2.206234e+09
7.109876e+09 2.206234e+09
5.646986e+09 1.506797e+09
5.514215e+09 1.491098e+09
7.201357e+09 1.491098e+09
5.302418e+09 1.470269e+09
4.295320e+09 1.336886e+09
5.162507e+09 1.059876e+09
3.410936e+09 9.492563e+08
3.455327e+09 9.492563e+08
2.439352e+09 9.356626e+08
2.423204e+09 6.720480e+08
1.284152e+09 3.226011e+08
6.624598e+08 3.053910e+08
2.474089e+08 9.952535e+07
8.625597e+07 3.337357e+07
2.587119e+07 9.350464e+06
8.134018e+06 2.312143e+06
2.776473e+06 7.464728e+05
8.089469e+05 2.875418e+05
2.396704e+05 9.346189e+04
7.501183e+04 3.190691e+04
2.454469e+04 9.451134e+03
7.611097e+03 3.620465e+03
2.933266e+03 1.626241e+03
1.628695e+03 1.252440e+03
1.151275e+03 9.764994e+02
9.279861e+02 8.021660e+02
7.951003e+02 7.334245e+02
7.122748e+02 6.771794e+02
6.535105e+02 6.264256e+02
6.035813e+02 5.808637e+02
5.713820e+02 5.596182e+02
5.479363e+02 5.388839e+02
5.323724e+02 5.276213e+02
5.235500e+02 5.208873e+02
5.161613e+02 5.129737e+02
5.072920e+02 5.027050e+02
4.935968e+02 4.875043e+02
4.803699e+02 4.755996e+02
4.657906e+02 4.605136e+02
4.518444e+02 4.456688e+02
4.318798e+02 4.239919e+02
4.134537e+02 4.058101e+02
3.942329e+02 3.854974e+02
3.775412e+02 3.742815e+02
3.655818e+02 3.626466e+02
3.556546e+02 3.526223e+02
3.426580e+02 3.392992e+02
3.303049e+02 3.276255e+02
3.203814e+02 3.179634e+02
3.130282e+02 3.108767e+02
3.062837e+02 3.047111e+02
2.986095e+02 2.966966e+02
2.937439e+02 2.930864e+02
2.895690e+02 2.885705e+02
2.846345e+02 2.840124e+02
2.812461e+02 2.806996e+02
2.783782e+02 2.779283e+02
2.737177e+02 2.729952e+02
2.724160e+02 2.721930e+02
2.721197e+02 2.720474e+02
2.719620e+02 2.719188e+02
2.718998e+02 2.718687e+02
2.718451e+02 2.718262e+02
2.718075e+02 2.717996e+02
2.717906e+02 2.717840e+02
2.717676e+02 2.717654e+02
2.717170e+02 2.717085e+02
2.715929e+02 2.715888e+02
2.714615e+02 2.714563e+02
2.712834e+02 2.712779e+02
2.711787e+02 2.711782e+02
2.711270e+02 2.711270e+02
2.711108e+02 2.711108e+02
1.553198e+11 6.257342e+10
8.645643e+10 3.719500e+10
6.988403e+10 3.373993e+10
5.983523e+10 2.858526e+10
5.145067e+10 1.900867e+10
4.671221e+10 1.900867e+10
4.267712e+10 1.534051e+10
4.223916e+10 1.319029e+10
3.715129e+10 9.188586e+09
3.653956e+10 9.188586e+09
3.447042e+10 9.188586e+09
3.166887e+10 9.153845e+09
2.986235e+10 8.579316e+09
2.870292e+10 8.579316e+09
2.592308e+10 7.402806e+09
2.262133e+10 7.402806e+09
2.214440e+10 6.361522e+09
1.870131e+10 5.605627e+09
1.828110e+10 5.188061e+09
1.654208e+10 5.036415e+09
1.697671e+10 4.299247e+09
1.366355e+10 4.292541e+09
1.218722e+10 3.616274e+09
9.431639e+09 2.720191e+09
8.955453e+09 2.511475e+09
8.159354e+09 2.511475e+09
7.648392e+09 2.511475e+09
8.431845e+09 2.452227e+09
6.308269e+09 1.991277e+09
6.872718e+09 1.991277e+09
6.241129e+09 1.991277e+09
6.145399e+09 1.746964e+09
5.475504e+09 1.597461e+09
4.465905e+09 1.296275e+09
3.812721e+09 1.088768e+09
3.928805e+09 1.088768e+09
3.233289e+09 1.078108e+09
2.464572e+09 9.063609e+08
1.706380e+09 7.628155e+08
8.412258e+08 2.330550e+08
3.503774e+08 1.038623e+08
1.144838e+08 4.177891e+07
3.680371e+07 1.524728e+07
1.113984e+07 4.829514e+06
3.023650e+06 9.191976e+05
9.014647e+05 3.511870e+05
2.622321e+05 6.619004e+04
7.195666e+04 2.737153e+04
2.250506e+04 8.530623e+03
7.564543e+03 3.690074e+03
3.424184e+03 2.310689e+03
2.035100e+03 1.544024e+03
1.352877e+03 1.002719e+03
1.026853e+03 8.775778e+02
8.376833e+02 7.503628e+02
7.342578e+02 6.771937e+02
6.646323e+02 6.310872e+02
6.129013e+02 5.887111e+02
5.716958e+02 5.547891e+02
5.352803e+02 5.240186e+02
5.132289e+02 5.037529e+02
4.940683e+02 4.865250e+02
4.809607e+02 4.749805e+02
4.665506e+02 4.620797e+02
4.534378e+02 4.475864e+02
4.424642e+02 4.365137e+02
4.278700e+02 4.219061e+02
4.091462e+02 4.019164e+02
3.921213e+02 3.843963e+02
3.753968e+02 3.709841e+02
3.625115e+02 3.578324e+02
3.476346e+02 3.421385e+02
3.332376e+02 3.286299e+02
3.185846e+02 3.135925e+02
3.024605e+02 2.984826e+02
2.890416e+02 2.855167e+02
2.769145e+02 2.740558e+02
2.680118e+02 2.657327e+02
2.600363e+02 2.582201e+02
2.525698e+02 2.511631e+02
2.455928e+02 2.428243e+02
2.386076e+02 2.371782e+02
2.364197e+02 2.359844e+02
2.076458e+08 2.353049e+02
2.350454e+02 2.349133e+02
2.349515e+02 2.347969e+02
2.346737e+02 2.346066e+02
2.343705e+02 2.342887e+02
2.339854e+02 2.339495e+02
2.336927e+02 2.336650e+02
2.335241e+02 2.335082e+02
2.333563e+02 2.333320e+02
2.330086e+02 2.329714e+02
2.327141e+02 2.327053e+02
2.325570e+02 2.325440e+02
2.324515e+02 2.324428e+02
2.321329e+02 2.321307e+02
2.320626e+02 2.320617e+02
2.320247e+02 2.320245e+02
2.320051e+02 2.320050e+02
2.319985e+02 2.319985e+02
1.542504e+11 7.215624e+10
8.928520e+10 4.073855e+10
7.262595e+10 3.542423e+10
6.283064e+10 2.280808e+10
5.622054e+10 2.118014e+10
5.051155e+10 1.628302e+10
4.543011e+10 1.626061e+10
4.228232e+10 1.573745e+10
3.970895e+10 1.376321e+10
3.830054e+10 9.868181e+09
3.321780e+10 9.868181e+09
3.434490e+10 9.864268e+09
3.148313e+10 8.290269e+09
2.850675e+10 8.290269e+09
2.689968e+10 8.290269e+09
2.527889e+10 7.183478e+09
2.223680e+10 7.183478e+09
1.996492e+10 5.554326e+09
1.823406e+10 5.554326e+09
1.663422e+10 3.769918e+09
1.512145e+10 3.769918e+09
1.724564e+10 3.606377e+09
1.453815e+10 3.606377e+09
1.201653e+10 3.582520e+09
1.142181e+10 3.582520e+09
9.794095e+09 3.441332e+09
9.480996e+09 3.431315e+09
7.193196e+09 2.914964e+09
6.530178e+09 2.070462e+09
6.043163e+09 2.070462e+09
5.583706e+09 1.861185e+09
3.863819e+09 1.415386e+09
2.945923e+09 1.402093e+09
2.422102e+09 8.628912e+08
1.367019e+09 5.092875e+08
6.424745e+08 2.438970e+08
2.683166e+08 1.143012e+08
9.086433e+07 3.640312e+07
2.843215e+07 1.110117e+07
8.929245e+06 3.394385e+06
3.161122e+06 1.181570e+06
9.421633e+05 3.092562e+05
2.814677e+05 1.130310e+05
9.010110e+04 3.889481e+04
3.000058e+04 1.231667e+04
1.083724e+04 4.662342e+03
4.642422e+03 2.607358e+03
2.377170e+03 1.742927e+03
1.598120e+03 1.325415e+03
1.284103e+03 1.141734e+03
1.130847e+03 1.019189e+03
1.027343e+03 9.192490e+02
9.558592e+06 8.734735e+02
1.328045e+08 8.408501e+02
8.526584e+02 7.864936e+02
7.959122e+02 7.435811e+02
1.340035e+08 6.961384e+02
8.084704e+02 6.713210e+02
6.834730e+02 6.504135e+02
6.393047e+02 6.019628e+02
5.960416e+02 5.771092e+02
5.666058e+02 5.527233e+02
5.408852e+02 5.312886e+02
5.185220e+02 5.128553e+02
4.997270e+02 4.899460e+02
4.804060e+02 4.728665e+02
4.627872e+02 4.560903e+02
4.426921e+02 4.367948e+02
4.211101e+02 4.137222e+02
4.023699e+02 3.966594e+02
3.846839e+02 3.780071e+02
3.617800e+02 3.528221e+02
3.420022e+02 3.358727e+02
3.271013e+02 3.243523e+02
3.157228e+02 3.131499e+02
3.067450e+02 3.038364e+02
2.970614e+02 2.948338e+02
2.892533e+02 2.877255e+02
2.834276e+02 2.824417e+02
2.786156e+02 2.774201e+02
2.734159e+02 2.723688e+02
2.691384e+02 2.683893e+02
2.662391e+02 2.658109e+02
2.630473e+02 2.617355e+02
2.597874e+02 2.592730e+02
2.590221e+02 2.588069e+02
2.586066e+02 2.585358e+02
2.584622e+02 2.584212e+02
2.582437e+02 2.582090e+02
2.580695e+02 2.580296e+02
2.579092e+02 2.578849e+02
2.577020e+02 2.576751e+02
2.575639e+02 2.575545e+02
2.574894e+02 2.574850e+02
2.574170e+02 2.574097e+02
2.572791e+02 2.572729e+02
2.572408e+02 2.572402e+02
2.572200e+02 2.572195e+02
2.571829e+02 2.571827e+02
2.571611e+02 2.571611e+02
2.571592e+02 2.571592e+02
1.546564e+11 5.238474e+10
8.701825e+10 3.756319e+10
7.154663e+10 2.716072e+10
6.485227e+10 2.716043e+10
5.563198e+10 2.053807e+10
5.204413e+10 1.897069e+10
4.639070e+10 1.669507e+10
4.140753e+10 1.513263e+10
4.137047e+10 1.190146e+10
3.696336e+10 1.190146e+10
3.532177e+10 1.190146e+10
3.209258e+10 1.072963e+10
2.849440e+10 8.936038e+09
2.656727e+10 5.252693e+09
2.403170e+10 5.106519e+09
2.401496e+10 4.953299e+09
2.294851e+10 4.953299e+09
1.832134e+10 4.953299e+09
1.881054e+10 4.953299e+09
1.574254e+10 4.525163e+09
1.485067e+10 4.053066e+09
1.337822e+10 2.898013e+09
1.233293e+10 2.898013e+09
1.292647e+10 2.848423e+09
1.041985e+10 2.848423e+09
9.780256e+09 2.736036e+09
8.794796e+09 2.492628e+09
7.452143e+09 1.875722e+09
8.535048e+09 1.875722e+09
6.085108e+09 1.875722e+09
6.052448e+09 1.875722e+09
5.250798e+09 1.864492e+09
4.764445e+09 1.634331e+09
3.690030e+09 1.358277e+09
3.037547e+09 1.211091e+09
2.290195e+09 7.216574e+08
1.372163e+09 5.023069e+08
6.260774e+08 2.203018e+08
2.247873e+08 7.268603e+07
7.316586e+07 2.430222e+07
2.256969e+07 8.641690e+06
7.526928e+06 2.469232e+06
2.231672e+06 8.322477e+05
5.915869e+05 1.865262e+05
1.720119e+05 4.254431e+04
4.771472e+04 1.490214e+04
1.317791e+04 4.435571e+03
4.805533e+03 2.313190e+03
2.066795e+03 1.267813e+03
1.225420e+03 9.787669e+02
9.383812e+02 8.329396e+02
8.084456e+02 7.252430e+02
7.221986e+02 6.717359e+02
6.669972e+02 6.264374e+02
6.212555e+02 5.894100e+02
5.677715e+02 5.509416e+02
5.370391e+02 5.231322e+02
5.119447e+02 5.018022e+02
4.955128e+02 4.891648e+02
4.828834e+02 4.759479e+02
4.699140e+02 4.648411e+02
4.597808e+02 4.552316e+02
4.482643e+02 4.415357e+02
4.361337e+02 4.317305e+02
4.243862e+02 4.186127e+02
4.080142e+02 4.021727e+02
3.889725e+02 3.802768e+02
3.711640e+02 3.648354e+02
3.519062e+02 3.446167e+02
3.354905e+02 3.312448e+02
3.209017e+02 3.157926e+02
3.052655e+02 3.002210e+02
2.922042e+02 2.884899e+02
2.835146e+02 2.815489e+02
2.750391e+02 2.724751e+02
2.683511e+02 2.669684e+02
2.634159e+02 2.623351e+02
2.588694e+02 2.579891e+02
2.542335e+02 2.529391e+02
2.501813e+02 2.494524e+02
2.458114e+02 2.446905e+02
2.413407e+02 2.405636e+02
2.375853e+02 2.370149e+02
2.331161e+02 2.325900e+02
2.301962e+02 2.298214e+02
2.265761e+02 2.258166e+02
2.212479e+02 2.206865e+02
2.203784e+02 2.200913e+02
2.199056e+02 2.197707e+02
2.197179e+02 2.196306e+02
2.195733e+02 2.195315e+02
2.194727e+02 2.194496e+02
2.193784e+02 2.193700e+02
2.193387e+02 2.193350e+02
2.192358e+02 2.192250e+02
2.191031e+02 2.190960e+02
2.188242e+02 2.188179e+02
2.186422e+02 2.186248e+02
2.185398e+02 2.185393e+02
2.185036e+02 2.185035e+02
2.184932e+02 2.184932e+02
1.548034e+11 6.500860e+10
8.867983e+10 4.519637e+10
7.146898e+10 3.351632e+10
5.996024e+10 2.179221e+10
5.263683e+10 2.179221e+10
4.745503e+10 2.120649e+10
4.583421e+10 1.740718e+10
4.030835e+10 1.326297e+10
4.049055e+10 1.149779e+10
3.730583e+10 1.069112e+10
3.386299e+10 1.029060e+10
3.178359e+10 9.498012e+09
2.882386e+10 9.336232e+09
2.733913e+10 6.703114e+09
2.772489e+10 6.703114e+09
2.301868e+10 5.919399e+09
2.063856e+10 5.715111e+09
2.005500e+10 5.649276e+09
1.851678e+10 3.683235e+09
1.822171e+10 3.683235e+09
1.449626e+10 3.683235e+09
1.542073e+10 3.683235e+09
1.199442e+10 3.683235e+09
1.214796e+10 3.683235e+09
1.160364e+10 3.529360e+09
1.029485e+10 2.390801e+09
1.018064e+10 2.020261e+09
7.605985e+09 2.020261e+09
7.036021e+09 2.020261e+09
6.366649e+09 1.838978e+09
5.542595e+09 1.706577e+09
4.379448e+09 1.706577e+09
4.759923e+09 1.668707e+09
3.907997e+09 1.339550e+09
2.991295e+09 1.106586e+09
2.274830e+09 6.090818e+08
1.336415e+09 5.773883e+08
6.449180e+08 2.436630e+08
2.202041e+08 7.185878e+07
7.500078e+07 2.350051e+07
2.187171e+07 6.510547e+06
6.590833e+06 2.333771e+06
2.086073e+06 5.095414e+05
6.810156e+05 2.388776e+05
2.053274e+05 6.460684e+04
6.485900e+04 2.102460e+04
1.850162e+04 6.805805e+03
6.608531e+03 3.163649e+03
2.751654e+03 1.655603e+03
1.536068e+03 1.157077e+03
1.139181e+03 1.000281e+03
9.537602e+02 8.761636e+02
8.448641e+02 7.866882e+02
7.769790e+02 7.349824e+02
7.216257e+02 6.869287e+02
6.749795e+02 6.457936e+02
6.314750e+02 6.088901e+02
5.976698e+02 5.828844e+02
5.717148e+02 5.582556e+02
5.520911e+02 5.430815e+02
5.334273e+02 5.209709e+02
5.146511e+02 5.086077e+02
5.009313e+02 4.924632e+02
4.827903e+02 4.755039e+02
4.646043e+02 4.571803e+02
4.485255e+02 4.430643e+02
4.328796e+02 4.269608e+02
4.149632e+02 4.075578e+02
3.976831e+02 3.883326e+02
3.763849e+02 3.698255e+02
3.605055e+02 3.549518e+02
3.479111e+02 3.438165e+02
3.362519e+02 3.321653e+02
3.265110e+02 3.237167e+02
3.169351e+02 3.144727e+02
3.109878e+02 3.100638e+02
3.061625e+02 3.048116e+02
2.994103e+02 2.971350e+02
2.946844e+02 2.937109e+02
2.932769e+02 2.928951e+02
2.928691e+02 2.926767e+02
2.927249e+02 2.925591e+02
2.925991e+02 2.924112e+02
1.357572e+09 2.923759e+02
2.925391e+02 2.923759e+02
2.923865e+02 2.922454e+02
2.919654e+02 2.918572e+02
2.916914e+02 2.916399e+02
2.915250e+02 2.914890e+02
2.913342e+02 2.913136e+02
2.912128e+02 2.911936e+02
2.910922e+02 2.910812e+02
2.910004e+02 2.909857e+02
2.907821e+02 2.907392e+02
2.904967e+02 2.904829e+02
2.903930e+02 2.903850e+02
2.902878e+02 2.902804e+02
2.902120e+02 2.902113e+02
2.901549e+02 2.901516e+02
2.900888e+02 2.900883e+02
2.900576e+02 2.900576e+02
1.555919e+11 4.085935e+10
8.922887e+10 4.085935e+10
7.080561e+10 3.188949e+10
6.213856e+10 2.628259e+10
5.536727e+10 2.291114e+10
4.929529e+10 1.745403e+10
4.462982e+10 1.302152e+10
3.944483e+10 1.213834e+10
3.966023e+10 1.068865e+10
3.600428e+10 9.620871e+09
3.695663e+10 7.079664e+09
3.188974e+10 6.630339e+09
2.758022e+10 6.630339e+09
2.807937e+10 6.630339e+09
2.657199e+10 6.630339e+09
2.491123e+10 5.385590e+09
2.107835e+10 5.385590e+09
1.914365e+10 5.385590e+09
1.845818e+10 5.385590e+09
1.962158e+10 4.916238e+09
1.625083e+10 4.427887e+09
1.567948e+10 4.427887e+09
1.364081e+10 4.427887e+09
1.320624e+10 4.427887e+09
1.057883e+10 2.948763e+09
9.522570e+09 2.948763e+09
9.514112e+09 2.534872e+09
7.806229e+09 1.508640e+09
7.491029e+09 1.508640e+09
6.344782e+09 1.508640e+09
6.645040e+09 1.508640e+09
4.713163e+09 1.508640e+09
4.834203e+09 1.508640e+09
3.730782e+09 1.372575e+09
3.567862e+09 1.295126e+09
3.104140e+09 1.027345e+09
2.437538e+09 7.326034e+08
1.200047e+09 4.470800e+08
5.263650e+08 1.748170e+08
2.013449e+08 6.840336e+07
6.494075e+07 2.116898e+07
1.825662e+07 7.084765e+06
5.584438e+06 2.293202e+06
1.623198e+06 6.356129e+05
4.667404e+05 1.758651e+05
1.401295e+05 4.137759e+04
4.483628e+04 1.662281e+04
1.627518e+04 7.737557e+03
6.174991e+03 3.118518e+03
2.604156e+03 1.559941e+03
1.510427e+03 1.233178e+03
1.136922e+03 9.747930e+02
9.480337e+02 8.408269e+02
8.385645e+02 7.760169e+02
7.743527e+02 7.409002e+02
7.373991e+02 7.087337e+02
7.040968e+02 6.793400e+02
6.638946e+02 6.372293e+02
6.229694e+02 6.015922e+02
5.855782e+02 5.715553e+02
5.601814e+02 5.532679e+02
5.432925e+02 5.373404e+02
5.292481e+02 5.231482e+02
5.142769e+02 5.081593e+02
4.980548e+02 4.919840e+02
4.782914e+02 4.690281e+02
4.539888e+02 4.437105e+02
4.356446e+02 4.294932e+02
4.200280e+02 4.139530e+02
3.980962e+02 3.883800e+02
3.746090e+02 3.670220e+02
3.562705e+02 3.515786e+02
3.388252e+02 3.327393e+02
3.242930e+02 3.209790e+02
3.120558e+02 3.093981e+02
2.999790e+02 2.965729e+02
2.899950e+02 2.871093e+02
2.817296e+02 2.798702e+02
2.722438e+02 2.677292e+02
2.635526e+02 2.616331e+02
2.608046e+02 2.603000e+02
2.598173e+02 2.595040e+02
2.591207e+02 2.588348e+02
2.585321e+02 2.583616e+02
2.581159e+02 2.579384e+02
2.578197e+02 2.577014e+02
2.575351e+02 2.574636e+02
2.574012e+02 2.573708e+02
2.573072e+02 2.572864e+02
2.572507e+02 2.572440e+02
2.571710e+02 2.571431e+02
2.568821e+02 2.568569e+02
2.564050e+02 2.563589e+02
2.557318e+02 2.556658e+02
2.550444e+02 2.550212e+02
2.547679e+02 2.547633e+02
2.544929e+02 2.544833e+02
2.543370e+02 2.543332e+02
2.542554e+02 2.542542e+02
2.542117e+02 2.542112e+02
2.541938e+02 2.541938e+02
1.550880e+11 8.227699e+10
8.816279e+10 3.318593e+10
6.969222e+10 2.646237e+10
6.060320e+10 2.002400e+10
5.486479e+10 2.002400e+10
5.051805e+10 1.734035e+10
4.799326e+10 1.189872e+10
4.243222e+10 9.971964e+09
3.872952e+10 9.971964e+09
3.581669e+10 9.971964e+09
3.283876e+10 9.648623e+09
2.973594e+10 9.575619e+09
2.779320e+10 9.276065e+09
2.629282e+10 8.320128e+09
2.458458e+10 7.058897e+09
2.319588e+10 6.484865e+09
2.050574e+10 6.484865e+09
1.834691e+10 5.965755e+09
1.804962e+10 5.096460e+09
1.637903e+10 5.096460e+09
1.467819e+10 5.096460e+09
1.454508e+10 5.096460e+09
1.304015e+10 3.670115e+09
1.026513e+10 3.670115e+09
1.105579e+10 2.573925e+09
9.024703e+09 2.545206e+09
7.560751e+09 2.545206e+09
9.136182e+09 2.075251e+09
7.481800e+09 2.009575e+09
6.732382e+09 2.009575e+09
7.239301e+09 1.950285e+09
5.120492e+09 1.899963e+09
6.440363e+09 1.349626e+09
4.096595e+09 1.349626e+09
3.789132e+09 1.256313e+09
2.502633e+09 9.919239e+08
1.337427e+09 4.539312e+08
5.910835e+08 2.420749e+08
2.276620e+08 8.087838e+07
7.673440e+07 2.567588e+07
2.562812e+07 9.934757e+06
7.793032e+06 3.123383e+06
2.424727e+06 8.667971e+05
7.257563e+05 2.860324e+05
2.053640e+05 7.759006e+04
6.526898e+04 2.634908e+04
2.085868e+04 8.232109e+03
7.446038e+03 3.840231e+03
3.300322e+03 1.970021e+03
1.773773e+03 1.315214e+03
1.261799e+03 1.047729e+03
1.031630e+03 9.220070e+02
8.945494e+02 8.181281e+02
7.864094e+02 7.183857e+02
7.026336e+02 6.649856e+02
6.470558e+02 6.177934e+02
6.008861e+02 5.804790e+02
5.621849e+02 5.473422e+02
5.313499e+02 5.193172e+02
5.136558e+02 5.057081e+02
4.996584e+02 4.945084e+02
4.815429e+02 4.738942e+02
4.657286e+02 4.581347e+02
4.491969e+02 4.437213e+02
4.339229e+02 4.268646e+02
4.163529e+02 4.116206e+02
4.041023e+02 3.991917e+02
3.885738e+02 3.838122e+02
3.777411e+02 3.732030e+02
3.661465e+02 3.616004e+02
3.528894e+02 3.487513e+02
3.411195e+02 3.352376e+02
3.271364e+02 3.219453e+02
3.122289e+02 3.070508e+02
2.991887e+02 2.963656e+02
2.904316e+02 2.877197e+02
2.826797e+02 2.803443e+02
2.749253e+02 2.729745e+02
2.675100e+02 2.649423e+02
2.570843e+02 2.555918e+02
2.492977e+02 2.481331e+02
2.419335e+02 2.385656e+02
2.340352e+02 2.329356e+02
2.324480e+02 2.320538e+02
2.319831e+02 2.316835e+02
2.316152e+02 2.314333e+02
2.312979e+02 2.311370e+02
2.310091e+02 2.308752e+02
2.306850e+02 2.306175e+02
2.304364e+02 2.303642e+02
2.301530e+02 2.300880e+02
2.300154e+02 2.299824e+02
2.298277e+02 2.298115e+02
2.296605e+02 2.296479e+02
2.295174e+02 2.295091e+02
2.294128e+02 2.294095e+02
2.293325e+02 2.293309e+02
2.292687e+02 2.292644e+02
2.292019e+02 2.291998e+02
2.291766e+02 2.291765e+02
2.291691e+02 2.291691e+02
1.572231e+11 5.700606e+10
9.121433e+10 3.100431e+10
7.598615e+10 3.100431e+10
6.830118e+10 3.100431e+10
6.212076e+10 2.250315e+10
5.434078e+10 2.029864e+10
5.045522e+10 1.855771e+10
4.637549e+10 1.657114e+10
4.296450e+10 1.401910e+10
3.958790e+10 1.092585e+10
3.891461e+10 1.092585e+10
3.570480e+10 9.606697e+09
3.263747e+10 9.487776e+09
3.083506e+10 8.783462e+09
2.881364e+10 7.851244e+09
2.401283e+10 7.851244e+09
2.294227e+10 7.128625e+09
2.095262e+10 4.507835e+09
1.951532e+10 4.507835e+09
1.811483e+10 4.507835e+09
1.696015e+10 4.307845e+09
1.591961e+10 4.307845e+09
1.330030e+10 3.367747e+09
1.238753e+10 3.367747e+09
1.317473e+10 3.367747e+09
1.222141e+10 3.367747e+09
9.767016e+09 3.367747e+09
9.061602e+09 2.261894e+09
9.361985e+09 2.261894e+09
7.167770e+09 2.261894e+09
8.044772e+09 2.261894e+09
7.010851e+09 2.261894e+09
7.470259e+09 1.995651e+09
5.157010e+09 1.753452e+09
5.743590e+09 1.704941e+09
5.872951e+09 1.704941e+09
4.011936e+09 1.175127e+09
3.225418e+09 1.175127e+09
2.288655e+09 7.684634e+08
1.250404e+09 5.167885e+08
5.465332e+08 1.744030e+08
1.932558e+08 7.226852e+07
6.204227e+07 1.988006e+07
1.933035e+07 7.268241e+06
5.489687e+06 1.572161e+06
1.683723e+06 6.370694e+05
5.004044e+05 1.562035e+05
1.317359e+05 4.173784e+04
3.731047e+04 1.222844e+04
1.110088e+04 5.128047e+03
3.890929e+03 2.083569e+03
1.783902e+03 1.366814e+03
1.239866e+03 1.086706e+03
1.035794e+03 9.243828e+02
9.287713e+02 8.522172e+02
8.573673e+02 7.970018e+02
8.116551e+02 7.611545e+02
7.736942e+02 7.090321e+02
7.330805e+02 6.868745e+02
6.996928e+02 6.684691e+02
6.590976e+02 6.412327e+02
6.223900e+02 6.070308e+02
5.934716e+02 5.818725e+02
5.686302e+02 5.615027e+02
5.474731e+02 5.395994e+02
5.259241e+02 5.167507e+02
5.068795e+02 5.006829e+02
4.895197e+02 4.836692e+02
4.731690e+02 4.687204e+02
4.607234e+02 4.517424e+02
4.403928e+02 4.337523e+02
4.257196e+02 4.214036e+02
4.123741e+02 4.072762e+02
3.952918e+02 3.905403e+02
3.763329e+02 3.694584e+02
3.570934e+02 3.527948e+02
3.417437e+02 3.370962e+02
3.253429e+02 3.218647e+02
3.146430e+02 3.127512e+02
3.063237e+02 3.051411e+02
2.965084e+02 2.930142e+02
2.898180e+02 2.889898e+02
2.882084e+02 2.877749e+02
2.872729e+02 2.870662e+02
2.868156e+02 2.867061e+02
2.866142e+02 2.865206e+02
2.864558e+02 2.863959e+02
2.862546e+02 2.862085e+02
2.859563e+02 2.859231e+02
2.856600e+02 2.856313e+02
2.853337e+02 2.852769e+02
2.849776e+02 2.849546e+02
2.847730e+02 2.847633e+02
2.846409e+02 2.846194e+02
2.845264e+02 2.845212e+02
2.844669e+02 2.844640e+02
2.844308e+02 2.844297e+02
2.843939e+02 2.843937e+02
2.843728e+02 2.843722e+02
2.843631e+02 2.843630e+02
2.843569e+02 2.843569e+02
1.559293e+11 6.821972e+10
9.142054e+10 4.650297e+10
7.758760e+10 3.905567e+10
6.806850e+10 3.416573e+10
5.949512e+10 2.437689e+10
5.556163e+10 1.574185e+10
5.176929e+10 1.469668e+10
4.755870e+10 1.469668e+10
4.357016e+10 1.469668e+10
3.947753e+10 1.469668e+10
3.724115e+10 1.419237e+10
3.584668e+10 1.142942e+10
3.186488e+10 1.083106e+10
2.899957e+10 1.083106e+10
2.637812e+10 1.029352e+10
2.574164e+10 7.921486e+09
2.319823e+10 6.740409e+09
1.964133e+10 4.842751e+09
1.731933e+10 4.842751e+09
1.583875e+10 4.842751e+09
1.517555e+10 3.499308e+09
1.472882e+10 3.499308e+09
1.346075e+10 3.499308e+09
1.305829e+10 3.475344e+09
1.057110e+10 3.401628e+09
1.010818e+10 2.867859e+09
9.319720e+09 2.544365e+09
8.031309e+09 2.429364e+09
7.486021e+09 1.702623e+09
7.023542e+09 1.702623e+09
6.325331e+09 1.702623e+09
5.762447e+09 1.702623e+09
4.781809e+09 1.677828e+09
4.372003e+09 1.064588e+09
3.601635e+09 9.076593e+08
2.832525e+09 9.076593e+08
2.355432e+09 9.076593e+08
1.482302e+09 5.539285e+08
7.097331e+08 2.108757e+08
3.142319e+08 1.016886e+08
1.073924e+08 4.268072e+07
3.991681e+07 1.623726e+07
1.356296e+07 4.991016e+06
3.621906e+06 1.408682e+06
1.159956e+06 3.316710e+05
3.438245e+05 1.187149e+05
1.082671e+05 3.874892e+04
3.036394e+04 7.136851e+03
8.852997e+03 3.580225e+03
3.206210e+03 1.803333e+03
1.554614e+03 1.158388e+03
1.117709e+03 9.576779e+02
9.422648e+02 8.608157e+02
8.304318e+02 7.778358e+02
7.655368e+02 7.348689e+02
7.171651e+02 6.927272e+02
6.804761e+02 6.590915e+02
6.435826e+02 6.284520e+02
6.156578e+02 6.024421e+02
5.915498e+02 5.825804e+02
5.740483e+02 5.679720e+02
5.611251e+02 5.557439e+02
5.453329e+02 5.383167e+02
5.302657e+02 5.233629e+02
5.110064e+02 5.032507e+02
4.905852e+02 4.821436e+02
4.659331e+02 4.566329e+02
4.433622e+02 4.348011e+02
4.250949e+02 4.194877e+02
4.098637e+02 4.053802e+02
3.953918e+02 3.898855e+02
3.815051e+02 3.761125e+02
3.653053e+02 3.624154e+02
3.528902e+02 3.483936e+02
3.408051e+02 3.378451e+02
3.315101e+02 3.281275e+02
3.189410e+02 3.157706e+02
3.093997e+02 3.072882e+02
3.023103e+02 3.011619e+02
2.964897e+02 2.951315e+02
2.904217e+02 2.895333e+02
2.810200e+02 2.793259e+02
2.778631e+02 2.772651e+02
2.767167e+02 2.764582e+02
2.762917e+02 2.760999e+02
2.760664e+02 2.759048e+02
2.758056e+02 2.756980e+02
2.758051e+02 2.756461e+02
2.756576e+02 2.755781e+02
2.755179e+02 2.754681e+02
2.754422e+02 2.754166e+02
2.753868e+02 2.753638e+02
2.752683e+02 2.752575e+02
2.752127e+02 2.752043e+02
2.750780e+02 2.750705e+02
2.748552e+02 2.748445e+02
2.746617e+02 2.746580e+02
2.744212e+02 2.744164e+02
2.743443e+02 2.743438e+02
2.742707e+02 2.742645e+02
2.742209e+02 2.742209e+02
1.548314e+11 6.765840e+10
8.951330e+10 3.845633e+10
7.280583e+10 3.284016e+10
6.009272e+10 2.929739e+10
5.665075e+10 2.119584e+10
5.071326e+10 1.592263e+10
4.550434e+10 1.592263e+10
4.417538e+10 1.592263e+10
4.134052e+10 1.153389e+10
3.873234e+10 1.079111e+10
3.681877e+10 1.056380e+10
3.425200e+10 9.816194e+09
3.184273e+10 9.816194e+09
2.893439e+10 9.816194e+09
2.771141e+10 8.837775e+09
2.478975e+10 8.397900e+09
2.443400e+10 6.333960e+09
2.120426e+10 6.126593e+09
1.822975e+10 6.030925e+09
1.830462e+10 5.963837e+09
1.747740e+10 3.976752e+09
1.752551e+10 3.976752e+09
1.485567e+10 3.976752e+09
1.312276e+10 3.976752e+09
1.086560e+10 3.645874e+09
1.015728e+10 3.552600e+09
8.598862e+09 2.475999e+09
7.345906e+09 2.226726e+09
5.585684e+09 2.126856e+09
5.144179e+09 1.794637e+09
3.290719e+09 1.093631e+09
2.147327e+09 7.827767e+08
1.116238e+09 3.878442e+08
5.086538e+08 1.701501e+08
1.984875e+08 4.227939e+07
6.498341e+07 2.368620e+07
2.230115e+07 6.075397e+06
7.379252e+06 1.542523e+06
2.450237e+06 7.475088e+05
8.742937e+05 2.870674e+05
2.963340e+05 1.210081e+05
1.017729e+05 3.338904e+04
3.525727e+04 1.197195e+04
1.307172e+04 4.857619e+03
4.973082e+03 2.487147e+03
2.245294e+03 1.302218e+03
1.371124e+03 1.059896e+03
1.047627e+03 9.286186e+02
8.964886e+02 8.176487e+02
8.153852e+02 7.655212e+02
7.663208e+02 7.362431e+02
7.301205e+02 6.941180e+02
6.861563e+02 6.593093e+02
6.398655e+02 6.122778e+02
6.012076e+02 5.815978e+02
5.760521e+02 5.672532e+02
5.617822e+02 5.546224e+02
5.506227e+02 5.450615e+02
5.418719e+02 5.372662e+02
5.322449e+02 5.271886e+02
5.182679e+02 5.050091e+02
4.986459e+02 4.886043e+02
4.819698e+02 4.718842e+02
4.583295e+02 4.485393e+02
4.379212e+02 4.301953e+02
4.205489e+02 4.134465e+02
3.994376e+02 3.915842e+02
3.836688e+02 3.787971e+02
3.708049e+02 3.658434e+02
3.594696e+02 3.563049e+02
3.509274e+02 3.487034e+02
3.438331e+02 3.413894e+02
3.382444e+02 3.367342e+02
3.329697e+02 3.312720e+02
3.263041e+02 3.245154e+02
3.196827e+02 3.173508e+02
3.120369e+02 3.094472e+02
3.018164e+02 2.988740e+02
2.926489e+02 2.916183e+02
2.869299e+02 2.837205e+02
2.821502e+02 2.809335e+02
2.809040e+02 2.802733e+02
2.798514e+02 2.795809e+02
3.909760e+08 2.792513e+02
2.791799e+02 2.789804e+02
2.788582e+02 2.786891e+02
2.785114e+02 2.784361e+02
2.783771e+02 2.783200e+02
2.783029e+02 2.782670e+02
2.782009e+02 2.781785e+02
2.780862e+02 2.780719e+02
2.779542e+02 2.779404e+02
2.777899e+02 2.777594e+02
2.775925e+02 2.775835e+02
2.774326e+02 2.774039e+02
2.772154e+02 2.771999e+02
2.771319e+02 2.771298e+02
2.770845e+02 2.770840e+02
2.770589e+02 2.770588e+02
2.770494e+02 2.770492e+02
2.770446e+02 2.770446e+02
1.550922e+11 6.938753e+10
8.826947e+10 4.252179e+10
7.139472e+10 3.374321e+10
6.029286e+10 2.248541e+10
5.583704e+10 2.054668e+10
5.099098e+10 1.865620e+10
4.793175e+10 1.865620e+10
4.227347e+10 1.519406e+10
3.949092e+10 1.113102e+10
3.768189e+10 1.040604e+10
3.472761e+10 1.040604e+10
3.361970e+10 1.040604e+10
3.203324e+10 8.015839e+09
2.984601e+10 8.015839e+09
2.646643e+10 8.015839e+09
2.513396e+10 6.190451e+09
2.409310e+10 6.190451e+09
2.250763e+10 6.116757e+09
2.034873e+10 6.116757e+09
1.904913e+10 6.087766e+09
1.692811e+10 4.165826e+09
1.565892e+10 4.165826e+09
1.472318e+10 4.124023e+09
1.236585e+10 3.703240e+09
1.294067e+10 3.147425e+09
1.050018e+10 2.680775e+09
9.318473e+09 2.680775e+09
1.129309e+10 2.680775e+09
8.769152e+09 2.680775e+09
7.746703e+09 2.680775e+09
6.727658e+09 2.247424e+09
7.464215e+09 2.153635e+09
5.184659e+09 1.876547e+09
4.004882e+09 1.701982e+09
2.929076e+09 1.128781e+09
1.749277e+09 6.835083e+08
8.308399e+08 2.956206e+08
3.240068e+08 1.041593e+08
1.142315e+08 3.399465e+07
3.664375e+07 1.469169e+07
1.073599e+07 3.885130e+06
3.668684e+06 1.069395e+06
1.048975e+06 3.271163e+05
3.260050e+05 1.061673e+05
1.011440e+05 3.664181e+04
3.027771e+04 1.123881e+04
9.242683e+03 4.526039e+03
3.575310e+03 2.032248e+03
1.890176e+03 1.439279e+03
1.340225e+03 1.122436e+03
1.126356e+03 9.786845e+02
1.003300e+03 8.719168e+02
9.119499e+02 8.204231e+02
8.399817e+02 7.851029e+02
7.864125e+02 7.429180e+02
7.341625e+02 6.935818e+02
6.727581e+02 6.427938e+02
6.335394e+02 6.187224e+02
6.097534e+02 5.991580e+02
5.933619e+02 5.860724e+02
5.775626e+02 5.690078e+02
5.616043e+02 5.542850e+02
5.417044e+02 5.337070e+02
5.267818e+02 5.193970e+02
5.109081e+02 5.041565e+02
4.926665e+02 4.849941e+02
4.708277e+02 4.621159e+02
4.503600e+02 4.440571e+02
4.296250e+02 4.217293e+02
4.110776e+02 4.018263e+02
3.960333e+02 3.914077e+02
3.824956e+02 3.785069e+02
3.707970e+02 3.672636e+02
3.574367e+02 3.518788e+02
3.442991e+02 3.405410e+02
3.335678e+02 3.314052e+02
3.223773e+02 3.193388e+02
3.144993e+02 3.130357e+02
3.075340e+02 3.061299e+02
3.011186e+02 2.990917e+02
2.918802e+02 2.888033e+02
2.856151e+02 2.845204e+02
4.899114e+08 2.834551e+02
3.305824e+08 2.830892e+02
2.829393e+02 2.827384e+02
2.826951e+02 2.826257e+02
2.825092e+02 2.824339e+02
2.821017e+02 2.820133e+02
2.816487e+02 2.815978e+02
2.814865e+02 2.814533e+02
2.812632e+02 2.812422e+02
2.811246e+02 2.811069e+02
2.808996e+02 2.808774e+02
2.807719e+02 2.807622e+02
2.806588e+02 2.806545e+02
2.804580e+02 2.804416e+02
2.803266e+02 2.803212e+02
2.801819e+02 2.801787e+02
2.800254e+02 2.800248e+02
2.800030e+02 2.800028e+02
2.799999e+02 2.799999e+02
1.546755e+11 6.872997e+10
8.084703e+10 3.465771e+10
5.910063e+10 2.711332e+10
4.563991e+10 1.817986e+10
3.870080e+10 1.526133e+10
3.307634e+10 1.026808e+10
3.395830e+10 9.972101e+09
3.207268e+10 9.733613e+09
3.044650e+10 7.087914e+09
2.904795e+10 7.040568e+09
3.010756e+10 7.040568e+09
2.809783e+10 6.546179e+09
2.435993e+10 6.546179e+09
2.456417e+10 6.546179e+09
2.404521e+10 6.546179e+09
1.984405e+10 6.546179e+09
1.787560e+10 5.825960e+09
1.785623e+10 5.284326e+09
1.595443e+10 4.045130e+09
1.486862e+10 3.874962e+09
1.364985e+10 3.874962e+09
1.313614e+10 3.415348e+09
1.233314e+10 3.327368e+09
1.066552e+10 3.327368e+09
8.632515e+09 2.618870e+09
9.132403e+09 2.618870e+09
8.491019e+09 2.578775e+09
6.766143e+09 2.188427e+09
6.811613e+09 1.896319e+09
7.395941e+09 1.896319e+09
5.667633e+09 1.896319e+09
5.050024e+09 1.896319e+09
4.291268e+09 1.498575e+09
3.982010e+09 1.121407e+09
3.227390e+09 1.121407e+09
2.407930e+09 9.255225e+08
1.504083e+09 5.671978e+08
6.919172e+08 2.402938e+08
2.645006e+08 1.089757e+08
9.039529e+07 3.352767e+07
2.788811e+07 1.143119e+07
9.181567e+06 3.344701e+06
2.696566e+06 1.034747e+06
7.619616e+05 2.714081e+05
2.300354e+05 6.060313e+04
7.165485e+04 2.751160e+04
2.209430e+04 7.406879e+03
8.075478e+03 4.026495e+03
3.074897e+03 1.828637e+03
1.508795e+03 1.096894e+03
1.031451e+03 8.864159e+02
8.577348e+02 7.770504e+02
7.504213e+02 7.004026e+02
6.853972e+02 6.551266e+02
6.391797e+02 6.130537e+02
5.905028e+02 5.588622e+02
5.524555e+02 5.345730e+02
5.291697e+02 5.193123e+02
5.129262e+02 5.051493e+02
4.984995e+02 4.903999e+02
4.849597e+02 4.780494e+02
4.722421e+02 4.657755e+02
4.601413e+02 4.541059e+02
4.483408e+02 4.434995e+02
4.360953e+02 4.316004e+02
4.216211e+02 4.145654e+02
4.019238e+02 3.943260e+02
3.830981e+02 3.773518e+02
3.629668e+02 3.571420e+02
3.415268e+02 3.332855e+02
3.262528e+02 3.210468e+02
3.148248e+02 3.102260e+02
3.033242e+02 3.000934e+02
2.948624e+02 2.922481e+02
2.851643e+02 2.823846e+02
2.791581e+02 2.771114e+02
2.728223e+02 2.711256e+02
2.674072e+02 2.662591e+02
2.639582e+02 2.628025e+02
2.610545e+02 2.604996e+02
2.584556e+02 2.578016e+02
2.548331e+02 2.538796e+02
2.480972e+02 2.468604e+02
2.458291e+02 2.454354e+02
2.481300e+02 2.449123e+02
2.448385e+02 2.446543e+02
2.445476e+02 2.444155e+02
2.443392e+02 2.442376e+02
2.442058e+02 2.441375e+02
2.440360e+02 2.440107e+02
2.438682e+02 2.438324e+02
2.437494e+02 2.437346e+02
2.435693e+02 2.435490e+02
2.433494e+02 2.433381e+02
2.432656e+02 2.432497e+02
2.429987e+02 2.429800e+02
2.428835e+02 2.428777e+02
2.427556e+02 2.427546e+02
2.424436e+02 2.424386e+02
2.422671e+02 2.422666e+02
2.422320e+02 2.422320e+02
1.537145e+11 6.599758e+10
8.392950e+10 4.154353e+10
6.394077e+10 1.486545e+10
5.032743e+10 1.486545e+10
4.292131e+10 1.486545e+10
3.930146e+10 1.347618e+10
3.704426e+10 1.257874e+10
3.641205e+10 1.139158e+10
3.410647e+10 8.869003e+09
3.031502e+10 8.869003e+09
3.173966e+10 8.869003e+09
2.694744e+10 8.707978e+09
2.829973e+10 8.289922e+09
2.389064e+10 6.174403e+09
2.485776e+10 6.174403e+09
2.044961e+10 6.174403e+09
2.108185e+10 6.174403e+09
1.916239e+10 5.115774e+09
1.794489e+10 5.115774e+09
1.633878e+10 3.486546e+09
1.524998e+10 3.486546e+09
1.338774e+10 3.486546e+09
1.452871e+10 3.486546e+09
1.192304e+10 3.486546e+09
1.099391e+10 3.486546e+09
1.060246e+10 2.778058e+09
9.348817e+09 2.778058e+09
8.546822e+09 2.778058e+09
8.048859e+09 2.702358e+09
6.097787e+09 1.922652e+09
5.257758e+09 1.626108e+09
4.305244e+09 1.626108e+09
3.378257e+09 1.423561e+09
1.930011e+09 7.323910e+08
9.031111e+08 2.920906e+08
3.233017e+08 1.267775e+08
1.106304e+08 4.394669e+07
3.575640e+07 1.269491e+07
1.163841e+07 4.434409e+06
3.947993e+06 1.274302e+06
1.318424e+06 4.917489e+05
3.936538e+05 1.360406e+05
1.350454e+05 4.363115e+04
4.400119e+04 1.720758e+04
1.506016e+04 6.051067e+03
5.549342e+03 2.770147e+03
2.469338e+03 1.620355e+03
1.479092e+03 1.117921e+03
1.107889e+03 8.767819e+02
9.068538e+02 7.832623e+02
7.578204e+02 6.775175e+02
6.610908e+02 6.185395e+02
6.053300e+02 5.857951e+02
5.715837e+02 5.545684e+02
5.426371e+02 5.303718e+02
5.219854e+02 5.110407e+02
5.026188e+02 4.944113e+02
4.880197e+02 4.830152e+02
4.768223e+02 4.716212e+02
4.662307e+02 4.606041e+02
4.546632e+02 4.499052e+02
4.389127e+02 4.286029e+02
4.197851e+02 4.114436e+02
3.953476e+02 3.826436e+02
3.696664e+02 3.604172e+02
3.464381e+02 3.402309e+02
3.303248e+02 3.242604e+02
3.194733e+02 3.157979e+02
3.076378e+02 3.036699e+02
2.948726e+02 2.907348e+02
2.828664e+02 2.789194e+02
2.714047e+02 2.676897e+02
2.589982e+02 2.550377e+02
2.486335e+02 2.457945e+02
2.413689e+02 2.393030e+02
2.358637e+02 2.344643e+02
2.302845e+02 2.279511e+02
2.249108e+02 2.235390e+02
2.189816e+02 2.178404e+02
2.140680e+02 2.131029e+02
2.098785e+02 2.077210e+02
2.063173e+02 2.057718e+02
2.053932e+02 2.051826e+02
2.049777e+02 2.048749e+02
2.046676e+02 2.045831e+02
2.044592e+02 2.043916e+02
2.043316e+02 2.042563e+02
2.041257e+02 2.040800e+02
2.039685e+02 2.039160e+02
2.038116e+02 2.037908e+02
2.037007e+02 2.036896e+02
2.036187e+02 2.036105e+02
2.035410e+02 2.035315e+02
2.034604e+02 2.034549e+02
2.034022e+02 2.033993e+02
2.033459e+02 2.033444e+02
2.032562e+02 2.032545e+02
2.032267e+02 2.032262e+02
2.032126e+02 2.032125e+02
2.032089e+02 2.032089e+02
2.032077e+02 2.032077e+02
1.563433e+11 5.060918e+10
9.042985e+10 4.029375e+10
7.625473e+10 2.961516e+10
6.706493e+10 2.567828e+10
6.175241e+10 2.541213e+10
5.289676e+10 2.162891e+10
4.924478e+10 1.593102e+10
4.645131e+10 1.584376e+10
4.243296e+10 1.337653e+10
3.753484e+10 1.337653e+10
3.841665e+10 1.058100e+10
3.236583e+10 1.058100e+10
3.128490e+10 9.940217e+09
2.835205e+10 8.954972e+09
2.635816e+10 6.652902e+09
2.410567e+10 5.177394e+09
2.098994e+10 5.177394e+09
1.881754e+10 5.177394e+09
1.844624e+10 5.177394e+09
1.559694e+10 4.767387e+09
1.571299e+10 4.240099e+09
1.502486e+10 4.165811e+09
1.217587e+10 3.446712e+09
1.251697e+10 3.446712e+09
1.053825e+10 3.446712e+09
1.052396e+10 2.990182e+09
9.443928e+09 2.874962e+09
8.050093e+09 2.874962e+09
7.363375e+09 2.874962e+09
7.646132e+09 2.308821e+09
5.633649e+09 2.308821e+09
5.433104e+09 1.839570e+09
3.708076e+09 1.516880e+09
2.575490e+09 1.020311e+09
1.390926e+09 5.067649e+08
5.797790e+08 2.117524e+08
2.071012e+08 7.701575e+07
7.255108e+07 2.132931e+07
2.355399e+07 5.050284e+06
7.965902e+06 3.187604e+06
2.379836e+06 7.009105e+05
7.205887e+05 2.499342e+05
2.226411e+05 6.677712e+04
7.199720e+04 2.795153e+04
2.116868e+04 6.203665e+03
7.259351e+03 2.418087e+03
3.054635e+03 1.852071e+03
1.605242e+03 1.184873e+03
1.124643e+03 9.446402e+02
9.067718e+02 7.922226e+02
7.832925e+02 7.350360e+02
7.099277e+02 6.814119e+02
6.610871e+02 6.471267e+02
6.340846e+02 6.209044e+02
6.135365e+02 6.020789e+02
5.981741e+02 5.923284e+02
5.875190e+02 5.811931e+02
5.764893e+02 5.720974e+02
5.672065e+02 5.626133e+02
5.588572e+02 5.548197e+02
5.494272e+02 5.446000e+02
5.402773e+02 5.357572e+02
5.269637e+02 5.181560e+02
5.100810e+02 5.014723e+02
4.938926e+02 4.880242e+02
4.806329e+02 4.756138e+02
4.675958e+02 4.620007e+02
4.581827e+02 4.548978e+02
4.492502e+02 4.448903e+02
4.380625e+02 4.346812e+02
4.248180e+02 4.196303e+02
4.122447e+02 4.075544e+02
3.979079e+02 3.934154e+02
3.855053e+02 3.823878e+02
3.745857e+02 3.712175e+02
3.661319e+02 3.636128e+02
3.581056e+02 3.557388e+02
3.514423e+02 3.498490e+02
3.456907e+02 3.443744e+02
3.411078e+02 3.399718e+02
3.362090e+02 3.352207e+02
3.306269e+02 3.295681e+02
3.240660e+02 3.227223e+02
3.169627e+02 3.149737e+02
3.074307e+02 3.064316e+02
3.053615e+02 3.050356e+02
3.046434e+02 3.044432e+02
3.041094e+02 3.039833e+02
3.039209e+02 3.038366e+02
3.035453e+02 3.034684e+02
3.032965e+02 3.032569e+02
3.031622e+02 3.031482e+02
3.030943e+02 3.030863e+02
3.029860e+02 3.029798e+02
3.028516e+02 3.028333e+02
3.027492e+02 3.027440e+02
3.026329e+02 3.026281e+02
3.025434e+02 3.025361e+02
3.024779e+02 3.024773e+02
3.024565e+02 3.024563e+02
3.024096e+02 3.024096e+02
