9.454971e+09 2.327558e+07
3.440486e+08 4.691060e+06
7.155604e+08 4.691060e+06
7.936301e+08 3.944538e+06
5.869694e+08 2.978865e+06
6.390074e+08 2.978865e+06
5.243510e+08 2.978865e+06
6.352851e+08 2.978865e+06
6.234323e+08 2.248828e+06
4.480368e+08 6.895086e+05
4.974735e+08 6.895086e+05
4.717096e+08 6.895086e+05
2.785749e+08 6.895086e+05
5.680062e+08 6.895086e+05
3.073318e+08 6.895086e+05
4.015144e+08 6.895086e+05
3.774350e+08 6.895086e+05
2.886521e+08 6.895086e+05
1.843030e+08 6.895086e+05
3.814536e+08 6.895086e+05
4.057282e+08 6.895086e+05
2.534410e+08 6.895086e+05
2.805065e+08 6.895086e+05
1.248213e+08 6.895086e+05
2.408725e+08 6.895086e+05
2.625926e+08 6.895086e+05
1.027652e+08 6.895086e+05
1.894689e+08 6.895086e+05
2.893997e+08 6.895086e+05
1.838444e+08 6.895086e+05
1.377930e+08 6.895086e+05
1.163358e+08 6.895086e+05
9.072412e+07 6.895086e+05
1.327185e+08 6.895086e+05
8.360170e+07 6.895086e+05
4.654173e+07 6.895086e+05
1.117464e+08 6.895086e+05
5.139639e+07 6.895086e+05
1.519947e+08 6.895086e+05
1.229393e+08 6.895086e+05
1.502250e+08 6.865364e+05
6.261302e+07 6.865364e+05
2.797339e+07 4.297453e+05
2.860586e+07 4.297453e+05
2.578451e+07 4.297453e+05
3.705045e+07 4.221344e+05
7.850275e+07 4.221344e+05
4.183452e+07 4.221344e+05
7.159521e+07 3.849795e+05
8.961212e+06 3.333638e+05
4.486134e+06 2.758229e+05
1.655373e+06 1.978836e+05
2.937693e+05 7.933215e+04
6.561093e+04 2.909266e+04
1.778543e+04 8.336273e+03
5.245946e+03 2.780079e+03
1.836221e+03 1.270176e+03
1.087998e+03 8.978044e+02
9.006923e+02 7.768526e+02
8.197622e+02 7.455516e+02
7.599580e+02 6.862036e+02
7.163891e+02 6.620236e+02
6.825928e+02 6.306517e+02
6.529816e+02 6.115416e+02
6.185939e+02 5.928882e+02
5.837421e+02 5.697007e+02
5.593655e+02 5.406602e+02
5.359096e+02 5.230990e+02
5.142718e+02 5.017182e+02
4.998981e+02 4.895586e+02
4.873571e+02 4.777301e+02
4.767623e+02 4.679306e+02
4.696575e+02 4.631905e+02
4.656795e+02 4.596481e+02
4.627836e+02 4.572017e+02
4.594395e+02 4.520481e+02
4.557190e+02 4.513924e+02
4.474956e+02 4.461302e+02
4.426726e+02 4.416877e+02
4.343277e+02 4.321248e+02
4.260344e+02 4.242554e+02
4.178630e+02 4.169229e+02
4.112823e+02 4.097256e+02
4.024241e+02 4.011834e+02
3.940181e+02 3.931228e+02
3.877110e+02 3.870600e+02
3.819092e+02 3.810904e+02
3.771020e+02 3.767159e+02
3.760866e+02 3.759191e+02
3.754706e+02 3.753951e+02
3.747357e+02 3.746086e+02
3.743075e+02 3.742510e+02
3.740466e+02 3.740052e+02
3.738490e+02 3.738360e+02
3.736365e+02 3.736163e+02
3.733640e+02 3.733404e+02
3.728884e+02 3.728755e+02
3.721021e+02 3.720264e+02
3.710232e+02 3.710206e+02
3.708423e+02 3.708413e+02
3.707191e+02 3.707191e+02
9.179636e+09 1.294836e+07
3.749513e+08 4.684156e+06
6.568619e+08 3.486148e+06
5.684052e+08 3.180834e+06
6.937425e+08 2.046885e+06
6.278533e+08 2.046885e+06
6.935846e+08 2.046885e+06
4.481638e+08 2.046885e+06
5.186183e+08 2.046885e+06
4.928975e+08 2.046885e+06
4.133222e+08 2.046885e+06
4.995040e+08 1.813897e+06
6.616781e+08 1.813897e+06
4.619596e+08 1.813897e+06
4.184776e+08 1.813897e+06
4.299493e+08 1.813897e+06
2.091013e+08 1.813897e+06
4.244500e+08 1.813897e+06
3.199422e+08 1.813897e+06
4.053657e+08 1.813897e+06
1.673726e+08 1.813897e+06
2.694387e+08 1.718650e+06
2.486181e+08 1.361633e+06
4.701911e+08 1.361633e+06
2.027005e+08 9.520987e+05
1.612957e+08 9.520987e+05
9.368582e+07 9.520987e+05
1.652689e+08 9.520987e+05
1.748577e+08 9.520987e+05
8.252223e+07 9.520987e+05
2.321231e+08 9.520987e+05
7.954066e+07 9.520987e+05
1.091416e+08 9.520987e+05
3.578879e+08 4.675350e+05
1.240098e+08 4.200158e+05
3.195955e+08 4.200158e+05
9.328145e+07 4.200158e+05
2.077875e+08 4.200158e+05
4.599187e+07 4.200158e+05
4.201913e+07 4.200158e+05
2.050140e+07 4.200158e+05
1.220835e+08 4.200158e+05
4.283643e+07 2.943634e+05
1.108712e+07 2.943634e+05
9.213793e+07 2.943634e+05
6.310802e+07 2.943634e+05
1.044304e+08 2.096171e+05
1.474454e+08 2.096171e+05
5.914212e+07 2.096171e+05
1.379032e+07 2.096171e+05
1.305894e+07 2.096171e+05
1.772050e+07 2.096171e+05
6.886253e+06 2.096171e+05
3.444263e+06 1.449850e+05
1.382723e+06 1.406298e+05
2.512125e+05 6.153455e+04
5.236165e+04 1.852587e+04
1.183812e+04 5.417646e+03
2.797098e+03 1.369719e+03
1.266398e+03 9.565714e+02
9.011321e+02 7.457461e+02
8.046742e+02 6.964830e+02
7.254092e+02 6.429041e+02
6.560075e+02 5.991332e+02
6.061097e+02 5.460616e+02
5.649187e+02 5.294847e+02
5.067819e+02 4.859851e+02
4.764316e+02 4.655808e+02
4.642931e+02 4.559071e+02
4.558700e+02 4.472038e+02
4.496252e+02 4.432883e+02
4.443216e+02 4.371770e+02
4.394931e+02 4.342176e+02
4.353313e+02 4.310258e+02
4.308601e+02 4.281837e+02
4.249296e+02 4.240925e+02
4.198717e+02 4.186369e+02
4.125207e+02 4.100063e+02
3.966786e+02 3.923324e+02
3.795334e+02 3.761742e+02
3.648254e+02 3.617179e+02
3.496792e+02 3.468126e+02
3.349731e+02 3.301890e+02
3.205777e+02 3.184849e+02
3.111522e+02 3.098218e+02
3.025323e+02 3.017012e+02
2.949552e+02 2.942584e+02
2.931160e+02 2.926607e+02
2.919923e+02 2.918789e+02
2.916605e+02 2.915934e+02
2.914557e+02 2.914206e+02
2.911102e+02 2.910653e+02
2.906149e+02 2.905704e+02
2.901410e+02 2.901218e+02
2.897733e+02 2.897546e+02
2.893031e+02 2.892760e+02
2.888336e+02 2.888278e+02
2.886433e+02 2.886387e+02
2.883171e+02 2.883104e+02
2.878019e+02 2.878017e+02
2.876998e+02 2.876998e+02
9.194374e+09 1.705848e+07
3.302133e+08 3.814336e+06
5.752345e+08 3.814336e+06
7.154126e+08 3.814336e+06
5.883802e+08 3.595533e+06
5.396684e+08 3.595533e+06
6.009957e+08 2.635895e+06
6.132777e+08 2.635895e+06
6.470327e+08 2.635895e+06
6.081984e+08 2.326456e+06
4.973783e+08 1.647468e+06
3.360754e+08 1.647468e+06
3.377372e+08 1.647468e+06
4.037041e+08 1.591301e+06
2.974676e+08 1.591301e+06
3.390588e+08 1.591301e+06
3.002117e+08 1.591301e+06
6.896375e+08 1.591301e+06
3.349880e+08 1.238833e+06
3.969218e+08 1.238833e+06
2.021874e+08 1.238833e+06
1.656551e+08 1.238833e+06
2.337584e+08 1.238833e+06
2.451170e+08 1.238833e+06
2.389623e+08 1.238833e+06
1.787813e+08 1.160962e+06
2.701730e+08 1.160962e+06
1.341521e+08 1.160962e+06
1.535212e+08 1.160962e+06
2.239751e+08 1.150341e+06
7.125372e+07 1.150341e+06
1.822682e+08 1.150341e+06
8.665329e+07 1.150341e+06
5.289181e+07 1.150341e+06
4.504858e+07 8.501702e+05
3.721850e+07 8.401514e+05
1.411427e+08 6.949992e+05
3.159822e+07 6.949992e+05
6.419214e+07 5.390485e+05
1.328827e+08 5.390485e+05
3.354786e+07 4.779473e+05
5.358563e+07 4.779473e+05
1.131126e+08 4.779473e+05
5.051167e+07 4.779473e+05
4.479955e+07 3.210608e+05
5.046686e+07 3.210608e+05
1.295329e+07 2.758877e+05
1.344100e+07 2.758877e+05
1.774501e+07 2.758877e+05
7.121566e+06 2.758877e+05
2.018342e+06 1.480321e+05
7.493737e+05 1.302551e+05
1.668652e+05 6.126382e+04
4.305534e+04 2.035059e+04
1.009521e+04 4.687657e+03
2.988115e+03 1.864682e+03
1.486343e+03 1.099087e+03
1.112699e+03 9.766146e+02
9.899184e+02 8.793596e+02
9.199440e+02 8.362463e+02
8.704114e+02 7.982389e+02
8.133149e+02 7.629136e+02
7.538636e+02 6.950363e+02
6.819406e+02 6.499740e+02
6.285968e+02 6.138291e+02
6.081344e+02 5.972341e+02
5.984490e+02 5.910562e+02
5.937785e+02 5.859672e+02
5.886991e+02 5.819060e+02
5.842528e+02 5.791646e+02
5.802150e+02 5.750174e+02
5.757117e+02 5.717405e+02
5.710652e+02 5.678963e+02
5.635127e+02 5.618627e+02
5.539792e+02 5.511708e+02
5.420753e+02 5.377243e+02
5.311769e+02 5.289612e+02
5.223317e+02 5.198631e+02
5.145421e+02 5.126445e+02
5.034630e+02 5.012251e+02
4.950534e+02 4.928991e+02
4.864256e+02 4.850647e+02
4.797019e+02 4.783265e+02
4.751389e+02 4.745714e+02
4.740849e+02 4.739222e+02
4.737504e+02 4.736799e+02
4.735685e+02 4.735180e+02
4.733031e+02 4.732303e+02
4.730751e+02 4.730306e+02
4.727773e+02 4.727229e+02
4.722874e+02 4.722129e+02
4.718565e+02 4.718168e+02
4.716427e+02 4.716321e+02
4.713579e+02 4.713276e+02
4.709432e+02 4.709213e+02
4.706393e+02 4.706343e+02
4.704481e+02 4.704354e+02
4.688458e+02 4.688072e+02
4.683802e+02 4.683776e+02
4.679123e+02 4.679112e+02
4.678026e+02 4.678026e+02
9.072468e+09 2.059893e+07
3.278317e+08 3.839176e+06
6.504248e+08 2.057161e+06
7.210623e+08 2.057161e+06
5.138211e+08 2.057161e+06
8.662819e+08 2.057161e+06
5.340173e+08 2.057161e+06
5.378383e+08 2.057161e+06
5.761494e+08 2.057161e+06
4.807680e+08 1.095203e+06
4.076007e+08 1.095203e+06
4.365356e+08 1.095203e+06
3.293242e+08 1.095203e+06
4.129462e+08 1.095203e+06
2.258825e+08 1.095203e+06
3.338907e+08 1.095203e+06
2.494438e+08 1.095203e+06
4.265487e+08 1.095203e+06
4.744645e+08 1.095203e+06
3.308046e+08 1.095203e+06
2.386126e+08 1.095203e+06
2.180294e+08 1.095203e+06
2.509030e+08 1.095203e+06
1.426110e+08 1.095203e+06
2.536196e+08 1.095203e+06
1.520354e+08 1.095203e+06
1.401768e+08 1.095203e+06
1.299989e+08 6.616303e+05
7.235714e+07 6.026063e+05
1.629722e+08 6.026063e+05
1.795062e+08 6.026063e+05
1.129881e+08 5.988921e+05
2.080800e+08 5.988921e+05
6.722895e+07 5.988921e+05
1.999632e+08 5.988921e+05
1.192435e+08 5.988921e+05
9.298226e+07 5.988921e+05
1.175948e+08 5.779444e+05
9.758527e+07 5.779444e+05
3.996960e+07 5.779444e+05
3.890054e+07 3.835156e+05
1.091541e+08 3.835156e+05
3.719428e+07 3.835156e+05
2.206076e+07 3.822529e+05
1.049700e+07 3.822529e+05
7.331679e+07 3.822529e+05
2.163442e+07 2.770476e+05
2.641005e+07 2.770476e+05
1.880929e+07 2.770476e+05
7.839343e+06 2.770476e+05
6.885482e+06 2.631227e+05
2.303409e+06 2.459583e+05
6.916425e+05 9.043650e+04
1.410040e+05 5.358814e+04
3.736891e+04 1.602648e+04
1.068616e+04 5.747135e+03
3.576910e+03 2.224918e+03
1.686572e+03 1.322789e+03
1.140821e+03 9.508395e+02
9.131437e+02 7.899370e+02
8.093421e+02 7.078770e+02
7.458910e+02 6.682009e+02
7.037207e+02 6.234513e+02
6.585518e+02 5.697367e+02
6.155911e+02 5.544731e+02
5.731845e+02 5.354281e+02
5.105625e+02 4.815635e+02
4.611139e+02 4.508093e+02
4.429366e+02 4.329458e+02
4.335856e+02 4.236551e+02
4.273661e+02 4.222271e+02
4.231910e+02 4.178786e+02
4.179026e+02 4.129967e+02
4.100371e+02 4.089206e+02
4.054879e+02 4.043545e+02
4.000002e+02 3.983062e+02
3.910980e+02 3.888567e+02
3.795593e+02 3.761443e+02
3.651680e+02 3.621939e+02
3.536087e+02 3.509235e+02
3.402651e+02 3.375434e+02
3.270548e+02 3.243408e+02
3.130094e+02 3.103946e+02
2.961756e+02 2.940135e+02
2.834524e+02 2.817332e+02
2.738795e+02 2.727143e+02
2.648037e+02 2.642487e+02
2.634012e+02 2.631458e+02
2.621302e+02 2.619346e+02
2.615664e+02 2.615091e+02
2.610004e+02 2.608916e+02
2.605079e+02 2.604547e+02
2.600718e+02 2.600430e+02
2.596796e+02 2.596503e+02
2.594128e+02 2.593918e+02
2.592085e+02 2.591973e+02
2.587388e+02 2.587296e+02
2.584467e+02 2.584373e+02
2.582706e+02 2.582686e+02
2.580036e+02 2.580028e+02
2.571474e+02 2.571474e+02
8.960367e+09 1.562889e+07
3.162165e+08 7.097403e+06
4.958405e+08 5.535675e+06
4.544584e+08 2.883826e+06
5.276837e+08 2.510087e+06
4.944988e+08 2.510087e+06
5.237425e+08 2.510087e+06
7.390866e+08 2.510087e+06
5.683923e+08 2.510087e+06
4.755478e+08 1.376337e+06
3.333131e+08 1.376337e+06
4.775597e+08 1.376337e+06
5.066236e+08 1.376337e+06
4.123176e+08 1.376337e+06
3.797512e+08 1.376337e+06
3.371882e+08 9.957192e+05
2.971344e+08 9.957192e+05
4.688506e+08 9.957192e+05
2.179799e+08 9.957192e+05
4.962412e+08 9.957192e+05
3.320413e+08 9.957192e+05
3.981212e+08 9.957192e+05
3.072466e+08 9.957192e+05
1.858938e+08 9.957192e+05
2.238001e+08 9.957192e+05
2.137680e+08 8.937291e+05
8.886292e+07 8.937291e+05
1.903174e+08 8.937291e+05
1.466870e+08 8.937291e+05
2.270116e+08 8.937291e+05
1.931153e+08 7.335090e+05
7.417644e+07 6.525619e+05
1.079877e+08 6.525619e+05
1.925642e+08 6.525619e+05
1.038339e+08 6.525619e+05
7.868984e+07 6.525619e+05
1.900957e+08 6.525619e+05
8.025742e+07 6.525619e+05
1.034144e+08 6.525619e+05
3.784691e+07 6.525619e+05
9.638916e+07 6.118694e+05
3.968387e+07 5.918844e+05
3.295452e+07 5.918844e+05
2.612770e+07 5.918844e+05
2.911046e+07 5.918844e+05
9.224877e+07 2.729908e+05
3.169113e+07 2.310041e+05
1.161718e+07 2.310041e+05
1.236835e+07 2.310041e+05
1.448371e+07 2.310041e+05
5.225260e+07 2.237987e+05
5.927145e+07 1.335242e+05
5.100382e+06 1.335242e+05
1.521436e+07 1.335242e+05
1.801293e+06 1.335242e+05
4.478557e+07 1.134143e+05
3.484217e+05 6.802317e+04
6.694185e+04 2.077348e+04
1.451673e+04 6.556491e+03
3.212712e+03 1.635372e+03
1.376776e+03 1.010342e+03
1.008535e+03 8.465497e+02
8.695072e+02 7.870285e+02
7.840508e+02 7.114950e+02
7.205452e+02 6.622038e+02
6.320825e+02 5.866658e+02
5.480280e+02 5.280765e+02
5.227359e+02 5.064509e+02
5.000364e+02 4.898354e+02
4.863682e+02 4.763524e+02
4.727265e+02 4.606462e+02
4.624357e+02 4.522420e+02
4.429663e+02 4.292807e+02
4.259315e+02 4.155951e+02
4.169500e+02 4.095849e+02
4.075767e+02 4.002062e+02
4.000582e+02 3.914624e+02
3.924432e+02 3.839114e+02
3.872393e+02 3.824614e+02
3.827101e+02 3.786475e+02
3.782992e+02 3.745677e+02
3.708403e+02 3.693878e+02
3.602615e+02 3.585912e+02
3.520997e+02 3.505506e+02
3.453627e+02 3.439081e+02
3.373594e+02 3.355268e+02
3.263917e+02 3.249624e+02
3.170765e+02 3.162567e+02
3.118396e+02 3.114487e+02
3.072457e+02 3.068186e+02
3.028673e+02 3.024188e+02
2.972303e+02 2.967263e+02
2.952951e+02 2.951611e+02
2.948922e+02 2.948421e+02
2.947548e+02 2.947406e+02
2.943148e+02 2.942853e+02
2.935768e+02 2.935322e+02
2.931079e+02 2.930980e+02
2.928667e+02 2.928641e+02
2.926279e+02 2.926273e+02
2.905778e+02 2.905777e+02
8.986852e+09 1.233748e+07
3.376462e+08 5.373037e+06
8.371072e+08 2.726932e+06
5.140913e+08 2.268393e+06
6.301732e+08 2.268393e+06
7.714280e+08 2.268393e+06
4.984601e+08 1.574895e+06
4.473035e+08 1.574895e+06
5.731321e+08 1.574895e+06
4.021085e+08 1.394750e+06
4.492034e+08 7.929375e+05
4.042388e+08 7.929375e+05
4.725464e+08 7.929375e+05
3.731814e+08 7.929375e+05
3.343385e+08 7.929375e+05
4.870338e+08 7.929375e+05
2.546008e+08 7.929375e+05
2.661645e+08 7.929375e+05
3.669603e+08 7.929375e+05
2.612784e+08 7.929375e+05
2.548744e+08 7.929375e+05
2.040967e+08 7.929375e+05
3.552503e+08 7.929375e+05
1.325220e+08 7.929375e+05
3.080406e+08 7.929375e+05
1.284533e+08 7.111778e+05
1.210970e+08 7.111778e+05
1.718270e+08 7.111778e+05
2.651913e+08 7.111778e+05
3.230546e+08 6.021216e+05
1.839297e+08 6.021216e+05
1.994078e+08 6.021216e+05
7.293798e+07 6.021216e+05
8.082157e+07 6.021216e+05
3.179083e+07 6.021216e+05
2.962541e+08 6.021216e+05
1.247759e+08 6.021216e+05
2.170428e+08 6.021216e+05
3.819393e+07 4.660682e+05
5.784505e+07 4.660682e+05
4.454198e+07 4.660682e+05
9.384921e+07 4.660682e+05
1.713921e+08 4.660682e+05
6.613835e+07 4.660682e+05
3.360359e+07 4.660682e+05
2.342234e+08 4.660682e+05
1.074251e+08 3.413158e+05
6.537013e+07 3.413158e+05
1.562130e+08 3.413158e+05
8.316074e+07 3.413158e+05
7.814264e+07 3.413158e+05
1.397467e+07 3.413158e+05
7.783801e+06 2.512504e+05
5.601860e+06 2.512504e+05
3.188189e+06 2.292526e+05
1.188888e+06 1.344929e+05
2.517008e+05 8.318012e+04
5.616683e+04 2.336104e+04
1.243048e+04 5.962843e+03
3.566025e+03 2.358960e+03
1.692439e+03 1.331939e+03
1.255011e+03 1.101526e+03
1.122754e+03 1.002220e+03
1.050086e+03 9.618945e+02
9.767238e+02 8.840709e+02
8.933782e+02 8.131670e+02
7.669539e+02 7.263359e+02
7.100801e+02 6.956983e+02
6.879248e+02 6.787225e+02
6.758973e+02 6.642179e+02
6.632543e+02 6.531041e+02
6.345220e+02 6.218234e+02
6.088695e+02 5.964036e+02
5.858095e+02 5.691612e+02
5.749051e+02 5.667909e+02
5.623288e+02 5.526197e+02
5.507968e+02 5.413326e+02
5.384856e+02 5.297148e+02
5.289567e+02 5.185287e+02
5.204211e+02 5.122798e+02
5.145964e+02 5.072165e+02
5.081758e+02 5.034052e+02
4.998077e+02 4.974320e+02
4.948568e+02 4.944121e+02
4.910734e+02 4.904915e+02
4.869045e+02 4.861887e+02
4.830452e+02 4.826012e+02
4.788217e+02 4.785870e+02
4.740385e+02 4.735306e+02
4.608735e+02 4.578531e+02
4.537023e+02 4.533247e+02
4.528820e+02 4.527877e+02
4.525681e+02 4.525354e+02
4.523333e+02 4.523016e+02
4.521218e+02 4.521115e+02
4.518966e+02 4.518850e+02
4.517250e+02 4.517202e+02
4.516276e+02 4.516211e+02
4.515165e+02 4.515151e+02
4.513275e+02 4.513238e+02
4.510230e+02 4.510230e+02
9.290211e+09 2.818849e+07
2.177967e+08 5.489380e+06
6.571861e+08 3.673563e+06
4.256154e+08 3.509831e+06
5.920040e+08 3.509831e+06
6.291413e+08 2.243839e+06
5.554364e+08 1.720597e+06
4.061960e+08 1.720597e+06
5.417697e+08 1.720597e+06
7.096178e+08 1.720597e+06
5.999156e+08 1.314521e+06
3.722112e+08 1.314521e+06
4.759611e+08 1.314521e+06
5.015844e+08 1.314521e+06
4.726271e+08 1.314521e+06
4.414125e+08 1.314521e+06
4.586490e+08 1.314521e+06
5.051643e+08 1.314521e+06
2.027818e+08 1.314521e+06
3.695037e+08 1.193268e+06
2.733729e+08 1.193268e+06
2.636794e+08 1.193268e+06
2.664160e+08 1.193268e+06
2.512585e+08 1.193268e+06
2.137071e+08 1.193268e+06
1.570220e+08 1.193268e+06
2.076584e+08 1.193268e+06
1.052435e+08 1.193268e+06
1.174719e+08 1.193268e+06
1.531458e+08 1.193268e+06
1.867387e+08 1.193268e+06
1.489885e+08 1.193268e+06
7.930644e+07 7.660322e+05
1.683742e+08 7.660322e+05
7.931332e+07 7.660322e+05
9.034789e+07 7.660322e+05
2.100886e+08 7.152184e+05
6.188846e+07 6.489739e+05
3.187035e+08 6.489739e+05
4.071094e+07 6.489739e+05
4.420861e+07 5.440269e+05
7.460290e+07 5.440269e+05
1.633279e+08 5.440269e+05
1.958721e+07 5.440269e+05
7.481465e+07 3.834049e+05
4.146078e+07 3.476722e+05
1.786020e+07 3.316275e+05
1.903833e+07 3.316275e+05
7.413639e+06 2.245912e+05
8.534730e+06 2.241910e+05
1.251604e+07 1.936964e+05
1.024062e+08 1.936964e+05
4.789687e+07 1.936964e+05
1.717333e+07 1.936964e+05
1.082006e+07 1.936964e+05
4.960522e+06 1.936964e+05
2.986376e+06 1.493419e+05
1.057804e+06 1.142491e+05
2.038513e+05 3.966452e+04
3.780980e+04 1.342283e+04
7.261551e+03 3.145274e+03
2.146702e+03 1.261744e+03
1.181843e+03 1.002871e+03
9.929374e+02 8.789859e+02
9.011986e+02 8.042165e+02
8.381881e+02 7.723758e+02
7.645554e+02 7.083795e+02
6.830470e+02 6.623987e+02
6.402265e+02 6.242278e+02
6.172741e+02 6.060883e+02
6.048544e+02 5.951440e+02
5.976873e+02 5.906044e+02
5.888288e+02 5.796686e+02
5.720668e+02 5.615230e+02
5.488364e+02 5.340009e+02
5.198566e+02 5.064554e+02
4.906199e+02 4.782237e+02
4.730249e+02 4.655339e+02
4.613073e+02 4.545427e+02
4.495516e+02 4.399443e+02
4.416442e+02 4.362185e+02
4.353608e+02 4.300558e+02
4.255157e+02 4.205504e+02
4.150211e+02 4.132013e+02
4.076546e+02 4.060035e+02
3.888541e+02 3.871670e+02
3.758183e+02 3.740899e+02
3.648814e+02 3.639438e+02
3.549675e+02 3.541337e+02
3.478588e+02 3.469565e+02
3.358720e+02 3.351407e+02
3.336886e+02 3.334675e+02
3.328923e+02 3.327523e+02
3.324181e+02 3.323925e+02
3.319069e+02 3.318789e+02
3.312167e+02 3.311571e+02
3.305219e+02 3.305085e+02
3.300443e+02 3.300418e+02
3.295984e+02 3.295790e+02
3.288627e+02 3.288610e+02
3.279479e+02 3.279479e+02
9.019314e+09 2.231804e+07
1.831921e+08 3.715295e+06
5.469995e+08 3.715295e+06
7.879684e+08 3.715295e+06
6.520361e+08 3.715295e+06
9.720112e+08 3.136278e+06
6.474269e+08 3.136278e+06
5.268090e+08 3.136278e+06
5.965638e+08 2.697549e+06
5.610831e+08 2.697549e+06
3.657467e+08 1.919404e+06
6.831016e+08 1.899881e+06
2.774340e+08 1.899881e+06
4.202964e+08 4.894689e+05
2.042515e+08 4.894689e+05
2.676736e+08 4.894689e+05
2.262466e+08 4.894689e+05
3.028471e+08 4.894689e+05
3.011306e+08 4.894689e+05
3.577389e+08 4.894689e+05
4.031566e+08 4.894689e+05
3.060133e+08 4.894689e+05
3.886100e+08 4.894689e+05
1.914890e+08 4.894689e+05
2.301149e+08 4.894689e+05
3.911433e+08 4.894689e+05
3.067203e+08 4.894689e+05
1.329945e+08 4.894689e+05
2.414492e+08 4.894689e+05
1.176619e+08 4.894689e+05
9.364321e+07 4.894689e+05
8.822757e+07 4.894689e+05
2.579921e+08 4.523356e+05
2.048555e+08 4.523356e+05
1.536459e+08 4.523356e+05
1.140832e+08 4.523356e+05
1.289432e+08 4.523356e+05
9.515515e+07 4.523356e+05
6.511208e+07 4.523356e+05
3.976256e+07 4.523356e+05
5.010914e+07 4.523356e+05
1.717003e+08 4.523356e+05
8.965877e+07 4.523356e+05
3.949544e+07 4.523356e+05
5.147982e+07 4.523356e+05
7.699709e+07 3.670202e+05
2.286664e+07 3.670202e+05
1.902404e+07 3.670202e+05
3.763913e+07 3.670202e+05
1.302112e+07 3.532380e+05
1.346988e+07 3.532380e+05
1.010535e+07 3.532380e+05
1.847449e+07 1.728676e+05
2.858472e+06 1.728676e+05
9.736337e+05 1.728676e+05
1.789186e+05 6.893567e+04
4.222146e+04 1.666644e+04
8.474468e+03 3.646570e+03
2.561551e+03 1.621552e+03
1.448629e+03 1.204190e+03
1.149893e+03 1.003866e+03
1.026430e+03 9.376724e+02
9.280265e+02 8.513555e+02
8.151850e+02 7.601497e+02
7.347171e+02 7.066982e+02
7.006351e+02 6.883990e+02
6.843943e+02 6.735139e+02
6.743245e+02 6.660572e+02
6.673218e+02 6.559823e+02
6.590174e+02 6.503373e+02
6.477260e+02 6.351941e+02
6.267868e+02 6.099275e+02
5.965083e+02 5.815599e+02
5.681962e+02 5.561668e+02
5.449776e+02 5.332113e+02
5.265163e+02 5.141217e+02
5.131555e+02 5.062522e+02
5.033646e+02 4.966731e+02
5.201221e+02 4.943697e+02
4.953696e+02 4.909053e+02
4.902429e+02 4.867623e+02
5.005305e+02 4.859373e+02
4.844642e+02 4.821646e+02
4.747193e+02 4.728192e+02
4.619354e+02 4.598148e+02
4.445996e+02 4.413652e+02
4.379238e+02 4.374216e+02
4.361206e+02 4.358339e+02
4.354436e+02 4.353185e+02
4.349425e+02 4.348849e+02
4.344097e+02 4.342988e+02
4.337699e+02 4.337320e+02
4.333211e+02 4.332897e+02
4.330686e+02 4.330532e+02
4.328583e+02 4.328493e+02
4.326424e+02 4.326362e+02
4.324914e+02 4.324868e+02
4.324146e+02 4.324098e+02
4.323599e+02 4.323592e+02
4.323069e+02 4.323066e+02
4.322850e+02 4.322850e+02
9.626643e+09 2.338228e+07
2.404772e+08 3.994900e+06
6.262873e+08 3.211130e+06
5.205796e+08 3.180716e+06
6.124656e+08 2.622138e+06
6.623820e+08 1.365989e+06
5.126898e+08 1.365989e+06
5.517427e+08 1.365989e+06
4.847259e+08 1.365989e+06
4.254223e+08 1.365989e+06
5.023964e+08 1.365989e+06
4.190963e+08 1.365989e+06
4.088030e+08 1.365989e+06
5.017328e+08 1.365989e+06
3.219745e+08 1.365989e+06
3.690322e+08 1.365989e+06
2.739804e+08 1.365989e+06
4.907588e+08 1.365989e+06
3.821399e+08 1.365989e+06
2.484970e+08 1.365989e+06
2.828156e+08 9.115836e+05
3.818756e+08 9.115836e+05
3.069982e+08 9.115836e+05
1.930245e+08 9.115836e+05
1.548378e+08 9.115836e+05
2.538435e+08 9.115836e+05
2.811883e+08 9.115836e+05
2.398754e+08 9.115836e+05
1.077353e+08 9.115836e+05
2.062077e+08 9.115836e+05
2.031458e+08 9.115836e+05
6.966331e+07 9.115836e+05
1.019327e+08 9.115836e+05
1.075215e+08 8.764351e+05
2.027353e+08 7.080915e+05
1.387594e+08 7.080915e+05
4.423695e+07 5.332144e+05
6.215529e+07 5.332144e+05
1.815120e+08 5.332144e+05
5.669366e+07 3.693087e+05
7.645763e+07 3.693087e+05
9.981987e+07 3.693087e+05
4.188011e+07 3.693087e+05
5.034649e+07 3.693087e+05
1.739459e+07 3.693087e+05
8.305285e+07 3.693087e+05
1.103553e+07 3.121070e+05
1.821142e+07 3.121070e+05
3.474915e+06 1.906296e+05
9.436636e+05 1.121335e+05
1.836394e+05 5.164223e+04
4.596166e+04 1.792652e+04
1.283745e+04 5.946968e+03
3.965238e+03 2.350984e+03
1.835990e+03 1.305397e+03
1.223889e+03 9.558254e+02
1.038028e+03 9.208570e+02
9.324229e+02 8.322214e+02
8.585255e+02 7.488051e+02
8.055693e+02 7.269677e+02
7.669061e+02 6.934147e+02
7.308647e+02 6.661867e+02
6.900386e+02 6.247354e+02
6.427155e+02 6.005357e+02
5.840463e+02 5.657737e+02
5.569598e+02 5.433371e+02
5.430308e+02 5.318774e+02
5.330933e+02 5.222308e+02
5.239285e+02 5.160904e+02
5.162529e+02 5.094906e+02
5.097716e+02 5.025347e+02
5.046626e+02 4.992787e+02
5.009795e+02 4.970284e+02
4.971747e+02 4.926963e+02
4.926379e+02 4.901190e+02
4.865471e+02 4.855490e+02
4.831714e+02 4.823610e+02
4.761316e+02 4.740942e+02
4.648758e+02 4.625923e+02
4.565958e+02 4.551182e+02
4.425763e+02 4.406235e+02
4.329286e+02 4.314306e+02
4.205057e+02 4.188605e+02
4.103996e+02 4.085661e+02
3.999243e+02 3.981401e+02
3.903793e+02 3.893781e+02
3.881141e+02 3.878169e+02
3.869776e+02 3.868041e+02
3.863338e+02 3.862425e+02
3.859436e+02 3.858755e+02
3.854418e+02 3.854063e+02
3.850273e+02 3.849562e+02
3.846042e+02 3.845680e+02
3.841639e+02 3.841389e+02
3.838589e+02 3.838129e+02
3.834598e+02 3.834248e+02
3.831763e+02 3.831698e+02
3.830877e+02 3.830850e+02
3.829537e+02 3.829470e+02
3.828012e+02 3.828003e+02
3.821908e+02 3.821908e+02
9.374010e+09 2.180876e+07
2.712042e+08 2.510712e+06
7.320614e+08 2.510712e+06
6.610354e+08 2.510712e+06
8.456123e+08 2.510712e+06
5.772760e+08 2.510712e+06
5.913695e+08 2.105989e+06
4.428040e+08 2.105989e+06
5.849112e+08 2.105989e+06
3.985572e+08 2.105989e+06
3.366481e+08 2.105989e+06
5.255411e+08 1.100050e+06
4.999746e+08 1.100050e+06
5.988364e+08 1.100050e+06
2.925373e+08 1.100050e+06
4.356072e+08 1.100050e+06
2.849299e+08 1.100050e+06
2.086967e+08 1.100050e+06
2.745494e+08 1.100050e+06
2.923276e+08 1.100050e+06
2.090707e+08 1.100050e+06
3.483589e+08 1.100050e+06
2.849925e+08 1.100050e+06
3.128266e+08 1.100050e+06
1.714491e+08 1.100050e+06
1.389832e+08 1.100050e+06
2.513986e+08 6.194845e+05
2.039162e+08 4.968411e+05
1.062000e+08 4.968411e+05
1.037206e+08 4.968411e+05
1.899154e+08 4.968411e+05
2.016687e+08 4.968411e+05
1.127324e+08 4.968411e+05
7.431933e+07 4.968411e+05
2.616309e+08 4.968411e+05
6.319901e+07 4.968411e+05
1.052371e+08 4.968411e+05
8.038448e+07 3.264127e+05
1.039614e+08 3.264127e+05
1.535659e+08 3.264127e+05
6.038453e+07 3.264127e+05
1.213585e+08 3.264127e+05
6.992296e+07 3.264127e+05
4.988010e+07 3.264127e+05
8.687290e+07 3.264127e+05
2.281620e+07 3.264127e+05
1.034869e+07 3.264127e+05
1.755251e+07 3.264127e+05
1.044817e+07 3.264127e+05
1.555721e+07 3.264127e+05
7.266606e+06 1.888831e+05
1.046664e+07 1.888831e+05
1.980682e+07 1.888831e+05
2.355933e+06 1.888831e+05
1.092408e+06 1.458513e+05
2.994211e+05 9.573616e+04
7.231325e+04 3.505129e+04
2.080102e+04 1.167389e+04
5.926812e+03 2.917312e+03
2.216376e+03 1.586423e+03
1.452122e+03 1.244459e+03
1.220469e+03 1.098621e+03
1.097527e+03 1.007935e+03
9.812599e+02 9.163224e+02
8.755539e+02 8.497176e+02
8.252894e+02 8.083900e+02
7.883513e+02 7.669193e+02
7.587567e+02 7.457736e+02
7.262200e+02 7.050497e+02
6.895875e+02 6.760138e+02
6.673450e+02 6.574721e+02
6.435856e+02 6.301079e+02
6.187459e+02 6.088193e+02
6.026311e+02 5.942301e+02
5.915287e+02 5.826850e+02
5.858717e+02 5.775364e+02
5.823076e+02 5.772883e+02
5.784464e+02 5.736004e+02
5.753752e+02 5.722248e+02
5.719836e+02 5.678997e+02
5.663535e+02 5.646662e+02
5.583295e+02 5.563403e+02
5.502389e+02 5.489152e+02
5.418617e+02 5.401673e+02
5.244084e+02 5.219552e+02
5.145397e+02 5.130085e+02
5.034878e+02 5.026289e+02
4.941840e+02 4.933826e+02
4.918070e+02 4.915348e+02
4.906369e+02 4.904322e+02
4.898389e+02 4.897358e+02
4.892059e+02 4.891654e+02
4.888650e+02 4.888326e+02
4.885585e+02 4.885314e+02
4.882284e+02 4.882197e+02
4.880011e+02 4.879746e+02
4.878696e+02 4.878654e+02
4.876327e+02 4.876269e+02
4.871422e+02 4.871179e+02
4.863494e+02 4.863428e+02
4.844367e+02 4.844367e+02
9.110745e+09 3.022915e+07
2.135871e+08 4.910942e+06
5.459211e+08 2.100676e+06
5.436997e+08 2.100676e+06
5.025272e+08 2.100664e+06
5.549610e+08 2.100664e+06
4.351891e+08 2.100664e+06
5.156894e+08 2.100664e+06
5.462884e+08 2.100664e+06
3.831137e+08 2.100664e+06
5.055061e+08 2.100664e+06
5.832226e+08 2.100664e+06
5.058706e+08 2.100664e+06
3.900560e+08 1.204934e+06
3.793078e+08 1.204934e+06
2.902099e+08 1.204934e+06
3.664886e+08 1.204934e+06
2.842925e+08 1.204934e+06
5.108483e+08 1.204934e+06
4.015838e+08 1.204934e+06
2.777912e+08 6.634637e+05
1.478212e+08 6.634637e+05
2.625841e+08 6.634637e+05
3.337161e+08 6.634637e+05
2.015793e+08 6.634637e+05
2.046379e+08 6.634637e+05
1.736981e+08 6.634637e+05
3.129571e+08 6.634637e+05
1.153931e+08 6.634637e+05
2.846204e+08 6.634637e+05
1.559413e+08 6.634637e+05
1.444905e+08 6.634637e+05
2.283816e+08 6.634637e+05
7.195254e+07 6.634637e+05
9.975735e+07 6.634637e+05
7.383125e+07 6.634637e+05
8.605543e+07 6.634637e+05
8.036084e+07 6.634637e+05
9.638416e+07 6.634637e+05
6.955309e+07 5.466432e+05
8.687402e+07 5.466432e+05
1.101301e+08 5.466432e+05
3.263455e+07 5.466432e+05
3.693062e+07 5.466432e+05
4.928209e+07 5.466432e+05
5.852900e+07 5.466432e+05
7.051147e+07 5.466432e+05
2.404127e+07 4.239992e+05
8.542423e+07 4.239992e+05
1.874892e+07 4.239992e+05
7.553226e+06 3.726602e+05
3.112237e+06 3.726602e+05
1.096578e+06 1.206924e+05
1.816543e+05 5.156137e+04
3.509900e+04 1.133838e+04
8.504528e+03 3.811571e+03
2.679435e+03 1.784596e+03
1.534158e+03 1.260367e+03
1.270100e+03 1.163447e+03
1.162432e+03 1.066622e+03
1.094729e+03 1.015388e+03
1.033156e+03 9.547293e+02
9.658035e+02 9.003155e+02
8.849678e+02 8.350404e+02
8.239103e+02 8.082572e+02
8.049212e+02 7.944542e+02
7.951563e+02 7.853566e+02
7.878172e+02 7.782852e+02
7.824392e+02 7.737034e+02
7.766333e+02 7.663100e+02
7.709887e+02 7.638428e+02
7.654210e+02 7.586432e+02
7.587883e+02 7.510282e+02
7.506302e+02 7.423503e+02
7.339805e+02 7.247206e+02
7.190402e+02 7.111003e+02
7.026240e+02 6.914971e+02
6.806313e+02 6.664362e+02
6.572423e+02 6.477731e+02
6.394513e+02 6.307883e+02
6.266404e+02 6.169523e+02
6.137548e+02 6.063652e+02
6.057891e+02 6.003428e+02
5.979807e+02 5.929367e+02
5.883834e+02 5.862448e+02
5.770844e+02 5.755987e+02
5.666195e+02 5.655191e+02
5.579571e+02 5.574858e+02
5.513400e+02 5.506334e+02
5.493317e+02 5.491418e+02
5.480511e+02 5.478798e+02
5.473541e+02 5.472942e+02
5.469172e+02 5.468746e+02
5.464415e+02 5.464138e+02
5.461696e+02 5.461417e+02
5.457870e+02 5.457554e+02
5.453908e+02 5.453827e+02
5.452354e+02 5.452314e+02
5.450153e+02 5.449993e+02
5.446646e+02 5.446633e+02
5.434497e+02 5.434487e+02
8.783274e+09 8.705209e+06
4.211352e+08 4.143821e+06
5.140265e+08 3.459324e+06
7.551215e+08 3.459324e+06
5.675777e+08 2.781207e+06
8.357886e+08 2.781207e+06
6.974877e+08 2.781207e+06
5.113622e+08 2.781207e+06
3.681172e+08 2.781207e+06
5.503592e+08 1.345646e+06
4.974242e+08 1.345646e+06
5.507837e+08 1.345646e+06
5.946976e+08 1.345646e+06
4.024274e+08 1.345646e+06
3.179936e+08 1.345646e+06
3.873514e+08 1.345646e+06
3.361525e+08 1.345646e+06
4.421921e+08 1.345646e+06
3.287815e+08 1.345646e+06
2.106633e+08 1.184584e+06
3.280276e+08 8.911598e+05
2.537190e+08 7.893899e+05
1.614184e+08 7.893899e+05
1.357909e+08 7.893899e+05
1.628768e+08 7.893899e+05
2.194008e+08 7.893899e+05
8.447915e+07 7.893899e+05
1.289673e+08 7.893899e+05
1.541450e+08 7.724686e+05
1.780442e+08 7.069749e+05
1.032481e+08 6.115086e+05
1.029836e+08 6.115086e+05
5.902059e+07 3.378182e+05
3.613187e+08 3.378182e+05
5.464480e+07 3.378182e+05
6.654952e+07 3.378182e+05
8.632437e+07 3.378182e+05
2.046028e+08 3.378182e+05
2.423657e+08 3.378182e+05
7.572766e+07 3.378182e+05
1.059317e+08 3.378182e+05
3.479717e+07 3.378182e+05
4.581449e+07 3.378182e+05
8.134823e+07 3.335052e+05
4.548386e+07 3.335052e+05
6.110639e+07 2.903404e+05
2.138902e+07 2.903404e+05
1.269629e+07 2.903404e+05
3.638655e+07 2.903404e+05
8.773750e+06 2.903404e+05
5.336344e+07 2.354482e+05
1.163534e+07 2.354482e+05
1.150364e+07 2.354482e+05
9.208039e+06 2.354482e+05
2.154241e+06 1.548282e+05
2.676456e+06 1.548282e+05
1.251592e+06 1.526535e+05
5.070800e+05 9.936232e+04
1.793568e+05 5.519717e+04
4.576048e+04 2.078957e+04
1.066819e+04 6.053901e+03
3.298109e+03 1.958521e+03
1.505327e+03 1.126651e+03
1.053964e+03 9.317473e+02
9.186085e+02 8.303523e+02
8.336969e+02 7.469228e+02
7.701297e+02 7.045608e+02
7.118596e+02 6.590427e+02
6.568961e+02 6.179740e+02
6.010807e+02 5.735255e+02
5.554736e+02 5.375609e+02
5.240182e+02 5.111333e+02
5.080668e+02 4.954557e+02
4.881083e+02 4.749353e+02
4.614767e+02 4.471584e+02
4.389811e+02 4.255831e+02
4.211011e+02 4.080233e+02
3.951040e+02 3.818506e+02
3.736812e+02 3.619179e+02
3.506729e+02 3.408343e+02
3.339341e+02 3.255034e+02
3.196315e+02 3.135527e+02
3.118016e+02 3.055045e+02
3.069985e+02 2.998034e+02
3.019504e+02 2.944236e+02
2.980952e+02 2.917617e+02
2.938407e+02 2.883047e+02
2.809636e+02 2.802346e+02
2.755385e+02 2.744231e+02
2.660753e+02 2.647314e+02
2.529943e+02 2.522306e+02
2.445719e+02 2.432389e+02
2.385501e+02 2.383272e+02
2.378390e+02 2.377178e+02
2.372326e+02 2.371764e+02
2.366730e+02 2.366273e+02
2.355160e+02 2.355049e+02
2.350989e+02 2.350872e+02
2.345754e+02 2.345693e+02
2.331555e+02 2.331531e+02
2.326611e+02 2.326611e+02
8.932683e+09 1.126756e+07
2.151152e+08 3.965955e+06
5.596515e+08 3.936689e+06
6.861230e+08 3.936689e+06
6.097013e+08 2.067547e+06
7.636717e+08 2.067547e+06
6.964135e+08 2.067547e+06
4.077515e+08 2.067547e+06
6.577943e+08 2.067547e+06
4.797403e+08 2.067547e+06
4.784225e+08 2.067547e+06
3.762609e+08 2.067547e+06
3.842642e+08 2.067547e+06
4.409757e+08 1.491869e+06
3.354825e+08 1.491869e+06
5.491734e+08 1.382419e+06
2.126365e+08 1.041574e+06
3.460604e+08 1.041574e+06
2.297648e+08 1.041574e+06
2.576706e+08 1.041574e+06
2.716250e+08 1.041574e+06
4.100536e+08 9.788060e+05
3.468751e+08 9.788060e+05
2.293783e+08 9.788060e+05
1.820966e+08 9.788060e+05
1.349285e+08 9.788060e+05
1.864125e+08 9.788060e+05
2.304829e+08 9.788060e+05
2.330881e+08 8.837569e+05
1.986251e+08 8.837569e+05
4.776862e+07 5.716035e+05
3.133466e+08 5.716035e+05
9.879598e+07 5.716035e+05
6.244688e+07 5.716035e+05
4.389833e+08 5.716035e+05
2.292924e+08 5.716035e+05
7.340858e+07 5.716035e+05
2.102783e+08 5.716035e+05
2.364717e+08 5.249780e+05
9.538244e+07 3.624848e+05
7.154218e+07 3.624848e+05
1.454490e+08 3.624848e+05
7.809496e+07 3.624848e+05
1.326203e+08 3.582508e+05
2.837202e+07 3.465251e+05
6.737050e+07 3.465251e+05
3.716825e+07 2.863107e+05
1.506481e+07 2.863107e+05
1.142861e+07 2.245761e+05
7.459538e+07 2.245761e+05
7.520048e+07 2.041400e+05
7.356877e+06 2.041400e+05
3.210271e+06 1.223938e+05
1.158104e+06 9.000052e+04
2.784080e+05 6.842046e+04
6.033336e+04 2.552668e+04
1.432594e+04 5.814963e+03
3.942152e+03 2.068143e+03
1.409618e+03 9.966779e+02
9.249751e+02 7.396213e+02
7.678486e+02 6.830511e+02
7.033269e+02 6.352349e+02
6.461503e+02 5.845325e+02
5.994405e+02 5.482390e+02
5.505857e+02 4.934231e+02
4.798993e+02 4.541986e+02
4.434451e+02 4.314783e+02
4.300614e+02 4.203813e+02
4.241164e+02 4.171992e+02
4.201667e+02 4.136138e+02
4.159173e+02 4.099381e+02
4.109690e+02 4.049097e+02
4.036672e+02 3.993092e+02
3.937475e+02 3.919532e+02
3.854181e+02 3.837973e+02
3.804167e+02 3.793083e+02
3.725130e+02 3.699394e+02
3.559845e+02 3.501304e+02
3.267940e+02 3.160819e+02
3.012712e+02 2.977295e+02
2.855559e+02 2.832788e+02
2.738760e+02 2.713318e+02
2.600103e+02 2.575150e+02
2.490344e+02 2.477725e+02
2.414122e+02 2.404806e+02
2.345556e+02 2.335938e+02
2.299238e+02 2.294133e+02
2.256481e+02 2.252275e+02
2.197710e+02 2.192498e+02
2.186006e+02 2.184897e+02
2.182294e+02 2.181682e+02
2.180238e+02 2.179938e+02
2.177705e+02 2.177417e+02
2.173047e+02 2.172704e+02
2.167628e+02 2.167145e+02
2.164176e+02 2.163833e+02
2.160023e+02 2.159853e+02
2.157519e+02 2.157492e+02
2.156257e+02 2.156249e+02
2.155054e+02 2.155043e+02
2.149839e+02 2.149839e+02
9.527333e+09 9.252755e+06
2.690463e+08 5.337132e+06
6.790666e+08 3.926743e+06
5.431898e+08 3.747898e+06
7.132561e+08 3.747898e+06
5.600173e+08 1.276556e+06
5.489137e+08 1.276556e+06
7.647162e+08 1.276556e+06
5.392171e+08 1.276556e+06
2.876865e+08 1.276556e+06
5.491304e+08 1.276556e+06
4.721111e+08 1.276556e+06
4.621029e+08 1.276556e+06
3.492277e+08 8.925067e+05
2.871623e+08 8.925067e+05
4.087177e+08 8.925067e+05
2.409288e+08 8.925067e+05
4.413224e+08 8.925067e+05
3.205261e+08 8.925067e+05
1.892320e+08 8.925067e+05
3.017893e+08 8.925067e+05
3.206112e+08 8.925067e+05
2.831685e+08 8.925067e+05
1.448698e+08 8.925067e+05
2.461178e+08 8.925067e+05
1.995108e+08 8.925067e+05
2.411555e+08 8.925067e+05
1.228515e+08 8.925067e+05
2.660995e+08 8.925067e+05
1.244245e+08 8.925067e+05
1.249564e+08 8.925067e+05
2.580694e+08 8.925067e+05
1.258113e+08 8.925067e+05
9.062672e+07 6.951325e+05
6.090469e+07 6.951325e+05
7.429101e+07 6.951325e+05
6.023054e+07 6.951325e+05
5.670810e+07 5.947186e+05
3.614760e+07 5.947186e+05
7.513615e+07 5.947186e+05
1.788785e+08 5.947186e+05
8.857089e+07 4.322564e+05
8.531801e+07 4.322564e+05
1.243568e+08 4.322564e+05
2.735374e+07 4.322564e+05
5.642394e+07 4.322564e+05
6.768158e+07 4.322564e+05
1.414347e+08 4.322564e+05
1.045769e+07 4.322564e+05
7.236864e+06 4.322564e+05
1.536293e+07 3.718754e+05
6.235648e+06 2.188185e+05
5.174137e+06 2.109100e+05
3.330629e+06 2.109100e+05
1.211191e+06 2.109100e+05
3.277412e+05 9.404606e+04
8.078019e+04 3.206847e+04
1.987495e+04 9.230800e+03
5.739760e+03 3.101045e+03
2.386606e+03 1.829624e+03
1.512467e+03 1.301245e+03
1.209918e+03 1.095517e+03
1.101585e+03 1.005061e+03
1.034275e+03 9.517384e+02
9.706116e+02 9.041612e+02
9.055073e+02 8.352670e+02
8.168943e+02 7.764550e+02
7.540003e+02 7.352282e+02
7.148074e+02 7.004483e+02
6.929718e+02 6.797790e+02
6.698945e+02 6.561161e+02
6.532618e+02 6.422544e+02
6.356501e+02 6.249574e+02
6.207536e+02 6.102915e+02
5.977419e+02 5.862681e+02
5.783584e+02 5.692840e+02
5.651468e+02 5.540827e+02
5.541552e+02 5.433012e+02
5.291317e+02 5.191682e+02
5.158504e+02 5.075646e+02
5.055621e+02 4.988890e+02
5.003711e+02 4.934701e+02
4.946061e+02 4.902388e+02
4.843918e+02 4.833984e+02
4.771380e+02 4.758016e+02
4.653884e+02 4.638970e+02
4.521905e+02 4.508110e+02
4.426806e+02 4.415355e+02
4.338580e+02 4.325728e+02
4.278616e+02 4.274746e+02
4.263554e+02 4.260945e+02
4.244744e+02 4.243261e+02
4.234425e+02 4.233400e+02
4.228339e+02 4.227877e+02
4.221982e+02 4.221601e+02
4.217765e+02 4.217473e+02
4.212935e+02 4.212680e+02
4.209841e+02 4.209796e+02
4.208094e+02 4.208052e+02
4.203167e+02 4.203161e+02
4.199237e+02 4.199222e+02
8.640506e+09 2.215703e+07
3.089736e+08 3.554925e+06
6.221504e+08 3.115698e+06
7.614317e+08 3.115636e+06
7.043425e+08 2.910939e+06
6.508159e+08 2.910939e+06
7.435095e+08 2.910939e+06
5.221633e+08 2.910939e+06
4.719971e+08 2.463276e+06
3.849346e+08 2.105396e+06
6.356621e+08 2.105396e+06
4.207196e+08 1.780148e+06
3.516280e+08 1.780148e+06
4.272769e+08 1.780148e+06
2.662329e+08 1.780148e+06
2.853957e+08 1.331236e+06
4.404524e+08 1.331236e+06
3.442470e+08 1.331236e+06
3.540097e+08 1.331236e+06
4.554481e+08 1.331236e+06
1.378946e+08 9.875219e+05
4.711143e+08 9.875219e+05
4.449670e+08 9.875219e+05
1.513631e+08 9.875219e+05
2.306483e+08 9.875219e+05
1.263005e+08 9.875219e+05
1.066278e+08 9.875219e+05
1.188764e+08 9.875219e+05
1.565729e+08 8.869253e+05
8.409403e+07 6.667995e+05
2.015554e+08 6.667995e+05
1.098055e+08 6.667995e+05
8.773106e+07 6.667995e+05
1.442801e+08 6.667995e+05
5.512746e+07 6.667995e+05
1.189702e+08 6.667995e+05
1.056612e+08 6.667995e+05
9.233759e+07 6.111799e+05
1.568825e+08 6.111799e+05
4.353676e+07 6.111799e+05
9.920907e+07 6.111799e+05
1.932880e+08 4.972678e+05
2.228588e+07 4.972678e+05
1.594212e+07 3.032425e+05
5.968766e+07 3.032425e+05
4.748209e+07 3.032425e+05
7.841546e+07 3.032425e+05
1.289484e+07 3.032425e+05
7.194507e+07 3.032425e+05
1.151598e+07 3.032425e+05
4.758643e+06 2.424164e+05
4.719483e+06 2.424164e+05
4.429864e+06 2.424164e+05
1.169899e+07 2.424164e+05
6.117512e+05 9.744283e+04
1.136357e+05 4.611707e+04
3.048375e+04 1.159639e+04
7.562210e+03 3.599700e+03
2.545453e+03 1.605830e+03
1.405093e+03 1.127058e+03
1.109405e+03 9.870224e+02
9.959778e+02 8.913664e+02
9.219382e+02 8.131440e+02
8.505422e+02 7.843488e+02
7.785443e+02 7.257369e+02
6.943955e+02 6.529456e+02
6.429942e+02 6.208583e+02
6.264794e+02 6.141584e+02
6.156822e+02 6.060661e+02
6.071799e+02 6.000400e+02
5.989829e+02 5.907556e+02
5.903117e+02 5.797531e+02
5.813597e+02 5.722040e+02
5.741458e+02 5.668712e+02
5.684236e+02 5.624861e+02
5.625574e+02 5.567305e+02
5.577140e+02 5.535120e+02
5.535950e+02 5.516451e+02
5.489024e+02 5.467208e+02
5.411204e+02 5.397109e+02
5.296038e+02 5.272948e+02
5.185982e+02 5.169115e+02
5.068769e+02 5.033544e+02
4.913439e+02 4.891290e+02
4.708564e+02 4.669305e+02
4.537331e+02 4.519590e+02
4.366789e+02 4.348024e+02
4.251874e+02 4.239016e+02
4.185844e+02 4.182554e+02
4.171681e+02 4.169034e+02
4.158035e+02 4.157010e+02
4.147867e+02 4.146932e+02
4.143222e+02 4.142913e+02
4.138736e+02 4.138274e+02
4.135533e+02 4.135375e+02
4.132788e+02 4.132672e+02
4.128048e+02 4.127913e+02
4.125496e+02 4.125406e+02
4.121501e+02 4.121476e+02
4.119348e+02 4.119314e+02
4.117603e+02 4.117603e+02
8.610209e+09 1.201399e+07
2.910100e+08 5.495296e+06
6.223551e+08 4.013611e+06
8.735899e+08 2.844271e+06
5.360894e+08 2.844271e+06
5.945071e+08 2.844271e+06
5.756605e+08 2.454795e+06
4.819889e+08 2.454795e+06
6.181196e+08 2.454791e+06
4.253137e+08 2.398053e+06
3.783307e+08 1.622286e+06
4.669840e+08 1.539590e+06
4.797269e+08 1.539590e+06
4.914066e+08 1.539590e+06
4.664734e+08 1.539590e+06
3.332437e+08 1.505549e+06
1.649751e+08 1.505549e+06
3.169551e+08 1.505549e+06
2.971084e+08 1.505549e+06
6.131968e+08 1.505549e+06
3.191647e+08 1.505549e+06
4.085036e+08 1.505549e+06
2.048612e+08 1.505549e+06
2.607376e+08 1.505549e+06
1.821302e+08 1.505549e+06
2.108207e+08 1.505549e+06
3.209488e+08 1.505549e+06
3.170858e+08 7.182094e+05
1.924346e+08 7.182094e+05
1.034529e+08 7.182094e+05
2.301788e+08 7.182094e+05
5.689618e+07 7.182094e+05
7.459706e+07 7.182094e+05
5.667892e+07 7.006181e+05
8.035862e+07 4.791459e+05
4.462133e+07 4.791459e+05
1.100329e+08 4.791459e+05
4.226115e+07 4.791459e+05
5.081014e+07 4.791459e+05
2.948707e+07 4.791459e+05
9.605472e+07 4.791459e+05
8.474504e+07 4.791459e+05
3.661706e+07 4.415516e+05
2.711645e+07 4.415516e+05
2.240261e+07 4.415516e+05
2.481649e+07 3.890987e+05
1.666900e+07 3.565262e+05
4.519080e+07 2.444073e+05
5.614583e+06 2.333636e+05
1.530836e+06 1.870806e+05
3.659455e+05 6.930267e+04
7.705392e+04 2.485288e+04
1.757108e+04 6.270114e+03
4.511661e+03 2.219482e+03
1.746526e+03 1.177998e+03
1.038498e+03 8.412527e+02
8.330335e+02 7.263972e+02
7.510498e+02 6.484919e+02
6.919301e+02 6.177235e+02
6.425703e+02 5.827805e+02
6.031807e+02 5.548279e+02
5.701031e+02 5.217867e+02
5.350402e+02 5.080732e+02
5.088408e+02 4.911176e+02
4.835916e+02 4.525194e+02
4.525334e+02 4.344199e+02
4.229511e+02 4.096592e+02
4.009424e+02 3.853846e+02
3.812542e+02 3.706329e+02
3.696899e+02 3.620143e+02
3.592341e+02 3.502473e+02
3.519577e+02 3.400493e+02
3.467393e+02 3.398760e+02
3.386600e+05 3.386867e+02
3.428018e+02 3.358333e+02
3.638129e+02 3.333730e+02
8.590961e+05 3.262061e+02
3.326442e+02 3.256657e+02
3.288871e+02 3.212184e+02
3.251319e+02 3.150238e+02
3.200204e+02 3.143441e+02
3.158435e+02 3.112860e+02
3.126173e+02 3.090724e+02
3.101229e+02 3.074784e+02
3.046192e+02 3.016691e+02
2.931641e+02 2.919263e+02
2.848886e+02 2.836123e+02
2.694115e+02 2.671051e+02
2.498742e+02 2.488016e+02
2.417724e+02 2.411951e+02
2.404134e+02 2.402384e+02
2.395451e+02 2.394180e+02
2.385398e+02 2.384432e+02
2.381397e+02 2.381195e+02
2.378755e+02 2.378565e+02
2.374522e+02 2.374338e+02
2.372512e+02 2.372439e+02
2.370850e+02 2.370827e+02
2.369685e+02 2.369665e+02
2.369172e+02 2.369166e+02
2.367020e+02 2.367020e+02
8.481893e+09 1.024083e+07
1.810556e+08 2.571662e+06
5.814814e+08 2.445706e+06
4.230048e+08 2.445706e+06
6.794418e+08 2.445706e+06
7.996894e+08 2.445706e+06
5.882899e+08 1.916054e+06
4.359216e+08 1.916054e+06
5.177327e+08 7.950498e+05
3.002105e+08 7.950498e+05
4.312462e+08 7.950498e+05
4.013035e+08 7.950498e+05
5.375888e+08 7.950498e+05
3.765865e+08 7.950498e+05
4.479591e+08 7.943681e+05
5.513938e+08 7.943681e+05
3.166430e+08 7.943681e+05
2.293407e+08 7.943681e+05
3.850019e+08 7.943681e+05
3.796567e+08 7.943681e+05
3.253696e+08 7.943681e+05
3.095270e+08 7.834790e+05
2.742190e+08 7.834790e+05
2.499921e+08 7.834790e+05
3.067789e+08 7.834790e+05
1.722980e+08 7.834790e+05
1.336471e+08 7.834790e+05
3.561111e+08 7.834790e+05
8.285055e+07 7.834790e+05
1.703488e+08 7.834790e+05
7.270537e+07 7.834790e+05
6.715115e+07 5.756062e+05
2.055562e+08 5.756062e+05
1.198613e+08 5.756062e+05
7.351854e+07 5.756062e+05
7.421800e+07 5.756062e+05
2.119124e+08 5.756062e+05
9.934230e+07 5.155906e+05
1.449464e+08 5.155906e+05
6.290215e+07 4.003582e+05
1.924210e+08 4.003582e+05
7.614536e+07 4.003582e+05
1.207368e+08 4.003582e+05
4.222594e+07 4.003582e+05
4.869933e+07 4.003582e+05
6.840860e+07 4.003582e+05
1.391899e+07 4.003582e+05
3.625804e+07 2.816327e+05
3.139952e+06 2.816327e+05
1.068832e+06 1.432466e+05
2.644766e+05 7.408372e+04
6.371194e+04 1.957575e+04
1.509574e+04 4.794528e+03
4.116962e+03 2.165875e+03
1.692822e+03 1.203602e+03
1.082894e+03 8.799915e+02
8.581981e+02 7.282344e+02
7.699813e+02 6.980211e+02
7.240955e+02 6.546306e+02
6.771295e+02 5.955099e+02
6.327774e+02 5.638161e+02
5.991202e+02 5.414474e+02
5.604978e+02 5.168733e+02
5.174315e+02 4.893525e+02
4.888413e+02 4.721897e+02
4.637348e+02 4.509873e+02
4.442517e+02 4.273324e+02
4.290042e+02 4.174324e+02
4.152221e+02 4.029564e+02
4.063734e+02 3.991368e+02
4.003646e+02 3.914764e+02
3.939962e+02 3.845602e+02
3.843852e+02 3.733948e+02
3.747119e+02 3.625277e+02
3.641396e+02 3.534543e+02
3.518363e+02 3.413099e+02
3.397570e+02 3.318665e+02
3.340174e+02 3.233027e+02
3.280460e+02 3.213673e+02
3.207370e+02 3.080914e+02
3.135344e+02 3.058022e+02
3.067154e+02 2.981993e+02
3.022704e+02 2.959737e+02
2.986880e+02 2.940786e+02
2.940009e+02 2.906866e+02
2.905723e+02 2.875603e+02
2.834415e+02 2.825594e+02
2.742251e+02 2.734774e+02
2.662278e+02 2.648935e+02
2.562287e+02 2.550541e+02
2.472434e+02 2.464558e+02
2.442519e+02 2.439877e+02
2.430090e+02 2.429082e+02
2.426852e+02 2.426404e+02
2.421962e+02 2.421351e+02
2.409890e+02 2.409576e+02
2.404317e+02 2.404195e+02
2.401407e+02 2.401371e+02
2.398576e+02 2.398565e+02
2.397581e+02 2.397568e+02
2.388481e+02 2.388481e+02
9.135944e+09 5.290291e+06
2.767239e+08 5.106843e+06
7.349981e+08 2.734847e+06
5.336324e+08 2.734847e+06
5.939048e+08 2.734847e+06
6.333100e+08 2.202505e+06
3.589505e+08 2.202505e+06
6.451486e+08 2.064603e+06
5.116092e+08 2.064603e+06
4.857753e+08 2.064603e+06
5.149786e+08 1.303267e+06
4.219981e+08 1.303267e+06
5.211400e+08 1.303267e+06
4.608678e+08 1.303267e+06
4.467498e+08 1.303267e+06
1.686999e+08 1.303267e+06
2.803501e+08 1.303267e+06
3.808416e+08 1.303267e+06
2.899614e+08 5.926460e+05
1.722748e+08 5.926460e+05
2.104101e+08 5.926460e+05
4.014482e+08 5.926460e+05
2.559007e+08 5.926460e+05
2.149948e+08 5.926460e+05
2.274881e+08 5.926460e+05
2.878004e+08 5.926460e+05
1.599659e+08 5.926460e+05
1.799573e+08 5.601732e+05
1.611083e+08 5.601732e+05
1.926528e+08 5.601732e+05
1.014539e+08 5.601732e+05
1.068387e+08 5.601732e+05
1.381129e+08 5.226800e+05
7.215494e+07 5.226800e+05
5.038629e+07 5.226800e+05
9.652172e+07 5.226800e+05
2.442598e+08 5.226800e+05
8.012678e+07 5.226800e+05
1.762281e+08 5.226800e+05
9.707671e+07 5.226800e+05
6.791150e+07 5.226800e+05
2.015528e+07 5.226800e+05
2.327226e+07 3.811142e+05
1.430344e+08 3.811142e+05
3.712775e+07 3.137315e+05
5.022613e+07 3.137315e+05
5.195285e+07 3.137315e+05
9.168445e+06 2.342958e+05
3.900595e+07 2.342958e+05
4.431581e+06 2.342958e+05
1.793442e+06 2.342958e+05
6.612749e+05 1.339731e+05
1.098003e+05 4.083233e+04
2.633285e+04 1.199729e+04
7.607813e+03 3.885786e+03
2.660699e+03 1.771099e+03
1.537291e+03 1.212703e+03
1.155226e+03 9.958277e+02
1.008453e+03 9.239958e+02
9.126648e+02 7.816077e+02
8.478864e+02 7.303289e+02
7.913295e+02 7.247103e+02
7.145791e+02 6.558279e+02
6.287532e+02 6.006447e+02
5.972999e+02 5.828534e+02
5.803270e+02 5.677431e+02
5.588578e+02 5.457436e+02
5.393521e+02 5.279310e+02
5.257426e+02 5.141949e+02
5.108810e+02 5.031771e+02
5.010891e+02 4.922948e+02
4.929130e+02 4.802567e+02
4.847754e+02 4.749532e+02
4.760414e+02 4.695119e+02
4.701080e+02 4.644578e+02
4.637979e+02 4.543426e+02
4.543911e+02 4.470744e+02
4.488352e+02 4.426685e+02
4.424312e+02 4.348089e+02
4.364792e+02 4.300403e+02
4.317597e+02 4.276507e+02
4.190097e+02 4.155962e+02
4.062655e+02 4.042370e+02
3.955335e+02 3.938782e+02
3.882016e+02 3.873551e+02
3.761293e+02 3.733458e+02
3.671866e+02 3.662984e+02
3.624873e+02 3.621053e+02
3.555709e+02 3.547143e+02
3.534591e+02 3.533003e+02
3.530946e+02 3.530366e+02
3.528733e+02 3.528436e+02
3.524396e+02 3.523946e+02
3.521761e+02 3.521418e+02
3.518247e+02 3.518168e+02
3.515736e+02 3.515631e+02
3.514079e+02 3.514036e+02
3.513134e+02 3.513115e+02
3.512652e+02 3.512650e+02
3.511639e+02 3.511630e+02
3.511249e+02 3.511249e+02
9.810853e+09 4.531695e+06
3.373710e+08 1.841600e+06
6.913434e+08 1.841600e+06
5.018970e+08 1.841600e+06
4.822644e+08 1.841600e+06
3.931506e+08 1.841600e+06
4.215888e+08 1.841600e+06
4.873535e+08 1.841600e+06
4.864757e+08 1.841600e+06
4.482312e+08 1.841600e+06
4.750144e+08 1.841600e+06
5.106311e+08 1.841600e+06
3.562056e+08 1.045211e+06
4.214834e+08 1.045211e+06
3.028091e+08 1.045211e+06
4.356764e+08 1.045211e+06
3.827389e+08 1.045211e+06
6.110181e+08 1.045211e+06
3.498116e+08 5.032200e+05
3.754054e+08 5.032200e+05
2.047754e+08 5.032200e+05
4.182836e+08 5.032200e+05
4.324934e+08 5.032200e+05
1.766354e+08 5.032200e+05
1.316458e+08 5.032200e+05
2.229503e+08 5.032200e+05
1.252489e+08 3.935193e+05
2.363004e+08 3.935193e+05
2.268218e+08 3.935193e+05
7.091699e+07 3.935193e+05
4.846743e+08 3.935193e+05
1.349098e+08 3.935193e+05
1.531410e+08 3.935193e+05
1.626991e+08 3.935193e+05
1.109051e+08 3.935193e+05
7.654348e+07 3.935193e+05
6.120828e+07 3.935193e+05
6.086430e+07 3.935193e+05
4.019939e+07 3.935193e+05
2.205693e+08 2.211533e+05
7.028724e+07 2.211533e+05
4.994722e+07 2.211533e+05
1.660458e+08 2.211533e+05
4.796362e+07 2.211533e+05
5.662930e+07 2.211533e+05
1.859806e+07 2.211533e+05
5.322606e+07 2.211533e+05
2.258711e+07 2.211533e+05
2.313661e+07 2.211533e+05
1.271314e+08 2.211533e+05
8.661420e+07 2.211533e+05
2.679583e+07 2.211533e+05
6.463501e+07 2.211533e+05
1.513040e+07 2.211533e+05
1.868931e+07 2.211533e+05
7.618920e+06 1.819551e+05
2.084037e+06 1.794341e+05
4.642053e+05 9.803377e+04
8.426507e+04 2.657017e+04
1.820221e+04 7.499234e+03
3.784778e+03 1.925881e+03
1.444987e+03 1.079822e+03
1.001295e+03 8.443157e+02
8.626792e+02 7.317175e+02
7.986606e+02 7.147612e+02
7.384375e+02 6.697371e+02
6.792410e+02 6.247085e+02
6.303655e+02 6.060172e+02
5.944461e+02 5.665498e+02
5.618675e+02 5.327805e+02
5.185524e+02 5.060895e+02
4.987643e+02 4.896835e+02
4.890152e+02 4.804931e+02
4.764618e+02 4.658393e+02
4.626919e+02 4.538467e+02
4.485455e+02 4.378155e+02
4.400381e+02 4.323354e+02
4.297402e+02 4.225489e+02
4.204303e+02 4.147909e+02
4.136511e+02 4.072713e+02
4.064789e+02 4.008889e+02
4.005524e+02 3.953454e+02
3.917160e+02 3.849919e+02
3.842547e+02 3.793122e+02
3.783330e+02 3.742173e+02
3.672443e+02 3.664437e+02
3.564600e+02 3.551801e+02
3.478414e+02 3.470035e+02
3.425807e+02 3.417358e+02
3.359679e+02 3.352394e+02
3.303122e+02 3.298136e+02
3.211311e+02 3.201870e+02
3.103589e+02 3.099890e+02
3.088325e+02 3.087206e+02
3.079376e+02 3.079094e+02
3.076148e+02 3.075844e+02
3.072204e+02 3.072061e+02
3.069033e+02 3.068990e+02
3.066915e+02 3.066880e+02
3.050098e+02 3.050051e+02
3.043037e+02 3.043021e+02
9.507784e+09 3.591059e+07
3.339523e+08 6.277225e+06
6.719618e+08 1.734740e+06
6.849436e+08 1.734740e+06
6.384952e+08 1.734740e+06
6.371499e+08 1.734740e+06
6.204900e+08 1.734740e+06
4.711248e+08 1.734740e+06
6.011824e+08 1.734740e+06
4.430865e+08 1.734740e+06
3.244283e+08 1.734740e+06
5.678165e+08 1.734740e+06
4.969310e+08 1.734740e+06
4.025204e+08 1.734740e+06
3.565163e+08 1.734740e+06
3.197029e+08 1.734740e+06
2.427339e+08 1.734740e+06
3.051850e+08 1.734740e+06
2.433956e+08 1.456111e+06
3.540864e+08 1.456111e+06
2.335575e+08 6.566891e+05
2.501331e+08 6.566891e+05
3.545514e+08 6.566891e+05
1.394964e+08 6.566891e+05
2.810259e+08 6.566891e+05
1.297556e+08 6.566891e+05
1.509834e+08 6.566891e+05
1.063354e+08 6.566891e+05
7.531349e+07 6.197645e+05
2.014207e+08 3.814605e+05
1.968162e+08 3.814605e+05
1.361430e+08 3.814605e+05
8.351194e+07 3.814605e+05
1.357959e+08 3.814605e+05
3.064120e+07 3.814605e+05
1.266834e+08 3.814605e+05
1.362316e+08 3.814605e+05
1.588502e+08 3.814605e+05
9.182605e+07 3.814605e+05
3.257290e+07 3.814605e+05
5.474897e+07 3.814605e+05
7.941222e+07 3.814605e+05
3.072050e+07 3.814605e+05
2.792820e+07 3.814605e+05
6.636590e+07 3.814605e+05
8.067685e+07 3.814605e+05
1.307668e+07 3.814605e+05
1.065574e+07 3.814605e+05
7.886688e+07 3.213415e+05
1.483514e+07 3.213415e+05
8.850500e+06 3.213415e+05
8.468746e+07 3.213415e+05
2.962145e+07 3.213415e+05
1.789242e+07 2.681912e+05
1.277839e+07 2.500243e+05
1.891438e+06 2.026333e+05
3.728533e+05 8.959344e+04
7.975452e+04 3.230698e+04
1.855976e+04 7.331145e+03
4.586136e+03 2.413967e+03
1.788736e+03 1.331691e+03
1.174396e+03 1.016801e+03
9.701768e+02 8.514295e+02
8.716502e+02 7.836281e+02
7.994450e+02 7.374624e+02
7.471427e+02 6.797804e+02
6.496606e+02 6.047427e+02
5.845713e+02 5.712424e+02
5.544740e+02 5.402880e+02
5.435859e+02 5.368591e+02
5.357044e+02 5.279643e+02
5.296296e+02 5.203377e+02
5.240113e+02 5.173854e+02
5.187488e+02 5.131063e+02
5.136549e+02 5.081845e+02
5.050112e+02 5.035419e+02
4.994656e+02 4.984537e+02
4.936236e+02 4.920743e+02
4.735471e+02 4.664980e+02
4.479647e+02 4.396459e+02
4.270520e+02 4.216703e+02
4.114196e+02 4.101637e+02
3.988064e+02 3.962335e+02
3.850267e+02 3.826249e+02
3.730850e+02 3.714749e+02
3.619356e+02 3.607917e+02
3.534871e+02 3.527942e+02
3.517988e+02 3.515280e+02
3.504233e+02 3.501267e+02
3.480792e+02 3.478001e+02
3.468397e+02 3.467462e+02
3.462191e+02 3.461217e+02
3.454375e+02 3.453793e+02
3.443016e+02 3.441708e+02
3.432929e+02 3.432072e+02
3.422590e+02 3.421714e+02
3.396477e+02 3.395755e+02
3.387148e+02 3.387003e+02
3.363069e+02 3.362400e+02
3.355535e+02 3.355533e+02
3.349605e+02 3.349605e+02
9.567628e+09 2.057500e+07
2.069131e+08 6.271620e+06
4.615707e+08 4.230993e+06
5.049150e+08 3.962688e+06
6.217581e+08 3.962688e+06
4.439179e+08 2.155869e+06
4.020862e+08 2.155869e+06
6.741665e+08 2.155869e+06
4.225617e+08 2.155869e+06
4.052091e+08 2.143545e+06
5.268161e+08 1.673209e+06
5.561938e+08 1.673209e+06
2.980296e+08 1.673209e+06
3.136190e+08 1.283545e+06
4.395408e+08 1.283545e+06
1.917187e+08 1.283545e+06
4.338658e+08 1.283545e+06
3.372775e+08 1.283545e+06
3.429768e+08 1.181164e+06
2.305296e+08 1.181164e+06
2.192942e+08 7.638610e+05
2.282893e+08 7.638610e+05
2.751851e+08 7.638610e+05
2.626702e+08 7.638610e+05
1.281637e+08 7.232680e+05
3.736069e+08 7.232680e+05
1.602304e+08 7.232680e+05
2.921040e+08 7.232680e+05
1.188988e+08 7.232680e+05
2.718451e+08 7.232680e+05
1.106071e+08 7.232680e+05
1.432290e+08 7.232680e+05
1.567265e+08 5.626101e+05
8.548565e+07 5.626101e+05
1.357332e+08 5.626101e+05
1.390504e+08 5.626101e+05
1.456756e+08 5.626101e+05
1.648494e+08 3.009239e+05
3.227786e+07 3.009239e+05
4.552606e+07 3.009239e+05
1.616280e+07 3.009239e+05
3.954362e+07 3.009239e+05
1.064307e+08 3.009239e+05
1.249604e+07 3.009239e+05
2.163181e+07 3.009239e+05
1.540966e+07 3.009239e+05
3.201465e+07 2.980340e+05
2.364862e+07 2.980340e+05
6.037325e+07 2.158098e+05
5.543588e+07 1.883449e+05
3.874089e+07 1.768203e+05
2.807869e+07 1.768203e+05
2.932021e+06 1.693708e+05
8.123874e+05 1.225387e+05
2.086046e+05 6.919322e+04
5.325569e+04 2.398483e+04
1.355063e+04 6.195759e+03
3.856774e+03 2.130493e+03
1.637530e+03 1.225424e+03
1.099196e+03 9.314213e+02
9.469077e+02 8.153263e+02
8.748455e+02 7.839093e+02
8.016461e+02 7.301623e+02
7.097884e+02 6.740110e+02
6.417205e+02 6.081228e+02
5.922193e+02 5.757678e+02
5.682347e+02 5.576753e+02
5.578162e+02 5.470859e+02
5.471055e+02 5.377742e+02
5.360605e+02 5.277548e+02
5.254963e+02 5.168137e+02
5.171709e+02 5.079334e+02
5.059322e+02 4.953862e+02
4.993912e+02 4.909011e+02
4.891871e+02 4.789585e+02
4.791855e+02 4.721746e+02
4.719521e+02 4.657621e+02
4.658153e+02 4.597821e+02
4.609186e+02 4.558977e+02
4.540029e+02 4.517719e+02
4.447736e+02 4.426958e+02
4.337090e+02 4.316985e+02
4.148790e+02 4.106662e+02
3.982698e+02 3.967571e+02
3.912731e+02 3.902893e+02
3.845729e+02 3.832209e+02
3.775900e+02 3.769598e+02
3.723594e+02 3.717763e+02
3.650177e+02 3.631772e+02
3.598628e+02 3.593017e+02
3.589235e+02 3.588091e+02
3.586470e+02 3.585848e+02
3.583818e+02 3.583578e+02
3.580884e+02 3.580502e+02
3.572117e+02 3.571605e+02
3.566285e+02 3.565960e+02
3.559688e+02 3.559492e+02
3.556496e+02 3.556465e+02
3.553342e+02 3.553268e+02
3.550860e+02 3.550853e+02
3.544141e+02 3.544140e+02
9.846233e+09 1.029363e+07
3.522889e+08 7.794860e+06
4.926842e+08 3.853541e+06
6.553702e+08 3.853541e+06
5.441511e+08 3.853541e+06
6.412422e+08 3.853541e+06
5.767831e+08 3.207510e+06
4.943468e+08 3.014174e+06
4.694999e+08 3.014174e+06
4.946237e+08 3.014174e+06
5.239486e+08 2.499450e+06
3.888326e+08 2.499450e+06
5.032130e+08 1.594507e+06
4.262971e+08 1.594507e+06
3.786136e+08 1.594507e+06
2.481211e+08 1.594507e+06
4.123861e+08 1.302100e+06
3.487991e+08 1.302100e+06
5.100821e+08 1.302100e+06
6.392581e+08 1.302100e+06
4.107570e+08 1.302100e+06
4.888786e+08 1.302100e+06
2.819254e+08 1.302100e+06
3.312970e+08 1.302100e+06
1.285066e+08 1.302100e+06
2.094592e+08 1.302100e+06
1.853278e+08 9.661123e+05
1.975709e+08 9.661123e+05
1.934700e+08 9.661123e+05
1.445234e+08 9.661123e+05
1.640633e+08 9.661123e+05
1.739482e+08 9.382250e+05
7.101874e+07 9.382250e+05
9.348654e+07 8.540486e+05
2.017222e+08 8.540486e+05
4.425095e+07 8.540486e+05
2.051742e+08 4.665098e+05
5.987364e+07 4.665098e+05
1.845220e+08 4.665098e+05
6.046927e+07 4.665098e+05
3.662803e+07 4.255466e+05
5.812777e+07 4.255466e+05
8.705904e+07 4.255466e+05
3.081583e+07 4.255466e+05
3.128889e+07 4.255466e+05
1.360218e+08 4.255466e+05
1.174083e+08 4.255466e+05
9.172230e+07 4.255466e+05
1.715274e+07 4.255466e+05
1.309649e+08 4.255466e+05
2.167117e+07 4.255466e+05
8.926630e+06 3.733835e+05
5.000468e+06 3.733835e+05
1.960957e+06 2.097353e+05
4.960017e+05 1.165118e+05
8.881947e+04 3.649603e+04
2.154695e+04 1.058353e+04
5.490020e+03 2.996235e+03
2.023588e+03 1.530903e+03
1.274486e+03 1.088132e+03
9.870946e+02 8.671023e+02
8.688354e+02 7.738188e+02
8.020278e+02 7.141394e+02
7.454304e+02 6.521958e+02
7.010437e+02 6.411844e+02
6.573292e+02 6.066397e+02
6.073876e+02 5.465228e+02
5.496746e+02 5.123807e+02
5.006999e+02 4.811518e+02
4.618248e+02 4.472973e+02
4.318618e+02 4.184181e+02
4.072176e+02 3.934361e+02
3.834036e+02 3.663739e+02
3.674576e+02 3.577631e+02
3.559748e+02 3.471709e+02
3.419462e+02 3.341859e+02
3.337792e+02 3.258310e+02
3.245046e+02 3.191356e+02
3.194217e+02 3.145876e+02
3.149086e+02 3.104786e+02
3.095043e+02 3.052047e+02
3.008569e+02 2.993475e+02
2.942136e+02 2.926868e+02
2.836082e+02 2.817992e+02
2.698774e+02 2.655818e+02
2.519112e+02 2.500682e+02
2.406660e+02 2.389399e+02
2.288778e+02 2.281103e+02
2.232804e+02 2.224798e+02
2.177894e+02 2.173817e+02
2.162201e+02 2.160231e+02
2.151790e+02 2.150484e+02
2.142228e+02 2.141750e+02
2.138831e+02 2.138463e+02
2.112163e+02 2.107502e+02
2.030793e+02 2.029007e+02
2.019499e+02 2.019232e+02
2.016468e+02 2.016361e+02
2.013948e+02 2.013931e+02
2.011566e+02 2.011436e+02
1.999987e+02 1.999987e+02
9.361294e+09 2.066264e+07
2.860040e+08 6.530597e+06
7.287071e+08 4.673821e+06
5.779981e+08 4.673821e+06
7.390305e+08 4.406450e+06
6.100216e+08 3.865419e+06
5.143548e+08 1.856304e+06
4.388066e+08 1.856304e+06
6.881914e+08 1.856304e+06
5.258116e+08 1.856304e+06
3.814797e+08 1.548252e+06
5.104289e+08 1.548252e+06
3.289306e+08 1.548252e+06
4.562299e+08 1.548252e+06
5.523241e+08 1.377508e+06
2.708275e+08 1.377508e+06
4.434419e+08 1.377508e+06
5.933206e+08 1.320589e+06
2.542262e+08 1.320589e+06
1.784667e+08 1.320589e+06
3.363053e+08 1.320589e+06
3.796025e+08 1.056612e+06
2.983967e+08 7.598610e+05
1.093303e+08 7.598610e+05
1.577467e+08 7.598610e+05
2.034381e+08 7.429228e+05
1.382001e+08 7.429228e+05
1.186365e+08 7.429228e+05
1.830635e+08 7.429228e+05
7.760375e+07 7.429228e+05
1.907785e+08 7.429228e+05
9.458145e+07 7.429228e+05
1.039645e+08 7.429228e+05
1.864765e+08 7.429228e+05
7.349391e+07 7.429228e+05
7.292238e+07 7.429228e+05
8.639778e+07 7.429228e+05
8.722040e+07 6.245466e+05
6.375629e+07 6.245466e+05
1.222490e+08 4.631958e+05
1.057780e+08 4.631958e+05
8.411155e+07 4.631958e+05
5.314081e+07 4.631958e+05
9.068015e+07 4.524883e+05
8.635302e+07 4.524883e+05
2.438842e+07 3.169719e+05
4.095633e+07 3.169719e+05
3.933993e+07 3.169719e+05
1.071034e+08 3.169719e+05
3.193123e+07 3.169719e+05
1.895361e+07 3.169719e+05
1.819276e+07 3.169719e+05
3.902723e+06 2.064013e+05
1.250062e+06 1.477850e+05
1.593425e+05 4.400226e+04
2.784546e+04 1.109698e+04
6.312342e+03 2.688953e+03
1.956739e+03 1.366787e+03
1.092387e+03 8.751598e+02
8.725825e+02 7.673734e+02
7.761455e+02 6.987853e+02
7.183779e+02 6.489848e+02
6.729836e+02 6.074100e+02
6.266581e+02 5.799672e+02
5.855296e+02 5.462668e+02
5.515034e+02 5.209967e+02
5.275125e+02 4.876521e+02
4.749622e+02 4.542895e+02
4.473299e+02 4.282793e+02
4.333003e+02 4.223328e+02
4.235347e+02 4.151720e+02
4.139533e+02 4.065615e+02
4.052680e+02 3.973747e+02
3.991196e+02 3.931653e+02
3.945836e+02 3.884685e+02
3.903813e+02 3.849245e+02
3.865953e+02 3.821786e+02
3.805708e+02 3.790981e+02
3.734204e+02 3.712608e+02
3.614674e+02 3.579951e+02
3.441474e+02 3.416969e+02
3.318137e+02 3.294033e+02
3.180223e+02 3.156137e+02
3.046495e+02 3.027831e+02
2.918626e+02 2.903446e+02
2.786003e+02 2.766077e+02
2.697652e+02 2.688115e+02
2.678294e+02 2.675274e+02
2.667194e+02 2.666148e+02
2.660609e+02 2.660031e+02
2.652826e+02 2.652055e+02
2.645816e+02 2.645279e+02
2.639916e+02 2.639493e+02
2.633990e+02 2.633660e+02
2.631319e+02 2.631184e+02
2.629195e+02 2.629125e+02
2.626483e+02 2.626405e+02
2.624467e+02 2.624440e+02
2.623452e+02 2.623431e+02
2.622068e+02 2.622029e+02
2.611890e+02 2.611890e+02
9.260164e+09 3.330947e+07
2.366792e+08 4.019579e+06
6.802481e+08 4.019579e+06
6.288433e+08 4.019579e+06
5.387153e+08 2.917527e+06
6.851891e+08 2.917527e+06
5.978784e+08 2.892574e+06
6.351041e+08 2.892574e+06
5.890051e+08 2.892574e+06
7.323077e+08 1.735692e+06
5.589695e+08 1.735692e+06
3.367858e+08 7.256141e+05
4.372707e+08 7.256141e+05
3.405491e+08 7.256141e+05
5.742915e+08 7.256141e+05
2.881439e+08 7.256141e+05
2.962575e+08 7.256141e+05
4.755187e+08 7.256141e+05
4.279745e+08 7.256141e+05
3.960851e+08 7.256141e+05
5.165814e+08 7.255953e+05
3.140589e+08 7.255953e+05
2.791355e+08 7.255953e+05
3.852162e+08 7.255953e+05
2.289745e+08 7.255953e+05
3.297555e+08 7.255953e+05
2.502046e+08 7.255953e+05
1.880370e+08 7.255953e+05
1.480197e+08 7.255953e+05
7.437132e+07 7.255953e+05
1.754426e+08 7.255953e+05
1.569174e+08 7.255953e+05
1.069545e+08 6.899940e+05
9.063217e+07 6.899940e+05
2.140288e+08 6.899940e+05
7.102514e+07 6.899940e+05
1.433571e+08 6.899940e+05
2.342671e+08 6.899940e+05
7.728827e+07 6.899940e+05
7.713192e+07 6.899940e+05
2.165100e+07 6.526721e+05
1.308006e+08 6.526721e+05
7.344741e+07 6.526721e+05
2.895950e+07 4.237817e+05
4.368581e+07 4.237817e+05
1.694814e+08 4.237817e+05
2.739773e+08 4.237817e+05
1.500683e+07 4.237817e+05
1.674867e+07 3.868895e+05
6.894608e+06 2.499263e+05
6.569844e+06 2.499263e+05
3.875946e+06 2.244899e+05
1.423985e+06 1.557235e+05
3.383486e+05 9.169345e+04
8.169940e+04 3.547696e+04
1.866480e+04 6.200690e+03
5.173313e+03 2.989182e+03
2.038374e+03 1.420775e+03
1.171145e+03 9.126056e+02
8.951275e+02 7.706216e+02
7.652959e+02 6.715728e+02
6.972945e+02 6.228269e+02
6.380759e+02 5.479055e+02
8.045909e+06 5.334622e+02
5.462685e+02 4.711985e+02
4.982174e+02 4.509995e+02
4.163267e+02 3.910453e+02
3.735397e+02 3.576384e+02
3.532102e+02 3.425237e+02
3.417168e+02 3.347300e+02
3.322232e+02 3.237571e+02
3.257149e+02 3.180364e+02
3.183670e+02 3.087261e+02
3.132131e+02 3.055399e+02
3.056694e+02 3.002252e+02
2.987389e+02 2.943426e+02
2.937670e+02 2.903992e+02
2.891076e+02 2.864836e+02
2.846413e+02 2.831794e+02
2.759936e+02 2.739599e+02
2.658001e+02 2.636612e+02
2.558875e+02 2.542688e+02
2.486007e+02 2.475488e+02
2.415592e+02 2.405605e+02
2.326056e+02 2.306614e+02
2.258033e+02 2.250225e+02
2.244406e+02 2.241359e+02
2.236232e+02 2.234003e+02
2.227517e+02 2.226542e+02
2.224628e+02 2.224179e+02
2.222049e+02 2.221801e+02
2.219380e+02 2.218930e+02
2.217538e+02 2.217417e+02
2.216330e+02 2.216271e+02
2.214387e+02 2.214276e+02
2.213235e+02 2.213162e+02
2.211998e+02 2.211972e+02
2.210703e+02 2.210675e+02
2.208419e+02 2.208368e+02
2.201858e+02 2.201699e+02
2.192391e+02 2.192391e+02
9.188971e+09 1.236384e+07
2.609519e+08 4.650974e+06
6.835575e+08 4.009933e+06
5.694246e+08 2.570319e+06
7.822464e+08 2.314332e+06
5.446614e+08 2.314332e+06
6.203347e+08 1.928962e+06
5.571138e+08 1.924731e+06
5.596183e+08 1.561426e+06
4.953306e+08 1.561426e+06
4.615698e+08 1.561426e+06
3.880224e+08 1.561426e+06
4.650537e+08 1.561426e+06
1.979798e+08 1.561426e+06
7.807754e+08 1.405487e+06
2.982661e+08 1.405487e+06
3.235709e+08 1.405487e+06
5.082244e+08 8.207994e+05
2.782496e+08 6.107193e+05
3.938981e+08 5.762353e+05
3.331258e+08 5.762353e+05
2.122232e+08 5.762353e+05
2.673867e+08 5.762353e+05
2.741173e+08 5.762353e+05
2.782424e+08 5.762353e+05
1.397734e+08 5.762353e+05
1.665382e+08 5.762353e+05
3.844697e+08 5.762353e+05
1.598567e+08 5.762353e+05
8.027168e+07 5.762353e+05
1.411986e+08 5.762353e+05
4.941428e+07 5.762353e+05
1.897505e+08 5.762353e+05
1.059034e+08 5.762353e+05
8.897478e+07 5.762353e+05
6.620375e+07 5.434640e+05
7.317314e+07 5.434640e+05
6.833683e+07 5.434640e+05
2.592976e+08 5.434640e+05
5.176469e+07 5.434640e+05
1.404977e+08 5.434640e+05
6.587144e+07 5.434640e+05
7.645290e+07 5.434640e+05
9.699558e+07 5.434640e+05
7.206650e+07 5.434640e+05
1.040526e+08 5.434640e+05
1.292249e+08 5.434640e+05
4.315924e+07 5.434640e+05
3.310955e+07 4.171422e+05
1.074021e+08 4.171422e+05
3.055956e+07 4.171422e+05
4.302933e+07 4.171422e+05
1.942151e+07 4.171422e+05
1.623408e+07 4.171422e+05
6.139617e+07 4.171422e+05
1.057196e+07 2.197529e+05
1.205722e+07 2.197529e+05
8.067695e+06 2.197529e+05
3.835245e+06 1.673151e+05
1.469311e+06 1.322038e+05
1.829076e+05 5.767689e+04
2.965443e+04 1.243433e+04
5.823657e+03 3.081999e+03
1.910185e+03 1.397342e+03
1.159077e+03 9.929325e+02
1.005942e+03 9.097015e+02
9.246441e+02 8.427569e+02
8.542625e+02 7.619032e+02
7.597210e+02 6.980284e+02
6.751132e+02 6.517884e+02
6.319770e+02 6.205366e+02
6.161216e+02 6.043321e+02
6.028435e+02 5.907424e+02
5.886183e+02 5.779044e+02
5.815039e+02 5.733590e+02
5.672985e+02 5.543964e+02
5.573053e+02 5.492290e+02
5.483304e+02 5.404589e+02
5.375919e+02 5.307197e+02
5.277620e+02 5.213906e+02
5.194318e+02 5.125414e+02
5.128048e+02 5.070700e+02
5.028446e+02 4.984623e+02
4.953878e+02 4.946041e+02
4.864974e+02 4.845288e+02
4.765970e+02 4.756658e+02
4.690105e+02 4.682467e+02
4.571832e+02 4.552793e+02
4.465474e+02 4.446993e+02
4.288430e+02 4.272744e+02
4.246282e+02 4.243844e+02
4.236392e+02 4.235243e+02
4.229448e+02 4.228833e+02
4.220489e+02 4.219460e+02
4.213220e+02 4.213015e+02
4.210245e+02 4.210050e+02
4.207355e+02 4.207283e+02
4.204987e+02 4.204951e+02
4.204058e+02 4.204039e+02
4.202132e+02 4.202067e+02
4.201156e+02 4.201156e+02
9.316783e+09 1.424033e+07
3.361037e+08 2.846902e+06
6.368595e+08 1.568698e+06
6.624124e+08 1.568698e+06
7.116190e+08 1.568698e+06
3.266295e+08 1.568698e+06
5.858899e+08 1.568698e+06
4.603395e+08 1.568698e+06
4.358321e+08 1.568698e+06
5.393979e+08 1.568698e+06
5.740189e+08 1.568698e+06
5.310816e+08 1.568698e+06
3.778812e+08 1.568698e+06
4.229262e+08 1.568698e+06
2.692696e+08 1.568698e+06
4.361151e+08 1.568698e+06
4.309872e+08 1.568698e+06
4.544624e+08 1.568698e+06
3.575181e+08 1.097247e+06
3.742845e+08 1.097247e+06
2.019759e+08 1.097247e+06
1.127836e+08 4.718807e+05
3.367732e+08 4.718807e+05
2.114149e+08 4.718807e+05
2.340738e+08 4.718807e+05
1.465965e+08 4.718807e+05
1.745305e+08 4.351659e+05
2.330129e+08 4.351659e+05
1.205935e+08 4.351659e+05
8.467753e+07 4.351659e+05
1.035213e+08 4.351659e+05
1.543560e+08 4.351659e+05
1.250825e+08 4.351659e+05
5.546778e+07 4.351659e+05
2.016411e+08 4.351659e+05
1.912003e+08 4.351659e+05
7.126542e+07 3.915429e+05
7.828982e+07 3.915429e+05
1.076712e+08 3.915429e+05
1.088449e+08 3.915429e+05
2.595459e+07 3.915429e+05
3.793231e+07 3.915429e+05
2.139768e+07 3.915429e+05
5.797320e+07 3.915429e+05
3.416073e+07 3.422768e+05
8.481418e+07 2.807827e+05
2.029365e+07 2.807827e+05
8.736394e+06 2.807827e+05
3.387206e+07 2.807827e+05
1.156399e+08 1.783563e+05
2.010702e+07 1.783563e+05
1.601781e+07 1.783563e+05
3.853007e+06 1.783563e+05
1.606638e+06 1.394179e+05
3.891791e+05 1.053081e+05
1.074507e+05 3.917846e+04
2.256812e+04 9.504280e+03
6.219888e+03 3.473412e+03
2.224310e+03 1.536752e+03
1.311511e+03 1.070711e+03
1.066229e+03 9.401897e+02
9.570711e+02 8.657297e+02
8.922909e+02 8.083791e+02
8.303780e+02 7.435297e+02
7.461107e+02 6.813619e+02
6.510029e+02 6.322388e+02
6.241257e+02 6.138157e+02
6.071543e+02 5.948492e+02
5.939960e+02 5.821160e+02
5.792589e+02 5.701914e+02
5.708153e+02 5.574079e+02
5.560656e+02 5.469648e+02
5.483381e+02 5.390886e+02
5.347067e+02 5.221702e+02
5.141614e+02 5.004371e+02
4.899386e+02 4.802539e+02
4.781542e+02 4.689341e+02
4.675595e+02 4.613395e+02
4.603033e+02 4.527557e+02
4.483241e+02 4.400266e+02
4.400546e+02 4.332423e+02
4.342623e+02 4.289204e+02
4.281629e+02 4.232932e+02
4.207911e+02 4.169207e+02
4.113729e+02 4.103543e+02
4.050538e+02 4.041519e+02
3.983783e+02 3.967327e+02
3.925864e+02 3.921234e+02
3.881185e+02 3.874352e+02
3.820069e+02 3.813930e+02
3.735591e+02 3.730064e+02
3.708255e+02 3.706806e+02
3.696944e+02 3.695680e+02
3.689816e+02 3.689395e+02
3.685939e+02 3.685678e+02
3.682723e+02 3.682620e+02
3.680608e+02 3.680573e+02
3.678406e+02 3.678366e+02
3.677187e+02 3.677158e+02
3.676499e+02 3.676498e+02
3.676076e+02 3.676076e+02
9.375235e+09 2.237245e+07
3.302864e+08 6.618692e+06
6.871244e+08 5.908125e+06
8.119230e+08 5.194704e+06
6.180105e+08 4.965504e+06
5.300782e+08 4.965504e+06
3.890204e+08 4.965504e+06
5.029110e+08 2.379442e+06
5.553246e+08 6.274644e+05
5.266639e+08 6.274644e+05
5.703217e+08 6.274644e+05
4.595721e+08 6.274644e+05
4.088630e+08 6.274644e+05
4.257712e+08 6.274644e+05
5.610890e+08 6.274644e+05
3.816340e+08 6.274644e+05
2.644152e+08 6.274644e+05
4.174386e+08 6.274644e+05
2.091317e+08 6.274644e+05
2.853844e+08 6.274644e+05
4.115941e+08 6.274644e+05
2.496604e+08 6.274644e+05
2.233339e+08 6.274644e+05
2.116696e+08 6.274644e+05
1.752163e+08 6.274644e+05
9.544431e+07 6.274644e+05
1.134539e+08 6.274644e+05
1.667393e+08 6.274644e+05
1.106044e+08 6.274644e+05
2.209605e+08 6.274644e+05
1.348134e+08 6.274644e+05
1.364384e+08 6.274644e+05
1.005057e+08 6.274644e+05
1.599069e+08 6.274644e+05
6.857667e+07 6.274644e+05
8.423496e+07 6.274644e+05
1.210386e+08 6.274644e+05
4.519953e+07 6.274644e+05
9.092502e+07 6.274644e+05
1.309857e+08 4.325418e+05
1.468734e+08 2.982064e+05
4.550403e+07 2.982064e+05
1.270805e+08 2.982064e+05
1.624668e+08 2.982064e+05
3.345817e+07 2.982064e+05
1.588656e+07 2.982064e+05
3.584565e+08 2.982064e+05
1.429863e+07 2.982064e+05
1.628175e+07 2.935180e+05
1.059428e+07 2.935180e+05
7.406980e+07 2.935180e+05
9.455971e+07 2.935180e+05
5.544557e+06 2.789389e+05
4.217827e+06 1.355260e+05
6.770358e+05 1.314090e+05
1.199887e+05 3.808009e+04
2.650986e+04 1.369444e+04
7.849330e+03 4.223184e+03
2.732005e+03 1.705786e+03
1.429202e+03 1.150097e+03
1.086799e+03 9.450443e+02
9.568218e+02 8.427222e+02
8.845854e+02 7.930441e+02
8.325089e+02 7.608227e+02
7.810907e+02 6.982265e+02
7.264886e+02 6.676604e+02
6.589470e+02 6.228244e+02
5.896077e+02 5.626421e+02
5.558496e+02 5.437711e+02
5.380385e+02 5.263619e+02
5.212551e+02 5.107900e+02
5.109541e+02 5.033386e+02
5.047708e+02 4.893525e+02
4.985258e+02 4.893525e+02
4.859689e+02 4.754698e+02
4.743587e+02 4.658121e+02
4.650954e+02 4.568776e+02
4.588513e+02 4.496271e+02
4.514192e+02 4.452874e+02
4.436893e+02 4.403283e+02
4.356439e+02 4.342294e+02
4.253182e+02 4.234565e+02
4.155025e+02 4.136520e+02
4.054515e+02 4.039315e+02
3.928709e+02 3.904809e+02
3.816603e+02 3.790814e+02
3.696274e+02 3.679858e+02
3.549044e+02 3.531539e+02
3.421370e+02 3.404466e+02
3.357115e+02 3.352410e+02
3.347836e+02 3.346055e+02
3.337885e+02 3.336745e+02
3.328405e+02 3.327941e+02
3.321304e+02 3.320690e+02
3.317224e+02 3.317025e+02
3.314011e+02 3.313925e+02
3.311525e+02 3.311465e+02
3.308614e+02 3.308557e+02
3.302354e+02 3.302311e+02
3.290167e+02 3.290042e+02
3.285102e+02 3.285101e+02
9.351568e+09 8.778291e+06
2.237049e+08 5.389977e+06
6.186376e+08 4.053259e+06
7.664347e+08 4.053259e+06
5.934864e+08 4.053259e+06
7.749508e+08 4.053259e+06
5.399823e+08 3.130049e+06
4.289498e+08 3.130049e+06
5.407786e+08 1.817400e+06
4.976116e+08 1.817400e+06
5.155743e+08 1.817400e+06
5.771154e+08 1.768777e+06
4.251038e+08 8.566289e+05
4.177594e+08 8.566289e+05
3.198417e+08 8.566289e+05
2.504645e+08 8.566289e+05
3.891258e+08 8.566289e+05
5.099094e+08 8.566289e+05
3.420187e+08 8.566289e+05
2.505161e+08 8.566289e+05
4.204493e+08 8.566289e+05
1.336969e+08 7.137102e+05
1.942822e+08 7.137102e+05
2.891800e+08 7.137102e+05
1.639394e+08 7.137102e+05
2.749587e+08 7.137102e+05
1.223715e+08 7.137102e+05
2.639208e+08 7.137102e+05
1.954907e+08 7.137102e+05
1.178360e+08 7.137102e+05
1.694944e+08 7.137102e+05
1.051604e+08 7.137102e+05
1.200370e+08 7.137102e+05
6.855422e+07 7.137102e+05
2.588784e+08 7.137102e+05
6.034367e+07 6.035342e+05
5.667897e+07 6.035342e+05
8.182248e+07 6.035342e+05
1.321597e+08 6.035342e+05
6.735562e+07 4.107168e+05
1.190142e+08 4.107168e+05
2.561890e+07 4.107168e+05
4.695566e+07 4.107168e+05
2.629490e+07 3.037589e+05
1.411919e+08 3.037589e+05
3.204346e+07 2.239029e+05
5.346670e+07 2.239029e+05
2.193351e+07 2.223549e+05
2.817893e+07 2.223549e+05
2.951175e+07 2.223549e+05
1.934869e+07 2.223549e+05
2.213452e+06 1.969756e+05
7.362254e+05 1.200053e+05
1.849953e+05 5.725159e+04
3.981643e+04 1.608581e+04
9.397612e+03 4.221863e+03
2.766964e+03 1.773551e+03
1.341416e+03 1.049637e+03
1.024071e+03 8.468356e+02
9.093707e+02 8.190174e+02
8.403398e+02 7.382217e+02
7.826277e+02 7.134096e+02
7.398562e+02 6.888292e+02
7.029652e+02 6.401226e+02
6.664175e+02 6.083722e+02
5.942437e+02 5.694300e+02
5.595554e+02 5.460580e+02
5.491179e+02 5.402851e+02
5.418248e+02 5.360578e+02
5.359654e+02 5.296919e+02
5.309281e+02 5.246276e+02
5.248415e+02 5.208554e+02
5.193079e+02 5.174745e+02
5.150102e+02 5.139072e+02
5.114521e+02 5.101205e+02
5.054612e+02 5.035886e+02
4.971065e+02 4.939439e+02
4.892358e+02 4.879867e+02
4.836352e+02 4.821374e+02
4.745061e+02 4.728683e+02
4.664006e+02 4.646483e+02
4.579516e+02 4.568528e+02
4.524477e+02 4.515399e+02
4.439366e+02 4.415042e+02
4.387489e+02 4.379905e+02
4.375704e+02 4.373257e+02
4.371853e+02 4.370741e+02
4.367726e+02 4.366991e+02
4.362865e+02 4.361917e+02
4.358209e+02 4.357407e+02
4.356339e+02 4.356027e+02
4.353777e+02 4.353277e+02
4.350755e+02 4.350537e+02
4.347962e+02 4.347847e+02
4.346156e+02 4.345905e+02
4.344819e+02 4.344775e+02
4.343752e+02 4.343708e+02
4.342852e+02 4.342836e+02
4.341815e+02 4.341792e+02
4.331565e+02 4.330779e+02
4.326652e+02 4.326649e+02
9.458043e+09 1.639417e+07
2.247060e+08 3.139545e+06
5.008680e+08 3.139545e+06
5.140956e+08 3.139545e+06
6.973130e+08 1.275691e+06
6.723596e+08 8.081584e+05
4.777690e+08 8.081584e+05
4.252651e+08 8.081584e+05
5.538531e+08 8.081584e+05
4.459008e+08 8.081584e+05
4.952295e+08 8.081584e+05
7.447888e+08 8.081584e+05
3.392682e+08 8.081584e+05
4.977811e+08 8.081584e+05
4.379870e+08 8.081584e+05
5.742738e+08 8.081584e+05
3.863151e+08 8.081584e+05
3.612166e+08 8.081584e+05
3.457982e+08 8.081584e+05
5.531484e+08 8.081584e+05
3.276794e+08 8.081584e+05
1.663511e+08 8.081584e+05
3.428214e+08 4.498435e+05
1.717466e+08 4.498435e+05
1.975431e+08 4.498435e+05
1.944014e+08 4.498435e+05
1.204052e+08 4.498435e+05
2.895392e+08 4.498435e+05
1.419298e+08 4.498435e+05
1.483099e+08 4.498435e+05
2.792420e+08 4.498435e+05
1.334557e+08 4.498435e+05
1.682914e+08 4.498435e+05
9.359332e+07 4.498435e+05
1.293045e+08 4.498435e+05
9.530121e+07 4.498435e+05
2.356006e+08 4.498435e+05
6.784370e+07 4.498435e+05
1.215963e+08 4.498435e+05
6.941993e+07 4.498435e+05
9.240154e+07 4.498435e+05
7.414324e+07 4.498435e+05
5.131394e+07 4.488923e+05
4.772981e+07 4.488923e+05
5.977628e+07 4.488923e+05
1.065955e+07 3.913626e+05
2.604016e+07 3.913626e+05
1.682365e+07 2.323797e+05
1.997375e+07 2.116149e+05
5.137913e+06 2.116149e+05
3.670202e+06 2.116149e+05
2.204980e+06 1.207784e+05
4.042977e+05 6.826370e+04
8.605195e+04 3.337402e+04
1.970879e+04 7.540782e+03
4.838430e+03 2.393600e+03
1.898091e+03 1.226480e+03
1.150100e+03 9.300090e+02
9.471284e+02 8.188212e+02
8.437905e+02 7.245578e+02
7.750830e+02 6.974191e+02
7.152532e+02 6.209480e+02
6.739213e+02 5.982337e+02
6.361062e+02 5.639692e+02
6.011297e+02 5.387340e+02
5.545105e+02 5.102814e+02
5.139303e+02 4.694315e+02
4.634193e+02 4.401961e+02
4.287688e+02 4.170165e+02
4.113216e+02 4.017709e+02
4.017820e+02 3.939721e+02
3.940383e+02 3.850301e+02
3.867508e+02 3.784949e+02
3.805872e+02 3.716979e+02
3.748575e+02 3.693378e+02
3.693985e+02 3.648109e+02
3.634563e+02 3.590279e+02
3.560758e+02 3.518092e+02
3.431553e+02 3.399324e+02
3.297136e+02 3.268293e+02
3.158096e+02 3.129355e+02
2.994404e+02 2.961038e+02
2.838537e+02 2.811592e+02
2.651136e+02 2.621788e+02
2.439288e+02 2.410511e+02
2.296466e+02 2.284324e+02
2.201811e+02 2.193408e+02
2.085804e+02 2.071522e+02
2.040758e+02 2.037447e+02
2.031344e+02 2.030066e+02
2.024499e+02 2.023421e+02
2.017512e+02 2.017005e+02
2.014077e+02 2.013704e+02
2.010966e+02 2.010640e+02
2.008350e+02 2.008162e+02
2.006557e+02 2.006460e+02
2.004295e+02 2.004188e+02
2.002469e+02 2.002421e+02
2.000544e+02 2.000535e+02
1.979510e+02 1.979441e+02
1.972817e+02 1.972816e+02
9.536929e+09 1.682045e+07
2.633374e+08 3.328668e+06
6.647546e+08 3.289138e+06
6.323408e+08 3.289138e+06
7.199230e+08 3.289138e+06
6.811510e+08 3.289138e+06
4.989245e+08 1.508849e+06
5.622028e+08 1.508849e+06
4.885875e+08 8.545226e+05
5.169518e+08 8.545226e+05
8.224961e+08 8.545226e+05
2.952473e+08 8.545226e+05
5.315288e+08 8.545226e+05
5.342636e+08 8.545226e+05
3.143068e+08 8.545226e+05
2.149781e+08 8.545226e+05
6.611960e+08 8.545226e+05
4.079089e+08 4.911792e+05
4.014056e+08 4.911792e+05
5.197694e+08 4.911792e+05
3.133941e+08 4.911792e+05
2.814182e+08 4.911792e+05
1.960108e+08 4.911792e+05
1.953975e+08 4.911792e+05
3.873902e+08 4.911792e+05
2.990275e+08 4.911792e+05
1.776869e+08 4.911792e+05
2.988057e+08 4.911792e+05
1.160751e+08 4.911792e+05
1.628720e+08 4.911792e+05
8.611558e+07 4.911792e+05
1.419331e+08 4.911792e+05
1.164050e+08 4.800596e+05
1.307888e+08 4.800596e+05
1.154359e+08 4.800596e+05
1.481954e+08 4.800596e+05
8.763699e+07 4.800596e+05
5.933643e+07 4.800596e+05
7.240841e+07 2.542289e+05
6.615892e+07 2.542289e+05
5.767003e+07 2.542289e+05
4.508973e+07 2.542289e+05
2.969101e+07 2.542289e+05
2.336072e+07 2.542289e+05
1.986154e+08 2.542289e+05
7.369515e+07 2.542289e+05
4.906617e+07 2.315887e+05
9.655056e+06 2.315887e+05
2.223649e+07 2.315887e+05
6.849316e+07 2.315887e+05
9.470362e+07 2.315887e+05
6.158954e+07 2.315887e+05
2.154110e+06 1.536667e+05
6.969065e+05 1.261983e+05
1.554596e+05 4.968667e+04
3.667251e+04 1.257481e+04
6.272615e+03 2.354841e+03
1.864105e+03 1.230489e+03
1.106373e+03 9.248878e+02
9.026046e+02 7.751862e+02
8.144059e+02 7.139982e+02
7.470130e+02 6.591304e+02
6.928005e+02 6.272749e+02
6.406063e+02 5.810563e+02
5.783935e+02 5.381128e+02
5.108076e+02 4.893681e+02
4.823666e+02 4.698030e+02
4.701244e+02 4.579635e+02
4.610822e+02 4.516714e+02
4.506009e+02 4.400637e+02
4.430000e+02 4.372952e+02
4.373201e+02 4.323345e+02
4.315596e+02 4.286304e+02
4.272538e+02 4.253861e+02
4.239154e+02 4.233996e+02
4.201903e+02 4.189297e+02
4.117141e+02 4.084568e+02
4.019038e+02 3.992311e+02
3.924339e+02 3.905286e+02
3.850304e+02 3.827817e+02
3.734594e+02 3.712274e+02
3.634383e+02 3.616828e+02
3.559796e+02 3.550325e+02
3.481584e+02 3.466202e+02
3.408351e+02 3.396438e+02
3.353653e+02 3.349231e+02
3.342060e+02 3.340019e+02
3.337703e+02 3.337081e+02
3.335266e+02 3.334811e+02
3.330138e+02 3.328985e+02
3.326537e+02 3.326188e+02
3.324269e+02 3.323948e+02
3.322227e+02 3.322099e+02
3.320256e+02 3.320159e+02
3.318664e+02 3.318616e+02
3.315562e+02 3.315354e+02
3.312453e+02 3.312384e+02
3.310505e+02 3.310439e+02
3.308436e+02 3.308413e+02
3.307647e+02 3.307612e+02
3.293853e+02 3.293853e+02
