3.367656e+09 8.483002e+05
1.701723e+08 6.185538e+05
2.157773e+08 5.995591e+05
1.976027e+08 5.995591e+05
2.199061e+08 5.995591e+05
2.421156e+08 5.558777e+05
2.394805e+08 5.558777e+05
3.236289e+08 5.558777e+05
1.338979e+08 5.534909e+05
2.662369e+08 5.534909e+05
2.307315e+08 5.534909e+05
2.344462e+08 5.534909e+05
1.680304e+08 5.034219e+05
2.218597e+08 5.034219e+05
9.564212e+07 5.034219e+05
9.532337e+07 5.034219e+05
1.550761e+08 5.034219e+05
1.431779e+08 5.034219e+05
1.277505e+08 5.034219e+05
9.822096e+07 5.034219e+05
1.042107e+08 5.034219e+05
7.333588e+07 5.034219e+05
8.534311e+07 5.034219e+05
5.568792e+07 5.034219e+05
6.444273e+07 5.034219e+05
8.896399e+07 5.034219e+05
5.256404e+07 5.034219e+05
4.378725e+07 5.034219e+05
1.521886e+07 4.517307e+05
5.632693e+07 4.517307e+05
2.587547e+07 4.517307e+05
2.842762e+07 4.176468e+05
4.635940e+07 4.176468e+05
6.612703e+07 4.176468e+05
2.484098e+07 4.176468e+05
1.971029e+07 4.176468e+05
1.154543e+07 4.176468e+05
2.186078e+07 4.176468e+05
1.066686e+07 4.176468e+05
1.079919e+07 4.176468e+05
1.142508e+07 4.176468e+05
1.180614e+06 4.176468e+05
1.217567e+06 3.601581e+05
6.327139e+05 3.264850e+05
4.887261e+05 3.009192e+05
3.338245e+05 1.969669e+05
1.917176e+05 1.082410e+05
1.053633e+05 7.583482e+04
6.183173e+04 4.670280e+04
3.822915e+04 2.808309e+04
2.477187e+04 2.027184e+04
1.725050e+04 1.447224e+04
1.174370e+04 9.609786e+03
7.922157e+03 6.563828e+03
5.549565e+03 4.722291e+03
3.913624e+03 3.275509e+03
2.667305e+03 2.230279e+03
1.894958e+03 1.647024e+03
1.417352e+03 1.284204e+03
1.020825e+03 8.859322e+02
7.368300e+02 6.657899e+02
5.521679e+02 5.095569e+02
4.367874e+02 4.023032e+02
3.421284e+02 3.157887e+02
2.675021e+02 2.453350e+02
2.075304e+02 1.896212e+02
1.645608e+02 1.495864e+02
1.266619e+02 1.154086e+02
9.590970e+01 8.906495e+01
7.519944e+01 7.068326e+01
6.274550e+01 5.975387e+01
5.358205e+01 5.158888e+01
4.647416e+01 4.480195e+01
3.870626e+01 3.624990e+01
2.888203e+01 2.682684e+01
2.258199e+01 2.079671e+01
1.751577e+01 1.631730e+01
1.350622e+01 1.294756e+01
1.119197e+01 1.082307e+01
9.281948e+00 9.037338e+00
8.137050e+00 7.868619e+00
7.126173e+00 7.003834e+00
6.412291e+00 6.317604e+00
5.825119e+00 5.722482e+00
5.226364e+00 5.163242e+00
4.789292e+00 4.742305e+00
4.492011e+00 4.466090e+00
4.241361e+00 4.209239e+00
3.977987e+00 3.955940e+00
3.818506e+00 3.806176e+00
3.510084e+00 3.471094e+00
3.143064e+00 3.122137e+00
2.834224e+00 2.816034e+00
2.550602e+00 2.540637e+00
2.395869e+00 2.391375e+00
2.337417e+00 2.333407e+00
1.812663e+00 1.800638e+00
1.518310e+00 1.513799e+00
1.414244e+00 1.413704e+00
1.400727e+00 1.400260e+00
1.356113e+00 1.356108e+00
3.773401e+09 8.436606e+05
1.058804e+08 6.271467e+05
3.324098e+08 6.271467e+05
2.062750e+08 6.271467e+05
2.012603e+08 5.478277e+05
2.118224e+08 5.346489e+05
1.719968e+08 4.502892e+05
2.228922e+08 4.502892e+05
2.727662e+08 4.502892e+05
1.121321e+08 4.502892e+05
2.331219e+08 4.502892e+05
2.179742e+08 4.502892e+05
1.565937e+08 4.502892e+05
1.299721e+08 4.502892e+05
7.956168e+07 4.502892e+05
1.136825e+08 4.502892e+05
1.227720e+08 4.502892e+05
7.156818e+07 4.502892e+05
6.942531e+07 4.502892e+05
1.441015e+08 4.502892e+05
5.980046e+07 4.502892e+05
1.514147e+08 4.502892e+05
1.619311e+08 4.462587e+05
5.806883e+07 4.462587e+05
5.259952e+07 4.462587e+05
6.320681e+07 4.462587e+05
2.320363e+07 4.462587e+05
5.028881e+07 4.462587e+05
5.137144e+07 4.462587e+05
4.741005e+07 4.462587e+05
4.827700e+07 4.164397e+05
5.198582e+07 4.164397e+05
1.350727e+08 4.164397e+05
4.944286e+07 4.164397e+05
4.278406e+07 4.164397e+05
2.733368e+07 4.164397e+05
1.028900e+08 4.164397e+05
4.977788e+07 4.164397e+05
1.338174e+07 4.164397e+05
2.103501e+07 4.164397e+05
4.853441e+07 4.164397e+05
4.816777e+07 4.164397e+05
1.766527e+08 4.164397e+05
6.784185e+07 4.164397e+05
5.612078e+06 4.164397e+05
1.269768e+07 4.164397e+05
2.646000e+08 4.164397e+05
1.800045e+07 4.164397e+05
3.718679e+06 4.164397e+05
2.152220e+07 4.164397e+05
6.433971e+05 3.263185e+05
4.025948e+05 2.347054e+05
2.099823e+05 1.318286e+05
1.054276e+05 7.466835e+04
5.893457e+04 4.606744e+04
3.750833e+04 3.158622e+04
2.590247e+04 2.199164e+04
1.834614e+04 1.626642e+04
1.349324e+04 1.198573e+04
9.623521e+03 8.025908e+03
6.835871e+03 5.801712e+03
4.680058e+03 4.125339e+03
3.296304e+03 2.877242e+03
2.308408e+03 2.052872e+03
1.746544e+03 1.646279e+03
1.392115e+03 1.304293e+03
1.134901e+03 1.040493e+03
8.873148e+02 8.138454e+02
6.886610e+02 6.451372e+02
5.074783e+02 4.485048e+02
3.711468e+02 3.401568e+02
2.783431e+02 2.622947e+02
2.147021e+02 1.940783e+02
1.631155e+02 1.517581e+02
1.264837e+02 1.190501e+02
9.927080e+01 9.538225e+01
8.626728e+01 8.368451e+01
7.534125e+01 7.371579e+01
6.456959e+01 6.292746e+01
5.389021e+01 5.143350e+01
4.556982e+01 4.440088e+01
3.908003e+01 3.836719e+01
3.451331e+01 3.399177e+01
3.123161e+01 3.076708e+01
2.711046e+01 2.639089e+01
2.201023e+01 2.145752e+01
1.925453e+01 1.902506e+01
1.785135e+01 1.774952e+01
1.674016e+01 1.664194e+01
1.583994e+01 1.577767e+01
1.519705e+01 1.512043e+01
1.426729e+01 1.415195e+01
1.310499e+01 1.303500e+01
1.089022e+01 1.065334e+01
8.865824e+00 8.819940e+00
7.744661e+00 7.653242e+00
6.890034e+00 6.878272e+00
6.637957e+00 6.636064e+00
5.608214e+00 5.592378e+00
5.370702e+00 5.370373e+00
5.331029e+00 5.331026e+00
3.772163e+09 8.634057e+05
9.911763e+07 6.980757e+05
2.674776e+08 6.917523e+05
2.797582e+08 5.470939e+05
2.348189e+08 5.470939e+05
2.369282e+08 5.470939e+05
2.536732e+08 4.942880e+05
2.043643e+08 4.942880e+05
1.605598e+08 4.942880e+05
1.592025e+08 4.942880e+05
2.228125e+08 4.942880e+05
1.455824e+08 4.942880e+05
1.625644e+08 4.942880e+05
1.648280e+08 4.942880e+05
2.538327e+08 4.942880e+05
7.692319e+07 4.942880e+05
7.676471e+07 4.942880e+05
1.095594e+08 4.942880e+05
1.309147e+08 4.942880e+05
6.597500e+07 4.942880e+05
1.470481e+08 4.942880e+05
8.062903e+07 4.942880e+05
7.190637e+07 4.942880e+05
7.427504e+07 4.942880e+05
7.742815e+07 4.942880e+05
5.925689e+07 4.719170e+05
1.087849e+08 4.719170e+05
3.227649e+07 4.719170e+05
4.434823e+07 4.719170e+05
4.144927e+07 4.719170e+05
3.770309e+07 4.719170e+05
2.057845e+07 4.292122e+05
3.021698e+07 4.292122e+05
4.396838e+07 4.292122e+05
5.151467e+07 4.186867e+05
3.986840e+07 4.186867e+05
7.210161e+06 4.186867e+05
3.897282e+07 3.992401e+05
1.263584e+07 3.992401e+05
5.004283e+06 3.992401e+05
3.650275e+07 3.992401e+05
3.284504e+07 3.992401e+05
3.834027e+06 3.838389e+05
8.466091e+06 3.838389e+05
1.042903e+07 3.838389e+05
2.316054e+06 2.719995e+05
4.446668e+06 2.719995e+05
2.961147e+06 2.613393e+05
2.036319e+06 2.613393e+05
3.953390e+05 2.612133e+05
2.308237e+05 1.377704e+05
1.341157e+05 8.977592e+04
8.350860e+04 6.817705e+04
5.475735e+04 4.579709e+04
3.703093e+04 3.223781e+04
2.593711e+04 2.074231e+04
1.795238e+04 1.506395e+04
1.246538e+04 1.076875e+04
8.562638e+03 7.339945e+03
5.222081e+03 4.102916e+03
3.215737e+03 2.708933e+03
2.192872e+03 1.936727e+03
1.589760e+03 1.418359e+03
1.116864e+03 1.006922e+03
8.557907e+02 7.614105e+02
6.515076e+02 5.997635e+02
4.960474e+02 4.591577e+02
3.831166e+02 3.518526e+02
2.950508e+02 2.735897e+02
2.256223e+02 2.073316e+02
1.779008e+02 1.688984e+02
1.456028e+02 1.373694e+02
1.192650e+02 1.131927e+02
1.024124e+02 9.915567e+01
8.755636e+01 8.400191e+01
7.390706e+01 7.111257e+01
6.616656e+01 6.448016e+01
6.103270e+01 6.019206e+01
5.626670e+01 5.525227e+01
4.968002e+01 4.830879e+01
3.981657e+01 3.819250e+01
3.337774e+01 3.245903e+01
2.833457e+01 2.734055e+01
2.125239e+01 2.034817e+01
1.737112e+01 1.700441e+01
1.526839e+01 1.492458e+01
1.337047e+01 1.314946e+01
1.130215e+01 1.100512e+01
8.520519e+00 8.049895e+00
6.037587e+00 5.899845e+00
4.803018e+00 4.735434e+00
4.180874e+00 4.135266e+00
3.881796e+00 3.871173e+00
3.700742e+00 3.694355e+00
3.493373e+00 3.474148e+00
3.185939e+00 3.177596e+00
3.090166e+00 3.087295e+00
3.033040e+00 3.032509e+00
3.018946e+00 3.018908e+00
3.012252e+00 3.012208e+00
2.995449e+00 2.995447e+00
3.601137e+09 7.490870e+05
1.182583e+08 6.350086e+05
2.625190e+08 6.236593e+05
2.237844e+08 6.236593e+05
2.451523e+08 6.236593e+05
1.876500e+08 6.236593e+05
2.067910e+08 6.236593e+05
1.582735e+08 6.021798e+05
2.203694e+08 6.014787e+05
1.616148e+08 5.639637e+05
1.463047e+08 5.639637e+05
9.906921e+07 5.563664e+05
1.479550e+08 5.563664e+05
1.506582e+08 5.563664e+05
1.127556e+08 5.563664e+05
1.383210e+08 5.563664e+05
1.227185e+08 5.563664e+05
1.019365e+08 5.563664e+05
1.266908e+08 5.563664e+05
4.841445e+07 5.563664e+05
1.308267e+08 5.563664e+05
6.064497e+07 5.563664e+05
9.878520e+07 5.563664e+05
5.385287e+07 4.528130e+05
9.240263e+07 4.528130e+05
1.050672e+08 4.528130e+05
7.328053e+07 4.528130e+05
3.961296e+07 4.378771e+05
4.501918e+07 4.378771e+05
6.778811e+07 4.378771e+05
5.199662e+07 4.378771e+05
5.416563e+07 4.378771e+05
1.186393e+07 4.378771e+05
2.910675e+07 4.378771e+05
3.349982e+07 4.299349e+05
1.901548e+07 4.299349e+05
1.764107e+07 4.299349e+05
1.729091e+07 4.299349e+05
1.270295e+07 4.299349e+05
5.422138e+07 4.299349e+05
1.196350e+07 4.299349e+05
1.165944e+07 4.299349e+05
3.412952e+06 4.299349e+05
7.513422e+06 4.247097e+05
1.270094e+07 3.993511e+05
2.782461e+07 3.792193e+05
2.366546e+06 3.597775e+05
8.764103e+05 2.827481e+05
3.325058e+06 2.412351e+05
5.896758e+05 2.412351e+05
3.884139e+05 2.082950e+05
2.245048e+05 1.522121e+05
1.150157e+05 7.979261e+04
6.339434e+04 4.716578e+04
3.725027e+04 2.948768e+04
2.447494e+04 2.059692e+04
1.686531e+04 1.444584e+04
1.110539e+04 9.203637e+03
7.534950e+03 6.226923e+03
5.196932e+03 4.484624e+03
3.756571e+03 3.416530e+03
2.936332e+03 2.695282e+03
2.375160e+03 2.223185e+03
1.947441e+03 1.801406e+03
1.589792e+03 1.497024e+03
1.296018e+03 1.214057e+03
1.042280e+03 9.713213e+02
8.137322e+02 7.458391e+02
6.230511e+02 5.776187e+02
4.673471e+02 4.335897e+02
3.772304e+02 3.596148e+02
3.064685e+02 2.860514e+02
2.419782e+02 2.313219e+02
2.008221e+02 1.882818e+02
1.664673e+02 1.610405e+02
1.392822e+02 1.333562e+02
1.119426e+02 1.035744e+02
8.815944e+01 8.263809e+01
6.736312e+01 6.438208e+01
5.651002e+01 5.431224e+01
4.631959e+01 4.497767e+01
4.025480e+01 3.916131e+01
3.481845e+01 3.423876e+01
3.123046e+01 3.090341e+01
2.863123e+01 2.828436e+01
2.601865e+01 2.582694e+01
2.438433e+01 2.420837e+01
2.328296e+01 2.312853e+01
2.188299e+01 2.179307e+01
1.997655e+01 1.974877e+01
1.822390e+01 1.812730e+01
1.748170e+01 1.744026e+01
1.620111e+01 1.610330e+01
1.433896e+01 1.415693e+01
1.295245e+01 1.293245e+01
1.250088e+01 1.248991e+01
1.225907e+01 1.225064e+01
1.201058e+01 1.200327e+01
1.141852e+01 1.141760e+01
1.128692e+01 1.128616e+01
1.123386e+01 1.123385e+01
3.773470e+09 8.253921e+05
7.075716e+07 6.161375e+05
2.247464e+08 6.161375e+05
2.265257e+08 6.161375e+05
1.896101e+08 6.161375e+05
2.252805e+08 6.161375e+05
2.750045e+08 6.161375e+05
2.319785e+08 6.099397e+05
2.038402e+08 6.099397e+05
1.703776e+08 5.934527e+05
2.057474e+08 5.934527e+05
9.589565e+07 5.934527e+05
1.268586e+08 5.934527e+05
7.115424e+07 5.934527e+05
9.279468e+07 5.934527e+05
1.315228e+08 5.934527e+05
8.570652e+07 5.810255e+05
1.137353e+08 5.162601e+05
9.924885e+07 5.162601e+05
1.159503e+08 5.001150e+05
9.215512e+07 5.001150e+05
7.982088e+07 5.001150e+05
7.462536e+07 4.855822e+05
1.624823e+08 4.855822e+05
8.773370e+07 4.855822e+05
6.392979e+07 4.855822e+05
1.361645e+08 4.855822e+05
7.334580e+07 4.855822e+05
3.040097e+07 4.855822e+05
3.722250e+07 4.855822e+05
3.785626e+07 4.782978e+05
9.038865e+07 4.782978e+05
4.226493e+07 4.782978e+05
2.646124e+07 4.782978e+05
2.245126e+07 4.782978e+05
7.291125e+06 4.782978e+05
1.175012e+07 4.626189e+05
4.280456e+06 4.626189e+05
7.516546e+06 4.626189e+05
1.049987e+07 4.626189e+05
2.970493e+07 4.567404e+05
1.770547e+07 4.129731e+05
9.226204e+06 4.129731e+05
1.275824e+07 4.129731e+05
9.161042e+06 4.129731e+05
1.393585e+06 3.954537e+05
9.072193e+05 3.642371e+05
6.430355e+06 3.642371e+05
8.712007e+05 3.364357e+05
5.289711e+05 2.841256e+05
3.897699e+05 2.261886e+05
2.278912e+05 1.506946e+05
1.129831e+05 7.906621e+04
6.449487e+04 5.054996e+04
4.023776e+04 3.342782e+04
2.735141e+04 2.321568e+04
1.890026e+04 1.688464e+04
1.378289e+04 1.221660e+04
9.914308e+03 8.653912e+03
7.397564e+03 6.680596e+03
5.293812e+03 4.451225e+03
3.715914e+03 3.373056e+03
2.743894e+03 2.510179e+03
2.173892e+03 1.917619e+03
1.726918e+03 1.618627e+03
1.348512e+03 1.258218e+03
1.069152e+03 9.813884e+02
8.129208e+02 7.372777e+02
6.126766e+02 5.558285e+02
4.729496e+02 4.433642e+02
3.790405e+02 3.555316e+02
3.132549e+02 2.965613e+02
2.555612e+02 2.393517e+02
2.096035e+02 2.002503e+02
1.655671e+02 1.539942e+02
1.270780e+02 1.180051e+02
9.701213e+01 9.270528e+01
7.378863e+01 6.913614e+01
5.454478e+01 5.164105e+01
4.342915e+01 4.164057e+01
3.434854e+01 3.320151e+01
2.990780e+01 2.912877e+01
2.561015e+01 2.498960e+01
2.173566e+01 2.133959e+01
1.887177e+01 1.840264e+01
1.631076e+01 1.607656e+01
1.499344e+01 1.489331e+01
1.399244e+01 1.391924e+01
1.324915e+01 1.317675e+01
1.249816e+01 1.241349e+01
1.151894e+01 1.141536e+01
1.012908e+01 9.969835e+00
8.857173e+00 8.799389e+00
8.495468e+00 8.483805e+00
8.388835e+00 8.387293e+00
8.046123e+00 7.996687e+00
5.908152e+00 5.841573e+00
3.342348e+00 3.334113e+00
3.129728e+00 3.127401e+00
3.018211e+00 3.017712e+00
2.989429e+00 2.989407e+00
3.644148e+09 7.549806e+05
1.244458e+08 6.261580e+05
1.834858e+08 5.847768e+05
2.198491e+08 5.847768e+05
1.242602e+08 5.596506e+05
2.204765e+08 5.580922e+05
2.974468e+08 5.580922e+05
2.302791e+08 5.580922e+05
1.787182e+08 5.580922e+05
2.018289e+08 5.580922e+05
1.301878e+08 5.580922e+05
1.438928e+08 5.580922e+05
1.729416e+08 5.580922e+05
1.881128e+08 5.580922e+05
1.415880e+08 5.580922e+05
1.006535e+08 5.580922e+05
9.040940e+07 5.580922e+05
7.715983e+07 5.367215e+05
8.645282e+07 4.957718e+05
1.161440e+08 4.957718e+05
8.995772e+07 4.957718e+05
7.675918e+07 4.957718e+05
7.574379e+07 4.957718e+05
3.850042e+07 4.957718e+05
1.624584e+08 4.957718e+05
1.408732e+08 4.957718e+05
6.535237e+07 4.957718e+05
4.068740e+07 4.957718e+05
8.169081e+07 4.957718e+05
4.475613e+07 4.957718e+05
3.172366e+07 4.957718e+05
2.537938e+07 4.957718e+05
8.200329e+07 4.944888e+05
6.514546e+07 4.750053e+05
2.443524e+07 4.343407e+05
2.004817e+07 4.343407e+05
1.015682e+07 4.343407e+05
2.640092e+07 4.343407e+05
5.130338e+07 4.057597e+05
1.429063e+07 4.057597e+05
3.298177e+07 4.043886e+05
2.080354e+07 3.900524e+05
2.561459e+06 3.844343e+05
5.582156e+06 3.844343e+05
3.030633e+06 3.638111e+05
2.089402e+06 3.638111e+05
1.858639e+06 3.615650e+05
5.660173e+05 3.312823e+05
4.440484e+05 2.707186e+05
2.888279e+05 1.565220e+05
1.678243e+05 1.132555e+05
9.760312e+04 7.317908e+04
5.927531e+04 4.739930e+04
3.838374e+04 3.223945e+04
2.692450e+04 2.261741e+04
1.860995e+04 1.530457e+04
1.289280e+04 1.108776e+04
9.143317e+03 7.786110e+03
6.349282e+03 5.561323e+03
4.707069e+03 4.104059e+03
3.532547e+03 3.234953e+03
2.778982e+03 2.558538e+03
2.183340e+03 1.992571e+03
1.784676e+03 1.666084e+03
1.499866e+03 1.387299e+03
1.268226e+03 1.208883e+03
1.086069e+03 1.039758e+03
9.529507e+02 9.075978e+02
8.365576e+02 8.067510e+02
7.113038e+02 6.807652e+02
5.939923e+02 5.556273e+02
4.679432e+02 4.350090e+02
3.815503e+02 3.674103e+02
3.306708e+02 3.203706e+02
2.887388e+02 2.782922e+02
2.601902e+02 2.542742e+02
2.340353e+02 2.291928e+02
2.038434e+02 1.967052e+02
1.734656e+02 1.687852e+02
1.527923e+02 1.494828e+02
1.313769e+02 1.273249e+02
1.149831e+02 1.127382e+02
1.029389e+02 1.006982e+02
8.980715e+01 8.801103e+01
7.933275e+01 7.817300e+01
7.215656e+01 7.138704e+01
6.698498e+01 6.627817e+01
6.262517e+01 6.227057e+01
5.914419e+01 5.880963e+01
5.666806e+01 5.647399e+01
5.480636e+01 5.467211e+01
5.319523e+01 5.304459e+01
5.108718e+01 5.094503e+01
4.875951e+01 4.866795e+01
4.722532e+01 4.718868e+01
4.647501e+01 4.645125e+01
4.578825e+01 4.575425e+01
4.434694e+01 4.430648e+01
4.250616e+01 4.249787e+01
4.162797e+01 4.161606e+01
4.128603e+01 4.128602e+01
3.554294e+09 8.033901e+05
1.023386e+08 6.316215e+05
3.157038e+08 6.316215e+05
1.975115e+08 6.316215e+05
2.097989e+08 6.316215e+05
2.266256e+08 6.316215e+05
2.506464e+08 6.316215e+05
1.367866e+08 5.794441e+05
1.827236e+08 5.191336e+05
1.311723e+08 5.191336e+05
1.528963e+08 5.191336e+05
1.480534e+08 5.191336e+05
1.026492e+08 5.191336e+05
1.603595e+08 5.191336e+05
2.284184e+08 4.944187e+05
2.072013e+08 4.944187e+05
1.807455e+08 4.944187e+05
1.017657e+08 4.944187e+05
5.784553e+07 4.944187e+05
1.034269e+08 4.944187e+05
9.264688e+07 4.944187e+05
1.467879e+08 4.944187e+05
6.107166e+07 4.944187e+05
4.352226e+07 4.944187e+05
1.060893e+08 4.944187e+05
8.932945e+07 4.944187e+05
7.465569e+07 4.944187e+05
6.798306e+07 4.944187e+05
2.511153e+07 4.944187e+05
6.721861e+07 4.944187e+05
2.578561e+07 4.711215e+05
2.758213e+07 4.310838e+05
1.204155e+07 4.254439e+05
1.898125e+07 3.964641e+05
3.560911e+07 3.964641e+05
6.250198e+07 3.964641e+05
1.572503e+07 3.915040e+05
2.454796e+07 3.915040e+05
3.519662e+07 3.915040e+05
3.487153e+07 3.915040e+05
1.146002e+07 3.915040e+05
8.973015e+06 3.915040e+05
3.586621e+07 3.715279e+05
2.532262e+06 3.715279e+05
1.964419e+07 3.715279e+05
7.566438e+06 3.715279e+05
4.828249e+07 3.631254e+05
7.916282e+07 3.030607e+05
4.153800e+06 3.030607e+05
3.059967e+06 2.981937e+05
7.436848e+06 2.981937e+05
5.057255e+05 2.981937e+05
4.177983e+05 2.493682e+05
2.686156e+05 1.708631e+05
1.353316e+05 8.387557e+04
7.074175e+04 5.427921e+04
4.042138e+04 3.178120e+04
2.354958e+04 1.958740e+04
1.549315e+04 1.367787e+04
1.095558e+04 9.751132e+03
7.840713e+03 6.564056e+03
5.656352e+03 5.060395e+03
4.198369e+03 3.803245e+03
2.900402e+03 2.612830e+03
2.146777e+03 1.967174e+03
1.734789e+03 1.618239e+03
1.437332e+03 1.347597e+03
1.237109e+03 1.195724e+03
1.093216e+03 1.056055e+03
9.775366e+02 9.530984e+02
8.715125e+02 8.322429e+02
7.543201e+02 7.191009e+02
6.113328e+02 5.848791e+02
4.949600e+02 4.674771e+02
4.116053e+02 3.939761e+02
3.250048e+02 3.100308e+02
2.655723e+02 2.573260e+02
2.265370e+02 2.213447e+02
2.000847e+02 1.953352e+02
1.814332e+02 1.772514e+02
1.634614e+02 1.596976e+02
1.420283e+02 1.387136e+02
1.280163e+02 1.256736e+02
1.110740e+02 1.092437e+02
9.493851e+01 9.234919e+01
8.056300e+01 7.959772e+01
7.127343e+01 7.015834e+01
6.319749e+01 6.248972e+01
5.901334e+01 5.863585e+01
5.655275e+01 5.638116e+01
5.447191e+01 5.419649e+01
5.220809e+01 5.208037e+01
5.079587e+01 5.069724e+01
4.735804e+01 4.709034e+01
4.402632e+01 4.392072e+01
4.291868e+01 4.286948e+01
4.214517e+01 4.213177e+01
4.175534e+01 4.174989e+01
4.141589e+01 4.140959e+01
3.885257e+01 3.884925e+01
3.759731e+01 3.759712e+01
3.584163e+09 9.308889e+05
8.504786e+07 6.023679e+05
2.107422e+08 6.023679e+05
1.853182e+08 5.955754e+05
2.516043e+08 5.955754e+05
1.696590e+08 5.690045e+05
1.798478e+08 5.690045e+05
2.226459e+08 5.690045e+05
1.575592e+08 5.690045e+05
2.024858e+08 5.690045e+05
2.331996e+08 5.690045e+05
2.092085e+08 5.690045e+05
2.199113e+08 5.690045e+05
2.290747e+08 5.690045e+05
1.371584e+08 5.690045e+05
1.002420e+08 5.690045e+05
8.367373e+07 5.610833e+05
9.544408e+07 5.610833e+05
8.689262e+07 5.610833e+05
1.499232e+08 5.610833e+05
1.511622e+08 5.610833e+05
6.852269e+07 5.610833e+05
4.553785e+07 5.242570e+05
7.618823e+07 5.242570e+05
7.925968e+07 5.242570e+05
5.074425e+07 4.624550e+05
6.846535e+07 4.624550e+05
6.256932e+07 4.624550e+05
1.508351e+07 4.624550e+05
1.264255e+08 4.624550e+05
3.202729e+07 4.624550e+05
5.480535e+07 4.624550e+05
1.322957e+07 4.624550e+05
5.614041e+07 4.624550e+05
5.104688e+07 4.459189e+05
3.429338e+07 4.459189e+05
1.891764e+07 4.459189e+05
9.398829e+07 4.459189e+05
1.217230e+07 4.459189e+05
1.890283e+07 4.459189e+05
1.197025e+08 4.459189e+05
4.347467e+07 4.315480e+05
1.363742e+07 4.315480e+05
3.336333e+06 4.278883e+05
1.019719e+07 4.145395e+05
2.506437e+06 3.746293e+05
1.831230e+06 3.746293e+05
2.828751e+06 3.416588e+05
7.910602e+05 3.402294e+05
5.822700e+05 3.088768e+05
4.362646e+05 2.597441e+05
2.632550e+05 1.424678e+05
1.346609e+05 9.164206e+04
7.450264e+04 5.827102e+04
4.769805e+04 4.041754e+04
3.530127e+04 2.972443e+04
2.459401e+04 2.070890e+04
1.789661e+04 1.583721e+04
1.329072e+04 1.124559e+04
9.388400e+03 8.160865e+03
6.699211e+03 5.938905e+03
4.981519e+03 4.429724e+03
3.779067e+03 3.349326e+03
2.735974e+03 2.502161e+03
2.129537e+03 1.950191e+03
1.687692e+03 1.552794e+03
1.220560e+03 1.087132e+03
8.852350e+02 8.006890e+02
6.821457e+02 6.399787e+02
5.397239e+02 4.996492e+02
4.371141e+02 4.098649e+02
3.563658e+02 3.365844e+02
3.008965e+02 2.869232e+02
2.511337e+02 2.401381e+02
2.193645e+02 2.102810e+02
1.811266e+02 1.731602e+02
1.482215e+02 1.427909e+02
1.259149e+02 1.227869e+02
1.110629e+02 1.088500e+02
1.020325e+02 1.007912e+02
9.265512e+01 9.109289e+01
8.422740e+01 8.308695e+01
7.839549e+01 7.772034e+01
7.217217e+01 7.101286e+01
6.492156e+01 6.393657e+01
5.941880e+01 5.889775e+01
5.488237e+01 5.425977e+01
4.827248e+01 4.741689e+01
4.273047e+01 4.238124e+01
3.933989e+01 3.914653e+01
3.630521e+01 3.612170e+01
3.450039e+01 3.443178e+01
3.373187e+01 3.370085e+01
3.275032e+01 3.255524e+01
2.915366e+01 2.894083e+01
2.599341e+01 2.593340e+01
2.505308e+01 2.504486e+01
2.481279e+01 2.481022e+01
2.472243e+01 2.472116e+01
2.457265e+01 2.457150e+01
2.419619e+01 2.419619e+01
3.626740e+09 8.655566e+05
1.056635e+08 6.994519e+05
1.878209e+08 6.912017e+05
1.617627e+08 6.837981e+05
2.281639e+08 6.739001e+05
2.428590e+08 5.920692e+05
3.121394e+08 5.402320e+05
1.928473e+08 5.402320e+05
2.550883e+08 5.402320e+05
1.133431e+08 5.402320e+05
2.621510e+08 5.402320e+05
1.599324e+08 5.402320e+05
1.555505e+08 5.402320e+05
1.564361e+08 5.402320e+05
2.123911e+08 5.402320e+05
9.604710e+07 5.402320e+05
1.215441e+08 5.402320e+05
1.033456e+08 5.402320e+05
1.596787e+08 5.402320e+05
9.948592e+07 5.402320e+05
1.548097e+08 5.402320e+05
6.830753e+07 5.402320e+05
9.228945e+07 5.402320e+05
5.501035e+07 5.402320e+05
1.512064e+08 5.402320e+05
7.872318e+07 5.402320e+05
5.585206e+07 5.402320e+05
3.327018e+07 5.402320e+05
3.613546e+07 5.402320e+05
5.437251e+07 5.402320e+05
9.533950e+07 5.402320e+05
4.408734e+07 5.402320e+05
2.138298e+07 4.560802e+05
2.769765e+07 4.560802e+05
1.609960e+07 4.560802e+05
2.893709e+07 4.560802e+05
2.061145e+07 4.560802e+05
3.223078e+07 4.560802e+05
3.104955e+07 4.560802e+05
2.951492e+07 4.273141e+05
7.138533e+06 4.273141e+05
1.340120e+07 4.273141e+05
4.552319e+07 4.110655e+05
4.469950e+07 4.110655e+05
1.392536e+07 4.110655e+05
1.282419e+07 4.110655e+05
1.545051e+07 4.110655e+05
5.809424e+06 4.106495e+05
4.104025e+06 4.106495e+05
1.073104e+06 4.106495e+05
2.049421e+06 4.106495e+05
2.426171e+06 4.106495e+05
1.330102e+06 3.902576e+05
5.876860e+05 3.250210e+05
4.153428e+05 2.543290e+05
2.120539e+05 1.381398e+05
1.148519e+05 8.616373e+04
6.479277e+04 5.199591e+04
4.293870e+04 3.631885e+04
2.987896e+04 2.620886e+04
2.064944e+04 1.822592e+04
1.437112e+04 1.268880e+04
1.024629e+04 9.083932e+03
6.890765e+03 6.066903e+03
4.960423e+03 4.436592e+03
3.474701e+03 3.024171e+03
2.510959e+03 2.268486e+03
1.825932e+03 1.667718e+03
1.455001e+03 1.346342e+03
1.158747e+03 1.064554e+03
9.327429e+02 8.662756e+02
7.539510e+02 7.255755e+02
6.562694e+02 6.298143e+02
5.624028e+02 5.394393e+02
4.833354e+02 4.672893e+02
4.201860e+02 4.048113e+02
3.680251e+02 3.578931e+02
3.188860e+02 3.076127e+02
2.775216e+02 2.692937e+02
2.383616e+02 2.309676e+02
2.093046e+02 2.048815e+02
1.842879e+02 1.804742e+02
1.634513e+02 1.609115e+02
1.453757e+02 1.431453e+02
1.317903e+02 1.296824e+02
1.191494e+02 1.171931e+02
1.048345e+02 1.027574e+02
8.890097e+01 8.669424e+01
6.845657e+01 6.672609e+01
5.332529e+01 5.251486e+01
4.556989e+01 4.500721e+01
3.959211e+01 3.912069e+01
3.327334e+01 3.296338e+01
2.869432e+01 2.855379e+01
2.663501e+01 2.659290e+01
2.573350e+01 2.568389e+01
2.454343e+01 2.451841e+01
2.339393e+01 2.338527e+01
2.315816e+01 2.315680e+01
2.201117e+01 2.198581e+01
1.633239e+01 1.633233e+01
3.469205e+09 7.362084e+05
1.336722e+08 6.489171e+05
2.401542e+08 6.355097e+05
1.952245e+08 6.355097e+05
2.404020e+08 6.130884e+05
3.320583e+08 6.130884e+05
2.389050e+08 6.043097e+05
2.550017e+08 6.043097e+05
2.174964e+08 6.043097e+05
2.611819e+08 6.043097e+05
1.740484e+08 5.816713e+05
1.807643e+08 5.755536e+05
1.456234e+08 5.755536e+05
1.779807e+08 5.438976e+05
1.093234e+08 5.438976e+05
1.293612e+08 5.438976e+05
1.763280e+08 5.438976e+05
5.548142e+07 5.438976e+05
1.074657e+08 5.438976e+05
8.101594e+07 5.438976e+05
6.976824e+07 5.438976e+05
1.058605e+08 5.438976e+05
2.023788e+08 5.438976e+05
4.010862e+07 5.438976e+05
1.868680e+07 5.438976e+05
1.007150e+08 5.350643e+05
8.618568e+07 5.350643e+05
2.536093e+07 5.350643e+05
8.906164e+07 5.107932e+05
2.972919e+07 5.107932e+05
7.115375e+07 4.899662e+05
2.836730e+07 4.779487e+05
3.311613e+07 4.779487e+05
3.872870e+07 4.779487e+05
8.897861e+07 4.041594e+05
2.777491e+07 4.041594e+05
1.046308e+08 4.041594e+05
4.284116e+07 4.041594e+05
4.121035e+07 3.943088e+05
1.403449e+08 3.943088e+05
1.334349e+07 3.943088e+05
9.726026e+06 3.943088e+05
2.057088e+07 3.943088e+05
3.045211e+07 3.943088e+05
1.892749e+07 3.943088e+05
1.578096e+07 3.748572e+05
5.805054e+06 3.578310e+05
9.572099e+06 3.270510e+05
1.546662e+06 3.270510e+05
4.606939e+05 2.704639e+05
2.770435e+05 1.644737e+05
1.429418e+05 8.820430e+04
7.661701e+04 5.553464e+04
4.564007e+04 3.778866e+04
3.184283e+04 2.718934e+04
2.373312e+04 2.044406e+04
1.744430e+04 1.526434e+04
1.275070e+04 1.087436e+04
9.192460e+03 7.790596e+03
6.299878e+03 5.462138e+03
4.770906e+03 4.272563e+03
3.536757e+03 3.148453e+03
2.794852e+03 2.550780e+03
2.165992e+03 2.035027e+03
1.782764e+03 1.683894e+03
1.414562e+03 1.302144e+03
1.109690e+03 1.033751e+03
8.649370e+02 8.139886e+02
6.819573e+02 6.250853e+02
5.408152e+02 5.105412e+02
4.678924e+02 4.497568e+02
4.137637e+02 4.001810e+02
3.654635e+02 3.499018e+02
3.173412e+02 3.058386e+02
2.654730e+02 2.537087e+02
2.262274e+02 2.162484e+02
1.763919e+02 1.633099e+02
1.444355e+02 1.381624e+02
1.151961e+02 1.097298e+02
8.751122e+01 8.326077e+01
6.657433e+01 6.222752e+01
4.918666e+01 4.725058e+01
3.881924e+01 3.762683e+01
3.272432e+01 3.199802e+01
2.913669e+01 2.887583e+01
2.693362e+01 2.670768e+01
2.560651e+01 2.545994e+01
2.429283e+01 2.410315e+01
2.240438e+01 2.221302e+01
1.968435e+01 1.953691e+01
1.777289e+01 1.762798e+01
1.698077e+01 1.693457e+01
1.636812e+01 1.632769e+01
1.582706e+01 1.581178e+01
1.547305e+01 1.545313e+01
1.518086e+01 1.517101e+01
1.489379e+01 1.488595e+01
1.456299e+01 1.455685e+01
1.444067e+01 1.443924e+01
1.425804e+01 1.424107e+01
1.291270e+01 1.291264e+01
3.382834e+09 8.427573e+05
7.005054e+07 6.572885e+05
2.598234e+08 5.687103e+05
2.106104e+08 5.687103e+05
2.145436e+08 5.462202e+05
3.053785e+08 5.462202e+05
2.213635e+08 5.462202e+05
1.790528e+08 5.462202e+05
1.358425e+08 5.462202e+05
1.433989e+08 5.462202e+05
1.813216e+08 5.411460e+05
1.918504e+08 5.411460e+05
2.325459e+08 5.411460e+05
2.492305e+08 5.411460e+05
1.513899e+08 5.411460e+05
1.662512e+08 5.411460e+05
1.237689e+08 5.411460e+05
1.670419e+08 5.411460e+05
9.167742e+07 5.411460e+05
1.287695e+08 5.411460e+05
1.434429e+08 5.411460e+05
5.775955e+07 5.411460e+05
2.244492e+08 5.411460e+05
1.754701e+08 5.411460e+05
1.328850e+08 5.411460e+05
3.798460e+07 5.411460e+05
3.872346e+07 5.411460e+05
3.374570e+07 5.250430e+05
9.195112e+07 5.179155e+05
5.467572e+07 5.179155e+05
4.374415e+07 4.666703e+05
2.397153e+07 4.666703e+05
9.999055e+07 4.666703e+05
2.218743e+07 4.666703e+05
2.289950e+07 4.343499e+05
1.370816e+08 4.343499e+05
3.274838e+07 4.317121e+05
6.737965e+07 4.317121e+05
5.230497e+07 4.317121e+05
8.248345e+06 4.317121e+05
5.442679e+07 4.317121e+05
4.077683e+07 3.843710e+05
2.390976e+07 3.843710e+05
2.696091e+06 3.843710e+05
3.028663e+06 3.422273e+05
7.378179e+05 3.422273e+05
3.780148e+06 3.422273e+05
5.038738e+05 3.185064e+05
3.638313e+05 2.311739e+05
2.005332e+05 1.246503e+05
1.075625e+05 7.786374e+04
5.886454e+04 4.194071e+04
3.450817e+04 2.713040e+04
2.395180e+04 2.038259e+04
1.654411e+04 1.423944e+04
1.222597e+04 1.089351e+04
8.443936e+03 7.178271e+03
5.922170e+03 4.985603e+03
4.061239e+03 3.440897e+03
2.739548e+03 2.306665e+03
1.987086e+03 1.770296e+03
1.526438e+03 1.403160e+03
1.285712e+03 1.225738e+03
1.117922e+03 1.055231e+03
9.535781e+02 8.854228e+02
7.990899e+02 7.505315e+02
6.651523e+02 6.302457e+02
5.632814e+02 5.354976e+02
4.548125e+02 4.245775e+02
3.774566e+02 3.566090e+02
3.065955e+02 2.908479e+02
2.475834e+02 2.347416e+02
2.065005e+02 1.982605e+02
1.780655e+02 1.726786e+02
1.577882e+02 1.534220e+02
1.362581e+02 1.303657e+02
1.143813e+02 1.096398e+02
8.393569e+01 7.873155e+01
6.239909e+01 5.807249e+01
5.054619e+01 4.882485e+01
4.602062e+01 4.543984e+01
4.291824e+01 4.246829e+01
3.917245e+01 3.871693e+01
3.610158e+01 3.538877e+01
3.168665e+01 3.098252e+01
2.754482e+01 2.691506e+01
2.426668e+01 2.396332e+01
2.277247e+01 2.262709e+01
2.156458e+01 2.145277e+01
2.096150e+01 2.091477e+01
2.050691e+01 2.047375e+01
2.023788e+01 2.021508e+01
1.978882e+01 1.976125e+01
1.877569e+01 1.869730e+01
1.658341e+01 1.641623e+01
1.202529e+01 1.182268e+01
1.003148e+01 9.996493e+00
9.312422e+00 9.308626e+00
9.068665e+00 9.066373e+00
8.203462e+00 8.201065e+00
7.861043e+00 7.860983e+00
3.711897e+09 5.752220e+05
9.503375e+07 5.752220e+05
3.048907e+08 5.752220e+05
2.054564e+08 5.752220e+05
1.639469e+08 5.752220e+05
2.403117e+08 5.752220e+05
2.524021e+08 5.558572e+05
3.072039e+08 5.558572e+05
3.315407e+08 5.558572e+05
2.864934e+08 5.558572e+05
1.831048e+08 5.558572e+05
1.300284e+08 5.558572e+05
2.589674e+08 5.558572e+05
1.217504e+08 5.558572e+05
1.480915e+08 5.558572e+05
9.289425e+07 5.558572e+05
1.901171e+08 5.185355e+05
1.057565e+08 5.185355e+05
1.187625e+08 5.185355e+05
5.061643e+07 5.185355e+05
1.544672e+08 5.185355e+05
1.328576e+08 5.185355e+05
4.517305e+07 5.185355e+05
1.258965e+08 5.055987e+05
1.134308e+08 5.055987e+05
5.551532e+07 5.055987e+05
7.627453e+07 5.055987e+05
3.702373e+07 5.055987e+05
8.908001e+07 5.055987e+05
2.923223e+07 5.055987e+05
7.853033e+07 4.963952e+05
2.442836e+07 4.963952e+05
1.551436e+07 4.849007e+05
5.277154e+07 4.849007e+05
9.413438e+06 4.849007e+05
4.594491e+07 4.657842e+05
4.976406e+06 4.657842e+05
3.615806e+07 4.642171e+05
8.223494e+07 4.642171e+05
8.250512e+07 4.642171e+05
6.464806e+07 4.510140e+05
4.183125e+07 3.882684e+05
9.442240e+06 3.882684e+05
9.246608e+05 3.882684e+05
6.444027e+05 3.065586e+05
5.215992e+05 3.065586e+05
3.616074e+05 2.160318e+05
2.118982e+05 1.510652e+05
1.258748e+05 9.217243e+04
8.196929e+04 6.502263e+04
5.662238e+04 4.709462e+04
3.714539e+04 3.050910e+04
2.435850e+04 1.970333e+04
1.610093e+04 1.208173e+04
1.070483e+04 8.648666e+03
6.810274e+03 5.597920e+03
4.900962e+03 4.414404e+03
3.764284e+03 3.406935e+03
2.976918e+03 2.705624e+03
2.367850e+03 2.185338e+03
1.930218e+03 1.766753e+03
1.517082e+03 1.385147e+03
1.246883e+03 1.176165e+03
1.080316e+03 1.030780e+03
9.693200e+02 9.258370e+02
8.572842e+02 8.196562e+02
7.332172e+02 6.998332e+02
6.432394e+02 6.123057e+02
5.730825e+02 5.546796e+02
5.200201e+02 5.051057e+02
4.586649e+02 4.304068e+02
3.705584e+02 3.493148e+02
2.965754e+02 2.787811e+02
2.422118e+02 2.316587e+02
2.147914e+02 2.097192e+02
1.914779e+02 1.868320e+02
1.691282e+02 1.656469e+02
1.467683e+02 1.417221e+02
1.236921e+02 1.199334e+02
1.030038e+02 9.978645e+01
8.471365e+01 8.145346e+01
6.864015e+01 6.547522e+01
5.370617e+01 4.986169e+01
3.402453e+01 3.241403e+01
2.346236e+01 2.251139e+01
1.708362e+01 1.646942e+01
1.368319e+01 1.341695e+01
1.181978e+01 1.166427e+01
1.072378e+01 1.065149e+01
9.860899e+00 9.820517e+00
9.320676e+00 9.269878e+00
8.985421e+00 8.973238e+00
8.758575e+00 8.743302e+00
8.598192e+00 8.587813e+00
8.426229e+00 8.413038e+00
7.948574e+00 7.931923e+00
7.676353e+00 7.670082e+00
7.491017e+00 7.486067e+00
7.378689e+00 7.376320e+00
6.530789e+00 6.511015e+00
6.017929e+00 6.017923e+00
3.886293e+09 8.486286e+05
8.594359e+07 6.204714e+05
1.937888e+08 6.204714e+05
2.364265e+08 6.204714e+05
1.303511e+08 6.204714e+05
1.716345e+08 5.548807e+05
2.075839e+08 5.548807e+05
2.120661e+08 5.548807e+05
1.862895e+08 5.548807e+05
1.989708e+08 5.548807e+05
1.252125e+08 5.548807e+05
1.317254e+08 5.548807e+05
2.089573e+08 5.548807e+05
2.279723e+08 5.548807e+05
1.156345e+08 5.548807e+05
1.560380e+08 5.548807e+05
1.112449e+08 5.548807e+05
7.952656e+07 5.548807e+05
1.370001e+08 5.197828e+05
7.401461e+07 5.197828e+05
6.344434e+07 5.197828e+05
6.142560e+07 5.197828e+05
6.835151e+07 5.197828e+05
1.268933e+08 5.191850e+05
3.719467e+07 5.191850e+05
5.910609e+07 5.191850e+05
5.025488e+07 5.191850e+05
6.239177e+07 5.191850e+05
6.271214e+07 5.191850e+05
7.169491e+07 5.057098e+05
5.715066e+07 5.030869e+05
2.690192e+07 4.221190e+05
4.141550e+07 4.221190e+05
2.342088e+07 4.221190e+05
1.704276e+07 4.221190e+05
2.283519e+07 4.221190e+05
8.786986e+06 4.221190e+05
9.790893e+06 4.221190e+05
5.526146e+07 4.221190e+05
2.555895e+07 4.221190e+05
7.620100e+06 4.221190e+05
4.245109e+06 4.221190e+05
6.108945e+06 4.221190e+05
3.730710e+06 3.771093e+05
3.078347e+06 3.771093e+05
5.898313e+05 3.535141e+05
4.598712e+05 2.594969e+05
2.783736e+05 1.719870e+05
1.481024e+05 9.456060e+04
8.649517e+04 6.133419e+04
5.149508e+04 4.176119e+04
3.180609e+04 2.532245e+04
2.124335e+04 1.711753e+04
1.237866e+04 9.960106e+03
8.177495e+03 6.865883e+03
5.849997e+03 5.006425e+03
4.192755e+03 3.656693e+03
3.199375e+03 2.871263e+03
2.561026e+03 2.244714e+03
1.815701e+03 1.552342e+03
1.363736e+03 1.207682e+03
9.727859e+02 8.415795e+02
6.944274e+02 6.215392e+02
5.333116e+02 4.964489e+02
4.334172e+02 3.972821e+02
3.590352e+02 3.384916e+02
3.099211e+02 2.965243e+02
2.693320e+02 2.549257e+02
2.232376e+02 2.081544e+02
1.801008e+02 1.698752e+02
1.518083e+02 1.451574e+02
1.229881e+02 1.161218e+02
1.009788e+02 9.525733e+01
7.983418e+01 7.424280e+01
6.220088e+01 5.897462e+01
5.019225e+01 4.826265e+01
4.198151e+01 4.008441e+01
3.303316e+01 3.133926e+01
2.628577e+01 2.473911e+01
1.925748e+01 1.776342e+01
1.387797e+01 1.305106e+01
1.040391e+01 1.002485e+01
8.419626e+00 8.232684e+00
7.497654e+00 7.355190e+00
6.396722e+00 6.206118e+00
5.148445e+00 5.003363e+00
4.132738e+00 4.050300e+00
3.626430e+00 3.582579e+00
3.260921e+00 3.213182e+00
2.917006e+00 2.894432e+00
2.667662e+00 2.651151e+00
2.485270e+00 2.474453e+00
2.292809e+00 2.276510e+00
2.066331e+00 2.052692e+00
1.869084e+00 1.852318e+00
1.727092e+00 1.722818e+00
1.563021e+00 1.559108e+00
1.517394e+00 1.516912e+00
1.479687e+00 1.479338e+00
1.448329e+00 1.448259e+00
1.434716e+00 1.434715e+00
3.389084e+09 7.095589e+05
1.275562e+08 6.864447e+05
2.508800e+08 6.838882e+05
1.652820e+08 5.921723e+05
2.042976e+08 5.921723e+05
2.343499e+08 5.649784e+05
2.293087e+08 5.649784e+05
2.265311e+08 5.181992e+05
1.793214e+08 5.181992e+05
2.075855e+08 5.181992e+05
1.577627e+08 5.181992e+05
1.767781e+08 5.181992e+05
2.117107e+08 5.181992e+05
1.241067e+08 5.181992e+05
5.529706e+07 5.181992e+05
1.824862e+08 5.181992e+05
1.300948e+08 5.181992e+05
1.113600e+08 5.181992e+05
1.117589e+08 5.181992e+05
1.417582e+08 5.181992e+05
8.273618e+07 5.181992e+05
9.343051e+07 5.181992e+05
8.112829e+07 5.181992e+05
6.160444e+07 5.181992e+05
1.227133e+08 5.035637e+05
3.517388e+07 5.035637e+05
8.733889e+07 4.975445e+05
4.671073e+07 4.975445e+05
4.738562e+07 4.975445e+05
2.960506e+07 4.975445e+05
6.390820e+07 4.975445e+05
3.071930e+07 4.975445e+05
2.687984e+07 4.458443e+05
3.609650e+07 4.458443e+05
1.958206e+07 4.458443e+05
8.308566e+07 4.458443e+05
1.244841e+07 4.411292e+05
1.609999e+06 4.060301e+05
3.226525e+06 3.428115e+05
7.592983e+05 3.428115e+05
1.236278e+07 3.401376e+05
7.853097e+05 3.045890e+05
4.896864e+05 2.747271e+05
2.609561e+06 2.354157e+05
4.003201e+05 2.354157e+05
3.316681e+05 2.121578e+05
2.249154e+05 1.470549e+05
1.409399e+05 1.082352e+05
8.907451e+04 6.822903e+04
5.817588e+04 4.671999e+04
4.092923e+04 3.491318e+04
2.903753e+04 2.463854e+04
2.020654e+04 1.737006e+04
1.497321e+04 1.325914e+04
1.187835e+04 1.078823e+04
9.307463e+03 8.344868e+03
7.296035e+03 6.575764e+03
6.040486e+03 5.674499e+03
5.240236e+03 4.872213e+03
4.289429e+03 3.961543e+03
3.655749e+03 3.442108e+03
3.226899e+03 3.068498e+03
2.813878e+03 2.635996e+03
2.410674e+03 2.275806e+03
2.051421e+03 1.906088e+03
1.722466e+03 1.623066e+03
1.486134e+03 1.424333e+03
1.307621e+03 1.263680e+03
1.178059e+03 1.142482e+03
1.032118e+03 9.942619e+02
8.831006e+02 8.394481e+02
7.571785e+02 7.219575e+02
6.154967e+02 5.782415e+02
4.659380e+02 4.196862e+02
3.484595e+02 3.241461e+02
2.676583e+02 2.505914e+02
2.102675e+02 1.983033e+02
1.745458e+02 1.668705e+02
1.445214e+02 1.391381e+02
1.227062e+02 1.196910e+02
1.088736e+02 1.068130e+02
9.592196e+01 9.342114e+01
7.940455e+01 7.575071e+01
6.773681e+01 6.663539e+01
5.752035e+01 5.609955e+01
4.722151e+01 4.615423e+01
4.279104e+01 4.222929e+01
3.776638e+01 3.732286e+01
3.364838e+01 3.346769e+01
3.114938e+01 3.088948e+01
2.861533e+01 2.849119e+01
2.736451e+01 2.725674e+01
2.561278e+01 2.530296e+01
2.267618e+01 2.254473e+01
2.150157e+01 2.145880e+01
2.062714e+01 2.058328e+01
1.971268e+01 1.965377e+01
1.441938e+01 1.437005e+01
1.352921e+01 1.352436e+01
1.342180e+01 1.342168e+01
1.338346e+01 1.338346e+01
3.513791e+09 8.433528e+05
8.590433e+07 6.509609e+05
2.703858e+08 6.509609e+05
2.098355e+08 6.509609e+05
2.109526e+08 6.149966e+05
3.011245e+08 5.453501e+05
2.616182e+08 5.453501e+05
2.647046e+08 5.453501e+05
2.922992e+08 5.453501e+05
2.621476e+08 5.453501e+05
1.445312e+08 5.453501e+05
1.937278e+08 5.453501e+05
1.093663e+08 5.453501e+05
2.229312e+08 5.453501e+05
1.520232e+08 5.453501e+05
1.443447e+08 5.453501e+05
1.529054e+08 5.453501e+05
1.932260e+08 5.453501e+05
7.620793e+07 5.209962e+05
1.209961e+08 5.209962e+05
1.006002e+08 5.209962e+05
1.896988e+08 5.209962e+05
7.839047e+07 5.209962e+05
6.911483e+07 5.209962e+05
7.343751e+07 5.209962e+05
4.780923e+07 5.209962e+05
1.233514e+08 5.209962e+05
4.557438e+07 5.209962e+05
2.475124e+07 5.209962e+05
1.400737e+08 5.209962e+05
5.268785e+07 5.209962e+05
3.895770e+07 5.209962e+05
7.508130e+07 5.209962e+05
7.849477e+06 5.209962e+05
1.077971e+08 5.209962e+05
1.685242e+07 4.529544e+05
1.044248e+08 4.529544e+05
9.220845e+06 4.529544e+05
5.686204e+07 4.425178e+05
6.066749e+07 4.425178e+05
1.985176e+07 4.425178e+05
3.111253e+07 4.425178e+05
5.735405e+07 4.425178e+05
1.465138e+07 4.340342e+05
2.756284e+07 4.340342e+05
1.776805e+07 4.340342e+05
7.886539e+06 4.242281e+05
1.114511e+07 4.242281e+05
1.382398e+07 4.242281e+05
1.050472e+06 4.242281e+05
6.841885e+05 3.832828e+05
5.174891e+05 2.551178e+05
3.172734e+05 2.076891e+05
1.700863e+05 1.110012e+05
9.299417e+04 7.586209e+04
5.395001e+04 4.516395e+04
3.530435e+04 3.005138e+04
2.444537e+04 2.043671e+04
1.541227e+04 1.276239e+04
1.033864e+04 8.887644e+03
7.381588e+03 6.355743e+03
5.349634e+03 4.698470e+03
3.964404e+03 3.611071e+03
3.081404e+03 2.829135e+03
2.331447e+03 2.153775e+03
1.882660e+03 1.779163e+03
1.490262e+03 1.389432e+03
1.145541e+03 1.063943e+03
8.889212e+02 7.946561e+02
6.671516e+02 6.159521e+02
5.089754e+02 4.752920e+02
4.060949e+02 3.899703e+02
3.297871e+02 3.161417e+02
2.679490e+02 2.529135e+02
2.209935e+02 2.113578e+02
1.897888e+02 1.851179e+02
1.665878e+02 1.614427e+02
1.401323e+02 1.350897e+02
1.225050e+02 1.198704e+02
1.067923e+02 1.035706e+02
9.273279e+01 9.065035e+01
7.972612e+01 7.811001e+01
6.810113e+01 6.573678e+01
5.704326e+01 5.587747e+01
5.049596e+01 4.904083e+01
4.574593e+01 4.535320e+01
3.909387e+01 3.835180e+01
3.343067e+01 3.300279e+01
2.637803e+01 2.572802e+01
2.158170e+01 2.131302e+01
1.895361e+01 1.877085e+01
1.720566e+01 1.712728e+01
1.633310e+01 1.628423e+01
1.573416e+01 1.568312e+01
1.518698e+01 1.517369e+01
1.497822e+01 1.497088e+01
1.187563e+01 1.161245e+01
7.246040e+00 7.177039e+00
5.947215e+00 5.942933e+00
5.729727e+00 5.729070e+00
5.665100e+00 5.665082e+00
3.595923e+09 7.148209e+05
9.268597e+07 7.130496e+05
3.288900e+08 6.066688e+05
2.353800e+08 6.066688e+05
1.535061e+08 6.066688e+05
1.820543e+08 6.066688e+05
2.089638e+08 6.066688e+05
2.920042e+08 6.066688e+05
2.081240e+08 6.066688e+05
2.115050e+08 6.066688e+05
2.240098e+08 6.066688e+05
1.630108e+08 5.938012e+05
1.257924e+08 5.938012e+05
2.342053e+08 5.737839e+05
1.288194e+08 5.737839e+05
1.759962e+08 5.737839e+05
1.716922e+08 5.246213e+05
8.732768e+07 5.246213e+05
1.111002e+08 5.246213e+05
9.514328e+07 5.246213e+05
8.254997e+07 5.246213e+05
7.207963e+07 5.246213e+05
8.243178e+07 5.246213e+05
1.284587e+08 5.065576e+05
8.663007e+07 5.065576e+05
1.104207e+08 5.065576e+05
6.790712e+07 5.065576e+05
3.230715e+07 5.065576e+05
2.504041e+07 5.065576e+05
7.520768e+07 5.065576e+05
5.165591e+07 5.036366e+05
3.714309e+07 5.036366e+05
3.089045e+07 5.036366e+05
1.051336e+08 5.036366e+05
1.235149e+08 5.036366e+05
7.125502e+07 5.036366e+05
5.098255e+07 5.036366e+05
2.592710e+07 4.955423e+05
6.686703e+07 4.422794e+05
5.557029e+07 4.422794e+05
2.476581e+07 4.422794e+05
5.224857e+06 4.420544e+05
2.710121e+06 4.408128e+05
1.004733e+07 3.375393e+05
5.343719e+06 3.375393e+05
5.886146e+06 3.375393e+05
3.564445e+07 3.375393e+05
9.371373e+06 3.375393e+05
1.413781e+07 3.302904e+05
3.905746e+06 3.302904e+05
2.340258e+07 3.302904e+05
7.007238e+05 3.302904e+05
1.647894e+06 2.925683e+05
5.960418e+05 2.836717e+05
6.565984e+05 2.836717e+05
4.511618e+05 2.834944e+05
2.921182e+05 1.731716e+05
1.465330e+05 1.046545e+05
7.361907e+04 5.715545e+04
4.138029e+04 3.475700e+04
2.674235e+04 2.229784e+04
1.600142e+04 1.277753e+04
1.035471e+04 9.118087e+03
6.926645e+03 6.055530e+03
4.575439e+03 3.984113e+03
3.254136e+03 2.909674e+03
2.318136e+03 2.019719e+03
1.713791e+03 1.602138e+03
1.286035e+03 1.179499e+03
9.721619e+02 8.932282e+02
7.747953e+02 7.288845e+02
6.391813e+02 6.107352e+02
5.257043e+02 4.963447e+02
4.143531e+02 3.957989e+02
3.378858e+02 3.266797e+02
2.827722e+02 2.694208e+02
2.271337e+02 2.158063e+02
1.772508e+02 1.663908e+02
1.298097e+02 1.215150e+02
9.290832e+01 8.772323e+01
7.368208e+01 7.113660e+01
6.161573e+01 6.013258e+01
5.353558e+01 5.224898e+01
4.560881e+01 4.386095e+01
3.585567e+01 3.467729e+01
3.114651e+01 3.063048e+01
2.689542e+01 2.649703e+01
2.447788e+01 2.427916e+01
2.297757e+01 2.286399e+01
2.218876e+01 2.211778e+01
2.164596e+01 2.160621e+01
2.134409e+01 2.133135e+01
2.060319e+01 2.033293e+01
1.383252e+01 1.362809e+01
1.203742e+01 1.201554e+01
1.152238e+01 1.151290e+01
1.133615e+01 1.133217e+01
1.126959e+01 1.126825e+01
9.631656e+00 9.616270e+00
9.256628e+00 9.256070e+00
9.191978e+00 9.191940e+00
3.580153e+09 7.992896e+05
1.313713e+08 6.818144e+05
1.987155e+08 6.818144e+05
2.385491e+08 4.841194e+05
2.144131e+08 4.841194e+05
2.146733e+08 4.841194e+05
1.884048e+08 4.841194e+05
3.292432e+08 4.841194e+05
2.088797e+08 4.841194e+05
1.497367e+08 4.841194e+05
1.557253e+08 4.841194e+05
1.901189e+08 4.841194e+05
1.962193e+08 4.841194e+05
1.902314e+08 4.841194e+05
1.451776e+08 4.841194e+05
6.562416e+07 4.841194e+05
1.620037e+08 4.841194e+05
1.446886e+08 4.841194e+05
1.407759e+08 4.841194e+05
6.963833e+07 4.841194e+05
1.160368e+08 4.841194e+05
8.851548e+07 4.841194e+05
8.216639e+07 4.841194e+05
1.396593e+08 4.841194e+05
5.960401e+07 4.841194e+05
3.578635e+07 4.841194e+05
8.039111e+07 4.841194e+05
7.793859e+07 4.841194e+05
1.019092e+08 4.841194e+05
4.304372e+07 4.573837e+05
1.313685e+08 4.573837e+05
7.335514e+07 4.573837e+05
1.351784e+07 4.573837e+05
6.340347e+07 4.573837e+05
3.945929e+07 4.573837e+05
3.205958e+07 4.523034e+05
1.857819e+07 4.183571e+05
5.481315e+07 4.183571e+05
3.021334e+07 4.183571e+05
1.179329e+08 4.183571e+05
5.826495e+06 4.183571e+05
3.979691e+07 4.183571e+05
8.917223e+07 4.183571e+05
6.880615e+07 4.183571e+05
6.328063e+06 4.183571e+05
1.889768e+07 4.065209e+05
1.511580e+07 3.812257e+05
5.008118e+06 3.720447e+05
5.987103e+05 3.596996e+05
4.828932e+05 2.658394e+05
3.424091e+05 1.760321e+05
1.954151e+05 1.319747e+05
1.040848e+05 7.828546e+04
5.963256e+04 4.712937e+04
3.973784e+04 3.345318e+04
2.756064e+04 2.409721e+04
1.840830e+04 1.473457e+04
1.238208e+04 1.069860e+04
8.986705e+03 7.698850e+03
6.543269e+03 5.763161e+03
4.922660e+03 4.416367e+03
3.716819e+03 3.315221e+03
2.843639e+03 2.614375e+03
2.200524e+03 2.006533e+03
1.765904e+03 1.663546e+03
1.395923e+03 1.300423e+03
1.059061e+03 9.319101e+02
7.453710e+02 6.579485e+02
5.117646e+02 4.525838e+02
3.800899e+02 3.465277e+02
2.860432e+02 2.676099e+02
2.218936e+02 2.103973e+02
1.814375e+02 1.721739e+02
1.468606e+02 1.391741e+02
1.200356e+02 1.140662e+02
9.992937e+01 9.698802e+01
8.466116e+01 8.106541e+01
6.941499e+01 6.722018e+01
5.752093e+01 5.575864e+01
5.196377e+01 5.127300e+01
4.806237e+01 4.752473e+01
4.578403e+01 4.534361e+01
4.300587e+01 4.252557e+01
3.954154e+01 3.906692e+01
3.413132e+01 3.294040e+01
2.912905e+01 2.866977e+01
2.606047e+01 2.567514e+01
2.311981e+01 2.271226e+01
1.716589e+01 1.655121e+01
1.406312e+01 1.391963e+01
1.298183e+01 1.292365e+01
1.246007e+01 1.242829e+01
1.210101e+01 1.208152e+01
1.165418e+01 1.162278e+01
1.132527e+01 1.131637e+01
1.119781e+01 1.119441e+01
1.110280e+01 1.110142e+01
1.081216e+01 1.077031e+01
8.778896e+00 8.773851e+00
8.546971e+00 8.546485e+00
8.374906e+00 8.374895e+00
3.598180e+09 6.685734e+05
8.251367e+07 6.675433e+05
1.542961e+08 6.675433e+05
2.564453e+08 6.675433e+05
2.437544e+08 6.675433e+05
2.550488e+08 5.186600e+05
1.952333e+08 5.186600e+05
1.616184e+08 5.186600e+05
2.833153e+08 5.186600e+05
2.019626e+08 5.186600e+05
1.807493e+08 5.186600e+05
2.066680e+08 5.186600e+05
1.921407e+08 5.186600e+05
1.716747e+08 5.186600e+05
9.737666e+07 5.186600e+05
1.255486e+08 5.186600e+05
2.133863e+08 5.186600e+05
8.753401e+07 5.186600e+05
7.789346e+07 5.186600e+05
1.826968e+08 5.186600e+05
8.398007e+07 5.186600e+05
8.491011e+07 5.186600e+05
6.052659e+07 5.186600e+05
3.833902e+07 5.186600e+05
7.539337e+07 5.186600e+05
1.083146e+08 5.186600e+05
1.062423e+08 5.186600e+05
1.775411e+08 5.128328e+05
5.322674e+07 5.128328e+05
1.382309e+08 5.128328e+05
5.893195e+07 5.094588e+05
5.199472e+07 4.500157e+05
1.695162e+08 4.500157e+05
1.015652e+07 4.500157e+05
1.425338e+07 4.500157e+05
5.773639e+07 4.500157e+05
6.865086e+07 3.865977e+05
4.871540e+07 3.865977e+05
1.591042e+07 3.865977e+05
3.843750e+07 3.865977e+05
5.427338e+06 3.865977e+05
5.657112e+07 3.865977e+05
6.026631e+07 3.865977e+05
1.055561e+07 3.865977e+05
6.194710e+07 3.865977e+05
9.266256e+06 3.667018e+05
7.863511e+07 3.667018e+05
1.251952e+07 3.327253e+05
2.923914e+06 3.036949e+05
1.414427e+06 3.036949e+05
8.386239e+05 3.036949e+05
4.926479e+05 2.556522e+05
3.614704e+05 2.197137e+05
2.132046e+05 1.307446e+05
1.081789e+05 7.484349e+04
6.139063e+04 4.922444e+04
3.907851e+04 3.400579e+04
2.790005e+04 2.427159e+04
2.002752e+04 1.728269e+04
1.428334e+04 1.213622e+04
1.026853e+04 9.121036e+03
7.482468e+03 6.514800e+03
5.544976e+03 4.988302e+03
4.182553e+03 3.842961e+03
3.144724e+03 2.840484e+03
2.465147e+03 2.240144e+03
1.974562e+03 1.857747e+03
1.626324e+03 1.541852e+03
1.376244e+03 1.310916e+03
1.183955e+03 1.130522e+03
1.052860e+03 1.014321e+03
9.069304e+02 8.641099e+02
7.700167e+02 7.411751e+02
6.443228e+02 6.064096e+02
5.340586e+02 5.115064e+02
4.761641e+02 4.650533e+02
4.107339e+02 3.947127e+02
3.526415e+02 3.437758e+02
3.110049e+02 3.025022e+02
2.679281e+02 2.601421e+02
2.313143e+02 2.259226e+02
1.969560e+02 1.884349e+02
1.566082e+02 1.517575e+02
1.315650e+02 1.276467e+02
1.153718e+02 1.141766e+02
1.097807e+02 1.089855e+02
1.052621e+02 1.047598e+02
1.004756e+02 9.974753e+01
8.916908e+01 8.808477e+01
7.979440e+01 7.902138e+01
7.413934e+01 7.361891e+01
6.963365e+01 6.945096e+01
6.606925e+01 6.584042e+01
6.004264e+01 5.953882e+01
4.527648e+01 4.490867e+01
4.031685e+01 4.024977e+01
3.873258e+01 3.869887e+01
3.782491e+01 3.780028e+01
3.671370e+01 3.668476e+01
3.576718e+01 3.576289e+01
3.561691e+01 3.561689e+01
3.465772e+09 9.566567e+05
5.456857e+07 6.347887e+05
1.905069e+08 6.347887e+05
2.245846e+08 6.347887e+05
2.334123e+08 6.347887e+05
1.601062e+08 6.347887e+05
1.883369e+08 6.347887e+05
1.623468e+08 6.083900e+05
1.958172e+08 6.053277e+05
1.843736e+08 5.726223e+05
1.292044e+08 5.726223e+05
1.329536e+08 5.726223e+05
2.383484e+08 5.726223e+05
1.495418e+08 5.726223e+05
1.492695e+08 5.726223e+05
1.111590e+08 5.381247e+05
8.038105e+07 5.381247e+05
1.206717e+08 5.381247e+05
1.871505e+08 5.381247e+05
5.449968e+07 5.019131e+05
1.426537e+08 5.019131e+05
1.019762e+08 5.019131e+05
1.253788e+08 5.019131e+05
5.483429e+07 5.019131e+05
4.610989e+07 5.019131e+05
2.949267e+07 5.019131e+05
8.968084e+07 5.019131e+05
1.055523e+08 5.019131e+05
6.556779e+07 5.019131e+05
4.406622e+07 4.860739e+05
3.150194e+07 4.860739e+05
3.468040e+07 4.860739e+05
4.015110e+07 4.860739e+05
4.271390e+07 4.860739e+05
1.560397e+07 4.860739e+05
2.181854e+07 4.860739e+05
3.385268e+07 4.552223e+05
7.449693e+06 4.552223e+05
2.251328e+07 4.552223e+05
3.831482e+07 4.552223e+05
3.710168e+07 4.340890e+05
9.584395e+06 4.340890e+05
4.523230e+06 4.142098e+05
1.092626e+06 3.946641e+05
3.097854e+06 2.980817e+05
5.027933e+07 2.980817e+05
1.736190e+07 2.980817e+05
4.857414e+06 2.980817e+05
1.044330e+07 2.980817e+05
9.977894e+05 2.980817e+05
1.087048e+06 2.690721e+05
4.014270e+05 2.382990e+05
2.333499e+05 1.479277e+05
1.145842e+05 7.510612e+04
5.987186e+04 4.580074e+04
3.466030e+04 2.898220e+04
2.367009e+04 2.019966e+04
1.573740e+04 1.364715e+04
1.097824e+04 9.807181e+03
7.707552e+03 6.544893e+03
5.094705e+03 4.257279e+03
3.312942e+03 2.793691e+03
2.318039e+03 2.089913e+03
1.731036e+03 1.582254e+03
1.377653e+03 1.282357e+03
1.101262e+03 1.011100e+03
8.867103e+02 8.193369e+02
7.520250e+02 7.232804e+02
6.524383e+02 6.290604e+02
5.627530e+02 5.344772e+02
4.846396e+02 4.615203e+02
4.062990e+02 3.881010e+02
3.305908e+02 3.129758e+02
2.646219e+02 2.470705e+02
2.082176e+02 1.984668e+02
1.616485e+02 1.514932e+02
1.253926e+02 1.185867e+02
9.628989e+01 9.130678e+01
7.865953e+01 7.564671e+01
6.993290e+01 6.862828e+01
6.370274e+01 6.284261e+01
5.917115e+01 5.843581e+01
5.615107e+01 5.570840e+01
5.234466e+01 5.170646e+01
4.795954e+01 4.737762e+01
4.495253e+01 4.459818e+01
4.219717e+01 4.170940e+01
3.946580e+01 3.896304e+01
3.677257e+01 3.652133e+01
3.409321e+01 3.377481e+01
3.192656e+01 3.178712e+01
2.884379e+01 2.861675e+01
2.641177e+01 2.624852e+01
2.455327e+01 2.446909e+01
2.360431e+01 2.356846e+01
2.272287e+01 2.267208e+01
2.078059e+01 2.073061e+01
1.816160e+01 1.795225e+01
1.644463e+01 1.643813e+01
1.613162e+01 1.612918e+01
1.599005e+01 1.599002e+01
3.765172e+09 6.789537e+05
1.085032e+08 6.623550e+05
2.526246e+08 6.160953e+05
2.656458e+08 6.024979e+05
2.158969e+08 5.919539e+05
2.586015e+08 5.751646e+05
2.003748e+08 5.751646e+05
1.937987e+08 5.751646e+05
2.333405e+08 5.751646e+05
1.429632e+08 5.751646e+05
1.755897e+08 5.751646e+05
1.587199e+08 5.751646e+05
2.287215e+08 5.751646e+05
2.634474e+08 5.751646e+05
9.347546e+07 5.018523e+05
6.371743e+07 5.018523e+05
1.033692e+08 5.018523e+05
1.470054e+08 5.018523e+05
7.595238e+07 5.018523e+05
6.407872e+07 5.018523e+05
1.498397e+08 5.018523e+05
1.206480e+08 5.018523e+05
9.933680e+07 5.018523e+05
4.634188e+07 5.018523e+05
7.093584e+07 5.018523e+05
2.822580e+07 5.018523e+05
9.032560e+07 5.018523e+05
7.278175e+07 5.018523e+05
7.105389e+07 4.880310e+05
4.015512e+07 4.880310e+05
6.033532e+07 4.880310e+05
2.670712e+07 4.880310e+05
1.784040e+07 4.820952e+05
9.166312e+06 4.820952e+05
1.226514e+07 3.885552e+05
3.204665e+06 3.885552e+05
8.881704e+06 3.596701e+05
2.097838e+07 3.596701e+05
9.683979e+07 3.596701e+05
1.340291e+07 3.596701e+05
8.887746e+06 3.596701e+05
9.373371e+07 3.596701e+05
1.089851e+06 3.596701e+05
6.248675e+05 3.133336e+05
4.746080e+05 2.792979e+05
3.026526e+05 1.349619e+05
1.630344e+05 1.075649e+05
9.273516e+04 6.672578e+04
5.889051e+04 4.582220e+04
4.057230e+04 3.432567e+04
2.884880e+04 2.430997e+04
1.924449e+04 1.597854e+04
1.377042e+04 1.179179e+04
1.034898e+04 8.760180e+03
7.999039e+03 7.262667e+03
6.150993e+03 5.396779e+03
4.445467e+03 3.906247e+03
3.528946e+03 3.180317e+03
2.830473e+03 2.634974e+03
2.359720e+03 2.160237e+03
2.006550e+03 1.894204e+03
1.736845e+03 1.654297e+03
1.506330e+03 1.439657e+03
1.343644e+03 1.295602e+03
1.156031e+03 1.078956e+03
9.625710e+02 9.009809e+02
7.893460e+02 7.347705e+02
6.466421e+02 6.132036e+02
5.460528e+02 5.164489e+02
4.719662e+02 4.558895e+02
4.130261e+02 3.982318e+02
3.277279e+02 3.048121e+02
2.553971e+02 2.369433e+02
1.981898e+02 1.840483e+02
1.529163e+02 1.434250e+02
1.163049e+02 1.073028e+02
8.713598e+01 8.160066e+01
6.731831e+01 6.414353e+01
5.393319e+01 5.199345e+01
4.542303e+01 4.403466e+01
3.886200e+01 3.756958e+01
3.318739e+01 3.233314e+01
2.906075e+01 2.860125e+01
2.542273e+01 2.482721e+01
2.259068e+01 2.240277e+01
2.141488e+01 2.131493e+01
2.058612e+01 2.048856e+01
1.901580e+01 1.879114e+01
1.674528e+01 1.658780e+01
1.530592e+01 1.514024e+01
1.389082e+01 1.376444e+01
1.246814e+01 1.236867e+01
1.158629e+01 1.153342e+01
1.083334e+01 1.079665e+01
1.009954e+01 1.005497e+01
9.581229e+00 9.570023e+00
9.239535e+00 9.227527e+00
9.007444e+00 9.006069e+00
8.942794e+00 8.941635e+00
8.916031e+00 8.915898e+00
8.721079e+00 8.721060e+00
3.678676e+09 8.421779e+05
1.362650e+08 6.487021e+05
2.218780e+08 6.487021e+05
2.523774e+08 6.010222e+05
2.753021e+08 6.010222e+05
2.510755e+08 6.010222e+05
3.390914e+08 6.010222e+05
1.555981e+08 6.010222e+05
2.492923e+08 6.010222e+05
2.110078e+08 6.010222e+05
2.203593e+08 6.010222e+05
1.901907e+08 6.010222e+05
1.955577e+08 5.707989e+05
2.129767e+08 5.707989e+05
1.594577e+08 5.707989e+05
1.380227e+08 5.707989e+05
1.808145e+08 5.707989e+05
2.335370e+08 5.707989e+05
1.252065e+08 5.707989e+05
9.000857e+07 5.707989e+05
8.093298e+07 5.707989e+05
1.749275e+08 5.707989e+05
6.933280e+07 5.707989e+05
1.638341e+08 5.707989e+05
1.255997e+08 5.707989e+05
1.208542e+08 5.707989e+05
5.520219e+07 5.707989e+05
7.797887e+07 5.707989e+05
6.662121e+07 5.707989e+05
8.519883e+07 5.707989e+05
5.987684e+07 4.920389e+05
3.885024e+07 4.920389e+05
5.815916e+07 4.920389e+05
2.185647e+07 4.920389e+05
5.721785e+07 4.920389e+05
4.765633e+07 4.920389e+05
3.863680e+07 4.920389e+05
2.898243e+07 4.841883e+05
5.896031e+07 4.841883e+05
3.841696e+07 4.841883e+05
8.436711e+07 4.841883e+05
6.274190e+06 4.841883e+05
5.980071e+07 4.841883e+05
1.141691e+07 4.841883e+05
3.400671e+07 4.511825e+05
5.763062e+06 4.285832e+05
2.402397e+06 4.091554e+05
1.582578e+06 4.091554e+05
9.732531e+06 4.091554e+05
2.308591e+07 3.664004e+05
6.350770e+05 3.468203e+05
4.564882e+05 2.557516e+05
2.414084e+05 1.511741e+05
1.180231e+05 7.741201e+04
6.587946e+04 5.040866e+04
4.102057e+04 3.412071e+04
2.696844e+04 2.250038e+04
1.858444e+04 1.551998e+04
1.269903e+04 1.063983e+04
8.238526e+03 6.955551e+03
5.657070e+03 4.918579e+03
3.825975e+03 3.319224e+03
2.645884e+03 2.305874e+03
1.844052e+03 1.581657e+03
1.199730e+03 1.047366e+03
7.926234e+02 7.008536e+02
5.717116e+02 5.121988e+02
4.059205e+02 3.744565e+02
3.033605e+02 2.740480e+02
2.404442e+02 2.304632e+02
2.097825e+02 2.015620e+02
1.894486e+02 1.835168e+02
1.675307e+02 1.616807e+02
1.452571e+02 1.404864e+02
1.276325e+02 1.243425e+02
1.081994e+02 1.039320e+02
9.164875e+01 8.835442e+01
7.437498e+01 7.119259e+01
6.030010e+01 5.742538e+01
5.014111e+01 4.838081e+01
4.264844e+01 4.167045e+01
3.779831e+01 3.729172e+01
3.463585e+01 3.413211e+01
3.183435e+01 3.141983e+01
2.852488e+01 2.786632e+01
2.466247e+01 2.427087e+01
2.227407e+01 2.212337e+01
2.122020e+01 2.112842e+01
2.014787e+01 2.000645e+01
1.887947e+01 1.878231e+01
1.779541e+01 1.773100e+01
1.689143e+01 1.681543e+01
1.605525e+01 1.601895e+01
1.577069e+01 1.575752e+01
1.522134e+01 1.517818e+01
1.437749e+01 1.435812e+01
1.419981e+01 1.419761e+01
1.413957e+01 1.413852e+01
1.379854e+01 1.375451e+01
1.340353e+01 1.340332e+01
1.338134e+01 1.338133e+01
3.508070e+09 7.565329e+05
5.761272e+07 6.504576e+05
2.185284e+08 5.448544e+05
2.750702e+08 5.448544e+05
2.900112e+08 5.448544e+05
2.308917e+08 5.448544e+05
2.229487e+08 5.448544e+05
1.876356e+08 5.448544e+05
1.854294e+08 5.448544e+05
1.440060e+08 5.448544e+05
2.069494e+08 5.448544e+05
2.184318e+08 5.448544e+05
2.559032e+08 5.448544e+05
1.725180e+08 5.117412e+05
1.350544e+08 5.117412e+05
1.645828e+08 5.117412e+05
1.199780e+08 5.117412e+05
1.176212e+08 5.117412e+05
1.089047e+08 5.117412e+05
1.208826e+08 5.117412e+05
1.402446e+08 5.117412e+05
9.833767e+07 5.117412e+05
1.242101e+08 5.117412e+05
1.274526e+08 5.117412e+05
1.053307e+08 5.117412e+05
1.259847e+08 5.117412e+05
4.778952e+07 5.117412e+05
3.824532e+07 5.117412e+05
1.097470e+08 5.117412e+05
4.410859e+07 4.853075e+05
1.232635e+07 4.691123e+05
3.113058e+07 4.691123e+05
2.618707e+07 4.691123e+05
5.287415e+07 4.691123e+05
3.970235e+07 4.654433e+05
3.667269e+07 4.654433e+05
1.158365e+07 4.448365e+05
9.314123e+06 4.448365e+05
9.537080e+07 4.446492e+05
2.481997e+07 4.076202e+05
8.182214e+07 3.995061e+05
9.037243e+06 3.995061e+05
2.375093e+06 3.995061e+05
2.919412e+07 3.995061e+05
4.679148e+07 3.854876e+05
2.474500e+07 3.586003e+05
1.671342e+06 3.586003e+05
5.606104e+05 3.405205e+05
3.956620e+05 2.587699e+05
2.322974e+05 1.519365e+05
1.340215e+05 1.065229e+05
7.963466e+04 6.394611e+04
5.145407e+04 4.313349e+04
3.510928e+04 2.997434e+04
2.332630e+04 1.884676e+04
1.528056e+04 1.303071e+04
1.091818e+04 9.438714e+03
7.887622e+03 6.516057e+03
5.627288e+03 5.006975e+03
4.138501e+03 3.668116e+03
3.134926e+03 2.821718e+03
2.477093e+03 2.292624e+03
2.036949e+03 1.915035e+03
1.609055e+03 1.467451e+03
1.213533e+03 1.097786e+03
9.138619e+02 7.990585e+02
6.187246e+02 5.382619e+02
4.482856e+02 4.119085e+02
3.355694e+02 2.966835e+02
2.370292e+02 2.119469e+02
1.707097e+02 1.569018e+02
1.281063e+02 1.159913e+02
9.731781e+01 9.207800e+01
7.888516e+01 7.582438e+01
6.451007e+01 6.158729e+01
5.217532e+01 4.974679e+01
4.308243e+01 4.129384e+01
3.616381e+01 3.454018e+01
3.156136e+01 3.069162e+01
2.830810e+01 2.795253e+01
2.616370e+01 2.583140e+01
2.461058e+01 2.421376e+01
2.099647e+01 2.024852e+01
1.803591e+01 1.770591e+01
1.604511e+01 1.587305e+01
1.451318e+01 1.438587e+01
1.338276e+01 1.330537e+01
1.235653e+01 1.209789e+01
9.760607e+00 9.480150e+00
8.405695e+00 8.313866e+00
7.798891e+00 7.772077e+00
7.458253e+00 7.440322e+00
7.015193e+00 6.994734e+00
6.733857e+00 6.718582e+00
6.607423e+00 6.603638e+00
6.554643e+00 6.551840e+00
6.278115e+00 6.271745e+00
5.887459e+00 5.883583e+00
5.786703e+00 5.786099e+00
5.750390e+00 5.750158e+00
5.511914e+00 5.511896e+00
3.713523e+09 6.718402e+05
1.285386e+08 5.835391e+05
2.878739e+08 5.835391e+05
2.375826e+08 5.835391e+05
2.448806e+08 5.835391e+05
2.108006e+08 5.779570e+05
2.867497e+08 5.779570e+05
1.771639e+08 5.779570e+05
2.685009e+08 5.779570e+05
9.986343e+07 5.779570e+05
2.747327e+08 5.779570e+05
1.473336e+08 5.779570e+05
2.379786e+08 5.779570e+05
1.880790e+08 5.779570e+05
2.116856e+08 5.779570e+05
1.189199e+08 5.779570e+05
1.869706e+08 5.779570e+05
1.219161e+08 5.779570e+05
1.483058e+08 5.779570e+05
1.302179e+08 5.779570e+05
6.622328e+07 5.779570e+05
1.594785e+08 5.284316e+05
1.204222e+08 5.284316e+05
7.083085e+07 5.284316e+05
5.775628e+07 5.284316e+05
8.914220e+07 5.284316e+05
6.071269e+07 5.284316e+05
7.414306e+07 4.999096e+05
1.006988e+08 4.999096e+05
4.991761e+07 4.999096e+05
4.303834e+07 4.999096e+05
4.805467e+07 4.999096e+05
4.544316e+07 4.999096e+05
1.860458e+07 4.602008e+05
8.357705e+07 4.602008e+05
4.740699e+07 4.602008e+05
2.782864e+07 4.602008e+05
1.326167e+07 4.602008e+05
2.194665e+07 4.602008e+05
1.093059e+07 4.602008e+05
1.578557e+07 4.602008e+05
7.192224e+06 4.254735e+05
7.097990e+06 4.254735e+05
1.412730e+07 4.254735e+05
5.647959e+06 3.722615e+05
3.498860e+06 3.722615e+05
6.554710e+06 3.722615e+05
1.887788e+06 3.722615e+05
1.183305e+06 3.722615e+05
5.052652e+05 3.005303e+05
3.148077e+05 1.753358e+05
1.707091e+05 1.132948e+05
9.125301e+04 6.859842e+04
5.356494e+04 4.290769e+04
3.328349e+04 2.650230e+04
2.174736e+04 1.832734e+04
1.358146e+04 1.132885e+04
8.486983e+03 6.968399e+03
5.648122e+03 4.772790e+03
3.889764e+03 3.322944e+03
2.533511e+03 2.128307e+03
1.711591e+03 1.417821e+03
1.141103e+03 9.621030e+02
7.633611e+02 6.450115e+02
5.280580e+02 4.681974e+02
3.725634e+02 3.403310e+02
2.721275e+02 2.483222e+02
2.016653e+02 1.806291e+02
1.493406e+02 1.371771e+02
1.147466e+02 1.067032e+02
9.182833e+01 8.813641e+01
7.810648e+01 7.505139e+01
6.817198e+01 6.507064e+01
5.862246e+01 5.628071e+01
5.056610e+01 4.869100e+01
4.147364e+01 3.888498e+01
3.473055e+01 3.360105e+01
2.851068e+01 2.752904e+01
2.549510e+01 2.495462e+01
2.324928e+01 2.286275e+01
2.126717e+01 2.074253e+01
1.935057e+01 1.907976e+01
1.797403e+01 1.783071e+01
1.708412e+01 1.691550e+01
1.534449e+01 1.502158e+01
1.402269e+01 1.387128e+01
1.273166e+01 1.256354e+01
1.166915e+01 1.149737e+01
1.044748e+01 1.035205e+01
9.621508e+00 9.563743e+00
8.550660e+00 8.471025e+00
7.462311e+00 7.318280e+00
6.047178e+00 5.952543e+00
5.077549e+00 5.039572e+00
4.452935e+00 4.442132e+00
3.961412e+00 3.934740e+00
3.433390e+00 3.420782e+00
3.166783e+00 3.164518e+00
3.100069e+00 3.099532e+00
3.069713e+00 3.069471e+00
3.050579e+00 3.050578e+00
3.928384e+09 6.776936e+05
1.351216e+08 6.776936e+05
2.178795e+08 6.444664e+05
2.179414e+08 5.714415e+05
2.039199e+08 5.714415e+05
2.578152e+08 5.714415e+05
2.583706e+08 5.714415e+05
2.301542e+08 5.714415e+05
1.873218e+08 5.714415e+05
1.735286e+08 5.714415e+05
1.610431e+08 5.714415e+05
2.141103e+08 5.714415e+05
1.371923e+08 5.714415e+05
1.762201e+08 5.714415e+05
2.018213e+08 5.714415e+05
1.230797e+08 5.714415e+05
1.707794e+08 5.714415e+05
2.690291e+07 5.714415e+05
1.210906e+08 5.714415e+05
7.932613e+07 5.714415e+05
1.086380e+08 5.521672e+05
1.145480e+08 5.521672e+05
4.483942e+07 5.521672e+05
1.048418e+08 5.035374e+05
5.851733e+07 5.035374e+05
1.344258e+08 5.035374e+05
1.136498e+08 5.035374e+05
1.224549e+08 4.449601e+05
4.514644e+07 4.449601e+05
3.552679e+07 4.449601e+05
1.795070e+07 4.449601e+05
5.745146e+07 4.449601e+05
6.386057e+06 4.449601e+05
2.759937e+07 4.400068e+05
2.850277e+07 4.400068e+05
2.869180e+07 4.400068e+05
3.281772e+07 4.400068e+05
1.321939e+07 4.373259e+05
4.725782e+06 4.323991e+05
2.633437e+07 4.323991e+05
1.352747e+07 4.179038e+05
9.180363e+07 3.634973e+05
2.447246e+07 3.053277e+05
8.491985e+06 3.053277e+05
2.263797e+07 3.053277e+05
1.861554e+06 2.898453e+05
3.226549e+06 2.898453e+05
2.597745e+06 2.898453e+05
1.985507e+06 2.898453e+05
5.329906e+06 2.725552e+05
2.094137e+06 2.725552e+05
4.654035e+05 2.725552e+05
3.313315e+05 1.926764e+05
1.739973e+05 1.138253e+05
9.255874e+04 6.378968e+04
4.703892e+04 3.586875e+04
2.650626e+04 2.066143e+04
1.589816e+04 1.243169e+04
9.264639e+03 7.516635e+03
5.920410e+03 5.167198e+03
4.196887e+03 3.620676e+03
2.847477e+03 2.346595e+03
1.901813e+03 1.633409e+03
1.251030e+03 1.055968e+03
8.499148e+02 7.679118e+02
6.114472e+02 5.465147e+02
4.302341e+02 3.759340e+02
3.220313e+02 3.003697e+02
2.635278e+02 2.477843e+02
2.079010e+02 1.946934e+02
1.707384e+02 1.641869e+02
1.512183e+02 1.466907e+02
1.342798e+02 1.301704e+02
1.152945e+02 1.108982e+02
9.448507e+01 8.962287e+01
7.063966e+01 6.659661e+01
5.472080e+01 5.243364e+01
4.389909e+01 4.160870e+01
3.329195e+01 3.132070e+01
2.561528e+01 2.438878e+01
2.103574e+01 2.031069e+01
1.818142e+01 1.785455e+01
1.665753e+01 1.648888e+01
1.589913e+01 1.581079e+01
1.533689e+01 1.523801e+01
1.483100e+01 1.479064e+01
1.431714e+01 1.425660e+01
1.380444e+01 1.372571e+01
1.289093e+01 1.276970e+01
1.212188e+01 1.206640e+01
1.152662e+01 1.149371e+01
1.081089e+01 1.071054e+01
9.357557e+00 9.186481e+00
7.345707e+00 7.236622e+00
5.653599e+00 5.601781e+00
5.054622e+00 5.038985e+00
4.914793e+00 4.913181e+00
4.882050e+00 4.881761e+00
4.858977e+00 4.858164e+00
4.540840e+00 4.540373e+00
4.505469e+00 4.505461e+00
3.472131e+09 9.413949e+05
8.157865e+07 6.658047e+05
2.248392e+08 6.658047e+05
3.486627e+08 6.658047e+05
2.200695e+08 6.231829e+05
1.987163e+08 5.597910e+05
2.822888e+08 5.597910e+05
2.121304e+08 5.597910e+05
2.143736e+08 5.597910e+05
1.849695e+08 5.597910e+05
1.228223e+08 5.323616e+05
2.041518e+08 5.323616e+05
1.447169e+08 5.295240e+05
1.188170e+08 5.295240e+05
1.547204e+08 5.295240e+05
1.196631e+08 5.295240e+05
2.147708e+08 5.295240e+05
6.610517e+07 5.295240e+05
5.086066e+07 5.295240e+05
1.479930e+08 5.295240e+05
9.599858e+07 5.295240e+05
9.355471e+07 5.295240e+05
6.935635e+07 5.295240e+05
1.116521e+08 5.295240e+05
9.586780e+07 5.295240e+05
7.181744e+07 4.649972e+05
2.985611e+07 4.649972e+05
3.901277e+07 4.649972e+05
4.940144e+07 4.649972e+05
6.720293e+07 4.649972e+05
3.465679e+07 4.649972e+05
9.040124e+07 4.649972e+05
7.929311e+07 4.649972e+05
1.727849e+07 4.649972e+05
1.640367e+07 4.472518e+05
6.394510e+07 4.472518e+05
6.311642e+07 4.472518e+05
5.250645e+07 4.472518e+05
4.569434e+07 4.472518e+05
4.173611e+07 4.472518e+05
1.223564e+07 4.472518e+05
1.835032e+07 3.967488e+05
1.580409e+07 3.910743e+05
1.203539e+07 3.910743e+05
2.090527e+07 3.864647e+05
1.502746e+06 3.864647e+05
3.185855e+06 3.309188e+05
5.199093e+05 2.832550e+05
4.065010e+05 2.465690e+05
2.440836e+05 1.557138e+05
1.277695e+05 8.425175e+04
6.881401e+04 5.195772e+04
4.294382e+04 3.664426e+04
2.738352e+04 2.044541e+04
1.625200e+04 1.328972e+04
1.102007e+04 9.493224e+03
7.698956e+03 6.471653e+03
5.256893e+03 4.600462e+03
3.654659e+03 3.191546e+03
2.591359e+03 2.265653e+03
1.722037e+03 1.448744e+03
1.127434e+03 9.730650e+02
7.616756e+02 6.626881e+02
5.495589e+02 5.061769e+02
4.405005e+02 4.135434e+02
3.584269e+02 3.367446e+02
2.966821e+02 2.758684e+02
2.288598e+02 2.089637e+02
1.785236e+02 1.670055e+02
1.491062e+02 1.411156e+02
1.152137e+02 1.074629e+02
9.189362e+01 8.655668e+01
7.353809e+01 6.950932e+01
5.989141e+01 5.683697e+01
4.753255e+01 4.549248e+01
3.751231e+01 3.541687e+01
2.996334e+01 2.847466e+01
2.481570e+01 2.399158e+01
2.205573e+01 2.167694e+01
1.985154e+01 1.935798e+01
1.700499e+01 1.662866e+01
1.483527e+01 1.448632e+01
1.281183e+01 1.245075e+01
1.038697e+01 1.010682e+01
8.716552e+00 8.513538e+00
7.728295e+00 7.640091e+00
6.988592e+00 6.855721e+00
6.197171e+00 6.109314e+00
5.501504e+00 5.438956e+00
4.994095e+00 4.939992e+00
4.612462e+00 4.590093e+00
4.348002e+00 4.332016e+00
4.181598e+00 4.168769e+00
4.073594e+00 4.068497e+00
3.999805e+00 3.996171e+00
3.897432e+00 3.894466e+00
3.482525e+00 3.426497e+00
1.938605e+00 1.930202e+00
1.680521e+00 1.678955e+00
1.619294e+00 1.618935e+00
1.602650e+00 1.602649e+00
3.616232e+09 8.829250e+05
9.934629e+07 7.235151e+05
2.454760e+08 5.941119e+05
1.820138e+08 5.941119e+05
2.006334e+08 5.941119e+05
1.878143e+08 5.746025e+05
1.697301e+08 5.746025e+05
2.342979e+08 5.746025e+05
2.533607e+08 5.746025e+05
2.255792e+08 5.615855e+05
1.314699e+08 5.615855e+05
1.687381e+08 4.514789e+05
1.690644e+08 4.514789e+05
1.815465e+08 4.514789e+05
1.390196e+08 4.514789e+05
1.882976e+08 4.514789e+05
7.942114e+07 4.514789e+05
1.226829e+08 4.514789e+05
1.156604e+08 4.514789e+05
9.490729e+07 4.514789e+05
1.214363e+08 4.514789e+05
8.807606e+07 4.514789e+05
9.185941e+07 4.514789e+05
4.180487e+07 3.636146e+05
5.224235e+07 3.636146e+05
1.390786e+08 3.636146e+05
2.247234e+07 3.636146e+05
7.543004e+07 3.636146e+05
9.857235e+07 3.636146e+05
5.231922e+07 3.636146e+05
3.527893e+07 3.636146e+05
4.524894e+07 3.636146e+05
2.451474e+07 3.636146e+05
3.609586e+07 3.286589e+05
4.168282e+07 3.286589e+05
3.811686e+07 3.286589e+05
2.279537e+07 3.286589e+05
2.306830e+07 3.286589e+05
2.517941e+07 3.286589e+05
1.939934e+07 3.286589e+05
1.186338e+07 3.286589e+05
2.562002e+07 3.286589e+05
7.421717e+07 3.286589e+05
4.828839e+07 3.286589e+05
9.413587e+07 3.286589e+05
3.710049e+07 3.286589e+05
2.717366e+06 3.286589e+05
8.585678e+05 3.286589e+05
5.696655e+05 3.125631e+05
3.935534e+05 2.474295e+05
2.171702e+05 1.414158e+05
1.165556e+05 8.753710e+04
6.942779e+04 5.575748e+04
4.618751e+04 3.979476e+04
3.204979e+04 2.841346e+04
2.338332e+04 2.033009e+04
1.660088e+04 1.424885e+04
1.118226e+04 9.666587e+03
8.122441e+03 7.213715e+03
5.848242e+03 5.130559e+03
4.124585e+03 3.530448e+03
2.970797e+03 2.648890e+03
2.129668e+03 1.922848e+03
1.635348e+03 1.515660e+03
1.264139e+03 1.179092e+03
1.019863e+03 9.562552e+02
8.360326e+02 7.970067e+02
7.059927e+02 6.744477e+02
6.034028e+02 5.779163e+02
5.295689e+02 5.097671e+02
4.639736e+02 4.435141e+02
4.003733e+02 3.879847e+02
3.478568e+02 3.318033e+02
2.859823e+02 2.708283e+02
2.192856e+02 2.050704e+02
1.618608e+02 1.516230e+02
1.123781e+02 1.049419e+02
8.645602e+01 8.148724e+01
6.993958e+01 6.644996e+01
5.589420e+01 5.407122e+01
4.758641e+01 4.636584e+01
4.173990e+01 4.121072e+01
3.501343e+01 3.400952e+01
2.752774e+01 2.611595e+01
2.075018e+01 1.972659e+01
1.611792e+01 1.574615e+01
1.409443e+01 1.394236e+01
1.301920e+01 1.295296e+01
1.242500e+01 1.237662e+01
1.188138e+01 1.180753e+01
1.095815e+01 1.081332e+01
9.619500e+00 9.556472e+00
7.860404e+00 7.784680e+00
6.356461e+00 6.296381e+00
5.350759e+00 5.323018e+00
4.872089e+00 4.861117e+00
4.715245e+00 4.713592e+00
4.659179e+00 4.658705e+00
4.571173e+00 4.567030e+00
4.388278e+00 4.387915e+00
4.376181e+00 4.376180e+00
3.491663e+09 9.284747e+05
1.045223e+08 6.568222e+05
1.847804e+08 6.568222e+05
2.070922e+08 6.530108e+05
2.029152e+08 6.530108e+05
2.492160e+08 5.968505e+05
1.715825e+08 5.669614e+05
1.616055e+08 5.669614e+05
1.312483e+08 5.669614e+05
1.550073e+08 5.669614e+05
1.976392e+08 5.669614e+05
8.728366e+07 5.669614e+05
1.480502e+08 5.669614e+05
1.231039e+08 5.669614e+05
1.356642e+08 4.630770e+05
8.178353e+07 4.630770e+05
1.094819e+08 4.630770e+05
1.216813e+08 4.630770e+05
1.054121e+08 4.630770e+05
9.764282e+07 4.630770e+05
1.005206e+08 4.630770e+05
8.327517e+07 4.630770e+05
1.015133e+08 4.630770e+05
1.361415e+08 4.630770e+05
2.338297e+07 4.630770e+05
1.179395e+08 4.630770e+05
3.802234e+07 4.630770e+05
8.132128e+07 4.630770e+05
3.300504e+07 4.630770e+05
2.107096e+07 4.630770e+05
1.085054e+08 4.630770e+05
4.249881e+07 4.630770e+05
9.411464e+06 4.630770e+05
2.373974e+07 4.630770e+05
4.742345e+07 4.630770e+05
6.680805e+07 4.630770e+05
3.118960e+07 4.630770e+05
3.539839e+07 4.630770e+05
2.075052e+07 4.630770e+05
3.279452e+07 4.630770e+05
2.652077e+07 4.630770e+05
1.544848e+08 4.312584e+05
1.565164e+07 4.295922e+05
2.242469e+06 3.616498e+05
9.590779e+05 3.518676e+05
1.548019e+07 3.464522e+05
4.236732e+05 2.485973e+05
2.530647e+05 1.355351e+05
1.393696e+05 9.924748e+04
8.494190e+04 6.597778e+04
5.503646e+04 4.433332e+04
3.607939e+04 2.848520e+04
2.325460e+04 1.789426e+04
1.467908e+04 1.208612e+04
9.849156e+03 8.213686e+03
6.564517e+03 5.368437e+03
4.461170e+03 3.832579e+03
3.082808e+03 2.542321e+03
2.089289e+03 1.827913e+03
1.594793e+03 1.429405e+03
1.232632e+03 1.100443e+03
9.307070e+02 8.321965e+02
7.132712e+02 6.354475e+02
5.308715e+02 4.859549e+02
4.046067e+02 3.587136e+02
3.079718e+02 2.815263e+02
2.432235e+02 2.274825e+02
2.038112e+02 1.950342e+02
1.741861e+02 1.657497e+02
1.471836e+02 1.411643e+02
1.312086e+02 1.274640e+02
1.160830e+02 1.119724e+02
9.940821e+01 9.374094e+01
8.695006e+01 8.457683e+01
7.660330e+01 7.494300e+01
6.974513e+01 6.874593e+01
6.500050e+01 6.393144e+01
6.042786e+01 5.956140e+01
5.603880e+01 5.534529e+01
4.958093e+01 4.707296e+01
3.968303e+01 3.804915e+01
3.342433e+01 3.213453e+01
2.637124e+01 2.542594e+01
2.271544e+01 2.230780e+01
2.041659e+01 2.022665e+01
1.909490e+01 1.896634e+01
1.801199e+01 1.788924e+01
1.720820e+01 1.717279e+01
1.639026e+01 1.628484e+01
1.555187e+01 1.543283e+01
1.464485e+01 1.451572e+01
1.325081e+01 1.312013e+01
1.176550e+01 1.170909e+01
1.099483e+01 1.093869e+01
9.273584e+00 9.172081e+00
8.043077e+00 8.029118e+00
7.632841e+00 7.628170e+00
7.531874e+00 7.531249e+00
7.480425e+00 7.479675e+00
7.368977e+00 7.368624e+00
7.301196e+00 7.301187e+00
3.671552e+09 7.607663e+05
1.260659e+08 6.429470e+05
1.955314e+08 6.161658e+05
2.290334e+08 6.108834e+05
2.460732e+08 6.108834e+05
2.374384e+08 5.530400e+05
1.835823e+08 5.121275e+05
1.256241e+08 5.121275e+05
1.825029e+08 5.121275e+05
2.236219e+08 5.121275e+05
1.391107e+08 5.121275e+05
1.653760e+08 5.121275e+05
1.968629e+08 5.121275e+05
1.619284e+08 5.121275e+05
1.574720e+08 5.121275e+05
1.102596e+08 5.121275e+05
1.043926e+08 5.121275e+05
1.037466e+08 5.121275e+05
6.581129e+07 5.121275e+05
1.477394e+08 5.121275e+05
8.620802e+07 5.121275e+05
3.883747e+07 5.121275e+05
7.831454e+07 5.121275e+05
4.460723e+07 4.591830e+05
1.954248e+07 4.591830e+05
7.864347e+07 4.591830e+05
3.235082e+07 4.591830e+05
1.441376e+07 4.591830e+05
6.165915e+07 4.591830e+05
3.540806e+07 4.591830e+05
3.378920e+07 4.568190e+05
2.626943e+07 4.568190e+05
2.558734e+07 4.568190e+05
6.544208e+07 4.568190e+05
1.807628e+07 4.240894e+05
1.975157e+07 4.240894e+05
3.727211e+07 4.240894e+05
3.260964e+07 4.240894e+05
9.082159e+07 4.240894e+05
1.138843e+07 4.240894e+05
6.434766e+06 4.240894e+05
2.502257e+07 4.240894e+05
5.274719e+06 4.240894e+05
5.966808e+07 4.240894e+05
6.355458e+06 3.931492e+05
7.720382e+05 3.146848e+05
3.695762e+07 3.058104e+05
5.102343e+05 3.058104e+05
3.647360e+05 2.186084e+05
2.084759e+05 1.203859e+05
1.150619e+05 8.500841e+04
6.787230e+04 5.504333e+04
4.308185e+04 3.355662e+04
2.754167e+04 2.315610e+04
1.929722e+04 1.628094e+04
1.359238e+04 1.119851e+04
9.628135e+03 8.291281e+03
6.659414e+03 5.621626e+03
4.659578e+03 3.850170e+03
3.309020e+03 3.009290e+03
2.562442e+03 2.349986e+03
2.022793e+03 1.876865e+03
1.679619e+03 1.591139e+03
1.414706e+03 1.320238e+03
1.226622e+03 1.171960e+03
1.073110e+03 1.031722e+03
9.541316e+02 9.162914e+02
8.378563e+02 8.072491e+02
6.900970e+02 6.552756e+02
5.692022e+02 5.366075e+02
4.806087e+02 4.599620e+02
4.099856e+02 3.913412e+02
3.328412e+02 3.173233e+02
2.750901e+02 2.584757e+02
2.240343e+02 2.108904e+02
1.792145e+02 1.711734e+02
1.524504e+02 1.472474e+02
1.327382e+02 1.269193e+02
1.145524e+02 1.112378e+02
9.570077e+01 9.304625e+01
8.253668e+01 8.080059e+01
7.266077e+01 7.130963e+01
6.451334e+01 6.338596e+01
5.897576e+01 5.825124e+01
5.274759e+01 5.174121e+01
4.278517e+01 4.196032e+01
3.359342e+01 3.166263e+01
2.593854e+01 2.483081e+01
2.020988e+01 1.965532e+01
1.605851e+01 1.573917e+01
1.366681e+01 1.355700e+01
1.199831e+01 1.192780e+01
1.100883e+01 1.095200e+01
1.052460e+01 1.050918e+01
1.026016e+01 1.024997e+01
1.014988e+01 1.014490e+01
8.446487e+00 8.388967e+00
7.355712e+00 7.347000e+00
7.173366e+00 7.172778e+00
7.126549e+00 7.126312e+00
7.001613e+00 7.001600e+00
3.372593e+09 7.255153e+05
1.024685e+08 5.714908e+05
1.709996e+08 5.714908e+05
2.013048e+08 5.714908e+05
1.428967e+08 5.714908e+05
1.718517e+08 5.714908e+05
1.866140e+08 5.714908e+05
2.965846e+08 5.714908e+05
2.088272e+08 5.714908e+05
1.608205e+08 5.714908e+05
1.680540e+08 5.714908e+05
2.103875e+08 5.714908e+05
1.368826e+08 5.714908e+05
1.630773e+08 5.714908e+05
1.365546e+08 5.714908e+05
1.423605e+08 5.672657e+05
1.474063e+08 5.672657e+05
1.297820e+08 5.672657e+05
1.211563e+08 5.672657e+05
7.033425e+07 5.672657e+05
6.390841e+07 5.263782e+05
1.226192e+08 5.263782e+05
7.719167e+07 5.263782e+05
1.229705e+08 4.965019e+05
9.934274e+07 4.965019e+05
8.785234e+07 4.965019e+05
9.734521e+07 4.965019e+05
3.930571e+07 4.965019e+05
4.256293e+07 4.965019e+05
2.232874e+07 4.965019e+05
2.544747e+07 4.965019e+05
8.514273e+07 4.965019e+05
2.303078e+07 4.609520e+05
2.741153e+07 4.609520e+05
3.598659e+07 4.292525e+05
6.167483e+07 4.292525e+05
6.496420e+07 4.251731e+05
3.813684e+07 4.251731e+05
2.338325e+07 4.251731e+05
7.641477e+07 4.244044e+05
9.654011e+07 4.120382e+05
1.097211e+08 3.866195e+05
6.918389e+06 3.866195e+05
1.259616e+07 3.866195e+05
3.344260e+06 3.866195e+05
6.123468e+06 3.866195e+05
5.765806e+05 3.187638e+05
3.828011e+05 2.272546e+05
2.170125e+05 1.403959e+05
1.139482e+05 8.315555e+04
6.306736e+04 4.568267e+04
3.772073e+04 3.022630e+04
2.377087e+04 1.949729e+04
1.601062e+04 1.363281e+04
1.105738e+04 9.356664e+03
7.374819e+03 6.165836e+03
4.903076e+03 4.088823e+03
3.385146e+03 2.933091e+03
2.486827e+03 2.231400e+03
1.917291e+03 1.720510e+03
1.453746e+03 1.331858e+03
1.154924e+03 1.055751e+03
9.149492e+02 8.420371e+02
7.362582e+02 6.805486e+02
5.997831e+02 5.542770e+02
4.568397e+02 4.205075e+02
3.560699e+02 3.252151e+02
2.619527e+02 2.372104e+02
1.982548e+02 1.850167e+02
1.591105e+02 1.496740e+02
1.303172e+02 1.234736e+02
1.069312e+02 1.003956e+02
8.311941e+01 7.759998e+01
6.588494e+01 6.261493e+01
5.357233e+01 5.094435e+01
4.522640e+01 4.372301e+01
3.917904e+01 3.804359e+01
3.496693e+01 3.402972e+01
3.076817e+01 2.995492e+01
2.827289e+01 2.792270e+01
2.584766e+01 2.540156e+01
2.240178e+01 2.181168e+01
1.898004e+01 1.843804e+01
1.642905e+01 1.610353e+01
1.456446e+01 1.427980e+01
1.298354e+01 1.271574e+01
1.192085e+01 1.182054e+01
1.132682e+01 1.125905e+01
1.078269e+01 1.071660e+01
9.452552e+00 9.285208e+00
8.130170e+00 8.030801e+00
7.512126e+00 7.476889e+00
7.025925e+00 7.007112e+00
6.841079e+00 6.832706e+00
6.707132e+00 6.701013e+00
6.654470e+00 6.653501e+00
6.624515e+00 6.623566e+00
6.592973e+00 6.591875e+00
6.530996e+00 6.530430e+00
6.488942e+00 6.488859e+00
6.204085e+00 6.204070e+00
3.394397e+09 7.457395e+05
8.455873e+07 6.334296e+05
2.291469e+08 6.334296e+05
2.507772e+08 6.334296e+05
1.909725e+08 6.102546e+05
1.822524e+08 6.096004e+05
2.007800e+08 6.096004e+05
2.498521e+08 6.096004e+05
2.871442e+08 6.096004e+05
1.980267e+08 6.031361e+05
2.054392e+08 6.031361e+05
2.133404e+08 6.031361e+05
1.450189e+08 5.863327e+05
1.894877e+08 5.863327e+05
1.133826e+08 5.070086e+05
8.329075e+07 5.070086e+05
1.878401e+08 5.070086e+05
8.696732e+07 5.070086e+05
9.090557e+07 5.070086e+05
9.566523e+07 5.070086e+05
1.075037e+08 5.070086e+05
9.113717e+07 5.070086e+05
4.662962e+07 5.070086e+05
8.630029e+07 5.070086e+05
1.740969e+08 5.070086e+05
6.916345e+07 5.070086e+05
4.793457e+07 5.070086e+05
1.703354e+07 5.070086e+05
4.077071e+07 5.070086e+05
6.547303e+07 4.937131e+05
6.063400e+07 4.937131e+05
6.694136e+07 4.937131e+05
3.495850e+07 4.937131e+05
1.418314e+08 4.937131e+05
5.079655e+07 4.937131e+05
1.586932e+07 4.937131e+05
1.591261e+07 3.886638e+05
1.784913e+07 3.855006e+05
2.789692e+07 3.793764e+05
2.535530e+07 3.687083e+05
3.237063e+07 3.687083e+05
7.073335e+06 3.687083e+05
5.165170e+07 3.687083e+05
4.123004e+06 3.687083e+05
1.760164e+07 3.687083e+05
2.781428e+07 3.687083e+05
5.768104e+07 3.485907e+05
1.870081e+07 3.463040e+05
4.707353e+06 3.309388e+05
8.736633e+05 2.968923e+05
3.962380e+05 2.114835e+05
2.347263e+05 1.553741e+05
1.186534e+05 7.864335e+04
6.560582e+04 4.922917e+04
4.313467e+04 3.605517e+04
2.800039e+04 2.245644e+04
1.948903e+04 1.659416e+04
1.366066e+04 1.227909e+04
9.833144e+03 8.660033e+03
6.999653e+03 6.101854e+03
4.937394e+03 4.122825e+03
3.472120e+03 3.094167e+03
2.620630e+03 2.402195e+03
2.033320e+03 1.880850e+03
1.624973e+03 1.523223e+03
1.302923e+03 1.210498e+03
1.010945e+03 9.491553e+02
8.057666e+02 7.531007e+02
6.420045e+02 6.031211e+02
5.352205e+02 5.078348e+02
4.341252e+02 4.089978e+02
3.425315e+02 3.233167e+02
2.788204e+02 2.651512e+02
2.316955e+02 2.210389e+02
1.804771e+02 1.685185e+02
1.433774e+02 1.366070e+02
1.127182e+02 1.072154e+02
9.490758e+01 9.187233e+01
8.588014e+01 8.449932e+01
7.897568e+01 7.790443e+01
7.544149e+01 7.505688e+01
7.251565e+01 7.188880e+01
6.894709e+01 6.842313e+01
6.374526e+01 6.252061e+01
5.479433e+01 5.308020e+01
4.166029e+01 4.013378e+01
3.211451e+01 3.069174e+01
2.400079e+01 2.329268e+01
1.711402e+01 1.643913e+01
1.399116e+01 1.376926e+01
1.215356e+01 1.204946e+01
1.091804e+01 1.086597e+01
1.037110e+01 1.036050e+01
1.005716e+01 1.004623e+01
9.515566e+00 9.489598e+00
8.773547e+00 8.759391e+00
8.600600e+00 8.597529e+00
8.455297e+00 8.452048e+00
8.312963e+00 8.309344e+00
8.194479e+00 8.194020e+00
8.150923e+00 8.150921e+00
