4.003507e+04 3.122638e+04
3.498536e+04 2.913950e+04
3.372252e+04 2.846949e+04
3.303511e+04 2.788621e+04
3.257545e+04 2.719376e+04
3.219257e+04 2.582858e+04
3.187945e+04 2.511275e+04
3.165304e+04 2.428527e+04
3.139671e+04 2.406311e+04
3.122116e+04 2.315630e+04
3.105798e+04 2.268498e+04
3.088216e+04 2.230062e+04
3.072101e+04 2.171373e+04
3.060967e+04 2.119807e+04
3.045583e+04 2.106682e+04
3.031730e+04 2.103829e+04
3.018364e+04 2.050882e+04
3.003420e+04 2.033880e+04
2.991755e+04 2.017059e+04
2.978121e+04 1.982609e+04
2.969163e+04 1.976526e+04
2.957123e+04 1.953907e+04
2.945729e+04 1.931019e+04
2.930037e+04 1.898310e+04
2.916790e+04 1.863884e+04
2.904614e+04 1.852968e+04
2.893317e+04 1.843226e+04
2.879638e+04 1.800997e+04
2.869470e+04 1.756852e+04
2.857052e+04 1.749785e+04
2.844474e+04 1.708173e+04
2.831345e+04 1.653935e+04
2.816057e+04 1.601039e+04
2.802775e+04 1.549094e+04
2.792300e+04 1.537157e+04
2.776401e+04 1.477117e+04
2.766790e+04 1.463973e+04
2.755582e+04 1.437883e+04
2.745929e+04 1.427137e+04
2.730751e+04 1.413291e+04
2.721690e+04 1.388444e+04
2.711750e+04 1.384732e+04
2.703029e+04 1.380081e+04
2.693519e+04 1.358106e+04
2.686020e+04 1.328144e+04
2.677647e+04 1.247191e+04
2.668132e+04 1.199203e+04
2.657921e+04 1.195937e+04
2.651848e+04 1.188676e+04
2.644557e+04 1.116329e+04
2.636918e+04 1.086831e+04
2.630039e+04 1.053832e+04
2.619733e+04 1.020584e+04
2.612737e+04 1.012170e+04
2.608081e+04 9.980397e+03
2.601158e+04 9.937282e+03
2.595300e+04 9.551535e+03
2.587982e+04 9.106675e+03
2.581958e+04 9.075599e+03
2.574019e+04 8.864666e+03
2.567803e+04 8.477816e+03
2.559866e+04 8.378412e+03
2.319138e+04 8.240148e+03
1.991536e+04 8.118309e+03
1.735049e+04 8.001407e+03
1.528863e+04 7.828788e+03
1.373671e+04 7.085601e+03
1.240499e+04 6.975195e+03
1.138777e+04 6.644320e+03
1.071961e+04 6.419769e+03
9.928398e+03 5.500421e+03
9.185818e+03 5.358400e+03
8.506739e+03 4.640533e+03
7.841425e+03 4.370158e+03
7.276257e+03 4.015970e+03
6.751533e+03 3.673955e+03
6.223484e+03 3.355668e+03
5.758898e+03 3.146024e+03
5.226924e+03 2.800167e+03
4.805061e+03 2.738180e+03
4.343162e+03 2.346240e+03
3.842577e+03 1.843129e+03
3.487331e+03 1.755224e+03
3.132783e+03 1.268788e+03
2.800134e+03 1.210120e+03
2.490257e+03 1.119395e+03
2.136389e+03 9.831980e+02
1.771681e+03 8.821587e+02
1.491890e+03 7.191682e+02
1.268063e+03 5.706614e+02
1.045955e+03 4.519848e+02
8.903077e+02 4.242016e+02
7.726755e+02 3.822220e+02
6.645112e+02 3.182519e+02
5.855902e+02 2.922145e+02
5.246784e+02 2.815356e+02
4.655067e+02 2.480259e+02
4.145355e+02 1.691762e+02
3.812878e+02 1.607569e+02
3.472632e+02 1.402770e+02
3.106251e+02 1.152866e+02
4.003507e+04 3.122638e+04
3.501070e+04 1.115287e+03
3.386054e+04 1.115287e+03
3.324157e+04 1.115287e+03
3.277526e+04 1.115287e+03
3.238573e+04 1.115287e+03
3.204714e+04 1.115287e+03
3.178127e+04 1.115287e+03
3.150067e+04 1.115287e+03
3.129535e+04 1.115287e+03
3.112845e+04 1.115287e+03
3.094834e+04 1.115287e+03
3.078936e+04 1.115287e+03
3.065901e+04 1.115287e+03
3.054125e+04 1.115287e+03
3.043262e+04 1.115287e+03
3.027271e+04 1.115287e+03
3.014510e+04 1.115287e+03
3.002103e+04 1.115287e+03
2.989290e+04 1.115287e+03
2.975331e+04 1.115287e+03
2.959864e+04 1.115287e+03
2.945260e+04 1.115287e+03
2.931107e+04 1.115287e+03
2.920191e+04 1.115287e+03
2.907457e+04 1.115287e+03
2.893642e+04 1.115287e+03
2.881800e+04 1.115287e+03
2.868726e+04 1.115287e+03
2.856331e+04 1.115287e+03
2.842437e+04 1.115287e+03
2.831329e+04 1.115287e+03
2.822144e+04 1.115287e+03
2.810125e+04 1.115287e+03
2.797760e+04 1.115287e+03
2.786189e+04 1.115287e+03
2.774121e+04 1.115287e+03
2.765742e+04 1.115287e+03
2.756226e+04 1.115287e+03
2.747671e+04 1.115287e+03
2.738924e+04 1.115287e+03
2.729579e+04 1.115287e+03
2.718709e+04 1.115287e+03
2.709836e+04 1.115287e+03
2.701679e+04 1.115287e+03
2.693477e+04 1.115287e+03
2.685281e+04 1.115287e+03
2.671769e+04 1.115287e+03
2.659493e+04 1.115287e+03
2.652161e+04 1.115287e+03
2.642578e+04 1.115287e+03
2.635205e+04 1.115287e+03
2.629378e+04 1.115287e+03
2.624276e+04 1.115287e+03
2.615060e+04 1.115287e+03
2.607069e+04 1.115287e+03
2.602479e+04 1.115287e+03
2.595479e+04 1.115287e+03
2.590360e+04 1.115287e+03
2.583788e+04 1.115287e+03
2.578651e+04 1.115287e+03
2.574309e+04 1.115287e+03
2.289019e+04 1.115287e+03
1.942370e+04 1.115287e+03
1.657358e+04 1.115287e+03
1.474266e+04 1.115287e+03
1.320503e+04 1.115287e+03
1.193370e+04 1.115287e+03
1.068398e+04 1.115287e+03
9.790335e+03 1.115287e+03
8.943444e+03 1.115287e+03
8.220672e+03 1.115287e+03
7.578421e+03 1.115287e+03
6.992882e+03 1.115287e+03
6.490806e+03 1.115287e+03
6.103174e+03 1.115287e+03
5.643703e+03 1.115287e+03
5.210819e+03 1.115287e+03
4.728183e+03 1.115287e+03
4.293180e+03 1.115287e+03
3.829557e+03 1.115287e+03
3.442139e+03 1.115287e+03
3.030423e+03 1.115287e+03
2.679499e+03 1.115287e+03
2.370113e+03 1.115287e+03
2.110563e+03 9.972895e+02
1.817162e+03 8.748601e+02
1.616799e+03 8.374466e+02
1.433368e+03 7.262048e+02
1.244735e+03 6.172310e+02
1.089893e+03 5.496442e+02
9.471393e+02 5.076029e+02
8.464769e+02 4.530692e+02
7.704904e+02 4.160674e+02
6.808431e+02 3.485300e+02
6.113786e+02 3.304430e+02
5.542452e+02 2.980232e+02
5.058219e+02 2.788962e+02
4.619316e+02 2.625211e+02
4.276064e+02 2.483295e+02
3.963890e+02 2.276018e+02
4.003507e+04 3.122638e+04
3.501118e+04 1.227602e+03
3.388012e+04 1.227602e+03
3.317114e+04 1.227602e+03
3.268045e+04 1.227602e+03
3.232838e+04 1.227602e+03
3.205250e+04 1.227602e+03
3.181114e+04 1.227602e+03
3.161008e+04 1.227602e+03
3.138422e+04 1.227602e+03
3.119159e+04 1.227602e+03
3.100568e+04 1.227602e+03
3.088562e+04 1.227602e+03
3.073175e+04 1.227602e+03
3.060662e+04 1.227602e+03
3.048593e+04 1.227602e+03
3.037655e+04 1.227602e+03
3.021852e+04 1.227602e+03
3.011280e+04 1.227602e+03
2.995529e+04 1.227602e+03
2.984652e+04 1.227602e+03
2.969872e+04 1.227602e+03
2.957454e+04 1.227602e+03
2.943127e+04 1.227602e+03
2.933462e+04 1.227602e+03
2.921996e+04 1.227602e+03
2.910026e+04 1.227602e+03
2.898186e+04 1.227602e+03
2.886587e+04 1.227602e+03
2.876183e+04 1.227602e+03
2.866641e+04 1.227602e+03
2.854849e+04 1.227602e+03
2.843754e+04 1.227602e+03
2.833135e+04 1.227602e+03
2.822909e+04 1.227602e+03
2.811589e+04 1.227602e+03
2.803277e+04 1.227602e+03
2.791535e+04 1.227602e+03
2.782810e+04 1.227602e+03
2.772026e+04 1.227602e+03
2.765193e+04 1.227602e+03
2.754500e+04 1.227602e+03
2.745245e+04 1.227602e+03
2.733655e+04 1.227602e+03
2.723825e+04 1.227602e+03
2.714827e+04 1.227602e+03
2.704406e+04 1.227602e+03
2.695291e+04 1.227602e+03
2.688175e+04 1.227602e+03
2.680793e+04 1.227602e+03
2.672498e+04 1.227602e+03
2.664119e+04 1.227602e+03
2.657562e+04 1.227602e+03
2.652058e+04 1.227602e+03
2.645669e+04 1.227602e+03
2.638063e+04 1.227602e+03
2.631976e+04 1.227602e+03
2.625985e+04 1.227602e+03
2.616065e+04 1.227602e+03
2.609373e+04 1.227602e+03
2.603616e+04 1.227602e+03
2.596614e+04 1.227602e+03
2.365037e+04 1.227602e+03
1.998227e+04 1.227602e+03
1.742008e+04 1.227602e+03
1.537988e+04 1.227602e+03
1.355740e+04 1.227602e+03
1.250171e+04 1.227602e+03
1.142088e+04 1.227602e+03
1.056709e+04 1.227602e+03
9.698077e+03 1.227602e+03
9.020007e+03 1.227602e+03
8.411982e+03 1.227602e+03
7.805927e+03 1.227602e+03
7.193698e+03 1.227602e+03
6.681236e+03 1.227602e+03
6.236425e+03 1.227602e+03
5.792047e+03 1.227602e+03
5.328386e+03 1.227602e+03
4.989285e+03 1.227602e+03
4.555337e+03 1.227602e+03
4.165586e+03 1.227602e+03
3.807403e+03 1.227602e+03
3.434911e+03 1.227602e+03
3.067928e+03 1.227602e+03
2.779814e+03 1.227602e+03
2.464586e+03 1.227602e+03
2.229208e+03 1.092358e+03
1.949682e+03 9.797705e+02
1.719201e+03 8.062519e+02
1.557500e+03 7.302024e+02
1.395381e+03 6.300350e+02
1.200187e+03 5.373654e+02
1.023193e+03 4.621749e+02
8.971988e+02 4.090721e+02
7.688593e+02 3.786210e+02
6.767864e+02 3.021101e+02
5.926576e+02 2.475321e+02
5.290955e+02 2.208783e+02
4.769926e+02 1.924023e+02
4.341881e+02 1.509433e+02
4.003507e+04 3.122638e+04
3.492685e+04 1.150943e+03
3.372042e+04 1.150943e+03
3.305082e+04 1.150943e+03
3.256568e+04 1.150943e+03
3.225835e+04 1.150943e+03
3.194919e+04 1.150943e+03
3.173484e+04 1.150943e+03
3.151474e+04 1.150943e+03
3.131548e+04 1.150943e+03
3.112541e+04 1.150943e+03
3.092198e+04 1.150943e+03
3.078496e+04 1.150943e+03
3.065392e+04 1.150943e+03
3.053100e+04 1.150943e+03
3.039436e+04 1.150943e+03
3.023372e+04 1.150943e+03
3.010295e+04 1.150943e+03
2.998742e+04 1.150943e+03
2.986876e+04 1.150943e+03
2.976893e+04 1.150943e+03
2.963217e+04 1.150943e+03
2.950943e+04 1.150943e+03
2.940653e+04 1.150943e+03
2.928802e+04 1.150943e+03
2.916618e+04 1.150943e+03
2.901983e+04 1.150943e+03
2.891317e+04 1.150943e+03
2.881458e+04 1.150943e+03
2.870857e+04 1.150943e+03
2.860160e+04 1.150943e+03
2.847466e+04 1.150943e+03
2.835816e+04 1.150943e+03
2.823957e+04 1.150943e+03
2.813020e+04 1.150943e+03
2.804185e+04 1.150943e+03
2.794795e+04 1.150943e+03
2.783633e+04 1.150943e+03
2.774822e+04 1.150943e+03
2.765836e+04 1.150943e+03
2.755216e+04 1.150943e+03
2.744890e+04 1.150943e+03
2.735213e+04 1.150943e+03
2.725725e+04 1.150943e+03
2.716480e+04 1.150943e+03
2.705390e+04 1.150943e+03
2.697164e+04 1.150943e+03
2.687033e+04 1.150943e+03
2.678790e+04 1.150943e+03
2.669617e+04 1.150943e+03
2.662936e+04 1.150943e+03
2.655340e+04 1.150943e+03
2.648451e+04 1.150943e+03
2.642195e+04 1.150943e+03
2.633146e+04 1.150943e+03
2.622519e+04 1.150943e+03
2.616160e+04 1.150943e+03
2.611712e+04 1.150943e+03
2.604311e+04 1.150943e+03
2.598149e+04 1.150943e+03
2.591933e+04 1.150943e+03
2.587768e+04 1.150943e+03
2.402194e+04 1.150943e+03
2.031062e+04 1.150943e+03
1.777542e+04 1.150943e+03
1.548355e+04 1.150943e+03
1.345925e+04 1.150943e+03
1.193054e+04 1.150943e+03
1.056330e+04 1.150943e+03
9.190400e+03 1.150943e+03
8.031376e+03 1.150943e+03
7.105016e+03 1.150943e+03
6.388469e+03 1.150943e+03
5.714344e+03 1.150943e+03
5.120322e+03 1.150943e+03
4.604463e+03 1.150943e+03
4.066820e+03 1.150943e+03
3.551788e+03 1.150943e+03
3.146793e+03 1.150943e+03
2.767057e+03 1.150943e+03
2.399616e+03 1.150943e+03
2.075250e+03 1.150943e+03
1.837434e+03 1.145717e+03
1.610919e+03 1.043908e+03
1.432408e+03 9.202506e+02
1.284657e+03 8.847160e+02
1.157106e+03 7.775632e+02
1.054231e+03 7.259753e+02
9.559512e+02 6.932783e+02
8.844256e+02 6.603173e+02
8.203614e+02 6.193311e+02
7.675739e+02 6.037924e+02
7.272343e+02 5.871993e+02
6.873845e+02 5.636068e+02
6.590062e+02 4.796797e+02
6.221893e+02 4.617011e+02
5.932532e+02 4.432133e+02
5.637990e+02 4.022102e+02
5.343618e+02 3.372511e+02
4.969128e+02 3.092468e+02
4.684162e+02 2.988046e+02
4.003507e+04 3.122638e+04
3.494674e+04 1.298805e+03
3.375861e+04 1.298805e+03
3.309907e+04 1.298805e+03
3.254851e+04 1.298805e+03
3.218851e+04 1.298805e+03
3.191005e+04 1.298805e+03
3.165968e+04 1.298805e+03
3.141763e+04 1.298805e+03
3.123641e+04 1.298805e+03
3.105148e+04 1.298805e+03
3.089307e+04 1.298805e+03
3.071896e+04 1.298805e+03
3.056682e+04 1.298805e+03
3.039840e+04 1.298805e+03
3.027080e+04 1.298805e+03
3.016886e+04 1.298805e+03
3.006598e+04 1.298805e+03
2.997080e+04 1.298805e+03
2.986183e+04 1.298805e+03
2.971333e+04 1.298805e+03
2.960063e+04 1.298805e+03
2.946542e+04 1.298805e+03
2.933720e+04 1.298805e+03
2.923613e+04 1.298805e+03
2.911311e+04 1.298805e+03
2.898772e+04 1.298805e+03
2.884882e+04 1.298805e+03
2.875041e+04 1.298805e+03
2.864259e+04 1.298805e+03
2.851672e+04 1.298805e+03
2.838017e+04 1.298805e+03
2.826678e+04 1.298805e+03
2.817245e+04 1.298805e+03
2.806899e+04 1.298805e+03
2.795889e+04 1.298805e+03
2.785731e+04 1.298805e+03
2.771570e+04 1.298805e+03
2.760503e+04 1.298805e+03
2.749459e+04 1.298805e+03
2.741624e+04 1.298805e+03
2.733170e+04 1.298805e+03
2.722476e+04 1.298805e+03
2.714690e+04 1.298805e+03
2.705589e+04 1.298805e+03
2.697446e+04 1.298805e+03
2.690412e+04 1.298805e+03
2.677296e+04 1.298805e+03
2.669440e+04 1.298805e+03
2.660179e+04 1.298805e+03
2.651783e+04 1.298805e+03
2.643048e+04 1.298805e+03
2.633422e+04 1.298805e+03
2.625973e+04 1.298805e+03
2.618363e+04 1.298805e+03
2.611868e+04 1.298805e+03
2.604738e+04 1.298805e+03
2.597340e+04 1.298805e+03
2.589999e+04 1.298805e+03
2.580107e+04 1.298805e+03
2.574465e+04 1.298805e+03
2.568876e+04 1.298805e+03
2.305820e+04 1.298805e+03
1.968124e+04 1.298805e+03
1.716170e+04 1.298805e+03
1.519104e+04 1.298805e+03
1.379825e+04 1.298805e+03
1.244487e+04 1.298805e+03
1.138769e+04 1.298805e+03
1.048845e+04 1.298805e+03
9.870112e+03 1.298805e+03
9.122112e+03 1.298805e+03
8.560310e+03 1.298805e+03
7.842883e+03 1.298805e+03
7.288508e+03 1.298805e+03
6.766085e+03 1.298805e+03
6.217817e+03 1.298805e+03
5.657066e+03 1.298805e+03
5.163324e+03 1.298805e+03
4.626302e+03 1.298805e+03
4.253536e+03 1.298805e+03
3.883283e+03 1.298805e+03
3.522177e+03 1.298805e+03
3.198431e+03 1.298805e+03
2.882139e+03 1.298805e+03
2.655450e+03 1.298805e+03
2.455264e+03 1.298805e+03
2.233499e+03 1.298805e+03
2.068267e+03 1.209039e+03
1.888806e+03 1.132225e+03
1.718508e+03 1.029776e+03
1.595277e+03 9.256885e+02
1.471426e+03 8.382043e+02
1.349338e+03 7.442551e+02
1.240257e+03 5.830451e+02
1.146295e+03 5.722763e+02
1.046129e+03 5.704682e+02
9.664714e+02 5.116298e+02
8.879736e+02 4.742046e+02
8.175466e+02 4.290860e+02
7.603521e+02 3.879448e+02
4.003507e+04 3.122638e+04
3.494623e+04 1.387945e+03
3.378274e+04 1.387945e+03
3.311848e+04 1.387945e+03
3.266571e+04 1.387945e+03
3.230944e+04 1.387945e+03
3.200620e+04 1.387945e+03
3.173092e+04 1.387945e+03
3.151009e+04 1.387945e+03
3.131404e+04 1.387945e+03
3.114428e+04 1.387945e+03
3.098482e+04 1.387945e+03
3.084440e+04 1.387945e+03
3.066106e+04 1.387945e+03
3.049880e+04 1.387945e+03
3.036692e+04 1.387945e+03
3.024865e+04 1.387945e+03
3.013424e+04 1.387945e+03
3.002363e+04 1.387945e+03
2.991325e+04 1.387945e+03
2.974151e+04 1.387945e+03
2.962017e+04 1.387945e+03
2.948862e+04 1.387945e+03
2.931661e+04 1.387945e+03
2.919485e+04 1.387945e+03
2.909667e+04 1.387945e+03
2.900266e+04 1.387945e+03
2.887436e+04 1.387945e+03
2.876551e+04 1.387945e+03
2.864130e+04 1.387945e+03
2.850377e+04 1.387945e+03
2.835682e+04 1.387945e+03
2.822176e+04 1.387945e+03
2.810568e+04 1.387945e+03
2.801100e+04 1.387945e+03
2.788706e+04 1.387945e+03
2.777910e+04 1.387945e+03
2.766410e+04 1.387945e+03
2.755656e+04 1.387945e+03
2.746204e+04 1.387945e+03
2.738653e+04 1.387945e+03
2.729142e+04 1.387945e+03
2.718987e+04 1.387945e+03
2.705608e+04 1.387945e+03
2.697116e+04 1.387945e+03
2.688217e+04 1.387945e+03
2.681191e+04 1.387945e+03
2.674379e+04 1.387945e+03
2.666000e+04 1.387945e+03
2.657504e+04 1.387945e+03
2.648037e+04 1.387945e+03
2.640052e+04 1.387945e+03
2.628381e+04 1.387945e+03
2.621660e+04 1.387945e+03
2.614608e+04 1.387945e+03
2.608144e+04 1.387945e+03
2.601275e+04 1.387945e+03
2.595126e+04 1.387945e+03
2.589120e+04 1.387945e+03
2.582342e+04 1.387945e+03
2.574934e+04 1.387945e+03
2.569726e+04 1.387945e+03
2.354792e+04 1.387945e+03
2.009070e+04 1.387945e+03
1.730412e+04 1.387945e+03
1.569519e+04 1.387945e+03
1.408029e+04 1.387945e+03
1.299007e+04 1.387945e+03
1.192086e+04 1.387945e+03
1.087553e+04 1.387945e+03
1.007831e+04 1.387945e+03
9.437313e+03 1.387945e+03
8.669175e+03 1.387945e+03
8.059452e+03 1.387945e+03
7.449699e+03 1.387945e+03
6.645339e+03 1.387945e+03
5.976122e+03 1.387945e+03
5.491904e+03 1.387945e+03
4.898011e+03 1.387945e+03
4.464735e+03 1.387945e+03
4.071188e+03 1.387945e+03
3.674724e+03 1.387945e+03
3.285441e+03 1.387945e+03
2.976706e+03 1.387945e+03
2.704450e+03 1.387945e+03
2.449917e+03 1.374324e+03
2.230183e+03 1.247446e+03
2.002798e+03 1.117297e+03
1.815729e+03 1.029118e+03
1.658455e+03 8.334156e+02
1.491362e+03 7.870187e+02
1.358411e+03 7.495599e+02
1.222285e+03 7.194531e+02
1.121309e+03 6.231717e+02
1.039023e+03 5.293925e+02
9.510948e+02 4.924166e+02
8.805377e+02 4.465934e+02
8.105510e+02 4.424040e+02
7.379266e+02 4.171796e+02
6.834425e+02 3.931586e+02
6.389625e+02 3.673131e+02
4.003507e+04 3.122638e+04
3.485292e+04 1.367313e+03
3.373709e+04 1.367313e+03
3.311153e+04 1.367313e+03
3.269160e+04 1.367313e+03
3.231640e+04 1.367313e+03
3.202253e+04 1.367313e+03
3.178302e+04 1.367313e+03
3.152252e+04 1.367313e+03
3.134180e+04 1.367313e+03
3.117347e+04 1.367313e+03
3.101067e+04 1.367313e+03
3.085312e+04 1.367313e+03
3.066442e+04 1.367313e+03
3.045462e+04 1.367313e+03
3.031430e+04 1.367313e+03
3.019604e+04 1.367313e+03
3.006946e+04 1.367313e+03
2.994573e+04 1.367313e+03
2.981206e+04 1.367313e+03
2.967026e+04 1.367313e+03
2.956224e+04 1.367313e+03
2.945458e+04 1.367313e+03
2.932656e+04 1.367313e+03
2.920094e+04 1.367313e+03
2.907088e+04 1.367313e+03
2.893584e+04 1.367313e+03
2.880683e+04 1.367313e+03
2.868906e+04 1.367313e+03
2.857077e+04 1.367313e+03
2.846442e+04 1.367313e+03
2.835420e+04 1.367313e+03
2.823934e+04 1.367313e+03
2.810473e+04 1.367313e+03
2.798320e+04 1.367313e+03
2.788964e+04 1.367313e+03
2.777858e+04 1.367313e+03
2.768100e+04 1.367313e+03
2.757663e+04 1.367313e+03
2.747531e+04 1.367313e+03
2.740006e+04 1.367313e+03
2.729777e+04 1.367313e+03
2.720209e+04 1.367313e+03
2.711793e+04 1.367313e+03
2.705551e+04 1.367313e+03
2.698084e+04 1.367313e+03
2.689408e+04 1.367313e+03
2.682777e+04 1.367313e+03
2.673687e+04 1.367313e+03
2.662226e+04 1.367313e+03
2.654649e+04 1.367313e+03
2.648414e+04 1.367313e+03
2.642572e+04 1.367313e+03
2.635406e+04 1.367313e+03
2.626645e+04 1.367313e+03
2.620823e+04 1.367313e+03
2.613221e+04 1.367313e+03
2.606546e+04 1.367313e+03
2.600747e+04 1.367313e+03
2.593320e+04 1.367313e+03
2.587749e+04 1.367313e+03
2.581241e+04 1.367313e+03
2.376919e+04 1.367313e+03
2.027202e+04 1.367313e+03
1.785386e+04 1.367313e+03
1.579463e+04 1.367313e+03
1.446092e+04 1.367313e+03
1.305088e+04 1.367313e+03
1.191608e+04 1.367313e+03
1.074541e+04 1.367313e+03
9.722409e+03 1.367313e+03
8.911022e+03 1.367313e+03
8.287623e+03 1.367313e+03
7.686920e+03 1.367313e+03
7.151738e+03 1.367313e+03
6.587648e+03 1.367313e+03
6.169838e+03 1.367313e+03
5.694748e+03 1.367313e+03
5.253257e+03 1.367313e+03
4.857710e+03 1.367313e+03
4.463431e+03 1.367313e+03
4.082671e+03 1.367313e+03
3.656768e+03 1.367313e+03
3.382218e+03 1.367313e+03
3.091174e+03 1.367313e+03
2.807994e+03 1.367313e+03
2.530936e+03 1.201009e+03
2.182680e+03 9.677305e+02
1.886303e+03 8.670959e+02
1.711076e+03 8.074826e+02
1.468539e+03 6.141538e+02
1.222173e+03 5.650532e+02
1.068218e+03 5.302621e+02
9.226025e+02 5.077197e+02
8.085277e+02 4.235414e+02
7.168297e+02 3.802574e+02
6.365478e+02 3.500489e+02
5.677886e+02 3.317631e+02
5.155986e+02 2.852076e+02
4.685816e+02 2.712468e+02
4.279885e+02 2.532846e+02
4.003507e+04 3.122638e+04
3.503550e+04 1.253285e+03
3.374893e+04 1.253285e+03
3.309266e+04 1.253285e+03
3.266317e+04 1.253285e+03
3.232648e+04 1.253285e+03
3.207476e+04 1.253285e+03
3.180108e+04 1.253285e+03
3.160122e+04 1.253285e+03
3.139213e+04 1.253285e+03
3.124583e+04 1.253285e+03
3.109248e+04 1.253285e+03
3.096431e+04 1.253285e+03
3.083293e+04 1.253285e+03
3.067536e+04 1.253285e+03
3.054427e+04 1.253285e+03
3.041708e+04 1.253285e+03
3.027530e+04 1.253285e+03
3.015324e+04 1.253285e+03
3.002427e+04 1.253285e+03
2.990865e+04 1.253285e+03
2.979168e+04 1.253285e+03
2.967318e+04 1.253285e+03
2.953866e+04 1.253285e+03
2.944202e+04 1.253285e+03
2.933434e+04 1.253285e+03
2.922885e+04 1.253285e+03
2.911622e+04 1.253285e+03
2.897951e+04 1.253285e+03
2.884861e+04 1.253285e+03
2.868782e+04 1.253285e+03
2.858889e+04 1.253285e+03
2.847648e+04 1.253285e+03
2.837455e+04 1.253285e+03
2.826241e+04 1.253285e+03
2.814568e+04 1.253285e+03
2.806035e+04 1.253285e+03
2.796259e+04 1.253285e+03
2.786763e+04 1.253285e+03
2.778021e+04 1.253285e+03
2.768115e+04 1.253285e+03
2.759445e+04 1.253285e+03
2.749711e+04 1.253285e+03
2.739856e+04 1.253285e+03
2.731974e+04 1.253285e+03
2.723181e+04 1.253285e+03
2.715482e+04 1.253285e+03
2.707056e+04 1.253285e+03
2.699331e+04 1.253285e+03
2.690008e+04 1.253285e+03
2.680594e+04 1.253285e+03
2.672845e+04 1.253285e+03
2.662779e+04 1.253285e+03
2.654694e+04 1.253285e+03
2.648967e+04 1.253285e+03
2.640861e+04 1.253285e+03
2.632505e+04 1.253285e+03
2.627528e+04 1.253285e+03
2.617443e+04 1.253285e+03
2.609931e+04 1.253285e+03
2.603561e+04 1.253285e+03
2.598658e+04 1.253285e+03
2.362399e+04 1.253285e+03
1.965136e+04 1.253285e+03
1.654830e+04 1.253285e+03
1.446593e+04 1.253285e+03
1.259195e+04 1.253285e+03
1.131428e+04 1.253285e+03
1.012614e+04 1.253285e+03
9.277452e+03 1.253285e+03
8.339726e+03 1.253285e+03
7.565072e+03 1.253285e+03
6.880139e+03 1.253285e+03
6.176372e+03 1.253285e+03
5.492562e+03 1.253285e+03
4.917620e+03 1.253285e+03
4.343651e+03 1.253285e+03
3.853788e+03 1.253285e+03
3.438595e+03 1.253285e+03
3.075875e+03 1.253285e+03
2.759051e+03 1.253285e+03
2.510152e+03 1.253285e+03
2.279619e+03 1.253285e+03
2.079255e+03 1.253285e+03
1.866252e+03 1.192621e+03
1.652455e+03 1.129208e+03
1.492296e+03 1.070018e+03
1.365176e+03 9.632341e+02
1.248974e+03 8.978145e+02
1.173313e+03 8.306954e+02
1.083717e+03 7.741033e+02
1.007556e+03 7.156185e+02
9.349746e+02 6.429072e+02
8.622173e+02 5.406829e+02
7.889086e+02 5.020209e+02
7.247233e+02 4.725283e+02
6.617510e+02 4.012970e+02
6.100414e+02 3.680890e+02
5.681839e+02 2.850650e+02
5.166101e+02 2.291173e+02
4.711068e+02 2.243789e+02
4.003507e+04 3.122638e+04
3.483579e+04 1.224456e+03
3.370338e+04 1.224456e+03
3.300131e+04 1.224456e+03
3.258326e+04 1.224456e+03
3.223623e+04 1.224456e+03
3.192235e+04 1.224456e+03
3.168202e+04 1.224456e+03
3.146755e+04 1.224456e+03
3.130674e+04 1.224456e+03
3.110621e+04 1.224456e+03
3.094374e+04 1.224456e+03
3.075926e+04 1.224456e+03
3.061118e+04 1.224456e+03
3.047433e+04 1.224456e+03
3.033615e+04 1.224456e+03
3.021391e+04 1.224456e+03
3.008568e+04 1.224456e+03
2.996924e+04 1.224456e+03
2.980430e+04 1.224456e+03
2.966640e+04 1.224456e+03
2.952956e+04 1.224456e+03
2.936637e+04 1.224456e+03
2.922980e+04 1.224456e+03
2.912389e+04 1.224456e+03
2.898657e+04 1.224456e+03
2.885246e+04 1.224456e+03
2.872114e+04 1.224456e+03
2.860523e+04 1.224456e+03
2.847727e+04 1.224456e+03
2.837112e+04 1.224456e+03
2.824958e+04 1.224456e+03
2.813759e+04 1.224456e+03
2.800592e+04 1.224456e+03
2.789436e+04 1.224456e+03
2.779354e+04 1.224456e+03
2.768854e+04 1.224456e+03
2.758161e+04 1.224456e+03
2.747541e+04 1.224456e+03
2.734931e+04 1.224456e+03
2.725153e+04 1.224456e+03
2.715000e+04 1.224456e+03
2.706295e+04 1.224456e+03
2.697452e+04 1.224456e+03
2.684762e+04 1.224456e+03
2.677882e+04 1.224456e+03
2.669658e+04 1.224456e+03
2.654002e+04 1.224456e+03
2.646650e+04 1.224456e+03
2.640950e+04 1.224456e+03
2.632096e+04 1.224456e+03
2.622951e+04 1.224456e+03
2.611475e+04 1.224456e+03
2.606115e+04 1.224456e+03
2.601019e+04 1.224456e+03
2.594748e+04 1.224456e+03
2.586729e+04 1.224456e+03
2.579734e+04 1.224456e+03
2.573623e+04 1.224456e+03
2.567339e+04 1.224456e+03
2.562919e+04 1.224456e+03
2.558230e+04 1.224456e+03
2.337992e+04 1.224456e+03
1.984540e+04 1.224456e+03
1.739081e+04 1.224456e+03
1.529086e+04 1.224456e+03
1.382912e+04 1.224456e+03
1.249856e+04 1.224456e+03
1.127582e+04 1.224456e+03
1.011531e+04 1.224456e+03
9.279391e+03 1.224456e+03
8.611807e+03 1.224456e+03
7.950736e+03 1.224456e+03
7.282382e+03 1.224456e+03
6.654973e+03 1.224456e+03
6.063325e+03 1.224456e+03
5.446573e+03 1.224456e+03
5.010579e+03 1.224456e+03
4.522969e+03 1.224456e+03
4.123933e+03 1.224456e+03
3.753341e+03 1.224456e+03
3.442148e+03 1.224456e+03
3.119446e+03 1.224456e+03
2.851828e+03 1.224456e+03
2.593623e+03 1.224456e+03
2.358867e+03 1.224456e+03
2.132753e+03 1.224456e+03
1.961321e+03 1.175494e+03
1.791366e+03 1.104400e+03
1.622614e+03 9.386371e+02
1.474232e+03 7.962151e+02
1.335401e+03 7.376880e+02
1.219441e+03 6.829443e+02
1.096205e+03 6.304870e+02
9.882187e+02 5.930092e+02
9.006341e+02 5.598001e+02
8.330828e+02 5.416123e+02
7.828847e+02 5.117584e+02
7.356189e+02 4.998852e+02
6.895752e+02 4.293574e+02
6.512587e+02 4.051577e+02
4.003507e+04 3.122638e+04
3.496048e+04 1.405158e+03
3.376423e+04 1.405158e+03
3.303739e+04 1.405158e+03
3.253391e+04 1.405158e+03
3.219110e+04 1.405158e+03
3.186495e+04 1.405158e+03
3.163092e+04 1.405158e+03
3.141707e+04 1.405158e+03
3.118910e+04 1.405158e+03
3.102459e+04 1.405158e+03
3.090063e+04 1.405158e+03
3.076990e+04 1.405158e+03
3.066626e+04 1.405158e+03
3.054387e+04 1.405158e+03
3.044429e+04 1.405158e+03
3.029100e+04 1.405158e+03
3.012593e+04 1.405158e+03
2.997826e+04 1.405158e+03
2.983973e+04 1.405158e+03
2.969141e+04 1.405158e+03
2.955425e+04 1.405158e+03
2.939377e+04 1.405158e+03
2.925860e+04 1.405158e+03
2.913700e+04 1.405158e+03
2.900550e+04 1.405158e+03
2.885878e+04 1.405158e+03
2.872064e+04 1.405158e+03
2.858573e+04 1.405158e+03
2.847128e+04 1.405158e+03
2.834827e+04 1.405158e+03
2.824585e+04 1.405158e+03
2.812048e+04 1.405158e+03
2.797845e+04 1.405158e+03
2.784038e+04 1.405158e+03
2.773199e+04 1.405158e+03
2.762196e+04 1.405158e+03
2.753473e+04 1.405158e+03
2.743382e+04 1.405158e+03
2.732550e+04 1.405158e+03
2.720293e+04 1.405158e+03
2.711573e+04 1.405158e+03
2.704891e+04 1.405158e+03
2.697666e+04 1.405158e+03
2.689166e+04 1.405158e+03
2.678071e+04 1.405158e+03
2.668000e+04 1.405158e+03
2.660340e+04 1.405158e+03
2.652274e+04 1.405158e+03
2.644914e+04 1.405158e+03
2.637820e+04 1.405158e+03
2.628674e+04 1.405158e+03
2.621174e+04 1.405158e+03
2.612833e+04 1.405158e+03
2.607416e+04 1.405158e+03
2.600885e+04 1.405158e+03
2.591851e+04 1.405158e+03
2.584755e+04 1.405158e+03
2.577532e+04 1.405158e+03
2.569148e+04 1.405158e+03
2.563313e+04 1.405158e+03
2.556947e+04 1.405158e+03
2.339812e+04 1.405158e+03
1.990569e+04 1.405158e+03
1.701488e+04 1.405158e+03
1.495649e+04 1.405158e+03
1.326774e+04 1.405158e+03
1.206949e+04 1.405158e+03
1.083777e+04 1.405158e+03
9.936715e+03 1.405158e+03
9.148780e+03 1.405158e+03
8.475515e+03 1.405158e+03
7.962042e+03 1.405158e+03
7.410674e+03 1.405158e+03
6.744051e+03 1.405158e+03
6.203144e+03 1.405158e+03
5.590213e+03 1.405158e+03
5.137289e+03 1.405158e+03
4.704052e+03 1.405158e+03
4.271167e+03 1.405158e+03
3.945190e+03 1.405158e+03
3.609315e+03 1.405158e+03
3.280279e+03 1.405158e+03
3.046744e+03 1.405158e+03
2.813117e+03 1.329758e+03
2.567177e+03 1.144468e+03
2.305480e+03 1.094284e+03
2.075147e+03 9.008309e+02
1.866737e+03 8.137706e+02
1.658937e+03 6.757625e+02
1.506639e+03 5.883974e+02
1.341706e+03 5.587647e+02
1.183563e+03 4.966787e+02
1.068507e+03 4.370907e+02
9.699482e+02 4.063355e+02
8.604464e+02 3.385922e+02
7.719098e+02 2.920479e+02
6.928444e+02 2.602016e+02
6.237783e+02 2.413303e+02
5.575020e+02 1.979412e+02
5.058054e+02 1.866051e+02
4.003507e+04 3.122638e+04
3.491008e+04 1.186605e+03
3.374913e+04 1.186605e+03
3.314401e+04 1.186605e+03
3.267520e+04 1.186605e+03
3.227756e+04 1.186605e+03
3.197486e+04 1.186605e+03
3.172232e+04 1.186605e+03
3.148675e+04 1.186605e+03
3.130212e+04 1.186605e+03
3.113510e+04 1.186605e+03
3.096451e+04 1.186605e+03
3.082123e+04 1.186605e+03
3.066896e+04 1.186605e+03
3.055617e+04 1.186605e+03
3.041303e+04 1.186605e+03
3.029368e+04 1.186605e+03
3.016999e+04 1.186605e+03
3.002565e+04 1.186605e+03
2.990867e+04 1.186605e+03
2.976461e+04 1.186605e+03
2.961442e+04 1.186605e+03
2.949344e+04 1.186605e+03
2.935486e+04 1.186605e+03
2.921143e+04 1.186605e+03
2.905755e+04 1.186605e+03
2.893262e+04 1.186605e+03
2.881369e+04 1.186605e+03
2.868442e+04 1.186605e+03
2.857638e+04 1.186605e+03
2.847041e+04 1.186605e+03
2.835709e+04 1.186605e+03
2.824760e+04 1.186605e+03
2.813131e+04 1.186605e+03
2.804694e+04 1.186605e+03
2.793414e+04 1.186605e+03
2.782260e+04 1.186605e+03
2.772978e+04 1.186605e+03
2.764436e+04 1.186605e+03
2.754813e+04 1.186605e+03
2.747580e+04 1.186605e+03
2.737855e+04 1.186605e+03
2.729236e+04 1.186605e+03
2.720601e+04 1.186605e+03
2.712013e+04 1.186605e+03
2.703477e+04 1.186605e+03
2.694261e+04 1.186605e+03
2.687326e+04 1.186605e+03
2.680450e+04 1.186605e+03
2.673265e+04 1.186605e+03
2.665983e+04 1.186605e+03
2.657431e+04 1.186605e+03
2.651050e+04 1.186605e+03
2.641761e+04 1.186605e+03
2.634513e+04 1.186605e+03
2.630135e+04 1.186605e+03
2.621692e+04 1.186605e+03
2.614896e+04 1.186605e+03
2.608957e+04 1.186605e+03
2.597624e+04 1.186605e+03
2.590937e+04 1.186605e+03
2.584682e+04 1.186605e+03
2.352979e+04 1.186605e+03
1.986675e+04 1.186605e+03
1.741686e+04 1.186605e+03
1.544257e+04 1.186605e+03
1.368997e+04 1.186605e+03
1.239075e+04 1.186605e+03
1.131922e+04 1.186605e+03
1.034722e+04 1.186605e+03
9.612662e+03 1.186605e+03
8.909631e+03 1.186605e+03
8.248830e+03 1.186605e+03
7.685837e+03 1.186605e+03
7.176752e+03 1.186605e+03
6.679929e+03 1.186605e+03
6.224763e+03 1.186605e+03
5.823023e+03 1.186605e+03
5.360099e+03 1.186605e+03
4.968083e+03 1.186605e+03
4.598685e+03 1.186605e+03
4.271607e+03 1.186605e+03
3.975839e+03 1.186605e+03
3.706562e+03 1.186605e+03
3.413898e+03 1.186605e+03
3.069067e+03 1.186605e+03
2.805572e+03 1.186605e+03
2.593790e+03 1.186605e+03
2.381002e+03 1.186605e+03
2.176963e+03 1.124075e+03
2.003385e+03 1.054365e+03
1.816594e+03 9.158390e+02
1.646983e+03 8.016539e+02
1.484680e+03 7.321590e+02
1.331367e+03 7.007851e+02
1.210629e+03 6.506147e+02
1.118743e+03 5.537123e+02
1.035104e+03 5.413509e+02
9.460148e+02 4.912105e+02
8.649837e+02 4.543305e+02
7.984689e+02 4.401349e+02
4.003507e+04 3.122638e+04
3.496632e+04 1.447655e+03
3.380863e+04 1.447655e+03
3.314556e+04 1.447655e+03
3.264971e+04 1.447655e+03
3.226549e+04 1.447655e+03
3.195557e+04 1.447655e+03
3.168059e+04 1.447655e+03
3.147449e+04 1.447655e+03
3.127409e+04 1.447655e+03
3.110510e+04 1.447655e+03
3.091606e+04 1.447655e+03
3.075912e+04 1.447655e+03
3.062686e+04 1.447655e+03
3.047273e+04 1.447655e+03
3.037343e+04 1.447655e+03
3.023487e+04 1.447655e+03
3.010485e+04 1.447655e+03
2.998647e+04 1.447655e+03
2.984034e+04 1.447655e+03
2.970009e+04 1.447655e+03
2.957006e+04 1.447655e+03
2.947967e+04 1.447655e+03
2.935094e+04 1.447655e+03
2.922743e+04 1.447655e+03
2.907349e+04 1.447655e+03
2.895949e+04 1.447655e+03
2.881422e+04 1.447655e+03
2.868807e+04 1.447655e+03
2.855346e+04 1.447655e+03
2.844915e+04 1.447655e+03
2.834338e+04 1.447655e+03
2.823435e+04 1.447655e+03
2.812741e+04 1.447655e+03
2.801878e+04 1.447655e+03
2.790070e+04 1.447655e+03
2.774782e+04 1.447655e+03
2.764852e+04 1.447655e+03
2.754049e+04 1.447655e+03
2.745417e+04 1.447655e+03
2.732833e+04 1.447655e+03
2.720477e+04 1.447655e+03
2.711346e+04 1.447655e+03
2.704235e+04 1.447655e+03
2.696637e+04 1.447655e+03
2.689220e+04 1.447655e+03
2.682434e+04 1.447655e+03
2.674787e+04 1.447655e+03
2.667398e+04 1.447655e+03
2.659015e+04 1.447655e+03
2.652092e+04 1.447655e+03
2.646243e+04 1.447655e+03
2.639056e+04 1.447655e+03
2.631285e+04 1.447655e+03
2.620768e+04 1.447655e+03
2.611132e+04 1.447655e+03
2.604850e+04 1.447655e+03
2.598296e+04 1.447655e+03
2.593208e+04 1.447655e+03
2.586612e+04 1.447655e+03
2.580183e+04 1.447655e+03
2.573063e+04 1.447655e+03
2.344357e+04 1.447655e+03
2.026675e+04 1.447655e+03
1.727273e+04 1.447655e+03
1.537145e+04 1.447655e+03
1.372006e+04 1.447655e+03
1.214560e+04 1.447655e+03
1.110422e+04 1.447655e+03
1.004594e+04 1.447655e+03
9.154224e+03 1.447655e+03
8.400462e+03 1.447655e+03
7.657538e+03 1.447655e+03
7.020330e+03 1.447655e+03
6.373772e+03 1.447655e+03
5.770481e+03 1.447655e+03
5.206870e+03 1.447655e+03
4.746110e+03 1.447655e+03
4.266699e+03 1.447655e+03
3.819721e+03 1.447655e+03
3.347651e+03 1.447655e+03
2.985839e+03 1.447655e+03
2.672725e+03 1.447655e+03
2.350029e+03 1.383325e+03
2.092104e+03 1.296967e+03
1.897300e+03 1.178983e+03
1.718030e+03 9.158395e+02
1.569734e+03 7.753619e+02
1.375003e+03 7.322476e+02
1.238375e+03 6.917031e+02
1.089433e+03 6.301224e+02
9.760559e+02 5.050733e+02
8.685650e+02 4.709771e+02
7.984350e+02 4.132988e+02
7.240012e+02 3.725989e+02
6.530851e+02 3.390146e+02
5.914670e+02 2.978784e+02
5.352905e+02 2.817937e+02
4.897942e+02 2.720328e+02
4.486270e+02 2.490478e+02
4.185982e+02 2.264850e+02
4.003507e+04 3.122638e+04
3.493798e+04 1.226485e+03
3.380008e+04 1.226485e+03
3.312359e+04 1.226485e+03
3.263679e+04 1.226485e+03
3.225961e+04 1.226485e+03
3.191333e+04 1.226485e+03
3.168941e+04 1.226485e+03
3.145039e+04 1.226485e+03
3.130581e+04 1.226485e+03
3.112804e+04 1.226485e+03
3.100940e+04 1.226485e+03
3.083783e+04 1.226485e+03
3.068146e+04 1.226485e+03
3.054155e+04 1.226485e+03
3.044484e+04 1.226485e+03
3.030376e+04 1.226485e+03
3.018288e+04 1.226485e+03
3.007009e+04 1.226485e+03
2.996133e+04 1.226485e+03
2.983054e+04 1.226485e+03
2.972148e+04 1.226485e+03
2.959657e+04 1.226485e+03
2.948466e+04 1.226485e+03
2.935353e+04 1.226485e+03
2.921207e+04 1.226485e+03
2.910972e+04 1.226485e+03
2.900885e+04 1.226485e+03
2.888844e+04 1.226485e+03
2.876171e+04 1.226485e+03
2.860636e+04 1.226485e+03
2.849682e+04 1.226485e+03
2.838260e+04 1.226485e+03
2.827909e+04 1.226485e+03
2.817009e+04 1.226485e+03
2.801053e+04 1.226485e+03
2.791574e+04 1.226485e+03
2.780251e+04 1.226485e+03
2.770125e+04 1.226485e+03
2.759163e+04 1.226485e+03
2.750106e+04 1.226485e+03
2.740176e+04 1.226485e+03
2.731681e+04 1.226485e+03
2.722970e+04 1.226485e+03
2.714153e+04 1.226485e+03
2.703616e+04 1.226485e+03
2.690027e+04 1.226485e+03
2.682288e+04 1.226485e+03
2.675687e+04 1.226485e+03
2.670159e+04 1.226485e+03
2.663127e+04 1.226485e+03
2.654754e+04 1.226485e+03
2.647488e+04 1.226485e+03
2.638107e+04 1.226485e+03
2.632220e+04 1.226485e+03
2.624030e+04 1.226485e+03
2.617524e+04 1.226485e+03
2.611253e+04 1.226485e+03
2.605543e+04 1.226485e+03
2.598135e+04 1.226485e+03
2.591188e+04 1.226485e+03
2.584858e+04 1.226485e+03
2.366698e+04 1.226485e+03
2.061110e+04 1.226485e+03
1.819787e+04 1.226485e+03
1.578817e+04 1.226485e+03
1.378981e+04 1.226485e+03
1.254722e+04 1.226485e+03
1.135733e+04 1.226485e+03
1.037950e+04 1.226485e+03
9.378411e+03 1.226485e+03
8.571274e+03 1.226485e+03
7.726097e+03 1.226485e+03
7.126293e+03 1.226485e+03
6.395223e+03 1.226485e+03
5.833345e+03 1.226485e+03
5.353756e+03 1.226485e+03
4.901172e+03 1.226485e+03
4.393966e+03 1.226485e+03
4.032794e+03 1.226485e+03
3.654625e+03 1.226485e+03
3.292853e+03 1.226485e+03
2.969315e+03 1.226485e+03
2.667382e+03 1.226485e+03
2.285452e+03 1.226485e+03
2.022959e+03 1.187930e+03
1.804267e+03 1.060278e+03
1.611346e+03 9.410659e+02
1.449639e+03 9.232294e+02
1.316702e+03 9.054969e+02
1.186729e+03 8.415787e+02
1.084384e+03 7.385148e+02
9.911083e+02 6.976005e+02
9.296444e+02 6.706590e+02
8.590411e+02 6.182138e+02
8.108139e+02 6.022137e+02
7.586615e+02 5.846237e+02
7.210878e+02 5.701092e+02
6.886505e+02 5.468154e+02
6.656693e+02 5.424762e+02
6.463754e+02 5.313223e+02
4.003507e+04 3.122638e+04
3.491153e+04 1.531322e+03
3.370312e+04 1.531322e+03
3.296911e+04 1.531322e+03
3.250288e+04 1.531322e+03
3.215803e+04 1.531322e+03
3.188121e+04 1.531322e+03
3.162035e+04 1.531322e+03
3.144578e+04 1.531322e+03
3.123036e+04 1.531322e+03
3.102988e+04 1.531322e+03
3.088063e+04 1.531322e+03
3.074306e+04 1.531322e+03
3.061398e+04 1.531322e+03
3.047984e+04 1.531322e+03
3.037052e+04 1.531322e+03
3.023230e+04 1.531322e+03
3.012047e+04 1.531322e+03
2.996969e+04 1.531322e+03
2.985493e+04 1.531322e+03
2.972516e+04 1.531322e+03
2.957925e+04 1.531322e+03
2.943679e+04 1.531322e+03
2.929076e+04 1.531322e+03
2.914154e+04 1.531322e+03
2.902118e+04 1.531322e+03
2.890176e+04 1.531322e+03
2.880399e+04 1.531322e+03
2.862974e+04 1.531322e+03
2.850172e+04 1.531322e+03
2.838559e+04 1.531322e+03
2.827869e+04 1.531322e+03
2.814733e+04 1.531322e+03
2.806834e+04 1.531322e+03
2.794682e+04 1.531322e+03
2.784738e+04 1.531322e+03
2.773480e+04 1.531322e+03
2.763840e+04 1.531322e+03
2.753742e+04 1.531322e+03
2.742618e+04 1.531322e+03
2.735581e+04 1.531322e+03
2.726475e+04 1.531322e+03
2.715766e+04 1.531322e+03
2.707251e+04 1.531322e+03
2.695251e+04 1.531322e+03
2.684719e+04 1.531322e+03
2.675280e+04 1.531322e+03
2.666682e+04 1.531322e+03
2.659391e+04 1.531322e+03
2.647959e+04 1.531322e+03
2.636678e+04 1.531322e+03
2.631132e+04 1.531322e+03
2.623273e+04 1.531322e+03
2.615494e+04 1.531322e+03
2.605914e+04 1.531322e+03
2.599466e+04 1.531322e+03
2.592548e+04 1.531322e+03
2.583930e+04 1.531322e+03
2.577401e+04 1.531322e+03
2.571062e+04 1.531322e+03
2.563135e+04 1.531322e+03
2.555815e+04 1.531322e+03
2.257246e+04 1.531322e+03
1.929916e+04 1.531322e+03
1.664751e+04 1.531322e+03
1.480230e+04 1.531322e+03
1.338775e+04 1.531322e+03
1.209176e+04 1.531322e+03
1.091050e+04 1.531322e+03
1.011420e+04 1.531322e+03
9.340555e+03 1.531322e+03
8.724063e+03 1.531322e+03
8.095756e+03 1.531322e+03
7.495299e+03 1.531322e+03
6.769945e+03 1.531322e+03
6.151067e+03 1.531322e+03
5.600330e+03 1.531322e+03
5.124871e+03 1.531322e+03
4.602812e+03 1.531322e+03
4.132876e+03 1.531322e+03
3.724585e+03 1.531322e+03
3.321034e+03 1.531322e+03
2.989389e+03 1.531322e+03
2.600364e+03 1.377581e+03
2.321172e+03 1.245259e+03
2.040720e+03 1.058396e+03
1.821588e+03 9.793293e+02
1.632885e+03 8.933061e+02
1.470016e+03 8.275170e+02
1.313554e+03 7.361028e+02
1.162014e+03 6.185331e+02
1.037141e+03 5.016477e+02
9.494455e+02 4.771610e+02
8.665330e+02 4.192631e+02
7.712142e+02 3.527197e+02
6.923639e+02 3.211687e+02
6.186095e+02 3.006023e+02
5.626031e+02 2.802428e+02
5.148084e+02 2.586968e+02
4.734483e+02 2.502203e+02
4.223594e+02 2.379084e+02
4.003507e+04 3.122638e+04
3.499897e+04 1.237908e+03
3.371705e+04 1.237908e+03
3.303492e+04 1.237908e+03
3.263444e+04 1.237908e+03
3.229919e+04 1.237908e+03
3.202266e+04 1.237908e+03
3.176784e+04 1.237908e+03
3.149537e+04 1.237908e+03
3.124758e+04 1.237908e+03
3.107986e+04 1.237908e+03
3.093350e+04 1.237908e+03
3.079894e+04 1.237908e+03
3.066016e+04 1.237908e+03
3.049602e+04 1.237908e+03
3.035639e+04 1.237908e+03
3.022770e+04 1.237908e+03
3.008557e+04 1.237908e+03
2.999729e+04 1.237908e+03
2.985713e+04 1.237908e+03
2.971342e+04 1.237908e+03
2.957575e+04 1.237908e+03
2.945080e+04 1.237908e+03
2.933126e+04 1.237908e+03
2.922776e+04 1.237908e+03
2.910672e+04 1.237908e+03
2.896629e+04 1.237908e+03
2.886252e+04 1.237908e+03
2.870806e+04 1.237908e+03
2.859324e+04 1.237908e+03
2.845905e+04 1.237908e+03
2.835622e+04 1.237908e+03
2.821340e+04 1.237908e+03
2.809567e+04 1.237908e+03
2.798662e+04 1.237908e+03
2.789939e+04 1.237908e+03
2.781147e+04 1.237908e+03
2.770565e+04 1.237908e+03
2.763301e+04 1.237908e+03
2.754448e+04 1.237908e+03
2.744903e+04 1.237908e+03
2.737555e+04 1.237908e+03
2.729720e+04 1.237908e+03
2.720054e+04 1.237908e+03
2.712354e+04 1.237908e+03
2.703583e+04 1.237908e+03
2.695442e+04 1.237908e+03
2.687202e+04 1.237908e+03
2.678777e+04 1.237908e+03
2.670735e+04 1.237908e+03
2.661451e+04 1.237908e+03
2.655804e+04 1.237908e+03
2.647507e+04 1.237908e+03
2.640076e+04 1.237908e+03
2.633125e+04 1.237908e+03
2.627567e+04 1.237908e+03
2.620416e+04 1.237908e+03
2.610668e+04 1.237908e+03
2.605140e+04 1.237908e+03
2.599129e+04 1.237908e+03
2.590778e+04 1.237908e+03
2.585463e+04 1.237908e+03
2.332576e+04 1.237908e+03
1.967059e+04 1.237908e+03
1.680346e+04 1.237908e+03
1.497030e+04 1.237908e+03
1.327398e+04 1.237908e+03
1.226338e+04 1.237908e+03
1.137948e+04 1.237908e+03
1.065393e+04 1.237908e+03
9.940081e+03 1.237908e+03
9.361408e+03 1.237908e+03
8.628214e+03 1.237908e+03
7.876601e+03 1.237908e+03
7.313076e+03 1.237908e+03
6.813155e+03 1.237908e+03
6.266908e+03 1.237908e+03
5.903141e+03 1.237908e+03
5.476691e+03 1.237908e+03
4.998293e+03 1.237908e+03
4.596052e+03 1.237908e+03
4.229344e+03 1.237908e+03
3.904710e+03 1.237908e+03
3.593016e+03 1.237908e+03
3.287634e+03 1.237908e+03
3.026065e+03 1.237908e+03
2.808650e+03 1.237908e+03
2.517247e+03 1.237908e+03
2.293050e+03 1.221521e+03
2.080344e+03 1.051338e+03
1.888633e+03 8.019775e+02
1.688078e+03 7.145100e+02
1.525562e+03 7.001467e+02
1.387504e+03 6.260820e+02
1.212090e+03 4.729606e+02
1.071635e+03 4.152078e+02
9.550863e+02 3.923253e+02
8.444216e+02 3.479276e+02
7.417824e+02 3.107382e+02
6.477684e+02 2.563344e+02
5.790555e+02 2.370123e+02
4.003507e+04 3.122638e+04
3.493095e+04 1.237012e+03
3.372454e+04 1.237012e+03
3.310020e+04 1.237012e+03
3.261269e+04 1.237012e+03
3.227253e+04 1.237012e+03
3.198603e+04 1.237012e+03
3.174888e+04 1.237012e+03
3.150679e+04 1.237012e+03
3.131162e+04 1.237012e+03
3.114918e+04 1.237012e+03
3.098260e+04 1.237012e+03
3.079269e+04 1.237012e+03
3.066239e+04 1.237012e+03
3.052333e+04 1.237012e+03
3.039584e+04 1.237012e+03
3.024183e+04 1.237012e+03
3.011586e+04 1.237012e+03
3.000029e+04 1.237012e+03
2.988432e+04 1.237012e+03
2.973415e+04 1.237012e+03
2.960529e+04 1.237012e+03
2.949475e+04 1.237012e+03
2.935290e+04 1.237012e+03
2.924973e+04 1.237012e+03
2.913208e+04 1.237012e+03
2.898785e+04 1.237012e+03
2.886983e+04 1.237012e+03
2.875382e+04 1.237012e+03
2.862879e+04 1.237012e+03
2.851286e+04 1.237012e+03
2.837340e+04 1.237012e+03
2.825117e+04 1.237012e+03
2.811400e+04 1.237012e+03
2.797974e+04 1.237012e+03
2.786872e+04 1.237012e+03
2.778125e+04 1.237012e+03
2.765991e+04 1.237012e+03
2.758442e+04 1.237012e+03
2.748050e+04 1.237012e+03
2.739114e+04 1.237012e+03
2.730011e+04 1.237012e+03
2.720816e+04 1.237012e+03
2.712762e+04 1.237012e+03
2.702579e+04 1.237012e+03
2.693340e+04 1.237012e+03
2.683013e+04 1.237012e+03
2.674656e+04 1.237012e+03
2.666765e+04 1.237012e+03
2.657777e+04 1.237012e+03
2.650119e+04 1.237012e+03
2.641784e+04 1.237012e+03
2.635832e+04 1.237012e+03
2.623480e+04 1.237012e+03
2.617327e+04 1.237012e+03
2.606159e+04 1.237012e+03
2.600274e+04 1.237012e+03
2.594064e+04 1.237012e+03
2.586066e+04 1.237012e+03
2.577634e+04 1.237012e+03
2.570176e+04 1.237012e+03
2.563324e+04 1.237012e+03
2.316823e+04 1.237012e+03
1.972504e+04 1.237012e+03
1.723500e+04 1.237012e+03
1.517145e+04 1.237012e+03
1.341867e+04 1.237012e+03
1.161336e+04 1.237012e+03
1.009979e+04 1.237012e+03
8.972639e+03 1.237012e+03
7.935292e+03 1.237012e+03
7.064215e+03 1.237012e+03
6.289937e+03 1.237012e+03
5.613423e+03 1.237012e+03
4.964724e+03 1.237012e+03
4.424977e+03 1.237012e+03
3.889702e+03 1.237012e+03
3.393899e+03 1.237012e+03
2.949225e+03 1.237012e+03
2.622216e+03 1.237012e+03
2.328734e+03 1.237012e+03
2.076506e+03 1.192674e+03
1.811067e+03 1.078381e+03
1.631091e+03 8.089917e+02
1.437611e+03 6.553921e+02
1.268522e+03 5.873504e+02
1.116353e+03 4.931142e+02
1.006783e+03 4.791751e+02
8.804177e+02 3.128741e+02
7.609019e+02 2.877455e+02
6.487070e+02 2.491795e+02
5.646836e+02 2.066348e+02
4.892247e+02 1.736516e+02
4.091886e+02 1.594405e+02
3.491827e+02 1.361668e+02
2.980926e+02 1.097526e+02
2.623690e+02 1.016002e+02
2.327715e+02 8.726658e+01
2.020544e+02 8.202845e+01
1.799713e+02 6.906710e+01
1.639696e+02 5.978130e+01
4.003507e+04 3.122638e+04
3.477642e+04 1.059781e+03
3.374409e+04 1.059781e+03
3.305406e+04 1.059781e+03
3.257540e+04 1.059781e+03
3.228035e+04 1.059781e+03
3.197057e+04 1.059781e+03
3.172333e+04 1.059781e+03
3.150582e+04 1.059781e+03
3.129918e+04 1.059781e+03
3.113271e+04 1.059781e+03
3.097716e+04 1.059781e+03
3.082964e+04 1.059781e+03
3.068661e+04 1.059781e+03
3.053825e+04 1.059781e+03
3.039700e+04 1.059781e+03
3.026683e+04 1.059781e+03
3.013133e+04 1.059781e+03
2.999293e+04 1.059781e+03
2.987798e+04 1.059781e+03
2.975817e+04 1.059781e+03
2.963119e+04 1.059781e+03
2.950944e+04 1.059781e+03
2.937494e+04 1.059781e+03
2.924401e+04 1.059781e+03
2.909282e+04 1.059781e+03
2.897632e+04 1.059781e+03
2.884979e+04 1.059781e+03
2.873113e+04 1.059781e+03
2.860056e+04 1.059781e+03
2.848048e+04 1.059781e+03
2.835469e+04 1.059781e+03
2.826057e+04 1.059781e+03
2.812240e+04 1.059781e+03
2.801462e+04 1.059781e+03
2.791869e+04 1.059781e+03
2.780876e+04 1.059781e+03
2.770072e+04 1.059781e+03
2.759820e+04 1.059781e+03
2.751517e+04 1.059781e+03
2.742534e+04 1.059781e+03
2.733853e+04 1.059781e+03
2.724484e+04 1.059781e+03
2.715535e+04 1.059781e+03
2.705594e+04 1.059781e+03
2.698293e+04 1.059781e+03
2.690100e+04 1.059781e+03
2.680000e+04 1.059781e+03
2.672528e+04 1.059781e+03
2.665974e+04 1.059781e+03
2.656494e+04 1.059781e+03
2.646785e+04 1.059781e+03
2.641716e+04 1.059781e+03
2.635311e+04 1.059781e+03
2.626474e+04 1.059781e+03
2.618825e+04 1.059781e+03
2.612334e+04 1.059781e+03
2.605006e+04 1.059781e+03
2.598544e+04 1.059781e+03
2.589005e+04 1.059781e+03
2.582262e+04 1.059781e+03
2.576437e+04 1.059781e+03
2.339869e+04 1.059781e+03
1.999186e+04 1.059781e+03
1.783756e+04 1.059781e+03
1.590502e+04 1.059781e+03
1.402874e+04 1.059781e+03
1.298259e+04 1.059781e+03
1.192798e+04 1.059781e+03
1.108284e+04 1.059781e+03
1.028078e+04 1.059781e+03
9.539867e+03 1.059781e+03
8.764584e+03 1.059781e+03
8.124336e+03 1.059781e+03
7.574585e+03 1.059781e+03
7.024669e+03 1.059781e+03
6.433996e+03 1.059781e+03
5.924346e+03 1.059781e+03
5.461149e+03 1.059781e+03
4.992322e+03 1.059781e+03
4.546416e+03 1.059781e+03
4.147633e+03 1.059781e+03
3.729693e+03 1.059781e+03
3.358254e+03 1.059781e+03
3.055921e+03 1.059781e+03
2.769921e+03 1.059781e+03
2.492220e+03 1.059781e+03
2.258144e+03 1.059781e+03
2.045363e+03 1.059781e+03
1.862772e+03 9.698744e+02
1.672389e+03 7.956792e+02
1.536116e+03 7.252442e+02
1.394730e+03 5.718425e+02
1.258253e+03 5.538205e+02
1.132304e+03 4.828397e+02
1.037123e+03 4.515620e+02
9.318275e+02 3.892673e+02
8.234307e+02 3.601202e+02
7.253116e+02 2.928081e+02
6.541750e+02 2.612061e+02
5.881797e+02 2.153579e+02
4.003507e+04 3.122638e+04
3.496979e+04 1.230324e+03
3.377872e+04 1.230324e+03
3.312691e+04 1.230324e+03
3.267158e+04 1.230324e+03
3.235897e+04 1.230324e+03
3.204998e+04 1.230324e+03
3.180502e+04 1.230324e+03
3.156321e+04 1.230324e+03
3.137453e+04 1.230324e+03
3.119184e+04 1.230324e+03
3.104057e+04 1.230324e+03
3.087004e+04 1.230324e+03
3.071797e+04 1.230324e+03
3.054453e+04 1.230324e+03
3.040329e+04 1.230324e+03
3.027764e+04 1.230324e+03
3.012934e+04 1.230324e+03
2.999622e+04 1.230324e+03
2.986626e+04 1.230324e+03
2.976899e+04 1.230324e+03
2.967151e+04 1.230324e+03
2.955210e+04 1.230324e+03
2.945976e+04 1.230324e+03
2.930897e+04 1.230324e+03
2.919965e+04 1.230324e+03
2.905670e+04 1.230324e+03
2.890962e+04 1.230324e+03
2.878861e+04 1.230324e+03
2.868727e+04 1.230324e+03
2.855765e+04 1.230324e+03
2.845875e+04 1.230324e+03
2.836327e+04 1.230324e+03
2.825241e+04 1.230324e+03
2.813175e+04 1.230324e+03
2.805004e+04 1.230324e+03
2.793939e+04 1.230324e+03
2.784293e+04 1.230324e+03
2.773927e+04 1.230324e+03
2.764167e+04 1.230324e+03
2.753596e+04 1.230324e+03
2.742676e+04 1.230324e+03
2.730684e+04 1.230324e+03
2.720605e+04 1.230324e+03
2.709337e+04 1.230324e+03
2.700900e+04 1.230324e+03
2.689462e+04 1.230324e+03
2.680130e+04 1.230324e+03
2.671292e+04 1.230324e+03
2.664887e+04 1.230324e+03
2.657836e+04 1.230324e+03
2.647450e+04 1.230324e+03
2.641536e+04 1.230324e+03
2.632893e+04 1.230324e+03
2.622508e+04 1.230324e+03
2.615158e+04 1.230324e+03
2.607922e+04 1.230324e+03
2.601288e+04 1.230324e+03
2.595693e+04 1.230324e+03
2.590073e+04 1.230324e+03
2.584880e+04 1.230324e+03
2.579270e+04 1.230324e+03
2.357734e+04 1.230324e+03
1.990213e+04 1.230324e+03
1.738156e+04 1.230324e+03
1.533002e+04 1.230324e+03
1.370848e+04 1.230324e+03
1.266075e+04 1.230324e+03
1.168016e+04 1.230324e+03
1.082860e+04 1.230324e+03
9.944982e+03 1.230324e+03
9.269559e+03 1.230324e+03
8.376638e+03 1.230324e+03
7.650341e+03 1.230324e+03
7.056968e+03 1.230324e+03
6.564360e+03 1.230324e+03
5.985820e+03 1.230324e+03
5.439174e+03 1.230324e+03
5.024827e+03 1.230324e+03
4.627064e+03 1.230324e+03
4.273503e+03 1.230324e+03
3.885822e+03 1.230324e+03
3.624247e+03 1.230324e+03
3.262394e+03 1.230324e+03
2.960452e+03 1.230324e+03
2.649629e+03 1.230324e+03
2.383385e+03 1.145396e+03
2.133095e+03 1.015511e+03
1.906975e+03 9.753771e+02
1.721896e+03 9.088550e+02
1.526889e+03 8.352320e+02
1.348935e+03 6.521147e+02
1.195165e+03 6.086392e+02
1.050247e+03 5.809149e+02
9.541694e+02 5.429141e+02
8.647103e+02 5.146759e+02
7.900999e+02 4.693717e+02
7.206368e+02 4.426400e+02
6.723919e+02 4.135543e+02
6.243306e+02 4.070580e+02
5.825063e+02 3.873670e+02
4.003507e+04 3.122638e+04
3.498506e+04 1.387367e+03
3.375086e+04 1.387367e+03
3.312518e+04 1.387367e+03
3.267997e+04 1.387367e+03
3.229478e+04 1.387367e+03
3.197311e+04 1.387367e+03
3.165093e+04 1.387367e+03
3.143943e+04 1.387367e+03
3.123407e+04 1.387367e+03
3.103830e+04 1.387367e+03
3.086572e+04 1.387367e+03
3.070930e+04 1.387367e+03
3.057332e+04 1.387367e+03
3.042011e+04 1.387367e+03
3.031950e+04 1.387367e+03
3.019241e+04 1.387367e+03
3.006044e+04 1.387367e+03
2.993156e+04 1.387367e+03
2.981751e+04 1.387367e+03
2.971906e+04 1.387367e+03
2.958328e+04 1.387367e+03
2.947913e+04 1.387367e+03
2.932578e+04 1.387367e+03
2.919937e+04 1.387367e+03
2.907654e+04 1.387367e+03
2.894597e+04 1.387367e+03
2.881324e+04 1.387367e+03
2.870371e+04 1.387367e+03
2.858978e+04 1.387367e+03
2.848475e+04 1.387367e+03
2.836556e+04 1.387367e+03
2.824806e+04 1.387367e+03
2.813284e+04 1.387367e+03
2.802019e+04 1.387367e+03
2.791952e+04 1.387367e+03
2.779254e+04 1.387367e+03
2.767981e+04 1.387367e+03
2.757985e+04 1.387367e+03
2.746859e+04 1.387367e+03
2.737768e+04 1.387367e+03
2.722917e+04 1.387367e+03
2.711901e+04 1.387367e+03
2.703734e+04 1.387367e+03
2.693995e+04 1.387367e+03
2.686912e+04 1.387367e+03
2.679680e+04 1.387367e+03
2.671436e+04 1.387367e+03
2.665228e+04 1.387367e+03
2.656434e+04 1.387367e+03
2.650615e+04 1.387367e+03
2.643878e+04 1.387367e+03
2.638360e+04 1.387367e+03
2.631949e+04 1.387367e+03
2.625338e+04 1.387367e+03
2.619855e+04 1.387367e+03
2.613108e+04 1.387367e+03
2.602297e+04 1.387367e+03
2.596496e+04 1.387367e+03
2.589247e+04 1.387367e+03
2.582891e+04 1.387367e+03
2.576234e+04 1.387367e+03
2.343198e+04 1.387367e+03
1.985933e+04 1.387367e+03
1.746659e+04 1.387367e+03
1.545158e+04 1.387367e+03
1.402072e+04 1.387367e+03
1.271648e+04 1.387367e+03
1.164276e+04 1.387367e+03
1.074916e+04 1.387367e+03
9.963292e+03 1.387367e+03
9.129405e+03 1.387367e+03
8.500393e+03 1.387367e+03
7.883692e+03 1.387367e+03
7.260676e+03 1.387367e+03
6.762346e+03 1.387367e+03
6.162878e+03 1.387367e+03
5.656218e+03 1.387367e+03
5.131775e+03 1.387367e+03
4.675478e+03 1.387367e+03
4.223250e+03 1.387367e+03
3.785215e+03 1.387367e+03
3.401299e+03 1.387367e+03
2.991745e+03 1.387367e+03
2.692878e+03 1.387367e+03
2.438105e+03 1.308676e+03
2.190464e+03 1.220902e+03
1.977387e+03 1.008312e+03
1.798114e+03 9.161917e+02
1.596280e+03 8.156471e+02
1.410796e+03 6.831527e+02
1.260401e+03 6.235962e+02
1.134839e+03 5.829506e+02
1.012807e+03 5.311276e+02
8.829709e+02 4.764465e+02
8.040304e+02 4.317039e+02
7.210120e+02 3.525774e+02
6.533894e+02 2.687375e+02
5.780524e+02 2.478636e+02
5.226353e+02 2.213361e+02
4.677689e+02 1.790556e+02
4.003507e+04 3.122638e+04
3.496686e+04 1.179056e+03
3.373337e+04 1.179056e+03
3.305948e+04 1.179056e+03
3.254228e+04 1.179056e+03
3.219850e+04 1.179056e+03
3.186846e+04 1.179056e+03
3.162205e+04 1.179056e+03
3.142237e+04 1.179056e+03
3.124071e+04 1.179056e+03
3.109361e+04 1.179056e+03
3.090430e+04 1.179056e+03
3.075308e+04 1.179056e+03
3.059322e+04 1.179056e+03
3.044556e+04 1.179056e+03
3.032893e+04 1.179056e+03
3.019626e+04 1.179056e+03
3.008580e+04 1.179056e+03
2.997175e+04 1.179056e+03
2.982605e+04 1.179056e+03
2.968181e+04 1.179056e+03
2.957526e+04 1.179056e+03
2.946595e+04 1.179056e+03
2.935375e+04 1.179056e+03
2.922259e+04 1.179056e+03
2.909035e+04 1.179056e+03
2.898369e+04 1.179056e+03
2.886316e+04 1.179056e+03
2.873878e+04 1.179056e+03
2.862377e+04 1.179056e+03
2.850064e+04 1.179056e+03
2.839892e+04 1.179056e+03
2.825256e+04 1.179056e+03
2.815063e+04 1.179056e+03
2.807350e+04 1.179056e+03
2.797900e+04 1.179056e+03
2.787948e+04 1.179056e+03
2.778131e+04 1.179056e+03
2.767505e+04 1.179056e+03
2.759895e+04 1.179056e+03
2.749182e+04 1.179056e+03
2.738700e+04 1.179056e+03
2.728860e+04 1.179056e+03
2.719844e+04 1.179056e+03
2.711943e+04 1.179056e+03
2.702947e+04 1.179056e+03
2.695204e+04 1.179056e+03
2.686817e+04 1.179056e+03
2.680915e+04 1.179056e+03
2.672650e+04 1.179056e+03
2.662681e+04 1.179056e+03
2.652927e+04 1.179056e+03
2.645565e+04 1.179056e+03
2.637127e+04 1.179056e+03
2.627917e+04 1.179056e+03
2.621644e+04 1.179056e+03
2.613097e+04 1.179056e+03
2.603546e+04 1.179056e+03
2.598240e+04 1.179056e+03
2.589956e+04 1.179056e+03
2.583724e+04 1.179056e+03
2.578423e+04 1.179056e+03
2.330434e+04 1.179056e+03
1.947470e+04 1.179056e+03
1.683098e+04 1.179056e+03
1.471987e+04 1.179056e+03
1.326271e+04 1.179056e+03
1.200960e+04 1.179056e+03
1.095469e+04 1.179056e+03
9.995707e+03 1.179056e+03
9.279688e+03 1.179056e+03
8.617185e+03 1.179056e+03
7.835634e+03 1.179056e+03
7.217653e+03 1.179056e+03
6.758922e+03 1.179056e+03
6.190040e+03 1.179056e+03
5.621845e+03 1.179056e+03
5.129830e+03 1.179056e+03
4.697954e+03 1.179056e+03
4.271615e+03 1.179056e+03
3.778213e+03 1.179056e+03
3.399260e+03 1.179056e+03
2.980182e+03 1.179056e+03
2.627563e+03 1.179056e+03
2.331048e+03 1.129693e+03
2.112147e+03 9.399936e+02
1.840720e+03 8.101989e+02
1.613492e+03 7.237907e+02
1.411897e+03 6.373727e+02
1.224875e+03 3.730980e+02
1.076664e+03 3.329321e+02
9.299162e+02 3.106009e+02
8.029666e+02 2.793337e+02
6.861065e+02 2.536610e+02
6.022560e+02 2.266228e+02
5.305057e+02 1.952547e+02
4.784663e+02 1.887141e+02
4.162951e+02 1.630073e+02
3.754965e+02 1.456649e+02
3.299894e+02 1.320055e+02
3.004266e+02 1.153606e+02
4.003507e+04 3.122638e+04
3.491387e+04 1.116473e+03
3.370840e+04 1.116473e+03
3.299171e+04 1.116473e+03
3.253603e+04 1.116473e+03
3.221979e+04 1.116473e+03
3.192237e+04 1.116473e+03
3.163613e+04 1.116473e+03
3.140752e+04 1.116473e+03
3.120292e+04 1.116473e+03
3.099573e+04 1.116473e+03
3.084292e+04 1.116473e+03
3.067767e+04 1.116473e+03
3.051731e+04 1.116473e+03
3.036774e+04 1.116473e+03
3.022505e+04 1.116473e+03
3.010884e+04 1.116473e+03
2.995343e+04 1.116473e+03
2.981139e+04 1.116473e+03
2.968712e+04 1.116473e+03
2.954530e+04 1.116473e+03
2.942737e+04 1.116473e+03
2.930483e+04 1.116473e+03
2.918029e+04 1.116473e+03
2.906530e+04 1.116473e+03
2.894009e+04 1.116473e+03
2.881041e+04 1.116473e+03
2.870521e+04 1.116473e+03
2.859354e+04 1.116473e+03
2.846736e+04 1.116473e+03
2.834573e+04 1.116473e+03
2.822178e+04 1.116473e+03
2.812264e+04 1.116473e+03
2.801541e+04 1.116473e+03
2.789661e+04 1.116473e+03
2.777540e+04 1.116473e+03
2.767476e+04 1.116473e+03
2.757990e+04 1.116473e+03
2.747488e+04 1.116473e+03
2.739266e+04 1.116473e+03
2.725585e+04 1.116473e+03
2.715949e+04 1.116473e+03
2.704351e+04 1.116473e+03
2.693373e+04 1.116473e+03
2.685459e+04 1.116473e+03
2.676599e+04 1.116473e+03
2.669108e+04 1.116473e+03
2.658888e+04 1.116473e+03
2.653150e+04 1.116473e+03
2.645108e+04 1.116473e+03
2.636088e+04 1.116473e+03
2.624769e+04 1.116473e+03
2.617457e+04 1.116473e+03
2.609629e+04 1.116473e+03
2.600100e+04 1.116473e+03
2.591875e+04 1.116473e+03
2.587241e+04 1.116473e+03
2.581005e+04 1.116473e+03
2.574713e+04 1.116473e+03
2.567212e+04 1.116473e+03
2.561772e+04 1.116473e+03
2.549592e+04 1.116473e+03
2.352289e+04 1.116473e+03
1.973021e+04 1.116473e+03
1.700665e+04 1.116473e+03
1.510069e+04 1.116473e+03
1.374481e+04 1.116473e+03
1.268689e+04 1.116473e+03
1.169554e+04 1.116473e+03
1.066095e+04 1.116473e+03
9.852232e+03 1.116473e+03
9.111129e+03 1.116473e+03
8.475061e+03 1.116473e+03
7.891705e+03 1.116473e+03
7.372332e+03 1.116473e+03
6.815306e+03 1.116473e+03
6.279230e+03 1.116473e+03
5.839219e+03 1.116473e+03
5.365430e+03 1.116473e+03
4.999237e+03 1.116473e+03
4.489844e+03 1.116473e+03
4.106911e+03 1.116473e+03
3.719205e+03 1.116473e+03
3.432400e+03 1.116473e+03
3.098090e+03 1.116473e+03
2.786378e+03 1.116473e+03
2.462362e+03 1.116473e+03
2.205867e+03 1.060158e+03
1.973668e+03 9.718998e+02
1.780867e+03 9.373224e+02
1.563187e+03 8.408237e+02
1.394876e+03 6.782947e+02
1.249388e+03 5.810248e+02
1.109258e+03 4.733041e+02
1.002694e+03 4.336457e+02
8.972598e+02 4.037177e+02
7.948088e+02 3.971893e+02
7.196807e+02 3.676667e+02
6.527144e+02 3.435025e+02
5.902731e+02 3.031608e+02
5.382050e+02 2.862921e+02
4.003507e+04 3.122638e+04
3.489783e+04 1.286292e+03
3.366507e+04 1.286292e+03
3.299724e+04 1.286292e+03
3.259777e+04 1.286292e+03
3.229506e+04 1.286292e+03
3.200397e+04 1.286292e+03
3.175310e+04 1.286292e+03
3.152623e+04 1.286292e+03
3.134503e+04 1.286292e+03
3.117843e+04 1.286292e+03
3.100783e+04 1.286292e+03
3.083051e+04 1.286292e+03
3.066100e+04 1.286292e+03
3.051305e+04 1.286292e+03
3.035038e+04 1.286292e+03
3.021193e+04 1.286292e+03
3.010539e+04 1.286292e+03
2.996738e+04 1.286292e+03
2.985966e+04 1.286292e+03
2.974902e+04 1.286292e+03
2.963953e+04 1.286292e+03
2.951219e+04 1.286292e+03
2.937425e+04 1.286292e+03
2.924963e+04 1.286292e+03
2.913848e+04 1.286292e+03
2.904485e+04 1.286292e+03
2.894746e+04 1.286292e+03
2.884047e+04 1.286292e+03
2.871863e+04 1.286292e+03
2.859168e+04 1.286292e+03
2.847374e+04 1.286292e+03
2.835091e+04 1.286292e+03
2.824141e+04 1.286292e+03
2.813641e+04 1.286292e+03
2.800770e+04 1.286292e+03
2.787872e+04 1.286292e+03
2.777502e+04 1.286292e+03
2.766246e+04 1.286292e+03
2.757150e+04 1.286292e+03
2.746856e+04 1.286292e+03
2.733940e+04 1.286292e+03
2.721595e+04 1.286292e+03
2.712309e+04 1.286292e+03
2.704903e+04 1.286292e+03
2.693568e+04 1.286292e+03
2.683137e+04 1.286292e+03
2.674374e+04 1.286292e+03
2.666717e+04 1.286292e+03
2.659349e+04 1.286292e+03
2.651298e+04 1.286292e+03
2.645290e+04 1.286292e+03
2.638105e+04 1.286292e+03
2.632017e+04 1.286292e+03
2.623365e+04 1.286292e+03
2.615686e+04 1.286292e+03
2.608415e+04 1.286292e+03
2.602268e+04 1.286292e+03
2.596417e+04 1.286292e+03
2.589689e+04 1.286292e+03
2.583045e+04 1.286292e+03
2.576381e+04 1.286292e+03
2.344638e+04 1.286292e+03
1.973027e+04 1.286292e+03
1.714029e+04 1.286292e+03
1.504179e+04 1.286292e+03
1.342788e+04 1.286292e+03
1.231486e+04 1.286292e+03
1.132207e+04 1.286292e+03
1.038436e+04 1.286292e+03
9.636827e+03 1.286292e+03
8.814719e+03 1.286292e+03
8.092914e+03 1.286292e+03
7.329142e+03 1.286292e+03
6.563364e+03 1.286292e+03
5.893218e+03 1.286292e+03
5.298861e+03 1.286292e+03
4.691787e+03 1.286292e+03
4.217725e+03 1.286292e+03
3.731924e+03 1.286292e+03
3.211630e+03 1.286292e+03
2.793867e+03 1.286292e+03
2.404834e+03 1.128211e+03
2.072642e+03 1.046056e+03
1.752192e+03 8.253838e+02
1.509527e+03 7.045217e+02
1.284075e+03 6.220780e+02
1.101171e+03 5.397215e+02
9.437187e+02 4.716467e+02
8.095097e+02 4.020145e+02
7.037425e+02 3.426913e+02
6.146053e+02 2.663451e+02
5.349624e+02 2.382697e+02
4.578647e+02 2.214298e+02
4.124523e+02 1.646310e+02
3.698309e+02 1.549764e+02
3.286546e+02 1.391168e+02
2.920439e+02 1.313889e+02
2.684019e+02 9.965743e+01
2.410539e+02 9.821997e+01
2.151760e+02 9.025714e+01
4.003507e+04 3.122638e+04
3.498746e+04 1.090257e+03
3.365054e+04 1.090257e+03
3.301630e+04 1.090257e+03
3.254204e+04 1.090257e+03
3.215442e+04 1.090257e+03
3.186729e+04 1.090257e+03
3.162216e+04 1.090257e+03
3.140885e+04 1.090257e+03
3.118624e+04 1.090257e+03
3.100644e+04 1.090257e+03
3.087970e+04 1.090257e+03
3.073603e+04 1.090257e+03
3.058588e+04 1.090257e+03
3.046227e+04 1.090257e+03
3.036095e+04 1.090257e+03
3.022963e+04 1.090257e+03
3.014183e+04 1.090257e+03
3.001805e+04 1.090257e+03
2.987268e+04 1.090257e+03
2.974692e+04 1.090257e+03
2.960642e+04 1.090257e+03
2.949264e+04 1.090257e+03
2.936118e+04 1.090257e+03
2.924807e+04 1.090257e+03
2.909800e+04 1.090257e+03
2.895411e+04 1.090257e+03
2.881965e+04 1.090257e+03
2.871918e+04 1.090257e+03
2.856889e+04 1.090257e+03
2.845953e+04 1.090257e+03
2.831972e+04 1.090257e+03
2.817987e+04 1.090257e+03
2.808783e+04 1.090257e+03
2.795781e+04 1.090257e+03
2.788498e+04 1.090257e+03
2.776436e+04 1.090257e+03
2.766069e+04 1.090257e+03
2.757912e+04 1.090257e+03
2.743950e+04 1.090257e+03
2.732996e+04 1.090257e+03
2.724499e+04 1.090257e+03
2.715161e+04 1.090257e+03
2.705483e+04 1.090257e+03
2.693429e+04 1.090257e+03
2.685055e+04 1.090257e+03
2.677177e+04 1.090257e+03
2.667311e+04 1.090257e+03
2.659440e+04 1.090257e+03
2.652747e+04 1.090257e+03
2.646318e+04 1.090257e+03
2.637832e+04 1.090257e+03
2.629918e+04 1.090257e+03
2.621383e+04 1.090257e+03
2.614237e+04 1.090257e+03
2.608219e+04 1.090257e+03
2.602886e+04 1.090257e+03
2.594847e+04 1.090257e+03
2.587011e+04 1.090257e+03
2.578242e+04 1.090257e+03
2.573458e+04 1.090257e+03
2.567281e+04 1.090257e+03
2.359959e+04 1.090257e+03
2.050873e+04 1.090257e+03
1.793325e+04 1.090257e+03
1.605867e+04 1.090257e+03
1.465071e+04 1.090257e+03
1.345186e+04 1.090257e+03
1.248212e+04 1.090257e+03
1.136437e+04 1.090257e+03
1.040918e+04 1.090257e+03
9.630745e+03 1.090257e+03
8.933814e+03 1.090257e+03
8.145665e+03 1.090257e+03
7.553377e+03 1.090257e+03
6.965080e+03 1.090257e+03
6.462344e+03 1.090257e+03
5.893864e+03 1.090257e+03
5.418578e+03 1.090257e+03
5.013644e+03 1.090257e+03
4.620404e+03 1.090257e+03
4.144087e+03 1.090257e+03
3.802677e+03 1.090257e+03
3.420861e+03 1.090257e+03
3.038955e+03 1.090257e+03
2.706541e+03 1.090257e+03
2.389142e+03 1.090257e+03
2.137266e+03 9.332746e+02
1.855476e+03 8.950731e+02
1.635552e+03 7.329381e+02
1.425051e+03 6.003421e+02
1.274738e+03 5.747897e+02
1.107774e+03 5.191646e+02
9.531987e+02 4.236999e+02
8.352817e+02 3.795941e+02
7.328472e+02 3.272623e+02
6.397062e+02 2.925464e+02
5.689763e+02 2.573623e+02
4.986494e+02 2.204879e+02
4.440251e+02 1.953417e+02
4.004460e+02 1.715278e+02
4.003507e+04 3.122638e+04
3.503536e+04 1.171528e+03
3.381723e+04 1.171528e+03
3.306529e+04 1.171528e+03
3.262822e+04 1.171528e+03
3.227355e+04 1.171528e+03
3.199509e+04 1.171528e+03
3.171538e+04 1.171528e+03
3.151216e+04 1.171528e+03
3.131512e+04 1.171528e+03
3.114032e+04 1.171528e+03
3.098917e+04 1.171528e+03
3.080079e+04 1.171528e+03
3.064683e+04 1.171528e+03
3.049656e+04 1.171528e+03
3.035193e+04 1.171528e+03
3.027088e+04 1.171528e+03
3.015785e+04 1.171528e+03
3.004212e+04 1.171528e+03
2.993007e+04 1.171528e+03
2.982969e+04 1.171528e+03
2.972397e+04 1.171528e+03
2.960281e+04 1.171528e+03
2.950194e+04 1.171528e+03
2.939229e+04 1.171528e+03
2.926096e+04 1.171528e+03
2.914358e+04 1.171528e+03
2.902573e+04 1.171528e+03
2.891646e+04 1.171528e+03
2.878963e+04 1.171528e+03
2.868017e+04 1.171528e+03
2.856895e+04 1.171528e+03
2.846652e+04 1.171528e+03
2.835120e+04 1.171528e+03
2.819291e+04 1.171528e+03
2.810050e+04 1.171528e+03
2.801291e+04 1.171528e+03
2.789667e+04 1.171528e+03
2.781394e+04 1.171528e+03
2.771208e+04 1.171528e+03
2.760414e+04 1.171528e+03
2.751882e+04 1.171528e+03
2.740509e+04 1.171528e+03
2.732266e+04 1.171528e+03
2.720917e+04 1.171528e+03
2.715026e+04 1.171528e+03
2.704900e+04 1.171528e+03
2.695827e+04 1.171528e+03
2.686895e+04 1.171528e+03
2.680430e+04 1.171528e+03
2.673861e+04 1.171528e+03
2.666046e+04 1.171528e+03
2.658070e+04 1.171528e+03
2.651231e+04 1.171528e+03
2.642681e+04 1.171528e+03
2.635625e+04 1.171528e+03
2.629282e+04 1.171528e+03
2.620378e+04 1.171528e+03
2.607207e+04 1.171528e+03
2.600791e+04 1.171528e+03
2.594093e+04 1.171528e+03
2.588390e+04 1.171528e+03
2.365491e+04 1.171528e+03
2.047206e+04 1.171528e+03
1.791659e+04 1.171528e+03
1.555688e+04 1.171528e+03
1.387934e+04 1.171528e+03
1.257809e+04 1.171528e+03
1.131689e+04 1.171528e+03
1.030939e+04 1.171528e+03
9.323952e+03 1.171528e+03
8.381550e+03 1.171528e+03
7.385064e+03 1.171528e+03
6.737734e+03 1.171528e+03
6.091915e+03 1.171528e+03
5.475645e+03 1.171528e+03
4.902375e+03 1.171528e+03
4.369844e+03 1.171528e+03
3.864147e+03 1.171528e+03
3.400234e+03 1.171528e+03
2.940690e+03 1.171528e+03
2.533086e+03 1.171528e+03
2.138635e+03 1.140683e+03
1.809816e+03 9.345790e+02
1.512719e+03 8.093571e+02
1.311767e+03 7.218641e+02
1.102845e+03 6.444547e+02
9.538664e+02 5.936483e+02
8.400005e+02 5.375641e+02
7.437114e+02 4.919865e+02
6.607682e+02 4.323153e+02
6.060435e+02 3.937234e+02
5.572239e+02 3.738784e+02
5.150896e+02 3.573222e+02
4.742727e+02 3.414557e+02
4.463220e+02 2.554496e+02
4.083612e+02 2.171148e+02
3.721427e+02 2.042771e+02
3.385508e+02 1.947672e+02
3.117918e+02 1.830382e+02
2.951383e+02 1.775929e+02
4.003507e+04 3.122638e+04
3.496511e+04 1.177593e+03
3.381163e+04 1.177593e+03
3.311258e+04 1.177593e+03
3.268682e+04 1.177593e+03
3.232988e+04 1.177593e+03
3.206593e+04 1.177593e+03
3.180703e+04 1.177593e+03
3.156755e+04 1.177593e+03
3.136599e+04 1.177593e+03
3.118216e+04 1.177593e+03
3.101640e+04 1.177593e+03
3.084667e+04 1.177593e+03
3.071765e+04 1.177593e+03
3.057972e+04 1.177593e+03
3.044460e+04 1.177593e+03
3.033019e+04 1.177593e+03
3.018238e+04 1.177593e+03
3.007355e+04 1.177593e+03
2.996295e+04 1.177593e+03
2.982930e+04 1.177593e+03
2.969628e+04 1.177593e+03
2.957287e+04 1.177593e+03
2.947495e+04 1.177593e+03
2.936050e+04 1.177593e+03
2.922943e+04 1.177593e+03
2.912230e+04 1.177593e+03
2.901564e+04 1.177593e+03
2.890956e+04 1.177593e+03
2.878254e+04 1.177593e+03
2.867633e+04 1.177593e+03
2.854908e+04 1.177593e+03
2.844138e+04 1.177593e+03
2.831381e+04 1.177593e+03
2.820203e+04 1.177593e+03
2.807204e+04 1.177593e+03
2.796631e+04 1.177593e+03
2.789040e+04 1.177593e+03
2.779701e+04 1.177593e+03
2.770856e+04 1.177593e+03
2.761812e+04 1.177593e+03
2.750981e+04 1.177593e+03
2.743352e+04 1.177593e+03
2.733685e+04 1.177593e+03
2.722633e+04 1.177593e+03
2.715345e+04 1.177593e+03
2.706608e+04 1.177593e+03
2.695440e+04 1.177593e+03
2.685229e+04 1.177593e+03
2.676637e+04 1.177593e+03
2.667138e+04 1.177593e+03
2.658177e+04 1.177593e+03
2.651692e+04 1.177593e+03
2.642941e+04 1.177593e+03
2.635842e+04 1.177593e+03
2.626694e+04 1.177593e+03
2.619369e+04 1.177593e+03
2.612558e+04 1.177593e+03
2.605956e+04 1.177593e+03
2.599651e+04 1.177593e+03
2.593077e+04 1.177593e+03
2.587381e+04 1.177593e+03
2.317275e+04 1.177593e+03
1.972242e+04 1.177593e+03
1.701169e+04 1.177593e+03
1.478907e+04 1.177593e+03
1.302405e+04 1.177593e+03
1.162375e+04 1.177593e+03
1.039120e+04 1.177593e+03
9.208621e+03 1.177593e+03
8.155661e+03 1.177593e+03
7.306352e+03 1.177593e+03
6.596997e+03 1.177593e+03
5.906424e+03 1.177593e+03
5.225892e+03 1.177593e+03
4.706014e+03 1.177593e+03
4.190852e+03 1.177593e+03
3.790116e+03 1.177593e+03
3.373485e+03 1.177593e+03
3.010090e+03 1.177593e+03
2.658943e+03 1.177593e+03
2.356868e+03 1.177593e+03
2.101626e+03 1.177593e+03
1.903956e+03 1.155957e+03
1.671731e+03 1.029070e+03
1.486263e+03 8.960444e+02
1.329744e+03 8.318113e+02
1.176066e+03 7.916994e+02
1.061263e+03 6.958919e+02
9.551319e+02 6.611250e+02
8.737368e+02 6.385133e+02
8.016440e+02 6.214043e+02
7.510548e+02 6.001914e+02
7.093975e+02 5.050974e+02
6.683292e+02 4.656578e+02
6.318331e+02 4.596423e+02
5.911776e+02 4.426316e+02
5.630272e+02 4.362858e+02
5.352323e+02 4.236953e+02
5.129533e+02 4.159079e+02
4.975461e+02 4.055500e+02
4.003507e+04 3.122638e+04
3.504756e+04 1.405550e+03
3.385068e+04 1.405550e+03
3.323086e+04 1.405550e+03
3.277037e+04 1.405550e+03
3.242099e+04 1.405550e+03
3.212200e+04 1.405550e+03
3.185913e+04 1.405550e+03
3.163618e+04 1.405550e+03
3.141884e+04 1.405550e+03
3.122030e+04 1.405550e+03
3.106736e+04 1.405550e+03
3.091364e+04 1.405550e+03
3.077669e+04 1.405550e+03
3.064022e+04 1.405550e+03
3.051356e+04 1.405550e+03
3.037533e+04 1.405550e+03
3.021886e+04 1.405550e+03
3.009251e+04 1.405550e+03
2.997588e+04 1.405550e+03
2.984780e+04 1.405550e+03
2.973575e+04 1.405550e+03
2.959634e+04 1.405550e+03
2.946018e+04 1.405550e+03
2.932394e+04 1.405550e+03
2.918355e+04 1.405550e+03
2.907974e+04 1.405550e+03
2.894876e+04 1.405550e+03
2.882731e+04 1.405550e+03
2.872112e+04 1.405550e+03
2.858156e+04 1.405550e+03
2.845294e+04 1.405550e+03
2.835365e+04 1.405550e+03
2.822460e+04 1.405550e+03
2.810945e+04 1.405550e+03
2.800937e+04 1.405550e+03
2.790584e+04 1.405550e+03
2.779473e+04 1.405550e+03
2.770615e+04 1.405550e+03
2.762467e+04 1.405550e+03
2.753062e+04 1.405550e+03
2.743401e+04 1.405550e+03
2.732891e+04 1.405550e+03
2.722228e+04 1.405550e+03
2.711980e+04 1.405550e+03
2.703434e+04 1.405550e+03
2.693943e+04 1.405550e+03
2.684774e+04 1.405550e+03
2.676773e+04 1.405550e+03
2.666352e+04 1.405550e+03
2.658186e+04 1.405550e+03
2.650553e+04 1.405550e+03
2.644747e+04 1.405550e+03
2.638630e+04 1.405550e+03
2.632748e+04 1.405550e+03
2.625622e+04 1.405550e+03
2.620364e+04 1.405550e+03
2.613284e+04 1.405550e+03
2.607565e+04 1.405550e+03
2.599419e+04 1.405550e+03
2.591220e+04 1.405550e+03
2.583370e+04 1.405550e+03
2.324796e+04 1.405550e+03
1.981737e+04 1.405550e+03
1.749511e+04 1.405550e+03
1.561440e+04 1.405550e+03
1.405940e+04 1.405550e+03
1.286858e+04 1.405550e+03
1.183254e+04 1.405550e+03
1.081423e+04 1.405550e+03
9.893236e+03 1.405550e+03
9.217668e+03 1.405550e+03
8.490514e+03 1.405550e+03
7.918951e+03 1.405550e+03
7.310293e+03 1.405550e+03
6.790286e+03 1.405550e+03
6.209750e+03 1.405550e+03
5.733311e+03 1.405550e+03
5.229304e+03 1.405550e+03
4.744819e+03 1.405550e+03
4.311350e+03 1.405550e+03
3.911493e+03 1.405550e+03
3.556474e+03 1.405550e+03
3.199272e+03 1.405550e+03
2.836970e+03 1.405550e+03
2.564113e+03 1.405550e+03
2.235190e+03 1.208334e+03
1.998177e+03 1.084975e+03
1.724934e+03 8.943168e+02
1.492256e+03 8.019840e+02
1.313159e+03 6.173282e+02
1.156262e+03 5.718480e+02
9.755467e+02 5.057976e+02
8.438466e+02 4.380992e+02
7.445254e+02 4.063555e+02
6.642068e+02 3.743373e+02
5.911000e+02 3.415626e+02
5.359707e+02 3.166398e+02
4.874166e+02 2.805500e+02
4.541759e+02 2.595502e+02
4.204694e+02 2.463292e+02
4.003507e+04 3.122638e+04
3.498408e+04 1.246329e+03
3.387784e+04 1.246329e+03
3.311217e+04 1.246329e+03
3.267973e+04 1.246329e+03
3.226729e+04 1.246329e+03
3.199334e+04 1.246329e+03
3.171776e+04 1.246329e+03
3.149974e+04 1.246329e+03
3.131833e+04 1.246329e+03
3.115456e+04 1.246329e+03
3.096240e+04 1.246329e+03
3.083525e+04 1.246329e+03
3.067411e+04 1.246329e+03
3.054247e+04 1.246329e+03
3.038767e+04 1.246329e+03
3.022904e+04 1.246329e+03
3.008320e+04 1.246329e+03
2.997765e+04 1.246329e+03
2.986887e+04 1.246329e+03
2.975944e+04 1.246329e+03
2.964494e+04 1.246329e+03
2.952774e+04 1.246329e+03
2.940241e+04 1.246329e+03
2.925565e+04 1.246329e+03
2.913617e+04 1.246329e+03
2.900191e+04 1.246329e+03
2.887162e+04 1.246329e+03
2.876032e+04 1.246329e+03
2.864854e+04 1.246329e+03
2.853274e+04 1.246329e+03
2.840586e+04 1.246329e+03
2.828779e+04 1.246329e+03
2.819909e+04 1.246329e+03
2.809868e+04 1.246329e+03
2.799807e+04 1.246329e+03
2.790600e+04 1.246329e+03
2.780933e+04 1.246329e+03
2.770095e+04 1.246329e+03
2.760928e+04 1.246329e+03
2.752174e+04 1.246329e+03
2.743446e+04 1.246329e+03
2.731926e+04 1.246329e+03
2.722089e+04 1.246329e+03
2.712378e+04 1.246329e+03
2.702530e+04 1.246329e+03
2.694119e+04 1.246329e+03
2.687032e+04 1.246329e+03
2.677303e+04 1.246329e+03
2.669927e+04 1.246329e+03
2.662427e+04 1.246329e+03
2.653528e+04 1.246329e+03
2.645234e+04 1.246329e+03
2.633741e+04 1.246329e+03
2.625284e+04 1.246329e+03
2.617003e+04 1.246329e+03
2.608315e+04 1.246329e+03
2.602873e+04 1.246329e+03
2.596770e+04 1.246329e+03
2.591728e+04 1.246329e+03
2.584897e+04 1.246329e+03
2.579887e+04 1.246329e+03
2.383877e+04 1.246329e+03
2.016957e+04 1.246329e+03
1.752749e+04 1.246329e+03
1.577997e+04 1.246329e+03
1.442429e+04 1.246329e+03
1.324800e+04 1.246329e+03
1.223138e+04 1.246329e+03
1.117033e+04 1.246329e+03
1.034451e+04 1.246329e+03
9.540714e+03 1.246329e+03
8.866588e+03 1.246329e+03
8.060227e+03 1.246329e+03
7.455299e+03 1.246329e+03
6.883203e+03 1.246329e+03
6.211496e+03 1.246329e+03
5.655539e+03 1.246329e+03
5.125868e+03 1.246329e+03
4.697312e+03 1.246329e+03
4.302154e+03 1.246329e+03
3.858311e+03 1.246329e+03
3.441174e+03 1.246329e+03
3.110904e+03 1.246329e+03
2.760219e+03 1.246329e+03
2.424754e+03 1.172450e+03
2.140766e+03 1.030913e+03
1.853959e+03 9.836334e+02
1.620424e+03 7.897834e+02
1.434678e+03 6.551789e+02
1.268316e+03 6.188979e+02
1.102534e+03 5.435898e+02
9.826568e+02 4.844772e+02
8.651063e+02 3.686013e+02
7.597872e+02 3.149443e+02
6.485186e+02 2.768603e+02
5.686291e+02 2.584792e+02
5.166470e+02 2.305772e+02
4.541144e+02 1.893028e+02
4.031417e+02 1.708898e+02
3.639391e+02 1.530225e+02
4.003507e+04 3.122638e+04
3.497602e+04 1.153022e+03
3.378455e+04 1.153022e+03
3.309705e+04 1.153022e+03
3.267677e+04 1.153022e+03
3.233012e+04 1.153022e+03
3.204495e+04 1.153022e+03
3.181211e+04 1.153022e+03
3.158257e+04 1.153022e+03
3.140192e+04 1.153022e+03
3.123131e+04 1.153022e+03
3.106201e+04 1.153022e+03
3.089367e+04 1.153022e+03
3.073952e+04 1.153022e+03
3.056548e+04 1.153022e+03
3.040201e+04 1.153022e+03
3.027431e+04 1.153022e+03
3.016504e+04 1.153022e+03
3.006898e+04 1.153022e+03
2.992965e+04 1.153022e+03
2.979853e+04 1.153022e+03
2.966195e+04 1.153022e+03
2.955848e+04 1.153022e+03
2.942800e+04 1.153022e+03
2.931269e+04 1.153022e+03
2.921229e+04 1.153022e+03
2.909318e+04 1.153022e+03
2.899557e+04 1.153022e+03
2.887436e+04 1.153022e+03
2.875149e+04 1.153022e+03
2.865509e+04 1.153022e+03
2.855097e+04 1.153022e+03
2.841508e+04 1.153022e+03
2.832016e+04 1.153022e+03
2.819305e+04 1.153022e+03
2.807829e+04 1.153022e+03
2.796460e+04 1.153022e+03
2.784177e+04 1.153022e+03
2.774698e+04 1.153022e+03
2.764389e+04 1.153022e+03
2.756019e+04 1.153022e+03
2.746344e+04 1.153022e+03
2.733721e+04 1.153022e+03
2.721392e+04 1.153022e+03
2.711985e+04 1.153022e+03
2.702701e+04 1.153022e+03
2.695575e+04 1.153022e+03
2.686115e+04 1.153022e+03
2.677683e+04 1.153022e+03
2.670852e+04 1.153022e+03
2.663218e+04 1.153022e+03
2.656449e+04 1.153022e+03
2.649678e+04 1.153022e+03
2.640687e+04 1.153022e+03
2.631686e+04 1.153022e+03
2.622925e+04 1.153022e+03
2.616545e+04 1.153022e+03
2.607240e+04 1.153022e+03
2.601352e+04 1.153022e+03
2.596390e+04 1.153022e+03
2.591083e+04 1.153022e+03
2.582602e+04 1.153022e+03
2.323409e+04 1.153022e+03
1.936103e+04 1.153022e+03
1.672867e+04 1.153022e+03
1.473513e+04 1.153022e+03
1.309238e+04 1.153022e+03
1.195028e+04 1.153022e+03
1.061991e+04 1.153022e+03
9.855466e+03 1.153022e+03
9.094007e+03 1.153022e+03
8.263762e+03 1.153022e+03
7.612401e+03 1.153022e+03
6.975440e+03 1.153022e+03
6.419620e+03 1.153022e+03
5.874734e+03 1.153022e+03
5.361345e+03 1.153022e+03
4.931728e+03 1.153022e+03
4.507915e+03 1.153022e+03
4.111715e+03 1.153022e+03
3.752196e+03 1.153022e+03
3.454064e+03 1.153022e+03
3.127370e+03 1.153022e+03
2.858634e+03 1.153022e+03
2.560700e+03 1.153022e+03
2.304833e+03 1.153022e+03
2.053867e+03 1.082078e+03
1.810656e+03 1.032007e+03
1.598085e+03 8.898610e+02
1.441388e+03 7.963861e+02
1.290947e+03 7.416170e+02
1.168123e+03 6.913103e+02
1.048236e+03 6.144070e+02
9.672233e+02 5.803268e+02
8.790135e+02 5.375736e+02
8.096684e+02 4.992721e+02
7.472382e+02 4.305348e+02
6.955789e+02 4.164336e+02
6.475725e+02 3.926829e+02
6.007325e+02 3.851414e+02
5.665329e+02 3.761762e+02
4.003507e+04 3.122638e+04
3.490852e+04 1.376176e+03
3.376901e+04 1.376176e+03
3.315130e+04 1.376176e+03
3.267597e+04 1.376176e+03
3.231241e+04 1.376176e+03
3.201518e+04 1.376176e+03
3.178707e+04 1.376176e+03
3.160592e+04 1.376176e+03
3.137247e+04 1.376176e+03
3.121756e+04 1.376176e+03
3.100875e+04 1.376176e+03
3.084269e+04 1.376176e+03
3.066757e+04 1.376176e+03
3.054856e+04 1.376176e+03
3.039401e+04 1.376176e+03
3.028702e+04 1.376176e+03
3.017142e+04 1.376176e+03
3.003498e+04 1.376176e+03
2.993356e+04 1.376176e+03
2.982453e+04 1.376176e+03
2.968344e+04 1.376176e+03
2.954392e+04 1.376176e+03
2.942889e+04 1.376176e+03
2.931716e+04 1.376176e+03
2.921307e+04 1.376176e+03
2.907920e+04 1.376176e+03
2.896340e+04 1.376176e+03
2.885448e+04 1.376176e+03
2.873163e+04 1.376176e+03
2.855708e+04 1.376176e+03
2.846548e+04 1.376176e+03
2.833918e+04 1.376176e+03
2.824624e+04 1.376176e+03
2.813162e+04 1.376176e+03
2.801263e+04 1.376176e+03
2.791090e+04 1.376176e+03
2.782561e+04 1.376176e+03
2.769438e+04 1.376176e+03
2.762548e+04 1.376176e+03
2.753302e+04 1.376176e+03
2.745781e+04 1.376176e+03
2.736205e+04 1.376176e+03
2.725744e+04 1.376176e+03
2.717038e+04 1.376176e+03
2.709524e+04 1.376176e+03
2.700224e+04 1.376176e+03
2.692019e+04 1.376176e+03
2.682388e+04 1.376176e+03
2.669862e+04 1.376176e+03
2.663542e+04 1.376176e+03
2.655254e+04 1.376176e+03
2.648336e+04 1.376176e+03
2.641879e+04 1.376176e+03
2.634899e+04 1.376176e+03
2.625230e+04 1.376176e+03
2.615959e+04 1.376176e+03
2.607700e+04 1.376176e+03
2.600407e+04 1.376176e+03
2.593558e+04 1.376176e+03
2.585746e+04 1.376176e+03
2.580231e+04 1.376176e+03
2.338484e+04 1.376176e+03
2.021277e+04 1.376176e+03
1.724914e+04 1.376176e+03
1.546329e+04 1.376176e+03
1.383283e+04 1.376176e+03
1.260794e+04 1.376176e+03
1.138821e+04 1.376176e+03
1.031846e+04 1.376176e+03
9.487611e+03 1.376176e+03
8.607769e+03 1.376176e+03
7.833257e+03 1.376176e+03
7.108434e+03 1.376176e+03
6.500667e+03 1.376176e+03
5.983890e+03 1.376176e+03
5.444363e+03 1.376176e+03
4.901543e+03 1.376176e+03
4.420005e+03 1.376176e+03
3.998348e+03 1.376176e+03
3.546074e+03 1.376176e+03
3.186755e+03 1.376176e+03
2.813476e+03 1.204265e+03
2.433831e+03 1.033514e+03
2.154635e+03 9.602366e+02
1.881408e+03 8.640412e+02
1.648625e+03 7.939514e+02
1.393189e+03 6.717091e+02
1.223558e+03 6.055266e+02
1.057587e+03 5.486563e+02
9.080937e+02 4.852342e+02
8.077940e+02 4.149180e+02
6.934489e+02 3.641025e+02
6.133967e+02 3.228095e+02
5.511100e+02 2.816461e+02
4.893549e+02 2.531986e+02
4.379879e+02 2.340716e+02
4.025079e+02 2.192741e+02
3.706449e+02 2.102146e+02
3.430365e+02 2.005408e+02
3.214376e+02 1.951938e+02
4.003507e+04 3.122638e+04
3.482749e+04 1.195194e+03
3.370561e+04 1.195194e+03
3.301664e+04 1.195194e+03
3.246479e+04 1.195194e+03
3.212480e+04 1.195194e+03
3.185597e+04 1.195194e+03
3.159364e+04 1.195194e+03
3.140589e+04 1.195194e+03
3.121791e+04 1.195194e+03
3.102078e+04 1.195194e+03
3.085123e+04 1.195194e+03
3.069068e+04 1.195194e+03
3.053928e+04 1.195194e+03
3.037081e+04 1.195194e+03
3.024052e+04 1.195194e+03
3.006770e+04 1.195194e+03
2.991633e+04 1.195194e+03
2.979750e+04 1.195194e+03
2.965243e+04 1.195194e+03
2.952257e+04 1.195194e+03
2.939352e+04 1.195194e+03
2.928032e+04 1.195194e+03
2.915402e+04 1.195194e+03
2.903404e+04 1.195194e+03
2.892746e+04 1.195194e+03
2.881273e+04 1.195194e+03
2.869524e+04 1.195194e+03
2.857137e+04 1.195194e+03
2.844438e+04 1.195194e+03
2.831961e+04 1.195194e+03
2.820912e+04 1.195194e+03
2.805476e+04 1.195194e+03
2.793172e+04 1.195194e+03
2.782979e+04 1.195194e+03
2.769134e+04 1.195194e+03
2.759655e+04 1.195194e+03
2.746058e+04 1.195194e+03
2.737543e+04 1.195194e+03
2.728233e+04 1.195194e+03
2.717730e+04 1.195194e+03
2.710048e+04 1.195194e+03
2.700445e+04 1.195194e+03
2.691259e+04 1.195194e+03
2.683456e+04 1.195194e+03
2.676360e+04 1.195194e+03
2.670035e+04 1.195194e+03
2.663083e+04 1.195194e+03
2.657375e+04 1.195194e+03
2.649987e+04 1.195194e+03
2.642073e+04 1.195194e+03
2.634758e+04 1.195194e+03
2.627786e+04 1.195194e+03
2.618589e+04 1.195194e+03
2.610305e+04 1.195194e+03
2.604710e+04 1.195194e+03
2.600066e+04 1.195194e+03
2.591583e+04 1.195194e+03
2.584912e+04 1.195194e+03
2.575223e+04 1.195194e+03
2.570339e+04 1.195194e+03
2.562308e+04 1.195194e+03
2.332436e+04 1.195194e+03
1.959459e+04 1.195194e+03
1.686998e+04 1.195194e+03
1.484146e+04 1.195194e+03
1.300632e+04 1.195194e+03
1.182256e+04 1.195194e+03
1.072748e+04 1.195194e+03
9.830456e+03 1.195194e+03
8.998732e+03 1.195194e+03
8.368233e+03 1.195194e+03
7.741659e+03 1.195194e+03
7.237111e+03 1.195194e+03
6.746829e+03 1.195194e+03
6.280955e+03 1.195194e+03
5.833683e+03 1.195194e+03
5.306811e+03 1.195194e+03
4.878188e+03 1.195194e+03
4.436521e+03 1.195194e+03
4.034759e+03 1.195194e+03
3.670954e+03 1.195194e+03
3.324311e+03 1.195194e+03
2.976276e+03 1.195194e+03
2.644309e+03 1.195194e+03
2.407130e+03 1.125490e+03
2.111340e+03 1.047631e+03
1.847478e+03 8.484994e+02
1.613417e+03 7.728359e+02
1.424421e+03 7.120036e+02
1.249987e+03 5.506937e+02
1.099000e+03 4.837872e+02
9.605350e+02 3.867029e+02
8.483077e+02 3.338059e+02
7.374303e+02 2.849204e+02
6.552123e+02 2.594344e+02
5.847435e+02 2.369645e+02
5.236726e+02 1.904702e+02
4.653440e+02 1.651510e+02
4.180006e+02 1.527969e+02
3.747481e+02 1.418003e+02
