6.030092e+10 1.435733e+10
1.288263e+10 5.430647e+09
8.165341e+09 3.419675e+09
6.173638e+09 2.330599e+09
4.906876e+09 2.041392e+09
4.071311e+09 1.766943e+09
3.456768e+09 1.457618e+09
2.914503e+09 1.182494e+09
2.497089e+09 1.005508e+09
2.161323e+09 8.871819e+08
1.908586e+09 7.822471e+08
1.695637e+09 6.640252e+08
1.507520e+09 6.043341e+08
1.353495e+09 5.313819e+08
1.199825e+09 4.627572e+08
1.067262e+09 4.235190e+08
9.594054e+08 3.951264e+08
8.628235e+08 3.395263e+08
7.819896e+08 3.208755e+08
7.022956e+08 2.939751e+08
6.349041e+08 2.707341e+08
5.622756e+08 2.527052e+08
5.066489e+08 2.188339e+08
4.602306e+08 1.963083e+08
4.146783e+08 1.807919e+08
3.706805e+08 1.751707e+08
3.302537e+08 1.683633e+08
2.962056e+08 1.597800e+08
2.634973e+08 1.397351e+08
2.386348e+08 1.363788e+08
2.167095e+08 1.290505e+08
1.968217e+08 1.165026e+08
1.787467e+08 1.151586e+08
1.624277e+08 1.107505e+08
1.476496e+08 1.020335e+08
1.343082e+08 9.384497e+07
1.217992e+08 8.511870e+07
1.091774e+08 7.760692e+07
9.836387e+07 6.639494e+07
8.846365e+07 6.582741e+07
7.891562e+07 5.734306e+07
7.110274e+07 5.280450e+07
6.407751e+07 5.015668e+07
5.837312e+07 4.370669e+07
5.298374e+07 4.200840e+07
4.760105e+07 3.654552e+07
4.334563e+07 3.388690e+07
3.916693e+07 3.094753e+07
3.561779e+07 2.914321e+07
3.270792e+07 2.757804e+07
2.982852e+07 2.427827e+07
2.762521e+07 2.382911e+07
2.547211e+07 2.208316e+07
2.370632e+07 2.007254e+07
2.209130e+07 1.922380e+07
2.075751e+07 1.878014e+07
1.947337e+07 1.759989e+07
1.833318e+07 1.651331e+07
1.719644e+07 1.557174e+07
1.621427e+07 1.463278e+07
1.519594e+07 1.391718e+07
1.420864e+07 1.263037e+07
1.330518e+07 1.212854e+07
1.245621e+07 1.128986e+07
1.182280e+07 1.092670e+07
1.121382e+07 1.053192e+07
1.069970e+07 1.007367e+07
1.026556e+07 9.692368e+06
9.882097e+06 9.308958e+06
9.485733e+06 8.770380e+06
9.095404e+06 8.413164e+06
8.709244e+06 8.170605e+06
8.356652e+06 7.823958e+06
7.969743e+06 7.513439e+06
7.714556e+06 7.393978e+06
7.512391e+06 7.228017e+06
7.358175e+06 7.140852e+06
7.201845e+06 6.983240e+06
7.044887e+06 6.766441e+06
6.859433e+06 6.573410e+06
6.677392e+06 6.373678e+06
6.519089e+06 6.230390e+06
6.410281e+06 6.164307e+06
6.299374e+06 6.076654e+06
6.200987e+06 5.960009e+06
6.100133e+06 5.839158e+06
6.009085e+06 5.752880e+06
5.930255e+06 5.676302e+06
5.866170e+06 5.645872e+06
5.801774e+06 5.584381e+06
5.760134e+06 5.551716e+06
5.721061e+06 5.518171e+06
5.688287e+06 5.502116e+06
5.668010e+06 5.474127e+06
5.651344e+06 5.439673e+06
5.637332e+06 5.414945e+06
5.622865e+06 5.380204e+06
5.613403e+06 5.351588e+06
5.599261e+06 5.295907e+06
5.588677e+06 5.256678e+06
5.567644e+06 5.191224e+06
6.030092e+10 1.435733e+10
1.283320e+10 5.191324e+06
8.302537e+09 5.191324e+06
5.882731e+09 5.191324e+06
4.614590e+09 5.191324e+06
3.778478e+09 5.191324e+06
3.167791e+09 5.191324e+06
2.669151e+09 5.191324e+06
2.274799e+09 5.191324e+06
1.945744e+09 5.191324e+06
1.709766e+09 5.191324e+06
1.495594e+09 5.191324e+06
1.342257e+09 5.191324e+06
1.185703e+09 5.191324e+06
1.065872e+09 5.191324e+06
9.418253e+08 5.191324e+06
8.382228e+08 5.191324e+06
7.500514e+08 5.191324e+06
6.756784e+08 5.191324e+06
6.053551e+08 5.191324e+06
5.427975e+08 5.191324e+06
4.916017e+08 5.191324e+06
4.414260e+08 5.191324e+06
3.987850e+08 5.191324e+06
3.578336e+08 5.191324e+06
3.259088e+08 5.191324e+06
2.979318e+08 5.191324e+06
2.693520e+08 5.191324e+06
2.456789e+08 5.191324e+06
2.254055e+08 5.191324e+06
2.070811e+08 5.191324e+06
1.879098e+08 5.191324e+06
1.711848e+08 5.191324e+06
1.556420e+08 5.191324e+06
1.425830e+08 5.191324e+06
1.290372e+08 5.191324e+06
1.181121e+08 5.191324e+06
1.063185e+08 5.191324e+06
9.712175e+07 5.191324e+06
8.827670e+07 5.191324e+06
8.090313e+07 5.191324e+06
7.392218e+07 5.191324e+06
6.724051e+07 5.191324e+06
6.061362e+07 5.191324e+06
5.466025e+07 5.191324e+06
4.876063e+07 5.191324e+06
4.445995e+07 5.191324e+06
4.046304e+07 5.191324e+06
3.750793e+07 5.191324e+06
3.488272e+07 5.191324e+06
3.274670e+07 5.191324e+06
3.082780e+07 5.191324e+06
2.927462e+07 5.191324e+06
2.765632e+07 5.191324e+06
2.635384e+07 5.191324e+06
2.478541e+07 5.191324e+06
2.340902e+07 5.191324e+06
2.196963e+07 5.191324e+06
2.071163e+07 5.191324e+06
1.946201e+07 5.191324e+06
1.842799e+07 5.191324e+06
1.753404e+07 5.191324e+06
1.683463e+07 5.191324e+06
1.620545e+07 5.191324e+06
1.565376e+07 5.191324e+06
1.512744e+07 5.191324e+06
1.461619e+07 5.191324e+06
1.415127e+07 5.191324e+06
1.372873e+07 5.191324e+06
1.337626e+07 5.191324e+06
1.307722e+07 5.191324e+06
1.279874e+07 5.191324e+06
1.249680e+07 5.191324e+06
1.221919e+07 5.191324e+06
1.188802e+07 5.191324e+06
1.157508e+07 5.191324e+06
1.129266e+07 5.191324e+06
1.105758e+07 5.191324e+06
1.083901e+07 5.191324e+06
1.063760e+07 5.191324e+06
1.044860e+07 5.191324e+06
1.029358e+07 5.191324e+06
1.015573e+07 5.191324e+06
1.002111e+07 5.191324e+06
9.903876e+06 5.191324e+06
9.775434e+06 5.191324e+06
9.654215e+06 5.191324e+06
9.531169e+06 5.191324e+06
9.409875e+06 5.191324e+06
9.310230e+06 5.191324e+06
9.240676e+06 5.191324e+06
9.162300e+06 5.191324e+06
9.109579e+06 5.191324e+06
9.060704e+06 5.191324e+06
9.023249e+06 5.191324e+06
8.990662e+06 5.191324e+06
8.963263e+06 5.191324e+06
8.944043e+06 5.191324e+06
8.916500e+06 5.191324e+06
8.883711e+06 5.191324e+06
8.852269e+06 5.191324e+06
6.030092e+10 1.435733e+10
1.258933e+10 8.061819e+06
8.010715e+09 8.061819e+06
5.793361e+09 8.061819e+06
4.558066e+09 8.061819e+06
3.780104e+09 8.061819e+06
3.143020e+09 8.061819e+06
2.712344e+09 8.061819e+06
2.332354e+09 8.061819e+06
2.074627e+09 8.061819e+06
1.835900e+09 8.061819e+06
1.611147e+09 8.061819e+06
1.457437e+09 8.061819e+06
1.294203e+09 8.061819e+06
1.153492e+09 8.061819e+06
1.036373e+09 8.061819e+06
9.332290e+08 8.061819e+06
8.307634e+08 8.061819e+06
7.480892e+08 8.061819e+06
6.593699e+08 8.061819e+06
5.861825e+08 8.061819e+06
5.227533e+08 8.061819e+06
4.740271e+08 8.061819e+06
4.235971e+08 8.061819e+06
3.727848e+08 8.061819e+06
3.345834e+08 8.061819e+06
2.979074e+08 8.061819e+06
2.676914e+08 8.061819e+06
2.392363e+08 8.061819e+06
2.107725e+08 8.061819e+06
1.889865e+08 8.061819e+06
1.713852e+08 8.061819e+06
1.576133e+08 8.061819e+06
1.427627e+08 8.061819e+06
1.283472e+08 8.061819e+06
1.152321e+08 8.061819e+06
1.046236e+08 8.061819e+06
9.358744e+07 8.061819e+06
8.401797e+07 8.061819e+06
7.482335e+07 8.061819e+06
6.788148e+07 8.061819e+06
6.105917e+07 8.061819e+06
5.563460e+07 8.061819e+06
5.048769e+07 8.061819e+06
4.637949e+07 8.061819e+06
4.253325e+07 8.061819e+06
3.900560e+07 8.061819e+06
3.593104e+07 8.061819e+06
3.294840e+07 8.061819e+06
3.020814e+07 8.061819e+06
2.791492e+07 8.061819e+06
2.571756e+07 8.061819e+06
2.356280e+07 8.061819e+06
2.167453e+07 8.061819e+06
1.993470e+07 8.061819e+06
1.835431e+07 8.061819e+06
1.708680e+07 8.061819e+06
1.589204e+07 8.061819e+06
1.504293e+07 8.061819e+06
1.430621e+07 8.061819e+06
1.376104e+07 8.061819e+06
1.328122e+07 8.061819e+06
1.285281e+07 8.061819e+06
1.241112e+07 8.061819e+06
1.200837e+07 8.061819e+06
1.161027e+07 8.061819e+06
1.125721e+07 8.061819e+06
1.097630e+07 8.061819e+06
1.074351e+07 8.061819e+06
1.053331e+07 8.061819e+06
1.032279e+07 8.061819e+06
1.015412e+07 8.061819e+06
9.992121e+06 8.061819e+06
9.836110e+06 8.061819e+06
9.681024e+06 8.061819e+06
9.531134e+06 8.061819e+06
9.382801e+06 8.061819e+06
9.256870e+06 8.061819e+06
9.135979e+06 8.061819e+06
9.025394e+06 8.061819e+06
8.895569e+06 8.061819e+06
8.770841e+06 8.061819e+06
8.634304e+06 8.061819e+06
8.511412e+06 8.055888e+06
8.368150e+06 7.831313e+06
8.245191e+06 7.630996e+06
8.116186e+06 7.378263e+06
8.014578e+06 7.303323e+06
7.902467e+06 7.099649e+06
7.807497e+06 6.952304e+06
7.730588e+06 6.859584e+06
7.643494e+06 6.783797e+06
7.567252e+06 6.671023e+06
7.494105e+06 6.625711e+06
7.448748e+06 6.576141e+06
7.417379e+06 6.508125e+06
7.384474e+06 6.505005e+06
7.351521e+06 6.455530e+06
7.299753e+06 6.418928e+06
7.248113e+06 6.359204e+06
7.195291e+06 6.297804e+06
6.030092e+10 1.435733e+10
1.250814e+10 6.297904e+06
8.108740e+09 6.297904e+06
6.078733e+09 6.297904e+06
4.825551e+09 6.297904e+06
3.938342e+09 6.297904e+06
3.258424e+09 6.297904e+06
2.768195e+09 6.297904e+06
2.361032e+09 6.297904e+06
2.043926e+09 6.297904e+06
1.759102e+09 6.297904e+06
1.546542e+09 6.297904e+06
1.340702e+09 6.297904e+06
1.189184e+09 6.297904e+06
1.051606e+09 6.297904e+06
9.256376e+08 6.297904e+06
8.186999e+08 6.297904e+06
7.235654e+08 6.297904e+06
6.426430e+08 6.297904e+06
5.865999e+08 6.297904e+06
5.225671e+08 6.297904e+06
4.685259e+08 6.297904e+06
4.139463e+08 6.297904e+06
3.686857e+08 6.297904e+06
3.264118e+08 6.297904e+06
2.926471e+08 6.297904e+06
2.651866e+08 6.297904e+06
2.360939e+08 6.297904e+06
2.117452e+08 6.297904e+06
1.932090e+08 6.297904e+06
1.750939e+08 6.297904e+06
1.597472e+08 6.297904e+06
1.466410e+08 6.297904e+06
1.332931e+08 6.297904e+06
1.220378e+08 6.297904e+06
1.122227e+08 6.297904e+06
1.019620e+08 6.297904e+06
9.392312e+07 6.297904e+06
8.623251e+07 6.297904e+06
7.958289e+07 6.297904e+06
7.267083e+07 6.297904e+06
6.517054e+07 6.297904e+06
5.923868e+07 6.297904e+06
5.417715e+07 6.297904e+06
4.939270e+07 6.297904e+06
4.564454e+07 6.297904e+06
4.190651e+07 6.297904e+06
3.858022e+07 6.297904e+06
3.582836e+07 6.297904e+06
3.350982e+07 6.297904e+06
3.148165e+07 6.297904e+06
2.985901e+07 6.297904e+06
2.818578e+07 6.297904e+06
2.679813e+07 6.297904e+06
2.548906e+07 6.297904e+06
2.448357e+07 6.297904e+06
2.328520e+07 6.297904e+06
2.219644e+07 6.297904e+06
2.110841e+07 6.297904e+06
2.013185e+07 6.297904e+06
1.905792e+07 6.297904e+06
1.809524e+07 6.297904e+06
1.714357e+07 6.297904e+06
1.632006e+07 6.297904e+06
1.553862e+07 6.297904e+06
1.487877e+07 6.297904e+06
1.433944e+07 6.297904e+06
1.384372e+07 6.297904e+06
1.338729e+07 6.297904e+06
1.293555e+07 6.297904e+06
1.258533e+07 6.297904e+06
1.222014e+07 6.297904e+06
1.186479e+07 6.297904e+06
1.149259e+07 6.297904e+06
1.118694e+07 6.297904e+06
1.091165e+07 6.297904e+06
1.067508e+07 6.297904e+06
1.043447e+07 6.297904e+06
1.018124e+07 6.297904e+06
9.885366e+06 6.297904e+06
9.634078e+06 6.297904e+06
9.333653e+06 6.297904e+06
9.094875e+06 6.297904e+06
8.891679e+06 6.297904e+06
8.723771e+06 6.297904e+06
8.569416e+06 6.297904e+06
8.439844e+06 6.297904e+06
8.313945e+06 6.297904e+06
8.183961e+06 6.297904e+06
8.050865e+06 6.297904e+06
7.928723e+06 6.297904e+06
7.824309e+06 6.297904e+06
7.742819e+06 6.297904e+06
7.668998e+06 6.297904e+06
7.601713e+06 6.297904e+06
7.553357e+06 6.297904e+06
7.518810e+06 6.297904e+06
7.488340e+06 6.297904e+06
7.454034e+06 6.297904e+06
7.428305e+06 6.297904e+06
7.406575e+06 6.297904e+06
6.030092e+10 1.435733e+10
1.298998e+10 6.520202e+06
8.309749e+09 6.520202e+06
6.290043e+09 6.520202e+06
4.945507e+09 6.520202e+06
4.034776e+09 6.520202e+06
3.349245e+09 6.520202e+06
2.831083e+09 6.520202e+06
2.385638e+09 6.520202e+06
2.059168e+09 6.520202e+06
1.784378e+09 6.520202e+06
1.599065e+09 6.520202e+06
1.418296e+09 6.520202e+06
1.261363e+09 6.520202e+06
1.120362e+09 6.520202e+06
1.006371e+09 6.520202e+06
8.873866e+08 6.520202e+06
8.003290e+08 6.520202e+06
7.217559e+08 6.520202e+06
6.473890e+08 6.520202e+06
5.801341e+08 6.520202e+06
5.213765e+08 6.520202e+06
4.677982e+08 6.520202e+06
4.204836e+08 6.520202e+06
3.738429e+08 6.520202e+06
3.357454e+08 6.520202e+06
3.051574e+08 6.520202e+06
2.795279e+08 6.520202e+06
2.533127e+08 6.520202e+06
2.314779e+08 6.520202e+06
2.128836e+08 6.520202e+06
1.960716e+08 6.520202e+06
1.812520e+08 6.520202e+06
1.672492e+08 6.520202e+06
1.534156e+08 6.520202e+06
1.414140e+08 6.520202e+06
1.307008e+08 6.520202e+06
1.198451e+08 6.520202e+06
1.103881e+08 6.520202e+06
9.966963e+07 6.520202e+06
9.112988e+07 6.520202e+06
8.294295e+07 6.520202e+06
7.612175e+07 6.520202e+06
6.978781e+07 6.520202e+06
6.385916e+07 6.520202e+06
5.921350e+07 6.520202e+06
5.518255e+07 6.520202e+06
5.130241e+07 6.520202e+06
4.872489e+07 6.520202e+06
4.610791e+07 6.520202e+06
4.373882e+07 6.520202e+06
4.143246e+07 6.520202e+06
3.974460e+07 6.520202e+06
3.773784e+07 6.520202e+06
3.586363e+07 6.520202e+06
3.384830e+07 6.520202e+06
3.186208e+07 6.520202e+06
2.938611e+07 6.520202e+06
2.683219e+07 6.520202e+06
2.454759e+07 6.520202e+06
2.264534e+07 6.520202e+06
2.102074e+07 6.520202e+06
1.980899e+07 6.520202e+06
1.861542e+07 6.520202e+06
1.743612e+07 6.520202e+06
1.632985e+07 6.520202e+06
1.521733e+07 6.520202e+06
1.436781e+07 6.520202e+06
1.366671e+07 6.520202e+06
1.312437e+07 6.520202e+06
1.263737e+07 6.520202e+06
1.218279e+07 6.520202e+06
1.175502e+07 6.520202e+06
1.136829e+07 6.520202e+06
1.104632e+07 6.520202e+06
1.078302e+07 6.520202e+06
1.057856e+07 6.520202e+06
1.040459e+07 6.520202e+06
1.023017e+07 6.520202e+06
1.005334e+07 6.520202e+06
9.840115e+06 6.520202e+06
9.641921e+06 6.520202e+06
9.447504e+06 6.520202e+06
9.281904e+06 6.520202e+06
9.105090e+06 6.520202e+06
8.918080e+06 6.520202e+06
8.736088e+06 6.520202e+06
8.544247e+06 6.520202e+06
8.389876e+06 6.520202e+06
8.234970e+06 6.520202e+06
8.146943e+06 6.520202e+06
8.038898e+06 6.520202e+06
7.941857e+06 6.520202e+06
7.872041e+06 6.520202e+06
7.810551e+06 6.520202e+06
7.747801e+06 6.520202e+06
7.700916e+06 6.520202e+06
7.661158e+06 6.520202e+06
7.626582e+06 6.520202e+06
7.588655e+06 6.520202e+06
7.549226e+06 6.446374e+06
6.030092e+10 1.435733e+10
1.297072e+10 6.448090e+06
8.238525e+09 6.448090e+06
6.193582e+09 6.448090e+06
4.787892e+09 6.448090e+06
3.852695e+09 6.448090e+06
3.269801e+09 6.448090e+06
2.766342e+09 6.448090e+06
2.344677e+09 6.448090e+06
2.031744e+09 6.448090e+06
1.745606e+09 6.448090e+06
1.523048e+09 6.448090e+06
1.333526e+09 6.448090e+06
1.162738e+09 6.448090e+06
1.024223e+09 6.448090e+06
9.001819e+08 6.448090e+06
8.085526e+08 6.448090e+06
7.238936e+08 6.448090e+06
6.395615e+08 6.448090e+06
5.729329e+08 6.448090e+06
5.166541e+08 6.448090e+06
4.649426e+08 6.448090e+06
4.182590e+08 6.448090e+06
3.771334e+08 6.448090e+06
3.369149e+08 6.448090e+06
3.055444e+08 6.448090e+06
2.763349e+08 6.448090e+06
2.484545e+08 6.448090e+06
2.242588e+08 6.448090e+06
1.994783e+08 6.448090e+06
1.791946e+08 6.448090e+06
1.612070e+08 6.448090e+06
1.471398e+08 6.448090e+06
1.311038e+08 6.448090e+06
1.173440e+08 6.448090e+06
1.050194e+08 6.448090e+06
9.280660e+07 6.448090e+06
8.226222e+07 6.448090e+06
7.223425e+07 6.448090e+06
6.458924e+07 6.448090e+06
5.738132e+07 6.448090e+06
4.990278e+07 6.448090e+06
4.402600e+07 6.448090e+06
3.863050e+07 6.448090e+06
3.450981e+07 6.448090e+06
3.086227e+07 6.448090e+06
2.803379e+07 6.448090e+06
2.583690e+07 6.448090e+06
2.393989e+07 6.448090e+06
2.234277e+07 6.448090e+06
2.083333e+07 6.448090e+06
1.943279e+07 6.448090e+06
1.830351e+07 6.448090e+06
1.709464e+07 6.448090e+06
1.593058e+07 6.448090e+06
1.480628e+07 6.448090e+06
1.375240e+07 6.448090e+06
1.291983e+07 6.448090e+06
1.210820e+07 6.448090e+06
1.130362e+07 6.448090e+06
1.065872e+07 6.448090e+06
1.012782e+07 6.448090e+06
9.649612e+06 6.448090e+06
9.273600e+06 6.448090e+06
8.917607e+06 6.448090e+06
8.638021e+06 6.448090e+06
8.397489e+06 6.448090e+06
8.166866e+06 6.448090e+06
7.978212e+06 6.448090e+06
7.801403e+06 6.448090e+06
7.657985e+06 6.448090e+06
7.523030e+06 6.448090e+06
7.376618e+06 6.448090e+06
7.212582e+06 6.448090e+06
7.057718e+06 6.448090e+06
6.902499e+06 6.448090e+06
6.762422e+06 6.448090e+06
6.612394e+06 6.448090e+06
6.468146e+06 6.324273e+06
6.271561e+06 6.022890e+06
6.023956e+06 5.709350e+06
5.749667e+06 5.364611e+06
5.512053e+06 5.109834e+06
5.277634e+06 4.772905e+06
5.066927e+06 4.538685e+06
4.882971e+06 4.345204e+06
4.721333e+06 4.217294e+06
4.577065e+06 4.074364e+06
4.435013e+06 3.982695e+06
4.313549e+06 3.861558e+06
4.225937e+06 3.819489e+06
4.148926e+06 3.726259e+06
4.104282e+06 3.717755e+06
4.069418e+06 3.675618e+06
4.036626e+06 3.664785e+06
4.002013e+06 3.640685e+06
3.982745e+06 3.600480e+06
3.967400e+06 3.588199e+06
3.956600e+06 3.566299e+06
3.947310e+06 3.546971e+06
3.938598e+06 3.506653e+06
6.030092e+10 1.435733e+10
1.267760e+10 3.506753e+06
8.064095e+09 3.506753e+06
5.932431e+09 3.506753e+06
4.713954e+09 3.506753e+06
3.884892e+09 3.506753e+06
3.261561e+09 3.506753e+06
2.783644e+09 3.506753e+06
2.420122e+09 3.506753e+06
2.089821e+09 3.506753e+06
1.842189e+09 3.506753e+06
1.620736e+09 3.506753e+06
1.427035e+09 3.506753e+06
1.237151e+09 3.506753e+06
1.124612e+09 3.506753e+06
9.757042e+08 3.506753e+06
8.746133e+08 3.506753e+06
7.666840e+08 3.506753e+06
6.814983e+08 3.506753e+06
6.104618e+08 3.506753e+06
5.461187e+08 3.506753e+06
4.873740e+08 3.506753e+06
4.370434e+08 3.506753e+06
3.882440e+08 3.506753e+06
3.479180e+08 3.506753e+06
3.164060e+08 3.506753e+06
2.864247e+08 3.506753e+06
2.600370e+08 3.506753e+06
2.377103e+08 3.506753e+06
2.138151e+08 3.506753e+06
1.942502e+08 3.506753e+06
1.765897e+08 3.506753e+06
1.602680e+08 3.506753e+06
1.447310e+08 3.506753e+06
1.320518e+08 3.506753e+06
1.198853e+08 3.506753e+06
1.100226e+08 3.506753e+06
1.008198e+08 3.506753e+06
9.209238e+07 3.506753e+06
8.368915e+07 3.506753e+06
7.621133e+07 3.506753e+06
6.910573e+07 3.506753e+06
6.323447e+07 3.506753e+06
5.735025e+07 3.506753e+06
5.228751e+07 3.506753e+06
4.774206e+07 3.506753e+06
4.390889e+07 3.506753e+06
4.011453e+07 3.506753e+06
3.687473e+07 3.506753e+06
3.406556e+07 3.506753e+06
3.172556e+07 3.506753e+06
2.949361e+07 3.506753e+06
2.762781e+07 3.506753e+06
2.576584e+07 3.506753e+06
2.413261e+07 3.506753e+06
2.266551e+07 3.506753e+06
2.139375e+07 3.506753e+06
2.013901e+07 3.506753e+06
1.897841e+07 3.506753e+06
1.778357e+07 3.506753e+06
1.678875e+07 3.506753e+06
1.585669e+07 3.506753e+06
1.511286e+07 3.506753e+06
1.443671e+07 3.506753e+06
1.395547e+07 3.506753e+06
1.352870e+07 3.506753e+06
1.318173e+07 3.506753e+06
1.287526e+07 3.506753e+06
1.254389e+07 3.506753e+06
1.218732e+07 3.506753e+06
1.185323e+07 3.506753e+06
1.150344e+07 3.506753e+06
1.120490e+07 3.506753e+06
1.091585e+07 3.506753e+06
1.063985e+07 3.506753e+06
1.036726e+07 3.506753e+06
1.008523e+07 3.506753e+06
9.804456e+06 3.506753e+06
9.556631e+06 3.506753e+06
9.342447e+06 3.506753e+06
9.172647e+06 3.506753e+06
8.979934e+06 3.506753e+06
8.795793e+06 3.506753e+06
8.639978e+06 3.506753e+06
8.478637e+06 3.506753e+06
8.347397e+06 3.506753e+06
8.220084e+06 3.506753e+06
8.109988e+06 3.506753e+06
7.996929e+06 3.506753e+06
7.899731e+06 3.506753e+06
7.803096e+06 3.506753e+06
7.744687e+06 3.506753e+06
7.683768e+06 3.506753e+06
7.632182e+06 3.506753e+06
7.597850e+06 3.506753e+06
7.560697e+06 3.506753e+06
7.527195e+06 3.506753e+06
7.493570e+06 3.506753e+06
7.467890e+06 3.506753e+06
7.445622e+06 3.506753e+06
7.414938e+06 3.506753e+06
6.030092e+10 1.435733e+10
1.292320e+10 6.571743e+06
8.214388e+09 6.571743e+06
5.953956e+09 6.571743e+06
4.573702e+09 6.571743e+06
3.696949e+09 6.571743e+06
3.178593e+09 6.571743e+06
2.740562e+09 6.571743e+06
2.387244e+09 6.571743e+06
2.075292e+09 6.571743e+06
1.834704e+09 6.571743e+06
1.607783e+09 6.571743e+06
1.423746e+09 6.571743e+06
1.250121e+09 6.571743e+06
1.103930e+09 6.571743e+06
9.738308e+08 6.571743e+06
8.613395e+08 6.571743e+06
7.632751e+08 6.571743e+06
6.697688e+08 6.571743e+06
5.972656e+08 6.571743e+06
5.384323e+08 6.571743e+06
4.828555e+08 6.571743e+06
4.357603e+08 6.571743e+06
3.891619e+08 6.571743e+06
3.511060e+08 6.571743e+06
3.154850e+08 6.571743e+06
2.878637e+08 6.571743e+06
2.638589e+08 6.571743e+06
2.427595e+08 6.571743e+06
2.237433e+08 6.571743e+06
2.067620e+08 6.571743e+06
1.913246e+08 6.571743e+06
1.762606e+08 6.571743e+06
1.612093e+08 6.571743e+06
1.495762e+08 6.571743e+06
1.375042e+08 6.571743e+06
1.273538e+08 6.571743e+06
1.155971e+08 6.571743e+06
1.059438e+08 6.571743e+06
9.633869e+07 6.571743e+06
8.866745e+07 6.571743e+06
8.061948e+07 6.571743e+06
7.389732e+07 6.571743e+06
6.762459e+07 6.571743e+06
6.224934e+07 6.571743e+06
5.689946e+07 6.571743e+06
5.243293e+07 6.571743e+06
4.811046e+07 6.571743e+06
4.423085e+07 6.571743e+06
4.044758e+07 6.571743e+06
3.729083e+07 6.571743e+06
3.447343e+07 6.571743e+06
3.206166e+07 6.571743e+06
2.992783e+07 6.571743e+06
2.799977e+07 6.571743e+06
2.605588e+07 6.571743e+06
2.433336e+07 6.571743e+06
2.293438e+07 6.571743e+06
2.159714e+07 6.571743e+06
2.032060e+07 6.571743e+06
1.911562e+07 6.571743e+06
1.778678e+07 6.571743e+06
1.651435e+07 6.571743e+06
1.519716e+07 6.571743e+06
1.396925e+07 6.571743e+06
1.300126e+07 6.571743e+06
1.229344e+07 6.571743e+06
1.162924e+07 6.571743e+06
1.111455e+07 6.571743e+06
1.067591e+07 6.571743e+06
1.031260e+07 6.571743e+06
1.000344e+07 6.571743e+06
9.744346e+06 6.571743e+06
9.533803e+06 6.571743e+06
9.362593e+06 6.571743e+06
9.217696e+06 6.571743e+06
9.077660e+06 6.571743e+06
8.935575e+06 6.571743e+06
8.791015e+06 6.571743e+06
8.642061e+06 6.571743e+06
8.502093e+06 6.571743e+06
8.360091e+06 6.571743e+06
8.206150e+06 6.571743e+06
8.050209e+06 6.571743e+06
7.884902e+06 6.571743e+06
7.730701e+06 6.571743e+06
7.556087e+06 6.571743e+06
7.403175e+06 6.571743e+06
7.217330e+06 6.571743e+06
7.009248e+06 6.317422e+06
6.818290e+06 6.036883e+06
6.642760e+06 5.777990e+06
6.451913e+06 5.604462e+06
6.318383e+06 5.356755e+06
6.195352e+06 5.268740e+06
6.116355e+06 5.134168e+06
6.016122e+06 5.059603e+06
5.966355e+06 4.996007e+06
5.930178e+06 4.901686e+06
5.893455e+06 4.831995e+06
5.856837e+06 4.748408e+06
6.030092e+10 1.435733e+10
1.275502e+10 4.748508e+06
7.925197e+09 4.748508e+06
5.801137e+09 4.748508e+06
4.655312e+09 4.748508e+06
3.767195e+09 4.748508e+06
3.103838e+09 4.748508e+06
2.595956e+09 4.748508e+06
2.209437e+09 4.748508e+06
1.899188e+09 4.748508e+06
1.651205e+09 4.748508e+06
1.435958e+09 4.748508e+06
1.274279e+09 4.748508e+06
1.116916e+09 4.748508e+06
9.943904e+08 4.748508e+06
8.845481e+08 4.748508e+06
7.808501e+08 4.748508e+06
6.939827e+08 4.748508e+06
6.218760e+08 4.748508e+06
5.565899e+08 4.748508e+06
4.992763e+08 4.748508e+06
4.452818e+08 4.748508e+06
4.018446e+08 4.748508e+06
3.581034e+08 4.748508e+06
3.188898e+08 4.748508e+06
2.835506e+08 4.748508e+06
2.576828e+08 4.748508e+06
2.345105e+08 4.748508e+06
2.133966e+08 4.748508e+06
1.951166e+08 4.748508e+06
1.769848e+08 4.748508e+06
1.611880e+08 4.748508e+06
1.475040e+08 4.748508e+06
1.354367e+08 4.748508e+06
1.257814e+08 4.748508e+06
1.169787e+08 4.748508e+06
1.079255e+08 4.748508e+06
9.869891e+07 4.748508e+06
9.065309e+07 4.748508e+06
8.330562e+07 4.748508e+06
7.688252e+07 4.748508e+06
7.074884e+07 4.748508e+06
6.506865e+07 4.748508e+06
5.914285e+07 4.748508e+06
5.417169e+07 4.748508e+06
4.928051e+07 4.748508e+06
4.541268e+07 4.748508e+06
4.214477e+07 4.748508e+06
3.913916e+07 4.748508e+06
3.656197e+07 4.748508e+06
3.397078e+07 4.748508e+06
3.169832e+07 4.748508e+06
2.964693e+07 4.748508e+06
2.764011e+07 4.748508e+06
2.568704e+07 4.748508e+06
2.373592e+07 4.748508e+06
2.153961e+07 4.748508e+06
1.955248e+07 4.748508e+06
1.817916e+07 4.748508e+06
1.695671e+07 4.748508e+06
1.591281e+07 4.748508e+06
1.502345e+07 4.748508e+06
1.420288e+07 4.748508e+06
1.348776e+07 4.748508e+06
1.278264e+07 4.748508e+06
1.216176e+07 4.748508e+06
1.159917e+07 4.748508e+06
1.112930e+07 4.748508e+06
1.067585e+07 4.748508e+06
1.035854e+07 4.748508e+06
1.009263e+07 4.748508e+06
9.877472e+06 4.748508e+06
9.644524e+06 4.748508e+06
9.411080e+06 4.748508e+06
9.142674e+06 4.748508e+06
8.901518e+06 4.748508e+06
8.689949e+06 4.748508e+06
8.531669e+06 4.748508e+06
8.396297e+06 4.748508e+06
8.294887e+06 4.748508e+06
8.215765e+06 4.748508e+06
8.138156e+06 4.748508e+06
8.062462e+06 4.748508e+06
7.978212e+06 4.748508e+06
7.885586e+06 4.748508e+06
7.800728e+06 4.748508e+06
7.722312e+06 4.748508e+06
7.654764e+06 4.748508e+06
7.599375e+06 4.748508e+06
7.555788e+06 4.748508e+06
7.516486e+06 4.748508e+06
7.479053e+06 4.748508e+06
7.439034e+06 4.748508e+06
7.400544e+06 4.748508e+06
7.365082e+06 4.748508e+06
7.326344e+06 4.748508e+06
7.291658e+06 4.748508e+06
7.267355e+06 4.748508e+06
7.246420e+06 4.748508e+06
7.219718e+06 4.748508e+06
7.190465e+06 4.748508e+06
6.030092e+10 1.435733e+10
1.293369e+10 6.403093e+06
8.463535e+09 6.403093e+06
6.190578e+09 6.403093e+06
4.848686e+09 6.403093e+06
3.937900e+09 6.403093e+06
3.295899e+09 6.403093e+06
2.759586e+09 6.403093e+06
2.365487e+09 6.403093e+06
2.055503e+09 6.403093e+06
1.806720e+09 6.403093e+06
1.562242e+09 6.403093e+06
1.368587e+09 6.403093e+06
1.205216e+09 6.403093e+06
1.066123e+09 6.403093e+06
9.357583e+08 6.403093e+06
8.251490e+08 6.403093e+06
7.287643e+08 6.403093e+06
6.440877e+08 6.403093e+06
5.665608e+08 6.403093e+06
5.061617e+08 6.403093e+06
4.536328e+08 6.403093e+06
4.077438e+08 6.403093e+06
3.676578e+08 6.403093e+06
3.305016e+08 6.403093e+06
2.954878e+08 6.403093e+06
2.704019e+08 6.403093e+06
2.474346e+08 6.403093e+06
2.255480e+08 6.403093e+06
2.029656e+08 6.403093e+06
1.871245e+08 6.403093e+06
1.715106e+08 6.403093e+06
1.581808e+08 6.403093e+06
1.464698e+08 6.403093e+06
1.341932e+08 6.403093e+06
1.237981e+08 6.403093e+06
1.143752e+08 6.403093e+06
1.066741e+08 6.403093e+06
9.867487e+07 6.403093e+06
9.175270e+07 6.403093e+06
8.519958e+07 6.403093e+06
7.879878e+07 6.403093e+06
7.320423e+07 6.403093e+06
6.839147e+07 6.403093e+06
6.373873e+07 6.403093e+06
5.966503e+07 6.403093e+06
5.529496e+07 6.403093e+06
5.189351e+07 6.403093e+06
4.842933e+07 6.403093e+06
4.583692e+07 6.403093e+06
4.328210e+07 6.403093e+06
4.093108e+07 6.403093e+06
3.859292e+07 6.403093e+06
3.612136e+07 6.403093e+06
3.384676e+07 6.403093e+06
3.183214e+07 6.403093e+06
2.999232e+07 6.403093e+06
2.805618e+07 6.403093e+06
2.642046e+07 6.403093e+06
2.490167e+07 6.403093e+06
2.350697e+07 6.403093e+06
2.208016e+07 6.403093e+06
2.091235e+07 6.403093e+06
1.986179e+07 6.403093e+06
1.894424e+07 6.403093e+06
1.816225e+07 6.403093e+06
1.736614e+07 6.403093e+06
1.666109e+07 6.403093e+06
1.591957e+07 6.403093e+06
1.506300e+07 6.403093e+06
1.426091e+07 6.403093e+06
1.350513e+07 6.403093e+06
1.291715e+07 6.403093e+06
1.229258e+07 6.403093e+06
1.180034e+07 6.403093e+06
1.138045e+07 6.403093e+06
1.103910e+07 6.403093e+06
1.073488e+07 6.403093e+06
1.048439e+07 6.403093e+06
1.026615e+07 6.403093e+06
1.007553e+07 6.403093e+06
9.867852e+06 6.403093e+06
9.674923e+06 6.403093e+06
9.474755e+06 6.403093e+06
9.249982e+06 6.403093e+06
9.030679e+06 6.403093e+06
8.826699e+06 6.403093e+06
8.633032e+06 6.403093e+06
8.464826e+06 6.403093e+06
8.328580e+06 6.403093e+06
8.212061e+06 6.403093e+06
8.096284e+06 6.403093e+06
8.016019e+06 6.403093e+06
7.939462e+06 6.403093e+06
7.873334e+06 6.403093e+06
7.819057e+06 6.403093e+06
7.779987e+06 6.403093e+06
7.744542e+06 6.403093e+06
7.719650e+06 6.403093e+06
7.700092e+06 6.403093e+06
7.682474e+06 6.403093e+06
6.030092e+10 1.435733e+10
1.272885e+10 6.703122e+06
8.482228e+09 6.703122e+06
6.364088e+09 6.703122e+06
5.081397e+09 6.703122e+06
4.164068e+09 6.703122e+06
3.507794e+09 6.703122e+06
2.956577e+09 6.703122e+06
2.566953e+09 6.703122e+06
2.216493e+09 6.703122e+06
1.938547e+09 6.703122e+06
1.707155e+09 6.703122e+06
1.519152e+09 6.703122e+06
1.318936e+09 6.703122e+06
1.163708e+09 6.703122e+06
1.028651e+09 6.703122e+06
9.097544e+08 6.703122e+06
7.902781e+08 6.703122e+06
6.958668e+08 6.703122e+06
6.115118e+08 6.703122e+06
5.406228e+08 6.703122e+06
4.721653e+08 6.703122e+06
4.191477e+08 6.703122e+06
3.699634e+08 6.703122e+06
3.282385e+08 6.703122e+06
2.972882e+08 6.703122e+06
2.670777e+08 6.703122e+06
2.397776e+08 6.703122e+06
2.147498e+08 6.703122e+06
1.940486e+08 6.703122e+06
1.762415e+08 6.703122e+06
1.599756e+08 6.703122e+06
1.435774e+08 6.703122e+06
1.301658e+08 6.703122e+06
1.172891e+08 6.703122e+06
1.064629e+08 6.703122e+06
9.522708e+07 6.703122e+06
8.635273e+07 6.703122e+06
7.819345e+07 6.703122e+06
7.089869e+07 6.703122e+06
6.406814e+07 6.703122e+06
5.799869e+07 6.703122e+06
5.232902e+07 6.703122e+06
4.766380e+07 6.703122e+06
4.313290e+07 6.703122e+06
3.923297e+07 6.703122e+06
3.568157e+07 6.703122e+06
3.287188e+07 6.703122e+06
2.980231e+07 6.703122e+06
2.729633e+07 6.703122e+06
2.490920e+07 6.703122e+06
2.296237e+07 6.703122e+06
2.101925e+07 6.703122e+06
1.936320e+07 6.703122e+06
1.763127e+07 6.703122e+06
1.595445e+07 6.703122e+06
1.466641e+07 6.703122e+06
1.362154e+07 6.703122e+06
1.272870e+07 6.703122e+06
1.187991e+07 6.703122e+06
1.120227e+07 6.703122e+06
1.059009e+07 6.703122e+06
1.011884e+07 6.703122e+06
9.679142e+06 6.703122e+06
9.342809e+06 6.703122e+06
9.035521e+06 6.703122e+06
8.733635e+06 6.703122e+06
8.442873e+06 6.703122e+06
8.197523e+06 6.703122e+06
7.982032e+06 6.703122e+06
7.777827e+06 6.703122e+06
7.552057e+06 6.703122e+06
7.338550e+06 6.703122e+06
7.132032e+06 6.703122e+06
6.947284e+06 6.703122e+06
6.796883e+06 6.608043e+06
6.678886e+06 6.521744e+06
6.584677e+06 6.454774e+06
6.509491e+06 6.401186e+06
6.438472e+06 6.330825e+06
6.364578e+06 6.244750e+06
6.288012e+06 6.189847e+06
6.223301e+06 6.131548e+06
6.166002e+06 6.081931e+06
6.122483e+06 6.047895e+06
6.080971e+06 5.996535e+06
6.039903e+06 5.954670e+06
5.992850e+06 5.861896e+06
5.951289e+06 5.832815e+06
5.911708e+06 5.782352e+06
5.880801e+06 5.746131e+06
5.852939e+06 5.701217e+06
5.832258e+06 5.674880e+06
5.810485e+06 5.642399e+06
5.788713e+06 5.596474e+06
5.772271e+06 5.574273e+06
5.758164e+06 5.480151e+06
5.743336e+06 5.451778e+06
5.729928e+06 5.392503e+06
5.718166e+06 5.364918e+06
5.704132e+06 5.337620e+06
6.030092e+10 1.435733e+10
1.273737e+10 5.342897e+06
8.039721e+09 5.342897e+06
5.931989e+09 5.342897e+06
4.688811e+09 5.342897e+06
3.748854e+09 5.342897e+06
3.173505e+09 5.342897e+06
2.653387e+09 5.342897e+06
2.290559e+09 5.342897e+06
1.952114e+09 5.342897e+06
1.699902e+09 5.342897e+06
1.473635e+09 5.342897e+06
1.311340e+09 5.342897e+06
1.139273e+09 5.342897e+06
1.017665e+09 5.342897e+06
9.056462e+08 5.342897e+06
8.153756e+08 5.342897e+06
7.244139e+08 5.342897e+06
6.415762e+08 5.342897e+06
5.669032e+08 5.342897e+06
5.038688e+08 5.342897e+06
4.491673e+08 5.342897e+06
4.000421e+08 5.342897e+06
3.573765e+08 5.342897e+06
3.196073e+08 5.342897e+06
2.853755e+08 5.342897e+06
2.549422e+08 5.342897e+06
2.315191e+08 5.342897e+06
2.062403e+08 5.342897e+06
1.860278e+08 5.342897e+06
1.650455e+08 5.342897e+06
1.485274e+08 5.342897e+06
1.340894e+08 5.342897e+06
1.205809e+08 5.342897e+06
1.080408e+08 5.342897e+06
9.748283e+07 5.342897e+06
8.695674e+07 5.342897e+06
7.885088e+07 5.342897e+06
6.998709e+07 5.342897e+06
6.294583e+07 5.342897e+06
5.562070e+07 5.342897e+06
4.989588e+07 5.342897e+06
4.391736e+07 5.342897e+06
3.936844e+07 5.342897e+06
3.503939e+07 5.342897e+06
3.104305e+07 5.342897e+06
2.794864e+07 5.342897e+06
2.537698e+07 5.342897e+06
2.312860e+07 5.342897e+06
2.138695e+07 5.342897e+06
1.969530e+07 5.342897e+06
1.825618e+07 5.342897e+06
1.688867e+07 5.342897e+06
1.571178e+07 5.342897e+06
1.447980e+07 5.342897e+06
1.359987e+07 5.342897e+06
1.280524e+07 5.342897e+06
1.205025e+07 5.342897e+06
1.138187e+07 5.342897e+06
1.072344e+07 5.342897e+06
1.017904e+07 5.342897e+06
9.726970e+06 5.342897e+06
9.350448e+06 5.342897e+06
9.086083e+06 5.342897e+06
8.857364e+06 5.342897e+06
8.665927e+06 5.342897e+06
8.490844e+06 5.342897e+06
8.329515e+06 5.342897e+06
8.171401e+06 5.342897e+06
8.012458e+06 5.342897e+06
7.844220e+06 5.342897e+06
7.668688e+06 5.342897e+06
7.493863e+06 5.342897e+06
7.336498e+06 5.342897e+06
7.181359e+06 5.342897e+06
7.063252e+06 5.342897e+06
6.954543e+06 5.342897e+06
6.880430e+06 5.342897e+06
6.801401e+06 5.342897e+06
6.734799e+06 5.342897e+06
6.670643e+06 5.342897e+06
6.604678e+06 5.342897e+06
6.531632e+06 5.342897e+06
6.460107e+06 5.342897e+06
6.383562e+06 5.342897e+06
6.318971e+06 5.342897e+06
6.244262e+06 5.342897e+06
6.169458e+06 5.342897e+06
6.103669e+06 5.342897e+06
6.051185e+06 5.342897e+06
5.999799e+06 5.342897e+06
5.953472e+06 5.342897e+06
5.913386e+06 5.342897e+06
5.865353e+06 5.342897e+06
5.820505e+06 5.297496e+06
5.786588e+06 5.213363e+06
5.751569e+06 5.054081e+06
5.720017e+06 4.956876e+06
5.686968e+06 4.875143e+06
5.668622e+06 4.839712e+06
5.638687e+06 4.795117e+06
6.030092e+10 1.435733e+10
1.272644e+10 4.795217e+06
8.201385e+09 4.795217e+06
6.200547e+09 4.795217e+06
4.907896e+09 4.795217e+06
3.993143e+09 4.795217e+06
3.258658e+09 4.795217e+06
2.752706e+09 4.795217e+06
2.328619e+09 4.795217e+06
2.008153e+09 4.795217e+06
1.756167e+09 4.795217e+06
1.522571e+09 4.795217e+06
1.315172e+09 4.795217e+06
1.155529e+09 4.795217e+06
1.019818e+09 4.795217e+06
8.867002e+08 4.795217e+06
7.887176e+08 4.795217e+06
6.964862e+08 4.795217e+06
6.008462e+08 4.795217e+06
5.336093e+08 4.795217e+06
4.776788e+08 4.795217e+06
4.249420e+08 4.795217e+06
3.722057e+08 4.795217e+06
3.366501e+08 4.795217e+06
3.020834e+08 4.795217e+06
2.713687e+08 4.795217e+06
2.414435e+08 4.795217e+06
2.175591e+08 4.795217e+06
1.956365e+08 4.795217e+06
1.772468e+08 4.795217e+06
1.604013e+08 4.795217e+06
1.466852e+08 4.795217e+06
1.346363e+08 4.795217e+06
1.244784e+08 4.795217e+06
1.140042e+08 4.795217e+06
1.051956e+08 4.795217e+06
9.609394e+07 4.795217e+06
8.739948e+07 4.795217e+06
7.981422e+07 4.795217e+06
7.314309e+07 4.795217e+06
6.576551e+07 4.795217e+06
5.910077e+07 4.795217e+06
5.281840e+07 4.795217e+06
4.734801e+07 4.795217e+06
4.203617e+07 4.795217e+06
3.773855e+07 4.795217e+06
3.375128e+07 4.795217e+06
2.996613e+07 4.795217e+06
2.678298e+07 4.795217e+06
2.398377e+07 4.795217e+06
2.147323e+07 4.795217e+06
1.950811e+07 4.795217e+06
1.783851e+07 4.795217e+06
1.644874e+07 4.795217e+06
1.530171e+07 4.795217e+06
1.440899e+07 4.795217e+06
1.346197e+07 4.795217e+06
1.265536e+07 4.795217e+06
1.187056e+07 4.795217e+06
1.101852e+07 4.795217e+06
1.017990e+07 4.795217e+06
9.513969e+06 4.795217e+06
8.888696e+06 4.795217e+06
8.394218e+06 4.795217e+06
8.013672e+06 4.795217e+06
7.704703e+06 4.795217e+06
7.446580e+06 4.795217e+06
7.173147e+06 4.795217e+06
6.899559e+06 4.795217e+06
6.687069e+06 4.795217e+06
6.497671e+06 4.795217e+06
6.354219e+06 4.795217e+06
6.228163e+06 4.795217e+06
6.106673e+06 4.795217e+06
5.961650e+06 4.795217e+06
5.825701e+06 4.795217e+06
5.688989e+06 4.795217e+06
5.565716e+06 4.795217e+06
5.427649e+06 4.795217e+06
5.291900e+06 4.795217e+06
5.147231e+06 4.795217e+06
5.003210e+06 4.730420e+06
4.871071e+06 4.625640e+06
4.770017e+06 4.518854e+06
4.653723e+06 4.391265e+06
4.556456e+06 4.243908e+06
4.463810e+06 4.175790e+06
4.382587e+06 3.997563e+06
4.297680e+06 3.906648e+06
4.207922e+06 3.774660e+06
4.130272e+06 3.677571e+06
4.069000e+06 3.603467e+06
4.004019e+06 3.579071e+06
3.963467e+06 3.469091e+06
3.919035e+06 3.399817e+06
3.882044e+06 3.350757e+06
3.838988e+06 3.263996e+06
3.813179e+06 3.172753e+06
3.782627e+06 3.111186e+06
3.762470e+06 3.037495e+06
3.741621e+06 2.906972e+06
6.030092e+10 1.435733e+10
1.304688e+10 2.907072e+06
8.289603e+09 2.907072e+06
6.205502e+09 2.907072e+06
4.886861e+09 2.907072e+06
4.032375e+09 2.907072e+06
3.378493e+09 2.907072e+06
2.849888e+09 2.907072e+06
2.460790e+09 2.907072e+06
2.102210e+09 2.907072e+06
1.811821e+09 2.907072e+06
1.595267e+09 2.907072e+06
1.392364e+09 2.907072e+06
1.216636e+09 2.907072e+06
1.082822e+09 2.907072e+06
9.490579e+08 2.907072e+06
8.404353e+08 2.907072e+06
7.437618e+08 2.907072e+06
6.598376e+08 2.907072e+06
5.925918e+08 2.907072e+06
5.357224e+08 2.907072e+06
4.785431e+08 2.907072e+06
4.314126e+08 2.907072e+06
3.863415e+08 2.907072e+06
3.473017e+08 2.907072e+06
3.150822e+08 2.907072e+06
2.829312e+08 2.907072e+06
2.558257e+08 2.907072e+06
2.303365e+08 2.907072e+06
2.114799e+08 2.907072e+06
1.941198e+08 2.907072e+06
1.798420e+08 2.907072e+06
1.648821e+08 2.907072e+06
1.509744e+08 2.907072e+06
1.373017e+08 2.907072e+06
1.263569e+08 2.907072e+06
1.146398e+08 2.907072e+06
1.046309e+08 2.907072e+06
9.538677e+07 2.907072e+06
8.689604e+07 2.907072e+06
7.845704e+07 2.907072e+06
7.083032e+07 2.907072e+06
6.303258e+07 2.907072e+06
5.651918e+07 2.907072e+06
5.072725e+07 2.907072e+06
4.631255e+07 2.907072e+06
4.259959e+07 2.907072e+06
3.933119e+07 2.907072e+06
3.653841e+07 2.907072e+06
3.414456e+07 2.907072e+06
3.216525e+07 2.907072e+06
3.058589e+07 2.907072e+06
2.898607e+07 2.907072e+06
2.743175e+07 2.907072e+06
2.619661e+07 2.907072e+06
2.496839e+07 2.907072e+06
2.377682e+07 2.907072e+06
2.256218e+07 2.907072e+06
2.139958e+07 2.907072e+06
2.008111e+07 2.907072e+06
1.870059e+07 2.907072e+06
1.759125e+07 2.907072e+06
1.655378e+07 2.907072e+06
1.571142e+07 2.907072e+06
1.491995e+07 2.907072e+06
1.427815e+07 2.907072e+06
1.371047e+07 2.907072e+06
1.315462e+07 2.907072e+06
1.258880e+07 2.907072e+06
1.211081e+07 2.907072e+06
1.172008e+07 2.907072e+06
1.138285e+07 2.907072e+06
1.107593e+07 2.907072e+06
1.083411e+07 2.907072e+06
1.060069e+07 2.907072e+06
1.035335e+07 2.907072e+06
1.007298e+07 2.907072e+06
9.802761e+06 2.907072e+06
9.509547e+06 2.907072e+06
9.295524e+06 2.907072e+06
9.093993e+06 2.907072e+06
8.932052e+06 2.907072e+06
8.803556e+06 2.907072e+06
8.699284e+06 2.907072e+06
8.581309e+06 2.907072e+06
8.469900e+06 2.907072e+06
8.360543e+06 2.907072e+06
8.244255e+06 2.907072e+06
8.125312e+06 2.907072e+06
8.011467e+06 2.907072e+06
7.881342e+06 2.907072e+06
7.748498e+06 2.907072e+06
7.634040e+06 2.907072e+06
7.549772e+06 2.907072e+06
7.469290e+06 2.907072e+06
7.397077e+06 2.907072e+06
7.345701e+06 2.907072e+06
7.292073e+06 2.907072e+06
7.259378e+06 2.907072e+06
7.232167e+06 2.907072e+06
7.210032e+06 2.907072e+06
6.030092e+10 1.435733e+10
1.288406e+10 6.107226e+06
8.494737e+09 6.107226e+06
6.272681e+09 6.107226e+06
5.023841e+09 6.107226e+06
4.048529e+09 6.107226e+06
3.382590e+09 6.107226e+06
2.917834e+09 6.107226e+06
2.550921e+09 6.107226e+06
2.199849e+09 6.107226e+06
1.863880e+09 6.107226e+06
1.620080e+09 6.107226e+06
1.412958e+09 6.107226e+06
1.263008e+09 6.107226e+06
1.115468e+09 6.107226e+06
9.912584e+08 6.107226e+06
8.901053e+08 6.107226e+06
8.008349e+08 6.107226e+06
7.123484e+08 6.107226e+06
6.404621e+08 6.107226e+06
5.668726e+08 6.107226e+06
5.046562e+08 6.107226e+06
4.531014e+08 6.107226e+06
4.056150e+08 6.107226e+06
3.611191e+08 6.107226e+06
3.182553e+08 6.107226e+06
2.807047e+08 6.107226e+06
2.500706e+08 6.107226e+06
2.242366e+08 6.107226e+06
2.018752e+08 6.107226e+06
1.826962e+08 6.107226e+06
1.653500e+08 6.107226e+06
1.496980e+08 6.107226e+06
1.361848e+08 6.107226e+06
1.237206e+08 6.107226e+06
1.140220e+08 6.107226e+06
1.047580e+08 6.107226e+06
9.484920e+07 6.107226e+06
8.523621e+07 6.107226e+06
7.743293e+07 6.107226e+06
6.936416e+07 6.107226e+06
6.165105e+07 6.107226e+06
5.561666e+07 6.107226e+06
4.999841e+07 6.107226e+06
4.469301e+07 6.107226e+06
4.057831e+07 6.107226e+06
3.709071e+07 6.107226e+06
3.393141e+07 6.107226e+06
3.153791e+07 6.107226e+06
2.929240e+07 6.107226e+06
2.759532e+07 6.107226e+06
2.604514e+07 6.107226e+06
2.443712e+07 6.107226e+06
2.300249e+07 6.107226e+06
2.160877e+07 6.107226e+06
2.046282e+07 6.107226e+06
1.932527e+07 6.107226e+06
1.837374e+07 6.107226e+06
1.747778e+07 6.107226e+06
1.670456e+07 6.107226e+06
1.587722e+07 6.107226e+06
1.522716e+07 6.107226e+06
1.457422e+07 6.107226e+06
1.399370e+07 6.107226e+06
1.348391e+07 6.107226e+06
1.308966e+07 6.107226e+06
1.271813e+07 6.107226e+06
1.234073e+07 6.107226e+06
1.194563e+07 6.107226e+06
1.150906e+07 6.107226e+06
1.112520e+07 6.107226e+06
1.069848e+07 6.107226e+06
1.035682e+07 6.107226e+06
1.001414e+07 6.107226e+06
9.691537e+06 6.107226e+06
9.364351e+06 6.107226e+06
9.023512e+06 6.107226e+06
8.753253e+06 6.107226e+06
8.484766e+06 6.107226e+06
8.266907e+06 6.107226e+06
8.042941e+06 6.107226e+06
7.871658e+06 6.107226e+06
7.729575e+06 6.107226e+06
7.594794e+06 6.107226e+06
7.449146e+06 6.107226e+06
7.326076e+06 6.107226e+06
7.195400e+06 6.107226e+06
7.091425e+06 6.107226e+06
7.005548e+06 6.107226e+06
6.911611e+06 6.107226e+06
6.839269e+06 6.107226e+06
6.782322e+06 6.107226e+06
6.718827e+06 6.107226e+06
6.667287e+06 6.107226e+06
6.627152e+06 6.090078e+06
6.593231e+06 6.040867e+06
6.563787e+06 6.013525e+06
6.543794e+06 5.932755e+06
6.523207e+06 5.907324e+06
6.506373e+06 5.867178e+06
6.477362e+06 5.824510e+06
6.030092e+10 1.435733e+10
1.281357e+10 5.824610e+06
8.212188e+09 5.824610e+06
6.086901e+09 5.824610e+06
4.750115e+09 5.824610e+06
3.951507e+09 5.824610e+06
3.269145e+09 5.824610e+06
2.778984e+09 5.824610e+06
2.365568e+09 5.824610e+06
2.071012e+09 5.824610e+06
1.803306e+09 5.824610e+06
1.573850e+09 5.824610e+06
1.387641e+09 5.824610e+06
1.228005e+09 5.824610e+06
1.083473e+09 5.824610e+06
9.589795e+08 5.824610e+06
8.604307e+08 5.824610e+06
7.640000e+08 5.824610e+06
6.821296e+08 5.824610e+06
5.978270e+08 5.824610e+06
5.279514e+08 5.824610e+06
4.747849e+08 5.824610e+06
4.280203e+08 5.824610e+06
3.897107e+08 5.824610e+06
3.527101e+08 5.824610e+06
3.186067e+08 5.824610e+06
2.879720e+08 5.824610e+06
2.616221e+08 5.824610e+06
2.366616e+08 5.824610e+06
2.137530e+08 5.824610e+06
1.932094e+08 5.824610e+06
1.738848e+08 5.824610e+06
1.585783e+08 5.824610e+06
1.443887e+08 5.824610e+06
1.316429e+08 5.824610e+06
1.177588e+08 5.824610e+06
1.077995e+08 5.824610e+06
9.791379e+07 5.824610e+06
8.826215e+07 5.824610e+06
8.027330e+07 5.824610e+06
7.186476e+07 5.824610e+06
6.524773e+07 5.824610e+06
5.864936e+07 5.824610e+06
5.304112e+07 5.824610e+06
4.754020e+07 5.824610e+06
4.334953e+07 5.824610e+06
3.952907e+07 5.824610e+06
3.607590e+07 5.824610e+06
3.341903e+07 5.824610e+06
3.099898e+07 5.824610e+06
2.878565e+07 5.824610e+06
2.688884e+07 5.824610e+06
2.517325e+07 5.824610e+06
2.363846e+07 5.824610e+06
2.211171e+07 5.824610e+06
2.078234e+07 5.824610e+06
1.934835e+07 5.824610e+06
1.816481e+07 5.824610e+06
1.701625e+07 5.824610e+06
1.598296e+07 5.824610e+06
1.515026e+07 5.824610e+06
1.449543e+07 5.824610e+06
1.393577e+07 5.824610e+06
1.341530e+07 5.824610e+06
1.289916e+07 5.824610e+06
1.242220e+07 5.824610e+06
1.193954e+07 5.824610e+06
1.159563e+07 5.824610e+06
1.125286e+07 5.824610e+06
1.095601e+07 5.824610e+06
1.067016e+07 5.824610e+06
1.043228e+07 5.824610e+06
1.019022e+07 5.824610e+06
9.927461e+06 5.824610e+06
9.643193e+06 5.824610e+06
9.403386e+06 5.824610e+06
9.179872e+06 5.824610e+06
8.943035e+06 5.824610e+06
8.726215e+06 5.824610e+06
8.523072e+06 5.824610e+06
8.331653e+06 5.824610e+06
8.141184e+06 5.824610e+06
7.913249e+06 5.824610e+06
7.722994e+06 5.824610e+06
7.538670e+06 5.824610e+06
7.366733e+06 5.824610e+06
7.245331e+06 5.824610e+06
7.127554e+06 5.824610e+06
7.030733e+06 5.824610e+06
6.970004e+06 5.824610e+06
6.912212e+06 5.824610e+06
6.866072e+06 5.824610e+06
6.827011e+06 5.824610e+06
6.792662e+06 5.824610e+06
6.764017e+06 5.824610e+06
6.736864e+06 5.824610e+06
6.709805e+06 5.824610e+06
6.691365e+06 5.824610e+06
6.676832e+06 5.824610e+06
6.642973e+06 5.824610e+06
6.616812e+06 5.824610e+06
6.030092e+10 1.435733e+10
1.295177e+10 6.134393e+06
8.586577e+09 6.134393e+06
6.304654e+09 6.134393e+06
5.058577e+09 6.134393e+06
4.156342e+09 6.134393e+06
3.483184e+09 6.134393e+06
2.954439e+09 6.134393e+06
2.561533e+09 6.134393e+06
2.244916e+09 6.134393e+06
1.948325e+09 6.134393e+06
1.691322e+09 6.134393e+06
1.494979e+09 6.134393e+06
1.290868e+09 6.134393e+06
1.129864e+09 6.134393e+06
9.911451e+08 6.134393e+06
8.738735e+08 6.134393e+06
7.788396e+08 6.134393e+06
6.923814e+08 6.134393e+06
6.131851e+08 6.134393e+06
5.478399e+08 6.134393e+06
4.914608e+08 6.134393e+06
4.446500e+08 6.134393e+06
3.969749e+08 6.134393e+06
3.572565e+08 6.134393e+06
3.186738e+08 6.134393e+06
2.888123e+08 6.134393e+06
2.620568e+08 6.134393e+06
2.362198e+08 6.134393e+06
2.109801e+08 6.134393e+06
1.903477e+08 6.134393e+06
1.724710e+08 6.134393e+06
1.552694e+08 6.134393e+06
1.403057e+08 6.134393e+06
1.272977e+08 6.134393e+06
1.166655e+08 6.134393e+06
1.060126e+08 6.134393e+06
9.617891e+07 6.134393e+06
8.723370e+07 6.134393e+06
7.946254e+07 6.134393e+06
7.348884e+07 6.134393e+06
6.768228e+07 6.134393e+06
6.223766e+07 6.134393e+06
5.767319e+07 6.134393e+06
5.388902e+07 6.134393e+06
5.044397e+07 6.134393e+06
4.723113e+07 6.134393e+06
4.429098e+07 6.134393e+06
4.116423e+07 6.134393e+06
3.849813e+07 6.134393e+06
3.568498e+07 6.134393e+06
3.288819e+07 6.134393e+06
2.951375e+07 6.134393e+06
2.653805e+07 6.134393e+06
2.370767e+07 6.134393e+06
2.153695e+07 6.134393e+06
1.988873e+07 6.134393e+06
1.843441e+07 6.134393e+06
1.721606e+07 6.134393e+06
1.604717e+07 6.134393e+06
1.500847e+07 6.134393e+06
1.408307e+07 6.134393e+06
1.327195e+07 6.134393e+06
1.264896e+07 6.134393e+06
1.211658e+07 6.134393e+06
1.163185e+07 6.134393e+06
1.123378e+07 6.134393e+06
1.086282e+07 6.134393e+06
1.056248e+07 6.134393e+06
1.024652e+07 6.134393e+06
9.946156e+06 6.134393e+06
9.684278e+06 6.134393e+06
9.457336e+06 6.134393e+06
9.206619e+06 6.134393e+06
8.977364e+06 6.134393e+06
8.765613e+06 6.134393e+06
8.576414e+06 6.134393e+06
8.399341e+06 6.134393e+06
8.204708e+06 6.134393e+06
8.010872e+06 6.134393e+06
7.852676e+06 6.134393e+06
7.689823e+06 6.134393e+06
7.542898e+06 6.134393e+06
7.412329e+06 6.134393e+06
7.292953e+06 6.134393e+06
7.175575e+06 6.134393e+06
7.050810e+06 6.134393e+06
6.937807e+06 6.134393e+06
6.834633e+06 6.134393e+06
6.754947e+06 6.134393e+06
6.683129e+06 6.134393e+06
6.620819e+06 6.134393e+06
6.565168e+06 6.099683e+06
6.509984e+06 6.060532e+06
6.458720e+06 5.942148e+06
6.416146e+06 5.839154e+06
6.374565e+06 5.731183e+06
6.341997e+06 5.655502e+06
6.314348e+06 5.509554e+06
6.258346e+06 5.475292e+06
6.203931e+06 5.438349e+06
6.030092e+10 1.435733e+10
1.311385e+10 5.438449e+06
8.163110e+09 5.438449e+06
6.099295e+09 5.438449e+06
4.809023e+09 5.438449e+06
3.917241e+09 5.438449e+06
3.283271e+09 5.438449e+06
2.702851e+09 5.438449e+06
2.277370e+09 5.438449e+06
1.953019e+09 5.438449e+06
1.694474e+09 5.438449e+06
1.461847e+09 5.438449e+06
1.268502e+09 5.438449e+06
1.099565e+09 5.438449e+06
9.672289e+08 5.438449e+06
8.563730e+08 5.438449e+06
7.695110e+08 5.438449e+06
6.789762e+08 5.438449e+06
6.074564e+08 5.438449e+06
5.431407e+08 5.438449e+06
4.860350e+08 5.438449e+06
4.353765e+08 5.438449e+06
3.821870e+08 5.438449e+06
3.388726e+08 5.438449e+06
3.067149e+08 5.438449e+06
2.781122e+08 5.438449e+06
2.491226e+08 5.438449e+06
2.267978e+08 5.438449e+06
2.072609e+08 5.438449e+06
1.890437e+08 5.438449e+06
1.738923e+08 5.438449e+06
1.607128e+08 5.438449e+06
1.467287e+08 5.438449e+06
1.356391e+08 5.438449e+06
1.243536e+08 5.438449e+06
1.153242e+08 5.438449e+06
1.061740e+08 5.438449e+06
9.776074e+07 5.438449e+06
9.018581e+07 5.438449e+06
8.374639e+07 5.438449e+06
7.538598e+07 5.438449e+06
6.926686e+07 5.438449e+06
6.355946e+07 5.438449e+06
5.783558e+07 5.438449e+06
5.313364e+07 5.438449e+06
4.842150e+07 5.438449e+06
4.430404e+07 5.438449e+06
4.076892e+07 5.438449e+06
3.741700e+07 5.438449e+06
3.418807e+07 5.438449e+06
3.130753e+07 5.438449e+06
2.898493e+07 5.438449e+06
2.675297e+07 5.438449e+06
2.505716e+07 5.438449e+06
2.347919e+07 5.438449e+06
2.212488e+07 5.438449e+06
2.088020e+07 5.438449e+06
1.975091e+07 5.438449e+06
1.878942e+07 5.438449e+06
1.790967e+07 5.438449e+06
1.707166e+07 5.438449e+06
1.625584e+07 5.438449e+06
1.558453e+07 5.438449e+06
1.491625e+07 5.438449e+06
1.429651e+07 5.438449e+06
1.363044e+07 5.438449e+06
1.292058e+07 5.438449e+06
1.234802e+07 5.438449e+06
1.185420e+07 5.438449e+06
1.143415e+07 5.438449e+06
1.101038e+07 5.438449e+06
1.061775e+07 5.438449e+06
1.020783e+07 5.438449e+06
9.852829e+06 5.438449e+06
9.462937e+06 5.438449e+06
9.084558e+06 5.438449e+06
8.775947e+06 5.438449e+06
8.475325e+06 5.438449e+06
8.204405e+06 5.438449e+06
7.988089e+06 5.438449e+06
7.766148e+06 5.438449e+06
7.589589e+06 5.438449e+06
7.443602e+06 5.438449e+06
7.338569e+06 5.438449e+06
7.248531e+06 5.438449e+06
7.169882e+06 5.438449e+06
7.083986e+06 5.438449e+06
7.012817e+06 5.438449e+06
6.947232e+06 5.438449e+06
6.893507e+06 5.438449e+06
6.851887e+06 5.438449e+06
6.813895e+06 5.438449e+06
6.783006e+06 5.438449e+06
6.758329e+06 5.438449e+06
6.735899e+06 5.438449e+06
6.715730e+06 5.438449e+06
6.698637e+06 5.438449e+06
6.686685e+06 5.438449e+06
6.675352e+06 5.438449e+06
6.661109e+06 5.438449e+06
6.639645e+06 5.438449e+06
6.030092e+10 1.435733e+10
1.302631e+10 6.215129e+06
8.199072e+09 6.215129e+06
5.945339e+09 6.215129e+06
4.532749e+09 6.215129e+06
3.740461e+09 6.215129e+06
3.101859e+09 6.215129e+06
2.618136e+09 6.215129e+06
2.227023e+09 6.215129e+06
1.927284e+09 6.215129e+06
1.664288e+09 6.215129e+06
1.441702e+09 6.215129e+06
1.246418e+09 6.215129e+06
1.092232e+09 6.215129e+06
9.516305e+08 6.215129e+06
8.370471e+08 6.215129e+06
7.511221e+08 6.215129e+06
6.706020e+08 6.215129e+06
5.944632e+08 6.215129e+06
5.327546e+08 6.215129e+06
4.744626e+08 6.215129e+06
4.248776e+08 6.215129e+06
3.804351e+08 6.215129e+06
3.435446e+08 6.215129e+06
3.137899e+08 6.215129e+06
2.854934e+08 6.215129e+06
2.578306e+08 6.215129e+06
2.313653e+08 6.215129e+06
2.117486e+08 6.215129e+06
1.929488e+08 6.215129e+06
1.782629e+08 6.215129e+06
1.636281e+08 6.215129e+06
1.504636e+08 6.215129e+06
1.375984e+08 6.215129e+06
1.268890e+08 6.215129e+06
1.165162e+08 6.215129e+06
1.066958e+08 6.215129e+06
9.606056e+07 6.215129e+06
8.621449e+07 6.215129e+06
7.630393e+07 6.215129e+06
6.709907e+07 6.215129e+06
5.915535e+07 6.215129e+06
5.179418e+07 6.215129e+06
4.497163e+07 6.215129e+06
3.958606e+07 6.215129e+06
3.486835e+07 6.215129e+06
3.112871e+07 6.215129e+06
2.814360e+07 6.215129e+06
2.553263e+07 6.215129e+06
2.361624e+07 6.215129e+06
2.193232e+07 6.215129e+06
2.050618e+07 6.215129e+06
1.928546e+07 6.215129e+06
1.813471e+07 6.215129e+06
1.703248e+07 6.215129e+06
1.607611e+07 6.215129e+06
1.518365e+07 6.215129e+06
1.439911e+07 6.215129e+06
1.373466e+07 6.215129e+06
1.315053e+07 6.215129e+06
1.252357e+07 6.215129e+06
1.194759e+07 6.215129e+06
1.137222e+07 6.215129e+06
1.087471e+07 6.215129e+06
1.041924e+07 6.215129e+06
1.004243e+07 6.215129e+06
9.699595e+06 6.215129e+06
9.419921e+06 6.215129e+06
9.149728e+06 6.215129e+06
8.911448e+06 6.215129e+06
8.679034e+06 6.215129e+06
8.487625e+06 6.215129e+06
8.294858e+06 6.215129e+06
8.124283e+06 6.215129e+06
7.958504e+06 6.215129e+06
7.808753e+06 6.215129e+06
7.681356e+06 6.215129e+06
7.564732e+06 6.215129e+06
7.453027e+06 6.215129e+06
7.318027e+06 6.215129e+06
7.199503e+06 6.215129e+06
7.063423e+06 6.215129e+06
6.957084e+06 6.215129e+06
6.839257e+06 6.215129e+06
6.738476e+06 6.215129e+06
6.645164e+06 6.215129e+06
6.566961e+06 6.215129e+06
6.492257e+06 6.185586e+06
6.415099e+06 6.102857e+06
6.349000e+06 6.000120e+06
6.290454e+06 5.890598e+06
6.228326e+06 5.807368e+06
6.172647e+06 5.751999e+06
6.131713e+06 5.637546e+06
6.088102e+06 5.541133e+06
6.028102e+06 5.451122e+06
5.988480e+06 5.350238e+06
5.954025e+06 5.293016e+06
5.930431e+06 5.182388e+06
5.898411e+06 5.036329e+06
5.870304e+06 5.004757e+06
6.030092e+10 1.435733e+10
1.326026e+10 5.004857e+06
8.289100e+09 5.004857e+06
6.310614e+09 5.004857e+06
5.129950e+09 5.004857e+06
4.137028e+09 5.004857e+06
3.464501e+09 5.004857e+06
2.957195e+09 5.004857e+06
2.519370e+09 5.004857e+06
2.172777e+09 5.004857e+06
1.901334e+09 5.004857e+06
1.657085e+09 5.004857e+06
1.453071e+09 5.004857e+06
1.299994e+09 5.004857e+06
1.159422e+09 5.004857e+06
1.014822e+09 5.004857e+06
8.773667e+08 5.004857e+06
7.768723e+08 5.004857e+06
6.887726e+08 5.004857e+06
6.182557e+08 5.004857e+06
5.466951e+08 5.004857e+06
4.976528e+08 5.004857e+06
4.504693e+08 5.004857e+06
4.015208e+08 5.004857e+06
3.623520e+08 5.004857e+06
3.190835e+08 5.004857e+06
2.864426e+08 5.004857e+06
2.569488e+08 5.004857e+06
2.328216e+08 5.004857e+06
2.096928e+08 5.004857e+06
1.889856e+08 5.004857e+06
1.701883e+08 5.004857e+06
1.535090e+08 5.004857e+06
1.382376e+08 5.004857e+06
1.265603e+08 5.004857e+06
1.156803e+08 5.004857e+06
1.054762e+08 5.004857e+06
9.660543e+07 5.004857e+06
8.795579e+07 5.004857e+06
7.765882e+07 5.004857e+06
6.844917e+07 5.004857e+06
6.002871e+07 5.004857e+06
5.345275e+07 5.004857e+06
4.732967e+07 5.004857e+06
4.270499e+07 5.004857e+06
3.857753e+07 5.004857e+06
3.560166e+07 5.004857e+06
3.229652e+07 5.004857e+06
2.967102e+07 5.004857e+06
2.754686e+07 5.004857e+06
2.574980e+07 5.004857e+06
2.390292e+07 5.004857e+06
2.214526e+07 5.004857e+06
2.070903e+07 5.004857e+06
1.944201e+07 5.004857e+06
1.819052e+07 5.004857e+06
1.706461e+07 5.004857e+06
1.599981e+07 5.004857e+06
1.512239e+07 5.004857e+06
1.431470e+07 5.004857e+06
1.354830e+07 5.004857e+06
1.279374e+07 5.004857e+06
1.214698e+07 5.004857e+06
1.160563e+07 5.004857e+06
1.117924e+07 5.004857e+06
1.074349e+07 5.004857e+06
1.039652e+07 5.004857e+06
1.005553e+07 5.004857e+06
9.746421e+06 5.004857e+06
9.457798e+06 5.004857e+06
9.195946e+06 5.004857e+06
8.919507e+06 5.004857e+06
8.696192e+06 5.004857e+06
8.459606e+06 5.004857e+06
8.246646e+06 5.004857e+06
8.087384e+06 5.004857e+06
7.968020e+06 5.004857e+06
7.860846e+06 5.004857e+06
7.754929e+06 5.004857e+06
7.647182e+06 5.004857e+06
7.524783e+06 5.004857e+06
7.400804e+06 5.004857e+06
7.274850e+06 5.004857e+06
7.157723e+06 5.004857e+06
7.062699e+06 5.004857e+06
6.972791e+06 5.004857e+06
6.906116e+06 5.004857e+06
6.844021e+06 5.004857e+06
6.786285e+06 5.004857e+06
6.730111e+06 5.004857e+06
6.675511e+06 5.004857e+06
6.610481e+06 5.004857e+06
6.557451e+06 5.004857e+06
6.508005e+06 5.004857e+06
6.462132e+06 5.004857e+06
6.421148e+06 5.004857e+06
6.383179e+06 5.004857e+06
6.355345e+06 5.004857e+06
6.318640e+06 5.004857e+06
6.286574e+06 5.004857e+06
6.264845e+06 5.004857e+06
6.030092e+10 1.435733e+10
1.271371e+10 5.274287e+06
7.883590e+09 5.274287e+06
5.958519e+09 5.274287e+06
4.663114e+09 5.274287e+06
3.891729e+09 5.274287e+06
3.223428e+09 5.274287e+06
2.715188e+09 5.274287e+06
2.299300e+09 5.274287e+06
1.992105e+09 5.274287e+06
1.703270e+09 5.274287e+06
1.487834e+09 5.274287e+06
1.291924e+09 5.274287e+06
1.131866e+09 5.274287e+06
9.966228e+08 5.274287e+06
8.879422e+08 5.274287e+06
7.867460e+08 5.274287e+06
7.006496e+08 5.274287e+06
6.235239e+08 5.274287e+06
5.606772e+08 5.274287e+06
5.033161e+08 5.274287e+06
4.431968e+08 5.274287e+06
3.942737e+08 5.274287e+06
3.501619e+08 5.274287e+06
3.086838e+08 5.274287e+06
2.812109e+08 5.274287e+06
2.555985e+08 5.274287e+06
2.314682e+08 5.274287e+06
2.087579e+08 5.274287e+06
1.884379e+08 5.274287e+06
1.703459e+08 5.274287e+06
1.556424e+08 5.274287e+06
1.426382e+08 5.274287e+06
1.319526e+08 5.274287e+06
1.225948e+08 5.274287e+06
1.135651e+08 5.274287e+06
1.050707e+08 5.274287e+06
9.720077e+07 5.274287e+06
8.860011e+07 5.274287e+06
8.115643e+07 5.274287e+06
7.374167e+07 5.274287e+06
6.663572e+07 5.274287e+06
6.027689e+07 5.274287e+06
5.354792e+07 5.274287e+06
4.699235e+07 5.274287e+06
4.207569e+07 5.274287e+06
3.736842e+07 5.274287e+06
3.354245e+07 5.274287e+06
3.037556e+07 5.274287e+06
2.738369e+07 5.274287e+06
2.460807e+07 5.274287e+06
2.248059e+07 5.274287e+06
2.059876e+07 5.274287e+06
1.893959e+07 5.274287e+06
1.749037e+07 5.274287e+06
1.623376e+07 5.274287e+06
1.517861e+07 5.274287e+06
1.426048e+07 5.274287e+06
1.343619e+07 5.274287e+06
1.260264e+07 5.274287e+06
1.194894e+07 5.274287e+06
1.139824e+07 5.274287e+06
1.086424e+07 5.274287e+06
1.037965e+07 5.274287e+06
9.939732e+06 5.274287e+06
9.565501e+06 5.274287e+06
9.227771e+06 5.274287e+06
8.947512e+06 5.274287e+06
8.703778e+06 5.274287e+06
8.476638e+06 5.274287e+06
8.247348e+06 5.274287e+06
8.013902e+06 5.274287e+06
7.814329e+06 5.274287e+06
7.634429e+06 5.274287e+06
7.455359e+06 5.274287e+06
7.310227e+06 5.274287e+06
7.170631e+06 5.274287e+06
7.061666e+06 5.274287e+06
6.955362e+06 5.274287e+06
6.863602e+06 5.274287e+06
6.793273e+06 5.274287e+06
6.721785e+06 5.274287e+06
6.656960e+06 5.274287e+06
6.585960e+06 5.274287e+06
6.510200e+06 5.274287e+06
6.426834e+06 5.274287e+06
6.363255e+06 5.274287e+06
6.301341e+06 5.274287e+06
6.237575e+06 5.274287e+06
6.182382e+06 5.274287e+06
6.134840e+06 5.274287e+06
6.090358e+06 5.274287e+06
6.054637e+06 5.274287e+06
6.024073e+06 5.274287e+06
6.003577e+06 5.274287e+06
5.980848e+06 5.274287e+06
5.963267e+06 5.274287e+06
5.948487e+06 5.274287e+06
5.938919e+06 5.274287e+06
5.926774e+06 5.274287e+06
5.918143e+06 5.274287e+06
6.030092e+10 1.435733e+10
1.277837e+10 5.502741e+06
8.349075e+09 5.502741e+06
6.319215e+09 5.502741e+06
4.808695e+09 5.502741e+06
3.954758e+09 5.502741e+06
3.241326e+09 5.502741e+06
2.780908e+09 5.502741e+06
2.342093e+09 5.502741e+06
2.003551e+09 5.502741e+06
1.769716e+09 5.502741e+06
1.554913e+09 5.502741e+06
1.380650e+09 5.502741e+06
1.227653e+09 5.502741e+06
1.089886e+09 5.502741e+06
9.667802e+08 5.502741e+06
8.656109e+08 5.502741e+06
7.817444e+08 5.502741e+06
6.977096e+08 5.502741e+06
6.187589e+08 5.502741e+06
5.559937e+08 5.502741e+06
4.954999e+08 5.502741e+06
4.447272e+08 5.502741e+06
3.908062e+08 5.502741e+06
3.479636e+08 5.502741e+06
3.105788e+08 5.502741e+06
2.780536e+08 5.502741e+06
2.491616e+08 5.502741e+06
2.238763e+08 5.502741e+06
1.996753e+08 5.502741e+06
1.810072e+08 5.502741e+06
1.616687e+08 5.502741e+06
1.422297e+08 5.502741e+06
1.262208e+08 5.502741e+06
1.145941e+08 5.502741e+06
1.031979e+08 5.502741e+06
9.368997e+07 5.502741e+06
8.528622e+07 5.502741e+06
7.843341e+07 5.502741e+06
7.214943e+07 5.502741e+06
6.642821e+07 5.502741e+06
6.113068e+07 5.502741e+06
5.664770e+07 5.502741e+06
5.262484e+07 5.502741e+06
4.911179e+07 5.502741e+06
4.540819e+07 5.502741e+06
4.225730e+07 5.502741e+06
3.909673e+07 5.502741e+06
3.674532e+07 5.502741e+06
3.451286e+07 5.502741e+06
3.252193e+07 5.502741e+06
3.040876e+07 5.502741e+06
2.853733e+07 5.502741e+06
2.677147e+07 5.502741e+06
2.484278e+07 5.502741e+06
2.306952e+07 5.502741e+06
2.143899e+07 5.502741e+06
2.007940e+07 5.502741e+06
1.876196e+07 5.502741e+06
1.779247e+07 5.502741e+06
1.687814e+07 5.502741e+06
1.610482e+07 5.502741e+06
1.541886e+07 5.502741e+06
1.480233e+07 5.502741e+06
1.409477e+07 5.502741e+06
1.349654e+07 5.502741e+06
1.299491e+07 5.502741e+06
1.256298e+07 5.502741e+06
1.220823e+07 5.502741e+06
1.191989e+07 5.502741e+06
1.165142e+07 5.502741e+06
1.142807e+07 5.502741e+06
1.118196e+07 5.502741e+06
1.095490e+07 5.502741e+06
1.071474e+07 5.502741e+06
1.048535e+07 5.502741e+06
1.027743e+07 5.502741e+06
1.009821e+07 5.502741e+06
9.949641e+06 5.502741e+06
9.798480e+06 5.502741e+06
9.654259e+06 5.502741e+06
9.498549e+06 5.502741e+06
9.343416e+06 5.502741e+06
9.215346e+06 5.502741e+06
9.114039e+06 5.502741e+06
9.024140e+06 5.502741e+06
8.937638e+06 5.502741e+06
8.872314e+06 5.502741e+06
8.799279e+06 5.502741e+06
8.733944e+06 5.502741e+06
8.680552e+06 5.502741e+06
8.627295e+06 5.502741e+06
8.567757e+06 5.502741e+06
8.504868e+06 5.502741e+06
8.433122e+06 5.502741e+06
8.357950e+06 5.502741e+06
8.283121e+06 5.502741e+06
8.225649e+06 5.502741e+06
8.176836e+06 5.502741e+06
8.144765e+06 5.502741e+06
8.106160e+06 5.502741e+06
6.030092e+10 1.435733e+10
1.299376e+10 6.912852e+06
8.409939e+09 6.912852e+06
6.152806e+09 6.912852e+06
4.799159e+09 6.912852e+06
3.886480e+09 6.912852e+06
3.278929e+09 6.912852e+06
2.798017e+09 6.912852e+06
2.406158e+09 6.912852e+06
2.089082e+09 6.912852e+06
1.823599e+09 6.912852e+06
1.584016e+09 6.912852e+06
1.398657e+09 6.912852e+06
1.223282e+09 6.912852e+06
1.061091e+09 6.912852e+06
9.355235e+08 6.912852e+06
8.333277e+08 6.912852e+06
7.480528e+08 6.912852e+06
6.695139e+08 6.912852e+06
6.014464e+08 6.912852e+06
5.351904e+08 6.912852e+06
4.771247e+08 6.912852e+06
4.252668e+08 6.912852e+06
3.838951e+08 6.912852e+06
3.418853e+08 6.912852e+06
3.095246e+08 6.912852e+06
2.729855e+08 6.912852e+06
2.448119e+08 6.912852e+06
2.174808e+08 6.912852e+06
1.969206e+08 6.912852e+06
1.798727e+08 6.912852e+06
1.619159e+08 6.912852e+06
1.474730e+08 6.912852e+06
1.337733e+08 6.912852e+06
1.227070e+08 6.912852e+06
1.105023e+08 6.912852e+06
1.009107e+08 6.912852e+06
9.113046e+07 6.912852e+06
8.226370e+07 6.912852e+06
7.504803e+07 6.912852e+06
6.811086e+07 6.912852e+06
6.066454e+07 6.912852e+06
5.461606e+07 6.912852e+06
4.905947e+07 6.912852e+06
4.420624e+07 6.912852e+06
3.981297e+07 6.912852e+06
3.615216e+07 6.912852e+06
3.252081e+07 6.912852e+06
2.990954e+07 6.912852e+06
2.752593e+07 6.912852e+06
2.553721e+07 6.912852e+06
2.362273e+07 6.912852e+06
2.207309e+07 6.912852e+06
2.050024e+07 6.912852e+06
1.906364e+07 6.912852e+06
1.747133e+07 6.912852e+06
1.607201e+07 6.912852e+06
1.457447e+07 6.912852e+06
1.345483e+07 6.912852e+06
1.244197e+07 6.912852e+06
1.165694e+07 6.912852e+06
1.106927e+07 6.912852e+06
1.058792e+07 6.912852e+06
1.017294e+07 6.912852e+06
9.829328e+06 6.912852e+06
9.521771e+06 6.912852e+06
9.230966e+06 6.912852e+06
8.969217e+06 6.912852e+06
8.701337e+06 6.912852e+06
8.419267e+06 6.912852e+06
8.211763e+06 6.912852e+06
8.009233e+06 6.912852e+06
7.853227e+06 6.912852e+06
7.707745e+06 6.912852e+06
7.593742e+06 6.912852e+06
7.471546e+06 6.912852e+06
7.337291e+06 6.912852e+06
7.203462e+06 6.912852e+06
7.089093e+06 6.885867e+06
6.996608e+06 6.848550e+06
6.931797e+06 6.811214e+06
6.872539e+06 6.754371e+06
6.826017e+06 6.706500e+06
6.772965e+06 6.650957e+06
6.728201e+06 6.608954e+06
6.676441e+06 6.561110e+06
6.635384e+06 6.505257e+06
6.594569e+06 6.461553e+06
6.557484e+06 6.435606e+06
6.528261e+06 6.420152e+06
6.503888e+06 6.389633e+06
6.485312e+06 6.363150e+06
6.463589e+06 6.344639e+06
6.447673e+06 6.320831e+06
6.429450e+06 6.279485e+06
6.414764e+06 6.239038e+06
6.401392e+06 6.196679e+06
6.388471e+06 6.156727e+06
6.375249e+06 6.102328e+06
6.365227e+06 6.057421e+06
6.351463e+06 6.007474e+06
6.030092e+10 1.435733e+10
1.272158e+10 6.008025e+06
7.994340e+09 6.008025e+06
5.905381e+09 6.008025e+06
4.512553e+09 6.008025e+06
3.746981e+09 6.008025e+06
3.067291e+09 6.008025e+06
2.637892e+09 6.008025e+06
2.247507e+09 6.008025e+06
1.930298e+09 6.008025e+06
1.661330e+09 6.008025e+06
1.449380e+09 6.008025e+06
1.255287e+09 6.008025e+06
1.120660e+09 6.008025e+06
9.925566e+08 6.008025e+06
8.775018e+08 6.008025e+06
7.741282e+08 6.008025e+06
6.879980e+08 6.008025e+06
6.076046e+08 6.008025e+06
5.423397e+08 6.008025e+06
4.782241e+08 6.008025e+06
4.294850e+08 6.008025e+06
3.820073e+08 6.008025e+06
3.475307e+08 6.008025e+06
3.145326e+08 6.008025e+06
2.879702e+08 6.008025e+06
2.610201e+08 6.008025e+06
2.361841e+08 6.008025e+06
2.134279e+08 6.008025e+06
1.950767e+08 6.008025e+06
1.779171e+08 6.008025e+06
1.608132e+08 6.008025e+06
1.455384e+08 6.008025e+06
1.316946e+08 6.008025e+06
1.199660e+08 6.008025e+06
1.089927e+08 6.008025e+06
9.872153e+07 6.008025e+06
9.118547e+07 6.008025e+06
8.253014e+07 6.008025e+06
7.490978e+07 6.008025e+06
6.770133e+07 6.008025e+06
6.150653e+07 6.008025e+06
5.579663e+07 6.008025e+06
5.075014e+07 6.008025e+06
4.603889e+07 6.008025e+06
4.219503e+07 6.008025e+06
3.890688e+07 6.008025e+06
3.612143e+07 6.008025e+06
3.379522e+07 6.008025e+06
3.213164e+07 6.008025e+06
3.041407e+07 6.008025e+06
2.909293e+07 6.008025e+06
2.768907e+07 6.008025e+06
2.641351e+07 6.008025e+06
2.509346e+07 6.008025e+06
2.392937e+07 6.008025e+06
2.270443e+07 6.008025e+06
2.164647e+07 6.008025e+06
2.052191e+07 6.008025e+06
1.940694e+07 6.008025e+06
1.830877e+07 6.008025e+06
1.714665e+07 6.008025e+06
1.611899e+07 6.008025e+06
1.511288e+07 6.008025e+06
1.418519e+07 6.008025e+06
1.350022e+07 6.008025e+06
1.294729e+07 6.008025e+06
1.253984e+07 6.008025e+06
1.213506e+07 6.008025e+06
1.177657e+07 6.008025e+06
1.144739e+07 6.008025e+06
1.117909e+07 6.008025e+06
1.090808e+07 6.008025e+06
1.059457e+07 6.008025e+06
1.022866e+07 6.008025e+06
9.870414e+06 6.008025e+06
9.587778e+06 6.008025e+06
9.365992e+06 6.008025e+06
9.194215e+06 6.008025e+06
9.047009e+06 6.008025e+06
8.934741e+06 6.008025e+06
8.802806e+06 6.008025e+06
8.674333e+06 6.008025e+06
8.533385e+06 6.008025e+06
8.419761e+06 6.008025e+06
8.311163e+06 6.008025e+06
8.226833e+06 6.008025e+06
8.141378e+06 6.008025e+06
8.074787e+06 6.008025e+06
8.012512e+06 6.008025e+06
7.945261e+06 6.008025e+06
7.885718e+06 6.008025e+06
7.835647e+06 6.008025e+06
7.774216e+06 6.008025e+06
7.735656e+06 6.008025e+06
7.694822e+06 6.008025e+06
7.659657e+06 6.008025e+06
7.626485e+06 6.008025e+06
7.593616e+06 6.008025e+06
7.562616e+06 6.008025e+06
7.536388e+06 6.008025e+06
6.030092e+10 1.435733e+10
1.283443e+10 6.625411e+06
8.338001e+09 6.625411e+06
6.193328e+09 6.625411e+06
4.929878e+09 6.625411e+06
3.986175e+09 6.625411e+06
3.420211e+09 6.625411e+06
2.884099e+09 6.625411e+06
2.459812e+09 6.625411e+06
2.137045e+09 6.625411e+06
1.875919e+09 6.625411e+06
1.628576e+09 6.625411e+06
1.438811e+09 6.625411e+06
1.268206e+09 6.625411e+06
1.114591e+09 6.625411e+06
9.876064e+08 6.625411e+06
8.825888e+08 6.625411e+06
7.807355e+08 6.625411e+06
6.862018e+08 6.625411e+06
6.052292e+08 6.625411e+06
5.392016e+08 6.625411e+06
4.811409e+08 6.625411e+06
4.333527e+08 6.625411e+06
3.897775e+08 6.625411e+06
3.490925e+08 6.625411e+06
3.170917e+08 6.625411e+06
2.834138e+08 6.625411e+06
2.529549e+08 6.625411e+06
2.281714e+08 6.625411e+06
2.092527e+08 6.625411e+06
1.933442e+08 6.625411e+06
1.787038e+08 6.625411e+06
1.655177e+08 6.625411e+06
1.524577e+08 6.625411e+06
1.404090e+08 6.625411e+06
1.310206e+08 6.625411e+06
1.205541e+08 6.625411e+06
1.109946e+08 6.625411e+06
1.033659e+08 6.625411e+06
9.562505e+07 6.625411e+06
8.813503e+07 6.625411e+06
8.007587e+07 6.625411e+06
7.251003e+07 6.625411e+06
6.525585e+07 6.625411e+06
5.904093e+07 6.625411e+06
5.363995e+07 6.625411e+06
4.897741e+07 6.625411e+06
4.497680e+07 6.625411e+06
4.167757e+07 6.625411e+06
3.874231e+07 6.625411e+06
3.644329e+07 6.625411e+06
3.412511e+07 6.625411e+06
3.178141e+07 6.625411e+06
2.967327e+07 6.625411e+06
2.800758e+07 6.625411e+06
2.636099e+07 6.625411e+06
2.507929e+07 6.625411e+06
2.378421e+07 6.625411e+06
2.255782e+07 6.625411e+06
2.115624e+07 6.625411e+06
1.978007e+07 6.625411e+06
1.831450e+07 6.625411e+06
1.687327e+07 6.625411e+06
1.576462e+07 6.625411e+06
1.477546e+07 6.625411e+06
1.395009e+07 6.625411e+06
1.323453e+07 6.625411e+06
1.256954e+07 6.625411e+06
1.197270e+07 6.625411e+06
1.138339e+07 6.625411e+06
1.081284e+07 6.625411e+06
1.037946e+07 6.625411e+06
1.004225e+07 6.625411e+06
9.773108e+06 6.625411e+06
9.505150e+06 6.625411e+06
9.233615e+06 6.625411e+06
8.914867e+06 6.625411e+06
8.618358e+06 6.625411e+06
8.341366e+06 6.625411e+06
8.101918e+06 6.625411e+06
7.884697e+06 6.625411e+06
7.684810e+06 6.625411e+06
7.514243e+06 6.625411e+06
7.317704e+06 6.625411e+06
7.143214e+06 6.625411e+06
6.951521e+06 6.523864e+06
6.793641e+06 6.410249e+06
6.687332e+06 6.355401e+06
6.599950e+06 6.310133e+06
6.542290e+06 6.271507e+06
6.490216e+06 6.245869e+06
6.441249e+06 6.234877e+06
6.404925e+06 6.172622e+06
6.374436e+06 6.150027e+06
6.345261e+06 6.098512e+06
6.323826e+06 6.074615e+06
6.305458e+06 6.062882e+06
6.289004e+06 5.992321e+06
6.278890e+06 5.991836e+06
6.269800e+06 5.959422e+06
6.260655e+06 5.916293e+06
6.030092e+10 1.435733e+10
1.255366e+10 5.916393e+06
8.190207e+09 5.916393e+06
6.033327e+09 5.916393e+06
4.764863e+09 5.916393e+06
3.825588e+09 5.916393e+06
3.280100e+09 5.916393e+06
2.810593e+09 5.916393e+06
2.426881e+09 5.916393e+06
2.087577e+09 5.916393e+06
1.818298e+09 5.916393e+06
1.585751e+09 5.916393e+06
1.398952e+09 5.916393e+06
1.222726e+09 5.916393e+06
1.092958e+09 5.916393e+06
9.800677e+08 5.916393e+06
8.788010e+08 5.916393e+06
7.967041e+08 5.916393e+06
7.083614e+08 5.916393e+06
6.408581e+08 5.916393e+06
5.776466e+08 5.916393e+06
5.204258e+08 5.916393e+06
4.656044e+08 5.916393e+06
4.152538e+08 5.916393e+06
3.783915e+08 5.916393e+06
3.397479e+08 5.916393e+06
3.073823e+08 5.916393e+06
2.775180e+08 5.916393e+06
2.491469e+08 5.916393e+06
2.235855e+08 5.916393e+06
2.028030e+08 5.916393e+06
1.820675e+08 5.916393e+06
1.662982e+08 5.916393e+06
1.490760e+08 5.916393e+06
1.356864e+08 5.916393e+06
1.219003e+08 5.916393e+06
1.101782e+08 5.916393e+06
9.994933e+07 5.916393e+06
9.052059e+07 5.916393e+06
8.219991e+07 5.916393e+06
7.436058e+07 5.916393e+06
6.735079e+07 5.916393e+06
6.112479e+07 5.916393e+06
5.558874e+07 5.916393e+06
5.065246e+07 5.916393e+06
4.588553e+07 5.916393e+06
4.181385e+07 5.916393e+06
3.793354e+07 5.916393e+06
3.480654e+07 5.916393e+06
3.186341e+07 5.916393e+06
2.937631e+07 5.916393e+06
2.700026e+07 5.916393e+06
2.509871e+07 5.916393e+06
2.343507e+07 5.916393e+06
2.206481e+07 5.916393e+06
2.074881e+07 5.916393e+06
1.953510e+07 5.916393e+06
1.837552e+07 5.916393e+06
1.740755e+07 5.916393e+06
1.645802e+07 5.916393e+06
1.548673e+07 5.916393e+06
1.439391e+07 5.916393e+06
1.337479e+07 5.916393e+06
1.231202e+07 5.916393e+06
1.144878e+07 5.916393e+06
1.071652e+07 5.916393e+06
1.022110e+07 5.916393e+06
9.836397e+06 5.916393e+06
9.517794e+06 5.916393e+06
9.199167e+06 5.916393e+06
8.859007e+06 5.916393e+06
8.588608e+06 5.916393e+06
8.390117e+06 5.916393e+06
8.202001e+06 5.916393e+06
8.025412e+06 5.916393e+06
7.784577e+06 5.916393e+06
7.573829e+06 5.916393e+06
7.327623e+06 5.916393e+06
7.120763e+06 5.916393e+06
6.910112e+06 5.916393e+06
6.714508e+06 5.916393e+06
6.533019e+06 5.916393e+06
6.338380e+06 5.916393e+06
6.158149e+06 5.734797e+06
5.982109e+06 5.700420e+06
5.835460e+06 5.548125e+06
5.731895e+06 5.474749e+06
5.640446e+06 5.404502e+06
5.558758e+06 5.297328e+06
5.497092e+06 5.245447e+06
5.433513e+06 5.153177e+06
5.369816e+06 5.055100e+06
5.307155e+06 4.964538e+06
5.257254e+06 4.914387e+06
5.224466e+06 4.859831e+06
5.195215e+06 4.790943e+06
5.167320e+06 4.763339e+06
5.144523e+06 4.724290e+06
5.126824e+06 4.700333e+06
5.111980e+06 4.662457e+06
5.097720e+06 4.635025e+06
6.030092e+10 1.435733e+10
1.290096e+10 4.635125e+06
8.578211e+09 4.635125e+06
6.238179e+09 4.635125e+06
4.925772e+09 4.635125e+06
4.091521e+09 4.635125e+06
3.422328e+09 4.635125e+06
2.901148e+09 4.635125e+06
2.482167e+09 4.635125e+06
2.147057e+09 4.635125e+06
1.864261e+09 4.635125e+06
1.622568e+09 4.635125e+06
1.419896e+09 4.635125e+06
1.264100e+09 4.635125e+06
1.111486e+09 4.635125e+06
9.837173e+08 4.635125e+06
8.624916e+08 4.635125e+06
7.746918e+08 4.635125e+06
6.870860e+08 4.635125e+06
6.079360e+08 4.635125e+06
5.411298e+08 4.635125e+06
4.809472e+08 4.635125e+06
4.266749e+08 4.635125e+06
3.764607e+08 4.635125e+06
3.310292e+08 4.635125e+06
2.964228e+08 4.635125e+06
2.614785e+08 4.635125e+06
2.365284e+08 4.635125e+06
2.118022e+08 4.635125e+06
1.894398e+08 4.635125e+06
1.706146e+08 4.635125e+06
1.531703e+08 4.635125e+06
1.366151e+08 4.635125e+06
1.227042e+08 4.635125e+06
1.098366e+08 4.635125e+06
9.822908e+07 4.635125e+06
8.815924e+07 4.635125e+06
7.941241e+07 4.635125e+06
7.129003e+07 4.635125e+06
6.490128e+07 4.635125e+06
5.885794e+07 4.635125e+06
5.370013e+07 4.635125e+06
4.919898e+07 4.635125e+06
4.513779e+07 4.635125e+06
4.106525e+07 4.635125e+06
3.782251e+07 4.635125e+06
3.475552e+07 4.635125e+06
3.234912e+07 4.635125e+06
2.993872e+07 4.635125e+06
2.796883e+07 4.635125e+06
2.599466e+07 4.635125e+06
2.437948e+07 4.635125e+06
2.269285e+07 4.635125e+06
2.122364e+07 4.635125e+06
1.970787e+07 4.635125e+06
1.838063e+07 4.635125e+06
1.717389e+07 4.635125e+06
1.606893e+07 4.635125e+06
1.508340e+07 4.635125e+06
1.425000e+07 4.635125e+06
1.344501e+07 4.635125e+06
1.271207e+07 4.635125e+06
1.198225e+07 4.635125e+06
1.140791e+07 4.635125e+06
1.088398e+07 4.635125e+06
1.047306e+07 4.635125e+06
1.009715e+07 4.635125e+06
9.776449e+06 4.635125e+06
9.515371e+06 4.635125e+06
9.256938e+06 4.635125e+06
9.064768e+06 4.635125e+06
8.871962e+06 4.635125e+06
8.695134e+06 4.635125e+06
8.523112e+06 4.635125e+06
8.359594e+06 4.635125e+06
8.191825e+06 4.635125e+06
8.053846e+06 4.635125e+06
7.923597e+06 4.635125e+06
7.824951e+06 4.635125e+06
7.747649e+06 4.635125e+06
7.663798e+06 4.635125e+06
7.578532e+06 4.635125e+06
7.494725e+06 4.635125e+06
7.410291e+06 4.635125e+06
7.312170e+06 4.635125e+06
7.214196e+06 4.635125e+06
7.124101e+06 4.635125e+06
7.045708e+06 4.635125e+06
6.962120e+06 4.635125e+06
6.887393e+06 4.635125e+06
6.813010e+06 4.635125e+06
6.751282e+06 4.635125e+06
6.680300e+06 4.635125e+06
6.616208e+06 4.635125e+06
6.564753e+06 4.635125e+06
6.506518e+06 4.635125e+06
6.451938e+06 4.635125e+06
6.408274e+06 4.635125e+06
6.361568e+06 4.635125e+06
6.323239e+06 4.635125e+06
6.285305e+06 4.635125e+06
6.030092e+10 1.435733e+10
1.288829e+10 5.040488e+06
8.188937e+09 5.040488e+06
6.135940e+09 5.040488e+06
4.793701e+09 5.040488e+06
3.929517e+09 5.040488e+06
3.310598e+09 5.040488e+06
2.797818e+09 5.040488e+06
2.390075e+09 5.040488e+06
2.078228e+09 5.040488e+06
1.839008e+09 5.040488e+06
1.604847e+09 5.040488e+06
1.425317e+09 5.040488e+06
1.252420e+09 5.040488e+06
1.095371e+09 5.040488e+06
9.647528e+08 5.040488e+06
8.682946e+08 5.040488e+06
7.800296e+08 5.040488e+06
6.985288e+08 5.040488e+06
6.163410e+08 5.040488e+06
5.528280e+08 5.040488e+06
4.917823e+08 5.040488e+06
4.365103e+08 5.040488e+06
3.893840e+08 5.040488e+06
3.499794e+08 5.040488e+06
3.110523e+08 5.040488e+06
2.753704e+08 5.040488e+06
2.466685e+08 5.040488e+06
2.193730e+08 5.040488e+06
1.962621e+08 5.040488e+06
1.774404e+08 5.040488e+06
1.617195e+08 5.040488e+06
1.487316e+08 5.040488e+06
1.359247e+08 5.040488e+06
1.247905e+08 5.040488e+06
1.140413e+08 5.040488e+06
1.048285e+08 5.040488e+06
9.571419e+07 5.040488e+06
8.902936e+07 5.040488e+06
8.210078e+07 5.040488e+06
7.569747e+07 5.040488e+06
6.990288e+07 5.040488e+06
6.388290e+07 5.040488e+06
5.903856e+07 5.040488e+06
5.427915e+07 5.040488e+06
4.986985e+07 5.040488e+06
4.558156e+07 5.040488e+06
4.229817e+07 5.040488e+06
3.901031e+07 5.040488e+06
3.621441e+07 5.040488e+06
3.352212e+07 5.040488e+06
3.118718e+07 5.040488e+06
2.906547e+07 5.040488e+06
2.726223e+07 5.040488e+06
2.537454e+07 5.040488e+06
2.371298e+07 5.040488e+06
2.205647e+07 5.040488e+06
2.081739e+07 5.040488e+06
1.975600e+07 5.040488e+06
1.879438e+07 5.040488e+06
1.783120e+07 5.040488e+06
1.698362e+07 5.040488e+06
1.597394e+07 5.040488e+06
1.499997e+07 5.040488e+06
1.408277e+07 5.040488e+06
1.328548e+07 5.040488e+06
1.261527e+07 5.040488e+06
1.210642e+07 5.040488e+06
1.168145e+07 5.040488e+06
1.134720e+07 5.040488e+06
1.103076e+07 5.040488e+06
1.076141e+07 5.040488e+06
1.054937e+07 5.040488e+06
1.035401e+07 5.040488e+06
1.017237e+07 5.040488e+06
1.002124e+07 5.040488e+06
9.859699e+06 5.040488e+06
9.715749e+06 5.040488e+06
9.557983e+06 5.040488e+06
9.415801e+06 5.040488e+06
9.267652e+06 5.040488e+06
9.115283e+06 5.040488e+06
8.983180e+06 5.040488e+06
8.864396e+06 5.040488e+06
8.753455e+06 5.040488e+06
8.650428e+06 5.040488e+06
8.556237e+06 5.040488e+06
8.445923e+06 5.040488e+06
8.352604e+06 5.040488e+06
8.285632e+06 5.040488e+06
8.238053e+06 5.040488e+06
8.191218e+06 5.040488e+06
8.143158e+06 5.040488e+06
8.105362e+06 5.040488e+06
8.075134e+06 5.040488e+06
8.041624e+06 5.040488e+06
8.020134e+06 5.040488e+06
8.001224e+06 5.040488e+06
7.983712e+06 5.040488e+06
7.962454e+06 5.040488e+06
7.944654e+06 5.040488e+06
6.030092e+10 1.435733e+10
1.325645e+10 7.287720e+06
8.210698e+09 7.287720e+06
6.126526e+09 7.287720e+06
4.700348e+09 7.287720e+06
3.912517e+09 7.287720e+06
3.202332e+09 7.287720e+06
2.711155e+09 7.287720e+06
2.335563e+09 7.287720e+06
2.002959e+09 7.287720e+06
1.717962e+09 7.287720e+06
1.521533e+09 7.287720e+06
1.328553e+09 7.287720e+06
1.169989e+09 7.287720e+06
1.018159e+09 7.287720e+06
8.954843e+08 7.287720e+06
7.871485e+08 7.287720e+06
6.919795e+08 7.287720e+06
6.190613e+08 7.287720e+06
5.492786e+08 7.287720e+06
4.860509e+08 7.287720e+06
4.354940e+08 7.287720e+06
3.828450e+08 7.287720e+06
3.428875e+08 7.287720e+06
3.062639e+08 7.287720e+06
2.729367e+08 7.287720e+06
2.474931e+08 7.287720e+06
2.189530e+08 7.287720e+06
1.974911e+08 7.287720e+06
1.764872e+08 7.287720e+06
1.627190e+08 7.287720e+06
1.474207e+08 7.287720e+06
1.361568e+08 7.287720e+06
1.254173e+08 7.287720e+06
1.144784e+08 7.287720e+06
1.041536e+08 7.287720e+06
9.538223e+07 7.287720e+06
8.725353e+07 7.287720e+06
7.968364e+07 7.287720e+06
7.312156e+07 7.287720e+06
6.715286e+07 7.287720e+06
6.162212e+07 7.287720e+06
5.659148e+07 7.287720e+06
5.174443e+07 7.287720e+06
4.722560e+07 7.287720e+06
4.244374e+07 7.287720e+06
3.856513e+07 7.287720e+06
3.466912e+07 7.287720e+06
3.140092e+07 7.287720e+06
2.827891e+07 7.287720e+06
2.598059e+07 7.287720e+06
2.416475e+07 7.287720e+06
2.264198e+07 7.287720e+06
2.119313e+07 7.287720e+06
2.004387e+07 7.287720e+06
1.898778e+07 7.287720e+06
1.811409e+07 7.287720e+06
1.723111e+07 7.287720e+06
1.640749e+07 7.287720e+06
1.559406e+07 7.287720e+06
1.489254e+07 7.287720e+06
1.429065e+07 7.287720e+06
1.373848e+07 7.287720e+06
1.319202e+07 7.287720e+06
1.271199e+07 7.287720e+06
1.227669e+07 7.287720e+06
1.190417e+07 7.287720e+06
1.157464e+07 7.287720e+06
1.129480e+07 7.287720e+06
1.103560e+07 7.287720e+06
1.077096e+07 7.287720e+06
1.044129e+07 7.287720e+06
1.017353e+07 7.287720e+06
9.917975e+06 7.287720e+06
9.715411e+06 7.287720e+06
9.554394e+06 7.287720e+06
9.397781e+06 7.287720e+06
9.251061e+06 7.287720e+06
9.109674e+06 7.287720e+06
8.980404e+06 7.287720e+06
8.824912e+06 7.287720e+06
8.655238e+06 7.287720e+06
8.458986e+06 7.287720e+06
8.302122e+06 7.287720e+06
8.137234e+06 7.287720e+06
8.010088e+06 7.287720e+06
7.876837e+06 7.287720e+06
7.770168e+06 7.287720e+06
7.673605e+06 7.258184e+06
7.582094e+06 7.142765e+06
7.510475e+06 7.014423e+06
7.444998e+06 6.959831e+06
7.385069e+06 6.867929e+06
7.313244e+06 6.678162e+06
7.264540e+06 6.554610e+06
7.208519e+06 6.416440e+06
7.168147e+06 6.388491e+06
7.129513e+06 6.272774e+06
7.077867e+06 6.192989e+06
6.992220e+06 6.121419e+06
6.938795e+06 6.095076e+06
6.030092e+10 1.435733e+10
1.289510e+10 6.095176e+06
8.128115e+09 6.095176e+06
5.962700e+09 6.095176e+06
4.666106e+09 6.095176e+06
3.823710e+09 6.095176e+06
3.105151e+09 6.095176e+06
2.678169e+09 6.095176e+06
2.321763e+09 6.095176e+06
2.033092e+09 6.095176e+06
1.768422e+09 6.095176e+06
1.544960e+09 6.095176e+06
1.360653e+09 6.095176e+06
1.188901e+09 6.095176e+06
1.057709e+09 6.095176e+06
9.435119e+08 6.095176e+06
8.356920e+08 6.095176e+06
7.504005e+08 6.095176e+06
6.720396e+08 6.095176e+06
6.069584e+08 6.095176e+06
5.458081e+08 6.095176e+06
4.873662e+08 6.095176e+06
4.400998e+08 6.095176e+06
3.991505e+08 6.095176e+06
3.633979e+08 6.095176e+06
3.303502e+08 6.095176e+06
3.030213e+08 6.095176e+06
2.785026e+08 6.095176e+06
2.565596e+08 6.095176e+06
2.327234e+08 6.095176e+06
2.125387e+08 6.095176e+06
1.947252e+08 6.095176e+06
1.773303e+08 6.095176e+06
1.623605e+08 6.095176e+06
1.496308e+08 6.095176e+06
1.379707e+08 6.095176e+06
1.256507e+08 6.095176e+06
1.160745e+08 6.095176e+06
1.069046e+08 6.095176e+06
9.854441e+07 6.095176e+06
8.989449e+07 6.095176e+06
8.170594e+07 6.095176e+06
7.292213e+07 6.095176e+06
6.597779e+07 6.095176e+06
5.883091e+07 6.095176e+06
5.386201e+07 6.095176e+06
4.931540e+07 6.095176e+06
4.546797e+07 6.095176e+06
4.210765e+07 6.095176e+06
3.907716e+07 6.095176e+06
3.580841e+07 6.095176e+06
3.298678e+07 6.095176e+06
3.002153e+07 6.095176e+06
2.745063e+07 6.095176e+06
2.504572e+07 6.095176e+06
2.316752e+07 6.095176e+06
2.156039e+07 6.095176e+06
2.036214e+07 6.095176e+06
1.930559e+07 6.095176e+06
1.835994e+07 6.095176e+06
1.755495e+07 6.095176e+06
1.689834e+07 6.095176e+06
1.622112e+07 6.095176e+06
1.569259e+07 6.095176e+06
1.515473e+07 6.095176e+06
1.460805e+07 6.095176e+06
1.411197e+07 6.095176e+06
1.363962e+07 6.095176e+06
1.327650e+07 6.095176e+06
1.299930e+07 6.095176e+06
1.278222e+07 6.095176e+06
1.257018e+07 6.095176e+06
1.235440e+07 6.095176e+06
1.212411e+07 6.095176e+06
1.192204e+07 6.095176e+06
1.169924e+07 6.095176e+06
1.147848e+07 6.095176e+06
1.125888e+07 6.095176e+06
1.102468e+07 6.095176e+06
1.080419e+07 6.095176e+06
1.062242e+07 6.095176e+06
1.043859e+07 6.095176e+06
1.030681e+07 6.095176e+06
1.017775e+07 6.095176e+06
1.006343e+07 6.095176e+06
9.958329e+06 6.095176e+06
9.842601e+06 6.095176e+06
9.708893e+06 6.095176e+06
9.574212e+06 6.095176e+06
9.447822e+06 6.095176e+06
9.350554e+06 6.095176e+06
9.233306e+06 6.095176e+06
9.152733e+06 6.095176e+06
9.071447e+06 6.095176e+06
8.992926e+06 6.095176e+06
8.930857e+06 6.095176e+06
8.870846e+06 6.095176e+06
8.807971e+06 6.095176e+06
8.763093e+06 6.095176e+06
8.716073e+06 6.095176e+06
8.673011e+06 6.095176e+06
