3.209129e+04 6.348670e+03
5.257096e+03 4.438180e+03
4.696116e+03 4.188444e+03
4.461486e+03 3.880685e+03
4.290357e+03 3.679548e+03
4.147750e+03 3.655998e+03
3.987129e+03 3.375484e+03
3.845093e+03 3.272097e+03
3.664766e+03 3.130110e+03
3.515731e+03 3.013441e+03
3.348588e+03 2.793561e+03
3.151321e+03 2.675870e+03
2.981285e+03 2.544700e+03
2.786405e+03 2.312603e+03
2.596851e+03 2.086162e+03
2.407927e+03 2.050023e+03
2.225276e+03 1.880474e+03
2.058821e+03 1.701056e+03
1.899926e+03 1.612214e+03
1.744825e+03 1.398028e+03
1.607716e+03 1.333367e+03
1.479893e+03 1.236535e+03
1.361748e+03 1.115412e+03
1.243459e+03 1.064624e+03
1.150286e+03 1.019552e+03
1.062024e+03 8.859853e+02
9.795779e+02 8.583388e+02
9.078507e+02 7.980801e+02
8.479000e+02 7.560381e+02
7.912962e+02 7.101490e+02
7.410846e+02 6.702471e+02
6.963908e+02 6.434807e+02
6.571691e+02 6.087261e+02
6.223423e+02 5.752735e+02
5.926462e+02 5.550348e+02
5.674795e+02 5.328323e+02
5.423157e+02 5.045939e+02
5.213102e+02 4.949344e+02
5.026093e+02 4.787391e+02
4.881756e+02 4.684572e+02
4.749993e+02 4.585757e+02
4.632253e+02 4.474320e+02
4.525636e+02 4.389680e+02
4.438908e+02 4.324912e+02
4.354570e+02 4.261650e+02
4.283167e+02 4.158904e+02
4.213460e+02 4.129436e+02
4.157997e+02 4.088429e+02
4.113908e+02 4.057877e+02
4.077615e+02 4.022815e+02
4.043323e+02 4.001576e+02
4.014715e+02 3.982105e+02
3.988860e+02 3.955763e+02
3.967208e+02 3.933189e+02
3.947479e+02 3.920565e+02
3.931950e+02 3.911090e+02
3.917193e+02 3.898647e+02
3.903949e+02 3.883982e+02
3.892376e+02 3.877714e+02
3.882526e+02 3.867979e+02
3.873227e+02 3.860732e+02
3.865903e+02 3.855760e+02
3.858985e+02 3.851153e+02
3.853622e+02 3.846195e+02
3.848533e+02 3.841493e+02
3.843916e+02 3.837282e+02
3.839627e+02 3.834268e+02
3.836411e+02 3.832014e+02
3.833590e+02 3.829989e+02
3.831206e+02 3.827440e+02
3.829152e+02 3.825974e+02
3.827140e+02 3.824660e+02
3.825513e+02 3.823058e+02
3.824049e+02 3.822349e+02
3.822879e+02 3.821083e+02
3.821804e+02 3.820369e+02
3.820944e+02 3.819818e+02
3.820208e+02 3.819138e+02
3.819532e+02 3.818413e+02
3.819009e+02 3.818142e+02
3.818468e+02 3.817699e+02
3.818045e+02 3.817304e+02
3.817616e+02 3.816913e+02
3.817226e+02 3.816674e+02
3.816916e+02 3.816359e+02
3.816653e+02 3.816150e+02
3.816457e+02 3.816055e+02
3.816265e+02 3.815856e+02
3.816105e+02 3.815751e+02
3.815961e+02 3.815637e+02
3.815858e+02 3.815547e+02
3.815764e+02 3.815446e+02
3.815685e+02 3.815423e+02
3.815616e+02 3.815312e+02
3.815572e+02 3.815293e+02
3.815520e+02 3.815219e+02
3.815487e+02 3.815173e+02
3.815456e+02 3.815159e+02
3.815433e+02 3.815135e+02
3.815416e+02 3.815086e+02
3.815401e+02 3.815075e+02
3.209129e+04 6.348670e+03
5.250550e+03 3.081507e+03
4.714347e+03 3.081507e+03
4.475440e+03 3.081507e+03
4.286366e+03 3.081507e+03
4.141397e+03 3.081507e+03
4.013056e+03 3.081507e+03
3.883266e+03 3.081507e+03
3.723657e+03 3.081507e+03
3.569952e+03 3.029627e+03
3.401350e+03 2.689548e+03
3.212731e+03 2.645810e+03
3.021154e+03 2.609019e+03
2.826071e+03 2.300508e+03
2.616857e+03 2.215573e+03
2.418741e+03 1.999631e+03
2.210751e+03 1.884375e+03
2.012309e+03 1.664019e+03
1.852076e+03 1.571095e+03
1.703166e+03 1.462517e+03
1.560631e+03 1.329226e+03
1.423175e+03 1.235574e+03
1.302644e+03 1.130911e+03
1.199987e+03 1.030743e+03
1.099381e+03 9.606500e+02
1.015410e+03 9.053848e+02
9.297617e+02 8.106819e+02
8.649039e+02 7.701291e+02
8.037322e+02 7.186829e+02
7.503635e+02 6.808837e+02
7.046406e+02 6.338970e+02
6.694693e+02 6.138365e+02
6.331410e+02 5.820442e+02
6.023672e+02 5.628809e+02
5.735219e+02 5.350295e+02
5.508523e+02 5.192153e+02
5.274166e+02 4.911765e+02
5.053595e+02 4.766121e+02
4.867908e+02 4.608053e+02
4.695970e+02 4.473305e+02
4.561202e+02 4.365896e+02
4.432868e+02 4.225954e+02
4.313952e+02 4.167988e+02
4.195745e+02 4.056007e+02
4.101810e+02 3.998674e+02
4.020555e+02 3.921000e+02
3.958113e+02 3.862402e+02
3.901912e+02 3.795578e+02
3.850113e+02 3.777526e+02
3.808853e+02 3.751018e+02
3.773677e+02 3.724952e+02
3.742870e+02 3.698499e+02
3.714900e+02 3.675190e+02
3.689695e+02 3.658220e+02
3.669536e+02 3.637509e+02
3.648883e+02 3.620050e+02
3.630454e+02 3.609682e+02
3.613289e+02 3.593305e+02
3.599378e+02 3.584943e+02
3.587364e+02 3.571993e+02
3.577125e+02 3.565151e+02
3.568115e+02 3.559140e+02
3.561226e+02 3.553545e+02
3.555080e+02 3.547529e+02
3.549715e+02 3.544045e+02
3.545446e+02 3.538789e+02
3.541567e+02 3.536106e+02
3.538051e+02 3.533359e+02
3.534911e+02 3.531619e+02
3.532431e+02 3.529416e+02
3.530099e+02 3.527600e+02
3.528338e+02 3.526022e+02
3.526633e+02 3.524865e+02
3.525199e+02 3.523273e+02
3.524011e+02 3.522510e+02
3.523008e+02 3.521877e+02
3.522175e+02 3.520884e+02
3.521429e+02 3.520287e+02
3.520784e+02 3.519959e+02
3.520265e+02 3.519313e+02
3.519814e+02 3.519133e+02
3.519429e+02 3.518850e+02
3.519104e+02 3.518529e+02
3.518800e+02 3.518253e+02
3.518561e+02 3.518134e+02
3.518345e+02 3.517921e+02
3.518145e+02 3.517744e+02
3.517971e+02 3.517623e+02
3.517827e+02 3.517442e+02
3.517679e+02 3.517322e+02
3.517577e+02 3.517287e+02
3.517478e+02 3.517156e+02
3.517398e+02 3.517088e+02
3.517329e+02 3.517042e+02
3.517279e+02 3.517001e+02
3.517235e+02 3.516967e+02
3.517197e+02 3.516926e+02
3.517170e+02 3.516888e+02
3.517148e+02 3.516859e+02
3.517132e+02 3.516833e+02
3.517120e+02 3.516807e+02
3.209129e+04 6.348670e+03
5.320217e+03 3.051681e+03
4.725924e+03 3.051681e+03
4.462019e+03 3.051681e+03
4.295783e+03 3.051681e+03
4.151511e+03 3.051681e+03
4.032882e+03 3.051681e+03
3.900636e+03 3.051681e+03
3.776641e+03 3.051681e+03
3.631336e+03 2.984315e+03
3.490102e+03 2.821676e+03
3.324307e+03 2.763101e+03
3.157319e+03 2.712347e+03
2.968455e+03 2.540230e+03
2.799549e+03 2.370358e+03
2.627063e+03 2.247306e+03
2.435715e+03 2.063370e+03
2.263822e+03 1.855353e+03
2.080260e+03 1.743662e+03
1.918751e+03 1.644396e+03
1.769304e+03 1.481571e+03
1.626464e+03 1.322846e+03
1.493492e+03 1.286373e+03
1.375518e+03 1.184122e+03
1.256608e+03 1.072944e+03
1.157381e+03 1.013627e+03
1.068968e+03 9.335913e+02
9.887563e+02 8.691078e+02
9.190828e+02 8.227154e+02
8.640888e+02 7.711049e+02
8.104921e+02 7.301763e+02
7.639638e+02 6.956709e+02
7.224516e+02 6.444672e+02
6.837306e+02 6.211553e+02
6.489023e+02 5.991181e+02
6.173325e+02 5.630893e+02
5.905127e+02 5.445023e+02
5.683621e+02 5.353847e+02
5.475999e+02 5.209939e+02
5.307766e+02 5.097451e+02
5.157460e+02 4.983650e+02
5.035018e+02 4.832707e+02
4.903526e+02 4.763985e+02
4.801949e+02 4.661817e+02
4.707281e+02 4.601666e+02
4.630756e+02 4.544167e+02
4.562524e+02 4.484583e+02
4.502129e+02 4.414446e+02
4.444109e+02 4.360998e+02
4.393718e+02 4.343922e+02
4.350609e+02 4.305863e+02
4.317780e+02 4.270767e+02
4.288595e+02 4.256305e+02
4.262511e+02 4.235982e+02
4.241060e+02 4.213452e+02
4.224077e+02 4.204260e+02
4.209914e+02 4.193033e+02
4.196817e+02 4.178613e+02
4.185060e+02 4.172257e+02
4.175248e+02 4.161541e+02
4.166975e+02 4.156903e+02
4.159186e+02 4.149858e+02
4.152896e+02 4.144371e+02
4.147142e+02 4.139378e+02
4.142398e+02 4.135260e+02
4.137844e+02 4.132993e+02
4.134136e+02 4.129591e+02
4.130827e+02 4.127180e+02
4.128013e+02 4.124468e+02
4.125672e+02 4.122723e+02
4.123809e+02 4.121100e+02
4.121964e+02 4.119679e+02
4.120603e+02 4.118877e+02
4.119264e+02 4.117452e+02
4.118276e+02 4.116750e+02
4.117250e+02 4.115699e+02
4.116364e+02 4.115030e+02
4.115575e+02 4.114433e+02
4.114908e+02 4.113986e+02
4.114355e+02 4.113489e+02
4.113847e+02 4.113070e+02
4.113412e+02 4.112567e+02
4.112993e+02 4.112299e+02
4.112653e+02 4.112055e+02
4.112360e+02 4.111858e+02
4.112102e+02 4.111634e+02
4.111910e+02 4.111566e+02
4.111727e+02 4.111361e+02
4.111567e+02 4.111249e+02
4.111438e+02 4.111068e+02
4.111322e+02 4.111007e+02
4.111220e+02 4.110889e+02
4.111144e+02 4.110843e+02
4.111061e+02 4.110764e+02
4.111007e+02 4.110700e+02
4.110950e+02 4.110640e+02
4.110909e+02 4.110620e+02
4.110878e+02 4.110586e+02
4.110861e+02 4.110561e+02
4.110842e+02 4.110551e+02
4.110829e+02 4.110550e+02
3.209129e+04 6.348670e+03
5.335426e+03 3.111055e+03
4.694062e+03 3.111055e+03
4.453599e+03 3.111055e+03
4.285214e+03 3.111055e+03
4.148581e+03 3.111055e+03
4.022253e+03 3.111055e+03
3.884634e+03 3.111055e+03
3.762855e+03 3.111055e+03
3.626772e+03 3.092460e+03
3.475773e+03 2.962518e+03
3.315205e+03 2.866250e+03
3.158545e+03 2.621280e+03
2.965663e+03 2.491037e+03
2.786618e+03 2.308019e+03
2.593487e+03 2.222396e+03
2.405238e+03 2.011692e+03
2.215779e+03 1.876294e+03
2.057681e+03 1.626903e+03
1.892503e+03 1.544369e+03
1.739646e+03 1.445948e+03
1.603863e+03 1.369041e+03
1.479980e+03 1.268824e+03
1.369141e+03 1.189721e+03
1.260081e+03 1.105115e+03
1.160507e+03 1.015930e+03
1.076016e+03 9.624329e+02
9.938425e+02 8.927588e+02
9.264513e+02 8.114707e+02
8.633596e+02 7.814444e+02
8.092799e+02 7.281672e+02
7.591855e+02 6.886681e+02
7.133723e+02 6.519660e+02
6.731211e+02 6.245706e+02
6.413997e+02 5.898845e+02
6.106180e+02 5.606679e+02
5.841367e+02 5.476153e+02
5.599927e+02 5.248564e+02
5.387721e+02 5.116036e+02
5.194311e+02 4.963035e+02
5.041061e+02 4.823575e+02
4.891189e+02 4.640901e+02
4.771621e+02 4.628125e+02
4.657192e+02 4.518145e+02
4.572115e+02 4.458924e+02
4.493773e+02 4.389780e+02
4.425788e+02 4.323539e+02
4.357679e+02 4.273403e+02
4.297541e+02 4.226865e+02
4.246978e+02 4.175538e+02
4.206538e+02 4.151135e+02
4.171719e+02 4.123875e+02
4.141075e+02 4.100917e+02
4.112211e+02 4.069428e+02
4.087677e+02 4.058368e+02
4.067599e+02 4.042073e+02
4.047065e+02 4.021463e+02
4.030062e+02 4.006057e+02
4.014757e+02 3.998157e+02
4.001865e+02 3.981263e+02
3.990102e+02 3.976698e+02
3.980086e+02 3.967438e+02
3.970861e+02 3.960129e+02
3.962894e+02 3.954513e+02
3.956499e+02 3.948701e+02
3.950959e+02 3.942982e+02
3.945729e+02 3.940037e+02
3.941275e+02 3.934896e+02
3.937657e+02 3.933385e+02
3.934474e+02 3.930476e+02
3.931691e+02 3.928476e+02
3.929423e+02 3.925870e+02
3.927557e+02 3.925207e+02
3.926020e+02 3.923703e+02
3.924659e+02 3.922742e+02
3.923655e+02 3.921892e+02
3.922668e+02 3.921332e+02
3.921826e+02 3.920674e+02
3.921045e+02 3.919780e+02
3.920423e+02 3.919157e+02
3.919820e+02 3.918494e+02
3.919198e+02 3.918207e+02
3.918654e+02 3.917780e+02
3.918211e+02 3.917530e+02
3.917810e+02 3.917174e+02
3.917507e+02 3.916962e+02
3.917240e+02 3.916728e+02
3.917038e+02 3.916545e+02
3.916854e+02 3.916409e+02
3.916688e+02 3.916321e+02
3.916549e+02 3.916201e+02
3.916444e+02 3.916065e+02
3.916353e+02 3.916050e+02
3.916280e+02 3.915962e+02
3.916222e+02 3.915886e+02
3.916173e+02 3.915852e+02
3.916134e+02 3.915778e+02
3.916097e+02 3.915742e+02
3.916074e+02 3.915714e+02
3.916059e+02 3.915662e+02
3.916046e+02 3.915648e+02
3.209129e+04 6.348670e+03
5.273894e+03 3.091566e+03
4.726325e+03 3.091566e+03
4.499950e+03 3.091566e+03
4.350920e+03 3.091566e+03
4.197178e+03 3.091566e+03
4.068884e+03 3.091566e+03
3.941851e+03 3.091566e+03
3.803296e+03 3.091566e+03
3.634597e+03 3.069416e+03
3.468576e+03 2.964561e+03
3.294954e+03 2.745990e+03
3.094935e+03 2.493473e+03
2.913119e+03 2.397559e+03
2.707043e+03 2.252687e+03
2.499821e+03 2.066529e+03
2.311453e+03 1.932172e+03
2.131855e+03 1.784409e+03
1.976515e+03 1.667135e+03
1.816210e+03 1.549925e+03
1.656394e+03 1.358784e+03
1.518204e+03 1.286385e+03
1.377473e+03 1.190080e+03
1.265535e+03 1.123667e+03
1.160364e+03 1.010679e+03
1.067006e+03 9.212544e+02
9.872288e+02 8.629132e+02
9.142756e+02 7.890139e+02
8.465372e+02 7.586270e+02
7.898615e+02 6.996209e+02
7.371336e+02 6.604321e+02
6.947481e+02 6.303875e+02
6.517063e+02 5.994113e+02
6.163127e+02 5.624766e+02
5.850487e+02 5.450213e+02
5.607116e+02 5.247782e+02
5.365602e+02 5.078420e+02
5.156388e+02 4.884896e+02
4.975317e+02 4.759758e+02
4.823502e+02 4.580010e+02
4.687517e+02 4.511330e+02
4.555189e+02 4.379463e+02
4.448534e+02 4.319062e+02
4.362671e+02 4.257497e+02
4.283729e+02 4.184313e+02
4.216945e+02 4.128477e+02
4.161130e+02 4.086505e+02
4.104745e+02 4.034409e+02
4.054911e+02 3.986529e+02
4.010327e+02 3.953109e+02
3.974760e+02 3.926022e+02
3.938102e+02 3.892142e+02
3.909314e+02 3.866806e+02
3.880273e+02 3.849158e+02
3.858992e+02 3.829655e+02
3.840843e+02 3.818651e+02
3.824547e+02 3.803583e+02
3.811506e+02 3.792399e+02
3.799549e+02 3.783300e+02
3.789042e+02 3.771179e+02
3.779122e+02 3.766491e+02
3.770979e+02 3.758478e+02
3.764242e+02 3.753521e+02
3.757691e+02 3.748676e+02
3.751055e+02 3.743240e+02
3.745873e+02 3.738690e+02
3.741202e+02 3.735199e+02
3.737268e+02 3.731288e+02
3.733348e+02 3.726340e+02
3.730130e+02 3.724889e+02
3.726813e+02 3.722335e+02
3.723807e+02 3.718905e+02
3.721170e+02 3.718175e+02
3.719299e+02 3.715965e+02
3.717288e+02 3.714102e+02
3.715505e+02 3.713559e+02
3.713921e+02 3.712040e+02
3.712711e+02 3.711007e+02
3.711667e+02 3.710284e+02
3.710738e+02 3.709387e+02
3.709968e+02 3.708818e+02
3.709340e+02 3.708371e+02
3.708787e+02 3.707898e+02
3.708304e+02 3.707556e+02
3.707956e+02 3.707353e+02
3.707584e+02 3.706994e+02
3.707292e+02 3.706716e+02
3.707061e+02 3.706571e+02
3.706843e+02 3.706407e+02
3.706659e+02 3.706186e+02
3.706515e+02 3.706083e+02
3.706392e+02 3.705988e+02
3.706288e+02 3.705839e+02
3.706195e+02 3.705782e+02
3.706124e+02 3.705710e+02
3.706072e+02 3.705703e+02
3.706034e+02 3.705638e+02
3.705998e+02 3.705616e+02
3.705973e+02 3.705575e+02
3.705951e+02 3.705543e+02
3.705936e+02 3.705497e+02
3.209129e+04 6.348670e+03
5.262891e+03 3.070550e+03
4.728349e+03 3.070550e+03
4.477421e+03 3.070550e+03
4.297461e+03 3.070550e+03
4.153148e+03 3.070550e+03
4.009363e+03 3.070550e+03
3.866116e+03 3.070550e+03
3.718512e+03 3.070550e+03
3.556991e+03 3.056000e+03
3.389020e+03 2.890431e+03
3.198906e+03 2.686093e+03
3.019118e+03 2.476056e+03
2.824010e+03 2.432389e+03
2.629395e+03 2.138232e+03
2.439464e+03 2.009792e+03
2.246687e+03 1.842084e+03
2.054243e+03 1.761882e+03
1.885063e+03 1.537391e+03
1.708608e+03 1.452136e+03
1.559983e+03 1.350080e+03
1.430225e+03 1.210521e+03
1.304107e+03 1.100268e+03
1.205043e+03 1.019332e+03
1.117295e+03 9.878607e+02
1.032232e+03 8.717874e+02
9.547883e+02 8.328926e+02
8.842433e+02 7.858555e+02
8.265633e+02 7.357083e+02
7.737704e+02 6.863752e+02
7.229335e+02 6.472741e+02
6.774526e+02 6.162018e+02
6.351769e+02 5.841110e+02
5.960774e+02 5.468737e+02
5.650390e+02 5.243227e+02
5.362456e+02 5.021546e+02
5.130810e+02 4.797896e+02
4.932793e+02 4.660183e+02
4.770645e+02 4.547801e+02
4.609153e+02 4.376275e+02
4.461526e+02 4.242091e+02
4.327335e+02 4.163922e+02
4.207288e+02 4.039698e+02
4.111175e+02 3.989280e+02
4.019353e+02 3.918658e+02
3.946749e+02 3.853176e+02
3.884070e+02 3.795451e+02
3.831489e+02 3.740146e+02
3.782020e+02 3.708269e+02
3.743872e+02 3.684492e+02
3.704316e+02 3.653883e+02
3.672298e+02 3.628933e+02
3.641460e+02 3.597142e+02
3.616299e+02 3.582385e+02
3.596252e+02 3.569159e+02
3.579112e+02 3.554818e+02
3.563429e+02 3.538286e+02
3.550549e+02 3.531909e+02
3.539011e+02 3.521978e+02
3.528548e+02 3.514105e+02
3.518127e+02 3.502901e+02
3.509778e+02 3.496516e+02
3.501733e+02 3.490942e+02
3.493749e+02 3.482208e+02
3.487379e+02 3.479853e+02
3.480489e+02 3.473534e+02
3.475174e+02 3.468005e+02
3.470075e+02 3.464590e+02
3.465889e+02 3.461555e+02
3.462671e+02 3.458191e+02
3.459952e+02 3.456696e+02
3.457581e+02 3.454852e+02
3.455462e+02 3.453236e+02
3.453849e+02 3.451601e+02
3.452539e+02 3.450631e+02
3.451339e+02 3.449608e+02
3.450394e+02 3.449008e+02
3.449464e+02 3.447905e+02
3.448599e+02 3.447460e+02
3.447906e+02 3.446934e+02
3.447376e+02 3.446556e+02
3.446943e+02 3.446044e+02
3.446529e+02 3.445818e+02
3.446185e+02 3.445645e+02
3.445887e+02 3.445358e+02
3.445612e+02 3.445161e+02
3.445378e+02 3.444896e+02
3.445133e+02 3.444694e+02
3.444959e+02 3.444474e+02
3.444784e+02 3.444402e+02
3.444652e+02 3.444331e+02
3.444551e+02 3.444258e+02
3.444467e+02 3.444170e+02
3.444394e+02 3.444098e+02
3.444335e+02 3.444051e+02
3.444298e+02 3.443991e+02
3.444269e+02 3.443944e+02
3.444245e+02 3.443936e+02
3.444225e+02 3.443907e+02
3.444203e+02 3.443854e+02
3.444190e+02 3.443852e+02
3.209129e+04 6.348670e+03
5.344956e+03 3.044385e+03
4.707665e+03 3.044385e+03
4.473230e+03 3.044385e+03
4.288451e+03 3.044385e+03
4.141291e+03 3.044385e+03
3.985251e+03 3.044385e+03
3.809815e+03 3.044385e+03
3.649815e+03 3.044385e+03
3.465741e+03 2.838726e+03
3.286650e+03 2.782320e+03
3.095440e+03 2.589580e+03
2.888816e+03 2.374658e+03
2.696176e+03 2.243747e+03
2.493495e+03 2.092659e+03
2.303295e+03 1.962361e+03
2.110410e+03 1.730892e+03
1.921182e+03 1.591666e+03
1.756583e+03 1.476119e+03
1.611605e+03 1.352578e+03
1.478949e+03 1.178225e+03
1.362116e+03 1.152786e+03
1.250647e+03 1.067201e+03
1.157795e+03 9.901283e+02
1.065619e+03 9.370337e+02
9.834777e+02 8.749184e+02
9.057048e+02 8.027113e+02
8.394959e+02 7.375322e+02
7.801900e+02 6.848906e+02
7.293947e+02 6.472432e+02
6.829599e+02 6.157933e+02
6.420127e+02 5.773703e+02
6.092024e+02 5.374598e+02
5.774648e+02 5.252583e+02
5.491302e+02 5.058921e+02
5.227442e+02 4.834003e+02
4.999573e+02 4.650423e+02
4.780260e+02 4.522365e+02
4.600764e+02 4.319763e+02
4.436486e+02 4.233282e+02
4.299823e+02 4.089015e+02
4.172603e+02 3.990475e+02
4.070749e+02 3.926565e+02
3.968527e+02 3.853384e+02
3.888752e+02 3.743331e+02
3.816353e+02 3.726387e+02
3.757072e+02 3.665223e+02
3.698364e+02 3.633971e+02
3.650538e+02 3.587058e+02
3.607622e+02 3.550072e+02
3.572140e+02 3.522103e+02
3.536946e+02 3.495884e+02
3.507990e+02 3.475896e+02
3.484604e+02 3.452601e+02
3.466386e+02 3.436704e+02
3.445908e+02 3.422894e+02
3.430602e+02 3.413888e+02
3.417766e+02 3.402026e+02
3.406343e+02 3.390068e+02
3.396622e+02 3.383858e+02
3.387398e+02 3.377388e+02
3.379844e+02 3.371833e+02
3.373255e+02 3.366466e+02
3.368142e+02 3.362240e+02
3.363567e+02 3.358642e+02
3.359581e+02 3.354695e+02
3.356002e+02 3.351109e+02
3.353048e+02 3.349716e+02
3.350481e+02 3.347679e+02
3.348436e+02 3.346156e+02
3.346675e+02 3.343997e+02
3.345221e+02 3.343353e+02
3.343962e+02 3.342697e+02
3.342957e+02 3.341541e+02
3.342046e+02 3.341043e+02
3.341370e+02 3.340570e+02
3.340726e+02 3.339920e+02
3.340213e+02 3.339495e+02
3.339740e+02 3.339269e+02
3.339388e+02 3.338889e+02
3.339110e+02 3.338671e+02
3.338843e+02 3.338434e+02
3.338590e+02 3.338191e+02
3.338364e+02 3.338065e+02
3.338184e+02 3.337907e+02
3.338022e+02 3.337759e+02
3.337898e+02 3.337671e+02
3.337788e+02 3.337571e+02
3.337698e+02 3.337507e+02
3.337621e+02 3.337459e+02
3.337555e+02 3.337408e+02
3.337501e+02 3.337343e+02
3.337458e+02 3.337315e+02
3.337419e+02 3.337278e+02
3.337391e+02 3.337246e+02
3.337368e+02 3.337235e+02
3.337349e+02 3.337208e+02
3.337331e+02 3.337200e+02
3.337320e+02 3.337173e+02
3.337312e+02 3.337162e+02
3.337304e+02 3.337157e+02
3.209129e+04 6.348670e+03
5.267627e+03 3.033716e+03
4.704386e+03 3.033716e+03
4.467868e+03 3.033716e+03
4.285604e+03 3.033716e+03
4.146858e+03 3.033716e+03
3.994729e+03 3.033716e+03
3.867970e+03 3.033716e+03
3.709954e+03 3.005495e+03
3.557029e+03 2.977441e+03
3.404019e+03 2.808570e+03
3.256003e+03 2.646628e+03
3.085802e+03 2.614123e+03
2.910780e+03 2.379209e+03
2.731417e+03 2.249549e+03
2.544484e+03 2.181462e+03
2.357313e+03 1.996281e+03
2.180815e+03 1.846909e+03
2.006359e+03 1.716836e+03
1.848126e+03 1.578748e+03
1.683765e+03 1.440260e+03
1.552786e+03 1.314971e+03
1.413322e+03 1.183227e+03
1.298424e+03 1.125142e+03
1.200486e+03 1.044853e+03
1.114541e+03 9.770137e+02
1.038570e+03 9.307570e+02
9.583845e+02 8.640642e+02
8.915362e+02 8.073558e+02
8.317840e+02 7.498823e+02
7.827560e+02 7.156960e+02
7.352772e+02 6.725570e+02
6.947528e+02 6.414778e+02
6.573580e+02 6.092450e+02
6.273249e+02 5.848339e+02
5.984720e+02 5.558148e+02
5.733758e+02 5.415323e+02
5.499544e+02 5.232735e+02
5.317471e+02 5.071324e+02
5.149378e+02 4.884088e+02
5.021694e+02 4.824744e+02
4.894534e+02 4.726960e+02
4.775690e+02 4.616788e+02
4.669202e+02 4.558349e+02
4.576732e+02 4.454686e+02
4.497362e+02 4.407610e+02
4.430357e+02 4.353683e+02
4.371503e+02 4.314298e+02
4.331388e+02 4.281843e+02
4.293043e+02 4.247236e+02
4.260392e+02 4.204962e+02
4.228697e+02 4.192647e+02
4.202329e+02 4.164355e+02
4.178026e+02 4.147273e+02
4.159125e+02 4.133419e+02
4.141393e+02 4.121302e+02
4.126222e+02 4.107787e+02
4.112285e+02 4.097108e+02
4.101112e+02 4.084925e+02
4.090572e+02 4.075499e+02
4.082186e+02 4.070558e+02
4.074323e+02 4.065402e+02
4.068093e+02 4.061201e+02
4.062494e+02 4.054978e+02
4.057699e+02 4.052187e+02
4.053613e+02 4.048864e+02
4.050279e+02 4.046281e+02
4.047387e+02 4.043768e+02
4.045111e+02 4.042702e+02
4.043093e+02 4.040421e+02
4.041317e+02 4.039083e+02
4.039793e+02 4.038175e+02
4.038619e+02 4.037267e+02
4.037480e+02 4.036174e+02
4.036547e+02 4.035111e+02
4.035775e+02 4.034817e+02
4.035140e+02 4.034246e+02
4.034646e+02 4.033911e+02
4.034144e+02 4.033495e+02
4.033779e+02 4.033140e+02
4.033427e+02 4.032817e+02
4.033103e+02 4.032606e+02
4.032818e+02 4.032353e+02
4.032572e+02 4.032175e+02
4.032309e+02 4.031920e+02
4.032095e+02 4.031797e+02
4.031924e+02 4.031605e+02
4.031776e+02 4.031550e+02
4.031653e+02 4.031425e+02
4.031556e+02 4.031322e+02
4.031468e+02 4.031242e+02
4.031396e+02 4.031195e+02
4.031334e+02 4.031145e+02
4.031286e+02 4.031080e+02
4.031247e+02 4.031063e+02
4.031216e+02 4.031045e+02
4.031195e+02 4.031020e+02
4.031177e+02 4.030991e+02
4.031163e+02 4.030970e+02
4.031154e+02 4.030955e+02
4.031144e+02 4.030941e+02
3.209129e+04 6.348670e+03
5.244964e+03 3.103094e+03
4.694024e+03 3.103094e+03
4.475474e+03 3.103094e+03
4.279006e+03 3.103094e+03
4.123012e+03 3.103094e+03
3.965697e+03 3.103094e+03
3.831812e+03 3.103094e+03
3.688292e+03 3.103094e+03
3.550748e+03 3.044211e+03
3.367199e+03 2.858346e+03
3.207469e+03 2.656328e+03
3.009631e+03 2.572772e+03
2.804926e+03 2.297875e+03
2.594162e+03 2.118414e+03
2.401100e+03 1.908676e+03
2.206345e+03 1.860936e+03
2.031460e+03 1.741845e+03
1.870850e+03 1.579054e+03
1.709130e+03 1.430211e+03
1.557630e+03 1.336840e+03
1.412403e+03 1.220204e+03
1.287699e+03 1.111877e+03
1.186650e+03 1.037407e+03
1.096752e+03 9.615631e+02
1.015642e+03 8.788496e+02
9.337867e+02 8.210244e+02
8.646959e+02 7.599489e+02
8.009295e+02 7.159465e+02
7.498339e+02 6.423809e+02
7.074401e+02 6.382987e+02
6.609184e+02 6.035067e+02
6.226676e+02 5.778961e+02
5.871347e+02 5.436440e+02
5.570018e+02 5.169364e+02
5.288300e+02 4.955366e+02
5.051508e+02 4.777522e+02
4.850236e+02 4.613469e+02
4.691649e+02 4.467363e+02
4.560078e+02 4.370735e+02
4.441462e+02 4.282268e+02
4.334377e+02 4.184303e+02
4.246706e+02 4.104948e+02
4.166778e+02 4.059611e+02
4.100543e+02 4.003335e+02
4.040708e+02 3.968333e+02
3.987791e+02 3.916560e+02
3.942066e+02 3.878932e+02
3.903463e+02 3.859227e+02
3.870830e+02 3.823822e+02
3.840614e+02 3.807424e+02
3.815790e+02 3.785530e+02
3.795443e+02 3.766002e+02
3.774380e+02 3.748659e+02
3.758283e+02 3.738227e+02
3.743201e+02 3.724638e+02
3.729156e+02 3.714549e+02
3.717576e+02 3.704368e+02
3.708422e+02 3.696402e+02
3.699651e+02 3.688091e+02
3.692050e+02 3.683901e+02
3.685317e+02 3.676465e+02
3.679724e+02 3.672217e+02
3.675851e+02 3.670771e+02
3.671965e+02 3.667256e+02
3.668991e+02 3.664863e+02
3.666384e+02 3.662933e+02
3.664093e+02 3.661195e+02
3.661902e+02 3.659057e+02
3.660026e+02 3.657490e+02
3.658065e+02 3.655503e+02
3.656701e+02 3.654549e+02
3.655246e+02 3.653766e+02
3.654138e+02 3.652791e+02
3.653150e+02 3.651814e+02
3.652389e+02 3.651332e+02
3.651722e+02 3.650715e+02
3.651139e+02 3.650313e+02
3.650620e+02 3.649831e+02
3.650189e+02 3.649542e+02
3.649782e+02 3.649212e+02
3.649480e+02 3.648980e+02
3.649193e+02 3.648769e+02
3.648962e+02 3.648564e+02
3.648754e+02 3.648356e+02
3.648585e+02 3.648196e+02
3.648422e+02 3.648141e+02
3.648285e+02 3.648016e+02
3.648170e+02 3.647914e+02
3.648072e+02 3.647805e+02
3.647977e+02 3.647748e+02
3.647902e+02 3.647704e+02
3.647846e+02 3.647645e+02
3.647800e+02 3.647610e+02
3.647761e+02 3.647588e+02
3.647731e+02 3.647545e+02
3.647707e+02 3.647523e+02
3.647691e+02 3.647495e+02
3.647679e+02 3.647477e+02
3.647668e+02 3.647453e+02
3.647659e+02 3.647448e+02
3.209129e+04 6.348670e+03
5.302946e+03 3.064745e+03
4.724799e+03 3.064745e+03
4.465457e+03 3.064745e+03
4.256857e+03 3.064745e+03
4.117022e+03 3.064745e+03
3.964929e+03 3.064745e+03
3.837683e+03 3.064745e+03
3.693672e+03 3.064745e+03
3.545911e+03 3.057124e+03
3.378954e+03 2.777247e+03
3.184107e+03 2.718279e+03
2.972842e+03 2.369955e+03
2.760018e+03 2.248826e+03
2.549976e+03 2.186527e+03
2.367932e+03 1.917562e+03
2.172294e+03 1.856802e+03
2.003529e+03 1.636907e+03
1.823549e+03 1.561275e+03
1.678185e+03 1.441646e+03
1.544083e+03 1.298134e+03
1.411548e+03 1.191750e+03
1.293176e+03 1.124598e+03
1.185247e+03 1.036500e+03
1.094851e+03 9.436678e+02
1.015641e+03 8.351970e+02
9.402121e+02 8.136140e+02
8.771610e+02 7.853797e+02
8.209618e+02 7.191508e+02
7.720766e+02 7.015729e+02
7.264543e+02 6.618759e+02
6.874650e+02 6.271327e+02
6.492103e+02 5.908811e+02
6.177696e+02 5.644280e+02
5.880047e+02 5.469089e+02
5.640372e+02 5.262553e+02
5.412220e+02 5.136265e+02
5.223840e+02 4.949674e+02
5.045956e+02 4.831872e+02
4.913001e+02 4.729535e+02
4.791414e+02 4.610528e+02
4.683494e+02 4.511466e+02
4.580119e+02 4.426318e+02
4.490594e+02 4.351840e+02
4.406921e+02 4.280655e+02
4.335226e+02 4.205133e+02
4.268212e+02 4.163995e+02
4.205579e+02 4.123921e+02
4.148582e+02 4.088996e+02
4.104408e+02 4.039258e+02
4.058665e+02 4.009412e+02
4.023357e+02 3.974209e+02
3.990458e+02 3.948441e+02
3.963663e+02 3.923667e+02
3.939488e+02 3.908785e+02
3.919161e+02 3.896737e+02
3.900555e+02 3.879379e+02
3.886805e+02 3.869552e+02
3.873342e+02 3.855509e+02
3.862009e+02 3.848725e+02
3.851994e+02 3.839754e+02
3.843958e+02 3.833550e+02
3.836695e+02 3.826564e+02
3.829449e+02 3.821871e+02
3.823204e+02 3.813193e+02
3.817791e+02 3.811693e+02
3.812913e+02 3.807391e+02
3.808740e+02 3.803320e+02
3.805223e+02 3.800673e+02
3.802565e+02 3.799285e+02
3.799871e+02 3.796461e+02
3.797494e+02 3.794274e+02
3.795146e+02 3.792744e+02
3.793306e+02 3.791188e+02
3.791764e+02 3.789691e+02
3.790554e+02 3.789071e+02
3.789379e+02 3.787697e+02
3.788499e+02 3.787120e+02
3.787651e+02 3.786525e+02
3.786944e+02 3.786047e+02
3.786382e+02 3.785501e+02
3.785834e+02 3.785157e+02
3.785330e+02 3.784578e+02
3.784943e+02 3.784372e+02
3.784613e+02 3.784085e+02
3.784308e+02 3.783790e+02
3.784037e+02 3.783597e+02
3.783813e+02 3.783309e+02
3.783621e+02 3.783294e+02
3.783467e+02 3.783154e+02
3.783342e+02 3.783047e+02
3.783244e+02 3.782947e+02
3.783157e+02 3.782835e+02
3.783087e+02 3.782786e+02
3.783018e+02 3.782734e+02
3.782969e+02 3.782714e+02
3.782931e+02 3.782651e+02
3.782904e+02 3.782618e+02
3.782886e+02 3.782591e+02
3.782868e+02 3.782570e+02
3.782857e+02 3.782545e+02
3.209129e+04 6.348670e+03
5.368008e+03 3.078254e+03
4.785783e+03 3.078254e+03
4.524772e+03 3.078254e+03
4.349397e+03 3.078254e+03
4.192849e+03 3.078254e+03
4.060769e+03 3.078254e+03
3.923152e+03 3.078254e+03
3.791792e+03 3.078254e+03
3.621538e+03 3.078254e+03
3.426210e+03 2.843701e+03
3.271616e+03 2.732128e+03
3.114430e+03 2.610276e+03
2.926293e+03 2.349789e+03
2.737677e+03 2.250794e+03
2.543753e+03 2.060022e+03
2.343164e+03 1.961186e+03
2.147465e+03 1.787590e+03
1.983389e+03 1.687814e+03
1.798115e+03 1.485881e+03
1.658268e+03 1.354256e+03
1.534054e+03 1.307164e+03
1.420548e+03 1.215799e+03
1.310231e+03 1.093969e+03
1.217987e+03 1.040342e+03
1.124007e+03 9.812856e+02
1.040497e+03 8.983720e+02
9.670193e+02 8.414401e+02
8.950389e+02 7.839373e+02
8.324013e+02 7.452332e+02
7.805868e+02 7.036673e+02
7.335018e+02 6.699333e+02
6.897854e+02 6.284370e+02
6.529693e+02 5.963905e+02
6.165428e+02 5.726206e+02
5.857411e+02 5.475851e+02
5.648910e+02 5.271676e+02
5.449015e+02 5.150733e+02
5.275735e+02 5.033621e+02
5.122889e+02 4.885296e+02
4.970052e+02 4.760001e+02
4.827997e+02 4.611412e+02
4.703879e+02 4.553180e+02
4.604378e+02 4.433073e+02
4.503057e+02 4.386494e+02
4.424720e+02 4.322396e+02
4.353510e+02 4.245729e+02
4.293450e+02 4.209354e+02
4.231851e+02 4.157910e+02
4.180366e+02 4.119595e+02
4.134746e+02 4.081650e+02
4.094368e+02 4.040860e+02
4.057412e+02 4.016191e+02
4.029456e+02 3.993996e+02
4.004151e+02 3.974548e+02
3.984363e+02 3.954637e+02
3.966995e+02 3.946087e+02
3.950964e+02 3.928450e+02
3.936233e+02 3.920857e+02
3.924125e+02 3.910190e+02
3.912543e+02 3.898868e+02
3.903143e+02 3.890243e+02
3.894916e+02 3.885026e+02
3.888440e+02 3.880218e+02
3.882118e+02 3.874976e+02
3.876648e+02 3.871095e+02
3.871918e+02 3.866389e+02
3.867714e+02 3.861298e+02
3.863937e+02 3.860292e+02
3.860953e+02 3.857496e+02
3.858587e+02 3.855643e+02
3.856662e+02 3.853832e+02
3.855205e+02 3.853052e+02
3.853776e+02 3.851885e+02
3.852651e+02 3.850758e+02
3.851509e+02 3.849945e+02
3.850647e+02 3.849311e+02
3.849860e+02 3.848644e+02
3.849164e+02 3.848112e+02
3.848533e+02 3.847445e+02
3.847967e+02 3.847226e+02
3.847439e+02 3.846769e+02
3.847025e+02 3.846274e+02
3.846647e+02 3.846035e+02
3.846387e+02 3.845875e+02
3.846153e+02 3.845699e+02
3.845962e+02 3.845544e+02
3.845782e+02 3.845433e+02
3.845643e+02 3.845327e+02
3.845503e+02 3.845202e+02
3.845402e+02 3.845084e+02
3.845311e+02 3.845015e+02
3.845238e+02 3.844992e+02
3.845174e+02 3.844906e+02
3.845114e+02 3.844815e+02
3.845067e+02 3.844746e+02
3.845033e+02 3.844731e+02
3.845006e+02 3.844719e+02
3.844986e+02 3.844659e+02
3.844973e+02 3.844658e+02
3.844959e+02 3.844651e+02
3.209129e+04 6.348670e+03
5.282775e+03 3.084465e+03
4.711906e+03 3.084465e+03
4.490649e+03 3.084465e+03
4.318579e+03 3.084465e+03
4.174370e+03 3.084465e+03
4.015064e+03 3.084465e+03
3.892536e+03 3.084465e+03
3.748185e+03 3.084465e+03
3.601064e+03 3.042333e+03
3.443053e+03 2.896493e+03
3.267156e+03 2.751029e+03
3.087852e+03 2.368528e+03
2.894995e+03 2.356679e+03
2.693995e+03 2.290242e+03
2.507819e+03 2.056372e+03
2.336337e+03 1.936581e+03
2.172248e+03 1.809048e+03
2.013656e+03 1.666922e+03
1.872424e+03 1.557110e+03
1.723760e+03 1.409250e+03
1.597736e+03 1.306327e+03
1.463606e+03 1.216709e+03
1.342022e+03 1.152811e+03
1.234239e+03 1.058954e+03
1.134451e+03 9.991217e+02
1.043593e+03 9.011304e+02
9.653040e+02 8.267128e+02
8.894513e+02 7.993186e+02
8.293082e+02 7.306409e+02
7.716279e+02 7.020664e+02
7.212482e+02 6.480730e+02
6.753759e+02 6.143958e+02
6.344721e+02 5.877975e+02
5.990322e+02 5.580386e+02
5.704887e+02 5.317837e+02
5.454581e+02 5.135454e+02
5.242085e+02 4.954969e+02
5.024530e+02 4.790669e+02
4.856423e+02 4.624802e+02
4.701215e+02 4.529302e+02
4.575578e+02 4.386486e+02
4.460029e+02 4.300653e+02
4.366348e+02 4.253146e+02
4.282257e+02 4.176799e+02
4.212456e+02 4.109332e+02
4.149287e+02 4.064952e+02
4.092162e+02 4.032706e+02
4.043250e+02 3.982696e+02
4.002744e+02 3.953314e+02
3.959455e+02 3.914576e+02
3.923568e+02 3.881033e+02
3.890693e+02 3.854961e+02
3.864780e+02 3.825809e+02
3.841174e+02 3.806187e+02
3.819441e+02 3.793858e+02
3.800962e+02 3.781289e+02
3.783585e+02 3.765134e+02
3.769617e+02 3.753517e+02
3.756560e+02 3.742353e+02
3.745952e+02 3.733786e+02
3.736694e+02 3.726945e+02
3.728731e+02 3.719769e+02
3.722334e+02 3.716005e+02
3.717166e+02 3.709936e+02
3.712203e+02 3.706994e+02
3.708253e+02 3.703292e+02
3.704360e+02 3.699985e+02
3.701443e+02 3.698290e+02
3.698887e+02 3.695406e+02
3.696699e+02 3.694021e+02
3.694811e+02 3.692618e+02
3.693276e+02 3.691171e+02
3.691769e+02 3.689923e+02
3.690543e+02 3.688992e+02
3.689477e+02 3.687870e+02
3.688566e+02 3.687181e+02
3.687675e+02 3.686619e+02
3.687033e+02 3.685780e+02
3.686468e+02 3.685594e+02
3.686008e+02 3.685297e+02
3.685563e+02 3.684828e+02
3.685190e+02 3.684601e+02
3.684867e+02 3.684308e+02
3.684572e+02 3.684088e+02
3.684327e+02 3.683905e+02
3.684115e+02 3.683744e+02
3.683921e+02 3.683556e+02
3.683756e+02 3.683442e+02
3.683626e+02 3.683292e+02
3.683512e+02 3.683178e+02
3.683407e+02 3.683129e+02
3.683327e+02 3.683022e+02
3.683258e+02 3.682980e+02
3.683202e+02 3.682907e+02
3.683153e+02 3.682868e+02
3.683111e+02 3.682841e+02
3.683086e+02 3.682805e+02
3.683063e+02 3.682760e+02
3.683044e+02 3.682721e+02
3.683033e+02 3.682718e+02
3.209129e+04 6.348670e+03
5.315158e+03 3.068272e+03
4.747908e+03 3.068272e+03
4.473838e+03 3.068272e+03
4.293499e+03 3.068272e+03
4.138187e+03 3.068272e+03
3.989758e+03 3.068272e+03
3.850095e+03 3.068272e+03
3.700601e+03 3.068272e+03
3.539118e+03 2.985459e+03
3.371105e+03 2.827459e+03
3.195591e+03 2.639749e+03
3.026043e+03 2.571576e+03
2.842830e+03 2.399275e+03
2.647961e+03 2.236041e+03
2.435492e+03 1.982719e+03
2.240505e+03 1.862080e+03
2.053545e+03 1.763516e+03
1.889583e+03 1.585997e+03
1.713244e+03 1.487160e+03
1.561043e+03 1.245286e+03
1.423031e+03 1.200463e+03
1.300370e+03 1.112574e+03
1.196997e+03 1.021562e+03
1.113639e+03 9.721108e+02
1.036264e+03 9.072450e+02
9.644632e+02 8.386984e+02
8.978102e+02 7.989988e+02
8.425009e+02 7.433536e+02
7.903356e+02 7.051115e+02
7.440920e+02 6.581997e+02
7.012119e+02 6.331420e+02
6.612422e+02 6.056508e+02
6.234877e+02 5.745109e+02
5.910298e+02 5.452776e+02
5.678443e+02 5.225447e+02
5.454245e+02 5.143205e+02
5.252143e+02 4.968155e+02
5.053303e+02 4.749297e+02
4.899329e+02 4.658129e+02
4.762392e+02 4.567596e+02
4.627804e+02 4.436149e+02
4.506903e+02 4.332287e+02
4.387851e+02 4.204554e+02
4.291846e+02 4.165663e+02
4.202502e+02 4.099813e+02
4.130579e+02 4.017768e+02
4.059682e+02 3.968187e+02
4.003604e+02 3.923730e+02
3.954507e+02 3.892946e+02
3.919109e+02 3.864661e+02
3.885675e+02 3.828031e+02
3.848161e+02 3.806365e+02
3.816001e+02 3.782287e+02
3.787909e+02 3.756893e+02
3.766545e+02 3.741643e+02
3.745941e+02 3.724570e+02
3.729603e+02 3.704838e+02
3.714036e+02 3.697906e+02
3.702816e+02 3.688508e+02
3.693074e+02 3.679765e+02
3.684603e+02 3.672060e+02
3.676890e+02 3.665211e+02
3.670133e+02 3.662916e+02
3.664403e+02 3.658104e+02
3.659911e+02 3.654432e+02
3.656161e+02 3.650445e+02
3.652776e+02 3.647983e+02
3.649896e+02 3.646313e+02
3.647387e+02 3.644506e+02
3.645115e+02 3.642396e+02
3.643525e+02 3.641161e+02
3.641989e+02 3.640285e+02
3.640808e+02 3.639119e+02
3.639746e+02 3.638253e+02
3.638794e+02 3.637541e+02
3.637904e+02 3.636697e+02
3.637101e+02 3.635987e+02
3.636484e+02 3.635648e+02
3.635925e+02 3.635150e+02
3.635461e+02 3.634760e+02
3.635001e+02 3.634275e+02
3.634596e+02 3.633999e+02
3.634247e+02 3.633676e+02
3.633961e+02 3.633558e+02
3.633733e+02 3.633345e+02
3.633541e+02 3.633202e+02
3.633381e+02 3.633067e+02
3.633248e+02 3.632977e+02
3.633147e+02 3.632897e+02
3.633058e+02 3.632827e+02
3.632968e+02 3.632732e+02
3.632901e+02 3.632665e+02
3.632845e+02 3.632594e+02
3.632792e+02 3.632561e+02
3.632756e+02 3.632525e+02
3.632726e+02 3.632492e+02
3.632700e+02 3.632463e+02
3.632682e+02 3.632421e+02
3.632670e+02 3.632408e+02
3.632661e+02 3.632373e+02
3.209129e+04 6.348670e+03
5.239643e+03 3.063237e+03
4.717604e+03 3.063237e+03
4.452924e+03 3.063237e+03
4.281285e+03 3.063237e+03
4.113815e+03 3.063237e+03
3.957957e+03 3.063237e+03
3.807014e+03 3.063237e+03
3.672685e+03 3.063237e+03
3.541930e+03 3.063237e+03
3.370726e+03 2.738620e+03
3.178664e+03 2.620017e+03
2.987118e+03 2.366709e+03
2.768191e+03 2.271573e+03
2.552718e+03 2.106586e+03
2.339360e+03 1.982882e+03
2.143609e+03 1.778968e+03
1.964956e+03 1.664418e+03
1.787647e+03 1.503546e+03
1.633515e+03 1.364895e+03
1.483679e+03 1.242130e+03
1.347339e+03 1.112208e+03
1.226952e+03 1.041623e+03
1.130430e+03 9.673294e+02
1.037655e+03 9.146975e+02
9.597543e+02 8.234279e+02
8.873895e+02 7.959473e+02
8.299705e+02 7.373023e+02
7.703068e+02 6.898655e+02
7.217402e+02 6.539865e+02
6.785793e+02 6.109922e+02
6.365841e+02 5.764547e+02
6.020256e+02 5.543770e+02
5.741127e+02 5.324025e+02
5.461945e+02 5.067780e+02
5.221218e+02 4.865947e+02
5.011753e+02 4.725530e+02
4.830705e+02 4.580301e+02
4.653021e+02 4.380810e+02
4.511020e+02 4.312408e+02
4.381378e+02 4.170002e+02
4.266235e+02 4.117597e+02
4.165992e+02 4.037482e+02
4.076035e+02 3.952490e+02
4.001019e+02 3.905355e+02
3.937798e+02 3.846553e+02
3.874694e+02 3.786701e+02
3.815397e+02 3.728421e+02
3.765198e+02 3.704446e+02
3.717293e+02 3.648518e+02
3.675645e+02 3.624619e+02
3.638928e+02 3.590978e+02
3.610881e+02 3.575699e+02
3.584768e+02 3.550907e+02
3.560321e+02 3.529238e+02
3.537658e+02 3.512105e+02
3.517450e+02 3.488297e+02
3.500426e+02 3.482544e+02
3.486843e+02 3.466802e+02
3.475186e+02 3.461308e+02
3.465042e+02 3.454620e+02
3.456922e+02 3.445948e+02
3.449232e+02 3.439431e+02
3.441815e+02 3.434879e+02
3.436425e+02 3.429785e+02
3.431591e+02 3.426106e+02
3.427895e+02 3.422919e+02
3.424251e+02 3.420343e+02
3.421392e+02 3.418140e+02
3.418802e+02 3.415791e+02
3.416736e+02 3.413643e+02
3.414720e+02 3.412126e+02
3.412781e+02 3.410163e+02
3.411220e+02 3.409162e+02
3.409813e+02 3.408042e+02
3.408572e+02 3.407134e+02
3.407433e+02 3.406217e+02
3.406586e+02 3.405530e+02
3.405946e+02 3.405119e+02
3.405409e+02 3.404680e+02
3.404939e+02 3.404399e+02
3.404554e+02 3.403927e+02
3.404155e+02 3.403605e+02
3.403836e+02 3.403360e+02
3.403527e+02 3.403129e+02
3.403310e+02 3.402873e+02
3.403122e+02 3.402774e+02
3.402961e+02 3.402628e+02
3.402810e+02 3.402510e+02
3.402692e+02 3.402407e+02
3.402589e+02 3.402307e+02
3.402511e+02 3.402285e+02
3.402447e+02 3.402245e+02
3.402401e+02 3.402202e+02
3.402361e+02 3.402142e+02
3.402327e+02 3.402120e+02
3.402301e+02 3.402101e+02
3.402283e+02 3.402084e+02
3.402266e+02 3.402040e+02
3.402255e+02 3.402027e+02
3.402246e+02 3.402012e+02
3.209129e+04 6.348670e+03
5.277473e+03 3.040201e+03
4.741204e+03 3.040201e+03
4.519351e+03 3.040201e+03
4.347325e+03 3.040201e+03
4.187757e+03 3.040201e+03
4.042490e+03 3.040201e+03
3.913124e+03 3.040201e+03
3.757231e+03 3.040201e+03
3.595096e+03 2.975379e+03
3.440033e+03 2.900345e+03
3.273001e+03 2.798902e+03
3.083151e+03 2.613711e+03
2.899266e+03 2.467868e+03
2.697427e+03 2.153422e+03
2.480563e+03 2.012645e+03
2.294822e+03 1.934575e+03
2.110773e+03 1.813002e+03
1.937316e+03 1.619565e+03
1.765413e+03 1.517831e+03
1.625935e+03 1.398610e+03
1.488099e+03 1.290573e+03
1.367304e+03 1.196698e+03
1.257612e+03 1.075357e+03
1.164374e+03 1.016551e+03
1.078856e+03 9.535763e+02
1.003331e+03 8.845642e+02
9.363104e+02 8.360812e+02
8.745011e+02 7.764962e+02
8.180650e+02 7.226083e+02
7.684442e+02 6.870633e+02
7.208298e+02 6.460854e+02
6.777843e+02 6.158983e+02
6.428263e+02 5.884629e+02
6.128882e+02 5.747370e+02
5.842679e+02 5.494600e+02
5.601697e+02 5.244486e+02
5.387505e+02 5.110717e+02
5.193887e+02 4.940879e+02
5.038423e+02 4.815698e+02
4.894143e+02 4.707158e+02
4.779220e+02 4.605444e+02
4.664653e+02 4.517405e+02
4.564811e+02 4.431769e+02
4.467710e+02 4.327778e+02
4.389404e+02 4.255166e+02
4.319730e+02 4.200130e+02
4.257770e+02 4.149947e+02
4.197709e+02 4.115349e+02
4.146070e+02 4.070380e+02
4.099340e+02 4.038288e+02
4.055323e+02 3.990547e+02
4.015378e+02 3.967887e+02
3.987237e+02 3.951756e+02
3.959498e+02 3.922881e+02
3.938726e+02 3.910544e+02
3.919201e+02 3.894266e+02
3.903669e+02 3.881440e+02
3.888025e+02 3.869276e+02
3.875558e+02 3.858138e+02
3.862859e+02 3.846975e+02
3.852634e+02 3.839813e+02
3.843324e+02 3.832547e+02
3.835530e+02 3.825865e+02
3.828252e+02 3.821464e+02
3.822838e+02 3.815669e+02
3.818303e+02 3.812953e+02
3.814395e+02 3.809655e+02
3.810955e+02 3.806865e+02
3.808053e+02 3.803869e+02
3.805231e+02 3.801909e+02
3.803043e+02 3.799304e+02
3.800806e+02 3.798011e+02
3.799021e+02 3.796886e+02
3.797234e+02 3.794759e+02
3.795840e+02 3.794222e+02
3.794839e+02 3.793023e+02
3.793951e+02 3.792457e+02
3.793229e+02 3.792064e+02
3.792543e+02 3.791601e+02
3.791969e+02 3.791092e+02
3.791472e+02 3.790815e+02
3.791044e+02 3.790346e+02
3.790620e+02 3.789822e+02
3.790283e+02 3.789694e+02
3.789989e+02 3.789568e+02
3.789774e+02 3.789299e+02
3.789570e+02 3.789190e+02
3.789406e+02 3.789009e+02
3.789237e+02 3.788884e+02
3.789113e+02 3.788806e+02
3.788996e+02 3.788658e+02
3.788898e+02 3.788568e+02
3.788823e+02 3.788532e+02
3.788758e+02 3.788508e+02
3.788710e+02 3.788433e+02
3.788675e+02 3.788401e+02
3.788642e+02 3.788377e+02
3.788622e+02 3.788331e+02
3.788607e+02 3.788316e+02
3.788596e+02 3.788282e+02
3.209129e+04 6.348670e+03
5.217966e+03 3.078828e+03
4.647963e+03 3.078828e+03
4.396824e+03 3.078828e+03
4.221178e+03 3.078828e+03
4.077052e+03 3.078828e+03
3.947315e+03 3.078828e+03
3.796324e+03 3.078828e+03
3.621150e+03 2.862007e+03
3.474357e+03 2.825810e+03
3.291358e+03 2.713205e+03
3.112048e+03 2.626961e+03
2.916732e+03 2.373494e+03
2.704322e+03 2.238999e+03
2.477365e+03 2.101511e+03
2.290161e+03 1.946342e+03
2.112927e+03 1.800745e+03
1.928773e+03 1.588039e+03
1.763855e+03 1.470674e+03
1.612462e+03 1.395141e+03
1.474934e+03 1.239137e+03
1.343450e+03 1.172169e+03
1.240764e+03 1.088437e+03
1.150887e+03 9.893536e+02
1.069780e+03 9.469405e+02
9.919382e+02 8.724444e+02
9.192452e+02 8.237209e+02
8.502810e+02 7.388640e+02
7.963747e+02 6.902333e+02
7.447420e+02 6.719537e+02
6.995182e+02 6.359003e+02
6.565568e+02 5.896167e+02
6.190697e+02 5.702741e+02
5.871947e+02 5.451582e+02
5.603484e+02 5.224411e+02
5.344359e+02 4.965950e+02
5.121076e+02 4.840138e+02
4.935703e+02 4.740232e+02
4.782736e+02 4.610894e+02
4.634444e+02 4.465021e+02
4.514299e+02 4.345290e+02
4.412028e+02 4.271320e+02
4.326862e+02 4.223387e+02
4.256465e+02 4.147222e+02
4.186249e+02 4.091946e+02
4.124363e+02 4.038526e+02
4.068902e+02 4.003065e+02
4.021795e+02 3.961756e+02
3.976515e+02 3.931064e+02
3.944043e+02 3.899368e+02
3.912549e+02 3.871727e+02
3.888136e+02 3.856142e+02
3.866149e+02 3.833744e+02
3.843965e+02 3.816265e+02
3.825111e+02 3.804181e+02
3.806632e+02 3.785026e+02
3.792765e+02 3.775545e+02
3.780259e+02 3.763885e+02
3.768887e+02 3.753240e+02
3.758692e+02 3.744954e+02
3.750593e+02 3.742118e+02
3.743531e+02 3.735756e+02
3.737460e+02 3.730440e+02
3.732246e+02 3.726029e+02
3.728299e+02 3.723516e+02
3.724671e+02 3.720017e+02
3.721524e+02 3.718384e+02
3.719072e+02 3.714597e+02
3.716930e+02 3.714184e+02
3.714997e+02 3.712217e+02
3.713139e+02 3.710907e+02
3.711472e+02 3.709527e+02
3.710008e+02 3.707972e+02
3.708759e+02 3.707291e+02
3.707762e+02 3.706554e+02
3.706849e+02 3.705613e+02
3.706069e+02 3.705032e+02
3.705494e+02 3.704659e+02
3.704996e+02 3.704323e+02
3.704537e+02 3.703917e+02
3.704070e+02 3.703485e+02
3.703674e+02 3.703088e+02
3.703365e+02 3.702959e+02
3.703130e+02 3.702652e+02
3.702920e+02 3.702582e+02
3.702741e+02 3.702432e+02
3.702597e+02 3.702245e+02
3.702476e+02 3.702188e+02
3.702367e+02 3.702096e+02
3.702276e+02 3.701997e+02
3.702185e+02 3.701948e+02
3.702119e+02 3.701873e+02
3.702057e+02 3.701836e+02
3.702006e+02 3.701796e+02
3.701964e+02 3.701759e+02
3.701925e+02 3.701736e+02
3.701899e+02 3.701710e+02
3.701878e+02 3.701668e+02
3.701862e+02 3.701651e+02
3.701851e+02 3.701618e+02
3.701842e+02 3.701598e+02
3.209129e+04 6.348670e+03
5.318782e+03 3.070160e+03
4.707886e+03 3.070160e+03
4.473773e+03 3.070160e+03
4.321129e+03 3.070160e+03
4.186668e+03 3.070160e+03
4.047708e+03 3.070160e+03
3.915009e+03 3.070160e+03
3.773720e+03 3.070160e+03
3.636152e+03 3.070160e+03
3.494899e+03 3.004994e+03
3.321898e+03 2.802810e+03
3.144859e+03 2.697742e+03
2.956597e+03 2.549107e+03
2.751753e+03 2.293169e+03
2.529187e+03 2.056331e+03
2.332683e+03 1.936551e+03
2.135883e+03 1.791934e+03
1.954268e+03 1.683088e+03
1.778400e+03 1.461249e+03
1.626692e+03 1.369611e+03
1.473339e+03 1.233326e+03
1.356755e+03 1.168103e+03
1.243155e+03 1.096400e+03
1.137764e+03 9.831423e+02
1.047445e+03 9.281057e+02
9.661274e+02 8.501090e+02
8.883640e+02 7.910691e+02
8.185303e+02 7.337797e+02
7.594533e+02 6.800722e+02
7.123931e+02 6.510699e+02
6.663632e+02 6.051461e+02
6.277756e+02 5.686348e+02
5.955391e+02 5.552787e+02
5.667165e+02 5.261469e+02
5.411220e+02 5.006727e+02
5.179394e+02 4.860504e+02
4.972982e+02 4.727941e+02
4.809672e+02 4.591930e+02
4.659586e+02 4.470608e+02
4.533324e+02 4.371462e+02
4.429226e+02 4.288916e+02
4.332232e+02 4.198283e+02
4.255351e+02 4.163300e+02
4.185980e+02 4.082103e+02
4.126788e+02 4.049446e+02
4.072575e+02 3.999698e+02
4.026867e+02 3.974124e+02
3.988294e+02 3.934620e+02
3.953877e+02 3.912012e+02
3.923514e+02 3.883531e+02
3.895625e+02 3.855097e+02
3.869419e+02 3.837978e+02
3.847926e+02 3.823384e+02
3.828917e+02 3.806773e+02
3.813209e+02 3.793050e+02
3.799323e+02 3.782041e+02
3.786251e+02 3.770348e+02
3.775952e+02 3.763129e+02
3.767327e+02 3.756336e+02
3.759670e+02 3.750262e+02
3.753005e+02 3.744390e+02
3.746889e+02 3.739104e+02
3.741850e+02 3.734693e+02
3.737883e+02 3.732676e+02
3.734403e+02 3.728901e+02
3.731263e+02 3.727122e+02
3.728434e+02 3.724419e+02
3.725698e+02 3.722868e+02
3.723349e+02 3.720562e+02
3.721352e+02 3.719127e+02
3.719753e+02 3.717479e+02
3.718481e+02 3.716602e+02
3.717411e+02 3.715905e+02
3.716470e+02 3.715223e+02
3.715635e+02 3.714378e+02
3.715002e+02 3.713867e+02
3.714476e+02 3.713437e+02
3.714033e+02 3.712857e+02
3.713622e+02 3.712791e+02
3.713256e+02 3.712560e+02
3.712933e+02 3.712141e+02
3.712596e+02 3.711831e+02
3.712324e+02 3.711759e+02
3.712039e+02 3.711485e+02
3.711803e+02 3.711281e+02
3.711571e+02 3.711085e+02
3.711376e+02 3.710877e+02
3.711181e+02 3.710745e+02
3.711025e+02 3.710663e+02
3.710888e+02 3.710529e+02
3.710785e+02 3.710446e+02
3.710701e+02 3.710391e+02
3.710623e+02 3.710267e+02
3.710569e+02 3.710252e+02
3.710520e+02 3.710221e+02
3.710478e+02 3.710173e+02
3.710453e+02 3.710138e+02
3.710431e+02 3.710083e+02
3.710414e+02 3.710075e+02
3.710401e+02 3.710062e+02
3.209129e+04 6.348670e+03
5.265654e+03 3.071006e+03
4.710470e+03 3.071006e+03
4.446277e+03 3.071006e+03
4.290591e+03 3.071006e+03
4.158779e+03 3.071006e+03
4.030094e+03 3.071006e+03
3.904315e+03 3.071006e+03
3.739676e+03 3.071006e+03
3.595858e+03 3.070553e+03
3.439758e+03 2.943557e+03
3.265301e+03 2.696503e+03
3.065503e+03 2.625522e+03
2.840155e+03 2.263584e+03
2.613812e+03 2.046860e+03
2.398802e+03 2.011676e+03
2.196106e+03 1.746143e+03
2.015532e+03 1.670879e+03
1.836772e+03 1.505621e+03
1.677264e+03 1.426510e+03
1.519534e+03 1.301237e+03
1.382363e+03 1.127306e+03
1.267136e+03 1.064723e+03
1.171428e+03 1.031039e+03
1.084390e+03 9.356474e+02
9.998598e+02 8.719318e+02
9.215467e+02 8.015210e+02
8.515353e+02 7.603912e+02
7.900587e+02 7.071869e+02
7.381905e+02 6.600951e+02
6.885694e+02 6.196459e+02
6.465417e+02 5.857255e+02
6.121851e+02 5.428196e+02
5.804336e+02 5.392705e+02
5.523087e+02 5.114508e+02
5.280157e+02 4.981464e+02
5.055502e+02 4.785507e+02
4.876492e+02 4.589746e+02
4.708219e+02 4.489722e+02
4.571668e+02 4.353018e+02
4.440763e+02 4.276474e+02
4.335945e+02 4.210790e+02
4.238561e+02 4.099919e+02
4.150908e+02 4.032580e+02
4.062480e+02 3.944766e+02
3.996067e+02 3.914399e+02
3.938851e+02 3.855844e+02
3.890989e+02 3.827508e+02
3.849451e+02 3.793894e+02
3.811116e+02 3.761084e+02
3.775085e+02 3.726811e+02
3.744021e+02 3.684272e+02
3.714107e+02 3.671319e+02
3.687974e+02 3.656683e+02
3.663672e+02 3.632819e+02
3.643152e+02 3.616326e+02
3.628064e+02 3.608632e+02
3.612879e+02 3.591782e+02
3.599847e+02 3.583996e+02
3.588857e+02 3.574583e+02
3.579488e+02 3.567141e+02
3.571704e+02 3.559915e+02
3.564409e+02 3.554739e+02
3.558515e+02 3.550198e+02
3.552547e+02 3.544662e+02
3.546626e+02 3.538949e+02
3.542051e+02 3.536335e+02
3.537384e+02 3.532056e+02
3.533680e+02 3.528797e+02
3.530202e+02 3.526545e+02
3.527574e+02 3.524572e+02
3.525305e+02 3.522612e+02
3.523346e+02 3.521349e+02
3.521727e+02 3.519627e+02
3.520529e+02 3.518952e+02
3.519358e+02 3.517680e+02
3.518420e+02 3.517264e+02
3.517498e+02 3.516280e+02
3.516739e+02 3.515603e+02
3.516066e+02 3.515299e+02
3.515551e+02 3.514600e+02
3.514944e+02 3.514225e+02
3.514469e+02 3.513770e+02
3.514066e+02 3.513391e+02
3.513702e+02 3.513142e+02
3.513405e+02 3.513013e+02
3.513152e+02 3.512690e+02
3.512943e+02 3.512537e+02
3.512772e+02 3.512414e+02
3.512609e+02 3.512306e+02
3.512487e+02 3.512174e+02
3.512390e+02 3.512124e+02
3.512304e+02 3.512060e+02
3.512236e+02 3.511969e+02
3.512177e+02 3.511913e+02
3.512130e+02 3.511853e+02
3.512095e+02 3.511840e+02
3.512063e+02 3.511800e+02
3.512045e+02 3.511762e+02
3.512032e+02 3.511754e+02
3.512022e+02 3.511750e+02
3.209129e+04 6.348670e+03
5.299730e+03 3.051175e+03
4.716325e+03 3.051175e+03
4.449058e+03 3.051175e+03
4.243098e+03 3.051175e+03
4.100333e+03 3.051175e+03
3.960899e+03 3.051175e+03
3.827260e+03 3.051175e+03
3.696589e+03 2.990975e+03
3.535063e+03 2.973313e+03
3.386057e+03 2.875055e+03
3.217216e+03 2.742447e+03
3.008788e+03 2.526144e+03
2.787637e+03 2.301645e+03
2.555139e+03 2.125847e+03
2.346584e+03 1.924846e+03
2.146906e+03 1.801684e+03
1.978250e+03 1.630338e+03
1.801013e+03 1.520240e+03
1.634117e+03 1.372122e+03
1.478911e+03 1.223108e+03
1.341492e+03 1.158487e+03
1.218944e+03 9.907720e+02
1.115588e+03 9.643298e+02
1.018093e+03 8.860368e+02
9.376271e+02 8.194997e+02
8.605389e+02 7.542954e+02
7.995563e+02 6.847579e+02
7.419898e+02 6.581401e+02
6.940714e+02 6.222693e+02
6.469524e+02 5.818380e+02
6.054683e+02 5.510941e+02
5.717021e+02 5.200883e+02
5.436726e+02 5.049762e+02
5.170519e+02 4.806704e+02
4.950739e+02 4.542069e+02
4.747340e+02 4.466371e+02
4.578101e+02 4.314222e+02
4.426406e+02 4.191880e+02
4.279409e+02 4.048250e+02
4.157858e+02 3.987354e+02
4.053260e+02 3.905898e+02
3.955394e+02 3.817959e+02
3.870615e+02 3.758089e+02
3.796459e+02 3.697063e+02
3.731456e+02 3.620631e+02
3.674122e+02 3.587964e+02
3.622361e+02 3.554948e+02
3.576363e+02 3.517361e+02
3.534562e+02 3.482495e+02
3.500053e+02 3.452456e+02
3.468283e+02 3.424829e+02
3.441931e+02 3.411809e+02
3.417240e+02 3.390624e+02
3.395904e+02 3.373583e+02
3.377311e+02 3.351715e+02
3.360836e+02 3.341315e+02
3.347423e+02 3.331098e+02
3.335244e+02 3.321781e+02
3.325378e+02 3.311247e+02
3.316788e+02 3.308054e+02
3.309736e+02 3.301063e+02
3.303283e+02 3.296012e+02
3.298495e+02 3.292862e+02
3.293772e+02 3.287945e+02
3.289675e+02 3.284179e+02
3.286054e+02 3.282048e+02
3.283592e+02 3.280530e+02
3.281342e+02 3.278407e+02
3.279553e+02 3.276787e+02
3.277877e+02 3.275916e+02
3.276527e+02 3.274768e+02
3.275276e+02 3.273691e+02
3.274247e+02 3.272824e+02
3.273184e+02 3.271339e+02
3.272263e+02 3.271222e+02
3.271546e+02 3.270466e+02
3.270908e+02 3.270181e+02
3.270366e+02 3.269668e+02
3.269915e+02 3.269322e+02
3.269537e+02 3.269036e+02
3.269258e+02 3.268714e+02
3.268994e+02 3.268525e+02
3.268769e+02 3.268441e+02
3.268580e+02 3.268212e+02
3.268426e+02 3.268107e+02
3.268283e+02 3.268019e+02
3.268177e+02 3.267878e+02
3.268068e+02 3.267786e+02
3.267977e+02 3.267721e+02
3.267890e+02 3.267628e+02
3.267814e+02 3.267595e+02
3.267753e+02 3.267527e+02
3.267709e+02 3.267470e+02
3.267660e+02 3.267446e+02
3.267627e+02 3.267414e+02
3.267595e+02 3.267370e+02
3.267576e+02 3.267349e+02
3.267561e+02 3.267337e+02
3.267550e+02 3.267330e+02
3.267541e+02 3.267303e+02
3.209129e+04 6.348670e+03
5.358533e+03 3.026730e+03
4.728388e+03 3.026730e+03
4.467165e+03 3.026730e+03
4.272244e+03 3.026730e+03
4.124006e+03 3.026730e+03
3.981739e+03 3.026730e+03
3.850216e+03 3.026730e+03
3.722121e+03 3.026730e+03
3.579509e+03 2.928153e+03
3.421166e+03 2.888283e+03
3.257628e+03 2.696040e+03
3.087145e+03 2.607235e+03
2.871842e+03 2.444296e+03
2.671948e+03 2.213412e+03
2.467991e+03 2.042852e+03
2.269843e+03 1.871793e+03
2.092272e+03 1.828266e+03
1.938062e+03 1.644048e+03
1.783478e+03 1.478810e+03
1.645538e+03 1.403118e+03
1.505722e+03 1.289006e+03
1.380477e+03 1.205810e+03
1.271667e+03 1.097508e+03
1.164188e+03 9.876571e+02
1.059662e+03 9.175205e+02
9.765109e+02 8.523628e+02
9.054082e+02 7.941447e+02
8.384670e+02 7.448648e+02
7.836027e+02 7.018042e+02
7.362513e+02 6.594654e+02
6.862064e+02 6.184337e+02
6.455819e+02 5.869276e+02
6.069235e+02 5.561656e+02
5.786238e+02 5.315622e+02
5.503739e+02 5.151843e+02
5.256962e+02 4.939037e+02
5.040467e+02 4.743771e+02
4.840464e+02 4.598965e+02
4.657486e+02 4.449460e+02
4.513332e+02 4.366051e+02
4.392114e+02 4.246633e+02
4.284316e+02 4.162130e+02
4.201177e+02 4.087370e+02
4.129229e+02 4.025045e+02
4.063153e+02 3.963983e+02
3.998864e+02 3.924297e+02
3.944240e+02 3.875622e+02
3.901964e+02 3.852234e+02
3.868616e+02 3.825600e+02
3.837749e+02 3.794072e+02
3.810764e+02 3.778739e+02
3.788780e+02 3.759390e+02
3.768974e+02 3.747236e+02
3.752047e+02 3.729350e+02
3.736064e+02 3.716452e+02
3.719757e+02 3.703538e+02
3.705722e+02 3.691842e+02
3.694634e+02 3.680214e+02
3.685207e+02 3.673584e+02
3.676679e+02 3.667046e+02
3.669403e+02 3.659800e+02
3.662833e+02 3.654790e+02
3.657917e+02 3.651744e+02
3.653052e+02 3.647029e+02
3.648941e+02 3.644441e+02
3.645551e+02 3.641317e+02
3.642655e+02 3.638671e+02
3.639971e+02 3.637056e+02
3.637727e+02 3.634571e+02
3.635709e+02 3.632868e+02
3.633831e+02 3.631848e+02
3.632408e+02 3.630674e+02
3.631233e+02 3.629838e+02
3.630334e+02 3.629066e+02
3.629453e+02 3.628137e+02
3.628737e+02 3.627728e+02
3.628067e+02 3.627126e+02
3.627512e+02 3.626730e+02
3.627060e+02 3.626405e+02
3.626639e+02 3.625985e+02
3.626269e+02 3.625714e+02
3.625978e+02 3.625420e+02
3.625711e+02 3.625192e+02
3.625470e+02 3.624976e+02
3.625240e+02 3.624870e+02
3.625065e+02 3.624739e+02
3.624920e+02 3.624589e+02
3.624783e+02 3.624486e+02
3.624663e+02 3.624355e+02
3.624575e+02 3.624278e+02
3.624485e+02 3.624208e+02
3.624413e+02 3.624173e+02
3.624349e+02 3.624108e+02
3.624292e+02 3.624041e+02
3.624244e+02 3.623985e+02
3.624204e+02 3.623932e+02
3.624175e+02 3.623901e+02
3.624151e+02 3.623878e+02
3.624138e+02 3.623850e+02
3.624126e+02 3.623844e+02
3.209129e+04 6.348670e+03
5.271155e+03 3.062384e+03
4.707241e+03 3.062384e+03
4.441785e+03 3.062384e+03
4.270411e+03 3.062384e+03
4.113748e+03 3.062384e+03
3.955127e+03 3.062384e+03
3.807686e+03 3.062384e+03
3.661446e+03 3.062384e+03
3.476052e+03 2.884354e+03
3.272959e+03 2.756109e+03
3.054026e+03 2.529053e+03
2.844463e+03 2.366071e+03
2.638592e+03 2.233655e+03
2.438779e+03 2.010174e+03
2.226011e+03 1.798792e+03
2.039717e+03 1.719362e+03
1.869605e+03 1.556902e+03
1.718489e+03 1.447820e+03
1.576351e+03 1.355288e+03
1.447142e+03 1.236372e+03
1.331395e+03 1.166036e+03
1.232969e+03 1.083316e+03
1.137030e+03 9.699811e+02
1.051143e+03 8.900543e+02
9.664061e+02 8.570237e+02
8.991313e+02 7.734230e+02
8.410386e+02 7.491241e+02
7.833505e+02 6.820989e+02
7.371920e+02 6.691079e+02
6.929181e+02 6.300800e+02
6.521069e+02 5.887875e+02
6.152557e+02 5.682219e+02
5.860748e+02 5.497322e+02
5.602718e+02 5.270375e+02
5.378786e+02 5.068668e+02
5.158897e+02 4.881910e+02
4.999503e+02 4.749428e+02
4.852382e+02 4.645339e+02
4.740128e+02 4.579196e+02
4.614171e+02 4.431019e+02
4.508072e+02 4.365727e+02
4.425566e+02 4.311486e+02
4.356435e+02 4.248574e+02
4.295786e+02 4.204542e+02
4.240292e+02 4.168043e+02
4.189063e+02 4.116063e+02
4.147493e+02 4.088019e+02
4.113576e+02 4.049263e+02
4.079779e+02 4.032178e+02
4.047468e+02 4.001733e+02
4.019789e+02 3.983884e+02
3.996431e+02 3.964726e+02
3.975716e+02 3.946281e+02
3.956872e+02 3.928002e+02
3.937265e+02 3.914646e+02
3.920601e+02 3.899738e+02
3.905715e+02 3.885068e+02
3.892901e+02 3.875524e+02
3.881098e+02 3.866016e+02
3.872531e+02 3.860545e+02
3.864846e+02 3.856084e+02
3.858449e+02 3.849904e+02
3.853028e+02 3.846017e+02
3.848117e+02 3.840500e+02
3.843850e+02 3.838846e+02
3.839805e+02 3.834828e+02
3.836558e+02 3.832906e+02
3.833748e+02 3.830284e+02
3.831476e+02 3.828692e+02
3.829565e+02 3.826935e+02
3.827813e+02 3.825193e+02
3.826293e+02 3.824265e+02
3.825040e+02 3.823294e+02
3.823904e+02 3.822172e+02
3.822770e+02 3.821209e+02
3.821733e+02 3.820501e+02
3.820922e+02 3.819982e+02
3.820226e+02 3.819043e+02
3.819642e+02 3.818703e+02
3.819138e+02 3.818386e+02
3.818734e+02 3.818101e+02
3.818393e+02 3.817803e+02
3.818087e+02 3.817589e+02
3.817808e+02 3.817388e+02
3.817604e+02 3.817155e+02
3.817407e+02 3.817054e+02
3.817237e+02 3.816839e+02
3.817070e+02 3.816713e+02
3.816952e+02 3.816633e+02
3.816824e+02 3.816543e+02
3.816736e+02 3.816474e+02
3.816659e+02 3.816426e+02
3.816601e+02 3.816359e+02
3.816545e+02 3.816307e+02
3.816502e+02 3.816279e+02
3.816469e+02 3.816240e+02
3.816447e+02 3.816184e+02
3.816429e+02 3.816165e+02
3.816414e+02 3.816158e+02
3.816405e+02 3.816141e+02
3.209129e+04 6.348670e+03
5.287289e+03 3.081614e+03
4.728334e+03 3.081614e+03
4.488739e+03 3.081614e+03
4.306313e+03 3.081614e+03
4.177959e+03 3.081614e+03
4.044888e+03 3.081614e+03
3.920756e+03 3.081614e+03
3.796363e+03 3.081614e+03
3.681222e+03 3.081614e+03
3.542493e+03 3.042004e+03
3.396843e+03 2.825817e+03
3.232709e+03 2.707751e+03
3.067625e+03 2.633287e+03
2.876141e+03 2.376480e+03
2.674486e+03 2.256380e+03
2.474661e+03 2.042918e+03
2.268352e+03 1.872331e+03
2.092592e+03 1.772588e+03
1.932620e+03 1.559796e+03
1.772355e+03 1.405822e+03
1.636482e+03 1.378483e+03
1.500129e+03 1.263934e+03
1.370844e+03 1.157461e+03
1.255502e+03 1.045936e+03
1.146448e+03 9.911945e+02
1.049095e+03 9.286369e+02
9.686065e+02 8.456242e+02
9.013256e+02 7.795873e+02
8.370993e+02 7.265005e+02
7.834560e+02 6.903588e+02
7.333962e+02 6.480957e+02
6.898825e+02 6.205542e+02
6.468404e+02 5.871660e+02
6.138882e+02 5.563923e+02
5.839288e+02 5.379811e+02
5.580431e+02 5.085703e+02
5.320675e+02 4.980304e+02
5.105834e+02 4.840006e+02
4.918040e+02 4.672040e+02
4.750246e+02 4.555180e+02
4.605168e+02 4.410012e+02
4.466329e+02 4.294252e+02
4.351759e+02 4.173255e+02
4.239232e+02 4.103122e+02
4.151867e+02 4.060121e+02
4.068328e+02 3.975201e+02
4.000102e+02 3.932032e+02
3.944710e+02 3.874980e+02
3.900595e+02 3.847368e+02
3.858754e+02 3.809804e+02
3.825545e+02 3.782883e+02
3.797212e+02 3.761844e+02
3.772695e+02 3.743105e+02
3.748746e+02 3.722400e+02
3.730684e+02 3.710812e+02
3.714476e+02 3.695616e+02
3.701173e+02 3.683998e+02
3.688061e+02 3.672670e+02
3.678099e+02 3.664361e+02
3.668676e+02 3.657541e+02
3.660627e+02 3.648758e+02
3.652891e+02 3.643216e+02
3.645838e+02 3.638802e+02
3.640210e+02 3.632080e+02
3.635476e+02 3.630153e+02
3.630438e+02 3.625840e+02
3.627030e+02 3.623303e+02
3.624218e+02 3.620163e+02
3.621852e+02 3.618516e+02
3.619872e+02 3.617497e+02
3.618255e+02 3.615842e+02
3.616609e+02 3.614871e+02
3.615355e+02 3.613844e+02
3.614255e+02 3.612868e+02
3.613296e+02 3.611956e+02
3.612459e+02 3.611387e+02
3.611748e+02 3.610751e+02
3.611103e+02 3.610236e+02
3.610574e+02 3.609898e+02
3.610079e+02 3.609354e+02
3.609653e+02 3.609139e+02
3.609331e+02 3.608861e+02
3.609060e+02 3.608598e+02
3.608851e+02 3.608455e+02
3.608664e+02 3.608298e+02
3.608515e+02 3.608123e+02
3.608354e+02 3.608040e+02
3.608220e+02 3.607948e+02
3.608107e+02 3.607798e+02
3.608016e+02 3.607764e+02
3.607938e+02 3.607712e+02
3.607879e+02 3.607646e+02
3.607820e+02 3.607611e+02
3.607772e+02 3.607550e+02
3.607736e+02 3.607523e+02
3.607709e+02 3.607487e+02
3.607687e+02 3.607455e+02
3.607670e+02 3.607438e+02
3.607658e+02 3.607430e+02
3.607650e+02 3.607413e+02
3.209129e+04 6.348670e+03
5.312924e+03 3.060741e+03
4.735610e+03 3.060741e+03
4.487226e+03 3.060741e+03
4.324126e+03 3.060741e+03
4.194778e+03 3.060741e+03
4.071357e+03 3.060741e+03
3.966443e+03 3.060741e+03
3.843972e+03 3.060741e+03
3.730555e+03 3.060741e+03
3.591162e+03 3.029604e+03
3.433426e+03 2.877230e+03
3.266782e+03 2.719755e+03
3.086710e+03 2.560396e+03
2.875630e+03 2.418649e+03
2.674984e+03 2.261163e+03
2.465645e+03 2.050378e+03
2.285472e+03 1.931321e+03
2.103578e+03 1.669307e+03
1.938774e+03 1.562018e+03
1.760700e+03 1.489930e+03
1.622892e+03 1.382673e+03
1.486048e+03 1.227942e+03
1.367270e+03 1.160532e+03
1.253602e+03 1.055090e+03
1.160650e+03 1.002321e+03
1.071969e+03 9.133740e+02
9.911503e+02 8.538463e+02
9.088491e+02 8.032032e+02
8.429734e+02 7.349311e+02
7.761135e+02 6.923284e+02
7.223128e+02 6.484496e+02
6.751589e+02 6.096803e+02
6.377418e+02 5.766868e+02
6.008278e+02 5.584680e+02
5.717339e+02 5.318932e+02
5.461958e+02 5.118264e+02
5.235589e+02 4.944830e+02
5.039677e+02 4.752526e+02
4.873904e+02 4.581042e+02
4.698833e+02 4.463936e+02
4.562531e+02 4.365849e+02
4.435159e+02 4.265001e+02
4.327404e+02 4.191402e+02
4.229743e+02 4.110945e+02
4.148703e+02 4.053462e+02
4.080462e+02 3.977218e+02
4.018372e+02 3.944918e+02
3.963085e+02 3.870706e+02
3.918959e+02 3.862346e+02
3.879235e+02 3.825677e+02
3.846003e+02 3.800688e+02
3.813693e+02 3.768944e+02
3.786536e+02 3.750032e+02
3.762984e+02 3.735352e+02
3.742810e+02 3.718647e+02
3.726124e+02 3.705438e+02
3.711797e+02 3.691843e+02
3.697571e+02 3.679303e+02
3.683877e+02 3.668893e+02
3.673111e+02 3.659515e+02
3.663783e+02 3.653043e+02
3.655636e+02 3.644876e+02
3.647656e+02 3.640223e+02
3.641538e+02 3.635037e+02
3.635958e+02 3.629549e+02
3.631708e+02 3.626866e+02
3.627859e+02 3.623922e+02
3.624861e+02 3.621126e+02
3.622078e+02 3.618965e+02
3.620029e+02 3.617454e+02
3.618128e+02 3.615932e+02
3.616558e+02 3.614545e+02
3.615345e+02 3.613547e+02
3.614238e+02 3.612802e+02
3.613333e+02 3.611958e+02
3.612439e+02 3.611255e+02
3.611731e+02 3.610730e+02
3.611061e+02 3.610186e+02
3.610530e+02 3.609707e+02
3.610064e+02 3.609389e+02
3.609670e+02 3.609095e+02
3.609375e+02 3.608868e+02
3.609107e+02 3.608557e+02
3.608886e+02 3.608404e+02
3.608685e+02 3.608311e+02
3.608516e+02 3.608180e+02
3.608365e+02 3.608050e+02
3.608237e+02 3.607987e+02
3.608127e+02 3.607807e+02
3.608030e+02 3.607748e+02
3.607949e+02 3.607692e+02
3.607877e+02 3.607573e+02
3.607811e+02 3.607550e+02
3.607760e+02 3.607510e+02
3.607722e+02 3.607462e+02
3.607686e+02 3.607393e+02
3.607660e+02 3.607386e+02
3.607638e+02 3.607362e+02
3.607626e+02 3.607341e+02
3.607613e+02 3.607328e+02
3.209129e+04 6.348670e+03
5.250438e+03 3.060733e+03
4.655042e+03 3.060733e+03
4.409603e+03 3.060733e+03
4.232438e+03 3.060733e+03
4.096908e+03 3.060733e+03
3.947329e+03 3.060733e+03
3.796448e+03 3.060733e+03
3.633539e+03 3.060733e+03
3.483966e+03 2.898445e+03
3.295931e+03 2.788872e+03
3.117436e+03 2.587090e+03
2.921306e+03 2.455043e+03
2.722643e+03 2.270006e+03
2.507220e+03 2.174444e+03
2.325362e+03 1.934338e+03
2.134995e+03 1.797238e+03
1.961680e+03 1.661856e+03
1.791674e+03 1.533732e+03
1.641386e+03 1.423596e+03
1.499991e+03 1.212235e+03
1.374455e+03 1.177038e+03
1.253418e+03 1.082605e+03
1.151084e+03 9.715074e+02
1.057994e+03 9.070304e+02
9.845784e+02 8.562504e+02
9.065570e+02 7.934352e+02
8.382490e+02 7.334051e+02
7.833737e+02 7.016887e+02
7.351176e+02 6.609758e+02
6.872700e+02 6.211750e+02
6.473511e+02 5.912225e+02
6.077057e+02 5.468419e+02
5.769953e+02 5.329738e+02
5.517538e+02 5.099426e+02
5.277494e+02 4.977796e+02
5.069170e+02 4.800093e+02
4.886534e+02 4.635860e+02
4.734231e+02 4.509950e+02
4.599361e+02 4.439174e+02
4.488334e+02 4.308733e+02
4.388436e+02 4.212196e+02
4.297341e+02 4.174118e+02
4.213573e+02 4.107943e+02
4.146247e+02 4.062311e+02
4.081503e+02 4.001950e+02
4.021869e+02 3.951183e+02
3.975045e+02 3.902626e+02
3.926861e+02 3.870787e+02
3.890072e+02 3.841637e+02
3.856693e+02 3.820221e+02
3.830415e+02 3.791114e+02
3.805624e+02 3.767098e+02
3.785292e+02 3.755512e+02
3.767779e+02 3.746489e+02
3.752536e+02 3.730912e+02
3.737215e+02 3.717171e+02
3.723785e+02 3.708755e+02
3.712928e+02 3.698477e+02
3.703169e+02 3.689802e+02
3.696142e+02 3.684052e+02
3.689309e+02 3.681237e+02
3.683363e+02 3.674519e+02
3.678801e+02 3.672769e+02
3.674767e+02 3.668984e+02
3.671206e+02 3.665510e+02
3.667333e+02 3.662304e+02
3.664193e+02 3.660540e+02
3.661583e+02 3.658596e+02
3.659481e+02 3.656734e+02
3.657543e+02 3.654907e+02
3.655823e+02 3.652675e+02
3.654055e+02 3.652017e+02
3.652578e+02 3.650861e+02
3.651340e+02 3.649968e+02
3.650304e+02 3.648796e+02
3.649432e+02 3.648085e+02
3.648678e+02 3.647628e+02
3.648038e+02 3.647060e+02
3.647463e+02 3.646663e+02
3.647013e+02 3.646206e+02
3.646600e+02 3.645889e+02
3.646242e+02 3.645635e+02
3.645913e+02 3.645355e+02
3.645637e+02 3.645115e+02
3.645425e+02 3.644966e+02
3.645251e+02 3.644854e+02
3.645101e+02 3.644707e+02
3.644960e+02 3.644621e+02
3.644850e+02 3.644504e+02
3.644752e+02 3.644421e+02
3.644663e+02 3.644376e+02
3.644575e+02 3.644278e+02
3.644511e+02 3.644196e+02
3.644453e+02 3.644172e+02
3.644409e+02 3.644150e+02
3.644378e+02 3.644111e+02
3.644350e+02 3.644068e+02
3.644326e+02 3.644050e+02
3.644314e+02 3.644022e+02
3.644303e+02 3.644005e+02
3.209129e+04 6.348670e+03
5.301035e+03 3.064401e+03
4.716031e+03 3.064401e+03
4.452134e+03 3.064401e+03
4.284597e+03 3.064401e+03
4.146568e+03 3.064401e+03
4.010416e+03 3.064401e+03
3.879667e+03 3.064401e+03
3.740019e+03 3.064401e+03
3.601531e+03 3.052359e+03
3.463042e+03 2.952641e+03
3.307436e+03 2.742418e+03
3.146466e+03 2.690433e+03
2.948722e+03 2.537182e+03
2.747974e+03 2.380062e+03
2.539441e+03 2.110799e+03
2.348703e+03 1.939772e+03
2.164734e+03 1.772444e+03
2.002089e+03 1.691402e+03
1.857999e+03 1.578616e+03
1.712884e+03 1.464171e+03
1.571085e+03 1.351584e+03
1.448096e+03 1.223764e+03
1.330512e+03 1.133946e+03
1.241155e+03 1.076165e+03
1.152601e+03 9.957536e+02
1.068067e+03 9.311524e+02
9.871623e+02 8.713165e+02
9.181496e+02 7.875135e+02
8.593541e+02 7.721111e+02
8.075794e+02 7.231134e+02
7.561582e+02 6.775110e+02
7.118086e+02 6.554062e+02
6.714225e+02 6.142819e+02
6.365983e+02 5.888183e+02
6.066278e+02 5.685900e+02
5.816040e+02 5.440668e+02
5.591567e+02 5.300639e+02
5.391126e+02 5.173528e+02
5.227035e+02 5.007334e+02
5.093759e+02 4.909359e+02
4.978547e+02 4.785324e+02
4.868656e+02 4.682950e+02
4.773942e+02 4.633350e+02
4.684876e+02 4.565716e+02
4.606950e+02 4.484640e+02
4.533266e+02 4.447279e+02
4.471117e+02 4.376557e+02
4.408484e+02 4.318013e+02
4.353840e+02 4.275344e+02
4.304334e+02 4.240931e+02
4.266619e+02 4.207363e+02
4.228727e+02 4.188256e+02
4.200509e+02 4.150859e+02
4.172979e+02 4.141944e+02
4.150148e+02 4.121553e+02
4.130570e+02 4.107789e+02
4.115149e+02 4.092227e+02
4.100971e+02 4.082160e+02
4.089584e+02 4.073101e+02
4.079397e+02 4.066460e+02
4.070451e+02 4.055187e+02
4.061955e+02 4.051822e+02
4.055307e+02 4.046977e+02
4.049257e+02 4.038791e+02
4.043579e+02 4.035818e+02
4.038181e+02 4.032232e+02
4.033465e+02 4.027493e+02
4.029661e+02 4.025407e+02
4.026541e+02 4.022750e+02
4.023809e+02 4.020374e+02
4.021479e+02 4.019130e+02
4.019439e+02 4.017073e+02
4.018033e+02 4.015499e+02
4.016613e+02 4.015108e+02
4.015447e+02 4.014048e+02
4.014297e+02 4.012774e+02
4.013412e+02 4.012275e+02
4.012710e+02 4.011712e+02
4.012066e+02 4.011260e+02
4.011567e+02 4.010838e+02
4.011115e+02 4.010461e+02
4.010761e+02 4.010168e+02
4.010434e+02 4.009829e+02
4.010144e+02 4.009708e+02
4.009873e+02 4.009387e+02
4.009664e+02 4.009166e+02
4.009474e+02 4.009070e+02
4.009306e+02 4.008942e+02
4.009162e+02 4.008883e+02
4.009048e+02 4.008745e+02
4.008956e+02 4.008688e+02
4.008878e+02 4.008580e+02
4.008821e+02 4.008565e+02
4.008771e+02 4.008488e+02
4.008728e+02 4.008451e+02
4.008696e+02 4.008418e+02
4.008668e+02 4.008396e+02
4.008650e+02 4.008396e+02
4.008637e+02 4.008325e+02
4.008628e+02 4.008320e+02
3.209129e+04 6.348670e+03
5.293241e+03 3.100832e+03
4.741110e+03 3.100832e+03
4.472116e+03 3.100832e+03
4.297224e+03 3.100832e+03
4.152983e+03 3.100832e+03
4.018996e+03 3.100832e+03
3.897713e+03 3.100832e+03
3.767222e+03 3.100832e+03
3.618746e+03 3.028631e+03
3.458103e+03 2.832281e+03
3.289199e+03 2.759844e+03
3.113039e+03 2.661239e+03
2.904721e+03 2.423962e+03
2.717139e+03 2.243767e+03
2.492034e+03 2.000167e+03
2.305271e+03 1.936088e+03
2.110389e+03 1.735064e+03
1.948596e+03 1.617649e+03
1.788253e+03 1.501708e+03
1.631443e+03 1.371678e+03
1.492361e+03 1.246858e+03
1.366573e+03 1.186752e+03
1.262129e+03 1.093829e+03
1.170521e+03 1.003206e+03
1.081745e+03 9.260853e+02
1.003561e+03 8.657664e+02
9.271562e+02 8.195632e+02
8.678629e+02 7.645956e+02
8.085396e+02 7.167900e+02
7.560475e+02 6.761463e+02
7.092695e+02 6.355161e+02
6.693060e+02 6.180498e+02
6.353138e+02 5.692557e+02
6.048008e+02 5.593774e+02
5.807815e+02 5.448288e+02
5.572031e+02 5.280729e+02
5.377664e+02 5.080631e+02
5.180018e+02 4.889620e+02
5.016440e+02 4.770736e+02
4.880345e+02 4.677672e+02
4.742653e+02 4.541938e+02
4.636524e+02 4.495370e+02
4.538564e+02 4.425988e+02
4.461841e+02 4.361659e+02
4.392912e+02 4.294168e+02
4.332479e+02 4.241486e+02
4.276547e+02 4.198137e+02
4.230672e+02 4.168562e+02
4.185291e+02 4.116307e+02
4.147098e+02 4.100749e+02
4.113585e+02 4.070466e+02
4.085768e+02 4.053303e+02
4.061652e+02 4.035439e+02
4.041675e+02 4.015852e+02
4.025455e+02 4.001050e+02
4.010217e+02 3.990408e+02
3.996452e+02 3.978318e+02
3.981314e+02 3.967008e+02
3.970622e+02 3.957948e+02
3.961242e+02 3.949958e+02
3.953411e+02 3.943208e+02
3.946247e+02 3.938997e+02
3.940632e+02 3.934295e+02
3.935229e+02 3.929425e+02
3.930685e+02 3.926086e+02
3.927167e+02 3.923745e+02
3.924269e+02 3.921131e+02
3.921703e+02 3.918993e+02
3.919672e+02 3.917462e+02
3.917852e+02 3.915588e+02
3.916410e+02 3.914565e+02
3.915269e+02 3.913970e+02
3.914353e+02 3.913054e+02
3.913466e+02 3.912281e+02
3.912821e+02 3.911614e+02
3.912193e+02 3.911290e+02
3.911644e+02 3.910895e+02
3.911148e+02 3.910463e+02
3.910787e+02 3.910220e+02
3.910447e+02 3.909947e+02
3.910145e+02 3.909713e+02
3.909859e+02 3.909400e+02
3.909626e+02 3.909264e+02
3.909449e+02 3.909129e+02
3.909271e+02 3.908979e+02
3.909129e+02 3.908885e+02
3.909005e+02 3.908782e+02
3.908903e+02 3.908676e+02
3.908809e+02 3.908596e+02
3.908738e+02 3.908546e+02
3.908678e+02 3.908495e+02
3.908636e+02 3.908454e+02
3.908600e+02 3.908444e+02
3.908569e+02 3.908421e+02
3.908547e+02 3.908397e+02
3.908531e+02 3.908366e+02
3.908516e+02 3.908358e+02
3.908505e+02 3.908327e+02
3.908496e+02 3.908315e+02
3.908491e+02 3.908305e+02
3.209129e+04 6.348670e+03
5.291009e+03 3.090830e+03
4.717990e+03 3.090830e+03
4.477030e+03 3.090830e+03
4.310397e+03 3.090830e+03
4.155325e+03 3.090830e+03
3.989796e+03 3.090830e+03
3.868127e+03 3.090830e+03
3.715575e+03 3.090830e+03
3.572280e+03 2.996514e+03
3.400342e+03 2.723197e+03
3.221215e+03 2.693768e+03
3.035744e+03 2.499575e+03
2.847638e+03 2.357945e+03
2.656613e+03 2.269236e+03
2.468837e+03 2.092679e+03
2.254317e+03 1.919288e+03
2.085070e+03 1.659436e+03
1.909665e+03 1.510111e+03
1.757745e+03 1.474845e+03
1.598945e+03 1.351343e+03
1.460722e+03 1.263642e+03
1.343292e+03 1.148293e+03
1.245381e+03 1.038538e+03
1.144425e+03 9.880520e+02
1.057514e+03 9.319992e+02
9.803373e+02 8.504474e+02
9.009846e+02 7.961463e+02
8.309857e+02 7.429056e+02
7.765360e+02 6.910789e+02
7.201047e+02 6.429215e+02
6.759307e+02 6.238750e+02
6.340186e+02 5.844585e+02
6.036941e+02 5.645749e+02
5.743616e+02 5.329707e+02
5.488596e+02 5.056339e+02
5.248990e+02 4.857702e+02
5.031079e+02 4.781484e+02
4.831644e+02 4.574411e+02
4.682870e+02 4.467942e+02
4.536240e+02 4.355354e+02
4.430120e+02 4.265079e+02
4.322056e+02 4.138299e+02
4.232223e+02 4.110991e+02
4.153967e+02 4.037767e+02
4.076799e+02 3.966164e+02
4.003235e+02 3.919665e+02
3.945274e+02 3.860913e+02
3.890961e+02 3.818346e+02
3.844000e+02 3.792234e+02
3.806571e+02 3.762769e+02
3.774597e+02 3.735487e+02
3.746096e+02 3.713725e+02
3.723251e+02 3.694291e+02
3.703216e+02 3.677433e+02
3.686384e+02 3.659820e+02
3.670467e+02 3.652963e+02
3.657950e+02 3.641510e+02
3.646697e+02 3.629776e+02
3.636783e+02 3.623442e+02
3.628440e+02 3.617690e+02
3.621203e+02 3.612551e+02
3.615057e+02 3.606868e+02
3.609937e+02 3.603650e+02
3.605706e+02 3.599979e+02
3.602204e+02 3.596586e+02
3.599061e+02 3.594477e+02
3.596141e+02 3.592888e+02
3.593727e+02 3.590127e+02
3.591671e+02 3.588906e+02
3.589526e+02 3.586852e+02
3.587819e+02 3.585465e+02
3.586223e+02 3.584327e+02
3.584882e+02 3.583484e+02
3.583800e+02 3.582436e+02
3.582961e+02 3.581809e+02
3.582165e+02 3.581114e+02
3.581519e+02 3.580682e+02
3.580942e+02 3.580105e+02
3.580477e+02 3.579858e+02
3.580016e+02 3.579403e+02
3.579647e+02 3.579165e+02
3.579321e+02 3.578814e+02
3.579059e+02 3.578618e+02
3.578815e+02 3.578390e+02
3.578615e+02 3.578267e+02
3.578425e+02 3.578034e+02
3.578248e+02 3.577932e+02
3.578096e+02 3.577792e+02
3.577978e+02 3.577699e+02
3.577874e+02 3.577644e+02
3.577794e+02 3.577589e+02
3.577725e+02 3.577500e+02
3.577672e+02 3.577481e+02
3.577631e+02 3.577437e+02
3.577596e+02 3.577385e+02
3.577571e+02 3.577373e+02
3.577552e+02 3.577353e+02
3.577536e+02 3.577335e+02
3.577526e+02 3.577322e+02
3.577519e+02 3.577288e+02
3.209129e+04 6.348670e+03
5.255733e+03 3.057729e+03
4.712799e+03 3.057729e+03
4.465737e+03 3.057729e+03
4.291230e+03 3.057729e+03
4.156616e+03 3.057729e+03
4.031857e+03 3.057729e+03
3.895981e+03 3.057729e+03
3.776220e+03 3.057729e+03
3.635262e+03 3.053624e+03
3.494723e+03 2.863113e+03
3.329545e+03 2.742482e+03
3.164091e+03 2.642785e+03
2.975634e+03 2.381700e+03
2.789630e+03 2.249399e+03
2.579937e+03 2.192468e+03
2.391593e+03 1.996006e+03
2.197041e+03 1.747052e+03
2.014810e+03 1.719174e+03
1.826926e+03 1.529558e+03
1.677859e+03 1.445147e+03
1.538538e+03 1.297382e+03
1.404935e+03 1.201310e+03
1.299631e+03 1.140036e+03
1.189959e+03 1.012112e+03
1.098021e+03 9.580832e+02
1.018667e+03 8.877611e+02
9.443146e+02 8.076651e+02
8.712335e+02 7.646692e+02
8.109384e+02 7.322837e+02
7.568922e+02 6.623321e+02
7.071136e+02 6.492564e+02
6.652717e+02 6.053993e+02
6.256439e+02 5.756719e+02
5.929601e+02 5.502631e+02
5.640026e+02 5.183031e+02
5.370554e+02 5.051307e+02
5.154198e+02 4.767572e+02
4.950863e+02 4.702553e+02
4.783025e+02 4.491639e+02
4.626082e+02 4.441455e+02
4.494744e+02 4.304977e+02
4.370753e+02 4.225434e+02
4.266353e+02 4.135726e+02
4.174927e+02 4.047028e+02
4.090598e+02 3.966497e+02
4.025285e+02 3.920078e+02
3.954647e+02 3.856980e+02
3.901183e+02 3.828218e+02
3.849747e+02 3.785807e+02
3.808313e+02 3.754209e+02
3.771422e+02 3.727324e+02
3.739462e+02 3.686614e+02
3.710030e+02 3.671287e+02
3.684581e+02 3.653201e+02
3.662532e+02 3.631546e+02
3.642908e+02 3.615567e+02
3.627043e+02 3.603510e+02
3.613797e+02 3.596203e+02
3.602765e+02 3.586623e+02
3.592051e+02 3.576372e+02
3.582474e+02 3.569884e+02
3.573098e+02 3.561414e+02
3.565394e+02 3.555575e+02
3.557956e+02 3.548724e+02
3.552196e+02 3.544840e+02
3.546869e+02 3.540739e+02
3.542537e+02 3.535809e+02
3.539028e+02 3.534218e+02
3.535606e+02 3.532033e+02
3.533079e+02 3.530110e+02
3.530988e+02 3.528390e+02
3.529131e+02 3.526569e+02
3.527426e+02 3.524836e+02
3.525925e+02 3.524221e+02
3.524622e+02 3.523008e+02
3.523645e+02 3.522503e+02
3.522882e+02 3.521408e+02
3.522104e+02 3.521049e+02
3.521517e+02 3.520661e+02
3.521006e+02 3.520271e+02
3.520593e+02 3.519922e+02
3.520163e+02 3.519550e+02
3.519798e+02 3.519211e+02
3.519460e+02 3.518901e+02
3.519182e+02 3.518786e+02
3.518955e+02 3.518441e+02
3.518750e+02 3.518315e+02
3.518555e+02 3.518175e+02
3.518393e+02 3.518047e+02
3.518255e+02 3.517897e+02
3.518135e+02 3.517772e+02
3.518039e+02 3.517707e+02
3.517959e+02 3.517664e+02
3.517889e+02 3.517592e+02
3.517840e+02 3.517547e+02
3.517806e+02 3.517475e+02
3.517775e+02 3.517461e+02
3.517750e+02 3.517443e+02
3.517734e+02 3.517427e+02
3.517722e+02 3.517406e+02
3.209129e+04 6.348670e+03
5.359399e+03 3.051741e+03
4.744601e+03 3.051741e+03
4.492991e+03 3.051741e+03
4.331122e+03 3.051741e+03
4.177436e+03 3.051741e+03
4.036780e+03 3.051741e+03
3.911377e+03 3.051741e+03
3.776882e+03 3.051741e+03
3.630396e+03 3.051741e+03
3.478782e+03 2.851097e+03
3.308959e+03 2.720403e+03
3.150222e+03 2.643001e+03
2.941975e+03 2.496502e+03
2.743183e+03 2.328830e+03
2.532151e+03 2.069149e+03
2.329176e+03 1.982886e+03
2.133146e+03 1.807923e+03
1.952377e+03 1.638035e+03
1.782334e+03 1.506293e+03
1.625823e+03 1.349338e+03
1.473508e+03 1.197983e+03
1.349629e+03 1.174128e+03
1.241261e+03 1.062741e+03
1.148557e+03 9.995528e+02
1.064643e+03 9.221308e+02
9.785728e+02 8.310651e+02
9.042838e+02 8.022291e+02
8.406746e+02 7.453102e+02
7.876399e+02 7.049330e+02
7.422509e+02 6.619031e+02
6.972886e+02 6.218110e+02
6.586310e+02 6.017631e+02
6.204102e+02 5.700532e+02
5.868362e+02 5.446794e+02
5.576563e+02 5.127739e+02
5.295767e+02 4.964659e+02
5.063352e+02 4.757534e+02
4.847011e+02 4.597067e+02
4.666999e+02 4.440829e+02
4.517689e+02 4.300456e+02
4.379417e+02 4.156835e+02
4.263602e+02 4.107478e+02
4.159790e+02 4.007602e+02
4.070725e+02 3.945651e+02
4.000804e+02 3.907719e+02
3.933111e+02 3.841421e+02
3.870728e+02 3.794662e+02
3.813760e+02 3.751435e+02
3.764733e+02 3.705060e+02
3.722252e+02 3.668635e+02
3.686831e+02 3.646494e+02
3.655799e+02 3.617707e+02
3.627608e+02 3.595140e+02
3.604616e+02 3.573283e+02
3.585407e+02 3.561888e+02
3.569241e+02 3.543210e+02
3.553292e+02 3.533089e+02
3.539803e+02 3.521894e+02
3.526839e+02 3.511830e+02
3.516593e+02 3.504384e+02
3.508064e+02 3.496568e+02
3.501273e+02 3.490307e+02
3.495048e+02 3.484007e+02
3.489182e+02 3.480765e+02
3.483891e+02 3.475645e+02
3.479060e+02 3.472927e+02
3.475174e+02 3.469871e+02
3.471604e+02 3.467585e+02
3.468582e+02 3.465194e+02
3.465917e+02 3.462738e+02
3.463743e+02 3.460776e+02
3.461757e+02 3.459625e+02
3.460259e+02 3.457989e+02
3.458701e+02 3.456720e+02
3.457416e+02 3.455616e+02
3.456196e+02 3.454472e+02
3.455160e+02 3.453788e+02
3.454304e+02 3.453196e+02
3.453619e+02 3.452425e+02
3.453074e+02 3.451722e+02
3.452593e+02 3.451689e+02
3.452117e+02 3.451265e+02
3.451747e+02 3.450985e+02
3.451381e+02 3.450606e+02
3.451067e+02 3.450435e+02
3.450799e+02 3.450157e+02
3.450557e+02 3.450047e+02
3.450339e+02 3.449815e+02
3.450150e+02 3.449663e+02
3.449988e+02 3.449414e+02
3.449856e+02 3.449369e+02
3.449753e+02 3.449325e+02
3.449652e+02 3.449217e+02
3.449580e+02 3.449160e+02
3.449518e+02 3.449108e+02
3.449467e+02 3.449042e+02
3.449426e+02 3.449010e+02
3.449397e+02 3.448956e+02
3.449378e+02 3.448919e+02
3.449364e+02 3.448877e+02
3.209129e+04 6.348670e+03
5.253981e+03 3.044888e+03
4.749760e+03 3.044888e+03
4.497691e+03 3.044888e+03
4.329371e+03 3.044888e+03
4.164362e+03 3.044888e+03
4.024429e+03 3.044888e+03
3.864078e+03 3.044888e+03
3.706430e+03 3.044888e+03
3.539917e+03 2.985343e+03
3.376491e+03 2.887982e+03
3.161809e+03 2.658370e+03
2.956920e+03 2.481627e+03
2.726385e+03 2.248831e+03
2.526229e+03 2.070014e+03
2.314556e+03 1.870723e+03
2.130958e+03 1.783667e+03
1.953277e+03 1.637840e+03
1.781097e+03 1.457714e+03
1.623660e+03 1.346292e+03
1.472591e+03 1.244715e+03
1.331661e+03 1.154823e+03
1.227512e+03 1.044524e+03
1.121988e+03 9.556578e+02
1.027696e+03 8.684179e+02
9.456074e+02 7.914210e+02
8.709741e+02 7.528834e+02
8.021595e+02 7.073734e+02
7.432351e+02 6.612690e+02
6.878033e+02 5.998296e+02
6.388529e+02 5.783963e+02
5.977031e+02 5.382313e+02
5.626586e+02 5.140036e+02
5.309076e+02 4.860161e+02
5.054423e+02 4.669596e+02
4.805470e+02 4.465421e+02
4.596663e+02 4.323072e+02
4.405220e+02 4.153580e+02
4.251393e+02 4.015112e+02
4.107511e+02 3.932501e+02
3.995648e+02 3.844924e+02
3.891301e+02 3.753855e+02
3.801387e+02 3.673518e+02
3.717261e+02 3.609092e+02
3.647810e+02 3.556383e+02
3.586248e+02 3.489651e+02
3.530227e+02 3.470733e+02
3.481389e+02 3.426491e+02
3.442862e+02 3.388082e+02
3.406296e+02 3.355381e+02
3.370296e+02 3.334472e+02
3.337364e+02 3.301121e+02
3.312542e+02 3.284238e+02
3.291266e+02 3.267321e+02
3.274318e+02 3.244240e+02
3.258446e+02 3.239530e+02
3.244268e+02 3.223841e+02
3.233372e+02 3.221375e+02
3.224034e+02 3.212172e+02
3.215288e+02 3.204003e+02
3.208187e+02 3.199766e+02
3.201165e+02 3.192768e+02
3.195612e+02 3.189482e+02
3.190675e+02 3.185946e+02
3.186333e+02 3.181656e+02
3.182221e+02 3.178102e+02
3.179133e+02 3.175500e+02
3.176416e+02 3.173601e+02
3.174272e+02 3.171852e+02
3.172536e+02 3.170119e+02
3.170978e+02 3.169240e+02
3.169626e+02 3.168078e+02
3.168622e+02 3.167446e+02
3.167618e+02 3.166437e+02
3.166878e+02 3.165952e+02
3.166205e+02 3.165176e+02
3.165694e+02 3.164886e+02
3.165157e+02 3.164367e+02
3.164775e+02 3.164223e+02
3.164422e+02 3.163902e+02
3.164161e+02 3.163717e+02
3.163933e+02 3.163377e+02
3.163707e+02 3.163334e+02
3.163490e+02 3.163146e+02
3.163301e+02 3.162997e+02
3.163146e+02 3.162893e+02
3.163023e+02 3.162786e+02
3.162911e+02 3.162715e+02
3.162831e+02 3.162652e+02
3.162766e+02 3.162592e+02
3.162705e+02 3.162547e+02
3.162657e+02 3.162509e+02
3.162619e+02 3.162459e+02
3.162589e+02 3.162442e+02
3.162561e+02 3.162392e+02
3.162537e+02 3.162389e+02
3.162520e+02 3.162369e+02
3.162507e+02 3.162340e+02
3.162497e+02 3.162338e+02
3.162489e+02 3.162332e+02
3.162483e+02 3.162312e+02
