2.064008e+10 6.882245e+09
5.034011e+09 2.319929e+09
2.306184e+09 6.671360e+08
1.064947e+09 3.628677e+08
4.751761e+08 1.024680e+08
2.281993e+08 6.300393e+07
1.049110e+08 3.808287e+07
5.657276e+07 1.429054e+07
3.020400e+07 9.774669e+06
1.583689e+07 5.382123e+06
9.426935e+06 2.145420e+06
6.163425e+06 1.718493e+06
4.079760e+06 1.121937e+06
2.810354e+06 7.357512e+05
2.184120e+06 5.717574e+05
1.646185e+06 4.439916e+05
1.292468e+06 4.076515e+05
1.037742e+06 3.210781e+05
8.684946e+05 2.849235e+05
6.980416e+05 2.317782e+05
5.853352e+05 1.887587e+05
4.873807e+05 1.762305e+05
4.124548e+05 1.286978e+05
3.520883e+05 1.176550e+05
2.996777e+05 1.057768e+05
2.599909e+05 9.476521e+04
2.265251e+05 8.208419e+04
1.982755e+05 7.115652e+04
1.784187e+05 6.388298e+04
1.596243e+05 5.814271e+04
1.433029e+05 5.320514e+04
1.284406e+05 5.004440e+04
1.147905e+05 4.600449e+04
1.037219e+05 4.435229e+04
9.525984e+04 3.706576e+04
8.767314e+04 3.629737e+04
7.891775e+04 3.399444e+04
7.231147e+04 2.884133e+04
6.653045e+04 2.836203e+04
6.087821e+04 2.808492e+04
5.627104e+04 2.615230e+04
5.067800e+04 2.298373e+04
4.630585e+04 2.294155e+04
4.202164e+04 2.202864e+04
3.806011e+04 2.055222e+04
3.494334e+04 1.982122e+04
3.177114e+04 1.708773e+04
2.862567e+04 1.682526e+04
2.600209e+04 1.606116e+04
2.344141e+04 1.464053e+04
2.113807e+04 1.363770e+04
1.894733e+04 1.115704e+04
1.694957e+04 9.557479e+03
1.504242e+04 9.443336e+03
1.343242e+04 8.608704e+03
1.174531e+04 7.551554e+03
1.042351e+04 7.073419e+03
9.107053e+03 6.088017e+03
8.209241e+03 5.639536e+03
7.337210e+03 5.370991e+03
6.618233e+03 4.983333e+03
6.024857e+03 4.594065e+03
5.583148e+03 4.334058e+03
5.131343e+03 4.063387e+03
4.770027e+03 3.955331e+03
4.492018e+03 3.744119e+03
4.239001e+03 3.639064e+03
4.013118e+03 3.450918e+03
3.829210e+03 3.296450e+03
3.665961e+03 3.176644e+03
3.513003e+03 3.061833e+03
3.389926e+03 2.959151e+03
3.281544e+03 2.886128e+03
3.177753e+03 2.805423e+03
3.078532e+03 2.670736e+03
2.992823e+03 2.625649e+03
2.895433e+03 2.544252e+03
2.810317e+03 2.491381e+03
2.727578e+03 2.422456e+03
2.655194e+03 2.362775e+03
2.595672e+03 2.278674e+03
2.544058e+03 2.278515e+03
2.495216e+03 2.265181e+03
2.451707e+03 2.234860e+03
2.416790e+03 2.228070e+03
2.382775e+03 2.200740e+03
2.354277e+03 2.185814e+03
2.292744e+03 2.157234e+03
2.254627e+03 2.150390e+03
2.221252e+03 2.119979e+03
2.202338e+03 2.107054e+03
2.187624e+03 2.083381e+03
2.173507e+03 2.080007e+03
2.159060e+03 2.063181e+03
2.148072e+03 2.057901e+03
2.138148e+03 2.048906e+03
2.131370e+03 2.041528e+03
2.125990e+03 2.033132e+03
2.119396e+03 2.026642e+03
2.115036e+03 2.024875e+03
2.112291e+03 2.016148e+03
2.064008e+10 6.882245e+09
4.963898e+09 4.921155e+03
2.325058e+09 4.921155e+03
1.090629e+09 4.921155e+03
5.249755e+08 4.921155e+03
2.357339e+08 4.921155e+03
1.131948e+08 4.921155e+03
5.456092e+07 4.921155e+03
2.977189e+07 4.921155e+03
1.611602e+07 4.921155e+03
9.591610e+06 4.921155e+03
5.965058e+06 4.921155e+03
4.055290e+06 4.921155e+03
2.864741e+06 4.921155e+03
2.128422e+06 4.921155e+03
1.587876e+06 4.921155e+03
1.208862e+06 4.921155e+03
9.393728e+05 4.921155e+03
7.669250e+05 4.921155e+03
6.059788e+05 4.921155e+03
4.990867e+05 4.921155e+03
4.232039e+05 4.921155e+03
3.597001e+05 4.921155e+03
3.063651e+05 4.921155e+03
2.674963e+05 4.921155e+03
2.329196e+05 4.921155e+03
2.051904e+05 4.921155e+03
1.793980e+05 4.921155e+03
1.630532e+05 4.921155e+03
1.448417e+05 4.921155e+03
1.289318e+05 4.921155e+03
1.171797e+05 4.921155e+03
1.063187e+05 4.921155e+03
9.571332e+04 4.921155e+03
8.762135e+04 4.921155e+03
8.040662e+04 4.921155e+03
7.402452e+04 4.921155e+03
6.756045e+04 4.921155e+03
6.130575e+04 4.921155e+03
5.581420e+04 4.921155e+03
5.102836e+04 4.921155e+03
4.652280e+04 4.921155e+03
4.275917e+04 4.921155e+03
3.894357e+04 4.921155e+03
3.573439e+04 4.921155e+03
3.260333e+04 4.921155e+03
2.980445e+04 4.921155e+03
2.717431e+04 4.921155e+03
2.444843e+04 4.921155e+03
2.236088e+04 4.921155e+03
2.017772e+04 4.921155e+03
1.814501e+04 4.921155e+03
1.623951e+04 4.921155e+03
1.472244e+04 4.921155e+03
1.339681e+04 4.921155e+03
1.217332e+04 4.921155e+03
1.100761e+04 4.921155e+03
1.000915e+04 4.921155e+03
9.085821e+03 4.921155e+03
8.215893e+03 4.921155e+03
7.465229e+03 4.921155e+03
7.029088e+03 4.921155e+03
6.594195e+03 4.921155e+03
6.172587e+03 4.921155e+03
5.757730e+03 4.857247e+03
5.423244e+03 4.599171e+03
5.071039e+03 4.346332e+03
4.712808e+03 3.895818e+03
4.383392e+03 3.614448e+03
4.074953e+03 3.399378e+03
3.815389e+03 3.189938e+03
3.582104e+03 3.048633e+03
3.412991e+03 2.896705e+03
3.247167e+03 2.795274e+03
3.100709e+03 2.645201e+03
2.961578e+03 2.588973e+03
2.860941e+03 2.539327e+03
2.767801e+03 2.451363e+03
2.696392e+03 2.431603e+03
2.632770e+03 2.383546e+03
2.578111e+03 2.339236e+03
2.533685e+03 2.295910e+03
2.495839e+03 2.270591e+03
2.457387e+03 2.252148e+03
2.427237e+03 2.207277e+03
2.372144e+03 2.203100e+03
2.320697e+03 2.187286e+03
2.280192e+03 2.164336e+03
2.252486e+03 2.136497e+03
2.227354e+03 2.104180e+03
2.203426e+03 2.094845e+03
2.180108e+03 2.068729e+03
2.160838e+03 2.055602e+03
2.143276e+03 2.044164e+03
2.128280e+03 2.027643e+03
2.117630e+03 2.016583e+03
2.106862e+03 1.997455e+03
2.100227e+03 1.990122e+03
2.094776e+03 1.985621e+03
2.089155e+03 1.974295e+03
2.085863e+03 1.964095e+03
2.064008e+10 6.882245e+09
4.916502e+09 4.864095e+03
2.101674e+09 4.864095e+03
9.358704e+08 4.864095e+03
4.209264e+08 4.864095e+03
2.056857e+08 4.864095e+03
1.024608e+08 4.864095e+03
5.296006e+07 4.864095e+03
2.826955e+07 4.864095e+03
1.672190e+07 4.864095e+03
1.023642e+07 4.864095e+03
6.651172e+06 4.864095e+03
4.518709e+06 4.864095e+03
3.226381e+06 4.864095e+03
2.366908e+06 4.864095e+03
1.738728e+06 4.864095e+03
1.315223e+06 4.864095e+03
1.038618e+06 4.864095e+03
8.404021e+05 4.864095e+03
6.903660e+05 4.864095e+03
5.767586e+05 4.864095e+03
4.877224e+05 4.864095e+03
4.160172e+05 4.864095e+03
3.594537e+05 4.864095e+03
3.119409e+05 4.864095e+03
2.774466e+05 4.864095e+03
2.471467e+05 4.864095e+03
2.192138e+05 4.864095e+03
1.942985e+05 4.864095e+03
1.752626e+05 4.864095e+03
1.548288e+05 4.864095e+03
1.400224e+05 4.864095e+03
1.250153e+05 4.864095e+03
1.140783e+05 4.864095e+03
1.019794e+05 4.864095e+03
9.339973e+04 4.864095e+03
8.470238e+04 4.864095e+03
7.753323e+04 4.864095e+03
7.079255e+04 4.864095e+03
6.512841e+04 4.864095e+03
5.922918e+04 4.864095e+03
5.357696e+04 4.864095e+03
4.921054e+04 4.864095e+03
4.447814e+04 4.864095e+03
4.018688e+04 4.864095e+03
3.627865e+04 4.864095e+03
3.256577e+04 4.864095e+03
2.839850e+04 4.864095e+03
2.505746e+04 4.864095e+03
2.183624e+04 4.864095e+03
1.889039e+04 4.864095e+03
1.657498e+04 4.864095e+03
1.471147e+04 4.864095e+03
1.278594e+04 4.864095e+03
1.147397e+04 4.864095e+03
1.030341e+04 4.864095e+03
9.307337e+03 4.864095e+03
8.292633e+03 4.864095e+03
7.501578e+03 4.864095e+03
6.779324e+03 4.864095e+03
6.168768e+03 4.809371e+03
5.570816e+03 4.328108e+03
5.102769e+03 4.120103e+03
4.705899e+03 3.853432e+03
4.375712e+03 3.653939e+03
4.082094e+03 3.471686e+03
3.875315e+03 3.261282e+03
3.626375e+03 2.992899e+03
3.423911e+03 2.903254e+03
3.229115e+03 2.773328e+03
3.089844e+03 2.650186e+03
2.968237e+03 2.535848e+03
2.849739e+03 2.447283e+03
2.740769e+03 2.349282e+03
2.655684e+03 2.290376e+03
2.577482e+03 2.225980e+03
2.512233e+03 2.193574e+03
2.445988e+03 2.170292e+03
2.402168e+03 2.151695e+03
2.311722e+03 2.125386e+03
2.220655e+03 2.058997e+03
2.156373e+03 2.034697e+03
2.113279e+03 1.994820e+03
2.077577e+03 1.967868e+03
2.045409e+03 1.942289e+03
2.020844e+03 1.927263e+03
2.000830e+03 1.920923e+03
1.981313e+03 1.905533e+03
1.966769e+03 1.892586e+03
1.952352e+03 1.886447e+03
1.942044e+03 1.878363e+03
1.933723e+03 1.870519e+03
1.927529e+03 1.855926e+03
1.921784e+03 1.854630e+03
1.916055e+03 1.850406e+03
1.909909e+03 1.844372e+03
1.905014e+03 1.839654e+03
1.901707e+03 1.835732e+03
1.898791e+03 1.829200e+03
1.896676e+03 1.824861e+03
1.894560e+03 1.822384e+03
2.064008e+10 6.882245e+09
5.006339e+09 4.722384e+03
2.430653e+09 4.722384e+03
1.149726e+09 4.722384e+03
5.099429e+08 4.722384e+03
2.395043e+08 4.722384e+03
1.090446e+08 4.722384e+03
5.678255e+07 4.722384e+03
3.147501e+07 4.722384e+03
1.784332e+07 4.722384e+03
1.055658e+07 4.722384e+03
6.586517e+06 4.722384e+03
4.451716e+06 4.722384e+03
3.214471e+06 4.722384e+03
2.296622e+06 4.722384e+03
1.731010e+06 4.722384e+03
1.365255e+06 4.722384e+03
1.109964e+06 4.722384e+03
8.970288e+05 4.722384e+03
7.304677e+05 4.722384e+03
6.055401e+05 4.722384e+03
5.094451e+05 4.722384e+03
4.329546e+05 4.722384e+03
3.697281e+05 4.722384e+03
3.198404e+05 4.722384e+03
2.762042e+05 4.722384e+03
2.441366e+05 4.722384e+03
2.224347e+05 4.722384e+03
1.978805e+05 4.722384e+03
1.750048e+05 4.722384e+03
1.557205e+05 4.722384e+03
1.399261e+05 4.722384e+03
1.259004e+05 4.722384e+03
1.146416e+05 4.722384e+03
1.044804e+05 4.722384e+03
9.351477e+04 4.722384e+03
8.478609e+04 4.722384e+03
7.698563e+04 4.722384e+03
6.958986e+04 4.722384e+03
6.297483e+04 4.722384e+03
5.750986e+04 4.722384e+03
5.184256e+04 4.722384e+03
4.653052e+04 4.722384e+03
4.153617e+04 4.722384e+03
3.739962e+04 4.722384e+03
3.345552e+04 4.722384e+03
2.952509e+04 4.722384e+03
2.639963e+04 4.722384e+03
2.329506e+04 4.722384e+03
2.075654e+04 4.722384e+03
1.836109e+04 4.722384e+03
1.621983e+04 4.722384e+03
1.422306e+04 4.722384e+03
1.282702e+04 4.722384e+03
1.156204e+04 4.722384e+03
1.027581e+04 4.722384e+03
9.212341e+03 4.722384e+03
8.447488e+03 4.722384e+03
7.555840e+03 4.722384e+03
6.898258e+03 4.722384e+03
6.307475e+03 4.722384e+03
5.770088e+03 4.540563e+03
5.344913e+03 4.357004e+03
5.001099e+03 4.041676e+03
4.673167e+03 3.779465e+03
4.344029e+03 3.477493e+03
4.010630e+03 3.241434e+03
3.755271e+03 3.070170e+03
3.507302e+03 2.847782e+03
3.323919e+03 2.733908e+03
3.146306e+03 2.700764e+03
3.003173e+03 2.522154e+03
2.886668e+03 2.471532e+03
2.761124e+03 2.375388e+03
2.683385e+03 2.328077e+03
2.619446e+03 2.277005e+03
2.557012e+03 2.246882e+03
2.488221e+03 2.192020e+03
2.431520e+03 2.109896e+03
2.376820e+03 2.078530e+03
2.291992e+03 2.044460e+03
2.187857e+03 2.006646e+03
2.113658e+03 1.942978e+03
2.051707e+03 1.913277e+03
2.004482e+03 1.866163e+03
1.958784e+03 1.833958e+03
1.918962e+03 1.801224e+03
1.886638e+03 1.770371e+03
1.857103e+03 1.750148e+03
1.829802e+03 1.728315e+03
1.808808e+03 1.718651e+03
1.791265e+03 1.695504e+03
1.778523e+03 1.687972e+03
1.767524e+03 1.683872e+03
1.759100e+03 1.668154e+03
1.752421e+03 1.661753e+03
1.746624e+03 1.656291e+03
1.741351e+03 1.648282e+03
1.735757e+03 1.643440e+03
1.732694e+03 1.630721e+03
1.728848e+03 1.622411e+03
2.064008e+10 6.882245e+09
4.986450e+09 4.522411e+03
2.333033e+09 4.522411e+03
1.055601e+09 4.522411e+03
4.876886e+08 4.522411e+03
2.257989e+08 4.522411e+03
1.059121e+08 4.522411e+03
5.212196e+07 4.522411e+03
2.838666e+07 4.522411e+03
1.604314e+07 4.522411e+03
9.541096e+06 4.522411e+03
6.360356e+06 4.522411e+03
4.159401e+06 4.522411e+03
2.952237e+06 4.522411e+03
2.098601e+06 4.522411e+03
1.567258e+06 4.522411e+03
1.226463e+06 4.522411e+03
9.775214e+05 4.522411e+03
8.057631e+05 4.522411e+03
6.436097e+05 4.522411e+03
5.370522e+05 4.522411e+03
4.423136e+05 4.522411e+03
3.726901e+05 4.522411e+03
3.157234e+05 4.522411e+03
2.698189e+05 4.522411e+03
2.395899e+05 4.522411e+03
2.087920e+05 4.522411e+03
1.869005e+05 4.522411e+03
1.668919e+05 4.522411e+03
1.491961e+05 4.522411e+03
1.353518e+05 4.522411e+03
1.208374e+05 4.522411e+03
1.088103e+05 4.522411e+03
9.744954e+04 4.522411e+03
8.714157e+04 4.522411e+03
7.940158e+04 4.522411e+03
7.244033e+04 4.522411e+03
6.603617e+04 4.522411e+03
6.038812e+04 4.522411e+03
5.498091e+04 4.522411e+03
5.025137e+04 4.522411e+03
4.540200e+04 4.522411e+03
4.092311e+04 4.522411e+03
3.639115e+04 4.522411e+03
3.251323e+04 4.522411e+03
2.904101e+04 4.522411e+03
2.611516e+04 4.522411e+03
2.311013e+04 4.522411e+03
2.018134e+04 4.522411e+03
1.773771e+04 4.522411e+03
1.551988e+04 4.522411e+03
1.382547e+04 4.522411e+03
1.210889e+04 4.522411e+03
1.069732e+04 4.522411e+03
9.504639e+03 4.522411e+03
8.481960e+03 4.522411e+03
7.740211e+03 4.522411e+03
7.015471e+03 4.522411e+03
6.389968e+03 4.522411e+03
5.800225e+03 4.522411e+03
5.292806e+03 4.183811e+03
4.875669e+03 3.819301e+03
4.530284e+03 3.674244e+03
4.223649e+03 3.475772e+03
3.986166e+03 3.308445e+03
3.718390e+03 3.197803e+03
3.481058e+03 2.938583e+03
3.298727e+03 2.811532e+03
3.135508e+03 2.709121e+03
2.992835e+03 2.588002e+03
2.883883e+03 2.542236e+03
2.790937e+03 2.482991e+03
2.714430e+03 2.425312e+03
2.642177e+03 2.396584e+03
2.577373e+03 2.343631e+03
2.520200e+03 2.295190e+03
2.467762e+03 2.240507e+03
2.427382e+03 2.226692e+03
2.383505e+03 2.181672e+03
2.342625e+03 2.140504e+03
2.308616e+03 2.121733e+03
2.285384e+03 2.109275e+03
2.263733e+03 2.085968e+03
2.224389e+03 2.068188e+03
2.165789e+03 2.020327e+03
2.122993e+03 2.004846e+03
2.085916e+03 1.978101e+03
2.057707e+03 1.954009e+03
2.034591e+03 1.923294e+03
2.011332e+03 1.921318e+03
1.990988e+03 1.899985e+03
1.972235e+03 1.879883e+03
1.959272e+03 1.870898e+03
1.947844e+03 1.850412e+03
1.937229e+03 1.840914e+03
1.928760e+03 1.832571e+03
1.921154e+03 1.814294e+03
1.914015e+03 1.809025e+03
1.909684e+03 1.794246e+03
1.905669e+03 1.792852e+03
1.902409e+03 1.788133e+03
2.064008e+10 6.882245e+09
4.959613e+09 4.688133e+03
2.271940e+09 4.688133e+03
1.104660e+09 4.688133e+03
4.938741e+08 4.688133e+03
2.246671e+08 4.688133e+03
1.040331e+08 4.688133e+03
5.230750e+07 4.688133e+03
2.807996e+07 4.688133e+03
1.658570e+07 4.688133e+03
1.011912e+07 4.688133e+03
6.890359e+06 4.688133e+03
4.503268e+06 4.688133e+03
3.255563e+06 4.688133e+03
2.423251e+06 4.688133e+03
1.887542e+06 4.688133e+03
1.497595e+06 4.688133e+03
1.161618e+06 4.688133e+03
9.011551e+05 4.688133e+03
7.536697e+05 4.688133e+03
6.149330e+05 4.688133e+03
5.288201e+05 4.688133e+03
4.409531e+05 4.688133e+03
3.804854e+05 4.688133e+03
3.220839e+05 4.688133e+03
2.789420e+05 4.688133e+03
2.468470e+05 4.688133e+03
2.181174e+05 4.688133e+03
1.930346e+05 4.688133e+03
1.725620e+05 4.688133e+03
1.555845e+05 4.688133e+03
1.396762e+05 4.688133e+03
1.262939e+05 4.688133e+03
1.152476e+05 4.688133e+03
1.036762e+05 4.688133e+03
9.322360e+04 4.688133e+03
8.467093e+04 4.688133e+03
7.797788e+04 4.688133e+03
7.150404e+04 4.688133e+03
6.588976e+04 4.688133e+03
5.997997e+04 4.688133e+03
5.484032e+04 4.688133e+03
5.007327e+04 4.688133e+03
4.545224e+04 4.688133e+03
4.137375e+04 4.688133e+03
3.798286e+04 4.688133e+03
3.458518e+04 4.688133e+03
3.120177e+04 4.688133e+03
2.835840e+04 4.688133e+03
2.494632e+04 4.688133e+03
2.211329e+04 4.688133e+03
1.934503e+04 4.688133e+03
1.697523e+04 4.688133e+03
1.493556e+04 4.688133e+03
1.328353e+04 4.688133e+03
1.166409e+04 4.688133e+03
1.038027e+04 4.688133e+03
9.344019e+03 4.688133e+03
8.506983e+03 4.688133e+03
7.766138e+03 4.688133e+03
7.070517e+03 4.688133e+03
6.327952e+03 4.688133e+03
5.787322e+03 4.538824e+03
5.342792e+03 4.294359e+03
4.911616e+03 3.979577e+03
4.578655e+03 3.664094e+03
4.313496e+03 3.414088e+03
4.063889e+03 3.372600e+03
3.818385e+03 3.198731e+03
3.620509e+03 3.057786e+03
3.446523e+03 2.986591e+03
3.288333e+03 2.833287e+03
3.160469e+03 2.765752e+03
3.033261e+03 2.672403e+03
2.946779e+03 2.562478e+03
2.844899e+03 2.479187e+03
2.756986e+03 2.393165e+03
2.669495e+03 2.305410e+03
2.602573e+03 2.301995e+03
2.545016e+03 2.252953e+03
2.504090e+03 2.224149e+03
2.441183e+03 2.183145e+03
2.321909e+03 2.126133e+03
2.223200e+03 2.066011e+03
2.164969e+03 2.023208e+03
2.122752e+03 2.000427e+03
2.087315e+03 1.987152e+03
2.058773e+03 1.957417e+03
2.038475e+03 1.943164e+03
2.020491e+03 1.924322e+03
2.002892e+03 1.905694e+03
1.990256e+03 1.896342e+03
1.977051e+03 1.894334e+03
1.966593e+03 1.884684e+03
1.960497e+03 1.866587e+03
1.952602e+03 1.849997e+03
1.945917e+03 1.848289e+03
1.939513e+03 1.843609e+03
1.934373e+03 1.839036e+03
1.931110e+03 1.829157e+03
1.928631e+03 1.826912e+03
2.064008e+10 6.882245e+09
4.911813e+09 4.726912e+03
2.198323e+09 4.726912e+03
1.033447e+09 4.726912e+03
4.608042e+08 4.726912e+03
2.251554e+08 4.726912e+03
1.042258e+08 4.726912e+03
4.942567e+07 4.726912e+03
2.689523e+07 4.726912e+03
1.454767e+07 4.726912e+03
8.565656e+06 4.726912e+03
5.287389e+06 4.726912e+03
3.599569e+06 4.726912e+03
2.489590e+06 4.726912e+03
1.889206e+06 4.726912e+03
1.449335e+06 4.726912e+03
1.129407e+06 4.726912e+03
8.987025e+05 4.726912e+03
7.173004e+05 4.726912e+03
5.907159e+05 4.726912e+03
4.833848e+05 4.726912e+03
4.062217e+05 4.726912e+03
3.492838e+05 4.726912e+03
2.965843e+05 4.726912e+03
2.566071e+05 4.726912e+03
2.228858e+05 4.726912e+03
1.973769e+05 4.726912e+03
1.748644e+05 4.726912e+03
1.540881e+05 4.726912e+03
1.392392e+05 4.726912e+03
1.248540e+05 4.726912e+03
1.118298e+05 4.726912e+03
1.015823e+05 4.726912e+03
9.135187e+04 4.726912e+03
8.341461e+04 4.726912e+03
7.525469e+04 4.726912e+03
6.779426e+04 4.726912e+03
6.185910e+04 4.726912e+03
5.646347e+04 4.726912e+03
5.137540e+04 4.726912e+03
4.709550e+04 4.726912e+03
4.326469e+04 4.726912e+03
3.953952e+04 4.726912e+03
3.645942e+04 4.726912e+03
3.371636e+04 4.726912e+03
3.083333e+04 4.726912e+03
2.818934e+04 4.726912e+03
2.588604e+04 4.726912e+03
2.375152e+04 4.726912e+03
2.178224e+04 4.726912e+03
1.977627e+04 4.726912e+03
1.776140e+04 4.726912e+03
1.613140e+04 4.726912e+03
1.447537e+04 4.726912e+03
1.313045e+04 4.726912e+03
1.183665e+04 4.726912e+03
1.057903e+04 4.726912e+03
9.536088e+03 4.726912e+03
8.681968e+03 4.726912e+03
7.870732e+03 4.726912e+03
7.204663e+03 4.726912e+03
6.507996e+03 4.726912e+03
6.012859e+03 4.595431e+03
5.534947e+03 4.509788e+03
5.156742e+03 4.207885e+03
4.786720e+03 4.078038e+03
4.517887e+03 3.817963e+03
4.255894e+03 3.645238e+03
4.031662e+03 3.484011e+03
3.846240e+03 3.364440e+03
3.685394e+03 3.204774e+03
3.514105e+03 3.079293e+03
3.352570e+03 2.943038e+03
3.196230e+03 2.838126e+03
3.079069e+03 2.687573e+03
2.949947e+03 2.596306e+03
2.845770e+03 2.525443e+03
2.736765e+03 2.445486e+03
2.661611e+03 2.369293e+03
2.584644e+03 2.325948e+03
2.535197e+03 2.297665e+03
2.478938e+03 2.239692e+03
2.433112e+03 2.191457e+03
2.394099e+03 2.160902e+03
2.361726e+03 2.142341e+03
2.327924e+03 2.124106e+03
2.304703e+03 2.115407e+03
2.278590e+03 2.105890e+03
2.222783e+03 2.077000e+03
2.181808e+03 2.059778e+03
2.153470e+03 2.051299e+03
2.131358e+03 2.023959e+03
2.116047e+03 2.014448e+03
2.102086e+03 2.002154e+03
2.091623e+03 1.992016e+03
2.083679e+03 1.982012e+03
2.076088e+03 1.967766e+03
2.070715e+03 1.963204e+03
2.066207e+03 1.962474e+03
2.060705e+03 1.956924e+03
2.057506e+03 1.947723e+03
2.064008e+10 6.882245e+09
5.220691e+09 4.847723e+03
2.463909e+09 4.847723e+03
1.213996e+09 4.847723e+03
5.522766e+08 4.847723e+03
2.612089e+08 4.847723e+03
1.262285e+08 4.847723e+03
6.386232e+07 4.847723e+03
3.335091e+07 4.847723e+03
1.923886e+07 4.847723e+03
1.154209e+07 4.847723e+03
7.412135e+06 4.847723e+03
5.053799e+06 4.847723e+03
3.463273e+06 4.847723e+03
2.508401e+06 4.847723e+03
1.882936e+06 4.847723e+03
1.486649e+06 4.847723e+03
1.217121e+06 4.847723e+03
9.880667e+05 4.847723e+03
8.293897e+05 4.847723e+03
6.787552e+05 4.847723e+03
5.638292e+05 4.847723e+03
4.722414e+05 4.847723e+03
4.012850e+05 4.847723e+03
3.357797e+05 4.847723e+03
2.847401e+05 4.847723e+03
2.414703e+05 4.847723e+03
2.113369e+05 4.847723e+03
1.841258e+05 4.847723e+03
1.628838e+05 4.847723e+03
1.452239e+05 4.847723e+03
1.308283e+05 4.847723e+03
1.176903e+05 4.847723e+03
1.071992e+05 4.847723e+03
9.743322e+04 4.847723e+03
8.899537e+04 4.847723e+03
8.088781e+04 4.847723e+03
7.407082e+04 4.847723e+03
6.717452e+04 4.847723e+03
6.148298e+04 4.847723e+03
5.536704e+04 4.847723e+03
5.099204e+04 4.847723e+03
4.632114e+04 4.847723e+03
4.174659e+04 4.847723e+03
3.744333e+04 4.847723e+03
3.353322e+04 4.847723e+03
2.991937e+04 4.847723e+03
2.677727e+04 4.847723e+03
2.420447e+04 4.847723e+03
2.139546e+04 4.847723e+03
1.939029e+04 4.847723e+03
1.712323e+04 4.847723e+03
1.512785e+04 4.847723e+03
1.367561e+04 4.847723e+03
1.210787e+04 4.847723e+03
1.088951e+04 4.847723e+03
9.845410e+03 4.847723e+03
8.908113e+03 4.847723e+03
7.984867e+03 4.847723e+03
7.206240e+03 4.847723e+03
6.502208e+03 4.847723e+03
5.962151e+03 4.800928e+03
5.533138e+03 4.600631e+03
5.165492e+03 4.383773e+03
4.841852e+03 4.212786e+03
4.541665e+03 3.942993e+03
4.279403e+03 3.631655e+03
4.005772e+03 3.376148e+03
3.752080e+03 3.145549e+03
3.557775e+03 2.999610e+03
3.424397e+03 2.853664e+03
3.267444e+03 2.731923e+03
3.144081e+03 2.579113e+03
3.003168e+03 2.562452e+03
2.901013e+03 2.456432e+03
2.802263e+03 2.406398e+03
2.714652e+03 2.368968e+03
2.641168e+03 2.305817e+03
2.503322e+03 2.234639e+03
2.357125e+03 2.160853e+03
2.279139e+03 2.134403e+03
2.222035e+03 2.101731e+03
2.177894e+03 2.068213e+03
2.136693e+03 2.026416e+03
2.102609e+03 2.006311e+03
2.072904e+03 1.986240e+03
2.048039e+03 1.971952e+03
2.024697e+03 1.951660e+03
2.006621e+03 1.935864e+03
1.992480e+03 1.929322e+03
1.981021e+03 1.916027e+03
1.971920e+03 1.908383e+03
1.963050e+03 1.903231e+03
1.956346e+03 1.893610e+03
1.947492e+03 1.885364e+03
1.943127e+03 1.871211e+03
1.938639e+03 1.868293e+03
1.934787e+03 1.862830e+03
1.932120e+03 1.861403e+03
1.929076e+03 1.857169e+03
1.927649e+03 1.852706e+03
2.064008e+10 6.882245e+09
4.801735e+09 4.752706e+03
2.246277e+09 4.752706e+03
9.523428e+08 4.752706e+03
4.318341e+08 4.752706e+03
2.002215e+08 4.752706e+03
9.874837e+07 4.752706e+03
4.848018e+07 4.752706e+03
2.693581e+07 4.752706e+03
1.633793e+07 4.752706e+03
9.924925e+06 4.752706e+03
6.519881e+06 4.752706e+03
4.489296e+06 4.752706e+03
3.139856e+06 4.752706e+03
2.292307e+06 4.752706e+03
1.726533e+06 4.752706e+03
1.372544e+06 4.752706e+03
1.064412e+06 4.752706e+03
8.570484e+05 4.752706e+03
6.908801e+05 4.752706e+03
5.605233e+05 4.752706e+03
4.684101e+05 4.752706e+03
3.947484e+05 4.752706e+03
3.394475e+05 4.752706e+03
2.945134e+05 4.752706e+03
2.587180e+05 4.752706e+03
2.280234e+05 4.752706e+03
2.025142e+05 4.752706e+03
1.790177e+05 4.752706e+03
1.586376e+05 4.752706e+03
1.447289e+05 4.752706e+03
1.328830e+05 4.752706e+03
1.193002e+05 4.752706e+03
1.082912e+05 4.752706e+03
9.853846e+04 4.752706e+03
9.012565e+04 4.752706e+03
8.191913e+04 4.752706e+03
7.551936e+04 4.752706e+03
6.957856e+04 4.752706e+03
6.413275e+04 4.752706e+03
5.861595e+04 4.752706e+03
5.389620e+04 4.752706e+03
4.878479e+04 4.752706e+03
4.469755e+04 4.752706e+03
4.100400e+04 4.752706e+03
3.737402e+04 4.752706e+03
3.365215e+04 4.752706e+03
3.025219e+04 4.752706e+03
2.682557e+04 4.752706e+03
2.397133e+04 4.752706e+03
2.121474e+04 4.752706e+03
1.869969e+04 4.752706e+03
1.655892e+04 4.752706e+03
1.462889e+04 4.752706e+03
1.281637e+04 4.752706e+03
1.138046e+04 4.752706e+03
1.019671e+04 4.752706e+03
9.217913e+03 4.752706e+03
8.385592e+03 4.752706e+03
7.571354e+03 4.752706e+03
6.867215e+03 4.752706e+03
6.267357e+03 4.752706e+03
5.754666e+03 4.553734e+03
5.335097e+03 4.245087e+03
4.956611e+03 4.146134e+03
4.677854e+03 3.856069e+03
4.431231e+03 3.758709e+03
4.215358e+03 3.542757e+03
3.952324e+03 3.334744e+03
3.740186e+03 3.254078e+03
3.535172e+03 3.061979e+03
3.381462e+03 2.969626e+03
3.241918e+03 2.890611e+03
3.133281e+03 2.791014e+03
3.030600e+03 2.725202e+03
2.964740e+03 2.672899e+03
2.897668e+03 2.647337e+03
2.834587e+03 2.566915e+03
2.783830e+03 2.535170e+03
2.730347e+03 2.493893e+03
2.690773e+03 2.465964e+03
2.651664e+03 2.450721e+03
2.615204e+03 2.429695e+03
2.593165e+03 2.402931e+03
2.527357e+03 2.383486e+03
2.465310e+03 2.352801e+03
2.422751e+03 2.303577e+03
2.387181e+03 2.261493e+03
2.356081e+03 2.231146e+03
2.325859e+03 2.205063e+03
2.293668e+03 2.172980e+03
2.263988e+03 2.149702e+03
2.241582e+03 2.124188e+03
2.221225e+03 2.112283e+03
2.203527e+03 2.091922e+03
2.190965e+03 2.064229e+03
2.178111e+03 2.056762e+03
2.167670e+03 2.042133e+03
2.158745e+03 2.023100e+03
2.149194e+03 2.004912e+03
2.143191e+03 1.999364e+03
2.064008e+10 6.882245e+09
5.186586e+09 4.899364e+03
2.262658e+09 4.899364e+03
1.078365e+09 4.899364e+03
4.851234e+08 4.899364e+03
2.286797e+08 4.899364e+03
1.101764e+08 4.899364e+03
5.609753e+07 4.899364e+03
2.902880e+07 4.899364e+03
1.711828e+07 4.899364e+03
1.015470e+07 4.899364e+03
6.791212e+06 4.899364e+03
4.537952e+06 4.899364e+03
3.178579e+06 4.899364e+03
2.249343e+06 4.899364e+03
1.686578e+06 4.899364e+03
1.282248e+06 4.899364e+03
1.009986e+06 4.899364e+03
8.085415e+05 4.899364e+03
6.703405e+05 4.899364e+03
5.487344e+05 4.899364e+03
4.530540e+05 4.899364e+03
3.878762e+05 4.899364e+03
3.320483e+05 4.899364e+03
2.844592e+05 4.899364e+03
2.429083e+05 4.899364e+03
2.074128e+05 4.899364e+03
1.808068e+05 4.899364e+03
1.600257e+05 4.899364e+03
1.432973e+05 4.899364e+03
1.288406e+05 4.899364e+03
1.155692e+05 4.899364e+03
1.033979e+05 4.899364e+03
9.251958e+04 4.899364e+03
8.376773e+04 4.899364e+03
7.583378e+04 4.899364e+03
6.892303e+04 4.899364e+03
6.322570e+04 4.899364e+03
5.836476e+04 4.899364e+03
5.352816e+04 4.899364e+03
4.896560e+04 4.899364e+03
4.479477e+04 4.899364e+03
4.099410e+04 4.899364e+03
3.741524e+04 4.899364e+03
3.382969e+04 4.899364e+03
3.083521e+04 4.899364e+03
2.782780e+04 4.899364e+03
2.510495e+04 4.899364e+03
2.262427e+04 4.899364e+03
2.009190e+04 4.899364e+03
1.794248e+04 4.899364e+03
1.577066e+04 4.899364e+03
1.395503e+04 4.899364e+03
1.241769e+04 4.899364e+03
1.103398e+04 4.899364e+03
9.687468e+03 4.899364e+03
8.658697e+03 4.899364e+03
7.726089e+03 4.899364e+03
6.853024e+03 4.899364e+03
6.166510e+03 4.821675e+03
5.610715e+03 4.495469e+03
5.068626e+03 3.746410e+03
4.572242e+03 3.670294e+03
4.158937e+03 3.388277e+03
3.839506e+03 3.203941e+03
3.594966e+03 3.008845e+03
3.369997e+03 2.791328e+03
3.180777e+03 2.660580e+03
3.016579e+03 2.637505e+03
2.879604e+03 2.556791e+03
2.778500e+03 2.474893e+03
2.687068e+03 2.406202e+03
2.600800e+03 2.345691e+03
2.529559e+03 2.287906e+03
2.472347e+03 2.211612e+03
2.421380e+03 2.198279e+03
2.372028e+03 2.154744e+03
2.324232e+03 2.123153e+03
2.282694e+03 2.105052e+03
2.247543e+03 2.073506e+03
2.217929e+03 2.051367e+03
2.186705e+03 2.025072e+03
2.135752e+03 1.993239e+03
2.072231e+03 1.975746e+03
2.039152e+03 1.950211e+03
2.010597e+03 1.932356e+03
1.987059e+03 1.903534e+03
1.960218e+03 1.887651e+03
1.933204e+03 1.853702e+03
1.912847e+03 1.845788e+03
1.896207e+03 1.833576e+03
1.880909e+03 1.817710e+03
1.869011e+03 1.807944e+03
1.856226e+03 1.798685e+03
1.850419e+03 1.793835e+03
1.844631e+03 1.786574e+03
1.840553e+03 1.785650e+03
1.836894e+03 1.781553e+03
1.834007e+03 1.774830e+03
1.830986e+03 1.771150e+03
1.829841e+03 1.770315e+03
2.064008e+10 6.882245e+09
5.402646e+09 4.670355e+03
2.490466e+09 4.670355e+03
1.119597e+09 4.670355e+03
5.264710e+08 4.670355e+03
2.493034e+08 4.670355e+03
1.205913e+08 4.670355e+03
5.829590e+07 4.670355e+03
3.069250e+07 4.670355e+03
1.746356e+07 4.670355e+03
1.072016e+07 4.670355e+03
6.556131e+06 4.670355e+03
4.420378e+06 4.670355e+03
3.018496e+06 4.670355e+03
2.250953e+06 4.670355e+03
1.628567e+06 4.670355e+03
1.261616e+06 4.670355e+03
1.007947e+06 4.670355e+03
8.260112e+05 4.670355e+03
6.820193e+05 4.670355e+03
5.824006e+05 4.670355e+03
5.027339e+05 4.670355e+03
4.360048e+05 4.670355e+03
3.821821e+05 4.670355e+03
3.384581e+05 4.670355e+03
2.973447e+05 4.670355e+03
2.633293e+05 4.670355e+03
2.335420e+05 4.670355e+03
2.101585e+05 4.670355e+03
1.903814e+05 4.670355e+03
1.685048e+05 4.670355e+03
1.507628e+05 4.670355e+03
1.349184e+05 4.670355e+03
1.230950e+05 4.670355e+03
1.095863e+05 4.670355e+03
9.986574e+04 4.670355e+03
8.953281e+04 4.670355e+03
8.116958e+04 4.670355e+03
7.292424e+04 4.670355e+03
6.581010e+04 4.670355e+03
5.899018e+04 4.670355e+03
5.359311e+04 4.670355e+03
4.836817e+04 4.670355e+03
4.305633e+04 4.670355e+03
3.830790e+04 4.670355e+03
3.420641e+04 4.670355e+03
2.942463e+04 4.670355e+03
2.538040e+04 4.670355e+03
2.234555e+04 4.670355e+03
1.954332e+04 4.670355e+03
1.687331e+04 4.670355e+03
1.470776e+04 4.670355e+03
1.296189e+04 4.670355e+03
1.143561e+04 4.670355e+03
1.017147e+04 4.670355e+03
9.043136e+03 4.670355e+03
8.028115e+03 4.670355e+03
7.084124e+03 4.670355e+03
6.405807e+03 4.670355e+03
5.804374e+03 4.457815e+03
5.327216e+03 4.153212e+03
4.876272e+03 3.779624e+03
4.491595e+03 3.655201e+03
4.137162e+03 3.447656e+03
3.840248e+03 3.259649e+03
3.585336e+03 3.031225e+03
3.380303e+03 2.878527e+03
3.220928e+03 2.774559e+03
3.089982e+03 2.685226e+03
2.960902e+03 2.602981e+03
2.878714e+03 2.574867e+03
2.793885e+03 2.506099e+03
2.715757e+03 2.468046e+03
2.649920e+03 2.391632e+03
2.599312e+03 2.341103e+03
2.549589e+03 2.303997e+03
2.505426e+03 2.242425e+03
2.455308e+03 2.197635e+03
2.416552e+03 2.187363e+03
2.375962e+03 2.160178e+03
2.294166e+03 2.134430e+03
2.245275e+03 2.099455e+03
2.205778e+03 2.091211e+03
2.171767e+03 2.051402e+03
2.141731e+03 2.033061e+03
2.114574e+03 2.009678e+03
2.089691e+03 1.997595e+03
2.068562e+03 1.985602e+03
2.050934e+03 1.969811e+03
2.035148e+03 1.948469e+03
2.022810e+03 1.943453e+03
2.013152e+03 1.936300e+03
2.005071e+03 1.933931e+03
1.998692e+03 1.925825e+03
1.991080e+03 1.924821e+03
1.985950e+03 1.920326e+03
1.983114e+03 1.912878e+03
1.980218e+03 1.909212e+03
1.977913e+03 1.905853e+03
1.976005e+03 1.903820e+03
1.973198e+03 1.902586e+03
2.064008e+10 6.882245e+09
5.147005e+09 4.802586e+03
2.316958e+09 4.802586e+03
1.121608e+09 4.802586e+03
5.189798e+08 4.802586e+03
2.364093e+08 4.802586e+03
1.147667e+08 4.802586e+03
5.983924e+07 4.802586e+03
3.110538e+07 4.802586e+03
1.913101e+07 4.802586e+03
1.179623e+07 4.802586e+03
7.586588e+06 4.802586e+03
5.034973e+06 4.802586e+03
3.595604e+06 4.802586e+03
2.550930e+06 4.802586e+03
1.931962e+06 4.802586e+03
1.484103e+06 4.802586e+03
1.167953e+06 4.802586e+03
9.287617e+05 4.802586e+03
7.602620e+05 4.802586e+03
6.244305e+05 4.802586e+03
5.146430e+05 4.802586e+03
4.372582e+05 4.802586e+03
3.631350e+05 4.802586e+03
3.161623e+05 4.802586e+03
2.698637e+05 4.802586e+03
2.365285e+05 4.802586e+03
2.110471e+05 4.802586e+03
1.876382e+05 4.802586e+03
1.649788e+05 4.802586e+03
1.474758e+05 4.802586e+03
1.312284e+05 4.802586e+03
1.191106e+05 4.802586e+03
1.064879e+05 4.802586e+03
9.535912e+04 4.802586e+03
8.601962e+04 4.802586e+03
7.876617e+04 4.802586e+03
7.197429e+04 4.802586e+03
6.585841e+04 4.802586e+03
5.963389e+04 4.802586e+03
5.384875e+04 4.802586e+03
4.857669e+04 4.802586e+03
4.436240e+04 4.802586e+03
3.963595e+04 4.802586e+03
3.559328e+04 4.802586e+03
3.199059e+04 4.802586e+03
2.890200e+04 4.802586e+03
2.550779e+04 4.802586e+03
2.309852e+04 4.802586e+03
2.053355e+04 4.802586e+03
1.819676e+04 4.802586e+03
1.613572e+04 4.802586e+03
1.432584e+04 4.802586e+03
1.278321e+04 4.802586e+03
1.150933e+04 4.802586e+03
1.008356e+04 4.802586e+03
9.067450e+03 4.802586e+03
8.165593e+03 4.802586e+03
7.400878e+03 4.802586e+03
6.711547e+03 4.802586e+03
6.183749e+03 4.802586e+03
5.737876e+03 4.670862e+03
5.345189e+03 4.497595e+03
4.996061e+03 4.284101e+03
4.695718e+03 4.012577e+03
4.415112e+03 3.723007e+03
4.168432e+03 3.522667e+03
3.982569e+03 3.422892e+03
3.820109e+03 3.250550e+03
3.662846e+03 3.180810e+03
3.510449e+03 3.036170e+03
3.353712e+03 2.922960e+03
3.237320e+03 2.815646e+03
3.116572e+03 2.710963e+03
2.996156e+03 2.615757e+03
2.905823e+03 2.516099e+03
2.809916e+03 2.492687e+03
2.725855e+03 2.422241e+03
2.650681e+03 2.362017e+03
2.590759e+03 2.279552e+03
2.532703e+03 2.262106e+03
2.482368e+03 2.211159e+03
2.439062e+03 2.187462e+03
2.399444e+03 2.158466e+03
2.373567e+03 2.145246e+03
2.342690e+03 2.105147e+03
2.315712e+03 2.085785e+03
2.295974e+03 2.068850e+03
2.265085e+03 2.049737e+03
2.209812e+03 2.005835e+03
2.164288e+03 1.995846e+03
2.130202e+03 1.982938e+03
2.103857e+03 1.966040e+03
2.080851e+03 1.946527e+03
2.066524e+03 1.935639e+03
2.051851e+03 1.912324e+03
2.040498e+03 1.907557e+03
2.032065e+03 1.898408e+03
2.025538e+03 1.889036e+03
2.018981e+03 1.870984e+03
2.014934e+03 1.863910e+03
2.064008e+10 6.882245e+09
4.815191e+09 4.767741e+03
2.226953e+09 4.767741e+03
9.938965e+08 4.767741e+03
4.660886e+08 4.767741e+03
2.167971e+08 4.767741e+03
1.097643e+08 4.767741e+03
5.583190e+07 4.767741e+03
3.126051e+07 4.767741e+03
1.737700e+07 4.767741e+03
1.037504e+07 4.767741e+03
6.705699e+06 4.767741e+03
4.645389e+06 4.767741e+03
3.277564e+06 4.767741e+03
2.390838e+06 4.767741e+03
1.746014e+06 4.767741e+03
1.357428e+06 4.767741e+03
1.079976e+06 4.767741e+03
8.818294e+05 4.767741e+03
7.208591e+05 4.767741e+03
6.034422e+05 4.767741e+03
5.027127e+05 4.767741e+03
4.283669e+05 4.767741e+03
3.718964e+05 4.767741e+03
3.136280e+05 4.767741e+03
2.730121e+05 4.767741e+03
2.413361e+05 4.767741e+03
2.150775e+05 4.767741e+03
1.895901e+05 4.767741e+03
1.687086e+05 4.767741e+03
1.497105e+05 4.767741e+03
1.336909e+05 4.767741e+03
1.193996e+05 4.767741e+03
1.077422e+05 4.767741e+03
9.625013e+04 4.767741e+03
8.688760e+04 4.767741e+03
7.878541e+04 4.767741e+03
7.063203e+04 4.767741e+03
6.434401e+04 4.767741e+03
5.819189e+04 4.767741e+03
5.251446e+04 4.767741e+03
4.766981e+04 4.767741e+03
4.370095e+04 4.767741e+03
4.038499e+04 4.767741e+03
3.683823e+04 4.767741e+03
3.345669e+04 4.767741e+03
3.009824e+04 4.767741e+03
2.676969e+04 4.767741e+03
2.427278e+04 4.767741e+03
2.181020e+04 4.767741e+03
1.933744e+04 4.767741e+03
1.708590e+04 4.767741e+03
1.541472e+04 4.767741e+03
1.364557e+04 4.767741e+03
1.205939e+04 4.767741e+03
1.074186e+04 4.767741e+03
9.686257e+03 4.767741e+03
8.738824e+03 4.767741e+03
7.866804e+03 4.767741e+03
7.078680e+03 4.767741e+03
6.344325e+03 4.767741e+03
5.704916e+03 4.379139e+03
5.174388e+03 3.907521e+03
4.742440e+03 3.783010e+03
4.358020e+03 3.592784e+03
4.059795e+03 3.440343e+03
3.784431e+03 3.146187e+03
3.579510e+03 3.069613e+03
3.428619e+03 2.999678e+03
3.266930e+03 2.786436e+03
3.114887e+03 2.689912e+03
3.001475e+03 2.652769e+03
2.912743e+03 2.589437e+03
2.827348e+03 2.522158e+03
2.758233e+03 2.461289e+03
2.687958e+03 2.426878e+03
2.630432e+03 2.404285e+03
2.576719e+03 2.346424e+03
2.535935e+03 2.316732e+03
2.491762e+03 2.287568e+03
2.456495e+03 2.249774e+03
2.353217e+03 2.219241e+03
2.295124e+03 2.181073e+03
2.254995e+03 2.158193e+03
2.218764e+03 2.116778e+03
2.179095e+03 2.080022e+03
2.145933e+03 2.046094e+03
2.117557e+03 2.025739e+03
2.095493e+03 2.008145e+03
2.076363e+03 1.985917e+03
2.059811e+03 1.958937e+03
2.045330e+03 1.934764e+03
2.028378e+03 1.924689e+03
2.018172e+03 1.911620e+03
2.005954e+03 1.903250e+03
1.996890e+03 1.896111e+03
1.989946e+03 1.886688e+03
1.982753e+03 1.878963e+03
1.979059e+03 1.870906e+03
1.974697e+03 1.865040e+03
1.970249e+03 1.859047e+03
2.064008e+10 6.882245e+09
5.327768e+09 4.759047e+03
2.477844e+09 4.759047e+03
1.120736e+09 4.759047e+03
5.118797e+08 4.759047e+03
2.343504e+08 4.759047e+03
1.161751e+08 4.759047e+03
5.801692e+07 4.759047e+03
3.108857e+07 4.759047e+03
1.800079e+07 4.759047e+03
1.120630e+07 4.759047e+03
7.172692e+06 4.759047e+03
4.837824e+06 4.759047e+03
3.455595e+06 4.759047e+03
2.626296e+06 4.759047e+03
2.002528e+06 4.759047e+03
1.565500e+06 4.759047e+03
1.214964e+06 4.759047e+03
9.458130e+05 4.759047e+03
7.615882e+05 4.759047e+03
6.284467e+05 4.759047e+03
5.231612e+05 4.759047e+03
4.488938e+05 4.759047e+03
3.812489e+05 4.759047e+03
3.266394e+05 4.759047e+03
2.862805e+05 4.759047e+03
2.522625e+05 4.759047e+03
2.193741e+05 4.759047e+03
1.963549e+05 4.759047e+03
1.747626e+05 4.759047e+03
1.556509e+05 4.759047e+03
1.396804e+05 4.759047e+03
1.263049e+05 4.759047e+03
1.139528e+05 4.759047e+03
1.029004e+05 4.759047e+03
9.322857e+04 4.759047e+03
8.474247e+04 4.759047e+03
7.718141e+04 4.759047e+03
7.049402e+04 4.759047e+03
6.399794e+04 4.759047e+03
5.874866e+04 4.759047e+03
5.349725e+04 4.759047e+03
4.844255e+04 4.759047e+03
4.428708e+04 4.759047e+03
3.979265e+04 4.759047e+03
3.576580e+04 4.759047e+03
3.191079e+04 4.759047e+03
2.863463e+04 4.759047e+03
2.554757e+04 4.759047e+03
2.253061e+04 4.759047e+03
1.967532e+04 4.759047e+03
1.727947e+04 4.759047e+03
1.544204e+04 4.759047e+03
1.374814e+04 4.759047e+03
1.206338e+04 4.759047e+03
1.086892e+04 4.759047e+03
9.700767e+03 4.759047e+03
8.830521e+03 4.759047e+03
8.013762e+03 4.759047e+03
7.298086e+03 4.759047e+03
6.595441e+03 4.759047e+03
6.046994e+03 4.607197e+03
5.526348e+03 4.438424e+03
5.138759e+03 4.042747e+03
4.789679e+03 3.902075e+03
4.468599e+03 3.673140e+03
4.143197e+03 3.504353e+03
3.938647e+03 3.318359e+03
3.721518e+03 3.154131e+03
3.553951e+03 3.117623e+03
3.428358e+03 3.025479e+03
3.317841e+03 2.929731e+03
3.215311e+03 2.844275e+03
3.121979e+03 2.792202e+03
3.049228e+03 2.773151e+03
2.986723e+03 2.728088e+03
2.930257e+03 2.689054e+03
2.877889e+03 2.653184e+03
2.829542e+03 2.614571e+03
2.785761e+03 2.565797e+03
2.739862e+03 2.519386e+03
2.700392e+03 2.478518e+03
2.661218e+03 2.444196e+03
2.615876e+03 2.410741e+03
2.579128e+03 2.395112e+03
2.511947e+03 2.361504e+03
2.452353e+03 2.319994e+03
2.402304e+03 2.298692e+03
2.371280e+03 2.260726e+03
2.340892e+03 2.247635e+03
2.318558e+03 2.210203e+03
2.302130e+03 2.205075e+03
2.282834e+03 2.191894e+03
2.266093e+03 2.169996e+03
2.250766e+03 2.150967e+03
2.238034e+03 2.143824e+03
2.226106e+03 2.128628e+03
2.217716e+03 2.125027e+03
2.211369e+03 2.104224e+03
2.204560e+03 2.103747e+03
2.199668e+03 2.092944e+03
2.064008e+10 6.882245e+09
5.215154e+09 4.993858e+03
2.395360e+09 4.993858e+03
1.054226e+09 4.993858e+03
5.182242e+08 4.993858e+03
2.433114e+08 4.993858e+03
1.276411e+08 4.993858e+03
6.724005e+07 4.993858e+03
3.734212e+07 4.993858e+03
2.082220e+07 4.993858e+03
1.240371e+07 4.993858e+03
8.106264e+06 4.993858e+03
5.583879e+06 4.993858e+03
3.872104e+06 4.993858e+03
2.886015e+06 4.993858e+03
2.139249e+06 4.993858e+03
1.710357e+06 4.993858e+03
1.321457e+06 4.993858e+03
1.076383e+06 4.993858e+03
8.671007e+05 4.993858e+03
7.355992e+05 4.993858e+03
6.130934e+05 4.993858e+03
5.201161e+05 4.993858e+03
4.441280e+05 4.993858e+03
3.811588e+05 4.993858e+03
3.250710e+05 4.993858e+03
2.869258e+05 4.993858e+03
2.534720e+05 4.993858e+03
2.229112e+05 4.993858e+03
2.012035e+05 4.993858e+03
1.762214e+05 4.993858e+03
1.582899e+05 4.993858e+03
1.399543e+05 4.993858e+03
1.281120e+05 4.993858e+03
1.167853e+05 4.993858e+03
1.073018e+05 4.993858e+03
9.756112e+04 4.993858e+03
8.813117e+04 4.993858e+03
7.900941e+04 4.993858e+03
7.183710e+04 4.993858e+03
6.539886e+04 4.993858e+03
6.008206e+04 4.993858e+03
5.454232e+04 4.993858e+03
5.034022e+04 4.993858e+03
4.628121e+04 4.993858e+03
4.252255e+04 4.993858e+03
3.852578e+04 4.993858e+03
3.525121e+04 4.993858e+03
3.194746e+04 4.993858e+03
2.925131e+04 4.993858e+03
2.675758e+04 4.993858e+03
2.389161e+04 4.993858e+03
2.124094e+04 4.993858e+03
1.893532e+04 4.993858e+03
1.684836e+04 4.993858e+03
1.476618e+04 4.993858e+03
1.305247e+04 4.993858e+03
1.128580e+04 4.993858e+03
9.974206e+03 4.993858e+03
8.797042e+03 4.993858e+03
7.857707e+03 4.993858e+03
6.987417e+03 4.993858e+03
6.342275e+03 4.882466e+03
5.763736e+03 4.524644e+03
5.268149e+03 4.096369e+03
4.841189e+03 3.869378e+03
4.431532e+03 3.544510e+03
4.160378e+03 3.521282e+03
3.892318e+03 3.284767e+03
3.698232e+03 3.188962e+03
3.506567e+03 3.010697e+03
3.355270e+03 2.874117e+03
3.193422e+03 2.780931e+03
3.065195e+03 2.723357e+03
2.946784e+03 2.651252e+03
2.862856e+03 2.547428e+03
2.775830e+03 2.485598e+03
2.715286e+03 2.452333e+03
2.657867e+03 2.402851e+03
2.603512e+03 2.361241e+03
2.540742e+03 2.286567e+03
2.490508e+03 2.223872e+03
2.438931e+03 2.198060e+03
2.395469e+03 2.185462e+03
2.362999e+03 2.144990e+03
2.330202e+03 2.111129e+03
2.294486e+03 2.082932e+03
2.270735e+03 2.055505e+03
2.241427e+03 2.028103e+03
2.220727e+03 2.004209e+03
2.189827e+03 1.972772e+03
2.133582e+03 1.955787e+03
2.095565e+03 1.935428e+03
2.063304e+03 1.916018e+03
2.039433e+03 1.905834e+03
2.017687e+03 1.888348e+03
2.001265e+03 1.863121e+03
1.987683e+03 1.848417e+03
1.976455e+03 1.836145e+03
1.969491e+03 1.824602e+03
1.964737e+03 1.816438e+03
2.064008e+10 6.882245e+09
5.274434e+09 4.716438e+03
2.453492e+09 4.716438e+03
1.143597e+09 4.716438e+03
5.738201e+08 4.716438e+03
2.525659e+08 4.716438e+03
1.231488e+08 4.716438e+03
5.772611e+07 4.716438e+03
3.118228e+07 4.716438e+03
1.776104e+07 4.716438e+03
1.118813e+07 4.716438e+03
6.800982e+06 4.716438e+03
4.506423e+06 4.716438e+03
3.003743e+06 4.716438e+03
2.089144e+06 4.716438e+03
1.534840e+06 4.716438e+03
1.177731e+06 4.716438e+03
9.086202e+05 4.716438e+03
7.334344e+05 4.716438e+03
6.108261e+05 4.716438e+03
4.966361e+05 4.716438e+03
4.218625e+05 4.716438e+03
3.550290e+05 4.716438e+03
3.091007e+05 4.716438e+03
2.644429e+05 4.716438e+03
2.327979e+05 4.716438e+03
2.049193e+05 4.716438e+03
1.812940e+05 4.716438e+03
1.596402e+05 4.716438e+03
1.434085e+05 4.716438e+03
1.281054e+05 4.716438e+03
1.167419e+05 4.716438e+03
1.082022e+05 4.716438e+03
9.896992e+04 4.716438e+03
9.093208e+04 4.716438e+03
8.282038e+04 4.716438e+03
7.625193e+04 4.716438e+03
6.899166e+04 4.716438e+03
6.368990e+04 4.716438e+03
5.816067e+04 4.716438e+03
5.306132e+04 4.716438e+03
4.731664e+04 4.716438e+03
4.237943e+04 4.716438e+03
3.790499e+04 4.716438e+03
3.323642e+04 4.716438e+03
2.925073e+04 4.716438e+03
2.583731e+04 4.716438e+03
2.293677e+04 4.716438e+03
1.994764e+04 4.716438e+03
1.765478e+04 4.716438e+03
1.570900e+04 4.716438e+03
1.372402e+04 4.716438e+03
1.204999e+04 4.716438e+03
1.057199e+04 4.716438e+03
9.328640e+03 4.716438e+03
8.398032e+03 4.716438e+03
7.629705e+03 4.716438e+03
6.983308e+03 4.716438e+03
6.434253e+03 4.716438e+03
5.995005e+03 4.716438e+03
5.621690e+03 4.432542e+03
5.260904e+03 4.380212e+03
4.939080e+03 3.995747e+03
4.642352e+03 3.873952e+03
4.403585e+03 3.750440e+03
4.227264e+03 3.543153e+03
4.013909e+03 3.399784e+03
3.846188e+03 3.252840e+03
3.667358e+03 3.110586e+03
3.524080e+03 2.989281e+03
3.370549e+03 2.895532e+03
3.248285e+03 2.812280e+03
3.159271e+03 2.769560e+03
3.071026e+03 2.673266e+03
2.997661e+03 2.613932e+03
2.915078e+03 2.588233e+03
2.847406e+03 2.545556e+03
2.697536e+03 2.498591e+03
2.601258e+03 2.442232e+03
2.535794e+03 2.383686e+03
2.481331e+03 2.334348e+03
2.423833e+03 2.287102e+03
2.380003e+03 2.261742e+03
2.336379e+03 2.231007e+03
2.306496e+03 2.206095e+03
2.268992e+03 2.160542e+03
2.243328e+03 2.143676e+03
2.216204e+03 2.125793e+03
2.193814e+03 2.116404e+03
2.173769e+03 2.094350e+03
2.157556e+03 2.080114e+03
2.142173e+03 2.044077e+03
2.129593e+03 2.039987e+03
2.118913e+03 2.032860e+03
2.110405e+03 2.015847e+03
2.103488e+03 2.013625e+03
2.097592e+03 2.008148e+03
2.091399e+03 1.994441e+03
2.086166e+03 1.994374e+03
2.081804e+03 1.989303e+03
2.079290e+03 1.988976e+03
2.064008e+10 6.882245e+09
4.873494e+09 4.888976e+03
2.086633e+09 4.888976e+03
1.004206e+09 4.888976e+03
4.441615e+08 4.888976e+03
2.070866e+08 4.888976e+03
1.022004e+08 4.888976e+03
5.499161e+07 4.888976e+03
3.160701e+07 4.888976e+03
1.793654e+07 4.888976e+03
1.056555e+07 4.888976e+03
6.800941e+06 4.888976e+03
4.639099e+06 4.888976e+03
3.242935e+06 4.888976e+03
2.410729e+06 4.888976e+03
1.768948e+06 4.888976e+03
1.387144e+06 4.888976e+03
1.101696e+06 4.888976e+03
8.938075e+05 4.888976e+03
7.139458e+05 4.888976e+03
5.848037e+05 4.888976e+03
4.903951e+05 4.888976e+03
4.074197e+05 4.888976e+03
3.502035e+05 4.888976e+03
3.017901e+05 4.888976e+03
2.595393e+05 4.888976e+03
2.266260e+05 4.888976e+03
1.962258e+05 4.888976e+03
1.754376e+05 4.888976e+03
1.538412e+05 4.888976e+03
1.361880e+05 4.888976e+03
1.226717e+05 4.888976e+03
1.095358e+05 4.888976e+03
9.722515e+04 4.888976e+03
8.775009e+04 4.888976e+03
7.792977e+04 4.888976e+03
7.124255e+04 4.888976e+03
6.509488e+04 4.888976e+03
5.963334e+04 4.888976e+03
5.461652e+04 4.888976e+03
4.924910e+04 4.888976e+03
4.510484e+04 4.888976e+03
4.127761e+04 4.888976e+03
3.719568e+04 4.888976e+03
3.378090e+04 4.888976e+03
3.033155e+04 4.888976e+03
2.704192e+04 4.888976e+03
2.396645e+04 4.888976e+03
2.148733e+04 4.888976e+03
1.904050e+04 4.888976e+03
1.690339e+04 4.888976e+03
1.506066e+04 4.888976e+03
1.342655e+04 4.888976e+03
1.212484e+04 4.888976e+03
1.097519e+04 4.888976e+03
9.816716e+03 4.888976e+03
8.824350e+03 4.888976e+03
8.156617e+03 4.888976e+03
7.485380e+03 4.888976e+03
6.956693e+03 4.888976e+03
6.412946e+03 4.888976e+03
5.963682e+03 4.888976e+03
5.565350e+03 4.582439e+03
5.216120e+03 4.472566e+03
4.894368e+03 4.171257e+03
4.630944e+03 3.868101e+03
4.340697e+03 3.665308e+03
4.090158e+03 3.475727e+03
3.814523e+03 3.139628e+03
3.608976e+03 3.012309e+03
3.398115e+03 2.897276e+03
3.243220e+03 2.823096e+03
3.121439e+03 2.711976e+03
3.004196e+03 2.605132e+03
2.905286e+03 2.542766e+03
2.834788e+03 2.477151e+03
2.757124e+03 2.426202e+03
2.701174e+03 2.388452e+03
2.645871e+03 2.348685e+03
2.598025e+03 2.326107e+03
2.545601e+03 2.279123e+03
2.473867e+03 2.251484e+03
2.369520e+03 2.213251e+03
2.288344e+03 2.162283e+03
2.231504e+03 2.112557e+03
2.184650e+03 2.080591e+03
2.148639e+03 2.055314e+03
2.121814e+03 2.038087e+03
2.103102e+03 2.024985e+03
2.088522e+03 2.015737e+03
2.072523e+03 2.002251e+03
2.060377e+03 1.988280e+03
2.049854e+03 1.970419e+03
2.042083e+03 1.962538e+03
2.035078e+03 1.957238e+03
2.029861e+03 1.947610e+03
2.025695e+03 1.946625e+03
2.022695e+03 1.943076e+03
2.017293e+03 1.934687e+03
2.014399e+03 1.932442e+03
2.011755e+03 1.930845e+03
2.064008e+10 6.882245e+09
5.067400e+09 4.830845e+03
2.299388e+09 4.830845e+03
1.124451e+09 4.830845e+03
5.082582e+08 4.830845e+03
2.467322e+08 4.830845e+03
1.105596e+08 4.830845e+03
5.911539e+07 4.830845e+03
3.065700e+07 4.830845e+03
1.789719e+07 4.830845e+03
1.111623e+07 4.830845e+03
7.644568e+06 4.830845e+03
5.086804e+06 4.830845e+03
3.733077e+06 4.830845e+03
2.697582e+06 4.830845e+03
2.061092e+06 4.830845e+03
1.608089e+06 4.830845e+03
1.264502e+06 4.830845e+03
9.882443e+05 4.830845e+03
8.141975e+05 4.830845e+03
6.740588e+05 4.830845e+03
5.468128e+05 4.830845e+03
4.715078e+05 4.830845e+03
4.011115e+05 4.830845e+03
3.518255e+05 4.830845e+03
3.049421e+05 4.830845e+03
2.685665e+05 4.830845e+03
2.402700e+05 4.830845e+03
2.054900e+05 4.830845e+03
1.847011e+05 4.830845e+03
1.642248e+05 4.830845e+03
1.445352e+05 4.830845e+03
1.280446e+05 4.830845e+03
1.141853e+05 4.830845e+03
1.026089e+05 4.830845e+03
9.234299e+04 4.830845e+03
8.279118e+04 4.830845e+03
7.663139e+04 4.830845e+03
6.936311e+04 4.830845e+03
6.287246e+04 4.830845e+03
5.607177e+04 4.830845e+03
5.067037e+04 4.830845e+03
4.578428e+04 4.830845e+03
4.180628e+04 4.830845e+03
3.684527e+04 4.830845e+03
3.313211e+04 4.830845e+03
2.932657e+04 4.830845e+03
2.586152e+04 4.830845e+03
2.274688e+04 4.830845e+03
2.032699e+04 4.830845e+03
1.811239e+04 4.830845e+03
1.624914e+04 4.830845e+03
1.452706e+04 4.830845e+03
1.298619e+04 4.830845e+03
1.168087e+04 4.830845e+03
1.060233e+04 4.830845e+03
9.308357e+03 4.830845e+03
8.319791e+03 4.830845e+03
7.491126e+03 4.830845e+03
6.842321e+03 4.830845e+03
6.110422e+03 4.537850e+03
5.554540e+03 4.289719e+03
4.993198e+03 3.835172e+03
4.551981e+03 3.600395e+03
4.131973e+03 3.234413e+03
3.798089e+03 3.064205e+03
3.534816e+03 2.865311e+03
3.323671e+03 2.732668e+03
3.137410e+03 2.672668e+03
3.000937e+03 2.515300e+03
2.877411e+03 2.466403e+03
2.772267e+03 2.405216e+03
2.694403e+03 2.366342e+03
2.629512e+03 2.320709e+03
2.577677e+03 2.293780e+03
2.514742e+03 2.231967e+03
2.470904e+03 2.187445e+03
2.422286e+03 2.178814e+03
2.357943e+03 2.164421e+03
2.256486e+03 2.115185e+03
2.204078e+03 2.073063e+03
2.152296e+03 2.034253e+03
2.109851e+03 2.005191e+03
2.065974e+03 1.968833e+03
2.032781e+03 1.946068e+03
2.002370e+03 1.929107e+03
1.978035e+03 1.905354e+03
1.961216e+03 1.894451e+03
1.942587e+03 1.873782e+03
1.927953e+03 1.862919e+03
1.917207e+03 1.857351e+03
1.908657e+03 1.833327e+03
1.898757e+03 1.827851e+03
1.890285e+03 1.816551e+03
1.882383e+03 1.810751e+03
1.876032e+03 1.793250e+03
1.871049e+03 1.790665e+03
1.867288e+03 1.783111e+03
1.862701e+03 1.772362e+03
1.859910e+03 1.766691e+03
1.856865e+03 1.759522e+03
2.064008e+10 6.882245e+09
4.839139e+09 4.659522e+03
2.341534e+09 4.659522e+03
9.856067e+08 4.659522e+03
4.352375e+08 4.659522e+03
2.066885e+08 4.659522e+03
1.009359e+08 4.659522e+03
4.791654e+07 4.659522e+03
2.562043e+07 4.659522e+03
1.416196e+07 4.659522e+03
8.460229e+06 4.659522e+03
5.564829e+06 4.659522e+03
3.691276e+06 4.659522e+03
2.619101e+06 4.659522e+03
1.901694e+06 4.659522e+03
1.388944e+06 4.659522e+03
1.053353e+06 4.659522e+03
8.517505e+05 4.659522e+03
6.726151e+05 4.659522e+03
5.544611e+05 4.659522e+03
4.637371e+05 4.659522e+03
3.872482e+05 4.659522e+03
3.345909e+05 4.659522e+03
2.839014e+05 4.659522e+03
2.452262e+05 4.659522e+03
2.138107e+05 4.659522e+03
1.896158e+05 4.659522e+03
1.658909e+05 4.659522e+03
1.498479e+05 4.659522e+03
1.332894e+05 4.659522e+03
1.209886e+05 4.659522e+03
1.104205e+05 4.659522e+03
1.019365e+05 4.659522e+03
9.243962e+04 4.659522e+03
8.414376e+04 4.659522e+03
7.690969e+04 4.659522e+03
7.135232e+04 4.659522e+03
6.511412e+04 4.659522e+03
6.000571e+04 4.659522e+03
5.508975e+04 4.659522e+03
5.085650e+04 4.659522e+03
4.628660e+04 4.659522e+03
4.271408e+04 4.659522e+03
3.916080e+04 4.659522e+03
3.524475e+04 4.659522e+03
3.201873e+04 4.659522e+03
2.878544e+04 4.659522e+03
2.601512e+04 4.659522e+03
2.328371e+04 4.659522e+03
2.072449e+04 4.659522e+03
1.839943e+04 4.659522e+03
1.621542e+04 4.659522e+03
1.424609e+04 4.659522e+03
1.278563e+04 4.659522e+03
1.142004e+04 4.659522e+03
9.956772e+03 4.659522e+03
8.876751e+03 4.659522e+03
7.910020e+03 4.659522e+03
7.072723e+03 4.659522e+03
6.458122e+03 4.659522e+03
5.822467e+03 4.544441e+03
5.353851e+03 4.278589e+03
4.956377e+03 4.081048e+03
4.593292e+03 3.759146e+03
4.284612e+03 3.548241e+03
4.012273e+03 3.417692e+03
3.733928e+03 3.135741e+03
3.527716e+03 2.952563e+03
3.340809e+03 2.894348e+03
3.191047e+03 2.670164e+03
3.055632e+03 2.637070e+03
2.930551e+03 2.559831e+03
2.830174e+03 2.474765e+03
2.750924e+03 2.441770e+03
2.683575e+03 2.413292e+03
2.628716e+03 2.326288e+03
2.573342e+03 2.293004e+03
2.524078e+03 2.265981e+03
2.473681e+03 2.239851e+03
2.410224e+03 2.201733e+03
2.301375e+03 2.164713e+03
2.243878e+03 2.126966e+03
2.199309e+03 2.071538e+03
2.160949e+03 2.044051e+03
2.123017e+03 2.028496e+03
2.095254e+03 2.011423e+03
2.071688e+03 1.995546e+03
2.054553e+03 1.976633e+03
2.035615e+03 1.942957e+03
2.019136e+03 1.925240e+03
2.001362e+03 1.908180e+03
1.985880e+03 1.895025e+03
1.969367e+03 1.883049e+03
1.954955e+03 1.863585e+03
1.942930e+03 1.837706e+03
1.930832e+03 1.815584e+03
1.918579e+03 1.808835e+03
1.910561e+03 1.791911e+03
1.901354e+03 1.768613e+03
1.895917e+03 1.764279e+03
1.889497e+03 1.755741e+03
2.064008e+10 6.882245e+09
4.862675e+09 4.655741e+03
2.138575e+09 4.655741e+03
1.017335e+09 4.655741e+03
4.399537e+08 4.655741e+03
2.068377e+08 4.655741e+03
1.012985e+08 4.655741e+03
5.523114e+07 4.655741e+03
3.025203e+07 4.655741e+03
1.750245e+07 4.655741e+03
1.042508e+07 4.655741e+03
6.597316e+06 4.655741e+03
4.427264e+06 4.655741e+03
3.071548e+06 4.655741e+03
2.253114e+06 4.655741e+03
1.706935e+06 4.655741e+03
1.318081e+06 4.655741e+03
1.050009e+06 4.655741e+03
8.390285e+05 4.655741e+03
6.974050e+05 4.655741e+03
5.772532e+05 4.655741e+03
4.951298e+05 4.655741e+03
4.236787e+05 4.655741e+03
3.731304e+05 4.655741e+03
3.298046e+05 4.655741e+03
2.967993e+05 4.655741e+03
2.668563e+05 4.655741e+03
2.398670e+05 4.655741e+03
2.146380e+05 4.655741e+03
1.955467e+05 4.655741e+03
1.762116e+05 4.655741e+03
1.606580e+05 4.655741e+03
1.463605e+05 4.655741e+03
1.338726e+05 4.655741e+03
1.215447e+05 4.655741e+03
1.126087e+05 4.655741e+03
1.020106e+05 4.655741e+03
9.353351e+04 4.655741e+03
8.481550e+04 4.655741e+03
7.714329e+04 4.655741e+03
6.949728e+04 4.655741e+03
6.249277e+04 4.655741e+03
5.511086e+04 4.655741e+03
5.008266e+04 4.655741e+03
4.359520e+04 4.655741e+03
3.870216e+04 4.655741e+03
3.458892e+04 4.655741e+03
3.044616e+04 4.655741e+03
2.677922e+04 4.655741e+03
2.320983e+04 4.655741e+03
2.025990e+04 4.655741e+03
1.765954e+04 4.655741e+03
1.573101e+04 4.655741e+03
1.382764e+04 4.655741e+03
1.217544e+04 4.655741e+03
1.060176e+04 4.655741e+03
9.431544e+03 4.655741e+03
8.364649e+03 4.655741e+03
7.354962e+03 4.655741e+03
6.611227e+03 4.655741e+03
6.004917e+03 4.650639e+03
5.533140e+03 4.404557e+03
5.127734e+03 4.037912e+03
4.776353e+03 4.013708e+03
4.537213e+03 3.787873e+03
4.261688e+03 3.597676e+03
4.025468e+03 3.384867e+03
3.780964e+03 3.235827e+03
3.547803e+03 2.923155e+03
3.317394e+03 2.771924e+03
3.144415e+03 2.715162e+03
3.005595e+03 2.609132e+03
2.892680e+03 2.494105e+03
2.787292e+03 2.417586e+03
2.716167e+03 2.357300e+03
2.650754e+03 2.290223e+03
2.580323e+03 2.262730e+03
2.527085e+03 2.200306e+03
2.458698e+03 2.147347e+03
2.405422e+03 2.126628e+03
2.354369e+03 2.088951e+03
2.317930e+03 2.067106e+03
2.279044e+03 2.043240e+03
2.184154e+03 2.008284e+03
2.124440e+03 1.963970e+03
2.077711e+03 1.948440e+03
2.045400e+03 1.932125e+03
2.016797e+03 1.914932e+03
1.996530e+03 1.896255e+03
1.980352e+03 1.885187e+03
1.961837e+03 1.873969e+03
1.946149e+03 1.859023e+03
1.934921e+03 1.847754e+03
1.922662e+03 1.836039e+03
1.912584e+03 1.824488e+03
1.906970e+03 1.820882e+03
1.899814e+03 1.810633e+03
1.893804e+03 1.801016e+03
1.889928e+03 1.785957e+03
1.886447e+03 1.781865e+03
1.883114e+03 1.772615e+03
2.064008e+10 6.882245e+09
5.019007e+09 4.672615e+03
2.265196e+09 4.672615e+03
1.089745e+09 4.672615e+03
4.907621e+08 4.672615e+03
2.360092e+08 4.672615e+03
1.073594e+08 4.672615e+03
5.302370e+07 4.672615e+03
2.921222e+07 4.672615e+03
1.683024e+07 4.672615e+03
1.006659e+07 4.672615e+03
6.267656e+06 4.672615e+03
4.077810e+06 4.672615e+03
2.928602e+06 4.672615e+03
2.132757e+06 4.672615e+03
1.615959e+06 4.672615e+03
1.273402e+06 4.672615e+03
9.889693e+05 4.672615e+03
8.063003e+05 4.672615e+03
6.571802e+05 4.672615e+03
5.342429e+05 4.672615e+03
4.465905e+05 4.672615e+03
3.783521e+05 4.672615e+03
3.189744e+05 4.672615e+03
2.786880e+05 4.672615e+03
2.398209e+05 4.672615e+03
2.106282e+05 4.672615e+03
1.825951e+05 4.672615e+03
1.613520e+05 4.672615e+03
1.440709e+05 4.672615e+03
1.291061e+05 4.672615e+03
1.165980e+05 4.672615e+03
1.046659e+05 4.672615e+03
9.431804e+04 4.672615e+03
8.451594e+04 4.672615e+03
7.690590e+04 4.672615e+03
6.985950e+04 4.672615e+03
6.448940e+04 4.672615e+03
5.924288e+04 4.672615e+03
5.365025e+04 4.672615e+03
4.830506e+04 4.672615e+03
4.349777e+04 4.672615e+03
3.955865e+04 4.672615e+03
3.533282e+04 4.672615e+03
3.197634e+04 4.672615e+03
2.906454e+04 4.672615e+03
2.615913e+04 4.672615e+03
2.319716e+04 4.672615e+03
2.077910e+04 4.672615e+03
1.842996e+04 4.672615e+03
1.642123e+04 4.672615e+03
1.436446e+04 4.672615e+03
1.270252e+04 4.672615e+03
1.110884e+04 4.672615e+03
9.986513e+03 4.672615e+03
9.004142e+03 4.672615e+03
8.185115e+03 4.672615e+03
7.439169e+03 4.672615e+03
6.805154e+03 4.672615e+03
6.329812e+03 4.672615e+03
5.893832e+03 4.672615e+03
5.464984e+03 4.638418e+03
5.080676e+03 4.183735e+03
4.666367e+03 3.830396e+03
4.325586e+03 3.590386e+03
4.051160e+03 3.415691e+03
3.789527e+03 3.259579e+03
3.574127e+03 3.097737e+03
3.398637e+03 2.941180e+03
3.248856e+03 2.825844e+03
3.108898e+03 2.713055e+03
3.020659e+03 2.624727e+03
2.931195e+03 2.589686e+03
2.865430e+03 2.543749e+03
2.804950e+03 2.499998e+03
2.750843e+03 2.483725e+03
2.702083e+03 2.450865e+03
2.662497e+03 2.426205e+03
2.618590e+03 2.392329e+03
2.573230e+03 2.378350e+03
2.525406e+03 2.332027e+03
2.432907e+03 2.264842e+03
2.356201e+03 2.175623e+03
2.288351e+03 2.127994e+03
2.214584e+03 2.061878e+03
2.154959e+03 1.999814e+03
2.102248e+03 1.936864e+03
2.058010e+03 1.929561e+03
2.024634e+03 1.908550e+03
1.995588e+03 1.884233e+03
1.968344e+03 1.856536e+03
1.945817e+03 1.830035e+03
1.927928e+03 1.814237e+03
1.915501e+03 1.792728e+03
1.901603e+03 1.786109e+03
1.890431e+03 1.776473e+03
1.881050e+03 1.756832e+03
1.873023e+03 1.746122e+03
1.866518e+03 1.734179e+03
1.859270e+03 1.721454e+03
1.852172e+03 1.712988e+03
2.064008e+10 6.882245e+09
4.851970e+09 4.612988e+03
2.246332e+09 4.612988e+03
1.052611e+09 4.612988e+03
5.127578e+08 4.612988e+03
2.410355e+08 4.612988e+03
1.227597e+08 4.612988e+03
6.195138e+07 4.612988e+03
3.298314e+07 4.612988e+03
1.911706e+07 4.612988e+03
1.240854e+07 4.612988e+03
8.077616e+06 4.612988e+03
5.696322e+06 4.612988e+03
4.164059e+06 4.612988e+03
3.181944e+06 4.612988e+03
2.359957e+06 4.612988e+03
1.850108e+06 4.612988e+03
1.430418e+06 4.612988e+03
1.167089e+06 4.612988e+03
9.496944e+05 4.612988e+03
7.947746e+05 4.612988e+03
6.657590e+05 4.612988e+03
5.744476e+05 4.612988e+03
4.884997e+05 4.612988e+03
4.320913e+05 4.612988e+03
3.737671e+05 4.612988e+03
3.300155e+05 4.612988e+03
2.889878e+05 4.612988e+03
2.585417e+05 4.612988e+03
2.262383e+05 4.612988e+03
2.035743e+05 4.612988e+03
1.826054e+05 4.612988e+03
1.641061e+05 4.612988e+03
1.471616e+05 4.612988e+03
1.320983e+05 4.612988e+03
1.192914e+05 4.612988e+03
1.092467e+05 4.612988e+03
9.988489e+04 4.612988e+03
9.018545e+04 4.612988e+03
8.091234e+04 4.612988e+03
7.364860e+04 4.612988e+03
6.610543e+04 4.612988e+03
5.900752e+04 4.612988e+03
5.352118e+04 4.612988e+03
4.834339e+04 4.612988e+03
4.318691e+04 4.612988e+03
3.877205e+04 4.612988e+03
3.430230e+04 4.612988e+03
3.071766e+04 4.612988e+03
2.675329e+04 4.612988e+03
2.381421e+04 4.612988e+03
2.082600e+04 4.612988e+03
1.798075e+04 4.612988e+03
1.584818e+04 4.612988e+03
1.392581e+04 4.612988e+03
1.235605e+04 4.612988e+03
1.094409e+04 4.612988e+03
9.869050e+03 4.612988e+03
8.957262e+03 4.612988e+03
8.128875e+03 4.612988e+03
7.420476e+03 4.612988e+03
6.764729e+03 4.612988e+03
6.273850e+03 4.612988e+03
5.827304e+03 4.612988e+03
5.458348e+03 4.573194e+03
5.061620e+03 4.208012e+03
4.707482e+03 3.900249e+03
4.394277e+03 3.576383e+03
4.101010e+03 3.396506e+03
3.859299e+03 3.209665e+03
3.658659e+03 3.086979e+03
3.465468e+03 2.932041e+03
3.327782e+03 2.892364e+03
3.196109e+03 2.803716e+03
3.089368e+03 2.738648e+03
2.993008e+03 2.665672e+03
2.914662e+03 2.599155e+03
2.843275e+03 2.530048e+03
2.768232e+03 2.493626e+03
2.704237e+03 2.431592e+03
2.649280e+03 2.395743e+03
2.600214e+03 2.372930e+03
2.559122e+03 2.347604e+03
2.527854e+03 2.305364e+03
2.488233e+03 2.277177e+03
2.461084e+03 2.251402e+03
2.427998e+03 2.236367e+03
2.397353e+03 2.206422e+03
2.366833e+03 2.192707e+03
2.320364e+03 2.152714e+03
2.270859e+03 2.131183e+03
2.238677e+03 2.118146e+03
2.211337e+03 2.090801e+03
2.192438e+03 2.075271e+03
2.176680e+03 2.066381e+03
2.164477e+03 2.042952e+03
2.154270e+03 2.028605e+03
2.144812e+03 2.016548e+03
2.138200e+03 2.003691e+03
2.130495e+03 1.991817e+03
2.124258e+03 1.981556e+03
2.064008e+10 6.882245e+09
5.048324e+09 4.881556e+03
2.402575e+09 4.881556e+03
1.117026e+09 4.881556e+03
5.039255e+08 4.881556e+03
2.288926e+08 4.881556e+03
1.068420e+08 4.881556e+03
5.293132e+07 4.881556e+03
2.838364e+07 4.881556e+03
1.536007e+07 4.881556e+03
9.000387e+06 4.881556e+03
5.454182e+06 4.881556e+03
3.716035e+06 4.881556e+03
2.573455e+06 4.881556e+03
1.912452e+06 4.881556e+03
1.405464e+06 4.881556e+03
1.099687e+06 4.881556e+03
8.546712e+05 4.881556e+03
7.030280e+05 4.881556e+03
5.746503e+05 4.881556e+03
4.846379e+05 4.881556e+03
4.078077e+05 4.881556e+03
3.494360e+05 4.881556e+03
2.976873e+05 4.881556e+03
2.559694e+05 4.881556e+03
2.224839e+05 4.881556e+03
1.952375e+05 4.881556e+03
1.698128e+05 4.881556e+03
1.539401e+05 4.881556e+03
1.363482e+05 4.881556e+03
1.222408e+05 4.881556e+03
1.095081e+05 4.881556e+03
9.944171e+04 4.881556e+03
9.043449e+04 4.881556e+03
8.256127e+04 4.881556e+03
7.523087e+04 4.881556e+03
6.944039e+04 4.881556e+03
6.324495e+04 4.881556e+03
5.885820e+04 4.881556e+03
5.396226e+04 4.881556e+03
4.964051e+04 4.881556e+03
4.546640e+04 4.881556e+03
4.192048e+04 4.881556e+03
3.838447e+04 4.881556e+03
3.488730e+04 4.881556e+03
3.166448e+04 4.881556e+03
2.905956e+04 4.881556e+03
2.619347e+04 4.881556e+03
2.297077e+04 4.881556e+03
2.067298e+04 4.881556e+03
1.851392e+04 4.881556e+03
1.637270e+04 4.881556e+03
1.441201e+04 4.881556e+03
1.278389e+04 4.881556e+03
1.135814e+04 4.881556e+03
1.008608e+04 4.881556e+03
9.024711e+03 4.881556e+03
8.079517e+03 4.881556e+03
7.209553e+03 4.881556e+03
6.573474e+03 4.881556e+03
5.929127e+03 4.643622e+03
5.439361e+03 4.276619e+03
5.059272e+03 3.968987e+03
4.735593e+03 3.831017e+03
4.381110e+03 3.668622e+03
4.140648e+03 3.413481e+03
3.890350e+03 3.314162e+03
3.669852e+03 3.201016e+03
3.488055e+03 3.095591e+03
3.345798e+03 2.988760e+03
3.194710e+03 2.816052e+03
3.067357e+03 2.733650e+03
2.949848e+03 2.663796e+03
2.870966e+03 2.597552e+03
2.805400e+03 2.560674e+03
2.748980e+03 2.502611e+03
2.689329e+03 2.456972e+03
2.641158e+03 2.422871e+03
2.595787e+03 2.387489e+03
2.557345e+03 2.352228e+03
2.524965e+03 2.322625e+03
2.488717e+03 2.290433e+03
2.457399e+03 2.258173e+03
2.427304e+03 2.234496e+03
2.379914e+03 2.210994e+03
2.320006e+03 2.172850e+03
2.278131e+03 2.143296e+03
2.242458e+03 2.122320e+03
2.209065e+03 2.096539e+03
2.183914e+03 2.078711e+03
2.160864e+03 2.059217e+03
2.141311e+03 2.028076e+03
2.122384e+03 2.012669e+03
2.106616e+03 2.003279e+03
2.094804e+03 1.997954e+03
2.084508e+03 1.984326e+03
2.076227e+03 1.973785e+03
2.066675e+03 1.969994e+03
2.060785e+03 1.954959e+03
2.055503e+03 1.949940e+03
2.050351e+03 1.943641e+03
2.064008e+10 6.882245e+09
4.578525e+09 4.843641e+03
2.002255e+09 4.843641e+03
9.668239e+08 4.843641e+03
4.267258e+08 4.843641e+03
1.985612e+08 4.843641e+03
9.402708e+07 4.843641e+03
4.623427e+07 4.843641e+03
2.411202e+07 4.843641e+03
1.435476e+07 4.843641e+03
9.152964e+06 4.843641e+03
5.973398e+06 4.843641e+03
4.163557e+06 4.843641e+03
2.900126e+06 4.843641e+03
2.091087e+06 4.843641e+03
1.571053e+06 4.843641e+03
1.179162e+06 4.843641e+03
9.359901e+05 4.843641e+03
7.601508e+05 4.843641e+03
6.269181e+05 4.843641e+03
5.011938e+05 4.843641e+03
4.193382e+05 4.843641e+03
3.550299e+05 4.843641e+03
3.060187e+05 4.843641e+03
2.682092e+05 4.843641e+03
2.371209e+05 4.843641e+03
2.068086e+05 4.843641e+03
1.847767e+05 4.843641e+03
1.646430e+05 4.843641e+03
1.468434e+05 4.843641e+03
1.329743e+05 4.843641e+03
1.194011e+05 4.843641e+03
1.073563e+05 4.843641e+03
9.814594e+04 4.843641e+03
9.032396e+04 4.843641e+03
8.178331e+04 4.843641e+03
7.469181e+04 4.843641e+03
6.779468e+04 4.843641e+03
6.108244e+04 4.843641e+03
5.506110e+04 4.843641e+03
4.943173e+04 4.843641e+03
4.430181e+04 4.843641e+03
3.911939e+04 4.843641e+03
3.493873e+04 4.843641e+03
3.104370e+04 4.843641e+03
2.783707e+04 4.843641e+03
2.463135e+04 4.843641e+03
2.172780e+04 4.843641e+03
1.902747e+04 4.843641e+03
1.691051e+04 4.843641e+03
1.500658e+04 4.843641e+03
1.353346e+04 4.843641e+03
1.207986e+04 4.843641e+03
1.072325e+04 4.843641e+03
9.553287e+03 4.843641e+03
8.572203e+03 4.843641e+03
7.656011e+03 4.843641e+03
6.904976e+03 4.843641e+03
6.259064e+03 4.808766e+03
5.772362e+03 4.587426e+03
5.305281e+03 4.335471e+03
4.928417e+03 4.004133e+03
4.594401e+03 3.982257e+03
4.336713e+03 3.726851e+03
4.079144e+03 3.553061e+03
3.864989e+03 3.323074e+03
3.663459e+03 3.220000e+03
3.491976e+03 3.009350e+03
3.316623e+03 2.832064e+03
3.170230e+03 2.766981e+03
3.044062e+03 2.665465e+03
2.931798e+03 2.579042e+03
2.838338e+03 2.522699e+03
2.755099e+03 2.447926e+03
2.680975e+03 2.413410e+03
2.621711e+03 2.354237e+03
2.558349e+03 2.332699e+03
2.516574e+03 2.295178e+03
2.479656e+03 2.253284e+03
2.450576e+03 2.250052e+03
2.423536e+03 2.233378e+03
2.387003e+03 2.205421e+03
2.358449e+03 2.178901e+03
2.336412e+03 2.176193e+03
2.312997e+03 2.159972e+03
2.258236e+03 2.136406e+03
2.212964e+03 2.106505e+03
2.181289e+03 2.070289e+03
2.152978e+03 2.048465e+03
2.130477e+03 2.026432e+03
2.111467e+03 2.014997e+03
2.094244e+03 1.999742e+03
2.076104e+03 1.978625e+03
2.062457e+03 1.959825e+03
2.050870e+03 1.955514e+03
2.042688e+03 1.935746e+03
2.032882e+03 1.935746e+03
2.025721e+03 1.925777e+03
2.021532e+03 1.922450e+03
2.016003e+03 1.920822e+03
2.011580e+03 1.914458e+03
2.064008e+10 6.882245e+09
4.908407e+09 4.815598e+03
2.381331e+09 4.815598e+03
1.032068e+09 4.815598e+03
4.772083e+08 4.815598e+03
2.102995e+08 4.815598e+03
1.055718e+08 4.815598e+03
5.193242e+07 4.815598e+03
2.916720e+07 4.815598e+03
1.697161e+07 4.815598e+03
1.075250e+07 4.815598e+03
7.224778e+06 4.815598e+03
5.005725e+06 4.815598e+03
3.415698e+06 4.815598e+03
2.520956e+06 4.815598e+03
1.863570e+06 4.815598e+03
1.445555e+06 4.815598e+03
1.099386e+06 4.815598e+03
8.854611e+05 4.815598e+03
7.096046e+05 4.815598e+03
5.799084e+05 4.815598e+03
4.948256e+05 4.815598e+03
4.080818e+05 4.815598e+03
3.448712e+05 4.815598e+03
2.885855e+05 4.815598e+03
2.433551e+05 4.815598e+03
2.132452e+05 4.815598e+03
1.856632e+05 4.815598e+03
1.611409e+05 4.815598e+03
1.414815e+05 4.815598e+03
1.287630e+05 4.815598e+03
1.157759e+05 4.815598e+03
1.066685e+05 4.815598e+03
9.672580e+04 4.815598e+03
8.842094e+04 4.815598e+03
7.963864e+04 4.815598e+03
7.256154e+04 4.815598e+03
6.565071e+04 4.815598e+03
6.077812e+04 4.815598e+03
5.517639e+04 4.815598e+03
5.054019e+04 4.815598e+03
4.638692e+04 4.815598e+03
4.211615e+04 4.815598e+03
3.827494e+04 4.815598e+03
3.479795e+04 4.815598e+03
3.104921e+04 4.815598e+03
2.814672e+04 4.815598e+03
2.492906e+04 4.815598e+03
2.235084e+04 4.815598e+03
1.987210e+04 4.815598e+03
1.785790e+04 4.815598e+03
1.598125e+04 4.815598e+03
1.428700e+04 4.815598e+03
1.271657e+04 4.815598e+03
1.132791e+04 4.815598e+03
1.019725e+04 4.815598e+03
9.108537e+03 4.815598e+03
8.112830e+03 4.815598e+03
7.152226e+03 4.815598e+03
6.383723e+03 4.680320e+03
5.797183e+03 4.215044e+03
5.294450e+03 4.032274e+03
4.865820e+03 3.849865e+03
4.432087e+03 3.517048e+03
4.105373e+03 3.356938e+03
3.814252e+03 3.102621e+03
3.595054e+03 2.982170e+03
3.379942e+03 2.867578e+03
3.235663e+03 2.827238e+03
3.110863e+03 2.712451e+03
2.995530e+03 2.670155e+03
2.899936e+03 2.600269e+03
2.805513e+03 2.492501e+03
2.720283e+03 2.431142e+03
2.655469e+03 2.422750e+03
2.605471e+03 2.385927e+03
2.559524e+03 2.331795e+03
2.511013e+03 2.291893e+03
2.465554e+03 2.255864e+03
2.422621e+03 2.222646e+03
2.383556e+03 2.173153e+03
2.348817e+03 2.168791e+03
2.322178e+03 2.131137e+03
2.284589e+03 2.111824e+03
2.231587e+03 2.082910e+03
2.180545e+03 2.066945e+03
2.142026e+03 2.027504e+03
2.111316e+03 2.017574e+03
2.084434e+03 1.983315e+03
2.058986e+03 1.950038e+03
2.036868e+03 1.930903e+03
2.015982e+03 1.923302e+03
1.997151e+03 1.904851e+03
1.983106e+03 1.890542e+03
1.968806e+03 1.879467e+03
1.958082e+03 1.868750e+03
1.949954e+03 1.863045e+03
1.942245e+03 1.854337e+03
1.936914e+03 1.844667e+03
1.932217e+03 1.837465e+03
1.927802e+03 1.832496e+03
2.064008e+10 6.882245e+09
4.869434e+09 4.732496e+03
2.306661e+09 4.732496e+03
1.017857e+09 4.732496e+03
4.610973e+08 4.732496e+03
2.251368e+08 4.732496e+03
1.171467e+08 4.732496e+03
5.763136e+07 4.732496e+03
3.051798e+07 4.732496e+03
1.853822e+07 4.732496e+03
1.139788e+07 4.732496e+03
7.502482e+06 4.732496e+03
5.066849e+06 4.732496e+03
3.539700e+06 4.732496e+03
2.538642e+06 4.732496e+03
1.950936e+06 4.732496e+03
1.457462e+06 4.732496e+03
1.138695e+06 4.732496e+03
8.848780e+05 4.732496e+03
7.326474e+05 4.732496e+03
6.081326e+05 4.732496e+03
5.104152e+05 4.732496e+03
4.462481e+05 4.732496e+03
3.892899e+05 4.732496e+03
3.367805e+05 4.732496e+03
2.925863e+05 4.732496e+03
2.563438e+05 4.732496e+03
2.211418e+05 4.732496e+03
1.999862e+05 4.732496e+03
1.789765e+05 4.732496e+03
1.606754e+05 4.732496e+03
1.458966e+05 4.732496e+03
1.302684e+05 4.732496e+03
1.174886e+05 4.732496e+03
1.053775e+05 4.732496e+03
9.598668e+04 4.732496e+03
8.675716e+04 4.732496e+03
7.939452e+04 4.732496e+03
7.215420e+04 4.732496e+03
6.658772e+04 4.732496e+03
6.100571e+04 4.732496e+03
5.581707e+04 4.732496e+03
5.030966e+04 4.732496e+03
4.596820e+04 4.732496e+03
4.166851e+04 4.732496e+03
3.791185e+04 4.732496e+03
3.439879e+04 4.732496e+03
3.076497e+04 4.732496e+03
2.747151e+04 4.732496e+03
2.387470e+04 4.732496e+03
2.140567e+04 4.732496e+03
1.888251e+04 4.732496e+03
1.691694e+04 4.732496e+03
1.501706e+04 4.732496e+03
1.335037e+04 4.732496e+03
1.200674e+04 4.732496e+03
1.080892e+04 4.732496e+03
9.782938e+03 4.732496e+03
8.775675e+03 4.732496e+03
8.004173e+03 4.732496e+03
7.168718e+03 4.732496e+03
6.387140e+03 4.677423e+03
5.770977e+03 4.211768e+03
5.227383e+03 3.821590e+03
4.738688e+03 3.576219e+03
4.339364e+03 3.274040e+03
3.971038e+03 3.227137e+03
3.664059e+03 3.123960e+03
3.459472e+03 2.913292e+03
3.285431e+03 2.840150e+03
3.143062e+03 2.711083e+03
3.006617e+03 2.624942e+03
2.899597e+03 2.546939e+03
2.803184e+03 2.505498e+03
2.722047e+03 2.434887e+03
2.663773e+03 2.392792e+03
2.600500e+03 2.339440e+03
2.554882e+03 2.314368e+03
2.507416e+03 2.262380e+03
2.450706e+03 2.241403e+03
2.415107e+03 2.193206e+03
2.381112e+03 2.189616e+03
2.299962e+03 2.155628e+03
2.242175e+03 2.136902e+03
2.202759e+03 2.098029e+03
2.173084e+03 2.077932e+03
2.148094e+03 2.036412e+03
2.122880e+03 2.023891e+03
2.102051e+03 2.017088e+03
2.085282e+03 2.008173e+03
2.068774e+03 1.992433e+03
2.056810e+03 1.988480e+03
2.044769e+03 1.978975e+03
2.038276e+03 1.977213e+03
2.032243e+03 1.969865e+03
2.027617e+03 1.960566e+03
2.023524e+03 1.958526e+03
2.019518e+03 1.944939e+03
2.015947e+03 1.940938e+03
2.012805e+03 1.936191e+03
2.010719e+03 1.928852e+03
2.064008e+10 6.882245e+09
5.104379e+09 4.828960e+03
2.357242e+09 4.828960e+03
1.022359e+09 4.828960e+03
4.565607e+08 4.828960e+03
2.148233e+08 4.828960e+03
1.103595e+08 4.828960e+03
5.682730e+07 4.828960e+03
3.229197e+07 4.828960e+03
1.742193e+07 4.828960e+03
1.039191e+07 4.828960e+03
6.540137e+06 4.828960e+03
4.342063e+06 4.828960e+03
2.992075e+06 4.828960e+03
2.213687e+06 4.828960e+03
1.613466e+06 4.828960e+03
1.212754e+06 4.828960e+03
9.289110e+05 4.828960e+03
7.395630e+05 4.828960e+03
5.813901e+05 4.828960e+03
4.685650e+05 4.828960e+03
3.850130e+05 4.828960e+03
3.261254e+05 4.828960e+03
2.779052e+05 4.828960e+03
2.418221e+05 4.828960e+03
2.102766e+05 4.828960e+03
1.840185e+05 4.828960e+03
1.630794e+05 4.828960e+03
1.451909e+05 4.828960e+03
1.297701e+05 4.828960e+03
1.176910e+05 4.828960e+03
1.056010e+05 4.828960e+03
9.500216e+04 4.828960e+03
8.462952e+04 4.828960e+03
7.794249e+04 4.828960e+03
7.067661e+04 4.828960e+03
6.430335e+04 4.828960e+03
5.895520e+04 4.828960e+03
5.431162e+04 4.828960e+03
4.938888e+04 4.828960e+03
4.484229e+04 4.828960e+03
4.069202e+04 4.828960e+03
3.752429e+04 4.828960e+03
3.413271e+04 4.828960e+03
3.128739e+04 4.828960e+03
2.845201e+04 4.828960e+03
2.566086e+04 4.828960e+03
2.293656e+04 4.828960e+03
2.096961e+04 4.828960e+03
1.886438e+04 4.828960e+03
1.699997e+04 4.828960e+03
1.527436e+04 4.828960e+03
1.391757e+04 4.828960e+03
1.245520e+04 4.828960e+03
1.120767e+04 4.828960e+03
1.002786e+04 4.828960e+03
9.028446e+03 4.828960e+03
8.107744e+03 4.828960e+03
7.378229e+03 4.828960e+03
6.750827e+03 4.828960e+03
6.145474e+03 4.828960e+03
5.671521e+03 4.575083e+03
5.218201e+03 4.245241e+03
4.815096e+03 3.908360e+03
4.462593e+03 3.774400e+03
4.192421e+03 3.518806e+03
3.913199e+03 3.303691e+03
3.653285e+03 3.079670e+03
3.417532e+03 2.911716e+03
3.233492e+03 2.785143e+03
3.080537e+03 2.688285e+03
2.954208e+03 2.636869e+03
2.853337e+03 2.565072e+03
2.774323e+03 2.523021e+03
2.704294e+03 2.430660e+03
2.633463e+03 2.381955e+03
2.575867e+03 2.320405e+03
2.528442e+03 2.302761e+03
2.487849e+03 2.275667e+03
2.448249e+03 2.253074e+03
2.399777e+03 2.227912e+03
2.317608e+03 2.191445e+03
2.276756e+03 2.160004e+03
2.244145e+03 2.144358e+03
2.216626e+03 2.124415e+03
2.190327e+03 2.105452e+03
2.168251e+03 2.086999e+03
2.151912e+03 2.075267e+03
2.136386e+03 2.062074e+03
2.121475e+03 2.051222e+03
2.111378e+03 2.045894e+03
2.100196e+03 2.038991e+03
2.092023e+03 2.032735e+03
2.083734e+03 2.025764e+03
2.079762e+03 2.021277e+03
2.075790e+03 2.018318e+03
2.071809e+03 2.007821e+03
2.069588e+03 1.996348e+03
2.066832e+03 1.990199e+03
2.064389e+03 1.987471e+03
2.062115e+03 1.987117e+03
2.064008e+10 6.882245e+09
4.810780e+09 4.887117e+03
2.039102e+09 4.887117e+03
9.476856e+08 4.887117e+03
4.234025e+08 4.887117e+03
1.960102e+08 4.887117e+03
9.861567e+07 4.887117e+03
5.097736e+07 4.887117e+03
2.896867e+07 4.887117e+03
1.646170e+07 4.887117e+03
1.027792e+07 4.887117e+03
6.410731e+06 4.887117e+03
4.352067e+06 4.887117e+03
3.089751e+06 4.887117e+03
2.241223e+06 4.887117e+03
1.661738e+06 4.887117e+03
1.293345e+06 4.887117e+03
1.018399e+06 4.887117e+03
7.926330e+05 4.887117e+03
6.508120e+05 4.887117e+03
5.348873e+05 4.887117e+03
4.379259e+05 4.887117e+03
3.744192e+05 4.887117e+03
3.229493e+05 4.887117e+03
2.827521e+05 4.887117e+03
2.442750e+05 4.887117e+03
2.145376e+05 4.887117e+03
1.896954e+05 4.887117e+03
1.715094e+05 4.887117e+03
1.558198e+05 4.887117e+03
1.388071e+05 4.887117e+03
1.251982e+05 4.887117e+03
1.123081e+05 4.887117e+03
1.004600e+05 4.887117e+03
9.028612e+04 4.887117e+03
8.144983e+04 4.887117e+03
7.351464e+04 4.887117e+03
6.718699e+04 4.887117e+03
6.166641e+04 4.887117e+03
5.560782e+04 4.887117e+03
5.076184e+04 4.887117e+03
4.611368e+04 4.887117e+03
4.213189e+04 4.887117e+03
3.820669e+04 4.887117e+03
3.455973e+04 4.887117e+03
3.083027e+04 4.887117e+03
2.764067e+04 4.887117e+03
2.468143e+04 4.887117e+03
2.200636e+04 4.887117e+03
1.974202e+04 4.887117e+03
1.773787e+04 4.887117e+03
1.607867e+04 4.887117e+03
1.445196e+04 4.887117e+03
1.293644e+04 4.887117e+03
1.185875e+04 4.887117e+03
1.064866e+04 4.887117e+03
9.712180e+03 4.887117e+03
8.833370e+03 4.887117e+03
8.081132e+03 4.887117e+03
7.487644e+03 4.887117e+03
6.973756e+03 4.887117e+03
6.511203e+03 4.887117e+03
6.069054e+03 4.887117e+03
5.649609e+03 4.707204e+03
5.290180e+03 4.395511e+03
4.980089e+03 4.169406e+03
4.676973e+03 3.949418e+03
4.408407e+03 3.555231e+03
4.104064e+03 3.387210e+03
3.818596e+03 3.137889e+03
3.631753e+03 2.978331e+03
3.464154e+03 2.795133e+03
3.273442e+03 2.706151e+03
3.090575e+03 2.630504e+03
2.980406e+03 2.568080e+03
2.887251e+03 2.460492e+03
2.797404e+03 2.404856e+03
2.717480e+03 2.369719e+03
2.651057e+03 2.348908e+03
2.602647e+03 2.303519e+03
2.558713e+03 2.269144e+03
2.507308e+03 2.257296e+03
2.441540e+03 2.215690e+03
2.350997e+03 2.135865e+03
2.287556e+03 2.091401e+03
2.234844e+03 2.052819e+03
2.191018e+03 2.012191e+03
2.153349e+03 1.971050e+03
2.120582e+03 1.945645e+03
2.091282e+03 1.932313e+03
2.067442e+03 1.912145e+03
2.043588e+03 1.895435e+03
2.025713e+03 1.880058e+03
2.011444e+03 1.872436e+03
1.998941e+03 1.866242e+03
1.986850e+03 1.859804e+03
1.979928e+03 1.846863e+03
1.969170e+03 1.843017e+03
1.963987e+03 1.833564e+03
1.960276e+03 1.831162e+03
1.956575e+03 1.825076e+03
2.064008e+10 6.882245e+09
5.094336e+09 4.725076e+03
2.294262e+09 4.725076e+03
1.090316e+09 4.725076e+03
4.812658e+08 4.725076e+03
2.294906e+08 4.725076e+03
1.095337e+08 4.725076e+03
5.409012e+07 4.725076e+03
3.058039e+07 4.725076e+03
1.769632e+07 4.725076e+03
1.139377e+07 4.725076e+03
7.088590e+06 4.725076e+03
5.005279e+06 4.725076e+03
3.535560e+06 4.725076e+03
2.689951e+06 4.725076e+03
2.061751e+06 4.725076e+03
1.578828e+06 4.725076e+03
1.298624e+06 4.725076e+03
1.046100e+06 4.725076e+03
8.491630e+05 4.725076e+03
7.211356e+05 4.725076e+03
6.126890e+05 4.725076e+03
5.317120e+05 4.725076e+03
4.630825e+05 4.725076e+03
3.993561e+05 4.725076e+03
3.454237e+05 4.725076e+03
3.036052e+05 4.725076e+03
2.705199e+05 4.725076e+03
2.383191e+05 4.725076e+03
2.154510e+05 4.725076e+03
1.933150e+05 4.725076e+03
1.767084e+05 4.725076e+03
1.604980e+05 4.725076e+03
1.456453e+05 4.725076e+03
1.314962e+05 4.725076e+03
1.195812e+05 4.725076e+03
1.095029e+05 4.725076e+03
9.905886e+04 4.725076e+03
9.025923e+04 4.725076e+03
8.107285e+04 4.725076e+03
7.137134e+04 4.725076e+03
6.419264e+04 4.725076e+03
5.643058e+04 4.725076e+03
4.972465e+04 4.725076e+03
4.407570e+04 4.725076e+03
3.886438e+04 4.725076e+03
3.419781e+04 4.725076e+03
3.012738e+04 4.725076e+03
2.618985e+04 4.725076e+03
2.290864e+04 4.725076e+03
2.000173e+04 4.725076e+03
1.730161e+04 4.725076e+03
1.467851e+04 4.725076e+03
1.274048e+04 4.725076e+03
1.092442e+04 4.725076e+03
9.431810e+03 4.725076e+03
8.293164e+03 4.725076e+03
7.351464e+03 4.725076e+03
6.583941e+03 4.725076e+03
6.012551e+03 4.725076e+03
5.474718e+03 4.402542e+03
5.012918e+03 3.912586e+03
4.605061e+03 3.787583e+03
4.279801e+03 3.583900e+03
4.018957e+03 3.418571e+03
3.817066e+03 3.340539e+03
3.658350e+03 3.209477e+03
3.508785e+03 3.082607e+03
3.376669e+03 2.990068e+03
3.251979e+03 2.850690e+03
3.135857e+03 2.728764e+03
3.018786e+03 2.633409e+03
2.918018e+03 2.539098e+03
2.826326e+03 2.488955e+03
2.736763e+03 2.394170e+03
2.661918e+03 2.324324e+03
2.585935e+03 2.249458e+03
2.520086e+03 2.198812e+03
2.445649e+03 2.164778e+03
2.390461e+03 2.119198e+03
2.339203e+03 2.075856e+03
2.292093e+03 2.050510e+03
2.242133e+03 2.019224e+03
2.150110e+03 1.996188e+03
2.083679e+03 1.913953e+03
2.034823e+03 1.907536e+03
1.994139e+03 1.892889e+03
1.969720e+03 1.880263e+03
1.943886e+03 1.861256e+03
1.925476e+03 1.834145e+03
1.908992e+03 1.833656e+03
1.895487e+03 1.827796e+03
1.883879e+03 1.821304e+03
1.875578e+03 1.815662e+03
1.866897e+03 1.807133e+03
1.861862e+03 1.802971e+03
1.857813e+03 1.798262e+03
1.854964e+03 1.797186e+03
1.851675e+03 1.790036e+03
1.849768e+03 1.787476e+03
1.847774e+03 1.784433e+03
2.064008e+10 6.882245e+09
4.959653e+09 4.684433e+03
2.308003e+09 4.684433e+03
1.133051e+09 4.684433e+03
5.155334e+08 4.684433e+03
2.428792e+08 4.684433e+03
1.117856e+08 4.684433e+03
5.658514e+07 4.684433e+03
2.880433e+07 4.684433e+03
1.700073e+07 4.684433e+03
1.018184e+07 4.684433e+03
6.765357e+06 4.684433e+03
4.577621e+06 4.684433e+03
3.212964e+06 4.684433e+03
2.363228e+06 4.684433e+03
1.787225e+06 4.684433e+03
1.348953e+06 4.684433e+03
1.037625e+06 4.684433e+03
8.112493e+05 4.684433e+03
6.604469e+05 4.684433e+03
5.401149e+05 4.684433e+03
4.500153e+05 4.684433e+03
3.790431e+05 4.684433e+03
3.213606e+05 4.684433e+03
2.754702e+05 4.684433e+03
2.379860e+05 4.684433e+03
2.073796e+05 4.684433e+03
1.857746e+05 4.684433e+03
1.630253e+05 4.684433e+03
1.444067e+05 4.684433e+03
1.297874e+05 4.684433e+03
1.193601e+05 4.684433e+03
1.088427e+05 4.684433e+03
9.956299e+04 4.684433e+03
8.987393e+04 4.684433e+03
8.149494e+04 4.684433e+03
7.434363e+04 4.684433e+03
6.851757e+04 4.684433e+03
6.260510e+04 4.684433e+03
5.736840e+04 4.684433e+03
5.170977e+04 4.684433e+03
4.724665e+04 4.684433e+03
4.299251e+04 4.684433e+03
3.934232e+04 4.684433e+03
3.571809e+04 4.684433e+03
3.208348e+04 4.684433e+03
2.901238e+04 4.684433e+03
2.640987e+04 4.684433e+03
2.387754e+04 4.684433e+03
2.139831e+04 4.684433e+03
1.902547e+04 4.684433e+03
1.701685e+04 4.684433e+03
1.496153e+04 4.684433e+03
1.333420e+04 4.684433e+03
1.193686e+04 4.684433e+03
1.067299e+04 4.684433e+03
9.452447e+03 4.684433e+03
8.584711e+03 4.684433e+03
7.879769e+03 4.684433e+03
7.269274e+03 4.684433e+03
6.721985e+03 4.684433e+03
6.303386e+03 4.684433e+03
5.907332e+03 4.684433e+03
5.627235e+03 4.684433e+03
5.324576e+03 4.636107e+03
5.090304e+03 4.525900e+03
4.878071e+03 4.322315e+03
4.692282e+03 4.176024e+03
4.463578e+03 3.919390e+03
4.228765e+03 3.655153e+03
4.025143e+03 3.338007e+03
3.821320e+03 3.327503e+03
3.643027e+03 3.092558e+03
3.480281e+03 2.999660e+03
3.327948e+03 2.835710e+03
3.215515e+03 2.763646e+03
3.082883e+03 2.671162e+03
2.988185e+03 2.647235e+03
2.908825e+03 2.564602e+03
2.849694e+03 2.533618e+03
2.787717e+03 2.447992e+03
2.738405e+03 2.418243e+03
2.695984e+03 2.351696e+03
2.610719e+03 2.273857e+03
2.485170e+03 2.218023e+03
2.381121e+03 2.147763e+03
2.315453e+03 2.089167e+03
2.254779e+03 2.050291e+03
2.205403e+03 1.994092e+03
2.157411e+03 1.940279e+03
2.115833e+03 1.904326e+03
2.073364e+03 1.867823e+03
2.036376e+03 1.825519e+03
2.002493e+03 1.803333e+03
1.976704e+03 1.771353e+03
1.953433e+03 1.741830e+03
1.931446e+03 1.721633e+03
1.911775e+03 1.689045e+03
1.896833e+03 1.676798e+03
1.884526e+03 1.655590e+03
1.874394e+03 1.613695e+03
