0 2.122079e+01
30092 2.105401e+01 2.284691e-01 2.105401e+01
60413 2.087983e+01 2.296371e-01 2.087983e+01
90427 2.087983e+01 2.316484e-01 2.087983e+01
120138 2.079482e+01 2.301653e-01 2.079482e+01
150060 2.069863e+01 2.300179e-01 2.069863e+01
180182 2.066842e+01 2.293826e-01 2.066842e+01
210491 2.057904e+01 2.294748e-01 2.057904e+01
240475 2.054487e+01 2.297228e-01 2.054487e+01
270141 2.046688e+01 2.297655e-01 2.046688e+01
300463 2.046688e+01 2.293765e-01 2.046688e+01
330450 2.043442e+01 2.288409e-01 2.043442e+01
360109 2.043322e+01 2.284082e-01 2.043322e+01
390381 2.043148e+01 2.282945e-01 2.043148e+01
420306 2.038852e+01 2.285854e-01 2.038852e+01
450354 2.037165e+01 2.277728e-01 2.037165e+01
480053 2.037165e+01 2.273921e-01 2.037165e+01
510308 2.037165e+01 2.267242e-01 2.037165e+01
540205 2.037165e+01 2.263670e-01 2.037165e+01
570181 2.037165e+01 2.263158e-01 2.037165e+01
600229 2.036383e+01 2.261471e-01 2.036383e+01
630338 2.036089e+01 2.263277e-01 2.036089e+01
660070 2.036089e+01 2.261361e-01 2.036089e+01
690267 2.035601e+01 2.258845e-01 2.035601e+01
720078 2.034612e+01 2.254083e-01 2.034612e+01
750319 2.034612e+01 2.252310e-01 2.034612e+01
780164 2.033865e+01 2.251733e-01 2.033865e+01
810011 2.030659e+01 2.250034e-01 2.030659e+01
840242 2.029034e+01 2.246953e-01 2.029034e+01
870061 2.028417e+01 2.248636e-01 2.028417e+01
900228 2.028417e+01 2.249121e-01 2.028417e+01
930348 2.027004e+01 2.248926e-01 2.027004e+01
960043 2.026742e+01 2.247709e-01 2.026742e+01
990039 2.024840e+01 2.246028e-01 2.024840e+01
1020315 2.024840e+01 2.241613e-01 2.024840e+01
1050142 2.023750e+01 2.238174e-01 2.023750e+01
1080214 2.023322e+01 2.236378e-01 2.023322e+01
1110174 2.023322e+01 2.231499e-01 2.023322e+01
1140006 2.019259e+01 2.227220e-01 2.019259e+01
1170034 2.019259e+01 2.223949e-01 2.019259e+01
1200236 2.019259e+01 2.220120e-01 2.019259e+01
1230264 2.017410e+01 2.221521e-01 2.017410e+01
1260113 2.017410e+01 2.216640e-01 2.017410e+01
1290088 2.016927e+01 2.216586e-01 2.016927e+01
1320157 2.014002e+01 2.215078e-01 2.014002e+01
1350004 2.014002e+01 2.212652e-01 2.014002e+01
1380211 2.014002e+01 2.212970e-01 2.014002e+01
1410156 2.014002e+01 2.211933e-01 2.014002e+01
1440123 2.009029e+01 2.210178e-01 2.009029e+01
1470086 2.008996e+01 2.207429e-01 2.008996e+01
1500026 2.007977e+01 2.204555e-01 2.007977e+01
1530191 2.007963e+01 2.203580e-01 2.007963e+01
1560018 2.007481e+01 2.201281e-01 2.007481e+01
1590016 2.007481e+01 2.200620e-01 2.007481e+01
1620155 2.006672e+01 2.200385e-01 2.006672e+01
1650145 2.006672e+01 2.201468e-01 2.006672e+01
1680215 2.006672e+01 2.202078e-01 2.006672e+01
1710098 2.006672e+01 2.198674e-01 2.006672e+01
1740228 2.006247e+01 2.201283e-01 2.006247e+01
1770116 2.006247e+01 2.203961e-01 2.006247e+01
1800182 2.005669e+01 2.199961e-01 2.005669e+01
1830163 2.005610e+01 2.203488e-01 2.005610e+01
1860033 2.004210e+01 2.202897e-01 2.004210e+01
1890166 2.004210e+01 2.205938e-01 2.004210e+01
1920107 2.003525e+01 2.208412e-01 2.003525e+01
1950027 2.003407e+01 2.204473e-01 2.003407e+01
1980063 2.003407e+01 2.202330e-01 2.003407e+01
2010163 2.003319e+01 2.206901e-01 2.003319e+01
2040100 2.002390e+01 2.209707e-01 2.002390e+01
2070168 2.002390e+01 2.204998e-01 2.002390e+01
2100142 2.002390e+01 2.210349e-01 2.002390e+01
2130133 2.002390e+01 2.209335e-01 2.002390e+01
2160068 2.001903e+01 2.206590e-01 2.001903e+01
2190045 2.001893e+01 2.206183e-01 2.001893e+01
2220234 2.001739e+01 2.212826e-01 2.001739e+01
2250222 2.001717e+01 2.213633e-01 2.001717e+01
2280210 2.001717e+01 2.211362e-01 2.001717e+01
2310198 2.001708e+01 2.210767e-01 2.001708e+01
2340186 2.001708e+01 2.209950e-01 2.001708e+01
2370174 2.001708e+01 2.209769e-01 2.001708e+01
2400162 2.001708e+01 2.208757e-01 2.001708e+01
2430150 2.001583e+01 2.208512e-01 2.001583e+01
2460138 2.001473e+01 2.208674e-01 2.001473e+01
2490126 2.001473e+01 2.208156e-01 2.001473e+01
2520343 2.001473e+01 2.206240e-01 2.001473e+01
2550172 2.001473e+01 2.205321e-01 2.001473e+01
2580229 2.001473e+01 2.204249e-01 2.001473e+01
2610500 2.001473e+01 2.204693e-01 2.001473e+01
2640459 2.001473e+01 2.204189e-01 2.001473e+01
2670111 2.001473e+01 2.200068e-01 2.001473e+01
2700462 2.001473e+01 2.201416e-01 2.001473e+01
2730490 2.001473e+01 2.199657e-01 2.001473e+01
2760198 2.001473e+01 2.202492e-01 2.001473e+01
2790074 2.001473e+01 2.202522e-01 2.001473e+01
2820110 2.001473e+01 2.202174e-01 2.001473e+01
2850292 2.001473e+01 2.202317e-01 2.001473e+01
2880135 2.001473e+01 2.199303e-01 2.001473e+01
2910109 2.001473e+01 2.199785e-01 2.001473e+01
2940203 2.001473e+01 2.198326e-01 2.001473e+01
2970405 2.001473e+01 2.198692e-01 2.001473e+01
3000001 2.001473e+01 2.199975e-01 2.001473e+01
0 2.127968e+01
30092 2.098052e+01 2.305552e-01 2.098052e+01
60413 2.098052e+01 2.310876e-01 2.098052e+01
90427 2.098052e+01 2.280999e-01 2.098052e+01
120138 2.081100e+01 2.269735e-01 2.081100e+01
150060 2.062716e+01 2.275442e-01 2.062716e+01
180182 2.062716e+01 2.269662e-01 2.062716e+01
210491 2.053900e+01 2.274793e-01 2.053900e+01
240475 2.053900e+01 2.270307e-01 2.053900e+01
270141 2.052328e+01 2.275380e-01 2.052328e+01
300463 2.052328e+01 2.274992e-01 2.052328e+01
330450 2.040982e+01 2.272995e-01 2.040982e+01
360109 2.040111e+01 2.275134e-01 2.040111e+01
390381 2.038313e+01 2.270006e-01 2.038313e+01
420306 2.038313e+01 2.269489e-01 2.038313e+01
450354 2.038313e+01 2.264148e-01 2.038313e+01
480053 2.038313e+01 2.265181e-01 2.038313e+01
510308 2.038313e+01 2.265281e-01 2.038313e+01
540205 2.034283e+01 2.264863e-01 2.034283e+01
570181 2.034274e+01 2.262991e-01 2.034274e+01
600229 2.034274e+01 2.263481e-01 2.034274e+01
630338 2.032503e+01 2.259779e-01 2.032503e+01
660070 2.032503e+01 2.255522e-01 2.032503e+01
690267 2.030979e+01 2.249668e-01 2.030979e+01
720078 2.030979e+01 2.248620e-01 2.030979e+01
750319 2.030979e+01 2.253490e-01 2.030979e+01
780164 2.030979e+01 2.251067e-01 2.030979e+01
810011 2.030460e+01 2.249792e-01 2.030460e+01
840242 2.030460e+01 2.246868e-01 2.030460e+01
870061 2.028534e+01 2.246402e-01 2.028534e+01
900228 2.026596e+01 2.245198e-01 2.026596e+01
930348 2.021796e+01 2.245408e-01 2.021796e+01
960043 2.021015e+01 2.245253e-01 2.021015e+01
990039 2.021015e+01 2.242872e-01 2.021015e+01
1020315 2.020965e+01 2.238404e-01 2.020965e+01
1050142 2.020965e+01 2.237182e-01 2.020965e+01
1080214 2.019192e+01 2.237824e-01 2.019192e+01
1110174 2.017301e+01 2.235862e-01 2.017301e+01
1140006 2.017301e+01 2.238182e-01 2.017301e+01
1170034 2.016239e+01 2.237849e-01 2.016239e+01
1200236 2.016239e+01 2.233211e-01 2.016239e+01
1230264 2.016239e+01 2.229540e-01 2.016239e+01
1260113 2.015474e+01 2.231242e-01 2.015474e+01
1290088 2.015474e+01 2.227778e-01 2.015474e+01
1320157 2.012105e+01 2.223109e-01 2.012105e+01
1350004 2.011942e+01 2.220328e-01 2.011942e+01
1380211 2.011942e+01 2.215001e-01 2.011942e+01
1410156 2.011942e+01 2.216341e-01 2.011942e+01
1440123 2.010682e+01 2.215702e-01 2.010682e+01
1470086 2.010600e+01 2.213538e-01 2.010600e+01
1500026 2.010080e+01 2.210508e-01 2.010080e+01
1530191 2.009968e+01 2.211373e-01 2.009968e+01
1560018 2.009018e+01 2.208238e-01 2.009812e+01
1590016 2.009018e+01 2.208891e-01 2.009018e+01
1620155 2.008996e+01 2.206332e-01 2.008996e+01
1650145 2.008299e+01 2.207455e-01 2.008299e+01
1680215 2.007537e+01 2.206053e-01 2.007537e+01
1710098 2.007247e+01 2.202236e-01 2.007247e+01
1740228 2.006039e+01 2.203384e-01 2.006039e+01
1770116 2.004006e+01 2.199179e-01 2.004006e+01
1800182 2.004006e+01 2.198867e-01 2.004006e+01
1830163 2.003791e+01 2.191744e-01 2.003791e+01
1860033 2.002603e+01 2.191352e-01 2.002603e+01
1890166 2.002378e+01 2.187722e-01 2.002378e+01
1920107 2.002317e+01 2.185905e-01 2.002317e+01
1950027 2.002317e+01 2.184742e-01 2.002317e+01
1980063 2.002317e+01 2.178837e-01 2.002317e+01
2010163 2.002268e+01 2.177905e-01 2.002268e+01
2040308 2.002056e+01 2.170701e-01 2.002056e+01
2070044 2.002056e+01 2.174001e-01 2.002056e+01
2100134 2.002051e+01 2.171900e-01 2.002051e+01
2130224 2.002051e+01 2.171676e-01 2.002051e+01
2160314 2.002051e+01 2.172404e-01 2.002051e+01
2190050 2.002051e+01 2.173140e-01 2.002051e+01
2220140 2.001915e+01 2.172916e-01 2.001915e+01
2250230 2.001915e+01 2.172559e-01 2.001915e+01
2280320 2.001915e+01 2.172512e-01 2.001915e+01
2310056 2.001915e+01 2.172142e-01 2.001915e+01
2340146 2.001915e+01 2.171845e-01 2.001915e+01
2370236 2.001915e+01 2.171166e-01 2.001915e+01
2400184 2.001877e+01 2.174230e-01 2.001877e+01
2430118 2.001877e+01 2.174385e-01 2.001877e+01
2460283 2.001877e+01 2.174887e-01 2.001877e+01
2490140 2.001877e+01 2.174488e-01 2.001877e+01
2520211 2.001877e+01 2.173694e-01 2.001877e+01
2550484 2.001877e+01 2.174844e-01 2.001877e+01
2580439 2.001607e+01 2.174892e-01 2.001607e+01
2610079 2.001607e+01 2.174471e-01 2.001607e+01
2640396 2.001607e+01 2.174479e-01 2.001607e+01
2670384 2.001607e+01 2.175025e-01 2.001607e+01
2700049 2.001607e+01 2.177223e-01 2.001607e+01
2730348 2.001601e+01 2.177668e-01 2.001601e+01
2760308 2.001601e+01 2.178136e-01 2.001601e+01
2790400 2.001601e+01 2.177733e-01 2.001601e+01
2820148 2.001601e+01 2.179582e-01 2.001601e+01
2850016 2.001601e+01 2.180931e-01 2.001601e+01
2880533 2.001601e+01 2.178710e-01 2.001601e+01
2910077 2.001601e+01 2.177953e-01 2.001601e+01
2940389 2.001601e+01 2.178917e-01 2.001601e+01
2970395 2.001601e+01 2.178451e-01 2.001601e+01
3000001 2.001601e+01 2.178033e-01 2.001601e+01
0 2.132767e+01
30092 2.103223e+01 2.290876e-01 2.103223e+01
60413 2.097210e+01 2.296144e-01 2.098038e+01
90427 2.097210e+01 2.301448e-01 2.097210e+01
120138 2.097210e+01 2.291958e-01 2.097210e+01
150060 2.097210e+01 2.293658e-01 2.097210e+01
180182 2.080972e+01 2.298960e-01 2.080972e+01
210491 2.055381e+01 2.298187e-01 2.055381e+01
240475 2.055381e+01 2.292863e-01 2.055381e+01
270141 2.052313e+01 2.292262e-01 2.052313e+01
300463 2.052045e+01 2.292573e-01 2.052045e+01
330450 2.041245e+01 2.291180e-01 2.041245e+01
360109 2.041245e+01 2.289188e-01 2.041245e+01
390381 2.041245e+01 2.287927e-01 2.041245e+01
420306 2.041245e+01 2.284845e-01 2.041245e+01
450354 2.040548e+01 2.277073e-01 2.040548e+01
480053 2.040548e+01 2.279669e-01 2.040548e+01
510308 2.038937e+01 2.278544e-01 2.038937e+01
540205 2.036447e+01 2.278191e-01 2.036447e+01
570181 2.036447e+01 2.276737e-01 2.036447e+01
600229 2.036447e+01 2.278452e-01 2.036447e+01
630338 2.036447e+01 2.275567e-01 2.036447e+01
660070 2.035297e+01 2.274933e-01 2.035297e+01
690267 2.034603e+01 2.274492e-01 2.034603e+01
720078 2.032672e+01 2.275825e-01 2.032672e+01
750319 2.032672e+01 2.273517e-01 2.032672e+01
780164 2.026202e+01 2.273190e-01 2.026202e+01
810011 2.026046e+01 2.274000e-01 2.026046e+01
840242 2.026046e+01 2.272262e-01 2.026046e+01
870061 2.026046e+01 2.268849e-01 2.026046e+01
900228 2.026046e+01 2.270562e-01 2.026046e+01
930348 2.026046e+01 2.268828e-01 2.026046e+01
960043 2.022187e+01 2.265875e-01 2.022187e+01
990039 2.021855e+01 2.265250e-01 2.022187e+01
1020315 2.021855e+01 2.262203e-01 2.021855e+01
1050142 2.021855e+01 2.261407e-01 2.021855e+01
1080214 2.018540e+01 2.258555e-01 2.018540e+01
1110174 2.017982e+01 2.258622e-01 2.017982e+01
1140006 2.017982e+01 2.259241e-01 2.017982e+01
1170034 2.017111e+01 2.258652e-01 2.017111e+01
1200236 2.016870e+01 2.258680e-01 2.016870e+01
1230264 2.016870e+01 2.257641e-01 2.016870e+01
1260113 2.013651e+01 2.254865e-01 2.013651e+01
1290088 2.013651e+01 2.254603e-01 2.013651e+01
1320157 2.013651e+01 2.250879e-01 2.013651e+01
1350004 2.013651e+01 2.249705e-01 2.013651e+01
1380211 2.012710e+01 2.249469e-01 2.012710e+01
1410156 2.012710e+01 2.246327e-01 2.012710e+01
1440123 2.012710e+01 2.243791e-01 2.012710e+01
1470086 2.012710e+01 2.243095e-01 2.012710e+01
1500026 2.012332e+01 2.245295e-01 2.012332e+01
1530191 2.011500e+01 2.243519e-01 2.011500e+01
1560018 2.011500e+01 2.241116e-01 2.011500e+01
1590016 2.005837e+01 2.236986e-01 2.005837e+01
1620155 2.005837e+01 2.238380e-01 2.005837e+01
1650145 2.005837e+01 2.232801e-01 2.005837e+01
1680215 2.005837e+01 2.234049e-01 2.005837e+01
1710098 2.005608e+01 2.230018e-01 2.005608e+01
1740228 2.005606e+01 2.228627e-01 2.005606e+01
1770116 2.005364e+01 2.223266e-01 2.005364e+01
1800182 2.005296e+01 2.223172e-01 2.005296e+01
1830266 2.005296e+01 2.223347e-01 2.005296e+01
1860350 2.005296e+01 2.223577e-01 2.005296e+01
1890434 2.005296e+01 2.222956e-01 2.005296e+01
1920082 2.005296e+01 2.224744e-01 2.005296e+01
1950166 2.005296e+01 2.223085e-01 2.005296e+01
1980250 2.005296e+01 2.222514e-01 2.005296e+01
2010334 2.005296e+01 2.220753e-01 2.005296e+01
2040418 2.005296e+01 2.220115e-01 2.005296e+01
2070066 2.005296e+01 2.219441e-01 2.005296e+01
2100150 2.005296e+01 2.219539e-01 2.005296e+01
2130234 2.005296e+01 2.219941e-01 2.005296e+01
2160318 2.005296e+01 2.220583e-01 2.005296e+01
2190402 2.005296e+01 2.220411e-01 2.005296e+01
2220050 2.005296e+01 2.219960e-01 2.005296e+01
2250448 2.005296e+01 2.220161e-01 2.005296e+01
2280425 2.005296e+01 2.221048e-01 2.005296e+01
2310102 2.005296e+01 2.224268e-01 2.005296e+01
2340006 2.005296e+01 2.222859e-01 2.005296e+01
2370124 2.005224e+01 2.221037e-01 2.005224e+01
2400441 2.005224e+01 2.222497e-01 2.005224e+01
2430440 2.005224e+01 2.221649e-01 2.005224e+01
2460127 2.004902e+01 2.220693e-01 2.004902e+01
2490490 2.003734e+01 2.220744e-01 2.003734e+01
2520037 2.003734e+01 2.217813e-01 2.003734e+01
2550237 2.003734e+01 2.218125e-01 2.003734e+01
2580103 2.003734e+01 2.216531e-01 2.003734e+01
2610116 2.003734e+01 2.217523e-01 2.003734e+01
2640260 2.003734e+01 2.215953e-01 2.003734e+01
2670062 2.003734e+01 2.217266e-01 2.003734e+01
2700441 2.003541e+01 2.218112e-01 2.003541e+01
2730010 2.003541e+01 2.217023e-01 2.003541e+01
2760131 2.003541e+01 2.217178e-01 2.003541e+01
2790337 2.003541e+01 2.216124e-01 2.003541e+01
2820176 2.003541e+01 2.216776e-01 2.003541e+01
2850086 2.003541e+01 2.218645e-01 2.003541e+01
2880056 2.003476e+01 2.218280e-01 2.003476e+01
2910072 2.003476e+01 2.217311e-01 2.003476e+01
2940126 2.003476e+01 2.217756e-01 2.003476e+01
2970386 2.003225e+01 2.217947e-01 2.003225e+01
3000001 2.003225e+01 2.217962e-01 2.003225e+01
0 2.124557e+01
30092 2.100621e+01 2.321839e-01 2.100621e+01
60413 2.096488e+01 2.311927e-01 2.096488e+01
90427 2.096488e+01 2.303818e-01 2.096488e+01
120138 2.069644e+01 2.304535e-01 2.069644e+01
150060 2.069355e+01 2.297742e-01 2.069355e+01
180182 2.067583e+01 2.297814e-01 2.067583e+01
210491 2.055609e+01 2.293718e-01 2.055609e+01
240475 2.054025e+01 2.287531e-01 2.054025e+01
270141 2.049616e+01 2.281780e-01 2.049616e+01
300463 2.044980e+01 2.286822e-01 2.044980e+01
330450 2.040967e+01 2.286621e-01 2.040967e+01
360109 2.040967e+01 2.284621e-01 2.040967e+01
390381 2.039508e+01 2.289453e-01 2.039508e+01
420306 2.038458e+01 2.288240e-01 2.038458e+01
450354 2.037928e+01 2.285468e-01 2.037928e+01
480053 2.037305e+01 2.285200e-01 2.037305e+01
510308 2.037031e+01 2.292240e-01 2.037031e+01
540205 2.037031e+01 2.295561e-01 2.037031e+01
570181 2.036402e+01 2.295107e-01 2.036402e+01
600229 2.034371e+01 2.292998e-01 2.034371e+01
630338 2.034371e+01 2.289294e-01 2.034371e+01
660070 2.034371e+01 2.287202e-01 2.034371e+01
690267 2.033435e+01 2.283524e-01 2.033435e+01
720078 2.031058e+01 2.281153e-01 2.031058e+01
750319 2.031058e+01 2.277888e-01 2.031058e+01
780164 2.031058e+01 2.278539e-01 2.031058e+01
810011 2.028779e+01 2.278920e-01 2.028779e+01
840242 2.026983e+01 2.280582e-01 2.026983e+01
870061 2.026983e+01 2.277022e-01 2.026983e+01
900228 2.026755e+01 2.271111e-01 2.026755e+01
930348 2.026755e+01 2.270170e-01 2.026755e+01
960043 2.024495e+01 2.266003e-01 2.024495e+01
990039 2.024488e+01 2.260437e-01 2.024495e+01
1020315 2.024019e+01 2.263215e-01 2.024019e+01
1050142 2.024019e+01 2.259714e-01 2.024019e+01
1080214 2.020392e+01 2.260623e-01 2.020392e+01
1110174 2.020361e+01 2.260681e-01 2.020361e+01
1140006 2.019975e+01 2.258774e-01 2.019975e+01
1170034 2.019066e+01 2.258332e-01 2.019066e+01
1200236 2.019066e+01 2.257170e-01 2.019066e+01
1230264 2.019066e+01 2.254564e-01 2.019066e+01
1260113 2.017266e+01 2.255091e-01 2.017266e+01
1290088 2.017266e+01 2.255355e-01 2.017266e+01
1320157 2.016767e+01 2.251875e-01 2.016767e+01
1350004 2.016440e+01 2.249930e-01 2.016440e+01
1380211 2.014762e+01 2.249304e-01 2.014762e+01
1410156 2.014762e+01 2.251699e-01 2.014762e+01
1440123 2.014415e+01 2.253909e-01 2.014415e+01
1470086 2.014019e+01 2.252680e-01 2.014019e+01
1500026 2.010681e+01 2.249565e-01 2.010681e+01
1530191 2.010680e+01 2.249107e-01 2.010680e+01
1560018 2.010680e+01 2.247705e-01 2.010680e+01
1590016 2.010470e+01 2.247468e-01 2.010470e+01
1620155 2.010470e+01 2.247886e-01 2.010470e+01
1650145 2.007910e+01 2.245330e-01 2.009598e+01
1680215 2.007589e+01 2.245642e-01 2.007589e+01
1710098 2.007562e+01 2.247927e-01 2.007562e+01
1740228 2.007362e+01 2.248094e-01 2.007562e+01
1770116 2.007362e+01 2.246404e-01 2.007362e+01
1800182 2.005588e+01 2.244504e-01 2.005588e+01
1830163 2.005088e+01 2.243618e-01 2.005088e+01
1860033 2.004913e+01 2.242637e-01 2.004913e+01
1890166 2.003755e+01 2.236831e-01 2.003755e+01
1920107 2.003755e+01 2.239513e-01 2.003755e+01
1950027 2.003751e+01 2.235978e-01 2.003751e+01
1980063 2.003751e+01 2.229257e-01 2.003751e+01
2010163 2.003700e+01 2.225331e-01 2.003700e+01
2040100 2.003700e+01 2.227477e-01 2.003700e+01
2070236 2.003700e+01 2.220725e-01 2.003700e+01
2100164 2.003700e+01 2.218217e-01 2.003700e+01
2130092 2.003700e+01 2.221043e-01 2.003700e+01
2160020 2.003700e+01 2.222631e-01 2.003700e+01
2190296 2.003700e+01 2.222827e-01 2.003700e+01
2220224 2.003700e+01 2.222458e-01 2.003700e+01
2250152 2.003476e+01 2.221866e-01 2.003476e+01
2280080 2.003476e+01 2.220925e-01 2.003476e+01
2310008 2.003476e+01 2.221568e-01 2.003476e+01
2340284 2.003406e+01 2.222099e-01 2.003406e+01
2370212 2.003406e+01 2.222221e-01 2.003406e+01
2400140 2.003389e+01 2.223805e-01 2.003391e+01
2430226 2.003389e+01 2.219767e-01 2.003389e+01
2460011 2.003374e+01 2.219745e-01 2.003374e+01
2490024 2.003374e+01 2.219446e-01 2.003374e+01
2520253 2.003374e+01 2.218880e-01 2.003374e+01
2550167 2.003374e+01 2.220305e-01 2.003374e+01
2580284 2.003374e+01 2.220717e-01 2.003374e+01
2610085 2.003374e+01 2.220463e-01 2.003374e+01
2640068 2.003374e+01 2.219992e-01 2.003374e+01
2670224 2.003366e+01 2.219772e-01 2.003366e+01
2700053 2.003366e+01 2.218589e-01 2.003366e+01
2730039 2.003366e+01 2.218769e-01 2.003366e+01
2760172 2.003366e+01 2.216655e-01 2.003366e+01
2790436 2.003366e+01 2.215631e-01 2.003366e+01
2820356 2.002837e+01 2.215227e-01 2.002837e+01
2850396 2.002837e+01 2.214505e-01 2.002837e+01
2880088 2.002837e+01 2.215988e-01 2.002837e+01
2910336 2.002837e+01 2.214700e-01 2.002837e+01
2940224 2.002837e+01 2.211714e-01 2.002837e+01
2970193 2.002837e+01 2.210126e-01 2.002837e+01
3000001 2.002837e+01 2.210931e-01 2.002837e+01
0 2.119234e+01
30092 2.094701e+01 2.273337e-01 2.094701e+01
60413 2.094701e+01 2.273800e-01 2.094701e+01
90427 2.092819e+01 2.270899e-01 2.092819e+01
120138 2.077455e+01 2.269416e-01 2.077455e+01
150060 2.070593e+01 2.274109e-01 2.070593e+01
180182 2.058244e+01 2.283214e-01 2.058244e+01
210491 2.058244e+01 2.287422e-01 2.058244e+01
240475 2.052237e+01 2.285342e-01 2.052237e+01
270141 2.052237e+01 2.284204e-01 2.052237e+01
300463 2.051187e+01 2.283744e-01 2.051187e+01
330450 2.051187e+01 2.285195e-01 2.051187e+01
360109 2.047360e+01 2.285373e-01 2.047360e+01
390381 2.047360e+01 2.279604e-01 2.047360e+01
420306 2.045904e+01 2.279681e-01 2.045904e+01
450354 2.039233e+01 2.280570e-01 2.039233e+01
480053 2.039078e+01 2.277512e-01 2.039078e+01
510308 2.033544e+01 2.276962e-01 2.033544e+01
540205 2.033544e+01 2.275711e-01 2.033544e+01
570181 2.033544e+01 2.277875e-01 2.033544e+01
600229 2.033149e+01 2.276726e-01 2.033149e+01
630338 2.028569e+01 2.273219e-01 2.028569e+01
660070 2.028569e+01 2.271460e-01 2.028569e+01
690267 2.028226e+01 2.270365e-01 2.028226e+01
720078 2.028226e+01 2.269422e-01 2.028226e+01
750319 2.026322e+01 2.267237e-01 2.026322e+01
780164 2.026322e+01 2.263497e-01 2.026322e+01
810011 2.026322e+01 2.267107e-01 2.026322e+01
840242 2.021151e+01 2.263266e-01 2.021151e+01
870061 2.021151e+01 2.264314e-01 2.021151e+01
900228 2.021151e+01 2.260298e-01 2.021151e+01
930348 2.021151e+01 2.257561e-01 2.021151e+01
960043 2.021151e+01 2.251844e-01 2.021151e+01
990039 2.021095e+01 2.249761e-01 2.021095e+01
1020315 2.020669e+01 2.245481e-01 2.020669e+01
1050142 2.020669e+01 2.242581e-01 2.020669e+01
1080214 2.020669e+01 2.239127e-01 2.020669e+01
1110174 2.018260e+01 2.240006e-01 2.018260e+01
1140006 2.016654e+01 2.239221e-01 2.016654e+01
1170034 2.016248e+01 2.234906e-01 2.016248e+01
1200236 2.016242e+01 2.229613e-01 2.016242e+01
1230264 2.015872e+01 2.230725e-01 2.015872e+01
1260113 2.015872e+01 2.230692e-01 2.015872e+01
1290088 2.014315e+01 2.230107e-01 2.014315e+01
1320157 2.014298e+01 2.231647e-01 2.014298e+01
1350004 2.013231e+01 2.234757e-01 2.013231e+01
1380211 2.010141e+01 2.231415e-01 2.010141e+01
1410156 2.010141e+01 2.227388e-01 2.010141e+01
1440123 2.008530e+01 2.227791e-01 2.008530e+01
1470086 2.008490e+01 2.222616e-01 2.008490e+01
1500026 2.008490e+01 2.222375e-01 2.008490e+01
1530191 2.008490e+01 2.220461e-01 2.008490e+01
1560018 2.008490e+01 2.218139e-01 2.008490e+01
1590016 2.008490e+01 2.216710e-01 2.008490e+01
1620155 2.008468e+01 2.213060e-01 2.008468e+01
1650145 2.008430e+01 2.212772e-01 2.008430e+01
1680215 2.007101e+01 2.208415e-01 2.007101e+01
1710004 2.007069e+01 2.208082e-01 2.007069e+01
1740468 2.007027e+01 2.208686e-01 2.007027e+01
1770456 2.007027e+01 2.207406e-01 2.007027e+01
1800444 2.007027e+01 2.206535e-01 2.007027e+01
1830432 2.007027e+01 2.206033e-01 2.007027e+01
1860420 2.007027e+01 2.206522e-01 2.007027e+01
1890408 2.006977e+01 2.207923e-01 2.006977e+01
1920396 2.006977e+01 2.206489e-01 2.006977e+01
1950384 2.006977e+01 2.205417e-01 2.006977e+01
1980372 2.006977e+01 2.204355e-01 2.006977e+01
2010360 2.006977e+01 2.203535e-01 2.006977e+01
2040348 2.006911e+01 2.203171e-01 2.006911e+01
2070263 2.006911e+01 2.202336e-01 2.006911e+01
2100326 2.006911e+01 2.201892e-01 2.006911e+01
2130049 2.006911e+01 2.201187e-01 2.006911e+01
2160346 2.006702e+01 2.200675e-01 2.006702e+01
2190469 2.006702e+01 2.198932e-01 2.006702e+01
2220311 2.006702e+01 2.198930e-01 2.006702e+01
2250381 2.006702e+01 2.196312e-01 2.006702e+01
2280147 2.006702e+01 2.194060e-01 2.006702e+01
2310124 2.006702e+01 2.191537e-01 2.006702e+01
2340300 2.005075e+01 2.190584e-01 2.005075e+01
2370160 2.005075e+01 2.190914e-01 2.005075e+01
2400205 2.005075e+01 2.189573e-01 2.005075e+01
2430424 2.005075e+01 2.190893e-01 2.005075e+01
2460314 2.005075e+01 2.191604e-01 2.005075e+01
2490362 2.005075e+01 2.190324e-01 2.005075e+01
2520081 2.004947e+01 2.187548e-01 2.004947e+01
2550413 2.004947e+01 2.188981e-01 2.004947e+01
2580402 2.004947e+01 2.189762e-01 2.004947e+01
2610051 2.004947e+01 2.188187e-01 2.004947e+01
2640270 2.004604e+01 2.188120e-01 2.004604e+01
2670136 2.004604e+01 2.187302e-01 2.004604e+01
2700097 2.004581e+01 2.187363e-01 2.004581e+01
2730139 2.004581e+01 2.186294e-01 2.004581e+01
2760253 2.004581e+01 2.186779e-01 2.004581e+01
2790426 2.004312e+01 2.184842e-01 2.004312e+01
2820153 2.004312e+01 2.187954e-01 2.004312e+01
2850060 2.004312e+01 2.185810e-01 2.004312e+01
2880194 2.004312e+01 2.183694e-01 2.004312e+01
2910024 2.004312e+01 2.183347e-01 2.004312e+01
2940067 2.004223e+01 2.183222e-01 2.004223e+01
2970309 2.004184e+01 2.183206e-01 2.004184e+01
3000001 2.003722e+01 2.184746e-01 2.003722e+01
0 2.111635e+01
30092 2.104098e+01 2.299524e-01 2.104098e+01
60413 2.101499e+01 2.308632e-01 2.101499e+01
90427 2.091438e+01 2.311163e-01 2.093311e+01
120138 2.068649e+01 2.309628e-01 2.070121e+01
150060 2.059972e+01 2.304753e-01 2.059972e+01
180182 2.059972e+01 2.306636e-01 2.059972e+01
210491 2.046736e+01 2.308446e-01 2.046736e+01
240475 2.046657e+01 2.308735e-01 2.046657e+01
270141 2.046657e+01 2.306081e-01 2.046657e+01
300463 2.044160e+01 2.302467e-01 2.044160e+01
330450 2.039810e+01 2.305261e-01 2.039810e+01
360109 2.039808e+01 2.301999e-01 2.039808e+01
390381 2.039808e+01 2.297948e-01 2.039808e+01
420306 2.039808e+01 2.293983e-01 2.039808e+01
450354 2.039614e+01 2.293834e-01 2.039614e+01
480053 2.039614e+01 2.295686e-01 2.039614e+01
510308 2.039614e+01 2.294422e-01 2.039614e+01
540205 2.039614e+01 2.296530e-01 2.039614e+01
570181 2.037117e+01 2.293812e-01 2.037117e+01
600229 2.036566e+01 2.292756e-01 2.036566e+01
630338 2.036102e+01 2.290111e-01 2.036102e+01
660070 2.036102e+01 2.290695e-01 2.036102e+01
690267 2.032784e+01 2.293031e-01 2.032784e+01
720078 2.032784e+01 2.291477e-01 2.032784e+01
750319 2.028243e+01 2.289377e-01 2.028243e+01
780164 2.028243e+01 2.286948e-01 2.028243e+01
810011 2.028243e+01 2.284810e-01 2.028243e+01
840242 2.028243e+01 2.283171e-01 2.028243e+01
870061 2.028243e+01 2.275754e-01 2.028243e+01
900228 2.027914e+01 2.272121e-01 2.027914e+01
930348 2.025729e+01 2.272090e-01 2.025729e+01
960043 2.025729e+01 2.272606e-01 2.025729e+01
990039 2.022646e+01 2.272712e-01 2.022646e+01
1020315 2.022535e+01 2.270924e-01 2.022535e+01
1050142 2.019973e+01 2.270635e-01 2.019973e+01
1080214 2.019973e+01 2.269358e-01 2.019973e+01
1110174 2.019973e+01 2.266916e-01 2.019973e+01
1140006 2.019852e+01 2.264074e-01 2.019852e+01
1170034 2.019749e+01 2.260017e-01 2.019749e+01
1200236 2.019749e+01 2.255944e-01 2.019749e+01
1230264 2.016961e+01 2.256380e-01 2.016961e+01
1260113 2.016961e+01 2.254976e-01 2.016961e+01
1290088 2.016958e+01 2.252315e-01 2.016958e+01
1320157 2.015643e+01 2.254602e-01 2.015643e+01
1350004 2.015643e+01 2.255465e-01 2.015643e+01
1380211 2.015643e+01 2.248421e-01 2.015643e+01
1410156 2.015603e+01 2.243953e-01 2.015603e+01
1440123 2.013704e+01 2.243955e-01 2.013704e+01
1470086 2.013020e+01 2.243031e-01 2.013020e+01
1500026 2.010740e+01 2.242168e-01 2.010740e+01
1530191 2.010740e+01 2.243607e-01 2.010740e+01
1560018 2.010598e+01 2.242616e-01 2.010598e+01
1590016 2.010028e+01 2.245906e-01 2.010028e+01
1620155 2.009570e+01 2.246871e-01 2.009570e+01
1650145 2.009570e+01 2.244127e-01 2.009570e+01
1680215 2.008435e+01 2.245698e-01 2.008435e+01
1710098 2.008435e+01 2.243122e-01 2.008435e+01
1740228 2.008136e+01 2.242375e-01 2.008136e+01
1770116 2.007894e+01 2.238678e-01 2.007894e+01
1800182 2.007699e+01 2.233681e-01 2.007699e+01
1830163 2.006416e+01 2.235774e-01 2.006416e+01
1860033 2.006334e+01 2.239056e-01 2.006334e+01
1890166 2.006334e+01 2.239001e-01 2.006334e+01
1920107 2.005669e+01 2.243598e-01 2.005669e+01
1950027 2.005669e+01 2.244643e-01 2.005669e+01
1980063 2.004029e+01 2.246180e-01 2.004029e+01
2010163 2.004029e+01 2.245309e-01 2.004029e+01
2040100 2.003958e+01 2.244118e-01 2.003958e+01
2070168 2.003497e+01 2.250549e-01 2.003497e+01
2100142 2.003497e+01 2.247733e-01 2.003497e+01
2130133 2.003497e+01 2.238974e-01 2.003497e+01
2160221 2.003497e+01 2.235688e-01 2.003497e+01
2190051 2.003497e+01 2.236232e-01 2.003497e+01
2220195 2.003497e+01 2.234590e-01 2.003497e+01
2250025 2.003269e+01 2.232810e-01 2.003269e+01
2280169 2.003269e+01 2.232214e-01 2.003269e+01
2310313 2.003269e+01 2.231824e-01 2.003269e+01
2340143 2.003269e+01 2.231140e-01 2.003269e+01
2370287 2.003269e+01 2.231136e-01 2.003269e+01
2400117 2.003269e+01 2.230623e-01 2.003269e+01
2430261 2.003254e+01 2.230692e-01 2.003254e+01
